4080189872 3.907377e-07 0.3 0.7 
2023909660 3.227106e-07 0.3 0.7 
281589673 3.227106e-07 0.3 0.7 
3160176677 1.025999e-06 0.2987851638496837 0.7012148361503163 
1268960050 3.227106e-07 0.3 0.7 
2798701042 3.227106e-07 0.3 0.7 
1023377729 3.227106e-07 0.3 0.7 
3680235706 3.227106e-07 0.3 0.7 
2598678774 3.596329e-07 0.3 0.7 
2265530791 3.596329e-07 0.3 0.7 
1119993136 3.227106e-07 0.3 0.7 
3266729976 3.227106e-07 0.3 0.7 
3005854249 3.227106e-07 0.3 0.7 
1909946179 3.596329e-07 0.3 0.7 
276262414 3.227106e-07 0.3 0.7 
3471981902 3.227106e-07 0.3 0.7 
3865200818 6.816539e-07 0.29527942347282105 0.7047205765271789 
1876278061 3.227106e-07 0.3 0.7 
455065046 3.227106e-07 0.3 0.7 
858471941 3.227106e-07 0.3 0.7 
4143790437 3.227106e-07 0.3 0.7 
3823986536 3.227106e-07 0.3 0.7 
870896792 3.227106e-07 0.3 0.7 
4126262021 3.69223e-08 0.3 0.7 
3020817656 3.69223e-08 0.3 0.7 
3704423751 3.69223e-08 0.3 0.7 
1206764858 3.69223e-08 0.3 0.7 
4252347608 3.69223e-08 0.3 0.7 
3747246174 3.69223e-08 0.3 0.7 
3424908067 3.69223e-08 0.3 0.7 
3749853089 3.69223e-08 0.3 0.7 
2349140130 3.69223e-08 0.3 0.7 
2393342300 3.69223e-08 0.3 0.7 
3889879026 3.69223e-08 0.3 0.7 
925199572 3.69223e-08 0.3 0.7 
582973675 3.69223e-08 0.3 0.7 
1731090175 3.69223e-08 0.3 0.7 
1661091397 3.69223e-08 0.3 0.7 
3938221642 3.69223e-08 0.3 0.7 
3126241903 3.69223e-08 0.3 0.7 
1735432893 3.69223e-08 0.3 0.7 
2455496064 3.69223e-08 0.3 0.7 
632754209 3.69223e-08 0.3 0.7 
3841896594 3.69223e-08 0.3 0.7 
3919821980 3.69223e-08 0.3 0.7 
1134175585 3.69223e-08 0.3 0.7 
1631081845 3.69223e-08 0.3 0.7 
486050091 3.69223e-08 0.3 0.7 
1738899943 3.69223e-08 0.3 0.7 
387772665 3.69223e-08 0.3 0.7 
858320168 3.69223e-08 0.3 0.7 
3061883439 3.69223e-08 0.3 0.7 
1584276479 3.69223e-08 0.3 0.7 
3908154577 3.69223e-08 0.3 0.7 
3421887303 3.69223e-08 0.3 0.7 
3257166052 4.082961e-08 0.29999994121912993 0.7000000587808701 
1494141940 3.69223e-08 0.3 0.7 
3621383820 3.69223e-08 0.3 0.7 
2178051842 4.082961e-08 0.29999994121912993 0.7000000587808701 
3116505811 3.69223e-08 0.3 0.7 
1379399837 3.69223e-08 0.3 0.7 
870323177 3.69223e-08 0.3 0.7 
4231632140 3.69223e-08 0.3 0.7 
2859795595 3.69223e-08 0.3 0.7 
4263717482 3.69223e-08 0.3 0.7 
3150420704 3.69223e-08 0.3 0.7 
3616865126 3.69223e-08 0.3 0.7 
287801793 3.69223e-08 0.3 0.7 
3326748277 3.69223e-08 0.3 0.7 
2779686750 3.69223e-08 0.3 0.7 
3232700421 3.69223e-08 0.3 0.7 
2835620284 3.69223e-08 0.3 0.7 
1425083048 3.69223e-08 0.3 0.7 
1493201942 3.69223e-08 0.3 0.7 
257754683 3.69223e-08 0.3 0.7 
2737363250 3.69223e-08 0.3 0.7 
3707189490 3.69223e-08 0.3 0.7 
245436729 6.720986e-09 0.6977979657028476 0.3022020342971524 
636961411 3.69223e-08 0.3 0.7 
1123501568 3.69223e-08 0.3 0.7 
2308721517 3.69223e-08 0.3 0.7 
3121047530 3.69223e-08 0.3 0.7 
3114612365 3.69223e-08 0.3 0.7 
905418128 3.69223e-08 0.3 0.7 
40245973 6.391614e-08 0.29998129472367624 0.7000187052763238 
2409063466 3.69223e-08 0.3 0.7 
2932274237 3.69223e-08 0.3 0.7 
1321648343 3.69223e-08 0.3 0.7 
314650893 3.69223e-08 0.3 0.7 
941534069 3.69223e-08 0.3 0.7 
3071234124 3.69223e-08 0.3 0.7 
6723929 3.69223e-08 0.3 0.7 
3498415124 3.69223e-08 0.3 0.7 
561528368 3.69223e-08 0.3 0.7 
953296898 3.69223e-08 0.3 0.7 
2718413753 3.69223e-08 0.3 0.7 
211811971 3.69223e-08 0.3 0.7 
717226258 3.69223e-08 0.3 0.7 
384163328 3.69223e-08 0.3 0.7 
1481166135 3.69223e-08 0.3 0.7 
2937387076 3.69223e-08 0.3 0.7 
770580294 3.69223e-08 0.3 0.7 
1444500749 3.69223e-08 0.3 0.7 
1502094437 3.69223e-08 0.3 0.7 
2693713428 3.69223e-08 0.3 0.7 
242414939 3.69223e-08 0.3 0.7 
197654791 3.69223e-08 0.3 0.7 
3241671100 3.69223e-08 0.3 0.7 
2451350669 3.69223e-08 0.3 0.7 
1790255658 3.69223e-08 0.3 0.7 
949068759 3.69223e-08 0.3 0.7 
2870037616 3.69223e-08 0.3 0.7 
3555679070 3.69223e-08 0.3 0.7 
1593891639 1.41347e-07 0.3 0.7 
2408568032 3.69223e-08 0.3 0.7 
405521437 3.69223e-08 0.3 0.7 
1037584679 3.69223e-08 0.3 0.7 
3357643131 7.384461e-08 0.29999995937415064 0.7000000406258493 
4122240121 3.69223e-08 0.3 0.7 
873214132 3.69223e-08 0.3 0.7 
2487301543 3.69223e-08 0.3 0.7 
2205180068 3.69223e-08 0.3 0.7 
1434498202 3.69223e-08 0.3 0.7 
3497999925 3.69223e-08 0.3 0.7 
869234806 3.69223e-08 0.3 0.7 
2263814062 3.69223e-08 0.3 0.7 
3687573659 3.907302e-09 0.3 0.7 
3396227953 3.907302e-09 0.3 0.7 
551137729 3.72909e-09 0.26016909103974467 0.7398309089602553 
1218250404 3.72909e-09 0.26016909103974467 0.7398309089602553 
1211996162 3.72909e-09 0.26016909103974467 0.7398309089602553 
1078741991 3.72909e-09 0.26016909103974467 0.7398309089602553 
438292632 3.72909e-09 0.26016909103974467 0.7398309089602553 
3147695692 3.72909e-09 0.26016909103974467 0.7398309089602553 
3179285865 3.72909e-09 0.26016909103974467 0.7398309089602553 
2173231515 3.72909e-09 0.26016909103974467 0.7398309089602553 
740082705 3.963498e-09 0.29999999999999666 0.7000000000000033 
2795063678 4.114125e-09 0.2999995624813127 0.7000004375186872 
3642829293 5.817471e-09 0.2999999999999991 0.7000000000000008 
474866315 6.342234e-09 0.2999999999999996 0.7000000000000004 
1128056158 4.125077e-09 0.2711938242865215 0.7288061757134785 
937177227 4.125077e-09 0.2711938242865215 0.7288061757134785 
611212867 4.596895e-09 1.0 0.0 
