179097684 9.030329e-07 0.4077526609564426 
3534547045 3.7741490000000003e-06 0.39418213223311666 
1222799196 2.32455244e-06 0.36332124020201867 
4259593397 3.775073e-07 0.25976811573311787 
2487301543 2.791e-08 0.4 
739080713 2.791e-08 0.2 
326805806 1.399999e-08 0.3987145705104075 
3384709749 2.791e-08 0.2 
3245569981 2.791e-08 0.2 
1078741991 1.566419e-08 0.10911448341727217 
4209590891 1.652623e-08 0.16888304229095205 
410848061 1.411141e-08 0.4000000416949021 
2848685905 1.458727e-08 0.19999979099508292 
1826422368 1.458727e-08 0.19999979099508292 
1906851972 1.458727e-08 0.40000007165891627 
1896745001 1.458727e-08 0.40000007165891627 
2369258877 1.758997e-08 0.1578174001054767 
249728555 1.807835e-08 0.15355402087764272 
4285226245 1.4e-08 0.19999999999999896 
2449448537 1.4e-08 0.3987142857142858 
627452446 1.748783e-08 0.08107543163072674 
2622395779 1.491488e-08 0.3922779844515356 
649593533 1.405857e-08 0.10085189073531457 
3707800333 1.969635e-08 0.14812140072596414 
2348040613 1.4e-08 0.4031831848838468 
2733144751 2.4781700000000003e-08 0.44386640917168124 
2649056468 1.4000000000000001e-08 0.783302501741907 
2780384598 1.410477e-08 0.38993064729768206 
1495382923 1.410477e-08 0.38993064729768206 
2747938267 1.4209540000000002e-08 0.38705560462090444 
2744143284 1.427114e-08 0.0977847600121644 
2751602400 1.4e-08 0.3928490017553531 
4156410056 1.4e-08 0.39045378059298363 
2197427154 1.4e-08 0.19999999673874352 
3690557900 1.464749e-08 0.19999999673874352 
769315986 1.464749e-08 0.19999999673874352 
1856937876 1.464749e-08 0.19999999673874352 
354497373 1.464749e-08 0.19999999673874352 
1230311851 1.464749e-08 0.19999999673874352 
3825172902 1.464749e-08 0.19999999673874352 
110318614 1.464749e-08 0.19999999673874352 
1063934737 1.464749e-08 0.19999999673874352 
2445084109 1.464749e-08 0.19999999673874352 
1905833305 1.464749e-08 0.19999999673874352 
3879652638 1.464749e-08 0.19999999673874352 
1629863604 1.464749e-08 0.19999999673874352 
3076001680 1.464749e-08 0.19999999673874352 
1493833725 1.464749e-08 0.19999999673874352 
564959126 1.4e-08 0.09967864262760187 
3584287056 1.450781e-08 0.37678691189792063 
2282291379 1.4e-08 0.3904537805929835 
1483909303 1.464067e-08 0.1643397296708415 
63319263 1.4e-08 0.3922779844515357 
3673394291 1.4e-08 0.4167792175219971 
4188119649 1.4e-08 0.3928487211489234 
1275089537 1.4e-08 0.29871428571428393 
3700209637 1.4e-08 0.7974291410208149 
3320450569 1.979096e-08 0.42933608473868334 
