179097684 6.418314e-07 0.3759366406112052 
3534547045 1.261423e-06 0.39745489490071656 
2235064901 2.94945536e-06 0.37953487108073825 
2799798816 5.194059310000001e-06 0.28908040746627606 
2555962951 3.0701e-07 0.20000000000000004 
3497999925 2.791e-08 0.4 
1347872676 2.791e-08 0.2 
4226750145 2.791e-08 0.2 
728028737 2.791e-08 0.2 
1415695418 2.791e-08 0.2 
2729381062 2.791e-08 0.2 
3288380490 1.741e-08 0.08015508328546814 
1249238030 1.562996e-08 0.20000001433178177 
3214077756 1.562996e-08 0.20000001433178177 
451270221 1.562996e-08 0.20000001433178177 
3160344427 1.422698e-08 0.2000000110244474 
3182159117 1.422698e-08 0.2000000110244474 
766581564 1.422698e-08 0.2000000110244474 
629078091 1.403012e-08 0.38741808614335504 
1848242772 1.449e-08 0.19999993857810136 
3468130899 2.849e-08 0.493576662337546 
3736523900 1.425124e-08 0.39999984278607614 
149784911 2.225682e-08 0.2507995302114138 
1965662198 1.743464e-08 0.19565504270431172 
2604064924 1.423522e-08 0.3989229162436927 
3458662533 1.423522e-08 0.3989229162436927 
2105330617 2.823522e-08 0.3941910320238116 
2222966094 1.4745959999999999e-08 0.21913392884058097 
3827929005 1.4e-08 0.3893796453892019 
3607398139 1.3999989999999998e-08 0.9999999999999999 
1140472632 1.4e-08 0.20699993642833495 
1090143039 1.630471e-08 0.3267198045558686 
1678023283 1.4e-08 0.40000010423115995 
2118254765 1.4e-08 0.38937964538920183 
3580551846 1.4e-08 0.38825158848297203 
