179097684 6.988500999999999e-07 0.38439463259251033 
3373526895 1.366708e-06 0.39897755903876414 
2235064901 1.4114682799999999e-06 0.3828782122578422 
3150846686 4.40617969e-06 0.30754998685556195 
4031050948 1.8804126e-06 0.2567556552367436 
129185354 2.796194e-08 0.19962849501858598 
3736894086 2.791e-08 0.2 
199935986 2.791e-08 0.2 
2027098952 1.487161e-08 0.38638952447651 
309459595 1.7883000000000002e-08 0.25994911356330713 
2704180049 1.450602e-08 0.36440447078867316 
515125813 1.44505e-08 0.20000001098730702 
2454553876 1.47161e-08 0.1963903587752244 
3339828518 1.44505e-08 0.20000001098730702 
110318614 1.4e-08 0.20643572562657717 
2056593038 1.4e-08 0.29130128694174456 
3962269793 1.404118e-08 0.02058302612110632 
253060996 1.545501e-08 0.9966392774899531 
486617589 1.4e-08 0.37757561009642215 
3132125139 1.42656e-08 0.3424737859496998 
2937776487 1.42656e-08 0.3424737859496998 
1972280475 1.4e-08 0.2886442192346866 
3790847783 1.422736e-08 0.22900590687669256 
1780437574 1.4e-08 0.14276014020263164 
1568097097 1.403464e-08 0.5123524687562719 
987951561 1.421464e-08 0.3050003789850525 
2076479023 1.41627e-08 0.306118931216229 
4033914667 1.4408337e-06 0.30129983032055824 
158383826 1.423138e-08 0.3084067050504978 
4173667888 1.4e-08 0.21833629833614587 
1170376605 1.4e-08 0.29130128694174445 
937108946 1.508853e-08 0.21593565699360712 
2666331198 1.4e-08 0.29130128694174456 
3029967998 1.4e-08 0.3987140009185708 
2974776181 1.4e-08 0.19275587765979443 
3365535355 1.4e-08 0.2913012869417447 
2796062071 1.4e-08 0.29130128694174445 
