3534547045 1.592425e-06 0.3646699498596156 
3373526895 2.02103832e-06 0.37787595027194815 
545239233 4.060639000000001e-06 0.3566103633513798 
1790255658 2.791e-08 0.4 
3833318790 2.791e-08 0.2 
3268335666 2.791e-08 0.2 
2669757562 1.4e-08 0.39871428571428574 
3443220506 2.791e-08 0.2 
1382686479 1.493117e-08 0.16993127312010559 
1803925302 1.461228e-08 0.1736397555530504 
283080478 1.741e-08 0.2402067777139576 
2681498831 1.408825e-08 0.39191561483973564 
2655011401 1.650843e-08 0.2106499527817002 
855708858 1.40578e-08 0.15577097881101695 
551137729 1.402616e-08 0.37758730045584254 
937177227 1.402616e-08 0.37758730045584254 
690117576 1.4e-08 0.40849221683874576 
