3534547045 1.490036e-06 0.39171119328905346 
3150846686 4.81085e-06 0.3767793930254478 
4259593397 2.22628495e-06 0.2897475834088992 
4031050948 6.841776e-07 0.20016708554153018 
3774459889 2.791e-08 0.4 
3197676583 2.791e-08 0.2 
3891448235 2.791e-08 0.2 
251961497 2.791e-08 0.2 
769686034 1.400001e-08 0.3987140009185708 
43001897 2.791e-08 0.2 
1634407402 1.45776e-08 0.20000000000000007 
3375523036 1.45776e-08 0.20000000000000007 
879162223 2.582847e-08 0.45504870206903897 
2858952728 2.414664e-08 0.2597874644692286 
2125331604 2.016878e-08 0.553528770704029 
4119421155 2.406522e-07 0.23777929736345868 
250719570 2.739709e-08 0.40517955877873696 
649593533 1.415285e-08 0.3921733374557544 
2348040613 2.330937e-08 0.47623512939308726 
2980075456 1.719694e-08 0.08476869252421163 
85224627 1.948141e-08 0.14326478422249728 
1965662198 1.932856e-08 0.14439772026472747 
3715668764 1.4e-08 0.19338889274760238 
3270476896 1.419561e-08 0.19338889274760238 
4201342597 1.419561e-08 0.19338889274760238 
2711965517 1.434846e-08 0.19132877673121657 
1165174376 1.454407e-08 0.1887555065244317 
762210064 1.419561e-08 0.19338889274760238 
3940915008 1.419561e-08 0.19338889274760238 
2744143284 1.42594e-08 0.1925237597498346 
678688578 1.419561e-08 0.19338889274760238 
1301910447 1.419561e-08 0.19338889274760238 
2855048822 1.419561e-08 0.19338889274760238 
238807518 1.419561e-08 0.19338889274760238 
481400394 1.4e-08 0.19609094998405655 
3284371529 1.4e-08 0.3987142857142856 
3378187523 1.405713e-08 0.40598703347896076 
771038762 4.217139e-08 0.40598703347896076 
3607398139 1.405713e-08 0.40598703347896076 
927207199 1.4e-08 0.3964550299293338 
2231250662 1.4e-08 0.19609094998405655 
2606270759 1.437364e-08 0.10298118829115083 
2972065009 1.4e-08 0.40764375056629315 
4052933330 1.4e-08 0.40599069179951974 
2437059955 1.4e-08 0.19004442313925332 
445707895 1.73027e-08 0.08019514900869051 
3750558344 1.73027e-08 0.08019514900869051 
480183180 1.4e-08 0.19609094998405655 
1678023283 1.4e-08 0.19609094998405652 
2118254765 1.4e-08 0.40182255356636515 
3446120764 1.4e-08 0.39645502992933385 
1937837823 1.4e-08 0.40764375056629315 
2252599940 1.4e-08 0.19609094998405655 
2922107309 1.4e-08 0.40764375056629315 
917430777 1.4e-08 0.40182255356636515 
3767002695 1.4e-08 0.39645502992933385 
