3534547045 2.4625003399999997e-06 0.3630429289160578 
545239233 2.7805920000000003e-06 0.3716019410851235 
1572835533 3.00568e-06 0.35434228771146475 
2984600922 1.579814e-06 0.18742869670116555 
426576124 2.791e-07 0.2 
1516068388 1.399999000000001e-08 1.0 
551137729 1.472778e-08 0.19999997133644273 
313359544 2.091e-08 0.20000000000000018 
4187488967 2.1372150000000003e-08 0.26118102296680495 
1837088337 1.40069e-08 0.10319200228041372 
875106938 1.416714e-08 0.05101241523488604 
3468130899 1.4e-08 0.05162143059791166 
1803012522 1.469434e-08 0.9999999999999996 
238807518 1.538868e-08 0.9999999999999991 
1734007597 1.4e-08 1.0 
