179097684 6.184254999999999e-07 0.388124369407142 
2235064901 2.44319736e-06 0.3962213980684845 
545239233 1.6848425e-06 0.38557515198946507 
1572835533 2.30188633e-06 0.3772873498078008 
1075699702 3.452416e-06 0.23490337346897042 
2519559028 5.6206378e-07 0.21067094828072186 
2440120768 1.399999e-08 0.3987145705104075 
3414514926 1.472778e-08 0.19999997133644265 
1541925803 1.438148e-08 0.2000000037161351 
2716949832 1.886455e-08 0.20000003995349588 
2704180049 1.639782e-08 1.0 
2391696826 1.402936e-08 0.4004645112619999 
4278040469 2.080476e-08 1.0 
3814978291 1.490162e-08 0.09883340126272964 
