179097684 7.439075e-07 0.3849313543196231 
3921011129 2.409012e-06 0.3833165282090442 
545239233 1.67020145e-06 0.3673349221699045 
1572835533 5.791885e-07 0.3662317608213741 
1465560917 1.932578e-06 0.34574608934333523 
3737780296 9.212057e-07 0.20809699840048848 
4031050948 3.2249257e-07 0.19472541646463362 
426576124 3.3492e-07 0.20000000000000004 
3020817656 2.791e-08 0.4 
3084497907 2.791e-08 0.4 
1444500749 2.791654e-08 0.39990629211213136 
3279231079 2.791e-08 0.2 
1434594601 1.3999990000000003e-08 0.39871457051040743 
2909632847 1.458727e-08 0.40000007165891643 
1104410542 1.458727e-08 0.40000007165891643 
4260098875 2.521171e-08 1.0 
3593732192 5.2421409999999995e-08 0.23999985094957327 
1738909006 1.417142e-08 0.23854831065051443 
4198169764 1.408571e-08 0.23999985094957324 
451270221 1.44851e-08 0.19268075470656051 
3293059020 1.447508e-08 0.23333333333333325 
2159618959 1.516432e-08 0.22272800011254482 
3986570268 1.447508e-08 0.23333333333333325 
906368509 1.4e-08 0.4167792175219971 
4187488967 1.76834e-08 0.3156632774240249 
1565786989 1.476897e-08 0.6479220914346582 
2286860921 1.475615e-08 0.6484849998634958 
1867247157 1.669516e-08 0.08358709949470386 
3006103420 1.47538e-08 0.22913204059421396 
4096225443 1.464822e-08 0.26413040106395147 
3099973400 3.942667e-08 0.2820083143584002 
2789348510 1.4e-08 0.24125133333333326 
2606325002 1.412845e-08 0.29115527739432745 
1848242772 1.412845e-08 0.29115527739432745 
2343849308 1.412845e-08 0.29115527739432745 
627452446 1.412845e-08 0.29115527739432745 
552634658 1.412845e-08 0.29115527739432745 
3736523900 1.412845e-08 0.29115527739432745 
1503202005 1.412845e-08 0.29115527739432745 
550176535 1.412845e-08 0.29115527739432745 
3884987045 1.4e-08 0.5876532541288408 
309459595 1.4256900000000001e-08 0.288532063695606 
79461789 2.091e-08 0.13347680535628886 
2353028958 1.421219e-08 0.39402801420645445 
3449694611 1.4e-08 0.2938266270644204 
2426951832 1.4e-08 0.19935714285714295 
3089865955 1.533077e-08 0.268321341909238 
224410298 1.6746e-08 0.3772901698610355 
1759850032 1.4e-08 0.19935714285714284 
287394855 3.3804789999999997e-08 0.3302490564207025 
2670951229 1.980479e-08 0.281851006751397 
2367820772 1.5778430000000002e-08 0.3032349204178021 
1495382923 1.4e-08 0.7974285714285714 
515125813 1.4e-08 0.14691341847036624 
2747938267 2.295343e-08 0.14727943930466655 
3363025910 1.412845e-08 0.1693239868976377 
764400056 1.505416e-08 0.37079451792727064 
1517815290 1.4e-08 1.0 
2454553876 1.430865e-08 0.29115659187943066 
1923515514 1.430865e-08 0.29115659187943066 
3339828518 1.430865e-08 0.29115659187943066 
105819081 1.430865e-08 0.2911565918794307 
1601889739 1.430865e-08 0.29115659187943066 
381652938 1.430865e-08 0.29115659187943066 
96665495 1.430865e-08 0.29115659187943066 
85224627 1.4e-08 0.24146916432277934 
3279439195 1.701497e-08 0.09925141818678046 
360107933 1.4e-08 0.2938266270644206 
2135013218 1.4e-08 0.11090835903382854 
470332523 1.4e-08 0.39871400091857084 
