179097684 9.305832e-07 0.37857445083575353 
3150846686 8.10254573e-06 0.3331363435695344 
4031050948 4.9538e-07 0.2084420041180508 
426576124 2.791e-07 0.2 
211811971 1.4000000000000003e-08 0.7974285714285713 
2298477853 2.791e-08 0.2 
3838279446 2.791e-08 0.2 
253808213 2.791e-08 0.2 
300193622 8.373e-08 0.2 
2909632847 1.627333e-08 0.2000000358294583 
1382686479 1.607776e-08 0.39999998290834043 
110358663 1.449922e-08 0.38711109351740053 
406745133 1.466812e-08 0.38869330346559455 
3099973400 1.43537e-08 0.2061824002250063 
2789348510 1.469716e-08 0.20136409470330818 
3314075649 1.4e-08 0.400914922096383 
579073438 2.116942e-08 0.13184111799000633 
309459595 1.945303e-08 0.1434737930286439 
2348040613 1.741e-08 0.16031016657093627 
2353028958 1.4e-08 0.2845286967788889 
2980075456 1.807328e-08 0.2845286967788889 
1061526795 2.088858e-08 1.0 
695939830 1.4e-08 0.43376583669933744 
2135013218 1.425808e-08 0.22473791010664318 
470332523 1.425808e-08 0.22473791010664318 
1292024166 1.425808e-08 0.22473791010664318 
4105879141 1.4e-08 0.3675059453861024 
3981989558 1.720519e-08 0.2 
3971437066 1.4e-08 0.5039123392715232 
101557930 1.4e-08 0.3874448949661032 
2222966094 1.511226e-08 0.22493238327854814 
871205577 1.407827e-08 0.3389157112274823 
2695808785 1.4e-08 0.3408104921358949 
213831427 1.4e-08 0.38724862727649034 
3297235373 1.6280740000000002e-08 0.1465334772836654 
1483909303 1.416043e-08 0.38471529712678476 
2279859862 1.651267e-08 0.3299123663764271 
2640871332 1.4e-08 0.2483931755783792 
2542288242 1.4e-08 0.40091492209638335 
303951786 1.4e-08 0.2103968269892453 
834694043 1.4e-08 0.3664859081710124 
2847894498 1.41873e-08 0.36406674417925816 
3548864168 1.4e-08 0.34081049213589487 
3031255937 3.558469e-08 0.40536518082389883 
251537365 1.5418403e-07 0.2572781650287261 
2813706888 4.1020770000000007e-08 0.3516461123575296 
1663116443 1.403346e-08 0.2572781650287261 
687910112 1.40223e-08 0.25727821091642794 
2758596397 1.402509e-08 0.2572781038451491 
543650404 1.4e-08 0.2572780732533715 
1552816674 1.4e-08 0.2572781650287261 
3349800779 1.615403e-08 0.6937591216233442 
3312688964 1.932189e-08 0.1427855039643438 
1974243393 1.403346e-08 0.2572781650287261 
2123043148 1.4e-08 0.29594497426088534 
2378665575 1.401673e-08 0.12848639784492394 
1605385292 1.452307e-08 0.18755449209061983 
2350232122 1.452307e-08 0.18755449209061983 
1844403144 1.403346e-08 0.2572781650287261 
2798351548 1.4e-08 0.08841112686268245 
173807622 2.979402e-08 0.41543647014783985 
1286422349 1.4e-08 0.36893743712102783 
