179097684 6.881756e-07 0.38194168011457363 
3534547045 1.508482e-06 0.3805520980945387 
3921011129 2.12168344e-06 0.3793500985576065 
2340740170 2.4989098700000003e-06 0.3650654634105444 
2246051850 8.157706300000001e-07 0.3778796289058406 
3737780296 3.3605125e-07 0.2066582461080397 
426576124 3.2132345e-07 0.20696343933057154 
1425083048 2.791e-08 0.4 
810769555 2.791e-08 0.4 
1019134040 1.4e-08 0.39871428571428574 
4046076794 2.7969100000000003e-08 0.19957739076337813 
732124878 1.4e-08 0.39871428571428574 
3736601249 1.830203e-08 0.3049934897932088 
2620740164 2.791e-08 0.2 
3012070026 2.791e-08 0.2 
888311950 4.263778e-08 0.19999999009914293 
2326007700 2.791e-08 0.2 
728028737 1.4000000000000003e-08 0.39871428571428563 
1866926464 2.791e-08 0.2 
300193622 2.791e-08 0.2 
828787466 2.791e-08 0.2 
3392858646 2.791e-08 0.2 
1634407402 5.01687e-08 0.2564810461652426 
1726701215 1.419861e-08 0.2212917852309035 
432337108 1.40591e-08 0.3999999256959509 
4253718737 1.4e-08 0.5468291247523318 
2878871175 1.424781e-08 0.20552722758501737 
607396504 1.50433e-08 0.20886612343683628 
1820499179 1.4e-08 0.4016884968108531 
1371202285 1.4e-08 0.2 
754560055 1.46505e-08 0.2 
3434666020 1.46505e-08 0.2 
2369258877 1.46505e-08 0.2 
2707460946 1.46505e-08 0.2 
2024675612 1.46505e-08 0.2 
1292023300 1.46505e-08 0.2 
3314075649 1.46505e-08 0.2 
3433591204 1.46505e-08 0.2 
1848242772 1.46505e-08 0.2 
463844675 1.405431e-08 0.11178192862891735 
393090083 1.454063e-08 0.20240253743207876 
3736523900 1.454063e-08 0.20240253743207876 
3607413901 1.454063e-08 0.20240253743207876 
3833074883 2.760387e-08 0.20221802232802866 
552498239 1.493893e-08 0.19613854539782968 
114837353 2.036438e-08 0.129012934498149 
2564127097 1.472778e-08 0.19999997133644273 
3554620561 1.472778e-08 0.19999997133644273 
2789301560 1.472778e-08 0.19999997133644273 
3201932102 1.472778e-08 0.19999997133644273 
3527214469 1.472778e-08 0.19999997133644273 
224410298 1.472778e-08 0.19999997133644273 
3967778277 1.472778e-08 0.19999997133644273 
1922039940 1.472778e-08 0.19999997133644273 
1314810707 1.751566e-08 0.3186862499043713 
2472898255 1.426428e-08 0.02753412505483417 
1495382923 1.4e-08 0.2244311253355257 
764400056 1.431345e-08 0.35632264405610975 
2454553876 1.431345e-08 0.35632264405610975 
1342185090 1.431345e-08 0.35632264405610975 
149784911 1.431345e-08 0.35632264405610975 
1965662198 1.431345e-08 0.35632264405610975 
1657444763 1.431345e-08 0.35632264405610975 
58759274 1.431345e-08 0.35632264405610975 
2391696826 1.4e-08 0.22443112533552556 
3590332688 1.4e-08 0.36430045354035173 
3797386594 1.4e-08 0.40000790106725176 
1280619132 1.407638e-08 0.40000790106725176 
4105879141 1.4e-08 0.7974285714285715 
3088551619 1.4e-08 0.3643004535403516 
3443287411 1.476213e-08 0.0997673294952263 
3981989558 1.476213e-08 0.0997673294952263 
3467386575 1.423656e-08 0.19721326340458747 
4267941538 1.4e-08 0.39871428571428563 
