179097684 6.7087647e-07 0.3871933869136773 
3373526895 1.81970415e-06 0.3684221699459018 
3150846686 2.3101002e-06 0.3656478147322492 
2340740170 1.56804596e-06 0.3488219547722517 
1075699702 4.6958862e-06 0.27721954995058934 
3736601249 2.791e-08 0.2 
251961497 1.3999999999999998e-08 0.39871428571428574 
921425487 2.147549e-08 0.25992422058821474 
3015378843 2.791e-08 0.2 
865537991 2.791e-08 0.2 
438292632 1.545765e-08 0.1805578467619593 
2177968201 1.495727e-08 0.19566722277389945 
3783228500 1.400916e-08 0.2374998244917998 
220564665 1.415349e-08 0.19982845235334365 
766581564 1.429791e-08 0.40000009390592806 
2606325002 1.453188e-08 0.19617007626151128 
1314810707 1.429181e-08 0.208447582575868 
1499007652 1.4e-08 0.23765521723411015 
3467386575 1.660873e-08 0.08968455881736942 
1703904600 1.414436e-08 0.20115158539052785 
1840937626 1.41352e-08 0.2012819371734653 
213831427 1.4e-08 0.21043832140135363 
846691466 2.82704e-08 0.20698131448016002 
3962269793 2.085417e-08 0.13669784066319254 
977281884 3.4032429999999995e-08 0.2515569601810633 
3578947201 1.461195e-08 0.15224235453178556 
571790981 1.461195e-08 0.15224235453178556 
2606270759 1.469815e-08 0.9566484752879595 
2800683865 1.40226e-08 0.10144910495679713 
480183180 1.40226e-08 0.10144910495679713 
