179097684 6.2866793e-07 0.37844952659247993 
3534547045 5.21435659e-06 0.3296479610740416 
2246051850 3.5768568e-06 0.36819393639483045 
949068759 2.791e-08 0.4 
1037584679 2.791e-08 0.4 
739080713 2.791e-08 0.2 
315200650 2.791e-08 0.2 
1239791232 2.791e-08 0.2 
911013108 1.4000000000000001e-08 0.3987142857142857 
199935986 1.400001e-08 0.3987140009185708 
2326007700 2.791e-08 0.2 
825415804 2.791e-08 0.2 
265770918 7.018217e-08 0.20000000209491023 
3475245566 2.605221e-08 0.2142620530081709 
828787466 9.1975e-08 0.1820712150040772 
3708838243 2.791e-08 0.2 
1507417240 2.791e-08 0.2 
4274934102 2.791e-08 0.2 
188552836 1.421444e-08 0.40000007165891655 
976558236 1.40167e-08 0.21333327218441983 
1950077488 1.429534e-08 0.24883673645969456 
3111692719 1.4374020000000002e-08 0.24747466277226063 
2961226102 2.091e-08 0.29999967753528045 
1896745001 1.955513e-08 0.5638656975735457 
1737134642 1.481458e-08 0.2074977817403993 
2719204682 1.433716e-08 0.2531191285509737 
2716949832 1.58786e-08 0.09415907183968852 
552634658 1.587512e-08 0.09417971253846764 
2649056468 1.942043e-08 0.09158411405364687 
3381587904 1.942043e-08 0.09158411405364687 
72955594 1.467269e-08 0.20308494453905993 
2780384598 1.467269e-08 0.20308494453905993 
1577969976 1.467269e-08 0.20308494453905993 
229435916 1.467269e-08 0.20308494453905993 
19131048 1.467269e-08 0.20308494453905993 
2426951832 1.467269e-08 0.20308494453905993 
1922039940 1.4e-08 0.21358774830195407 
3715668764 1.481924e-08 0.4083217733817851 
4138371369 1.4e-08 0.21358774830195415 
3590332688 1.4e-08 0.20425248309627392 
3797386594 1.461587e-08 0.20425248309627392 
3443287411 1.461587e-08 0.20425248309627392 
1165174376 1.461587e-08 0.20425248309627392 
4267941538 1.461587e-08 0.20425248309627392 
3372193553 1.461587e-08 0.20425248309627392 
3681452412 1.461587e-08 0.20425248309627392 
570164134 1.586621e-08 0.2379848583948084 
2418772576 1.461587e-08 0.20425248309627392 
1301910447 1.401861e-08 0.20154952918944466 
2919535035 1.401861e-08 0.20154952918944466 
2217687738 1.418527e-08 0.12538378727305613 
3408999490 1.650292e-08 0.9999999999999984 
1403954297 1.407868e-08 0.22294401592007057 
517786421 1.407868e-08 0.22294401592007057 
248584559 1.422864e-08 0.3012769991377424 
3152769946 1.4457280000000002e-08 0.2965123426406106 
1776728451 2.841391e-08 0.2785878960729842 
1897972748 1.3999989999999996e-08 1.0 
1367591863 1.4e-08 0.1270430625779189 
2661924784 1.421496e-08 0.13378578581113137 
3353888196 3.075732e-08 0.09074263673451044 
2711363118 1.593713e-08 0.286726837020898 
1414813075 1.4e-08 0.13583997099098571 
36058418 1.627623e-08 0.03214050446626335 
1595418714 1.4e-08 0.22419696128954136 
