179097684 6.8450435e-07 0.39189369409483116 
3534547045 1.163219e-06 0.39338382856328913 
3921011129 1.12691954e-06 0.3847357854350834 
2340740170 1.89569441e-06 0.3818474321391018 
2246051850 1.13607157e-06 0.385509363620117 
4259593397 3.45341835e-06 0.2935116291035878 
2555962951 1.710271e-06 0.2008684728912379 
290926289 2.791e-08 0.2 
164438789 4.08662e-08 0.1365920981153129 
2250757420 2.791e-08 0.2 
1837234470 1.401835e-08 0.39999960075793545 
481808867 1.485585e-08 0.20000002388630422 
3607413901 1.4e-08 0.2987142857142863 
1960974751 1.408392e-08 0.22111698092484086 
3180086772 1.408392e-08 0.22111698092484086 
79461789 1.408392e-08 0.22111698092484086 
72955594 1.408392e-08 0.22111698092484086 
1771264541 1.408392e-08 0.22111698092484086 
1759850032 1.416805e-08 0.19999952070805907 
2472898255 1.416805e-08 0.19999952070805907 
3459912306 1.416805e-08 0.19999952070805907 
381652938 1.475288e-08 0.401149539141567 
