179097684 5.8830259e-07 0.39434999182369945 
3534547045 7.2631324e-07 0.40287693745473685 
3921011129 1.23673904e-06 0.380642067754355 
2235064901 7.5944679e-07 0.3779093594449099 
2340740170 3.9273210000000004e-06 0.3360870335479193 
2246051850 1.7276610899999999e-06 0.3671860786043529 
2799798816 1.8999560800000002e-06 0.20246802192583582 
618276123 2.931e-07 0.2004007336926242 
811613008 2.5334319999999997e-08 0.22033352385222893 
3108364485 2.791e-08 0.2 
2795063678 1.465413e-08 0.20000001653667163 
845665321 1.428206e-08 0.1026051648827458 
395113485 2.838548e-08 0.2051985357780918 
3633199892 1.429914e-08 0.2123408497978573 
439844059 1.458727e-08 0.20000007165892922 
2024675612 1.4e-08 0.21687796706989526 
3433591204 2.8728916e-07 0.20829603430386753 
4256642775 1.467745e-08 0.20036461018884577 
393090083 1.424864e-08 0.10237661437541225 
3607413901 1.399999e-08 0.5974284813421715 
3381587904 1.415404e-08 0.1651614923943337 
19131048 1.415404e-08 0.1651614923943337 
2654473721 1.430808e-08 0.16338337287805874 
2747938267 1.4e-08 0.16697874070064966 
1923515514 1.779916e-08 0.13133779177270685 
96665495 1.458569e-08 0.0741848498285752 
360107933 1.4e-08 0.16697874070064964 
4138371369 1.420862e-08 0.10684681337732077 
