179097684 4.7894061e-07 0.38594654249165905 
3921011129 1.0529590300000002e-06 0.38565705668554606 
3150846686 2.63791477e-06 0.3677858106172006 
545239233 2.139872e-06 0.3239322779784739 
1222799196 3.450772e-06 0.3212171280621954 
426576124 3.4994260999999996e-07 0.2076533269752024 
618276123 3.2426337e-07 0.1950965588177352 
905418128 2.2334360000000002e-08 0.7600812380565193 
790319072 4.235748e-08 0.3317830994667294 
2440120768 2.791e-08 0.2 
732124878 2.791e-08 0.2 
1878784256 2.791e-08 0.2 
290926289 5.582e-08 0.2 
129185354 2.663349e-08 0.20958575087230402 
2261252686 2.791e-08 0.2 
3833318790 3.22704e-08 0.29343322296668506 
2545005546 1.4000000000000003e-08 0.39871428571428563 
266059373 2.791e-08 0.2 
879162223 1.411483e-08 0.20000000651444588 
4253718737 2.183063e-08 0.19156570378408705 
3653734512 2.091e-08 0.13347680535628886 
1405660995 1.404397e-08 0.39485570531457714 
250719570 1.4000010000000003e-08 0.8645479159207363 
2719204682 1.4e-08 0.39609583426905437 
3449694611 1.4e-08 0.3999999999999999 
2341758500 1.457958e-08 0.10668113405966827 
3967778277 1.464215e-08 0.20146478247628977 
2670951229 1.464215e-08 0.20146478247628977 
381652938 1.632472e-08 0.3398233443013695 
1965662198 2.202734e-08 0.28478148737197917 
3279439195 1.4e-08 0.0999500211987468 
3284371529 1.415617e-08 0.20347794669867494 
2655011401 1.4e-08 0.20639257142857154 
3879652638 1.462484e-08 0.1210097286494547 
1629863604 1.637141e-08 0.11365347503006874 
1501621654 1.4e-08 0.39625149608453236 
213831427 1.4e-08 0.2039631698353611 
4148810631 1.401449e-08 0.2773705984608869 
2056593038 1.401449e-08 0.2773705984608869 
3863839146 1.401449e-08 0.2773705984608869 
834694043 1.4e-08 0.26686839105680077 
1972280475 1.4921619999999998e-08 0.2366063401836843 
3269595313 1.4e-08 0.3987145705104075 
1780437574 1.4e-08 0.1031962857142858 
3654632673 1.4e-08 0.8504876016314867 
1367591863 1.4e-08 0.2776576770302939 
3019838765 1.407809e-08 0.12697142610403425 
1411431829 1.4e-08 0.3333331740554127 
36058418 1.4e-08 0.15152873457503452 
2830063464 1.4e-08 0.22586770101639814 
3548864168 1.869811e-08 0.2495796063116454 
2983660352 1.4e-08 0.2776576770302939 
2299185056 1.719831e-08 0.11289450248499144 
3737371746 1.719831e-08 0.11289450248499144 
