179097684 7.048699099999999e-07 0.38422168205403573 
3534547045 9.032971799999999e-07 0.3863751258518133 
3921011129 1.892998e-06 0.36314979824525623 
2246051850 2.5616537699999998e-06 0.378938295490476 
3004792470 3.4873686e-06 0.28725448989367447 
426576124 3.4953952e-07 0.2007272911567223 
825415804 2.791e-08 0.2 
251961497 2.791e-08 0.2 
3824069879 2.791e-08 0.2 
43001897 2.791e-08 0.2 
3059103076 1.435702e-08 0.40000010748838405 
766581564 1.461952e-08 0.21738887472508997 
3702894340 1.461952e-08 0.21738887472508997 
2674988631 1.4884280000000001e-08 0.2135219843903062 
3633199892 2.102375e-08 0.5310184909923308 
2013640095 2.013729e-08 0.14151494588746277 
3302973195 1.45132e-08 0.3999522649432582 
3433591204 1.45132e-08 0.3999522649432582 
4256642775 1.45132e-08 0.3999522649432582 
2449448537 1.459904e-08 0.39760061014796144 
3607413901 1.456033e-08 0.33387948079442153 
79461789 1.4e-08 0.410200681658063 
552498239 1.4e-08 0.1135043214936053 
2789301560 1.428292e-08 0.200000065758199 
3459912306 1.428292e-08 0.200000065758199 
841878026 1.900153e-08 0.2937654429243968 
3681452412 1.439099e-08 0.09924907665209609 
1905833305 1.4e-08 0.39364069673781865 
1629863604 1.4e-08 0.4146133722553211 
3378187523 1.4e-08 0.3990966654960058 
