179097684 6.685202299999999e-07 0.38905000745393176 
3921011129 2.8289980000000003e-06 0.3828132821433738 
2235064901 4.04706375e-06 0.3273532096390297 
3004792470 5.1131788e-07 0.22136477531824836 
426576124 2.791e-07 0.2 
873214132 2.1508090000000002e-08 0.5190605023505108 
1986278615 1.9311060000000003e-08 0.5781143034095486 
1503861029 2.791e-08 0.2 
4061687915 2.791e-08 0.2 
3988949870 2.791e-08 0.2 
1651612823 2.791e-08 0.2 
1347872676 2.791e-08 0.2 
3833318790 2.791e-08 0.2 
825415804 2.791e-08 0.2 
300193622 2.791e-08 0.2 
266059373 2.1137880000000002e-08 0.2640756783556345 
43001897 1.4e-08 0.39871428571428574 
3709881891 2.791e-08 0.2 
2768642543 2.791e-08 0.2 
302486611 1.402224e-08 0.19999997850233128 
1078741991 1.402224e-08 0.19999997850233128 
438292632 1.402224e-08 0.19999997850233128 
3147695692 1.402224e-08 0.19999997850233128 
740082705 1.402224e-08 0.19999997850233128 
3288380490 1.668593e-08 0.3901091018678129 
2945849429 1.43005e-08 0.19536348788373709 
965372172 1.915567e-08 0.29140197132232915 
528880979 1.6227159999999995e-08 0.41503024144478984 
2521380987 1.469414e-08 0.21879797238683854 
3929228125 1.446479e-08 0.22226717691500117 
3702894340 1.446479e-08 0.22226717691500117 
4285585893 1.446479e-08 0.22226717691500117 
406745133 1.446479e-08 0.22226717691500117 
2883513480 1.446479e-08 0.22226717691500117 
2707460946 1.439108e-08 0.36931222490846377 
627452446 1.453458e-08 0.200000154342373 
1462644303 1.501833e-08 1.0 
4088625113 1.4e-08 1.0 
287394855 1.991813e-08 0.1401235959399803 
2670951229 2.137479e-08 0.13057438225124082 
3211480542 2.133005e-08 0.2555848628974313 
1922039940 1.4e-08 0.20763701737868337 
1495382923 1.4e-08 0.12281608852609192 
2766526296 1.4e-08 0.3894027074889539 
470332523 1.418739e-08 0.113306536225773 
3270476896 1.494588e-08 0.44685781056889073 
1987038079 1.414624e-08 0.38410033129154414 
2039170765 1.414624e-08 0.38410033129154414 
2810179169 1.429248e-08 0.38017023431410735 
101557930 1.562176e-08 0.2083419297681085 
2222966094 1.542799e-08 0.9999999999999987 
3284371529 2.140533e-08 0.12734300066491283 
871205577 1.4e-08 0.38811253360926384 
110318614 1.493005e-08 1.0 
3076001680 1.619559e-08 0.1723307127816448 
1797275806 1.4e-08 0.20763701737868334 
3730019172 1.4e-08 0.3881125336092639 
2714424842 1.4e-08 0.38811253360926384 
220748477 1.4e-08 0.4770488009875265 
2574253871 1.4e-08 0.2296462884263099 
3866772787 1.4e-08 0.4000000716589165 
3085765731 1.4e-08 0.3796286981168355 
1403954297 1.4e-08 0.9999999999999996 
102828162 1.4e-08 0.3796286981168353 
3962269793 1.922104e-08 0.276509583957772 
4106915849 1.4e-08 0.11482314421315498 
977281884 1.4e-08 0.20285147987536264 
2025893757 1.4e-08 0.37962869811683525 
1090143039 1.4e-08 0.3881128063643837 
253060996 1.4e-08 1.0 
571790981 1.4e-08 0.40570295975072573 
517786421 1.446147e-08 0.4088870567684581 
2256454524 1.4e-08 0.388112533609264 
2606270759 1.564654e-08 0.030964441587954583 
4081327903 1.564654e-08 0.030964441587954583 
3325553423 1.4e-08 0.6143670435424039 
4124564224 1.4e-08 0.1953634878837371 
1852572783 1.4e-08 0.3796289692803848 
3229926557 1.4e-08 0.2874717544575049 
2972065009 1.4e-08 0.19405626680463192 
4052933330 1.4e-08 0.034606169563113943 
3239027265 1.760379e-08 0.04883676363527441 
3357191835 1.4e-08 0.3881128108327003 
2437059955 1.4e-08 0.3796286981168353 
445707895 1.545666e-08 0.20800406025417773 
480183180 1.438971e-08 0.38791608725957644 
3892593010 1.438971e-08 0.38791608725957644 
776375684 1.4e-08 0.2909819743873153 
1678023283 1.4e-08 0.5143063063427413 
