3534547045 1.70413463e-06 0.3777123210838728 
3373526895 3.43315087e-06 0.3793660858666769 
2799798816 2.9093520000000004e-06 0.310831092540388 
618276123 2.931e-07 0.20901144250899256 
197654791 1.4e-08 0.7974285714285715 
3988949870 2.791e-08 0.2 
315200650 2.791e-08 0.2 
3736894086 2.295127e-08 0.24321094213958527 
3490627259 2.791e-08 0.2 
911013108 2.791e-08 0.2 
3475245566 3.598829e-08 0.291196485766458 
3869596591 1.4e-08 0.39871428571428574 
879162223 1.438751e-08 0.3781928769735495 
3528332227 2.820263e-08 0.39149736997674695 
3149440925 1.420263e-08 0.3831159298936685 
134948105 1.420263e-08 0.3831159298936685 
174500547 1.75631e-08 0.15891272041951596 
3678948817 1.907266e-08 0.3992843683052078 
3952655669 1.418488e-08 0.38081536038849895 
1736323711 1.4680690000000001e-08 0.36795410769300424 
781549661 1.4e-08 0.19292214961670032 
2597880038 1.405558e-08 0.19215927728587553 
4285226245 1.427777e-08 0.4382111379174528 
2707460946 1.432938e-08 0.4366328367747711 
2719204682 1.44804e-08 0.43207907506862175 
1055469694 1.44075e-08 0.4342653367082193 
2716949832 1.427777e-08 0.4382111379174528 
1061526795 1.4e-08 0.3994343710122371 
695939830 1.4e-08 1.0 
73116178 1.412973e-08 0.3466211722902109 
2766526296 1.4e-08 0.7974285714285715 
110439229 1.433431e-08 0.2708238553448167 
1449522982 1.425753e-08 0.27228230260835923 
360107933 1.418121e-08 0.2737476631336649 
470332523 1.4275090000000001e-08 0.27194736410823045 
3217169414 1.418121e-08 0.2737476631336649 
3418547556 1.4588700000000001e-08 0.2661013728370423 
4263904522 1.41531e-08 0.3766330481829747 
762210064 1.41531e-08 0.3766330481829747 
964813250 1.416939e-08 0.376200047725305 
3971437066 1.41531e-08 0.3766330481829747 
2855048822 1.471371e-08 0.36228287727829755 
2197427154 1.837396e-08 0.2961394168369646 
4185666246 1.4e-08 0.34983311262458294 
1924091726 1.4781e-08 0.13131961270583475 
3822766993 1.4e-08 0.2017510602385826 
3730019172 1.4e-08 0.19292214961670032 
1501621654 1.4e-08 0.38584402363052667 
3673394291 1.58131e-08 0.08824961582485408 
3320450569 1.913994e-08 0.20282577154932355 
4148810631 1.4e-08 0.27729073750002753 
1140472632 1.4e-08 0.19971732816125107 
933412597 2.811668e-08 0.3443101103611371 
3962269793 1.40228e-08 0.46727602721831174 
604674024 1.4e-08 0.9999999999999999 
921835634 1.4e-08 0.3498331126245831 
4081327903 1.4e-08 0.3807517995884615 
2118254765 1.414142e-08 0.18949699683599316 
3580551846 1.414142e-08 0.18949699683599316 
3416864524 1.55585e-08 0.12475730622835617 
2130045942 1.4e-08 0.34983336250555613 
14462253 1.4e-08 0.7356779373422249 
1937837823 1.4e-08 0.349833112624583 
2252599940 1.715942e-08 0.08230216532202592 
2922107309 1.715942e-08 0.08230216532202592 
