179097684 6.297360599999999e-07 0.3944493930926521 
3534547045 1.25938163e-06 0.39669041211044637 
2235064901 1.26653828e-06 0.3957774792252126 
545239233 1.98768796e-06 0.39059580266086397 
2246051850 1.99202096e-06 0.3798325083455581 
2984600922 2.1818439600000002e-06 0.22595057761990492 
426576124 2.16965096e-06 0.2062139976682924 
1236021306 2.791e-08 0.2 
2757833455 2.791e-08 0.2 
3122982648 1.406823e-08 0.38666667590270337 
2177968201 1.403975e-08 0.20000003307334568 
3113062634 2.6372180000000004e-08 0.3835129561330105 
896813269 2.103744e-08 0.08740884616217252 
1867247157 1.4e-08 0.3000002687211295 
785216844 1.792803e-08 0.4670340243741226 
2716949832 1.662294e-08 0.3232148904063955 
552634658 1.4e-08 0.38377012359514884 
3707800333 1.423396e-08 0.24389408562620485 
2185291493 1.423396e-08 0.24389408562620485 
4287239676 1.423396e-08 0.24389408562620485 
1462644303 1.423396e-08 0.24389408562620485 
4088625113 1.423396e-08 0.24389408562620485 
1237914369 1.4273710000000001e-08 0.24321487959612284 
1002680420 1.4e-08 0.20056789031010755 
