179097684 7.754807999999999e-07 0.6429280051939118 
1572835533 2.2766300000000003e-06 0.5059023315901532 
2799798816 5.5932038e-06 0.570942767910779 
4031050948 7.7270053e-07 0.46588841224316796 
426576124 4.702955e-07 0.34569946662637585 
2440120768 2.7933089999999998e-08 0.49958669091031466 
1347872676 2.791e-08 0.5 
2710766136 1.90182e-08 0.7337708090145229 
300193622 2.791e-08 0.3 
3384709749 2.791e-08 0.3 
3396227953 1.437577e-08 0.5153846579983452 
2898323513 1.458727e-08 0.5000000895736454 
4096225443 1.488967e-08 0.4898453966162413 
2681498831 1.413618e-08 0.4709270676723563 
481808867 1.413618e-08 0.4709270676723563 
649593533 1.463452e-08 0.23839182972861428 
114837353 1.498228e-08 1.0 
1703904600 1.645319e-08 0.8908625014358904 
3284371529 1.558052e-08 0.29855657363596766 
3654632673 2.091e-08 0.33369201339072213 
128622011 1.523087e-08 0.478871942747522 
3609244734 1.446336e-08 0.36143053896190175 
2039580977 1.419886e-08 0.48285353862835545 
2262451740 1.4e-08 0.7028398426042898 
2653682721 1.4e-08 0.6388448159658016 
1035993485 1.495247e-08 0.2456862615962279 
3582615942 4.787646e-08 0.6518735894535741 
397871699 1.4e-08 0.4856918685646591 
3113011764 1.4e-08 0.5258915823495878 
987951561 1.4e-08 0.5292179503509195 
2625819210 1.467188e-08 0.5614927202780937 
1810710620 1.467188e-08 0.5614927202780937 
3992359301 1.4e-08 0.6102397842230609 
4003951159 1.58681e-08 0.6102397842230609 
2076479023 1.4e-08 0.24017110089375066 
2429918584 2.225871e-08 0.39775681208483143 
2818974547 1.4e-08 0.23775392126745043 
3918917420 1.4e-08 0.5070546882758716 
3030365988 1.4e-08 0.47550784253490075 
476539146 1.4e-08 0.4830314628411969 
1418880935 1.409337e-08 0.9933748989773198 
3492071944 1.75684e-08 0.19858097493226468 
2049910583 1.863228e-08 0.40491244620540884 
1554871714 1.4e-08 0.7542082791859313 
2745937630 1.50528e-08 0.5502148283153984 
2664573428 1.4e-08 0.538889008736327 
2765174409 1.4e-08 0.5070546882758719 
1723287288 1.4e-08 0.26240117542355346 
