3534547045 1.56237102e-06 0.48916435175967604 
3373526895 2.821293e-06 0.3980729698509259 
2340740170 1.27675902e-06 0.2884953625503122 
1572835533 9.8461264e-07 0.3000503552277569 
1465560917 1.389556e-06 0.2786985375641851 
3004792470 7.1254299e-07 0.21968344232668982 
426576124 3.6283e-07 0.13076923076923078 
1516068388 2.796249e-08 0.29943685272663484 
1481166135 2.791e-08 0.3 
2408568032 2.791e-08 0.3 
3774459889 2.791e-08 0.3 
3933289935 1.497875e-08 0.558991905199032 
511603307 2.791e-08 0.3 
1593850299 1.4000009999999996e-08 0.5980710013778563 
598947138 2.791e-08 0.3 
659524895 2.1584080000000002e-08 0.387924803836902 
2466232951 2.791e-08 0.3 
333964007 2.791e-08 0.3 
3197676583 2.791e-08 0.3 
3891448235 2.791e-08 0.3 
3823443426 1.4e-08 0.5980714285714286 
164438789 2.791e-08 0.3 
1664502715 2.791e-08 0.3 
385785803 1.4e-08 0.19935714285714287 
1128709694 1.4e-08 0.19935714285714287 
937177227 1.46505e-08 0.29999999999999993 
2999719241 1.46505e-08 0.29999999999999993 
1931993247 1.46505e-08 0.29999999999999993 
1172086036 1.405249e-08 0.29999998925116494 
4083845756 1.4e-08 0.5639457142857146 
898751805 1.551056e-08 0.0749758014324864 
2125331604 1.472778e-08 0.2999999785023303 
4240624600 1.472778e-08 0.2999999785023303 
3349724438 1.472778e-08 0.2999999785023303 
4253718737 1.472778e-08 0.2999999785023303 
3815024321 1.4e-08 0.5980714285714285 
3604532305 1.545556e-08 0.29999997850233007 
2533881277 1.475853e-08 0.04963400826505077 
472358284 1.863232e-08 0.44938031083077395 
4055959668 2.091e-08 0.2002152080344333 
2848685905 1.420773e-08 0.37862945104343887 
1896745001 1.793336e-08 0.23344767334388908 
3099973400 1.430674e-08 0.7315607888309984 
754560055 1.430674e-08 0.7315607888309984 
3563522875 1.4e-08 0.29796871101790606 
3302973195 1.403102e-08 0.29796871101790606 
2589646060 1.403102e-08 0.29796871101790606 
3433591204 1.403102e-08 0.29796871101790606 
1237914369 1.403102e-08 0.29796871101790606 
2649056468 1.403102e-08 0.29796871101790606 
1771264541 1.4e-08 0.30112477492515016 
3449694611 1.4e-08 0.3842475007480998 
1194638860 1.711796e-08 0.24456769381398252 
114837353 1.711796e-08 0.24456769381398252 
