179097684 4.7894061e-07 0.6817611442480821 
3921011129 1.0529590300000002e-06 0.6498832929492115 
3150846686 2.63791477e-06 0.5897323234777658 
545239233 2.139872e-06 0.5093713518972458 
1222799196 3.450772e-06 0.5089753480633376 
426576124 3.4994260999999996e-07 0.30742021962146066 
618276123 3.2426337e-07 0.2951771020297935 
905418128 2.2334360000000002e-08 0.950101547570649 
790319072 4.235748e-08 0.5000000000000001 
2440120768 2.791e-08 0.5 
732124878 2.791e-08 0.5 
1878784256 2.791e-08 0.5 
290926289 5.582e-08 0.5 
129185354 2.663349e-08 0.52396437718076 
2261252686 2.791e-08 0.5 
3833318790 3.22704e-08 0.646204799960316 
2545005546 1.4000000000000003e-08 0.5980714285714285 
266059373 2.791e-08 0.3 
879162223 1.411483e-08 0.3000000097716688 
4253718737 2.183063e-08 0.47891425946021715 
3653734512 2.091e-08 0.33369201339072213 
1405660995 1.404397e-08 0.5000000275588397 
250719570 1.4000010000000003e-08 1.0 
2719204682 1.4e-08 0.5015703847882512 
3449694611 1.4e-08 0.5 
2341758500 1.457958e-08 0.4286737776473309 
3967778277 1.464215e-08 0.49997027733885707 
2670951229 1.464215e-08 0.49997027733885707 
381652938 1.632472e-08 0.4430350973927647 
1965662198 2.202734e-08 0.4746358122866314 
3279439195 1.4e-08 0.2965408168103168 
3284371529 1.415617e-08 0.257680821867375 
2655011401 1.4e-08 0.5159814285714287 
3879652638 1.462484e-08 0.3370914722320982 
1629863604 1.637141e-08 0.22063596544309247 
1501621654 1.4e-08 0.5166017082221154 
213831427 1.4e-08 0.4819970500849414 
4148810631 1.401449e-08 0.49222535937015055 
2056593038 1.401449e-08 0.49222535937015055 
3863839146 1.401449e-08 0.49222535937015055 
834694043 1.4e-08 0.5509468339009341 
1972280475 1.4921619999999998e-08 0.5801804147502729 
3269595313 1.4e-08 0.9967864262760187 
1780437574 1.4e-08 0.25799071428571435 
3654632673 1.4e-08 1.0 
1367591863 1.4e-08 0.49273481261709845 
3019838765 1.407809e-08 0.4354289265299157 
1411431829 1.4e-08 0.5747716006317216 
36058418 1.4e-08 0.19188363483237297 
2830063464 1.4e-08 0.4974105899704727 
3548864168 1.869811e-08 0.43035401505201626 
2983660352 1.4e-08 0.4927348126170986 
2299185056 1.719831e-08 0.20034400677267633 
3737371746 1.719831e-08 0.20034400677267633 
