3534547045 1.188637e-06 0.6736902126298572 
2235064901 3.3310810000000003e-06 0.5842347207789834 
1572835533 5.41263502e-06 0.48760214424795456 
2519559028 8.9573568e-07 0.3737684670487791 
2620740164 1.3999999999999998e-08 0.9967857142857144 
2326007700 1.4e-08 0.9967857142857143 
1104410542 1.472778e-08 0.2999999570046641 
3869596591 1.498425e-08 0.29486516620946335 
2848685905 1.425981e-08 0.5047997653628105 
3707800333 1.46505e-08 0.300000048858351 
309459595 1.518632e-08 0.28941512596858693 
1323984060 1.4e-08 0.5069542585545909 
1987038079 1.450596e-08 0.5000000597157599 
3797386594 1.450596e-08 0.5000000597157599 
241690685 1.76573e-08 0.41543284843290756 
2810179169 1.444e-08 0.4254300869724662 
213831427 2.091e-08 0.29999983876755376 
3320450569 1.4e-08 0.5032150758749757 
1268185054 1.4e-08 0.5032150758749757 
4108567391 1.1203798000000001e-07 0.6689855115348744 
3132125139 1.426768e-08 0.3659406788075972 
3242796679 1.426768e-08 0.3659406788075972 
444974319 1.426768e-08 0.3659406788075972 
3734593757 1.426768e-08 0.3659406788075972 
111235536 1.426768e-08 0.3659406788075972 
1490861810 1.426768e-08 0.3659406788075972 
845186953 1.426768e-08 0.3659406788075972 
2279859862 1.426768e-08 0.3659406788075972 
1407916447 1.426768e-08 0.3659406788075972 
3539250331 2.853536e-08 0.3659406788075972 
2929070229 1.426768e-08 0.3659406788075972 
368451981 1.426768e-08 0.3659406788075972 
2937776487 1.426768e-08 0.3659406788075972 
4232177374 1.426768e-08 0.3659406788075972 
34775558 1.426768e-08 0.3659406788075972 
747443871 1.426768e-08 0.3659406788075972 
2640871332 1.426768e-08 0.3659406788075972 
1056843563 1.426768e-08 0.3659406788075972 
303951786 1.426768e-08 0.3659406788075972 
834694043 1.426768e-08 0.3659406788075972 
3563967453 1.426768e-08 0.3659406788075972 
1235889872 1.990768e-08 0.1744345698975755 
3775520932 1.990768e-08 0.1744345698975755 
3568714221 1.4e-08 0.3729374645863984 
