179097684 9.030329e-07 0.6730741263347461 
3534547045 3.7741490000000003e-06 0.6122982257768219 
1222799196 2.32455244e-06 0.48607620309596195 
4259593397 3.775073e-07 0.5192012543455637 
2487301543 2.791e-08 0.5 
739080713 2.791e-08 0.5 
326805806 1.399999e-08 0.9967864262760188 
3384709749 2.791e-08 0.3 
3245569981 2.791e-08 0.3 
1078741991 1.566419e-08 0.24274731090468138 
4209590891 1.652623e-08 0.21110380286369007 
410848061 1.411141e-08 0.5000000521186274 
2848685905 1.458727e-08 0.49999947748770684 
1826422368 1.458727e-08 0.49999947748770684 
1906851972 1.458727e-08 0.5000000895736453 
1896745001 1.458727e-08 0.5000000895736453 
2369258877 1.758997e-08 0.26359737964305796 
249728555 1.807835e-08 0.25647639303365627 
4285226245 1.4e-08 0.5 
2449448537 1.4e-08 0.4983928571428572 
627452446 1.748783e-08 0.18152890458783777 
2622395779 1.491488e-08 0.49532897737899584 
649593533 1.405857e-08 0.12734557095908933 
3707800333 1.969635e-08 0.37030350181491 
2348040613 1.4e-08 0.5039789811048082 
2733144751 2.4781700000000003e-08 0.6754059091256691 
2649056468 1.4000000000000001e-08 1.0 
2780384598 1.410477e-08 0.5933349717216089 
1495382923 1.410477e-08 0.5933349717216089 
2747938267 1.4209540000000002e-08 0.5889601851354651 
2744143284 1.427114e-08 0.3773746527953485 
2751602400 1.4e-08 0.5977756633461735 
4156410056 1.4e-08 0.53380366348749 
2197427154 1.4e-08 0.32642886129680354 
3690557900 1.464749e-08 0.32642886129680354 
769315986 1.464749e-08 0.32642886129680354 
1856937876 1.464749e-08 0.32642886129680354 
354497373 1.464749e-08 0.32642886129680354 
1230311851 1.464749e-08 0.32642886129680354 
3825172902 1.464749e-08 0.32642886129680354 
110318614 1.464749e-08 0.32642886129680354 
1063934737 1.464749e-08 0.32642886129680354 
2445084109 1.464749e-08 0.32642886129680354 
1905833305 1.464749e-08 0.32642886129680354 
3879652638 1.464749e-08 0.32642886129680354 
1629863604 1.464749e-08 0.32642886129680354 
3076001680 1.464749e-08 0.32642886129680354 
1493833725 1.464749e-08 0.32642886129680354 
564959126 1.4e-08 0.38468359638069805 
3584287056 1.450781e-08 0.5151191867569854 
2282291379 1.4e-08 0.5338036634874899 
1483909303 1.464067e-08 0.1643397296708415 
63319263 1.4e-08 0.49532897737899595 
3673394291 1.4e-08 0.5209740219024963 
4188119649 1.4e-08 0.5977752363635572 
1275089537 1.4e-08 0.7467857142857142 
3700209637 1.4e-08 0.9967864262760185 
3320450569 1.979096e-08 0.6827690380042244 
