179097684 4.2101331e-07 0.6937278115256248 
3534547045 1.34022998e-06 0.6627216674047081 
3921011129 1.34195935e-06 0.6741187817889913 
545239233 1.22343481e-06 0.5162379201865066 
1465560917 2.539681e-06 0.49282190896741596 
4259593397 2.5649368799999997e-06 0.49283157919966614 
2519559028 7.5873166e-07 0.4679886897161411 
790319072 2.791e-08 0.5 
741863299 2.480531e-08 0.5625811570183965 
739080713 2.791e-08 0.5 
2620740164 2.791e-08 0.5 
1239791232 4.249495e-08 0.4375970414725297 
1664502715 2.791e-08 0.5 
921425487 7.066723e-08 0.34202010972753955 
3707879645 1.82884e-08 0.38152599461954023 
3604532305 1.458495e-08 0.31818171454294164 
965372172 1.458495e-08 0.31818171454294164 
3160344427 1.590942e-08 0.7601995128253135 
2674988631 1.484723e-08 0.49999991639795943 
2683944377 1.484723e-08 0.49999991639795943 
2024675612 1.607932e-08 0.22266265461115156 
1462644303 1.43697e-08 0.4855703320180659 
2649056468 1.710469e-08 0.44423192227490765 
1089013536 1.407213e-08 0.2769727130794953 
552498239 1.462918e-08 0.5031189596998096 
481049431 1.401288e-08 0.5031189596998096 
2353028958 1.401288e-08 0.5031189596998096 
3449694611 1.401288e-08 0.5031189596998096 
1194638860 1.401288e-08 0.5031189596998096 
2341758500 1.401288e-08 0.5031189596998096 
2780384598 1.401288e-08 0.5031189596998096 
3342541004 1.401288e-08 0.5031189596998096 
1577969976 1.401288e-08 0.5031189596998096 
695939830 1.401288e-08 0.5031189596998096 
19131048 1.401288e-08 0.5031189596998096 
2426951832 1.401288e-08 0.5031189596998096 
3526559023 1.401288e-08 0.5031189596998096 
73116178 1.401288e-08 0.5031189596998096 
2789301560 1.401288e-08 0.5031189596998096 
224410298 1.401288e-08 0.5031189596998096 
2704180049 1.401288e-08 0.5031189596998096 
