3534547045 2.4625003399999997e-06 0.4238557792189242 
545239233 2.7805920000000003e-06 0.35522339316285734 
1572835533 3.00568e-06 0.3042442709428989 
2984600922 1.579814e-06 0.27615418756065424 
426576124 2.791e-07 0.1 
1516068388 1.399999000000001e-08 0.9999999999999998 
551137729 1.472778e-08 0.09999998566822141 
313359544 2.091e-08 0.30000000000000027 
4187488967 2.1372150000000003e-08 0.19588576722510367 
1837088337 1.40069e-08 0.08011895547328247 
875106938 1.416714e-08 0.039606377766391775 
3468130899 1.4e-08 0.040079221336382836 
1803012522 1.469434e-08 0.9999999999999996 
238807518 1.538868e-08 0.9999999999999991 
1734007597 1.4e-08 1.0 
