179097684 9.030329e-07 0.4768169040371157 
3534547045 3.7741490000000003e-06 0.41041486434769714 
1222799196 2.32455244e-06 0.28947002150657525 
4259593397 3.775073e-07 0.3115207526073383 
2487301543 2.791e-08 0.3 
739080713 2.791e-08 0.3 
326805806 1.399999e-08 0.5980718557656113 
3384709749 2.791e-08 0.1 
3245569981 2.791e-08 0.1 
1078741991 1.566419e-08 0.044544275829136365 
4209590891 1.652623e-08 0.12666228171821406 
410848061 1.411141e-08 0.30000003127117647 
2848685905 1.458727e-08 0.2999996864926242 
1826422368 1.458727e-08 0.2999996864926242 
1906851972 1.458727e-08 0.3000000537441873 
1896745001 1.458727e-08 0.3000000537441873 
2369258877 1.758997e-08 0.07933498465318585 
249728555 1.807835e-08 0.0771917791170101 
4285226245 1.4e-08 0.2999999999999994 
2449448537 1.4e-08 0.29903571428571435 
627452446 1.748783e-08 0.06183614209143964 
2622395779 1.491488e-08 0.2991899851532281 
649593533 1.405857e-08 0.07691962559143213 
3707800333 1.969635e-08 0.22218210108894604 
2348040613 1.4e-08 0.302387388662885 
2733144751 2.4781700000000003e-08 0.4414655681810682 
2649056468 1.4000000000000001e-08 0.7262448430297432 
2780384598 1.410477e-08 0.3878215409039913 
1495382923 1.410477e-08 0.3878215409039913 
2747938267 1.4209540000000002e-08 0.3849620491230813 
2744143284 1.427114e-08 0.1466771400182466 
2751602400 1.4e-08 0.39072411019553505 
4156410056 1.4e-08 0.3355210119228583 
2197427154 1.4e-08 0.12642886455806016 
3690557900 1.464749e-08 0.12642886455806016 
769315986 1.464749e-08 0.12642886455806016 
1856937876 1.464749e-08 0.12642886455806016 
354497373 1.464749e-08 0.12642886455806016 
1230311851 1.464749e-08 0.12642886455806016 
3825172902 1.464749e-08 0.12642886455806016 
110318614 1.464749e-08 0.12642886455806016 
1063934737 1.464749e-08 0.12642886455806016 
2445084109 1.464749e-08 0.12642886455806016 
1905833305 1.464749e-08 0.12642886455806016 
3879652638 1.464749e-08 0.12642886455806016 
1629863604 1.464749e-08 0.12642886455806016 
3076001680 1.464749e-08 0.12642886455806016 
1493833725 1.464749e-08 0.12642886455806016 
564959126 1.4e-08 0.1495179639414028 
3584287056 1.450781e-08 0.3237769289038123 
2282291379 1.4e-08 0.33552101192285827 
1483909303 1.464067e-08 0.1643397296708415 
63319263 1.4e-08 0.29918998515322814 
3673394291 1.4e-08 0.312584413141498 
4188119649 1.4e-08 0.39072383110688497 
1275089537 1.4e-08 0.44807142857142734 
3700209637 1.4e-08 0.5980718557656112 
3320450569 1.979096e-08 0.42045975499635363 
