179097684 6.7087647e-07 0.6731557709438116 
3373526895 1.81970415e-06 0.6613907029221143 
3150846686 2.3101002e-06 0.5395631351902966 
2340740170 1.56804596e-06 0.49777734273121527 
1075699702 4.6958862e-06 0.47317977783658344 
3736601249 2.791e-08 0.5 
251961497 1.3999999999999998e-08 0.5980714285714287 
921425487 2.147549e-08 0.3898863308823221 
3015378843 2.791e-08 0.3 
865537991 2.791e-08 0.3 
438292632 1.545765e-08 0.45139461690489824 
2177968201 1.495727e-08 0.293500834160849 
3783228500 1.400916e-08 0.49999963050905205 
220564665 1.415349e-08 0.4770488069946898 
766581564 1.429791e-08 0.5000001173824102 
2606325002 1.453188e-08 0.48561587352847374 
1314810707 1.429181e-08 0.4034803899757484 
1499007652 1.4e-08 0.5003267731244421 
3467386575 1.660873e-08 0.1735974114895992 
1703904600 1.414436e-08 0.4168223980446853 
1840937626 1.41352e-08 0.41709251047083346 
213831427 1.4e-08 0.4073337523785215 
846691466 2.82704e-08 0.41451467990861784 
3962269793 2.085417e-08 0.3383933093578386 
977281884 3.4032429999999995e-08 0.3744653794575002 
3578947201 1.461195e-08 0.2097691791500905 
571790981 1.461195e-08 0.2097691791500905 
2606270759 1.469815e-08 1.0 
2800683865 1.40226e-08 0.21022085968391468 
480183180 1.40226e-08 0.21022085968391468 
