3534547045 1.70413463e-06 0.6416384121445375 
3373526895 3.43315087e-06 0.5704900822988798 
2799798816 2.9093520000000004e-06 0.508455460895489 
618276123 2.931e-07 0.309012543392512 
197654791 1.4e-08 0.9967857142857143 
3988949870 2.791e-08 0.5 
315200650 2.791e-08 0.5 
3736894086 2.295127e-08 0.6080273553489632 
3490627259 2.791e-08 0.5 
911013108 2.791e-08 0.5 
3475245566 3.598829e-08 0.41826093915059254 
3869596591 1.4e-08 0.9967857142857144 
879162223 1.438751e-08 0.4755219261946831 
3528332227 2.820263e-08 0.49079034680089245 
3149440925 1.420263e-08 0.4817119412633622 
134948105 1.420263e-08 0.4817119412633622 
174500547 1.75631e-08 0.1986409005243949 
3678948817 1.907266e-08 0.3992843683052075 
3952655669 1.418488e-08 0.4919845188298153 
1736323711 1.4680690000000001e-08 0.47536875728992783 
781549661 1.4e-08 0.2492407629092382 
2597880038 1.405558e-08 0.24825518980570963 
4285226245 1.427777e-08 0.5480513721365025 
2707460946 1.432938e-08 0.5460774604029895 
2719204682 1.44804e-08 0.5403822711768591 
1055469694 1.44075e-08 0.5431165323303412 
2716949832 1.427777e-08 0.5480513721365025 
1061526795 1.4e-08 0.5061092048101621 
695939830 1.4e-08 1.0 
73116178 1.412973e-08 0.4727263701304892 
2766526296 1.4e-08 0.9967857142857142 
110439229 1.433431e-08 0.5504071572363459 
1449522982 1.425753e-08 0.5533712233496634 
360107933 1.418121e-08 0.5563493395869975 
470332523 1.4275090000000001e-08 0.552690513197782 
3217169414 1.418121e-08 0.5563493395869975 
3418547556 1.4588700000000001e-08 0.5408094496455835 
4263904522 1.41531e-08 0.500709495413449 
762210064 1.41531e-08 0.500709495413449 
964813250 1.416939e-08 0.500133849060269 
3971437066 1.41531e-08 0.500709495413449 
2855048822 1.471371e-08 0.4816318630403946 
2197427154 1.837396e-08 0.37235176675824183 
4185666246 1.4e-08 0.47710685527313396 
1924091726 1.4781e-08 0.26688658806208 
3822766993 1.4e-08 0.2521888252982281 
3730019172 1.4e-08 0.24924076290923827 
1501621654 1.4e-08 0.49848116976049806 
3673394291 1.58131e-08 0.11031201978106761 
3320450569 1.913994e-08 0.41221167976725775 
4148810631 1.4e-08 0.5635500844674058 
1140472632 1.4e-08 0.25305478315836855 
933412597 2.811668e-08 0.4574651923443958 
3962269793 1.40228e-08 0.6382410577424716 
604674024 1.4e-08 0.9999999999999999 
921835634 1.4e-08 0.4771068552731341 
4081327903 1.4e-08 0.5061851113954348 
2118254765 1.414142e-08 0.2519241105523421 
3580551846 1.414142e-08 0.2519241105523421 
3416864524 1.55585e-08 0.25354972581047425 
2130045942 1.4e-08 0.47710719606398827 
14462253 1.4e-08 0.9755890779409521 
1937837823 1.4e-08 0.47710685527313407 
2252599940 1.715942e-08 0.10287770665253228 
2922107309 1.715942e-08 0.10287770665253228 
