179097684 1.06994e-06 0.45953070832132903 
3373526895 3.362108e-06 0.37858998515337416 
3921011129 1.029202e-06 0.39163055600178903 
1465560917 1.53084393e-06 0.2951060793521102 
426576124 8.8721803e-07 0.16760163944762888 
636961411 1.4000000000000001e-08 0.5980714285714285 
2932274237 4.141207e-08 0.25273428737080755 
717226258 2.719206e-08 0.3079207680477316 
1434498202 1.4000000000000001e-08 0.5980714285714285 
2870158420 2.6114309999999998e-08 0.3206288046668666 
315200650 2.791e-08 0.3 
3176785673 2.791e-08 0.3 
1434594601 1.4658859999999997e-08 0.5711903927044806 
2261252686 2.791e-08 0.3 
4226750145 2.791e-08 0.3 
199935986 2.791e-08 0.3 
3268335666 1.4000000000000003e-08 0.5980714285714285 
2326007700 1.399999e-08 0.5980718557656113 
825415804 2.791e-08 0.1 
1134132465 2.791e-08 0.1 
15308464 1.492709e-08 0.2979432666442691 
3321237907 1.541202e-08 0.28856865979235713 
3330100144 1.5080590000000003e-08 0.2949106073497789 
3642829293 1.4e-08 0.8971071428571431 
451270221 1.424046e-08 0.29999991554488764 
2177968201 1.424046e-08 0.29999991554488764 
1382686479 1.424046e-08 0.29999991554488764 
4069401935 1.656671e-08 1.0 
2945849429 1.548272e-08 0.1802654830675747 
3113062634 1.41535e-08 0.29999997333287515 
1565786989 1.41535e-08 0.29999997333287515 
3121292019 1.41535e-08 0.29999997333287515 
3297362622 1.41535e-08 0.29999997333287515 
3604532305 1.41535e-08 0.29999997333287515 
1820499179 1.41535e-08 0.29999997333287515 
1072840122 2.120309e-08 0.24654425369132493 
1826422368 1.741e-08 0.12023262492820223 
250719570 1.8670420000000003e-08 0.14948779941747417 
2066612683 1.573044e-08 0.1330700008907101 
1002680420 1.410234e-08 0.295559788637858 
3467386575 2.593194e-08 0.16477251291525924 
2744143284 1.594919e-08 0.26622352749994505 
399492375 1.4e-08 0.3127673528742834 
2748669076 1.407523e-08 0.15176081660194365 
933412597 1.506244e-08 0.8205936659095636 
2231250662 1.482198e-08 0.833906324063509 
3085765731 1.482198e-08 0.833906324063509 
102828162 1.482198e-08 0.833906324063509 
4175762635 1.556309e-08 0.2813547031684604 
2316491956 5.708666e-07 0.28681759035984994 
3229926557 1.412193e-08 0.25259977747344475 
480183180 2.689884e-08 0.2652304988241548 
3892593010 1.412193e-08 0.25259977747344475 
2922107309 1.412193e-08 0.25259977747344475 
34775558 1.4e-08 0.2977203306928009 
1235889872 1.454667e-08 0.24867781246219445 
36858200 1.90235e-08 0.3667834512015207 
340569875 1.4e-08 0.3125843758090684 
4292574364 1.898671e-08 0.45209087895129996 
3269561540 4.57215e-08 0.5417427756055598 
2126166399 1.4e-08 0.5980714285714287 
363773044 1.411798e-08 0.1549861528061552 
312808672 1.4e-08 0.2977205433503317 
1563060474 1.6216849999999997e-08 0.4302629272631378 
3790847783 1.424864e-08 0.153564875711891 
2747516691 1.424864e-08 0.153564875711891 
1780437574 1.4e-08 0.2547997411068261 
1441326850 1.682905e-08 0.06346375598729342 
1869505131 1.682905e-08 0.06346375598729342 
792228939 1.4e-08 0.2977203306928007 
3805166987 1.4e-08 0.3125843758090684 
3654632673 1.666401e-08 0.05209899925117819 
717671056 1.4e-08 0.6131223057907413 
3858463531 1.4e-08 0.29555958210095534 
1421662397 1.4e-08 0.3052050656119809 
2661924784 1.4e-08 0.3052050656119808 
1367690675 1.4e-08 0.30515262838002505 
3216152648 1.4e-08 1.0 
