179097684 5.8830259e-07 0.49223061658867073 
3534547045 7.2631324e-07 0.49093556581955355 
3921011129 1.23673904e-06 0.4723091853106721 
2235064901 7.5944679e-07 0.41913866188857424 
2340740170 3.9273210000000004e-06 0.28531102608769426 
2246051850 1.7276610899999999e-06 0.2823455014398014 
2799798816 1.8999560800000002e-06 0.23104201323808163 
618276123 2.931e-07 0.10102984911780878 
811613008 2.5334319999999997e-08 0.3305002857783434 
3108364485 2.791e-08 0.1 
2795063678 1.465413e-08 0.3000000248050073 
845665321 1.428206e-08 0.1539077473241186 
395113485 2.838548e-08 0.2779508826521896 
3633199892 1.429914e-08 0.30254787881453277 
439844059 1.458727e-08 0.1166667084677087 
2024675612 1.4e-08 0.3090124625622884 
3433591204 2.8728916e-07 0.302710026752886 
4256642775 1.467745e-08 0.29361540007853487 
393090083 1.424864e-08 0.05971969171899051 
3607413901 1.399999e-08 0.44807136100662764 
3381587904 1.415404e-08 0.17707118675120728 
19131048 1.415404e-08 0.17707118675120728 
2654473721 1.430808e-08 0.17516484812246352 
2747938267 1.4e-08 0.17901947572314705 
1923515514 1.779916e-08 0.1408084797329794 
96665495 1.458569e-08 0.09141428593744427 
360107933 1.4e-08 0.17901947572314697 
4138371369 1.420862e-08 0.15223767247882056 
