179097684 6.988500999999999e-07 0.464187990623965 
3373526895 1.366708e-06 0.47506779063893945 
2235064901 1.4114682799999999e-06 0.416471707803946 
3150846686 4.40617969e-06 0.2730199747286411 
4031050948 1.8804126e-06 0.2766440735527264 
129185354 2.796194e-08 0.29944274252787895 
3736894086 2.791e-08 0.3 
199935986 2.791e-08 0.3 
2027098952 1.487161e-08 0.2897921433573824 
309459595 1.7883000000000002e-08 0.2924427527587207 
2704180049 1.450602e-08 0.28890538295864554 
515125813 1.44505e-08 0.12147994253736247 
2454553876 1.47161e-08 0.11928744094129262 
3339828518 1.44505e-08 0.12147994253736247 
110318614 1.4e-08 0.1253889935454397 
2056593038 1.4e-08 0.2864440069644996 
3962269793 1.404118e-08 0.012502123465361758 
253060996 1.545501e-08 0.9966392774899531 
486617589 1.4e-08 0.299347661664698 
3132125139 1.42656e-08 0.279845989138529 
2937776487 1.42656e-08 0.279845989138529 
1972280475 1.4e-08 0.24810459417464545 
3790847783 1.422736e-08 0.2785071036697305 
1780437574 1.4e-08 0.07138007010131547 
1568097097 1.403464e-08 0.5701208299006784 
987951561 1.421464e-08 0.27626888643269487 
2076479023 1.41627e-08 0.2772820693682449 
4033914667 1.4408337e-06 0.27593090272520354 
158383826 1.423138e-08 0.2805305232298076 
4173667888 1.4e-08 0.19399707381760692 
1170376605 1.4e-08 0.2864440069644996 
937108946 1.508853e-08 0.2626116296672289 
2666331198 1.4e-08 0.2864440069644997 
3029967998 1.4e-08 0.5980710013778561 
2974776181 1.4e-08 0.2002660621301123 
3365535355 1.4e-08 0.28644400696449984 
2796062071 1.4e-08 0.2864440069644996 
