179097684 8.2318908e-07 0.48780491368605866 
3534547045 2.32908284e-06 0.4251378750068298 
545239233 2.1353453100000004e-06 0.32823479966087005 
1222799196 3.21975445e-06 0.2930640156164809 
3737780296 1.349516e-06 0.24487780488361863 
1403705120 3.3492e-07 0.11666666666666668 
3498415124 1.400001e-08 0.5980710013778562 
3953846011 2.791e-08 0.3 
1651612823 2.791e-08 0.3 
3279231079 1.4e-08 0.9999999999999998 
2956861855 1.4e-08 0.19935714285714287 
253808213 2.791e-08 0.1 
754869367 2.791e-08 0.1 
217284033 1.646287e-08 0.5085990474321912 
2250775120 1.523127e-08 0.38435163623130814 
3016084464 1.453458e-08 0.3000000661466948 
4075596975 1.453458e-08 0.3000000661466948 
220564665 1.741e-08 0.5302398386925612 
2027098952 1.4e-08 0.618948271892241 
1543523724 2.091e-08 0.2002152080344333 
72955594 1.402474e-08 0.07684082375067279 
1314810707 1.4e-08 0.30790644985400306 
4138371369 1.402397e-08 0.28897296433267267 
241690685 1.40672e-08 0.5952139743012104 
1871304206 1.427021e-08 0.15780395588372587 
3408999490 1.494491e-08 0.6422528709063474 
3085765731 1.444316e-08 0.39502570931354847 
571790981 1.422158e-08 0.40118042606581483 
1852572783 1.4e-08 0.3073198357647458 
