3921011129 2.8031900000000003e-06 0.6399799075355985 
3150846686 1.948235e-06 0.5461648203697602 
2246051850 3.66072138e-06 0.4925497343983958 
2555962951 6.671352e-07 0.37664965062554023 
2937387076 2.231499e-08 0.6253643851061551 
1434498202 1.4e-08 1.0 
102901530 1.4e-08 0.9967857142857143 
598947138 1.4e-08 0.9967857142857143 
2440120768 2.791e-08 0.5 
1878784256 2.7886270000000002e-08 0.7551577793452262 
290926289 1.4000010000000001e-08 0.9967850022964269 
164438789 2.791e-08 0.5 
443746396 2.791e-08 0.5 
4188445920 2.791e-08 0.5 
2856850640 2.791e-08 0.5 
3108364485 2.791e-08 0.3 
728028737 2.791e-08 0.3 
769686034 2.791e-08 0.3 
3462747 1.4e-08 0.5980714285714286 
754869367 2.791e-08 0.3 
43001897 2.791e-08 0.3 
1128709694 1.4e-08 0.5980714285714286 
2729381062 2.791e-08 0.3 
4260098875 1.512056e-08 0.29220699278162643 
821115011 1.446266e-08 0.5000000651444663 
1149406307 1.74325e-08 0.3195611644916105 
3632514288 1.403622e-08 0.4999999044548134 
3929228125 1.998986e-08 0.35618404886875116 
4285226245 1.530738e-08 1.0 
3302973195 1.863091e-08 0.7490240680675286 
2185291493 1.421171e-08 0.672558610849559 
3180086772 1.421171e-08 0.672558610849559 
1657444763 1.4e-08 0.522478145783426 
4193709834 1.427201e-08 0.32592933067358193 
2655011401 1.456135e-08 0.35088338594870966 
2197427154 1.468225e-08 0.9999999999999946 
3824375258 1.4e-08 0.6983123886770667 
3378187523 2.091e-08 0.33369201339072213 
3408999490 1.400001e-08 0.9999999999999999 
3438744891 1.5187e-08 0.22686758501718493 
213831427 1.824907e-08 0.6916290554504704 
2993076447 1.425608e-08 0.2695936114438392 
1426981231 1.4991283000000002e-07 0.7195592437396997 
3872525629 2.132017e-08 0.3272722497053259 
3827929005 1.766266e-08 0.49720117588892915 
2574253871 1.439278e-08 0.49720117588892915 
3700209637 2.254769e-08 0.6347530181859571 
1268185054 1.459985e-08 0.4901493604599131 
1140472632 1.439278e-08 0.49720117588892915 
975973597 1.439278e-08 0.49720117588892915 
3962269793 1.439278e-08 0.49720117588892915 
3421068049 1.464886e-08 0.48850949086213274 
3953247145 1.707393e-08 0.40866384931183114 
335748715 1.458713e-08 0.49135281133381536 
253060996 1.74325e-08 0.39961279219847984 
3578947201 1.74325e-08 0.39961279219847984 
571790981 1.74325e-08 0.39961279219847984 
2308303797 2.091e-08 0.33369201339072213 
2256454524 1.4e-08 0.626637844683488 
4281208133 2.091e-08 0.33369201339072213 
1179141501 2.091e-08 0.33369201339072213 
3325553423 1.4e-08 0.5111505100221901 
1852572783 1.43739e-08 0.6052785957066625 
2233621492 1.43739e-08 0.6052785957066625 
3229926557 1.567125e-08 0.22226210417165196 
2972065009 1.567125e-08 0.22226210417165196 
1823433846 1.406461e-08 0.26003899293929816 
4052933330 2.806461e-08 0.6275642889918649 
