179097684 5.7308668e-07 0.6594931124300069 
3534547045 1.0248061300000001e-06 0.6932384391582984 
3921011129 8.12997e-07 0.6906089532811504 
3150846686 1.119063e-06 0.5622517941619205 
2340740170 2.5299084699999997e-06 0.5024829783541603 
1572835533 2.7031046700000002e-06 0.47921936815069793 
1075699702 1.498037e-06 0.4792337641223774 
3800257563 7.964485900000001e-07 0.3908393595904276 
4046076794 2.791e-08 0.5 
315200650 2.4321789999999997e-08 0.5737653355283473 
129185354 2.441969e-08 0.5714650759284823 
1347872676 2.791e-08 0.5 
3833318790 2.791e-08 0.5 
2681375347 2.791e-08 0.3 
828787466 2.791e-08 0.3 
1498734392 2.791e-08 0.3 
2013640095 1.407925e-08 0.25300549746270995 
2681498831 1.429087e-08 0.4734954091387674 
2719204682 1.429087e-08 0.4734954091387674 
2343849308 1.429087e-08 0.4734954091387674 
2950407739 1.435167e-08 0.39426135739842794 
2747938267 1.410861e-08 0.4927137521805654 
66064165 1.410861e-08 0.4927137521805654 
105819081 2.821722e-08 0.4927137521805654 
533433650 1.410861e-08 0.4927137521805654 
3217169414 1.410861e-08 0.4927137521805654 
3418547556 1.410861e-08 0.4927137521805654 
755060644 1.410861e-08 0.4927137521805654 
1292024166 1.647772e-08 0.20811784257781576 
