179097684 9.305832e-07 0.639894388582158 
3150846686 8.10254573e-06 0.5386765413148505 
4031050948 4.9538e-07 0.4887318825951794 
426576124 2.791e-07 0.3 
211811971 1.4000000000000003e-08 0.996785714285714 
2298477853 2.791e-08 0.5 
3838279446 2.791e-08 0.5 
253808213 2.791e-08 0.3 
300193622 8.373e-08 0.30000000000000004 
2909632847 1.627333e-08 0.500000089573646 
1382686479 1.607776e-08 0.4999999786354253 
110358663 1.449922e-08 0.5000001553417136 
406745133 1.466812e-08 0.48586662933199304 
3099973400 1.43537e-08 0.25772800028125786 
2789348510 1.469716e-08 0.25170511837913523 
3314075649 1.4e-08 0.5178294465952628 
579073438 2.116942e-08 0.3296027949750158 
309459595 1.945303e-08 0.17934224128580484 
2348040613 1.741e-08 0.20038770821367033 
2353028958 1.4e-08 0.5643769626477598 
2980075456 1.807328e-08 0.5643769626477598 
1061526795 2.088858e-08 1.0 
695939830 1.4e-08 0.5422072958741717 
2135013218 1.425808e-08 0.49065766220878804 
470332523 1.425808e-08 0.49065766220878804 
1292024166 1.425808e-08 0.49065766220878804 
4105879141 1.4e-08 0.4899785016928569 
3981989558 1.720519e-08 0.5 
3971437066 1.4e-08 1.0 
101557930 1.4e-08 0.6545519156952195 
2222966094 1.511226e-08 0.4123760360106721 
871205577 1.407827e-08 0.46360520193065335 
2695808785 1.4e-08 0.46619708615601846 
213831427 1.4e-08 0.5163004967884409 
3297235373 1.6280740000000002e-08 0.2725800856353193 
1483909303 1.416043e-08 0.6655095648697396 
2279859862 1.651267e-08 0.5707073179363726 
2640871332 1.4e-08 0.6221877601867709 
2542288242 1.4e-08 0.5178294465952632 
303951786 1.4e-08 0.3155952404838679 
834694043 1.4e-08 0.4980148054702858 
2847894498 1.41873e-08 0.4947274226326569 
3548864168 1.4e-08 0.4661970861560185 
3031255937 3.558469e-08 0.7514490745606907 
251537365 1.5418403e-07 0.47693153768798174 
2813706888 4.1020770000000007e-08 0.651866904717514 
1663116443 1.403346e-08 0.47693153768798185 
687910112 1.40223e-08 0.4769316227526908 
2758596397 1.402509e-08 0.47693142426841706 
543650404 1.4e-08 0.47693136755865495 
1552816674 1.4e-08 0.47693153768798185 
3349800779 1.615403e-08 0.8666562667914651 
3312688964 1.932189e-08 0.2782050068216582 
1974243393 1.403346e-08 0.47693153768798185 
2123043148 1.4e-08 0.4553379968030403 
2378665575 1.401673e-08 0.23818272836844956 
1605385292 1.452307e-08 0.3244459197562363 
2350232122 1.452307e-08 0.3244459197562363 
1844403144 1.403346e-08 0.47693153768798185 
2798351548 1.4e-08 0.2812428926789386 
173807622 2.979402e-08 0.6360053528175459 
1286422349 1.4e-08 0.5013461687940212 
