179097684 6.7087647e-07 0.4734248536753664 
3373526895 1.81970415e-06 0.4583494846719715 
3150846686 2.3101002e-06 0.34189637611466017 
2340740170 1.56804596e-06 0.29446556250203126 
1075699702 4.6958862e-06 0.27251442582076435 
3736601249 2.791e-08 0.3 
251961497 1.3999999999999998e-08 0.19935714285714287 
921425487 2.147549e-08 0.12996211029410737 
3015378843 2.791e-08 0.1 
865537991 2.791e-08 0.1 
438292632 1.545765e-08 0.27083677014293894 
2177968201 1.495727e-08 0.09783361138694968 
3783228500 1.400916e-08 0.299999778305431 
220564665 1.415349e-08 0.27722035464134626 
766581564 1.429791e-08 0.3000000704294459 
2606325002 1.453188e-08 0.2900119554507095 
1314810707 1.429181e-08 0.20885367452538012 
1499007652 1.4e-08 0.30019606387466513 
3467386575 1.660873e-08 0.08985927985217934 
1703904600 1.414436e-08 0.2162826281696238 
1840937626 1.41352e-08 0.21642278528618625 
213831427 1.4e-08 0.21084829165446906 
846691466 2.82704e-08 0.21482938932845505 
3962269793 2.085417e-08 0.2020899865674374 
977281884 3.4032429999999995e-08 0.21072248085280654 
3578947201 1.461195e-08 0.1250898475088633 
571790981 1.461195e-08 0.1250898475088633 
2606270759 1.469815e-08 1.0 
2800683865 1.40226e-08 0.10908031872039776 
480183180 1.40226e-08 0.10908031872039776 
