179097684 6.184254999999999e-07 0.4693596942661618 
2235064901 2.44319736e-06 0.4762989419644861 
545239233 1.6848425e-06 0.3120810250109681 
1572835533 2.30188633e-06 0.2961977363231305 
1075699702 3.452416e-06 0.2528590522924848 
2519559028 5.6206378e-07 0.26852771397157815 
2440120768 1.399999e-08 0.5980718557656113 
3414514926 1.472778e-08 0.09999998566822137 
1541925803 1.438148e-08 0.2876477777887649 
2716949832 1.886455e-08 0.2721225081941819 
2704180049 1.639782e-08 1.0 
2391696826 1.402936e-08 0.48632608284437545 
4278040469 2.080476e-08 1.0 
3814978291 1.490162e-08 0.04941670063136482 
