179097684 6.8450435e-07 0.47934591625070727 
3534547045 1.163219e-06 0.48472601425502027 
3921011129 1.12691954e-06 0.4512495460321315 
2340740170 1.89569441e-06 0.3110465195920771 
2246051850 1.13607157e-06 0.3082226079940435 
4259593397 3.45341835e-06 0.2956657772281875 
2555962951 1.710271e-06 0.211486731914382 
290926289 2.791e-08 0.3 
164438789 4.08662e-08 0.20488814717296935 
2250757420 2.791e-08 0.1 
1837234470 1.401835e-08 0.2999997005684516 
481808867 1.485585e-08 0.2733333659779489 
3607413901 1.4e-08 0.22403571428571462 
1960974751 1.408392e-08 0.3078469530266561 
3180086772 1.408392e-08 0.3078469530266561 
79461789 1.408392e-08 0.3078469530266561 
72955594 1.408392e-08 0.3078469530266561 
1771264541 1.408392e-08 0.3078469530266561 
1759850032 1.416805e-08 0.28290793044260204 
2472898255 1.416805e-08 0.28290793044260204 
3459912306 1.416805e-08 0.28290793044260204 
381652938 1.475288e-08 0.5014369239269586 
