179097684 7.439075e-07 0.46444008381126833 
3921011129 2.409012e-06 0.46167601689574467 
545239233 1.67020145e-06 0.31110638561324383 
1572835533 5.791885e-07 0.2879061548326709 
1465560917 1.932578e-06 0.2888261628462447 
3737780296 9.212057e-07 0.28702559332056526 
4031050948 3.2249257e-07 0.2888427010892065 
426576124 3.3492e-07 0.10000000000000002 
3020817656 2.791e-08 0.5 
3084497907 2.791e-08 0.5 
1444500749 2.791654e-08 0.29992971908409854 
3279231079 2.791e-08 0.3 
1434594601 1.3999990000000003e-08 0.5980718557656112 
2909632847 1.458727e-08 0.30000005374418726 
1104410542 1.458727e-08 0.30000005374418726 
4260098875 2.521171e-08 1.0 
3593732192 5.2421409999999995e-08 0.2999998136869665 
1738909006 1.417142e-08 0.29818538831314295 
4198169764 1.408571e-08 0.2999998136869665 
451270221 1.44851e-08 0.14451056602992043 
3293059020 1.447508e-08 0.29999999999999993 
2159618959 1.516432e-08 0.28636457157327194 
3986570268 1.447508e-08 0.29999999999999993 
906368509 1.4e-08 0.31258441314149776 
4187488967 1.76834e-08 0.23674745806801864 
1565786989 1.476897e-08 0.8908928757226545 
2286860921 1.475615e-08 0.8916668748123062 
1867247157 1.669516e-08 0.1253806492420558 
3006103420 1.47538e-08 0.28641505074276724 
4096225443 1.464822e-08 0.19809780079796344 
3099973400 3.942667e-08 0.25437782878589865 
2789348510 1.4e-08 0.31018028571428574 
2606325002 1.412845e-08 0.24149161706613498 
1848242772 1.412845e-08 0.24149161706613498 
2343849308 1.412845e-08 0.24149161706613498 
627452446 1.412845e-08 0.24149161706613498 
552634658 1.412845e-08 0.24149161706613498 
3736523900 1.412845e-08 0.24149161706613498 
1503202005 1.412845e-08 0.24149161706613498 
550176535 1.412845e-08 0.24149161706613498 
3884987045 1.4e-08 0.48741460530543357 
309459595 1.4256900000000001e-08 0.2393158566825912 
79461789 2.091e-08 0.2002152080344333 
2353028958 1.421219e-08 0.29552101065484077 
3449694611 1.4e-08 0.2437073026527168 
2426951832 1.4e-08 0.29903571428571446 
3089865955 1.533077e-08 0.2225525682753075 
224410298 1.6746e-08 0.3002630755719704 
1759850032 1.4e-08 0.2990357142857142 
287394855 3.3804789999999997e-08 0.3715301884732904 
2670951229 1.980479e-08 0.21138825506354775 
2367820772 1.5778430000000002e-08 0.41694801557447764 
1495382923 1.4e-08 0.5980714285714286 
515125813 1.4e-08 0.12185373836474292 
2747938267 2.295343e-08 0.18409929913083314 
3363025910 1.412845e-08 0.23282048198425184 
764400056 1.505416e-08 0.5561917768909062 
1517815290 1.4e-08 0.8688756823868701 
2454553876 1.430865e-08 0.24149270733362393 
1923515514 1.430865e-08 0.24149270733362393 
3339828518 1.430865e-08 0.24149270733362393 
105819081 1.430865e-08 0.24149270733362393 
1601889739 1.430865e-08 0.24149270733362393 
381652938 1.430865e-08 0.24149270733362393 
96665495 1.430865e-08 0.24149270733362393 
85224627 1.4e-08 0.30183645540347415 
3279439195 1.701497e-08 0.12760896624014628 
360107933 1.4e-08 0.24370730265271678 
2135013218 1.4e-08 0.08123576755090568 
470332523 1.4e-08 0.5980710013778562 
