179097684 5.7128282e-07 0.681856150934399 
3921011129 2.57670593e-06 0.6694396649566458 
2246051850 3.03172993e-06 0.5113587504963639 
2799798816 3.9259840000000003e-07 0.5001638614428445 
2519559028 6.5912785e-07 0.45925466274666193 
3071234124 2.791e-08 0.5 
869234806 1.4e-08 0.9967857142857143 
810769555 2.791e-08 0.5 
790319072 2.791e-08 0.5 
1458665800 2.791e-08 0.5 
3176785673 2.791e-08 0.5 
251961497 2.791e-08 0.3 
3481866093 2.791e-08 0.3 
865537991 2.791e-08 0.3 
2029773149 1.46505e-08 0.4999999348555508 
740082705 1.46505e-08 0.4999999348555508 
2795063678 1.46505e-08 0.4999999348555508 
1412415798 1.457038e-08 0.5000001302889495 
3913511150 1.457038e-08 0.5000001302889495 
690117576 1.457038e-08 0.5000001302889495 
3293059020 1.4891670000000001e-08 0.4810013438116755 
2159618959 1.461142e-08 0.4902270471726919 
921818415 1.449e-08 0.5000000511849367 
4212779140 1.4441939999999999e-08 0.50166395523522 
2521380987 2.006967e-08 0.08922559864711294 
3294683754 1.613317e-08 0.22199343110279748 
2674988631 2.423182e-08 0.48999054951091975 
2883513480 1.44061e-08 0.49175550054979406 
783121895 1.44061e-08 0.49175550054979406 
3059144981 1.449307e-08 0.4888045746325925 
3952655669 1.4533030000000001e-08 0.4874605582229162 
2848685905 1.44061e-08 0.49175550054979406 
1867247157 1.44061e-08 0.49175550054979406 
3633199892 1.44061e-08 0.49175550054979406 
283080478 1.44061e-08 0.49175550054979406 
1199222225 1.449308e-08 0.4888042373650313 
3755198008 1.44061e-08 0.49175550054979406 
1420914473 1.4e-08 0.5203708498828219 
3012889883 3.1787179999999997e-08 0.4423726457166188 
2027098952 1.408697e-08 0.5147037989960205 
2597880038 1.408697e-08 0.5147037989960205 
1761715697 1.408697e-08 0.5147037989960205 
629078091 1.408697e-08 0.5147037989960205 
3563522875 1.408697e-08 0.5147037989960205 
249728555 1.408697e-08 0.5147037989960205 
4285226245 1.408697e-08 0.5147037989960205 
2024675612 1.408697e-08 0.5147037989960205 
1292023300 1.408697e-08 0.5147037989960205 
875106938 1.400001e-08 1.0 
3314075649 1.408697e-08 0.5147037989960205 
3458484829 2.421175e-08 0.33533002120045047 
2449448537 1.409513e-08 0.12992517709310314 
3167902617 1.741e-08 0.20038770821367033 
579073438 1.4e-08 0.5000000511849367 
3468130899 1.4e-08 0.2616160373429017 
2343849308 1.4e-08 0.5060199226050278 
3528190190 1.4e-08 0.2768517448739264 
550176535 1.4e-08 0.5799237457169617 
3884987045 1.688447e-08 0.5278422665259799 
3180086772 1.4e-08 0.517901212524498 
4088625113 1.4e-08 0.5179012125244981 
1237914369 1.619883e-08 0.2750919947270855 
1649557018 1.4e-08 0.5203708498828218 
79461789 1.4e-08 0.5179012125244978 
734120091 1.4e-08 0.5203712215765514 
552498239 1.3999989999999996e-08 1.0 
2950407739 1.412693e-08 0.5259613300318784 
72955594 1.412693e-08 0.5259613300318784 
1771264541 1.412693e-08 0.5259613300318784 
2353028958 1.412693e-08 0.5259613300318784 
2980075456 1.412693e-08 0.5259613300318784 
1194638860 1.412693e-08 0.5259613300318784 
2341758500 1.412693e-08 0.5259613300318784 
651046398 1.412693e-08 0.5259613300318784 
229435916 1.412693e-08 0.5259613300318784 
1850435983 1.412693e-08 0.5259613300318784 
2426951832 1.412693e-08 0.5259613300318784 
3089865955 1.412693e-08 0.5259613300318784 
3201932102 1.412693e-08 0.5259613300318784 
3527214469 1.412693e-08 0.5259613300318784 
771359632 1.412693e-08 0.5259613300318784 
4186562710 1.412693e-08 0.5259613300318784 
346987663 1.412693e-08 0.5259613300318784 
1314810707 1.412693e-08 0.5259613300318784 
1598213090 1.412693e-08 0.5259613300318784 
1298902656 1.412693e-08 0.5259613300318784 
3190311976 1.412693e-08 0.5259613300318784 
1517815290 1.412693e-08 0.5259613300318784 
66064165 1.412693e-08 0.5259613300318784 
1923515514 1.412693e-08 0.5259613300318784 
533433650 2.825386e-08 0.5259613300318784 
381652938 1.412693e-08 0.5259613300318784 
149784911 1.412693e-08 0.5259613300318784 
85224627 1.412693e-08 0.5259613300318784 
58759274 1.4e-08 0.530729920861946 
2135013218 1.4e-08 0.5179012125244978 
3934203265 1.4e-08 0.530729920861946 
1292024166 1.4e-08 0.5179012125244976 
1323984060 1.4e-08 0.9967857142857142 
4197927596 1.4e-08 0.5060199226050278 
4201342597 1.4e-08 0.530729920861946 
2391696826 1.4e-08 0.517901212524498 
1745749016 1.483472e-08 0.5259619534135777 
2711965517 1.4882780000000001e-08 0.5242634984554947 
1987038079 1.483472e-08 0.5259619534135777 
3797386594 1.483472e-08 0.5259619534135777 
3443287411 1.532472e-08 0.5091445918452976 
1165174376 1.4e-08 0.49839285714285714 
4263904522 1.4e-08 0.5175000529764093 
4267941538 1.4e-08 0.5060202840480881 
3372193553 1.4e-08 0.517901212524498 
3681452412 1.4e-08 1.0 
3458662533 1.4e-08 0.517901212524498 
762210064 1.4e-08 0.13080801867145078 
570164134 1.4e-08 0.5573213078245336 
2418772576 1.660633e-08 1.0 
4278040469 1.4e-08 0.517901212524498 
241690685 1.510185e-08 0.4253698772243013 
1703904600 1.510185e-08 0.4253698772243013 
3814978291 1.510185e-08 0.4253698772243013 
