3534547045 1.592425e-06 0.6228851001004245 
3373526895 2.02103832e-06 0.5869989077723382 
545239233 4.060639000000001e-06 0.5282666325009383 
1790255658 2.791e-08 0.5 
3833318790 2.791e-08 0.5 
3268335666 2.791e-08 0.5 
2669757562 1.4e-08 0.5980714285714286 
3443220506 2.791e-08 0.3 
1382686479 1.493117e-08 0.4248281828002639 
1803925302 1.461228e-08 0.4340993888826259 
283080478 1.741e-08 0.3002584721424469 
2681498831 1.408825e-08 0.5439180852060521 
2655011401 1.650843e-08 0.4853808024142817 
855708858 1.40578e-08 0.3824741769574637 
551137729 1.402616e-08 0.6356347806043074 
937177227 1.402616e-08 0.6356347806043074 
690117576 1.4e-08 0.5106152710484321 
