179097684 8.286716999999999e-07 0.4851141416545661 
3373526895 1.37164392e-06 0.4558222748034194 
2235064901 2.3785520300000002e-06 0.3686197031424861 
2246051850 4.3417675e-06 0.2931289844697062 
4031050948 6.9775e-07 0.212 
2263814062 2.791e-08 0.3 
333964007 1.465645e-08 0.5712843150967662 
811613008 2.791e-08 0.3 
2710766136 2.791e-08 0.3 
3176785673 2.791e-08 0.3 
3037779432 2.791e-08 0.3 
4028593304 2.791e-08 0.1 
2533881277 1.472778e-08 0.09999997491939008 
2247026945 1.472778e-08 0.09999997491939008 
3562383954 1.582008e-08 0.1764213581726514 
1867247157 1.46505e-08 0.3 
3633199892 1.46505e-08 0.3 
1906851972 1.46505e-08 0.29999999999999993 
3099973400 1.46505e-08 0.29999999999999993 
1848242772 1.4e-08 0.10519840218702109 
2341758500 1.4e-08 0.5121291616121864 
651046398 1.4e-08 0.08781870320392456 
1850435983 2.091e-08 0.299999999999997 
4186562710 1.584208e-08 0.2750981261914365 
