179097684 7.439075e-07 0.6665105181405706 
3921011129 2.409012e-06 0.6637117829300335 
545239233 1.67020145e-06 0.5099078830114558 
1572835533 5.791885e-07 0.48832035920524425 
1465560917 1.932578e-06 0.4891836953029106 
3737780296 9.212057e-07 0.48715160446820577 
4031050948 3.2249257e-07 0.48140450181534417 
426576124 3.3492e-07 0.30000000000000004 
3020817656 2.791e-08 0.7 
3084497907 2.791e-08 0.7 
1444500749 2.791654e-08 0.4998828651401642 
3279231079 2.791e-08 0.5 
1434594601 1.3999990000000003e-08 0.9967864262760185 
2909632847 1.458727e-08 0.5000000895736454 
1104410542 1.458727e-08 0.5000000895736454 
4260098875 2.521171e-08 1.0 
3593732192 5.2421409999999995e-08 0.49999968947827755 
1738909006 1.417142e-08 0.4969756471885717 
4198169764 1.408571e-08 0.49999968947827755 
451270221 1.44851e-08 0.24085094338320062 
3293059020 1.447508e-08 0.49999999999999967 
2159618959 1.516432e-08 0.477274285955453 
3986570268 1.447508e-08 0.49999999999999967 
906368509 1.4e-08 0.5209740219024962 
4187488967 1.76834e-08 0.3945790967800311 
1565786989 1.476897e-08 0.9991319638404031 
2286860921 1.475615e-08 1.0 
1867247157 1.669516e-08 0.3747942517472129 
3006103420 1.47538e-08 0.4773584179046122 
4096225443 1.464822e-08 0.330163001329939 
3099973400 3.942667e-08 0.4239630479764979 
2789348510 1.4e-08 0.5169671428571425 
2606325002 1.412845e-08 0.44788948357218683 
1848242772 1.412845e-08 0.44788948357218683 
2343849308 1.412845e-08 0.44788948357218683 
627452446 1.412845e-08 0.44788948357218683 
552634658 1.412845e-08 0.44788948357218683 
3736523900 1.412845e-08 0.44788948357218683 
1503202005 1.412845e-08 0.44788948357218683 
550176535 1.412845e-08 0.44788948357218683 
3884987045 1.4e-08 0.9039977391679234 
309459595 1.4256900000000001e-08 0.443854146004774 
79461789 2.091e-08 0.33369201339072213 
2353028958 1.421219e-08 0.4925350177580679 
3449694611 1.4e-08 0.45199886958396157 
2426951832 1.4e-08 0.4983928571428574 
3089865955 1.533077e-08 0.41276362336500155 
224410298 1.6746e-08 0.5004384592866175 
1759850032 1.4e-08 0.498392857142857 
287394855 3.3804789999999997e-08 0.6192169807888173 
2670951229 1.980479e-08 0.3523137584392463 
2367820772 1.5778430000000002e-08 0.4676051419564557 
1495382923 1.4e-08 0.9967857142857142 
515125813 1.4e-08 0.22599959622026372 
2747938267 2.295343e-08 0.3068321652180554 
3363025910 1.412845e-08 0.26110702164780986 
764400056 1.505416e-08 0.9269862948181768 
1517815290 1.4e-08 0.9999999999999999 
2454553876 1.430865e-08 0.4478915056686406 
1923515514 1.430865e-08 0.4478915056686406 
3339828518 1.430865e-08 0.4478915056686406 
105819081 1.430865e-08 0.4478915056686406 
1601889739 1.430865e-08 0.4478915056686406 
381652938 1.430865e-08 0.4478915056686406 
96665495 1.430865e-08 0.4478915056686406 
85224627 1.4e-08 0.5030607590057902 
3279439195 1.701497e-08 0.2299388495060859 
360107933 1.4e-08 0.4519988695839618 
2135013218 1.4e-08 0.31728201905372666 
470332523 1.4e-08 0.9967850022964269 
