3534547045 1.328214e-06 0.6906003866034027 
2235064901 2.230688e-06 0.61393277720962 
1465560917 7.53994612e-06 0.469634566785884 
4188445920 1.4000000000000003e-08 0.996785714285714 
3012070026 2.791e-08 0.5 
251961497 2.791e-08 0.3 
2545005546 1.399999e-08 0.5980718557656113 
2683944377 1.513536e-08 0.9960218983889383 
66987975 1.590535e-08 0.43821748009500805 
2016090987 1.448307e-08 0.12044235096564468 
3190311976 1.556357e-08 1.0 
2747938267 1.556357e-08 1.0 
3177521820 1.556357e-08 1.0 
1923515514 1.410357e-08 0.5251784288090072 
1449522982 1.411269e-08 0.5248390443776382 
3279439195 1.410357e-08 0.5251784288090072 
4193709834 1.410357e-08 0.5251784288090072 
4201342597 1.410357e-08 0.5251784288090072 
1987038079 1.410357e-08 0.5251784288090072 
4105879141 1.410357e-08 0.5251784288090072 
1703904600 1.410357e-08 0.5251784288090072 
118566979 1.410357e-08 0.5251784288090072 
3593659676 1.410357e-08 0.5251784288090072 
3223248356 2.379907e-08 0.6224521154144133 
1450024594 5.602737e-08 0.4155732953921166 
1501621654 1.400912e-08 0.4155733325028827 
2714424842 5.622539e-08 0.5459127534469567 
2606270759 1.400912e-08 0.4155733325028827 
3152769946 1.406091e-08 0.26338598878229574 
1897972748 1.4e-08 0.5290636237998465 
156734636 1.410585e-08 0.5033786545344004 
2126166399 1.4e-08 0.41584404884519877 
947239549 1.4e-08 0.4155797104650805 
702973591 1.4e-08 0.41584404884519877 
1297296453 1.972762e-08 0.3754578977696171 
3805166987 1.4e-08 0.4158440488451989 
3745170176 1.4e-08 0.41557333250288264 
3201531403 1.419396e-08 0.44168805242466846 
4281747617 1.943387e-08 0.29976334543426064 
3582615942 2.530662e-08 0.23010061521111755 
