179097684 1.06994e-06 0.6535900601417081 
3373526895 3.362108e-06 0.580335009329079 
3921011129 1.029202e-06 0.5949066803397625 
1465560917 1.53084393e-06 0.4972336881989775 
426576124 8.8721803e-07 0.3719028020599818 
636961411 1.4000000000000001e-08 0.9967857142857142 
2932274237 4.141207e-08 0.4212238122846793 
717226258 2.719206e-08 0.5132012800795526 
1434498202 1.4000000000000001e-08 0.9967857142857142 
2870158420 2.6114309999999998e-08 0.5343813411114443 
315200650 2.791e-08 0.5 
3176785673 2.791e-08 0.5 
1434594601 1.4658859999999997e-08 0.9519839878408008 
2261252686 2.791e-08 0.5 
4226750145 2.791e-08 0.5 
199935986 2.791e-08 0.5 
3268335666 1.4000000000000003e-08 0.996785714285714 
2326007700 1.399999e-08 0.9967864262760188 
825415804 2.791e-08 0.3 
1134132465 2.791e-08 0.3 
15308464 1.492709e-08 0.496572111073782 
3321237907 1.541202e-08 0.4809477663205953 
3330100144 1.5080590000000003e-08 0.4915176789162984 
3642829293 1.4e-08 1.0 
451270221 1.424046e-08 0.49999985924147927 
2177968201 1.424046e-08 0.49999985924147927 
1382686479 1.424046e-08 0.49999985924147927 
4069401935 1.656671e-08 1.0 
2945849429 1.548272e-08 0.3004424717792912 
3113062634 1.41535e-08 0.49999995555479193 
1565786989 1.41535e-08 0.49999995555479193 
3121292019 1.41535e-08 0.49999995555479193 
3297362622 1.41535e-08 0.49999995555479193 
3604532305 1.41535e-08 0.49999995555479193 
1820499179 1.41535e-08 0.49999995555479193 
1072840122 2.120309e-08 0.34516195516785503 
1826422368 1.741e-08 0.20038770821367033 
250719570 1.8670420000000003e-08 0.3746880425640264 
2066612683 1.573044e-08 0.22178333481784995 
1002680420 1.410234e-08 0.4944261980240276 
3467386575 2.593194e-08 0.2746208548587653 
2744143284 1.594919e-08 0.44370587916657506 
399492375 1.4e-08 0.5212789214571388 
2748669076 1.407523e-08 0.2529346943365727 
933412597 1.506244e-08 0.9840357870305204 
2231250662 1.482198e-08 0.9999999999999994 
3085765731 1.482198e-08 0.9999999999999994 
102828162 1.482198e-08 0.9999999999999994 
4175762635 1.556309e-08 0.4689245052807672 
2316491956 5.708666e-07 0.4988047496615701 
3229926557 1.412193e-08 0.473712261364912 
480183180 2.689884e-08 0.6062974368698004 
3892593010 1.412193e-08 0.473712261364912 
2922107309 1.412193e-08 0.473712261364912 
34775558 1.4e-08 0.49804045353158305 
1235889872 1.454667e-08 0.3481489374470723 
36858200 1.90235e-08 0.3679659368675581 
340569875 1.4e-08 0.5209739596817806 
4292574364 1.898671e-08 0.8916365687629335 
3269561540 4.57215e-08 0.7494190489964494 
2126166399 1.4e-08 0.9967857142857143 
363773044 1.411798e-08 0.2583102546769252 
312808672 1.4e-08 0.49804080927501854 
1563060474 1.6216849999999997e-08 0.43165006657503757 
3790847783 1.424864e-08 0.2559414595198183 
2747516691 1.424864e-08 0.2559414595198183 
1780437574 1.4e-08 0.4778379567954995 
1441326850 1.682905e-08 0.10577292664548894 
1869505131 1.682905e-08 0.10577292664548894 
792228939 1.4e-08 0.4980404535315832 
3805166987 1.4e-08 0.5209739596817805 
3654632673 1.666401e-08 0.2823478306953754 
717671056 1.4e-08 1.0 
3858463531 1.4e-08 0.494425852519463 
1421662397 1.4e-08 0.5086751093533016 
2661924784 1.4e-08 0.5086751093533015 
1367690675 1.4e-08 0.5085877139667082 
3216152648 1.4e-08 1.0 
