179097684 5.7382443e-07 0.6719967843493535 
3534547045 8.8682118e-07 0.6491836049580886 
3921011129 1.1522688300000002e-06 0.6298566893742306 
2340740170 1.992716e-06 0.5517490599301836 
1572835533 2.23288273e-06 0.49885833829571014 
2555962951 1.04667e-06 0.4425731970018353 
2718413753 2.38759e-08 0.5844805850250672 
2937387076 1.4e-08 0.9967857142857143 
1593891639 2.791e-08 0.5 
3357643131 2.791e-08 0.5 
1503861029 2.791e-08 0.5 
1651612823 2.791e-08 0.5 
3382444416 2.791e-08 0.5 
315200650 2.791e-08 0.5 
3490627259 2.791e-08 0.5 
4188445920 2.791e-08 0.5 
199935986 1.4e-08 0.9967857142857143 
126484229 2.791e-08 0.3 
2768642543 2.791e-08 0.3 
2729381062 2.791e-08 0.3 
1452489764 1.528496e-08 0.9159330479111494 
690117576 2.0377539999999998e-08 0.3424113018548854 
821115011 1.437985e-08 0.4852275927773934 
4004407106 1.4e-08 0.9967857142857145 
1382686479 1.46505e-08 0.4999999674277732 
1803925302 1.46505e-08 0.4999999674277732 
4209590891 1.46505e-08 0.4999999674277732 
395113485 1.424198e-08 0.5289830989882703 
4019363830 1.424198e-08 0.5289830989882703 
921818415 1.424198e-08 0.5289830989882703 
2286860921 1.424198e-08 0.5289830989882703 
3653734512 1.518296e-08 0.48246517956976714 
1869365069 2.091e-08 0.33369201339072213 
1950077488 1.622723e-08 0.107496781644187 
4119421155 1.423543e-08 0.5156286611639982 
1913762779 1.423543e-08 0.5156286611639982 
3929228125 1.423543e-08 0.5156286611639982 
2883513480 1.423543e-08 0.5156286611639982 
301219709 2.074068e-08 0.20184969827411642 
37051273 1.428025e-08 0.2564818376009031 
3633199892 1.4e-08 0.9967857142857144 
1199222225 1.402564e-08 0.09949635096865472 
439844059 1.4e-08 0.5242996937138439 
3012889883 1.732534e-08 0.12082013974906122 
4167430602 1.494762e-08 0.05834959010196944 
781549661 1.521614e-08 0.3052131924828944 
907719639 1.521614e-08 0.3052131924828944 
2789348510 1.432177e-08 0.5925062932793548 
3563522875 1.432177e-08 0.5925062932793548 
1292023300 1.835587e-08 0.4622902023112749 
3314075649 1.98083e-08 0.3522513289883534 
2681498831 1.4e-08 1.0 
463844675 4.324875e-08 0.6259323396436717 
2014426858 1.4e-08 0.6061242039928191 
3607413901 1.4e-08 0.7404480855750173 
1674415855 1.459313e-08 0.4409555246723282 
1960974751 1.4e-08 0.9967857142857142 
309459595 1.4e-08 0.9967850022964275 
3180086772 1.545949e-08 0.8779511268914215 
3833074883 1.545949e-08 0.8779511268914215 
1462644303 1.4e-08 0.9967864262760193 
