3921011129 2.52830169e-06 0.676042812715646 
545239233 2.473808e-06 0.5456856099424875 
1572835533 2.7938394600000002e-06 0.4979454774256931 
2555962951 2.2441434600000004e-06 0.3872914513089176 
1403705120 3.2792e-07 0.3021483898511832 
1239791232 2.791e-08 0.5 
3838279446 2.791e-08 0.5 
2326007700 2.791e-08 0.5 
392861532 2.791e-08 0.3 
1134132465 2.791e-08 0.3 
1913762779 1.449514e-08 0.4784231155968491 
1736323711 1.419113e-08 0.5593551526972873 
4096225443 1.627333e-08 0.40000007165891643 
907719639 1.420257e-08 0.24413926633744842 
1896745001 1.835344e-08 0.38017396193847036 
4256642775 1.451546e-08 0.49982683189322624 
2449448537 1.466438e-08 0.4947509806260374 
3707800333 1.451546e-08 0.49982683189322624 
105819081 1.435902e-08 0.13851390242690512 
1342185090 1.4e-08 0.5669915491497896 
1657444763 1.407446e-08 0.49435788676094455 
470332523 1.407446e-08 0.49435788676094455 
3217169414 1.407446e-08 0.49435788676094455 
2208266878 1.407446e-08 0.49435788676094455 
1292024166 1.407446e-08 0.49435788676094455 
4201342597 1.407446e-08 0.49435788676094455 
762210064 1.407446e-08 0.49435788676094455 
570164134 1.407446e-08 0.49435788676094455 
2039170765 1.407446e-08 0.49435788676094455 
118566979 1.407446e-08 0.49435788676094455 
678688578 1.4e-08 0.4969871644929603 
2919535035 1.4e-08 0.49698716449296026 
3663377129 1.4e-08 0.4969871644929602 
1965972368 1.4e-08 0.5174350000000002 
3320450569 1.440369e-08 0.6927178676668376 
253060996 1.4e-08 0.9999999999999999 
