179097684 5.7308668e-07 0.4635289465132002 
3534547045 1.0248061300000001e-06 0.49364133667577753 
3921011129 8.12997e-07 0.49060895253220876 
3150846686 1.119063e-06 0.36278914326949263 
2340740170 2.5299084699999997e-06 0.3036552547790152 
1572835533 2.7031046700000002e-06 0.2784204834309262 
1075699702 1.498037e-06 0.28007606772842353 
3800257563 7.964485900000001e-07 0.1909049431411553 
4046076794 2.791e-08 0.3 
315200650 2.4321789999999997e-08 0.3442592013170084 
129185354 2.441969e-08 0.34287904555708937 
1347872676 2.791e-08 0.3 
3833318790 2.791e-08 0.3 
2681375347 2.791e-08 0.1 
828787466 2.791e-08 0.1 
1498734392 2.791e-08 0.1 
2013640095 1.407925e-08 0.1518032984776259 
2681498831 1.429087e-08 0.27349537315340194 
2719204682 1.429087e-08 0.27349537315340194 
2343849308 1.429087e-08 0.27349537315340194 
2950407739 1.435167e-08 0.19701831916711915 
2747938267 1.410861e-08 0.2954299864681842 
66064165 1.410861e-08 0.2954299864681842 
105819081 2.821722e-08 0.2954299864681842 
533433650 1.410861e-08 0.2954299864681842 
3217169414 1.410861e-08 0.2954299864681842 
3418547556 1.410861e-08 0.2954299864681842 
755060644 1.410861e-08 0.2954299864681842 
1292024166 1.647772e-08 0.12332067801346468 
