3534547045 1.70413463e-06 0.44213657540292095 
3373526895 3.43315087e-06 0.37007663502886884 
2799798816 2.9093520000000004e-06 0.3035225557897497 
618276123 2.931e-07 0.10901034162547306 
197654791 1.4e-08 0.5980714285714286 
3988949870 2.791e-08 0.3 
315200650 2.791e-08 0.3 
3736894086 2.295127e-08 0.3648164132093779 
3490627259 2.791e-08 0.3 
911013108 2.791e-08 0.3 
3475245566 3.598829e-08 0.1888718692673506 
3869596591 1.4e-08 0.5980714285714287 
879162223 1.438751e-08 0.28086382775241525 
3528332227 2.820263e-08 0.2922043931526012 
3149440925 1.420263e-08 0.28451991852397424 
134948105 1.420263e-08 0.28451991852397424 
174500547 1.75631e-08 0.11918454031463699 
3678948817 1.907266e-08 0.3992843683052077 
3952655669 1.418488e-08 0.29504507331725566 
1736323711 1.4680690000000001e-08 0.2850805350154845 
781549661 1.4e-08 0.14947067712844547 
2597880038 1.405558e-08 0.1488796250171275 
4285226245 1.427777e-08 0.32872920688042384 
2707460946 1.432938e-08 0.327545225831202 
2719204682 1.44804e-08 0.3241291682633842 
1055469694 1.44075e-08 0.3257692179851542 
2716949832 1.427777e-08 0.32872920688042384 
1061526795 1.4e-08 0.3048181303127814 
695939830 1.4e-08 1.0 
73116178 1.412973e-08 0.2835281073336505 
2766526296 1.4e-08 0.5980714285714287 
110439229 1.433431e-08 0.33005001985697846 
1449522982 1.425753e-08 0.33182741331325166 
360107933 1.418121e-08 0.3336132318847323 
470332523 1.4275090000000001e-08 0.3314192274890095 
3217169414 1.418121e-08 0.3336132318847323 
3418547556 1.4588700000000001e-08 0.3242947829577745 
4263904522 1.41531e-08 0.2971586068791319 
762210064 1.41531e-08 0.2971586068791319 
964813250 1.416939e-08 0.29681697511473976 
3971437066 1.41531e-08 0.2971586068791319 
2855048822 1.471371e-08 0.28583650751720957 
2197427154 1.837396e-08 0.2199270669156868 
4185666246 1.4e-08 0.28615540028825004 
1924091726 1.4781e-08 0.16003775120174618 
3822766993 1.4e-08 0.15131329517893688 
3730019172 1.4e-08 0.14947067712844547 
1501621654 1.4e-08 0.2989411407275048 
3673394291 1.58131e-08 0.0661872118686406 
3320450569 1.913994e-08 0.24718151154789858 
4148810631 1.4e-08 0.33793113720176526 
1140472632 1.4e-08 0.15240917402000861 
933412597 2.811668e-08 0.24915384997970655 
3962269793 1.40228e-08 0.33221746488482046 
604674024 1.4e-08 0.9999999999999999 
921835634 1.4e-08 0.28615540028825015 
4081327903 1.4e-08 0.3004082485015031 
2118254765 1.414142e-08 0.14951068117688396 
3580551846 1.414142e-08 0.14951068117688396 
3416864524 1.55585e-08 0.15204034129691443 
2130045942 1.4e-08 0.2861556046851106 
14462253 1.4e-08 0.5850971724716929 
1937837823 1.4e-08 0.2861554002882501 
2252599940 1.715942e-08 0.061726623991519416 
2922107309 1.715942e-08 0.061726623991519416 
