179097684 8.4160455e-07 0.677953431646536 
3534547045 2.253368e-06 0.5711040088105205 
2235064901 9.296433099999999e-07 0.5845783098384136 
3150846686 3.6868100000000003e-06 0.5181275232743717 
1572835533 1.83434329e-06 0.45407061256965203 
4031050948 3.7736458e-07 0.4852079429456717 
259930472 2.791e-08 0.5 
3129006749 2.791e-08 0.5 
3279231079 1.4e-08 0.9967857142857143 
326805806 1.4e-08 0.9967857142857143 
2261252686 2.791e-08 0.5 
911013108 2.791e-08 0.5 
4004407106 1.442681e-08 0.5000000149289389 
1803925302 1.442681e-08 0.5000000149289389 
3293059020 1.442681e-08 0.5000000149289389 
439844059 1.446347e-08 0.47583117186619134 
3449694611 1.426931e-08 0.23682684240641524 
2367820772 1.4e-08 0.5190922573112414 
1734007597 2.050458e-08 0.3483049103113905 
481400394 2.390646e-08 0.43732949169387686 
871205577 1.407948e-08 0.5004119147595838 
110318614 1.4e-08 0.24579178140541075 
1063934737 1.4e-08 0.5152432296697831 
213831427 1.432965e-08 0.5110089007774832 
846691466 1.4e-08 0.5216006459725275 
3320450569 1.770952e-08 0.42396392017201134 
3866772787 1.4e-08 0.5101318498480522 
975973597 1.4e-08 0.5190922573112413 
3962269793 1.4e-08 0.25806412848046345 
