179097684 6.297360599999999e-07 0.6936104468910352 
3534547045 1.25938163e-06 0.6910501576238117 
2235064901 1.26653828e-06 0.6434576098629056 
545239233 1.98768796e-06 0.5068998488171403 
2246051850 1.99202096e-06 0.4991986698109544 
2984600922 2.1818439600000002e-06 0.4907069776889657 
426576124 2.16965096e-06 0.4035604849542399 
1236021306 2.791e-08 0.3 
2757833455 2.791e-08 0.3 
3122982648 1.406823e-08 0.5000000119431508 
2177968201 1.403975e-08 0.48461546475464534 
3113062634 2.6372180000000004e-08 0.49681340473935887 
896813269 2.103744e-08 0.22150931857469866 
1867247157 1.4e-08 0.5000004478685486 
785216844 1.792803e-08 0.7809000765839856 
2716949832 1.662294e-08 0.4219199117461668 
552634658 1.4e-08 0.5009678126972729 
3707800333 1.423396e-08 0.48641402278018975 
2185291493 1.423396e-08 0.48641402278018975 
4287239676 1.423396e-08 0.48641402278018975 
1462644303 1.423396e-08 0.48641402278018975 
4088625113 1.423396e-08 0.48641402278018975 
1237914369 1.4273710000000001e-08 0.4850594375037961 
1002680420 1.4e-08 0.48599142652064525 
