179097684 7.048699099999999e-07 0.6722304132229578 
3534547045 9.032971799999999e-07 0.6754122240996122 
3921011129 1.892998e-06 0.6135395140923054 
2246051850 2.5616537699999998e-06 0.5123928265915692 
3004792470 3.4873686e-06 0.4900722644638731 
426576124 3.4953952e-07 0.3403041815838812 
825415804 2.791e-08 0.3 
251961497 2.791e-08 0.3 
3824069879 2.791e-08 0.3 
43001897 2.791e-08 0.3 
3059103076 1.435702e-08 0.5000001343604801 
766581564 1.461952e-08 0.5000000194823562 
3702894340 1.461952e-08 0.5000000194823562 
2674988631 1.4884280000000001e-08 0.4911060719646967 
3633199892 2.102375e-08 0.6637731137404129 
2013640095 2.013729e-08 0.3537873647186571 
3302973195 1.45132e-08 0.5184566397412605 
3433591204 1.45132e-08 0.5184566397412605 
4256642775 1.45132e-08 0.5184566397412605 
2449448537 1.459904e-08 0.5154081983399499 
3607413901 1.456033e-08 0.49377794015516496 
79461789 1.4e-08 0.5127508520725788 
552498239 1.4e-08 0.2610628673150963 
2789301560 1.428292e-08 0.314623017827233 
3459912306 1.428292e-08 0.314623017827233 
841878026 1.900153e-08 0.3672068036554961 
3681452412 1.439099e-08 0.15613016873005062 
1905833305 1.4e-08 0.5051848973645118 
1629863604 1.4e-08 0.53746177884949 
3378187523 1.4e-08 0.5583409048830827 
