179097684 8.4160455e-07 0.48155237721406546 
3534547045 2.253368e-06 0.37102078540421973 
2235064901 9.296433099999999e-07 0.40060610408069647 
3150846686 3.6868100000000003e-06 0.3167194548112128 
1572835533 1.83434329e-06 0.26335929275538456 
4031050948 3.7736458e-07 0.28520794124720034 
259930472 2.791e-08 0.3 
3129006749 2.791e-08 0.3 
3279231079 1.4e-08 0.5980714285714286 
326805806 1.4e-08 0.5980714285714286 
2261252686 2.791e-08 0.3 
911013108 2.791e-08 0.3 
4004407106 1.442681e-08 0.3000000089573634 
1803925302 1.442681e-08 0.3000000089573634 
3293059020 1.442681e-08 0.3000000089573634 
439844059 1.446347e-08 0.2804627174065952 
3449694611 1.426931e-08 0.08993754205626162 
2367820772 1.4e-08 0.31145535438674476 
1734007597 2.050458e-08 0.21105393998327784 
481400394 2.390646e-08 0.2623976950163262 
871205577 1.407948e-08 0.3012544046793929 
110318614 1.4e-08 0.1448737178331703 
1063934737 1.4e-08 0.30914593780186994 
213831427 1.432965e-08 0.3059444916381678 
846691466 1.4e-08 0.3129603875835166 
3320450569 1.770952e-08 0.2425221943516504 
3866772787 1.4e-08 0.3091123140501656 
975973597 1.4e-08 0.3114553543867448 
3962269793 1.4e-08 0.15483847708827805 
