179097684 5.8830259e-07 0.6922348990711326 
3534547045 7.2631324e-07 0.6868735393404798 
3921011129 1.23673904e-06 0.6733951561320906 
2235064901 7.5944679e-07 0.6079563574141081 
2340740170 3.9273210000000004e-06 0.4843474343334257 
2246051850 1.7276610899999999e-06 0.48432369715511026 
2799798816 1.8999560800000002e-06 0.4325849006128146 
618276123 2.931e-07 0.30143058281043295 
811613008 2.5334319999999997e-08 0.5508338096305724 
3108364485 2.791e-08 0.3 
2795063678 1.465413e-08 0.5000000413416787 
845665321 1.428206e-08 0.2565129122068643 
395113485 2.838548e-08 0.4671823755988264 
3633199892 1.429914e-08 0.504246464690888 
439844059 1.458727e-08 0.3166667801266379 
2024675612 1.4e-08 0.5150207709371474 
3433591204 2.8728916e-07 0.5123866936887047 
4256642775 1.467745e-08 0.49359804589580364 
393090083 1.424864e-08 0.16209630609440276 
3607413901 1.399999e-08 0.9045970064527191 
3381587904 1.415404e-08 0.377248912300658 
19131048 1.415404e-08 0.377248912300658 
2654473721 1.430808e-08 0.37318747132110003 
2747938267 1.4e-08 0.38139972819000045 
1923515514 1.779916e-08 0.29999147120763026 
96665495 1.458569e-08 0.3219016981841863 
360107933 1.4e-08 0.3813997281900004 
4138371369 1.420862e-08 0.2537294541313676 
