3921011129 2.52830169e-06 0.47271463091645294 
545239233 2.473808e-06 0.3447001483958193 
1572835533 2.7938394600000002e-06 0.2986792313397135 
2555962951 2.2441434600000004e-06 0.1873172271461499 
1403705120 3.2792e-07 0.10639027811661383 
1239791232 2.791e-08 0.3 
3838279446 2.791e-08 0.3 
2326007700 2.791e-08 0.3 
392861532 2.791e-08 0.1 
1134132465 2.791e-08 0.1 
1913762779 1.449514e-08 0.28173595169823346 
1736323711 1.419113e-08 0.36186551214551266 
4096225443 1.627333e-08 0.20000003582945822 
907719639 1.420257e-08 0.143769826971426 
1896745001 1.835344e-08 0.22810437716308224 
4256642775 1.451546e-08 0.29969154022503247 
2449448537 1.466438e-08 0.2966481068053917 
3707800333 1.451546e-08 0.29969154022503247 
105819081 1.435902e-08 0.07110168491476321 
1342185090 1.4e-08 0.3668057518123964 
1657444763 1.407446e-08 0.294914604368152 
470332523 1.407446e-08 0.294914604368152 
3217169414 1.407446e-08 0.294914604368152 
2208266878 1.407446e-08 0.294914604368152 
1292024166 1.407446e-08 0.294914604368152 
4201342597 1.407446e-08 0.294914604368152 
762210064 1.407446e-08 0.294914604368152 
570164134 1.407446e-08 0.294914604368152 
2039170765 1.407446e-08 0.294914604368152 
118566979 1.407446e-08 0.294914604368152 
678688578 1.4e-08 0.29648312875681293 
2919535035 1.4e-08 0.2964831287568129 
3663377129 1.4e-08 0.2964831287568128 
1965972368 1.4e-08 0.5174349999999999 
3320450569 1.440369e-08 0.4928441610093543 
253060996 1.4e-08 0.621451953104945 
