179097684 5.04123e-07 0.4889975963404645 
3534547045 2.098593e-06 0.47572347084591193 
3150846686 2.3304280199999997e-06 0.3415730657709035 
2246051850 3.89947484e-06 0.28529255283485316 
3737780296 1.214316e-06 0.29769972006019196 
953296898 2.791e-08 0.3 
949068759 2.7948920000000002e-08 0.29958223788253713 
2487301543 2.791e-08 0.3 
810769555 2.655113e-08 0.3153538098001855 
2046083849 5.284029e-08 0.3169172614306242 
1327969783 2.791e-08 0.3 
2906924538 2.791e-08 0.3 
739080713 2.791e-08 0.3 
1347872676 2.791e-08 0.3 
811613008 2.791e-08 0.3 
3490627259 1.4000000000000001e-08 0.5980714285714285 
3012070026 2.791e-08 0.3 
825415804 2.791e-08 0.1 
3519923770 2.791e-08 0.1 
265770918 2.791e-08 0.1 
251961497 2.791e-08 0.1 
3462747 4.256497e-08 0.10000000336435162 
2545005546 2.791e-08 0.1 
1415695418 2.791e-08 0.1 
266059373 2.791e-08 0.1 
126484229 2.791e-08 0.1 
1211996162 1.625813e-08 0.25750193902988844 
1471982444 2.122885e-08 0.19720804471273762 
3149440925 1.74325e-08 0.3000000000000001 
528880979 1.46257e-08 0.30000046519527324 
2674988631 1.453458e-08 0.30000006614669494 
3434666020 1.577181e-08 0.04920826651216107 
3167902617 1.574739e-08 0.4674575190861905 
2014426858 1.439302e-08 0.265231479691183 
2716949832 1.439302e-08 0.265231479691183 
552634658 1.439302e-08 0.265231479691183 
2622395779 1.439302e-08 0.265231479691183 
3607413901 1.452771e-08 0.26277245290722284 
2185291493 1.4e-08 1.0 
1649557018 1.413469e-08 0.3053862527795913 
3459912306 1.415151e-08 0.1348789631574578 
3190311976 1.4e-08 0.13458060061098823 
2747938267 2.986758e-08 0.08519713169024126 
1517815290 1.426785e-08 0.15376236797437973 
2454553876 1.579264e-08 0.40400809249260083 
3339828518 1.4e-08 0.31145535438674493 
1449522982 1.4e-08 0.3083242866643687 
1657444763 1.4e-08 0.3083242866643686 
2135013218 1.512183e-08 0.15397010794955598 
3217169414 1.4e-08 0.3083242866643688 
3030801476 1.4e-08 0.808393726589206 
2208266878 1.4e-08 0.5980710323044874 
3715668764 1.737273e-08 0.2197399022390143 
3418547556 1.4e-08 0.3027813851774642 
