179097684 6.819986e-07 0.6872186776842977 
2235064901 3.75741571e-06 0.5867347284870987 
2246051850 2.56295605e-06 0.491512760133887 
1075699702 2.8802715e-06 0.4713854860060723 
4031050948 3.9073999999999996e-07 0.45714285714285713 
1403705120 2.791e-07 0.3 
1593891639 2.791e-08 0.5 
3197676583 1.399999e-08 0.9967864262760188 
4188445920 2.791e-08 0.5 
1434594601 2.630732e-08 0.5304607234792446 
3012070026 2.791e-08 0.5 
911013108 2.791e-08 0.5 
2545005546 1.4e-08 0.5980714285714286 
2729381062 1.4e-08 0.5980714285714286 
1104410542 1.415154e-08 0.49999992688349226 
1471982444 1.432679e-08 0.49999985547396686 
356405251 1.432679e-08 0.49999985547396686 
2842015324 1.432679e-08 0.49999985547396686 
378125977 1.58729e-08 0.4457766989830981 
3815024321 1.4e-08 0.5000000693567564 
2848685905 1.4e-08 0.31428574645910284 
3006103420 1.449e-08 0.31428574645910284 
1199222225 1.449e-08 0.31428574645910284 
2378434411 1.51632e-08 1.0 
1543523724 1.51632e-08 1.0 
2789348510 1.550389e-08 0.5615122375547645 
1371202285 1.550389e-08 0.5615122375547645 
629078091 1.550389e-08 0.5615122375547645 
2369258877 1.580268e-08 0.14408949830637596 
2707460946 1.535217e-08 0.46660458615335 
3607413901 1.412971e-08 0.6212809482209638 
649593533 1.4187870000000001e-08 0.6187341459209335 
550176535 1.412971e-08 0.6212809482209638 
2348040613 1.412971e-08 0.6212809482209638 
1061526795 1.412971e-08 0.6212809482209638 
3554620561 1.412971e-08 0.6212809482209638 
2789301560 1.412971e-08 0.6212809482209638 
287394855 1.4e-08 0.6212941394500529 
3211480542 1.425942e-08 0.6212809482209625 
722767024 2.825942e-08 0.6212875922082555 
1298902656 1.425942e-08 0.6212809482209636 
826924968 1.4e-08 0.9999999999999999 
