179097684 6.881756e-07 0.5935274403322252 
3534547045 1.508482e-06 0.515760428923796 
3921011129 2.12168344e-06 0.4610463446044937 
2340740170 2.4989098700000003e-06 0.36604224168671495 
2246051850 8.157706300000001e-07 0.3885090531540411 
3737780296 3.3605125e-07 0.20770503587402175 
426576124 3.2132345e-07 0.17145193895836786 
1425083048 2.791e-08 0.4766794 
810769555 2.791e-08 0.3072659 
1019134040 1.4e-08 0.5501248395714287 
4046076794 2.7969100000000003e-08 0.2711663995623742 
732124878 1.4e-08 0.5008764484285715 
3736601249 1.830203e-08 0.3446589606180298 
2620740164 2.791e-08 0.2222729 
3012070026 2.791e-08 0.1887197 
888311950 4.263778e-08 0.16308960465267394 
2326007700 2.791e-08 0.1709223 
728028737 1.4000000000000003e-08 0.32239399199999996 
1866926464 2.791e-08 0.1528631 
300193622 2.791e-08 0.1443583 
828787466 2.791e-08 0.1172761 
3392858646 2.791e-08 0.1102832 
1634407402 5.01687e-08 0.3373908479958708 
1726701215 1.419861e-08 0.2911007428809083 
432337108 1.40591e-08 0.3955602073236883 
4253718737 1.4e-08 0.6112228856061002 
2878871175 1.424781e-08 0.25092922100556686 
607396504 1.50433e-08 0.2747552677189376 
1820499179 1.4e-08 0.39723003648460475 
1371202285 1.4e-08 0.1753927818181818 
754560055 1.46505e-08 0.1753927818181818 
3434666020 1.46505e-08 0.1753927818181818 
2369258877 1.46505e-08 0.1753927818181818 
2707460946 1.46505e-08 0.1753927818181818 
2024675612 1.46505e-08 0.1753927818181818 
1292023300 1.46505e-08 0.1753927818181818 
3314075649 1.46505e-08 0.1753927818181818 
3433591204 1.46505e-08 0.1753927818181818 
1848242772 1.46505e-08 0.1753927818181818 
463844675 1.405431e-08 0.1470447826636916 
393090083 1.454063e-08 0.26442751978389706 
3736523900 1.454063e-08 0.26442751978389706 
3607413901 1.454063e-08 0.26442751978389706 
3833074883 2.760387e-08 0.1835431879660352 
552498239 1.493893e-08 0.1720064254954855 
114837353 2.036438e-08 0.15894479625795488 
2564127097 1.472778e-08 0.12081958268440238 
3554620561 1.472778e-08 0.12081958268440238 
2789301560 1.472778e-08 0.12081958268440238 
3201932102 1.472778e-08 0.12081958268440238 
3527214469 1.472778e-08 0.12081958268440238 
224410298 1.472778e-08 0.12081958268440238 
3967778277 1.472778e-08 0.12081958268440238 
1922039940 1.472778e-08 0.12081958268440238 
1314810707 1.751566e-08 0.3591193288463009 
2472898255 1.426428e-08 0.036220071385274034 
1495382923 1.4e-08 0.29523042277687817 
764400056 1.431345e-08 0.3074304341924666 
2454553876 1.431345e-08 0.3074304341924666 
1342185090 1.431345e-08 0.3074304341924666 
149784911 1.431345e-08 0.3074304341924666 
1965662198 1.431345e-08 0.3074304341924666 
1657444763 1.431345e-08 0.3074304341924666 
58759274 1.431345e-08 0.3074304341924666 
2391696826 1.4e-08 0.295230422776878 
3590332688 1.4e-08 0.3143135820208687 
3797386594 1.4e-08 0.35988851770894476 
1280619132 1.407638e-08 0.35988851770894476 
4105879141 1.4e-08 0.6810867332142858 
3088551619 1.4e-08 0.3143135820208686 
3443287411 1.476213e-08 0.06026924421340723 
3981989558 1.476213e-08 0.06026924421340723 
3467386575 1.423656e-08 0.17743346781364885 
4267941538 1.4e-08 0.47338669328571414 
