3534547045 2.12410454e-06 0.4890776157466977 
3921011129 9.9520913e-07 0.44835802419064147 
3150846686 2.86498743e-06 0.4257513206356662 
1465560917 1.30315636e-06 0.3613760498859313 
3953846011 2.791e-08 0.2918418 
1035492323 2.791e-08 0.2393979 
1239791232 2.791e-08 0.1989312 
2326007700 2.791e-08 0.1709223 
3108364485 2.791e-08 0.1678146 
2669757562 2.791e-08 0.1514215 
916523109 2.791e-08 0.1309479 
1634407402 1.5644229999999998e-08 0.42773057703664163 
3952655669 1.567125e-08 0.26612450513945407 
176241382 1.413063e-08 0.13651241085570492 
564959126 1.418558e-08 0.33091193955507353 
4177016268 1.4e-08 0.22153372320947753 
3330100144 1.852782e-08 0.328955787747301 
310481256 1.852782e-08 0.328955787747301 
1842102965 1.427543e-08 1.0 
