3534547045 1.490036e-06 0.5806262409719651 
3150846686 4.81085e-06 0.42796591603579737 
4259593397 2.22628495e-06 0.2972111413243858 
4031050948 6.841776e-07 0.18232072629135865 
3774459889 2.791e-08 0.3276836 
3197676583 2.791e-08 0.2593327 
3891448235 2.791e-08 0.2552706 
251961497 2.791e-08 0.1632265 
769686034 1.400001e-08 0.31940340671185236 
43001897 2.791e-08 0.1322464 
1634407402 1.45776e-08 0.22757581666666674 
3375523036 1.45776e-08 0.22757581666666674 
879162223 2.582847e-08 0.3555691051598735 
2858952728 2.414664e-08 0.23436228181117902 
2125331604 2.016878e-08 0.519197255758653 
4119421155 2.406522e-07 0.2010368477498201 
250719570 2.739709e-08 0.37868140792348004 
649593533 1.415285e-08 0.36652577446260987 
2348040613 2.330937e-08 0.44509004808822783 
2980075456 1.719694e-08 0.09645652214481501 
85224627 1.948141e-08 0.16055462307399726 
1965662198 1.932856e-08 0.16182428693601597 
3715668764 1.4e-08 0.21706053355247204 
3270476896 1.419561e-08 0.21706053355247204 
4201342597 1.419561e-08 0.21706053355247204 
2711965517 1.434846e-08 0.21474825038386053 
1165174376 1.454407e-08 0.21186000072213676 
762210064 1.419561e-08 0.21706053355247204 
3940915008 1.419561e-08 0.21706053355247204 
2744143284 1.42594e-08 0.21608950451651593 
678688578 1.419561e-08 0.21706053355247204 
1301910447 1.419561e-08 0.21706053355247204 
2855048822 1.419561e-08 0.21706053355247204 
238807518 1.419561e-08 0.21706053355247204 
481400394 1.4e-08 0.22009333433591483 
3284371529 1.4e-08 0.4543233658571428 
3378187523 1.405713e-08 0.5393234878766416 
771038762 4.217139e-08 0.5393234878766416 
3607398139 1.405713e-08 0.5393234878766416 
927207199 1.4e-08 0.37052745050736774 
2231250662 1.4e-08 0.22009333433591483 
2606270759 1.437364e-08 0.10285525857169134 
2972065009 1.4e-08 0.5415243129382411 
4052933330 1.4e-08 0.5393283476825971 
2437059955 1.4e-08 0.264225603089737 
445707895 1.73027e-08 0.07495050349227508 
3750558344 1.73027e-08 0.07495050349227508 
480183180 1.4e-08 0.2200933343359148 
1678023283 1.4e-08 0.22009333433591483 
2118254765 1.4e-08 0.31397888875413377 
3446120764 1.4e-08 0.37052745050736774 
1937837823 1.4e-08 0.541524312938241 
2252599940 1.4e-08 0.22009333433591483 
2922107309 1.4e-08 0.5415243129382409 
917430777 1.4e-08 0.3139788887541339 
3767002695 1.4e-08 0.37052745050736763 
