3534547045 1.56237102e-06 0.5882924634839978 
3373526895 2.821293e-06 0.47296898153951633 
2340740170 1.27675902e-06 0.32108144550926276 
1572835533 9.8461264e-07 0.37859191720254015 
1465560917 1.389556e-06 0.31070777606264294 
3004792470 7.1254299e-07 0.1944915715347701 
426576124 3.6283e-07 0.16471144615384617 
1516068388 2.796249e-08 0.4473299120357307 
1481166135 2.791e-08 0.3974018 
2408568032 2.791e-08 0.351092 
3774459889 2.791e-08 0.3276836 
3933289935 1.497875e-08 0.5892911297671701 
511603307 2.791e-08 0.3140002 
1593850299 1.4000009999999996e-08 0.5861492533933905 
598947138 2.791e-08 0.2853589 
659524895 2.1584080000000002e-08 0.35409840748366384 
2466232951 2.791e-08 0.2696497 
333964007 2.791e-08 0.267568 
3197676583 2.791e-08 0.2593327 
3891448235 2.791e-08 0.2552706 
3823443426 1.4e-08 0.49292768042857144 
164438789 2.791e-08 0.2278942 
1664502715 2.791e-08 0.1972046 
385785803 1.4e-08 0.27152123885714285 
1128709694 1.4e-08 0.2483892315 
937177227 1.46505e-08 0.21054849090909095 
2999719241 1.46505e-08 0.21054849090909095 
1931993247 1.46505e-08 0.21054849090909095 
1172086036 1.405249e-08 0.1935431930654535 
4083845756 1.4e-08 0.6896859207142861 
898751805 1.551056e-08 0.0896322132308569 
2125331604 1.472778e-08 0.3354322759632908 
4240624600 1.472778e-08 0.3354322759632908 
3349724438 1.472778e-08 0.3354322759632908 
4253718737 1.472778e-08 0.3354322759632908 
3815024321 1.4e-08 0.7431079365000002 
3604532305 1.545556e-08 0.3354322759632895 
2533881277 1.475853e-08 0.034834551793252656 
472358284 1.863232e-08 0.6267239864053465 
4055959668 2.091e-08 0.19768362020564326 
2848685905 1.420773e-08 0.4834067016337386 
1896745001 1.793336e-08 0.3347756359588042 
3099973400 1.430674e-08 0.6588076211165738 
754560055 1.430674e-08 0.6588076211165738 
3563522875 1.4e-08 0.4365233430623475 
3302973195 1.403102e-08 0.4365233430623475 
2589646060 1.403102e-08 0.4365233430623475 
3433591204 1.403102e-08 0.4365233430623475 
1237914369 1.403102e-08 0.4365233430623475 
2649056468 1.403102e-08 0.4365233430623475 
1771264541 1.4e-08 0.194268841794311 
3449694611 1.4e-08 0.49057942121447984 
1194638860 1.711796e-08 0.2979433701504151 
114837353 1.711796e-08 0.2979433701504151 
