179097684 4.7894061e-07 0.6193840902341857 
3921011129 1.0529590300000002e-06 0.5210087088853806 
3150846686 2.63791477e-06 0.46451602769898026 
545239233 2.139872e-06 0.3492384933776887 
1222799196 3.450772e-06 0.3123476948256397 
426576124 3.4994260999999996e-07 0.17230552764150248 
618276123 3.2426337e-07 0.09838640864455903 
905418128 2.2334360000000002e-08 0.8235516651228272 
790319072 4.235748e-08 0.2792565255406129 
2440120768 2.791e-08 0.2532535 
732124878 2.791e-08 0.2512458 
1878784256 2.791e-08 0.2355249 
290926289 5.582e-08 0.23747574999999999 
129185354 2.663349e-08 0.22521476990060257 
2261252686 2.791e-08 0.1837474 
3833318790 3.22704e-08 0.2770292973766365 
2545005546 1.4000000000000003e-08 0.3076367788571428 
266059373 2.791e-08 0.1348716 
879162223 1.411483e-08 0.12116283121927064 
4253718737 2.183063e-08 0.21738152904886393 
3653734512 2.091e-08 0.1933225325442372 
1405660995 1.404397e-08 0.38584419766912104 
250719570 1.4000010000000003e-08 1.0 
2719204682 1.4e-08 0.3870560240528005 
3449694611 1.4e-08 0.30844235526127417 
2341758500 1.457958e-08 0.1439838686360528 
3967778277 1.464215e-08 0.2511723754699773 
2670951229 1.464215e-08 0.2511723754699773 
381652938 1.632472e-08 0.3697824422771097 
1965662198 2.202734e-08 0.2616071565191783 
3279439195 1.4e-08 0.12939239354741766 
3284371529 1.415617e-08 0.2113260102783499 
2655011401 1.4e-08 0.23678614788971433 
3879652638 1.462484e-08 0.12848044419185461 
1629863604 1.637141e-08 0.08763886380475709 
1501621654 1.4e-08 0.43118534507785583 
213831427 1.4e-08 0.20058731405794647 
4148810631 1.401449e-08 0.27522689095807346 
2056593038 1.401449e-08 0.27522689095807346 
3863839146 1.401449e-08 0.27522689095807346 
834694043 1.4e-08 0.36189342745707576 
1972280475 1.4921619999999998e-08 0.2130506819268702 
3269595313 1.4e-08 0.34387337490955344 
1780437574 1.4e-08 0.11839307394485718 
3654632673 1.4e-08 1.0 
1367591863 1.4e-08 0.27551175079021506 
3019838765 1.407809e-08 0.19960803278520314 
1411431829 1.4e-08 0.37486738249929785 
36058418 1.4e-08 0.15125072503840545 
2830063464 1.4e-08 0.23387153184900716 
3548864168 1.869811e-08 0.28067789534713 
2983660352 1.4e-08 0.27551175079021506 
2299185056 1.719831e-08 0.11202197744684167 
3737371746 1.719831e-08 0.11202197744684167 
