179097684 5.7308668e-07 0.6021756915776001 
3534547045 1.0248061300000001e-06 0.5727859816098863 
3921011129 8.12997e-07 0.5296910970010891 
3150846686 1.119063e-06 0.4567463870031239 
2340740170 2.5299084699999997e-06 0.38936407742768414 
1572835533 2.7031046700000002e-06 0.2987718158989386 
1075699702 1.498037e-06 0.2528825823339236 
3800257563 7.964485900000001e-07 0.17550452783831133 
4046076794 2.791e-08 0.2717406 
315200650 2.4321789999999997e-08 0.25293710397137714 
129185354 2.441969e-08 0.24563191924221806 
1347872676 2.791e-08 0.213099 
3833318790 2.791e-08 0.1821097 
2681375347 2.791e-08 0.1283789 
828787466 2.791e-08 0.1172761 
1498734392 2.791e-08 0.09933466 
2013640095 1.407925e-08 0.18204092308800263 
2681498831 1.429087e-08 0.17201665583661604 
2719204682 1.429087e-08 0.17201665583661604 
2343849308 1.429087e-08 0.17201665583661604 
2950407739 1.435167e-08 0.1680062577477132 
2747938267 1.410861e-08 0.23618783266916266 
66064165 1.410861e-08 0.23618783266916266 
105819081 2.821722e-08 0.23618783266916266 
533433650 1.410861e-08 0.23618783266916266 
3217169414 1.410861e-08 0.23618783266916266 
3418547556 1.410861e-08 0.23618783266916266 
755060644 1.410861e-08 0.23618783266916266 
1292024166 1.647772e-08 0.12035966760639293 
