179097684 6.819986e-07 0.6189438140118374 
2235064901 3.75741571e-06 0.4677621651797847 
2246051850 2.56295605e-06 0.37310354329981676 
1075699702 2.8802715e-06 0.2296354449030038 
4031050948 3.9073999999999996e-07 0.17180339285714286 
1403705120 2.791e-07 0.1090952 
1593891639 2.791e-08 0.3534721 
3197676583 1.399999e-08 0.5169986304990218 
4188445920 2.791e-08 0.1954879 
1434594601 2.630732e-08 0.20199615464441076 
3012070026 2.791e-08 0.1887197 
911013108 2.791e-08 0.178864 
2545005546 1.4e-08 0.30763677885714286 
2729381062 1.4e-08 0.21091826228571428 
1104410542 1.415154e-08 0.3624168442432669 
1471982444 1.432679e-08 0.33546984033742033 
356405251 1.432679e-08 0.33546984033742033 
2842015324 1.432679e-08 0.33546984033742033 
378125977 1.58729e-08 0.3231140162152071 
3815024321 1.4e-08 0.33954814308400844 
2848685905 1.4e-08 0.13870949277110017 
3006103420 1.449e-08 0.13870949277110017 
1199222225 1.449e-08 0.13870949277110017 
2378434411 1.51632e-08 1.0 
1543523724 1.51632e-08 1.0 
2789348510 1.550389e-08 0.352355360182114 
1371202285 1.550389e-08 0.352355360182114 
629078091 1.550389e-08 0.352355360182114 
2369258877 1.580268e-08 0.06359366101994224 
2707460946 1.535217e-08 0.31306362252683184 
3607413901 1.412971e-08 0.4924175212145477 
649593533 1.4187870000000001e-08 0.4903989657136981 
550176535 1.412971e-08 0.4924175212145477 
2348040613 1.412971e-08 0.4924175212145477 
1061526795 1.412971e-08 0.4924175212145477 
3554620561 1.412971e-08 0.4924175212145477 
2789301560 1.412971e-08 0.4924175212145477 
287394855 1.4e-08 0.49242797637553626 
3211480542 1.425942e-08 0.49241752121455146 
722767024 2.825942e-08 0.49242278713452164 
1298902656 1.425942e-08 0.4924175212145477 
826924968 1.4e-08 1.0 
