179097684 7.4108982e-07 0.5958760745375525 
3373526895 1.640316e-06 0.5097622926127333 
2235064901 1.34607433e-06 0.4584431357845562 
3150846686 2.52962379e-06 0.427757801250517 
4259593397 2.0141169499999998e-06 0.24821009419895085 
2555962951 6.741116e-07 0.14485497058811653 
2408568032 1.4e-08 1.0 
741863299 4.1909999999999996e-08 0.33184670343593414 
598947138 2.796859e-08 0.2868559658888772 
1035492323 1.4e-08 0.4772568135 
1347872676 2.791e-08 0.213099 
57770090 1.521291e-08 0.33543230000000007 
3485819286 1.8083e-08 0.22121212979041088 
378125977 1.428025e-08 0.47796924873970476 
4035587434 2.205229e-08 0.6348547021647186 
3952655669 1.444481e-08 0.3157531457589086 
3063534263 1.554962e-08 0.1144339368722636 
907719639 1.472778e-08 0.12081958268440238 
1906851972 1.472778e-08 0.12081958268440238 
2597880038 1.472778e-08 0.12081958268440238 
1837088337 1.472778e-08 0.12081958268440238 
1848242772 1.920672e-08 0.23746866708057088 
3449694611 1.417658e-08 0.38363341296332737 
3089865955 2.4432100000000002e-08 0.6678029849518846 
1759850032 1.417658e-08 0.38363341296332737 
1495382923 1.417658e-08 0.38363341296332737 
3363025910 1.4353160000000001e-08 0.37891375624236384 
1449522982 1.579505e-08 0.093158647733868 
3279439195 1.561847e-08 0.09421188495984767 
470332523 1.4e-08 0.38847212639626055 
584993009 1.4e-08 0.3884721263962606 
3270476896 1.4e-08 0.2682820039854612 
3681452412 1.418247e-08 0.38347408946027345 
570164134 1.577082e-08 0.1652887491159834 
2105330617 1.577082e-08 0.1652887491159834 
964813250 1.604882e-08 0.0554372294495074 
2039170765 1.604882e-08 0.0554372294495074 
932943525 1.4e-08 1.0 
2292589682 1.404329e-08 0.19363730897630288 
3971437066 1.404329e-08 0.19363730897630288 
3940915008 1.4e-08 0.3299702998135524 
3593659676 1.4e-08 0.26828200398546126 
1301910447 1.443033e-08 0.38045378020223164 
1734007597 1.443033e-08 0.38045378020223164 
2087527840 2.365495e-08 1.0 
2065940037 1.4e-08 0.41054921639229747 
