179097684 6.8450435e-07 0.6149930563913972 
3534547045 1.163219e-06 0.5531218734386907 
3921011129 1.12691954e-06 0.49507380848518967 
2340740170 1.89569441e-06 0.4232496245479458 
2246051850 1.13607157e-06 0.39318015165047987 
4259593397 3.45341835e-06 0.2919822161981162 
2555962951 1.710271e-06 0.1836279701753878 
290926289 2.791e-08 0.2336027 
164438789 4.08662e-08 0.1556427346315537 
2250757420 2.791e-08 0.109149 
1837234470 1.401835e-08 0.36056637583076573 
481808867 1.485585e-08 0.21637125917487873 
3607413901 1.4e-08 0.295986464196429 
1960974751 1.408392e-08 0.278029500522845 
3180086772 1.408392e-08 0.278029500522845 
79461789 1.408392e-08 0.278029500522845 
72955594 1.408392e-08 0.278029500522845 
1771264541 1.408392e-08 0.278029500522845 
1759850032 1.416805e-08 0.1775639733414286 
2472898255 1.416805e-08 0.1775639733414286 
3459912306 1.416805e-08 0.1775639733414286 
381652938 1.475288e-08 0.6123462257348338 
