3534547045 2.4625003399999997e-06 0.5127175868042702 
545239233 2.7805920000000003e-06 0.43455932655970525 
1572835533 3.00568e-06 0.34642708731709104 
2984600922 1.579814e-06 0.20146147662402894 
426576124 2.791e-07 0.1615568 
1516068388 1.399999000000001e-08 1.0 
551137729 1.472778e-08 0.1470269789284158 
313359544 2.091e-08 0.21400660000000007 
4187488967 2.1372150000000003e-08 0.20355626209810423 
1837088337 1.40069e-08 0.11568998249069283 
875106938 1.416714e-08 0.057190725006913336 
3468130899 1.4e-08 0.05787350056246015 
1803012522 1.469434e-08 1.0 
238807518 1.538868e-08 1.0 
1734007597 1.4e-08 1.0 
