3534547045 1.188637e-06 0.5767578229035736 
2235064901 3.3310810000000003e-06 0.4542336017409024 
1572835533 5.41263502e-06 0.31507598299716416 
2519559028 8.9573568e-07 0.1574567060758614 
2620740164 1.3999999999999998e-08 0.4431169027857143 
2326007700 1.4e-08 0.3407458137857143 
1104410542 1.472778e-08 0.14702697892841576 
3869596591 1.498425e-08 0.14451046930759587 
2848685905 1.425981e-08 0.4036833975977036 
3707800333 1.46505e-08 0.1361614312663155 
309459595 1.518632e-08 0.13135723788035253 
1323984060 1.4e-08 0.3130208231388523 
1987038079 1.450596e-08 0.20735012476413756 
3797386594 1.450596e-08 0.20735012476413756 
241690685 1.76573e-08 0.21423494767415455 
2810179169 1.444e-08 0.20531473267791503 
213831427 2.091e-08 0.16551066104765608 
3320450569 1.4e-08 0.3067726171500163 
1268185054 1.4e-08 0.3067726171500163 
4108567391 1.1203798000000001e-07 0.623658008315188 
3132125139 1.426768e-08 0.17806937373886436 
3242796679 1.426768e-08 0.17806937373886436 
444974319 1.426768e-08 0.17806937373886436 
3734593757 1.426768e-08 0.17806937373886436 
111235536 1.426768e-08 0.17806937373886436 
1490861810 1.426768e-08 0.17806937373886436 
845186953 1.426768e-08 0.17806937373886436 
2279859862 1.426768e-08 0.17806937373886436 
1407916447 1.426768e-08 0.17806937373886436 
3539250331 2.853536e-08 0.17806937373886436 
2929070229 1.426768e-08 0.17806937373886436 
368451981 1.426768e-08 0.17806937373886436 
2937776487 1.426768e-08 0.17806937373886436 
4232177374 1.426768e-08 0.17806937373886436 
34775558 1.426768e-08 0.17806937373886436 
747443871 1.426768e-08 0.17806937373886436 
2640871332 1.426768e-08 0.17806937373886436 
1056843563 1.426768e-08 0.17806937373886436 
303951786 1.426768e-08 0.17806937373886436 
834694043 1.426768e-08 0.17806937373886436 
3563967453 1.426768e-08 0.17806937373886436 
1235889872 1.990768e-08 0.09558341323000728 
3775520932 1.990768e-08 0.09558341323000728 
3568714221 1.4e-08 0.18147406016475148 
