179097684 5.2213341e-07 0.6393204738310599 
3373526895 2.083557e-06 0.5354863921457793 
545239233 2.525004e-06 0.4213083292449837 
2246051850 1.247864e-06 0.3659324121425505 
1222799196 2.101408e-06 0.30655041048160814 
1075699702 2.7569181e-07 0.33060087317460374 
3800257563 7.256600000000001e-07 0.1566628846153846 
2932274237 2.791e-08 0.4378893 
873214132 2.791e-08 0.3369592 
790319072 2.791e-08 0.3050375 
1227575429 1.3999990000000001e-08 0.5731743237673741 
1878784256 2.791e-08 0.2355249 
2911053862 2.791e-08 0.218574 
1239791232 2.791e-08 0.1989312 
3037779432 2.791e-08 0.1870524 
888311950 8.373e-08 0.17268543333333333 
2856850640 2.791e-08 0.1740694 
3824069879 2.6035939999999996e-08 0.1669880716425065 
126484229 2.791e-08 0.1208945 
3196256300 4.911934e-08 0.370845709620197 
217284033 1.6404820000000002e-08 0.4009807868800956 
3288380490 2.069974e-08 0.33071619087187115 
451270221 1.4e-08 0.47413226259049013 
1246511018 1.686505e-08 0.159286523224064 
3783228500 2.603293e-08 0.30104644641129163 
1072840122 2.091e-08 0.31287380000000015 
301219709 1.4e-08 0.3955211086577249 
3059144981 1.934906e-08 0.3955211086577249 
785216844 1.404951e-08 0.13945541634857558 
3802520055 1.420934e-08 0.23813091958357852 
4096225443 1.420934e-08 0.23813091958357852 
1371202285 1.420934e-08 0.23813091958357852 
2369258877 1.420934e-08 0.23813091958357852 
1541925803 1.420934e-08 0.23813091958357852 
1292023300 1.420934e-08 0.23813091958357852 
1848242772 1.420934e-08 0.23813091958357852 
2681498831 1.4e-08 0.2798971809347824 
3458484829 2.109901e-08 0.16876689314185003 
1055469694 1.4e-08 0.13994859046739114 
627452446 1.60834e-08 0.21038357566657082 
2014426858 1.661037e-08 0.10185454029247172 
2716949832 1.58931e-08 0.12327867228819259 
66987975 1.4e-08 0.27989718093478244 
3707800333 3.022916e-08 0.4157511525047339 
3528190190 1.622916e-08 0.14587586321473195 
2185291493 1.4e-08 0.49292768042857144 
