179097684 6.1264934e-07 0.553474437141013 
3373526895 2.4388616600000003e-06 0.4993565471705142 
545239233 3.54874513e-06 0.3931734360994725 
1222799196 1.528384e-06 0.33817070611124556 
2519559028 8.0057092e-07 0.25432379625978696 
476505668 2.3530419e-07 0.14330705441326821 
3891448235 1.4000009999999996e-08 0.5088998112144207 
392861532 2.791e-08 0.1416002 
3321237907 1.45086e-08 0.4835696396486027 
4093093422 2.091e-08 0.18842233206599715 
879162223 1.472778e-08 0.21100966975855678 
1428265047 1.4e-08 0.8375549482380592 
4167430602 1.434529e-08 0.29054909310242377 
1906851972 1.434529e-08 0.29054909310242377 
1837088337 1.438199e-08 0.1500421503711168 
1649557018 1.455515e-08 0.31933774998954706 
1553963666 1.4e-08 0.6640012645371938 
1449522982 1.4e-08 0.3844748667428906 
1301910447 1.431889e-08 0.10851762930215536 
4106915849 1.4e-08 0.4284471147479393 
3953247145 1.642238e-08 0.2568138056984052 
335748715 1.642238e-08 0.2568138056984052 
1090143039 1.496846e-08 0.14979910027946614 
4281208133 1.838286e-08 0.21270404417484554 
1852572783 1.4e-08 0.3907523255403059 
