179097684 6.685202299999999e-07 0.5912320737594021 
3921011129 2.8289980000000003e-06 0.4828754232219337 
2235064901 4.04706375e-06 0.35318332011055287 
3004792470 5.1131788e-07 0.239686577109291 
426576124 2.791e-07 0.1615568 
873214132 2.1508090000000002e-08 0.4372555290590657 
1986278615 1.9311060000000003e-08 0.44731955547753455 
1503861029 2.791e-08 0.2613777 
4061687915 2.791e-08 0.257297 
3988949870 2.791e-08 0.2492475 
1651612823 2.791e-08 0.2413488 
1347872676 2.791e-08 0.213099 
3833318790 2.791e-08 0.1821097 
825415804 2.791e-08 0.1693635 
300193622 2.791e-08 0.1443583 
266059373 2.1137880000000002e-08 0.178081546304549 
43001897 1.4e-08 0.26364264457142855 
3709881891 2.791e-08 0.1271084 
2768642543 2.791e-08 0.106907 
302486611 1.402224e-08 0.21100967731891687 
1078741991 1.402224e-08 0.21100967731891687 
438292632 1.402224e-08 0.21100967731891687 
3147695692 1.402224e-08 0.21100967731891687 
740082705 1.402224e-08 0.21100967731891687 
3288380490 1.668593e-08 0.35510756235729707 
2945849429 1.43005e-08 0.26212020572314243 
965372172 1.915567e-08 0.43584985565631484 
528880979 1.6227159999999995e-08 0.4467103460360155 
2521380987 1.469414e-08 0.20816542771687876 
3929228125 1.446479e-08 0.21146604534401792 
3702894340 1.446479e-08 0.21146604534401792 
4285585893 1.446479e-08 0.21146604534401792 
406745133 1.446479e-08 0.21146604534401792 
2883513480 1.446479e-08 0.21146604534401792 
2707460946 1.439108e-08 0.36550787952125285 
627452446 1.453458e-08 0.17848758389472597 
1462644303 1.501833e-08 1.0 
4088625113 1.4e-08 0.9999999999999998 
287394855 1.991813e-08 0.17743395552192906 
2670951229 2.137479e-08 0.16534209657732313 
3211480542 2.133005e-08 0.27527872330108016 
1922039940 1.4e-08 0.18530300479461467 
1495382923 1.4e-08 0.16901837299451294 
2766526296 1.4e-08 0.41940778085344327 
470332523 1.418739e-08 0.1078003754753939 
3270476896 1.494588e-08 0.39620972919272585 
1987038079 1.414624e-08 0.3890122367394027 
2039170765 1.414624e-08 0.3890122367394027 
2810179169 1.429248e-08 0.3850318813706514 
101557930 1.562176e-08 0.18964898399586014 
2222966094 1.542799e-08 0.9999999999999972 
3284371529 2.140533e-08 0.13715530038425489 
871205577 1.4e-08 0.39307574741802914 
110318614 1.493005e-08 1.0 
3076001680 1.619559e-08 0.24327039220213978 
1797275806 1.4e-08 0.1853030047946147 
3730019172 1.4e-08 0.39307574741802925 
2714424842 1.4e-08 0.39307574741802914 
220748477 1.4e-08 0.4229787905247841 
2574253871 1.4e-08 0.21848656700226404 
3866772787 1.4e-08 0.3641110902295039 
3085765731 1.4e-08 0.37571808105862226 
1403954297 1.4e-08 0.9999999999999998 
102828162 1.4e-08 0.3757180810586223 
3962269793 1.922104e-08 0.273661213691908 
4106915849 1.4e-08 0.10924328350113205 
977281884 1.4e-08 0.28411244628015353 
2025893757 1.4e-08 0.37571808105862214 
1090143039 1.4e-08 0.3930760236611631 
253060996 1.4e-08 0.9999999999999998 
571790981 1.4e-08 0.5682248925603077 
517786421 1.446147e-08 0.43793465892113365 
2256454524 1.4e-08 0.39307574741802914 
2606270759 1.564654e-08 0.027633820503069752 
4081327903 1.564654e-08 0.027633820503069752 
3325553423 1.4e-08 0.7168848125047865 
4124564224 1.4e-08 0.26212020572314243 
1852572783 1.4e-08 0.37571834942887183 
3229926557 1.4e-08 0.3606919213085372 
2972065009 1.4e-08 0.19653787370901465 
4052933330 1.4e-08 0.030883834132435804 
3239027265 1.760379e-08 0.06720870556138958 
3357191835 1.4e-08 0.3930760281866208 
2437059955 1.4e-08 0.3757180810586223 
445707895 1.545666e-08 0.19789604856622947 
480183180 1.438971e-08 0.4864587264093577 
3892593010 1.438971e-08 0.4864587264093577 
776375684 1.4e-08 0.2947206542750342 
1678023283 1.4e-08 0.562066181865146 
