179097684 6.7087647e-07 0.6095226621623727 
3373526895 1.81970415e-06 0.51379032149335 
3150846686 2.3101002e-06 0.4284266353271614 
2340740170 1.56804596e-06 0.3505200428912192 
1075699702 4.6958862e-06 0.2659806859262755 
3736601249 2.791e-08 0.2260107 
251961497 1.3999999999999998e-08 0.32540368678571435 
921425487 2.147549e-08 0.1894219851095365 
3015378843 2.791e-08 0.1221188 
865537991 2.791e-08 0.1080236 
438292632 1.545765e-08 0.19566981630454827 
2177968201 1.495727e-08 0.15600165000442312 
3783228500 1.400916e-08 0.2974698239250232 
220564665 1.415349e-08 0.20238109852603195 
766581564 1.429791e-08 0.4127173987866894 
2606325002 1.453188e-08 0.23547605847080977 
1314810707 1.429181e-08 0.22436960541037002 
1499007652 1.4e-08 0.29766445418124843 
3467386575 1.660873e-08 0.09653500810417111 
1703904600 1.414436e-08 0.1826784638212649 
1840937626 1.41352e-08 0.18279684451121644 
213831427 1.4e-08 0.22651240447395107 
846691466 2.82704e-08 0.20569964044925898 
3962269793 2.085417e-08 0.1640875577676211 
977281884 3.4032429999999995e-08 0.24014337942644376 
3578947201 1.461195e-08 0.12379083539920253 
571790981 1.461195e-08 0.12379083539920253 
2606270759 1.469815e-08 1.0 
2800683865 1.40226e-08 0.09213234195280996 
480183180 1.40226e-08 0.09213234195280996 
