179097684 5.7128282e-07 0.6231037767099786 
3921011129 2.57670593e-06 0.527714567076663 
2246051850 3.03172993e-06 0.39225456120519314 
2799798816 3.9259840000000003e-07 0.2733530050073381 
2519559028 6.5912785e-07 0.1554486152450988 
3071234124 2.791e-08 0.4251179 
869234806 1.4e-08 0.6441053851428572 
810769555 2.791e-08 0.3072659 
790319072 2.791e-08 0.3050375 
1458665800 2.791e-08 0.2962067 
3176785673 2.791e-08 0.192084 
251961497 2.791e-08 0.1632265 
3481866093 2.791e-08 0.1137393 
865537991 2.791e-08 0.1080236 
2029773149 1.46505e-08 0.338603837701855 
740082705 1.46505e-08 0.338603837701855 
2795063678 1.46505e-08 0.338603837701855 
1412415798 1.457038e-08 0.31369293628687955 
3913511150 1.457038e-08 0.31369293628687955 
690117576 1.457038e-08 0.31369293628687955 
3293059020 1.4891670000000001e-08 0.2133926521400089 
2159618959 1.461142e-08 0.21748556650166834 
921818415 1.449e-08 0.2948559230415033 
4212779140 1.4441939999999999e-08 0.29583714687025314 
2521380987 2.006967e-08 0.03958427014611853 
3294683754 1.613317e-08 0.09848572697383894 
2674988631 2.423182e-08 0.25206627466581955 
2883513480 1.44061e-08 0.252974220000236 
783121895 1.44061e-08 0.252974220000236 
3059144981 1.449307e-08 0.25145617255318575 
3952655669 1.4533030000000001e-08 0.25076476899486205 
2848685905 1.44061e-08 0.252974220000236 
1867247157 1.44061e-08 0.252974220000236 
3633199892 1.44061e-08 0.252974220000236 
283080478 1.44061e-08 0.252974220000236 
1199222225 1.449308e-08 0.25145599905233396 
3755198008 1.44061e-08 0.252974220000236 
1420914473 1.4e-08 0.32647323464397326 
3012889883 3.1787179999999997e-08 0.2719269131374787 
2027098952 1.408697e-08 0.3506784449201187 
2597880038 1.408697e-08 0.3506784449201187 
1761715697 1.408697e-08 0.3506784449201187 
629078091 1.408697e-08 0.3506784449201187 
3563522875 1.408697e-08 0.3506784449201187 
249728555 1.408697e-08 0.3506784449201187 
4285226245 1.408697e-08 0.3506784449201187 
2024675612 1.408697e-08 0.3506784449201187 
1292023300 1.408697e-08 0.3506784449201187 
875106938 1.400001e-08 0.7057133149528271 
3314075649 1.408697e-08 0.3506784449201187 
3458484829 2.421175e-08 0.2891158218633514 
2449448537 1.409513e-08 0.0879863386192789 
3167902617 1.741e-08 0.10311831232050551 
579073438 1.4e-08 0.2948559230415034 
3468130899 1.4e-08 0.1771684115803938 
2343849308 1.4e-08 0.26031227933895723 
3528190190 1.4e-08 0.17642864340007422 
550176535 1.4e-08 0.5000003571431121 
3884987045 1.688447e-08 0.2799163056544466 
3180086772 1.4e-08 0.35285690951688314 
4088625113 1.4e-08 0.35285690951688314 
1237914369 1.619883e-08 0.1458820935009915 
1649557018 1.4e-08 0.3264732346439732 
79461789 1.4e-08 0.3528569095168832 
734120091 1.4e-08 0.3264734678393072 
552498239 1.3999989999999996e-08 1.0 
2950407739 1.412693e-08 0.43926355923604304 
72955594 1.412693e-08 0.43926355923604304 
1771264541 1.412693e-08 0.43926355923604304 
2353028958 1.412693e-08 0.43926355923604304 
2980075456 1.412693e-08 0.43926355923604304 
1194638860 1.412693e-08 0.43926355923604304 
2341758500 1.412693e-08 0.43926355923604304 
651046398 1.412693e-08 0.43926355923604304 
229435916 1.412693e-08 0.43926355923604304 
1850435983 1.412693e-08 0.43926355923604304 
2426951832 1.412693e-08 0.43926355923604304 
3089865955 1.412693e-08 0.43926355923604304 
3201932102 1.412693e-08 0.43926355923604304 
3527214469 1.412693e-08 0.43926355923604304 
771359632 1.412693e-08 0.43926355923604304 
4186562710 1.412693e-08 0.43926355923604304 
346987663 1.412693e-08 0.43926355923604304 
1314810707 1.412693e-08 0.43926355923604304 
1598213090 1.412693e-08 0.43926355923604304 
1298902656 1.412693e-08 0.43926355923604304 
3190311976 1.412693e-08 0.43926355923604304 
1517815290 1.412693e-08 0.43926355923604304 
66064165 1.412693e-08 0.43926355923604304 
1923515514 1.412693e-08 0.43926355923604304 
533433650 2.825386e-08 0.43926355923604304 
381652938 1.412693e-08 0.43926355923604304 
149784911 1.412693e-08 0.43926355923604304 
85224627 1.412693e-08 0.43926355923604304 
58759274 1.4e-08 0.44324611091988814 
2135013218 1.4e-08 0.35285690951688314 
3934203265 1.4e-08 0.44324611091988814 
1292024166 1.4e-08 0.352856909516883 
1323984060 1.4e-08 0.8424346425714285 
4197927596 1.4e-08 0.2603122793389572 
4201342597 1.4e-08 0.4432461109198882 
2391696826 1.4e-08 0.3528569095168831 
1745749016 1.483472e-08 0.43926407986151134 
2711965517 1.4882780000000001e-08 0.43784559274565366 
1987038079 1.483472e-08 0.43926407986151134 
3797386594 1.483472e-08 0.43926407986151134 
3443287411 1.532472e-08 0.4252188379822378 
1165174376 1.4e-08 0.3452393237857143 
4263904522 1.4e-08 0.3051758803479559 
4267941538 1.4e-08 0.26031246527643237 
3372193553 1.4e-08 0.3528569095168831 
3681452412 1.4e-08 0.9088642475367043 
3458662533 1.4e-08 0.35285690951688314 
762210064 1.4e-08 0.08858420579019691 
570164134 1.4e-08 0.465454259343083 
2418772576 1.660633e-08 1.0 
4278040469 1.4e-08 0.35285690951688314 
241690685 1.510185e-08 0.26961707544491875 
1703904600 1.510185e-08 0.26961707544491875 
3814978291 1.510185e-08 0.26961707544491875 
