179097684 8.286716999999999e-07 0.6045096689574638 
3373526895 1.37164392e-06 0.5213414743450037 
2235064901 2.3785520300000002e-06 0.44004163106375 
2246051850 4.3417675e-06 0.33472245097715153 
4031050948 6.9775e-07 0.171702652 
2263814062 2.791e-08 0.31853 
333964007 1.465645e-08 0.5095246720727051 
811613008 2.791e-08 0.209498 
2710766136 2.791e-08 0.193781 
3176785673 2.791e-08 0.192084 
3037779432 2.791e-08 0.1870524 
4028593304 2.791e-08 0.1429745 
2533881277 1.472778e-08 0.133454866528697 
2247026945 1.472778e-08 0.133454866528697 
3562383954 1.582008e-08 0.23959411228219665 
1867247157 1.46505e-08 0.2911454272727273 
3633199892 1.46505e-08 0.2911454272727273 
1906851972 1.46505e-08 0.19235580909090905 
3099973400 1.46505e-08 0.19235580909090905 
1848242772 1.4e-08 0.1403924224402867 
2341758500 1.4e-08 0.5626653194089205 
651046398 1.4e-08 0.1280940354510759 
1850435983 2.091e-08 0.42767244999999665 
4186562710 1.584208e-08 0.2981961351412227 
