179097684 1.06994e-06 0.5595230899729978 
3373526895 3.362108e-06 0.43702481979860364 
3921011129 1.029202e-06 0.4371955929219042 
1465560917 1.53084393e-06 0.3430251290934952 
426576124 8.8721803e-07 0.16293741757848285 
636961411 1.4000000000000001e-08 0.9192206345714286 
2932274237 4.141207e-08 0.37719155174445507 
717226258 2.719206e-08 0.4130221321223917 
1434498202 1.4000000000000001e-08 0.6578610279999999 
2870158420 2.6114309999999998e-08 0.2971878465102084 
315200650 2.791e-08 0.2204186 
3176785673 2.791e-08 0.192084 
1434594601 1.4658859999999997e-08 0.3625096002690524 
2261252686 2.791e-08 0.1837474 
4226750145 2.791e-08 0.1804819 
199935986 2.791e-08 0.177256 
3268335666 1.4000000000000003e-08 0.34387312928571423 
2326007700 1.399999e-08 0.3407460571757551 
825415804 2.791e-08 0.1693635 
1134132465 2.791e-08 0.101455 
15308464 1.492709e-08 0.45624638376328 
3321237907 1.541202e-08 0.44189086392367904 
3330100144 1.5080590000000003e-08 0.4516024129433277 
3642829293 1.4e-08 1.0 
451270221 1.424046e-08 0.2714994307111191 
2177968201 1.424046e-08 0.2714994307111191 
1382686479 1.424046e-08 0.2714994307111191 
4069401935 1.656671e-08 1.0 
2945849429 1.548272e-08 0.15217621505351345 
3113062634 1.41535e-08 0.3676761239343326 
1565786989 1.41535e-08 0.3676761239343326 
3121292019 1.41535e-08 0.3676761239343326 
3297362622 1.41535e-08 0.3676761239343326 
3604532305 1.41535e-08 0.3676761239343326 
1820499179 1.41535e-08 0.3676761239343326 
1072840122 2.120309e-08 0.26981359344321976 
1826422368 1.741e-08 0.16935791206203338 
250719570 1.8670420000000003e-08 0.21495623180240145 
2066612683 1.573044e-08 0.15784723584655752 
1002680420 1.410234e-08 0.41318525040230314 
3467386575 2.593194e-08 0.25231938955322386 
2744143284 1.594919e-08 0.32628014464086114 
399492375 1.4e-08 0.22673715230240615 
2748669076 1.407523e-08 0.13734328970341741 
933412597 1.506244e-08 0.5559331761748327 
2231250662 1.482198e-08 0.5649521933063496 
3085765731 1.482198e-08 0.5649521933063496 
102828162 1.482198e-08 0.5649521933063496 
4175762635 1.556309e-08 0.2039649074529437 
2316491956 5.708666e-07 0.322320633558688 
3229926557 1.412193e-08 0.30876021877101345 
480183180 2.689884e-08 0.3241991250380268 
3892593010 1.412193e-08 0.30876021877101345 
2922107309 1.412193e-08 0.30876021877101345 
34775558 1.4e-08 0.41620563458274407 
1235889872 1.454667e-08 0.290071516813531 
36858200 1.90235e-08 0.36796593686755824 
340569875 1.4e-08 0.32569568403788324 
4292574364 1.898671e-08 0.5616127169572892 
3269561540 4.57215e-08 0.6694665054448615 
2126166399 1.4e-08 0.6951958362857145 
363773044 1.411798e-08 0.1614870254597548 
312808672 1.4e-08 0.4162059318726953 
1563060474 1.6216849999999997e-08 0.4316500665750379 
3790847783 1.424864e-08 0.16000613309517137 
2747516691 1.424864e-08 0.16000613309517137 
1780437574 1.4e-08 0.31144929973349567 
1441326850 1.682905e-08 0.0574345949066156 
1869505131 1.682905e-08 0.0574345949066156 
792228939 1.4e-08 0.4162056345827441 
3805166987 1.4e-08 0.3256956840378831 
3654632673 1.666401e-08 0.1811540876761433 
717671056 1.4e-08 0.7616550123307149 
3858463531 1.4e-08 0.4131849616688351 
1421662397 1.4e-08 0.46736651933791723 
2661924784 1.4e-08 0.46736651933791706 
1367690675 1.4e-08 0.2761626273617473 
3216152648 1.4e-08 0.9999999999999999 
