179097684 7.048699099999999e-07 0.5807792757296224 
3534547045 9.032971799999999e-07 0.5460988847786745 
3921011129 1.892998e-06 0.4606392418287454 
2246051850 2.5616537699999998e-06 0.4101364175998446 
3004792470 3.4873686e-06 0.2844296938599097 
426576124 3.4953952e-07 0.1690491507403374 
825415804 2.791e-08 0.1693635 
251961497 2.791e-08 0.1632265 
3824069879 2.791e-08 0.1557754 
43001897 2.791e-08 0.1322464 
3059103076 1.435702e-08 0.4607596821490842 
766581564 1.461952e-08 0.2898465446324631 
3702894340 1.461952e-08 0.2898465446324631 
2674988631 1.4884280000000001e-08 0.2846907849210837 
3633199892 2.102375e-08 0.5013288488970812 
2013640095 2.013729e-08 0.17795231828126065 
3302973195 1.45132e-08 0.3448049061437445 
3433591204 1.45132e-08 0.3448049061437445 
4256642775 1.45132e-08 0.3448049061437445 
2449448537 1.459904e-08 0.3427775089215039 
3607413901 1.456033e-08 0.30315257830431797 
79461789 1.4e-08 0.4725097122720033 
552498239 1.4e-08 0.15133633414947092 
2789301560 1.428292e-08 0.1535382816859811 
3459912306 1.428292e-08 0.1535382816859811 
841878026 1.900153e-08 0.22239307220781418 
3681452412 1.439099e-08 0.07619263838896191 
1905833305 1.4e-08 0.3659620434004955 
1629863604 1.4e-08 0.35744446884609943 
3378187523 1.4e-08 0.4858257538854667 
