179097684 7.439075e-07 0.45742215732636893 
3921011129 2.409012e-06 0.4284245917642484 
545239233 1.67020145e-06 0.3846897295476105 
1572835533 5.791885e-07 0.3597767889825527 
1465560917 1.932578e-06 0.33513920309325296 
3737780296 9.212057e-07 0.26597989571144115 
4031050948 3.2249257e-07 0.2109274300699393 
426576124 3.3492e-07 0.197028375 
3020817656 2.791e-08 0.499233 
3084497907 2.791e-08 0.4330426 
1444500749 2.791654e-08 0.37964384010339386 
3279231079 2.791e-08 0.2590031 
1434594601 1.3999990000000003e-08 0.4632379513842509 
2909632847 1.458727e-08 0.38910386137355685 
1104410542 1.458727e-08 0.38910386137355685 
4260098875 2.521171e-08 1.0 
3593732192 5.2421409999999995e-08 0.32275999288523105 
1738909006 1.417142e-08 0.3208079119370837 
4198169764 1.408571e-08 0.322759992885231 
451270221 1.44851e-08 0.17452377280791984 
3293059020 1.447508e-08 0.3074611249999999 
2159618959 1.516432e-08 0.29348657778687065 
3986570268 1.447508e-08 0.3074611249999999 
906368509 1.4e-08 0.4054259345641889 
4187488967 1.76834e-08 0.3175274269088524 
1565786989 1.476897e-08 0.8172894930675073 
2286860921 1.475615e-08 0.817999546252188 
1867247157 1.669516e-08 0.1303075654411218 
3006103420 1.47538e-08 0.3081445905043735 
4096225443 1.464822e-08 0.2485770823973005 
3099973400 3.942667e-08 0.30001841999872153 
2789348510 1.4e-08 0.3178945986617856 
2606325002 1.412845e-08 0.297809448764842 
1848242772 1.412845e-08 0.297809448764842 
2343849308 1.412845e-08 0.297809448764842 
627452446 1.412845e-08 0.297809448764842 
552634658 1.412845e-08 0.297809448764842 
3736523900 1.412845e-08 0.297809448764842 
1503202005 1.412845e-08 0.297809448764842 
550176535 1.412845e-08 0.297809448764842 
3884987045 1.4e-08 0.6010837009145188 
309459595 1.4256900000000001e-08 0.29512628316125045 
79461789 2.091e-08 0.20388008067910093 
2353028958 1.421219e-08 0.38329448587654646 
3449694611 1.4e-08 0.30054185045725945 
2426951832 1.4e-08 0.2933184504642859 
3089865955 1.533077e-08 0.2744536579964107 
224410298 1.6746e-08 0.40688843752566684 
1759850032 1.4e-08 0.29331845046428573 
287394855 3.3804789999999997e-08 0.3695098485895047 
2670951229 1.980479e-08 0.2298797245262384 
2367820772 1.5778430000000002e-08 0.38250079394557074 
1495382923 1.4e-08 0.7491679949285712 
515125813 1.4e-08 0.15027103256508137 
2747938267 2.295343e-08 0.19806641793332963 
3363025910 1.412845e-08 0.2135854252311687 
764400056 1.505416e-08 0.4993109708545678 
1517815290 1.4e-08 1.0 
2454553876 1.430865e-08 0.2978107932916783 
1923515514 1.430865e-08 0.2978107932916783 
3339828518 1.430865e-08 0.2978107932916783 
105819081 1.430865e-08 0.2978107932916783 
1601889739 1.430865e-08 0.2978107932916783 
381652938 1.430865e-08 0.2978107932916783 
96665495 1.430865e-08 0.2978107932916783 
85224627 1.4e-08 0.32473597567024465 
3279439195 1.701497e-08 0.13078265440094125 
360107933 1.4e-08 0.3005418504572594 
2135013218 1.4e-08 0.15032658082821568 
470332523 1.4e-08 0.6246841641541684 
