3534547045 1.328214e-06 0.46946584202468394 
2235064901 2.230688e-06 0.39017580740793295 
1465560917 7.53994612e-06 0.3055413880429779 
4188445920 1.4000000000000003e-08 0.4740511506428571 
3012070026 2.791e-08 0.2305469 
251961497 2.791e-08 0.2007151 
2545005546 1.399999e-08 0.37713115402225283 
2683944377 1.513536e-08 0.9960218983889383 
66987975 1.590535e-08 0.18035593124912203 
2016090987 1.448307e-08 0.06569296784107234 
3190311976 1.556357e-08 1.0 
2747938267 1.556357e-08 1.0 
3177521820 1.556357e-08 1.0 
1923515514 1.410357e-08 0.4056587323295992 
1449522982 1.411269e-08 0.4053965847419425 
3279439195 1.410357e-08 0.4056587323295992 
4193709834 1.410357e-08 0.4056587323295992 
4201342597 1.410357e-08 0.4056587323295992 
1987038079 1.410357e-08 0.4056587323295992 
4105879141 1.410357e-08 0.4056587323295992 
1703904600 1.410357e-08 0.4056587323295992 
118566979 1.410357e-08 0.4056587323295992 
3593659676 1.410357e-08 0.4056587323295992 
3223248356 2.379907e-08 0.4807949493422865 
1450024594 5.602737e-08 0.21081381984517325 
1501621654 1.400912e-08 0.21081383867088327 
2714424842 5.622539e-08 0.311860918740198 
2606270759 1.400912e-08 0.21081383867088327 
3152769946 1.406091e-08 0.20344481125225458 
1897972748 1.4e-08 0.4086597376801261 
156734636 1.410585e-08 0.36690146731677853 
2126166399 1.4e-08 0.21095116882864604 
947239549 1.4e-08 0.21081707411115153 
702973591 1.4e-08 0.21095116882864604 
1297296453 1.972762e-08 0.29001148275979394 
3805166987 1.4e-08 0.210951168828646 
3745170176 1.4e-08 0.21081383867088327 
3201531403 1.419396e-08 0.20153763685910753 
4281747617 1.943387e-08 0.15206524721695064 
3582615942 2.530662e-08 0.11672643593619275 
