179097684 6.881756e-07 0.4541784368322828 
3534547045 1.508482e-06 0.43025062373819756 
3921011129 2.12168344e-06 0.4101947747714432 
2340740170 2.4989098700000003e-06 0.3614017105507537 
2246051850 8.157706300000001e-07 0.37676373639936567 
3737780296 3.3605125e-07 0.2479822310413306 
426576124 3.2132345e-07 0.20833044206208548 
1425083048 2.791e-08 0.421016 
810769555 2.791e-08 0.3307478 
1019134040 1.4e-08 0.6153174162857143 
4046076794 2.7969100000000003e-08 0.3048458825632573 
732124878 1.4e-08 0.5768837514285714 
3736601249 1.830203e-08 0.4081020289006192 
2620740164 2.791e-08 0.2641855 
3012070026 2.791e-08 0.2305469 
888311950 4.263778e-08 0.19648990087695753 
2326007700 2.791e-08 0.2101853 
728028737 1.4000000000000003e-08 0.39633176849999996 
1866926464 2.791e-08 0.1872311 
300193622 2.791e-08 0.1754638 
828787466 2.791e-08 0.1327549 
3392858646 2.791e-08 0.1201171 
1634407402 5.01687e-08 0.3672116328878019 
1726701215 1.419861e-08 0.3168301089466978 
432337108 1.40591e-08 0.38193400531438476 
4253718737 1.4e-08 0.6503605579296928 
2878871175 1.424781e-08 0.2862793877300938 
607396504 1.50433e-08 0.2990399149915028 
1820499179 1.4e-08 0.3835463124368191 
1371202285 1.4e-08 0.2153940454545454 
754560055 1.46505e-08 0.2153940454545454 
3434666020 1.46505e-08 0.2153940454545454 
2369258877 1.46505e-08 0.2153940454545454 
2707460946 1.46505e-08 0.2153940454545454 
2024675612 1.46505e-08 0.2153940454545454 
1292023300 1.46505e-08 0.2153940454545454 
3314075649 1.46505e-08 0.2153940454545454 
3433591204 1.46505e-08 0.2153940454545454 
1848242772 1.46505e-08 0.2153940454545454 
463844675 1.405431e-08 0.16004155142414225 
393090083 1.454063e-08 0.2976561864193759 
3736523900 1.454063e-08 0.2976561864193759 
3607413901 1.454063e-08 0.2976561864193759 
3833074883 2.760387e-08 0.18454750377392737 
552498239 1.493893e-08 0.21123537381404284 
114837353 2.036438e-08 0.13725141099052926 
2564127097 1.472778e-08 0.13887388009690005 
3554620561 1.472778e-08 0.13887388009690005 
2789301560 1.472778e-08 0.13887388009690005 
3201932102 1.472778e-08 0.13887388009690005 
3527214469 1.472778e-08 0.13887388009690005 
224410298 1.472778e-08 0.13887388009690005 
3967778277 1.472778e-08 0.13887388009690005 
1922039940 1.472778e-08 0.13887388009690005 
1314810707 1.751566e-08 0.3262698672502206 
2472898255 1.426428e-08 0.03942143551226977 
1495382923 1.4e-08 0.32132479665654806 
764400056 1.431345e-08 0.33011050832709243 
2454553876 1.431345e-08 0.33011050832709243 
1342185090 1.431345e-08 0.33011050832709243 
149784911 1.431345e-08 0.33011050832709243 
1965662198 1.431345e-08 0.33011050832709243 
1657444763 1.431345e-08 0.33011050832709243 
58759274 1.431345e-08 0.33011050832709243 
2391696826 1.4e-08 0.32132479665654795 
3590332688 1.4e-08 0.33750144681531585 
3797386594 1.4e-08 0.36324110211194066 
1280619132 1.407638e-08 0.36324110211194066 
4105879141 1.4e-08 0.7028280251428572 
3088551619 1.4e-08 0.33750144681531596 
3443287411 1.476213e-08 0.06927539069793551 
3981989558 1.476213e-08 0.06927539069793551 
3467386575 1.423656e-08 0.1790863704417977 
4267941538 1.4e-08 0.5537519434285713 
