179097684 6.6469335e-07 0.4828488547652559 
3373526895 2.0874e-06 0.4263634282535402 
2246051850 1.89285224e-06 0.39356114404893594 
1465560917 2.40254824e-06 0.3425344670650796 
2519559028 3.0700996e-07 0.23150198470759709 
3498415124 2.442015e-08 0.45004164253700324 
3555679070 4.241835e-08 0.3561184902637475 
2408568032 2.791e-08 0.3581562 
1156624510 2.791e-08 0.3186271 
333964007 1.948061e-08 0.4331222715818447 
2250879299 2.791e-08 0.2991081 
1878784256 1.4e-08 0.5504045376428571 
1664502715 2.791e-08 0.2395872 
3176785673 1.7628289999999997e-08 0.37076434934982355 
2261252686 2.428462e-08 0.2586564814273396 
199935986 2.791e-08 0.2176647 
3838279446 4.241835e-08 0.2606302052172995 
251961497 2.791e-08 0.2007151 
728028737 2.791e-08 0.1988049 
921425487 2.791e-08 0.1774384 
3245569981 2.791e-08 0.1243512 
2729381062 2.791e-08 0.1115845 
2707128518 1.450835e-08 0.3468653793490808 
2312786130 1.450835e-08 0.3468653793490808 
3375523036 1.450835e-08 0.3468653793490808 
451270221 1.4e-08 0.3151917500000002 
2250775120 2.091e-08 0.3151917500000002 
2159618959 1.466094e-08 0.19860147153687252 
3401497744 1.466094e-08 0.19860147153687252 
432337108 1.466094e-08 0.19860147153687252 
4209590891 1.466094e-08 0.19860147153687252 
3986570268 1.466094e-08 0.19860147153687252 
174500547 1.466094e-08 0.19860147153687252 
1370908750 2.091e-08 0.237163256217121 
976558236 2.091e-08 0.2463423893830703 
2438291630 2.091e-08 0.2463423893830703 
3121292019 1.912697e-08 0.24990520701919858 
1950077488 1.828632e-08 0.15922745845603695 
3111692719 1.6572319999999997e-08 0.2530472788812915 
3332562587 1.4e-08 0.4454041465671581 
3929228125 1.420918e-08 0.17708426265552402 
766581564 1.409711e-08 0.08924602855619412 
1743198400 1.402176e-08 0.27034771342488634 
3952655669 1.402176e-08 0.27034771342488634 
896813269 2.804352e-08 0.27034771342488634 
1736323711 1.402176e-08 0.27034771342488634 
1199222225 1.402176e-08 0.27034771342488634 
3492274228 1.402176e-08 0.27034771342488634 
1420914473 1.402176e-08 0.27034771342488634 
1086559163 1.402176e-08 0.27034771342488634 
3063534263 1.402176e-08 0.27034771342488634 
4167430602 1.402176e-08 0.27034771342488634 
1896745001 1.4e-08 0.2707679110137525 
2369258877 1.4e-08 0.2707679110137525 
2589646060 1.412929e-08 0.43949977547744823 
463844675 1.412929e-08 0.43949977547744823 
627452446 2.819153e-08 0.3760990921771008 
3202152185 1.412929e-08 0.43949977547744823 
2185291493 1.412929e-08 0.43949977547744823 
4287239676 1.412929e-08 0.43949977547744823 
1237914369 1.425858e-08 0.435514601219459 
1831065885 1.412929e-08 0.43949977547744823 
1553963666 1.412929e-08 0.43949977547744823 
2649056468 1.412929e-08 0.43949977547744823 
552498239 1.425858e-08 0.435514601219459 
114837353 2.825858e-08 0.43949977547744823 
1850435983 4.4003140000000005e-08 0.4660740164841168 
2426951832 1.406224e-08 0.3123961088295854 
3089865955 1.406224e-08 0.3123961088295854 
2654473721 1.406224e-08 0.31239610882958546 
2704180049 1.406224e-08 0.3123961088295854 
771359632 1.406224e-08 0.3123961088295854 
4186562710 1.406224e-08 0.3123961088295854 
1922039940 1.406224e-08 0.3123961088295854 
2472898255 1.406224e-08 0.3123961088295854 
3459912306 1.406224e-08 0.3123961088295854 
1598213090 1.406224e-08 0.3123961088295854 
1298902656 1.406224e-08 0.3123961088295854 
3532628785 1.406224e-08 0.31239610882958546 
3190311976 2.812448e-08 0.31239610882958546 
841878026 1.406224e-08 0.3123961088295854 
3177521820 1.406224e-08 0.3123961088295854 
3363025910 1.406224e-08 0.3123961088295854 
96665495 1.406224e-08 0.3123961088295854 
149784911 1.406224e-08 0.3123961088295854 
3279439195 1.716753e-08 0.7341329824383588 
2208266878 1.4e-08 0.44355855590398247 
3715668764 1.791666e-08 0.12259508907987741 
3418547556 1.791666e-08 0.12259508907987741 
3270476896 1.463615e-08 0.21213986957138495 
3934203265 2.081091e-08 0.18243489747966612 
1323984060 1.4e-08 0.3137849326734106 
4197927596 1.4e-08 0.443558239076669 
1414892502 1.4e-08 0.8021377858571427 
4201342597 1.4e-08 0.3137847085414759 
3590332688 1.4e-08 0.54367801791287 
1745749016 1.4e-08 0.44959346640963105 
2933223072 1.4e-08 0.4394997754774481 
1987038079 1.660898e-08 0.7588214327430102 
3797386594 1.489992e-08 0.2948330633605918 
1280619132 1.4e-08 0.4435585559039826 
4105879141 1.4e-08 0.44355855590398247 
