179097684 5.8830259e-07 0.47733836957348313 
3534547045 7.2631324e-07 0.4605525562609671 
3921011129 1.23673904e-06 0.4259605689432164 
2235064901 7.5944679e-07 0.40488782062634376 
2340740170 3.9273210000000004e-06 0.32667733019101397 
2246051850 1.7276610899999999e-06 0.37259577078830863 
2799798816 1.8999560800000002e-06 0.24428320263151837 
618276123 2.931e-07 0.10194800337843714 
811613008 2.5334319999999997e-08 0.2776400700709552 
3108364485 2.791e-08 0.2064133 
2795063678 1.465413e-08 0.25524833648940315 
845665321 1.428206e-08 0.13094897743040776 
395113485 2.838548e-08 0.21773320534226692 
3633199892 1.429914e-08 0.2897145949550876 
439844059 1.458727e-08 0.20456005662608015 
2024675612 1.4e-08 0.29590496809329225 
3433591204 2.8728916e-07 0.3135943488335946 
4256642775 1.467745e-08 0.3097442660054424 
393090083 1.424864e-08 0.10471079265178715 
3607413901 1.399999e-08 0.4815956868443436 
3381587904 1.415404e-08 0.18354377614350803 
19131048 1.415404e-08 0.18354377614350803 
2654473721 1.430808e-08 0.18156775397441574 
2747938267 1.4e-08 0.18556328209187564 
1923515514 1.779916e-08 0.1459555366256755 
96665495 1.458569e-08 0.1125508558752529 
360107933 1.4e-08 0.18556328209187561 
4138371369 1.420862e-08 0.14578015153146795 
