179097684 6.819986e-07 0.4815651676826581 
2235064901 3.75741571e-06 0.4016126093202111 
2246051850 2.56295605e-06 0.3624371724258302 
1075699702 2.8802715e-06 0.2625818820690686 
4031050948 3.9073999999999996e-07 0.21083117142857147 
1403705120 2.791e-07 0.1178907 
1593891639 2.791e-08 0.3595451 
3197676583 1.399999e-08 0.5898669079763628 
4188445920 2.791e-08 0.2377899 
1434594601 2.630732e-08 0.24652175466752219 
3012070026 2.791e-08 0.2305469 
911013108 2.791e-08 0.2195212 
2545005546 1.4e-08 0.37713088464285716 
2729381062 1.4e-08 0.22245167107142857 
1104410542 1.415154e-08 0.3645585216573291 
1471982444 1.432679e-08 0.34849157529020924 
356405251 1.432679e-08 0.34849157529020924 
2842015324 1.432679e-08 0.34849157529020924 
378125977 1.58729e-08 0.32502343627028196 
3815024321 1.4e-08 0.351171608440607 
2848685905 1.4e-08 0.1637274024750371 
3006103420 1.449e-08 0.1637274024750371 
1199222225 1.449e-08 0.1637274024750371 
2378434411 1.51632e-08 1.0 
1543523724 1.51632e-08 1.0 
2789348510 1.550389e-08 0.3775225859430123 
1371202285 1.550389e-08 0.3775225859430123 
629078091 1.550389e-08 0.3775225859430123 
2369258877 1.580268e-08 0.07506353548459142 
2707460946 1.535217e-08 0.3252156285366836 
3607413901 1.412971e-08 0.40553505736122186 
649593533 1.4187870000000001e-08 0.4038726570899952 
550176535 1.412971e-08 0.40553505736122186 
2348040613 1.412971e-08 0.40553505736122186 
1061526795 1.412971e-08 0.40553505736122186 
3554620561 1.412971e-08 0.40553505736122186 
2789301560 1.412971e-08 0.40553505736122186 
287394855 1.4e-08 0.40554366780688655 
3211480542 1.425942e-08 0.405535057361224 
722767024 2.825942e-08 0.4055393941588914 
1298902656 1.425942e-08 0.40553505736122186 
826924968 1.4e-08 1.0 
