3534547045 1.70413463e-06 0.43095748623492713 
3373526895 3.43315087e-06 0.39296470200302164 
2799798816 2.9093520000000004e-06 0.3453759777996658 
618276123 2.931e-07 0.10755017888413661 
197654791 1.4e-08 0.7465277089285715 
3988949870 2.791e-08 0.2877306 
315200650 2.791e-08 0.2624634 
3736894086 2.295127e-08 0.30860112246511845 
3490627259 2.791e-08 0.2467228 
911013108 2.791e-08 0.2195212 
3475245566 3.598829e-08 0.2693872048193419 
3869596591 1.4e-08 0.5128759542142861 
879162223 1.438751e-08 0.32152682555497364 
3528332227 2.820263e-08 0.36236556028396133 
3149440925 1.420263e-08 0.3257122390670206 
134948105 1.420263e-08 0.3257122390670206 
174500547 1.75631e-08 0.15494196827439355 
3678948817 1.907266e-08 0.39928436830520764 
3952655669 1.418488e-08 0.3613132700870997 
1736323711 1.4680690000000001e-08 0.3491106602341646 
781549661 1.4e-08 0.18304233494975342 
2597880038 1.405558e-08 0.1823185303841285 
4285226245 1.427777e-08 0.3955311197088436 
2707460946 1.432938e-08 0.394106538806657 
2719204682 1.44804e-08 0.38999629534027624 
1055469694 1.44075e-08 0.3919696238101916 
2716949832 1.427777e-08 0.3955311197088436 
1061526795 1.4e-08 0.3921199134020071 
695939830 1.4e-08 0.9999999999999999 
73116178 1.412973e-08 0.32400065382196785 
2766526296 1.4e-08 0.6971728610714285 
110439229 1.433431e-08 0.35689191805171644 
1449522982 1.425753e-08 0.3588138611560277 
360107933 1.418121e-08 0.3607449145628546 
470332523 1.4275090000000001e-08 0.3583724789019123 
3217169414 1.418121e-08 0.3607449145628546 
3418547556 1.4588700000000001e-08 0.35066862639220076 
4263904522 1.41531e-08 0.38626593739360177 
762210064 1.41531e-08 0.38626593739360177 
964813250 1.416939e-08 0.3858218623755423 
3971437066 1.41531e-08 0.38626593739360177 
2855048822 1.471371e-08 0.37154874185541137 
2197427154 1.837396e-08 0.2517677418444603 
4185666246 1.4e-08 0.3270029827377053 
1924091726 1.4781e-08 0.17305310271402163 
3822766993 1.4e-08 0.20152372041887043 
3730019172 1.4e-08 0.18304233494975344 
1501621654 1.4e-08 0.36608440841064366 
3673394291 1.58131e-08 0.0860445226742385 
3320450569 1.913994e-08 0.26728398259596947 
4148810631 1.4e-08 0.36541398112200646 
1140472632 1.4e-08 0.19606009674382988 
933412597 2.811668e-08 0.3055758360334379 
3962269793 1.40228e-08 0.41133916335981235 
604674024 1.4e-08 0.9999999999999999 
921835634 1.4e-08 0.3270029827377054 
4081327903 1.4e-08 0.3904900313232419 
2118254765 1.414142e-08 0.19434363359576132 
3580551846 1.414142e-08 0.19434363359576132 
3416864524 1.55585e-08 0.16440528938676285 
2130045942 1.4e-08 0.3270032163114311 
14462253 1.4e-08 0.6930881477001748 
1937837823 1.4e-08 0.32700298273770523 
2252599940 1.715942e-08 0.08220942449873556 
2922107309 1.715942e-08 0.08220942449873556 
