3534547045 1.188637e-06 0.45269951873808084 
2235064901 3.3310810000000003e-06 0.4001385191817309 
1572835533 5.41263502e-06 0.325013908157111 
2519559028 8.9573568e-07 0.18716304585700586 
2620740164 1.3999999999999998e-08 0.5266726646428572 
2326007700 1.4e-08 0.4190194087857143 
1104410542 1.472778e-08 0.17922927431325344 
3869596591 1.498425e-08 0.1761615911136859 
2848685905 1.425981e-08 0.3862644714062727 
3707800333 1.46505e-08 0.1630833083781159 
309459595 1.518632e-08 0.15732922850259887 
1323984060 1.4e-08 0.33561523831746676 
1987038079 1.450596e-08 0.24954459647015356 
3797386594 1.450596e-08 0.24954459647015356 
241690685 1.76573e-08 0.2419909251599503 
2810179169 1.444e-08 0.23410356558528272 
213831427 2.091e-08 0.20356949059325108 
3320450569 1.4e-08 0.32680526459354964 
1268185054 1.4e-08 0.3268052645935496 
4108567391 1.1203798000000001e-07 0.4647637815282626 
3132125139 1.426768e-08 0.21563129997043798 
3242796679 1.426768e-08 0.21563129997043798 
444974319 1.426768e-08 0.21563129997043798 
3734593757 1.426768e-08 0.21563129997043798 
111235536 1.426768e-08 0.21563129997043798 
1490861810 1.426768e-08 0.21563129997043798 
845186953 1.426768e-08 0.21563129997043798 
2279859862 1.426768e-08 0.21563129997043798 
1407916447 1.426768e-08 0.21563129997043798 
3539250331 2.853536e-08 0.21563129997043798 
2929070229 1.426768e-08 0.21563129997043798 
368451981 1.426768e-08 0.21563129997043798 
2937776487 1.426768e-08 0.21563129997043798 
4232177374 1.426768e-08 0.21563129997043798 
34775558 1.426768e-08 0.21563129997043798 
747443871 1.426768e-08 0.21563129997043798 
2640871332 1.426768e-08 0.21563129997043798 
1056843563 1.426768e-08 0.21563129997043798 
303951786 1.426768e-08 0.21563129997043798 
834694043 1.426768e-08 0.21563129997043798 
3563967453 1.426768e-08 0.21563129997043798 
1235889872 1.990768e-08 0.10659740007980782 
3775520932 1.990768e-08 0.10659740007980782 
3568714221 1.4e-08 0.21975417042587272 
