3534547045 1.56237102e-06 0.4737084950111995 
3373526895 2.821293e-06 0.4124027065249097 
2340740170 1.27675902e-06 0.3280320223944891 
1572835533 9.8461264e-07 0.3697623290801566 
1465560917 1.389556e-06 0.3204833917576583 
3004792470 7.1254299e-07 0.2327696376406672 
426576124 3.6283e-07 0.20241503846153847 
1516068388 2.796249e-08 0.4075727827886572 
1481166135 2.791e-08 0.3836252 
2408568032 2.791e-08 0.3581562 
3774459889 2.791e-08 0.3439726 
3933289935 1.497875e-08 0.6273363051656513 
511603307 2.791e-08 0.3352044 
1593850299 1.4000009999999996e-08 0.6413105379924731 
598947138 2.791e-08 0.3155433 
659524895 2.1584080000000002e-08 0.3970718120948402 
2466232951 2.791e-08 0.3039036 
333964007 2.791e-08 0.3023105 
3197676583 2.791e-08 0.2958843 
3891448235 2.791e-08 0.2926389 
3823443426 1.4e-08 0.5703282905 
164438789 2.791e-08 0.2693195 
1664502715 2.791e-08 0.2395872 
385785803 1.4e-08 0.32595510864285715 
1128709694 1.4e-08 0.28946517592857146 
937177227 1.46505e-08 0.253041109090909 
2999719241 1.46505e-08 0.253041109090909 
1931993247 1.46505e-08 0.253041109090909 
1172086036 1.405249e-08 0.23573479155375163 
4083845756 1.4e-08 0.5639457142857144 
898751805 1.551056e-08 0.06587802775442454 
2125331604 1.472778e-08 0.34877687500703136 
4240624600 1.472778e-08 0.34877687500703136 
3349724438 1.472778e-08 0.34877687500703136 
4253718737 1.472778e-08 0.34877687500703136 
3815024321 1.4e-08 0.7385428572857144 
3604532305 1.545556e-08 0.34877687500703086 
2533881277 1.475853e-08 0.041864815000052666 
472358284 1.863232e-08 0.5969177837172762 
4055959668 2.091e-08 0.2157069932329029 
2848685905 1.420773e-08 0.36979992687640517 
1896745001 1.793336e-08 0.3112120503386009 
3099973400 1.430674e-08 0.7387547788023916 
754560055 1.430674e-08 0.7387547788023916 
3563522875 1.4e-08 0.3958984435179391 
3302973195 1.403102e-08 0.3958984435179391 
2589646060 1.403102e-08 0.3958984435179391 
3433591204 1.403102e-08 0.3958984435179391 
1237914369 1.403102e-08 0.3958984435179391 
2649056468 1.403102e-08 0.3958984435179391 
1771264541 1.4e-08 0.23661862864008426 
3449694611 1.4e-08 0.37528696536283634 
1194638860 1.711796e-08 0.2987056876520333 
114837353 1.711796e-08 0.2987056876520333 
