179097684 6.418314e-07 0.44000311534062286 
3534547045 1.261423e-06 0.4356307995062163 
2235064901 2.94945536e-06 0.4041591225921778 
2799798816 5.194059310000001e-06 0.31405372666106535 
2555962951 3.0701e-07 0.1804850181818182 
3497999925 2.791e-08 0.3425245 
1347872676 2.791e-08 0.2555213 
4226750145 2.791e-08 0.2213722 
728028737 2.791e-08 0.1988049 
1415695418 2.791e-08 0.1695076 
2729381062 2.791e-08 0.1115845 
3288380490 1.741e-08 0.10997485829982771 
1249238030 1.562996e-08 0.1593201114167045 
3214077756 1.562996e-08 0.1593201114167045 
451270221 1.562996e-08 0.1593201114167045 
3160344427 1.422698e-08 0.2692017763774648 
3182159117 1.422698e-08 0.2692017763774648 
766581564 1.422698e-08 0.2692017763774648 
629078091 1.403012e-08 0.35960407996975535 
1848242772 1.449e-08 0.18953029893628517 
3468130899 2.849e-08 0.4403781746783702 
3736523900 1.425124e-08 0.36377413188930147 
149784911 2.225682e-08 0.20074063367992373 
1965662198 1.743464e-08 0.1912677308844192 
2604064924 1.423522e-08 0.4044707288200809 
3458662533 1.423522e-08 0.4044707288200809 
2105330617 2.823522e-08 0.39055805690324347 
2222966094 1.4745959999999999e-08 0.255062751489703 
3827929005 1.4e-08 0.37641163222295754 
3607398139 1.3999989999999998e-08 1.0 
1140472632 1.4e-08 0.19616385939905515 
1090143039 1.630471e-08 0.2958929302289489 
1678023283 1.4e-08 0.34873218178096793 
2118254765 1.4e-08 0.37641163222295754 
3580551846 1.4e-08 0.36037774246180465 
