179097684 4.937466e-07 0.514564920431312 
3534547045 8.061142600000001e-07 0.4527781166943209 
3373526895 1.38371945e-06 0.4362331491973418 
3150846686 1.041102e-06 0.4088296721888582 
1572835533 4.24011099e-06 0.3545286097712836 
2799798816 1.48685674e-06 0.258407525116322 
2250879299 3.962001e-08 0.2913541138332344 
769686034 5.333092000000001e-08 0.39898564300034567 
921425487 1.4e-08 0.3537361245714286 
385785803 2.369999e-08 0.1925474028048113 
2190522392 2.791e-08 0.153388 
1134132465 2.791e-08 0.1029658 
1035956119 1.506164e-08 0.43572400731374605 
937177227 1.436787e-08 0.40229193403546515 
313359544 1.466659e-08 0.3181028273458956 
472358284 1.436673e-08 0.370453489422315 
1199222225 1.407932e-08 0.08284284586405877 
3802520055 2.009337e-08 0.2321902073431704 
2013640095 2.270043e-08 0.2891010495183136 
2027098952 2.1374660000000002e-08 0.18244126865643706 
2707460946 1.757224e-08 0.221994597160853 
2606325002 1.43938e-08 0.221994597160853 
2024675612 1.43938e-08 0.221994597160853 
3314075649 1.43938e-08 0.221994597160853 
3458484829 1.43938e-08 0.221994597160853 
2719204682 1.43938e-08 0.221994597160853 
463844675 1.43938e-08 0.221994597160853 
3167902617 1.43938e-08 0.221994597160853 
3468130899 1.43938e-08 0.221994597160853 
2475979558 1.459172e-08 0.14135603273473496 
2564127097 1.4e-08 0.19860101612794362 
3554620561 1.472778e-08 0.19860101612794362 
3967778277 1.472778e-08 0.19860101612794362 
1759850032 1.472778e-08 0.19860101612794362 
346987663 1.472778e-08 0.19860101612794362 
1598213090 1.4e-08 0.35799095430500366 
826924968 1.776133e-08 0.26267648574307434 
3190311976 1.4e-08 0.16662441951867998 
3177521820 1.608305e-08 0.15581223095581198 
764400056 1.448414e-08 0.22060997978574398 
2766526296 1.4e-08 0.1198595654399203 
1923515514 1.675465e-08 0.2991332770466736 
3339828518 1.4e-08 0.9999999999999998 
105819081 1.4e-08 0.7167783266583378 
533433650 1.4e-08 0.39860630601386754 
