3921011129 2.52830169e-06 0.4458531393148761 
545239233 2.473808e-06 0.40324950870698506 
1572835533 2.7938394600000002e-06 0.34466639230874624 
2555962951 2.2441434600000004e-06 0.21290901883888316 
1403705120 3.2792e-07 0.1217341861749817 
1239791232 2.791e-08 0.2413792 
3838279446 2.791e-08 0.2158029 
2326007700 2.791e-08 0.2101853 
392861532 2.791e-08 0.1714984 
1134132465 2.791e-08 0.1029658 
1913762779 1.449514e-08 0.2914806601037773 
1736323711 1.419113e-08 0.396760177342346 
4096225443 1.627333e-08 0.23353034183632085 
907719639 1.420257e-08 0.14874255066148828 
1896745001 1.835344e-08 0.20347944516123406 
4256642775 1.451546e-08 0.28495813033182005 
2449448537 1.466438e-08 0.2820643179259076 
3707800333 1.451546e-08 0.28495813033182005 
105819081 1.435902e-08 0.07356095637962526 
1342185090 1.4e-08 0.4021768039634489 
1657444763 1.407446e-08 0.3081674964633074 
470332523 1.407446e-08 0.3081674964633074 
3217169414 1.407446e-08 0.3081674964633074 
2208266878 1.407446e-08 0.3081674964633074 
1292024166 1.407446e-08 0.3081674964633074 
4201342597 1.407446e-08 0.3081674964633074 
762210064 1.407446e-08 0.3081674964633074 
570164134 1.407446e-08 0.3081674964633074 
2039170765 1.407446e-08 0.3081674964633074 
118566979 1.407446e-08 0.3081674964633074 
678688578 1.4e-08 0.30980650730521153 
2919535035 1.4e-08 0.30980650730521153 
3663377129 1.4e-08 0.30980650730521153 
1965972368 1.4e-08 0.5174350000000002 
3320450569 1.440369e-08 0.4810817212076883 
253060996 1.4e-08 0.5909001852867495 
