179097684 5.7128282e-07 0.4750714723602444 
3921011129 2.57670593e-06 0.44161990695111064 
2246051850 3.03172993e-06 0.37787301161724784 
2799798816 3.9259840000000003e-07 0.30623849055841146 
2519559028 6.5912785e-07 0.19919030249190617 
3071234124 2.791e-08 0.3974838 
869234806 1.4e-08 0.6799499987857144 
810769555 2.791e-08 0.3307478 
790319072 2.791e-08 0.3292515 
1458665800 2.791e-08 0.3232127 
3176785673 2.791e-08 0.2341792 
251961497 2.791e-08 0.2007151 
3481866093 2.791e-08 0.1264602 
865537991 2.791e-08 0.1158615 
2029773149 1.46505e-08 0.35062589977187714 
740082705 1.46505e-08 0.35062589977187714 
2795063678 1.46505e-08 0.35062589977187714 
1412415798 1.457038e-08 0.33498922365440176 
3913511150 1.457038e-08 0.33498922365440176 
690117576 1.457038e-08 0.33498922365440176 
3293059020 1.4891670000000001e-08 0.2524308135560225 
2159618959 1.461142e-08 0.257272487773797 
921818415 1.449e-08 0.3219915329622291 
4212779140 1.4441939999999999e-08 0.3230630588842427 
2521380987 2.006967e-08 0.046825836863633195 
3294683754 1.613317e-08 0.11650275646488074 
2674988631 2.423182e-08 0.2860636906754465 
2883513480 1.44061e-08 0.2870940950547673 
783121895 1.44061e-08 0.2870940950547673 
3059144981 1.449307e-08 0.28537130109552244 
3952655669 1.4533030000000001e-08 0.2845866445447703 
2848685905 1.44061e-08 0.2870940950547673 
1867247157 1.44061e-08 0.2870940950547673 
3633199892 1.44061e-08 0.2870940950547673 
283080478 1.44061e-08 0.2870940950547673 
1199222225 1.449308e-08 0.2853711041937589 
3755198008 1.44061e-08 0.2870940950547673 
1420914473 1.4e-08 0.348637163182116 
3012889883 3.1787179999999997e-08 0.28916987432570246 
2027098952 1.408697e-08 0.36199790871239923 
2597880038 1.408697e-08 0.36199790871239923 
1761715697 1.408697e-08 0.36199790871239923 
629078091 1.408697e-08 0.36199790871239923 
3563522875 1.408697e-08 0.36199790871239923 
249728555 1.408697e-08 0.36199790871239923 
4285226245 1.408697e-08 0.36199790871239923 
2024675612 1.408697e-08 0.36199790871239923 
1292023300 1.408697e-08 0.36199790871239923 
875106938 1.400001e-08 0.7284928625185705 
3314075649 1.408697e-08 0.36199790871239923 
3458484829 2.421175e-08 0.2891158218633515 
2449448537 1.409513e-08 0.09111027611323706 
3167902617 1.741e-08 0.1179338973721999 
579073438 1.4e-08 0.3219915329622291 
3468130899 1.4e-08 0.1834587408788531 
2343849308 1.4e-08 0.2954218744834631 
3528190190 1.4e-08 0.18212354044840368 
550176535 1.4e-08 0.5000003571431121 
3884987045 1.688447e-08 0.23919083583908762 
3180086772 1.4e-08 0.3642466914353076 
4088625113 1.4e-08 0.36424669143530763 
1237914369 1.619883e-08 0.12465747501517088 
1649557018 1.4e-08 0.34863716318211596 
79461789 1.4e-08 0.36424669143530763 
734120091 1.4e-08 0.34863741220883876 
552498239 1.3999989999999996e-08 1.0 
2950407739 1.412693e-08 0.399723852902299 
72955594 1.412693e-08 0.399723852902299 
1771264541 1.412693e-08 0.399723852902299 
2353028958 1.412693e-08 0.399723852902299 
2980075456 1.412693e-08 0.399723852902299 
1194638860 1.412693e-08 0.399723852902299 
2341758500 1.412693e-08 0.399723852902299 
651046398 1.412693e-08 0.399723852902299 
229435916 1.412693e-08 0.399723852902299 
1850435983 1.412693e-08 0.399723852902299 
2426951832 1.412693e-08 0.399723852902299 
3089865955 1.412693e-08 0.399723852902299 
3201932102 1.412693e-08 0.399723852902299 
3527214469 1.412693e-08 0.399723852902299 
771359632 1.412693e-08 0.399723852902299 
4186562710 1.412693e-08 0.399723852902299 
346987663 1.412693e-08 0.399723852902299 
1314810707 1.412693e-08 0.399723852902299 
1598213090 1.412693e-08 0.399723852902299 
1298902656 1.412693e-08 0.399723852902299 
3190311976 1.412693e-08 0.399723852902299 
1517815290 1.412693e-08 0.399723852902299 
66064165 1.412693e-08 0.399723852902299 
1923515514 1.412693e-08 0.399723852902299 
533433650 2.825386e-08 0.399723852902299 
381652938 1.412693e-08 0.399723852902299 
149784911 1.412693e-08 0.399723852902299 
85224627 1.412693e-08 0.399723852902299 
58759274 1.4e-08 0.40334792066293385 
2135013218 1.4e-08 0.3642466914353076 
3934203265 1.4e-08 0.40334792066293396 
1292024166 1.4e-08 0.36424669143530747 
1323984060 1.4e-08 0.7899542734285712 
4197927596 1.4e-08 0.29542187448346313 
4201342597 1.4e-08 0.4033479206629339 
2391696826 1.4e-08 0.3642466914353075 
1745749016 1.483472e-08 0.3997243266643806 
2711965517 1.4882780000000001e-08 0.3984335227191842 
1987038079 1.483472e-08 0.3997243266643806 
3797386594 1.483472e-08 0.3997243266643806 
3443287411 1.532472e-08 0.3869433479538041 
1165174376 1.4e-08 0.3542202633928571 
4263904522 1.4e-08 0.3332612366159071 
4267941538 1.4e-08 0.2954220854992385 
3372193553 1.4e-08 0.3642466914353075 
3681452412 1.4e-08 0.9866545783691776 
3458662533 1.4e-08 0.36424669143530763 
762210064 1.4e-08 0.09172937043942651 
570164134 1.4e-08 0.4235570330896159 
2418772576 1.660633e-08 1.0 
4278040469 1.4e-08 0.36424669143530763 
241690685 1.510185e-08 0.22509608991750804 
1703904600 1.510185e-08 0.22509608991750804 
3814978291 1.510185e-08 0.22509608991750804 
