179097684 7.048699099999999e-07 0.45470022209180483 
3534547045 9.032971799999999e-07 0.4437078368219852 
3921011129 1.892998e-06 0.4007732403460998 
2246051850 2.5616537699999998e-06 0.38472801431436393 
3004792470 3.4873686e-06 0.304234536895582 
426576124 3.4953952e-07 0.2062179657501668 
825415804 2.791e-08 0.208302 
251961497 2.791e-08 0.2007151 
3824069879 2.791e-08 0.1911105 
43001897 2.791e-08 0.1574502 
3059103076 1.435702e-08 0.4140290029249081 
766581564 1.461952e-08 0.3186113104048385 
3702894340 1.461952e-08 0.3186113104048385 
2674988631 1.4884280000000001e-08 0.3129438860791214 
3633199892 2.102375e-08 0.49535767872049485 
2013640095 2.013729e-08 0.20482005340929682 
3302973195 1.45132e-08 0.359063004412839 
3433591204 1.45132e-08 0.359063004412839 
4256642775 1.45132e-08 0.359063004412839 
2449448537 1.459904e-08 0.35695177187297344 
3607413901 1.456033e-08 0.32537354346133207 
79461789 1.4e-08 0.42458733396949755 
552498239 1.4e-08 0.16635515802463377 
2789301560 1.428292e-08 0.1866952181178897 
3459912306 1.428292e-08 0.1866952181178897 
841878026 1.900153e-08 0.24070391291345603 
3681452412 1.439099e-08 0.0926466096064402 
1905833305 1.4e-08 0.36727153158980796 
1629863604 1.4e-08 0.3722252282603154 
3378187523 1.4e-08 0.4248752269169967 
