179097684 6.988500999999999e-07 0.4549587694719328 
3373526895 1.366708e-06 0.44745314468177616 
2235064901 1.4114682799999999e-06 0.4115236730072057 
3150846686 4.40617969e-06 0.3194532530336274 
4031050948 1.8804126e-06 0.27246568931665277 
129185354 2.796194e-08 0.2567870240405351 
3736894086 2.791e-08 0.2537724 
199935986 2.791e-08 0.2176647 
2027098952 1.487161e-08 0.3591911018312663 
309459595 1.7883000000000002e-08 0.3148439001136774 
2704180049 1.450602e-08 0.3590490434509015 
515125813 1.44505e-08 0.20046690393008923 
2454553876 1.47161e-08 0.19684882511275095 
3339828518 1.44505e-08 0.20046690393008923 
110318614 1.4e-08 0.20691764251726813 
2056593038 1.4e-08 0.30278586138172514 
3962269793 1.404118e-08 0.02063107646665186 
253060996 1.545501e-08 0.9966392774899531 
486617589 1.4e-08 0.37202661466283193 
3132125139 1.42656e-08 0.3396909801566911 
2937776487 1.42656e-08 0.3396909801566911 
1972280475 1.4e-08 0.2658797234013344 
3790847783 1.422736e-08 0.2902930302940715 
1780437574 1.4e-08 0.14598601971072028 
1568097097 1.403464e-08 0.5624804155811961 
987951561 1.421464e-08 0.3132868048260634 
2076479023 1.41627e-08 0.3144357465280458 
4033914667 1.4408337e-06 0.3117774245066705 
158383826 1.423138e-08 0.3171873219108114 
4173667888 1.4e-08 0.20841878843074155 
1170376605 1.4e-08 0.30278586138172514 
937108946 1.508853e-08 0.27372488802643735 
2666331198 1.4e-08 0.3027858613817251 
3029967998 1.4e-08 0.5768833393690433 
2974776181 1.4e-08 0.21787943271133642 
3365535355 1.4e-08 0.30278586138172525 
2796062071 1.4e-08 0.30278586138172525 
