179097684 4.2101331e-07 0.48392999949445764 
3534547045 1.34022998e-06 0.4370370232171758 
3921011129 1.34195935e-06 0.4415080258399463 
545239233 1.22343481e-06 0.40123897648442686 
1465560917 2.539681e-06 0.35813254428275076 
4259593397 2.5649368799999997e-06 0.2995346797225868 
2519559028 7.5873166e-07 0.24385358281728545 
790319072 2.791e-08 0.3292515 
741863299 2.480531e-08 0.36877172339309605 
739080713 2.791e-08 0.2659022 
2620740164 2.791e-08 0.2641855 
1239791232 4.249495e-08 0.22752267088917907 
1664502715 2.791e-08 0.2395872 
921425487 7.066723e-08 0.20119882223463392 
3707879645 1.82884e-08 0.29759424367358545 
3604532305 1.458495e-08 0.20100658907312816 
965372172 1.458495e-08 0.20100658907312816 
3160344427 1.590942e-08 0.425950897644288 
2674988631 1.484723e-08 0.28682715870798714 
2683944377 1.484723e-08 0.28682715870798714 
2024675612 1.607932e-08 0.0804247751614652 
1462644303 1.43697e-08 0.29667512105332755 
2649056468 1.710469e-08 0.34065037720422997 
1089013536 1.407213e-08 0.19883234236260516 
552498239 1.462918e-08 0.23170706177099765 
481049431 1.401288e-08 0.23170706177099765 
2353028958 1.401288e-08 0.23170706177099765 
3449694611 1.401288e-08 0.23170706177099765 
1194638860 1.401288e-08 0.23170706177099765 
2341758500 1.401288e-08 0.23170706177099765 
2780384598 1.401288e-08 0.23170706177099765 
3342541004 1.401288e-08 0.23170706177099765 
1577969976 1.401288e-08 0.23170706177099765 
695939830 1.401288e-08 0.23170706177099765 
19131048 1.401288e-08 0.23170706177099765 
2426951832 1.401288e-08 0.23170706177099765 
3526559023 1.401288e-08 0.23170706177099765 
73116178 1.401288e-08 0.23170706177099765 
2789301560 1.401288e-08 0.23170706177099765 
224410298 1.401288e-08 0.23170706177099765 
2704180049 1.401288e-08 0.23170706177099765 
