179097684 6.184254999999999e-07 0.12636609912106 
2235064901 2.44319736e-06 0.12947075889118786 
545239233 1.6848425e-06 0.2974367043182857 
1572835533 2.30188633e-06 0.3020164828713103 
1075699702 3.452416e-06 0.327537405521969 
2519559028 5.6206378e-07 0.333691359067679 
2440120768 1.399999e-08 0.5980718557656113 
3414514926 1.472778e-08 0.49999992834110657 
1541925803 1.438148e-08 0.3123522333596404 
2716949832 1.886455e-08 0.3278776116663058 
2704180049 1.639782e-08 1.0 
2391696826 1.402936e-08 0.13372314207408606 
4278040469 2.080476e-08 1.0 
3814978291 1.490162e-08 0.24708350315682398 
