179097684 5.7308668e-07 0.12286027495621832 
3534547045 1.0248061300000001e-06 0.10502290691248621 
3921011129 8.12997e-07 0.1093910497146168 
3150846686 1.119063e-06 0.235598809407791 
2340740170 2.5299084699999997e-06 0.29412338946921407 
1572835533 2.7031046700000002e-06 0.3276230919678169 
1075699702 1.498037e-06 0.31233123944296337 
3800257563 7.964485900000001e-07 0.40889830620666184 
4046076794 2.791e-08 0.3 
315200650 2.4321789999999997e-08 0.3442592013170084 
129185354 2.441969e-08 0.34287904555708937 
1347872676 2.791e-08 0.3 
3833318790 2.791e-08 0.3 
2681375347 2.791e-08 0.5 
828787466 2.791e-08 0.5 
1498734392 2.791e-08 0.5 
2013640095 1.407925e-08 0.1518032984776259 
2681498831 1.429087e-08 0.32650473480269454 
2719204682 1.429087e-08 0.32650473480269454 
2343849308 1.429087e-08 0.32650473480269454 
2950407739 1.435167e-08 0.3947107955268072 
2747938267 1.410861e-08 0.2964213106689594 
66064165 1.410861e-08 0.2964213106689594 
105819081 2.821722e-08 0.2964213106689594 
533433650 1.410861e-08 0.2964213106689594 
3217169414 1.410861e-08 0.2964213106689594 
3418547556 1.410861e-08 0.2964213106689594 
755060644 1.410861e-08 0.2964213106689594 
1292024166 1.647772e-08 0.13107081567958842 
