179097684 6.685202299999999e-07 0.14821089606723364 
3921011129 2.8289980000000003e-06 0.19339490610524968 
2235064901 4.04706375e-06 0.24523545056482546 
3004792470 5.1131788e-07 0.3164090224062167 
426576124 2.791e-07 0.5 
873214132 2.1508090000000002e-08 0.3892953767628831 
1986278615 1.9311060000000003e-08 0.43358572755716146 
1503861029 2.791e-08 0.3 
4061687915 2.791e-08 0.3 
3988949870 2.791e-08 0.3 
1651612823 2.791e-08 0.3 
1347872676 2.791e-08 0.3 
3833318790 2.791e-08 0.3 
825415804 2.791e-08 0.5 
300193622 2.791e-08 0.5 
266059373 2.1137880000000002e-08 0.6601891958890863 
43001897 1.4e-08 0.9967857142857143 
3709881891 2.791e-08 0.5 
2768642543 2.791e-08 0.5 
302486611 1.402224e-08 0.2999999677534968 
1078741991 1.402224e-08 0.2999999677534968 
438292632 1.402224e-08 0.2999999677534968 
3147695692 1.402224e-08 0.2999999677534968 
740082705 1.402224e-08 0.2999999677534968 
3288380490 1.668593e-08 0.29258182640085967 
2945849429 1.43005e-08 0.29304523182560566 
965372172 1.915567e-08 0.07285049283058229 
528880979 1.6227159999999995e-08 0.26403107987092445 
2521380987 1.469414e-08 0.306253724725122 
3929228125 1.446479e-08 0.31110960522983083 
3702894340 1.446479e-08 0.31110960522983083 
4285585893 1.446479e-08 0.31110960522983083 
406745133 1.446479e-08 0.31110960522983083 
2883513480 1.446479e-08 0.31110960522983083 
2707460946 1.439108e-08 0.27305000654963935 
627452446 1.453458e-08 0.3000002315135594 
1462644303 1.501833e-08 1.0 
4088625113 1.4e-08 0.9350533100436568 
287394855 1.991813e-08 0.21018539390997049 
2670951229 2.137479e-08 0.19586157337686125 
3211480542 2.133005e-08 0.18652973871527007 
1922039940 1.4e-08 0.31145552606802496 
1495382923 1.4e-08 0.09977841280290643 
2766526296 1.4e-08 0.2841920466631176 
470332523 1.418739e-08 0.15859629948258291 
3270476896 1.494588e-08 0.37779962210665646 
1987038079 1.414624e-08 0.2993763800903717 
2039170765 1.414624e-08 0.2993763800903717 
2810179169 1.429248e-08 0.296313174696737 
101557930 1.562176e-08 0.1562564473260814 
2222966094 1.542799e-08 0.9403379921688094 
3284371529 2.140533e-08 0.09293686790354656 
871205577 1.4e-08 0.30250358022068713 
110318614 1.493005e-08 1.0 
3076001680 1.619559e-08 0.2584960691724673 
1797275806 1.4e-08 0.311455526068025 
3730019172 1.4e-08 0.3025035802206872 
2714424842 1.4e-08 0.30250358022068713 
220748477 1.4e-08 0.4033248440036739 
2574253871 1.4e-08 0.3214382219023146 
3866772787 1.4e-08 0.30000005374418737 
3085765731 1.4e-08 0.28067746344688466 
1403954297 1.4e-08 0.9999999999999998 
102828162 1.4e-08 0.2806774634468846 
3962269793 1.922104e-08 0.2044366219651166 
4106915849 1.4e-08 0.1607191109511573 
977281884 1.4e-08 0.05071286996884063 
2025893757 1.4e-08 0.2806774634468845 
1090143039 1.4e-08 0.30250379281212186 
253060996 1.4e-08 1.0 
571790981 1.4e-08 0.10142573993768146 
517786421 1.446147e-08 0.3070337008121336 
2256454524 1.4e-08 0.3025035802206871 
2606270759 1.564654e-08 0.046446662381931826 
4081327903 1.564654e-08 0.046446662381931826 
3325553423 1.4e-08 0.4491435167863972 
4124564224 1.4e-08 0.2930452318256057 
1852572783 1.4e-08 0.28067766393093024 
3229926557 1.4e-08 0.14209612482879078 
2972065009 1.4e-08 0.15125179011034354 
4052933330 1.4e-08 0.05190925434467071 
3239027265 1.760379e-08 0.03967602958567727 
3357191835 1.4e-08 0.30250379629482743 
2437059955 1.4e-08 0.28067746344688466 
445707895 1.545666e-08 0.29114537724401024 
480183180 1.438971e-08 0.09697902181489416 
3892593010 1.438971e-08 0.09697902181489416 
776375684 1.4e-08 0.29030347484959274 
1678023283 1.4e-08 0.5178954719041762 
