179097684 7.4108982e-07 0.1568413656198152 
3373526895 1.640316e-06 0.14365797045249398 
2235064901 1.34607433e-06 0.19157807226806062 
3150846686 2.52962379e-06 0.29118003718734975 
4259593397 2.0141169499999998e-06 0.27914325332295464 
2555962951 6.741116e-07 0.4586750297772723 
2408568032 1.4e-08 1.0 
741863299 4.1909999999999996e-08 0.3995705082319256 
598947138 2.796859e-08 0.3014663949809408 
1035492323 1.4e-08 0.5980714285714286 
1347872676 2.791e-08 0.3 
57770090 1.521291e-08 0.29999999999999993 
3485819286 1.8083e-08 0.15372172758944871 
378125977 1.428025e-08 0.16884552578094614 
4035587434 2.205229e-08 0.6348547021647186 
3952655669 1.444481e-08 0.29458645837960606 
3063534263 1.554962e-08 0.47357356286671853 
907719639 1.472778e-08 0.4999999283411067 
1906851972 1.472778e-08 0.4999999283411067 
2597880038 1.472778e-08 0.4999999283411067 
1837088337 1.472778e-08 0.4999999283411067 
1848242772 1.920672e-08 0.22154982317992444 
3449694611 1.417658e-08 0.29577991750204935 
3089865955 2.4432100000000002e-08 0.5148735879676167 
1759850032 1.417658e-08 0.29577991750204935 
1495382923 1.417658e-08 0.29577991750204935 
3363025910 1.4353160000000001e-08 0.29214107993370114 
1449522982 1.579505e-08 0.044175241541850124 
3279439195 1.561847e-08 0.04467467997285264 
470332523 1.4e-08 0.29951054734722876 
584993009 1.4e-08 0.2995105473472289 
3270476896 1.4e-08 0.2995929141328529 
3681452412 1.418247e-08 0.2956570796808455 
570164134 1.577082e-08 0.17697240853677862 
2105330617 1.577082e-08 0.17697240853677862 
964813250 1.604882e-08 0.22942150714580833 
2039170765 1.604882e-08 0.22942150714580833 
932943525 1.4e-08 1.0 
2292589682 1.404329e-08 0.1492936364221348 
3971437066 1.404329e-08 0.1492936364221348 
3940915008 1.4e-08 0.30813110141902217 
3593659676 1.4e-08 0.299592914132853 
1301910447 1.443033e-08 0.3042131121378169 
1734007597 1.443033e-08 0.3042131121378169 
2087527840 2.365495e-08 1.0 
2065940037 1.4e-08 0.5980718557656114 
