179097684 5.8830259e-07 0.10607911835478145 
3534547045 7.2631324e-07 0.13404968187998031 
3921011129 1.23673904e-06 0.10869252352924412 
2235064901 7.5944679e-07 0.19030317689860138 
2340740170 3.9273210000000004e-06 0.31270217741798995 
2246051850 1.7276610899999999e-06 0.3172793143537445 
2799798816 1.8999560800000002e-06 0.3616382388964595 
618276123 2.931e-07 0.5001723519600638 
811613008 2.5334319999999997e-08 0.3305002857783434 
3108364485 2.791e-08 0.5 
2795063678 1.465413e-08 0.3000000248050073 
845665321 1.428206e-08 0.1539077473241186 
395113485 2.838548e-08 0.2897435961877208 
3633199892 1.429914e-08 0.3025478788145329 
439844059 1.458727e-08 0.48333350650907875 
2024675612 1.4e-08 0.3090124625622886 
3433591204 2.8728916e-07 0.32283243226146796 
4256642775 1.467745e-08 0.30633253737327154 
393090083 1.424864e-08 0.24741015140724623 
3607413901 1.399999e-08 0.44807136100662764 
3381587904 1.415404e-08 0.35267421819343625 
19131048 1.415404e-08 0.35267421819343625 
2654473721 1.430808e-08 0.348877347015017 
2747938267 1.4e-08 0.35655464223418754 
1923515514 1.779916e-08 0.28044947015918853 
96665495 1.458569e-08 0.2801000383973323 
360107933 1.4e-08 0.35655464223418754 
4138371369 1.420862e-08 0.1522376724788206 
