179097684 8.286716999999999e-07 0.15417237006240583 
3373526895 1.37164392e-06 0.12100884599129977 
2235064901 2.3785520300000002e-06 0.23432869456873326 
2246051850 4.3417675e-06 0.301989798227647 
4031050948 6.9775e-07 0.388 
2263814062 2.791e-08 0.3 
333964007 1.465645e-08 0.5712843150967662 
811613008 2.791e-08 0.3 
2710766136 2.791e-08 0.3 
3176785673 2.791e-08 0.3 
3037779432 2.791e-08 0.3 
4028593304 2.791e-08 0.5 
2533881277 1.472778e-08 0.49999987459695006 
2247026945 1.472778e-08 0.49999987459695006 
3562383954 1.582008e-08 0.1764213581726514 
1867247157 1.46505e-08 0.3 
3633199892 1.46505e-08 0.3 
1906851972 1.46505e-08 0.29999999999999993 
3099973400 1.46505e-08 0.29999999999999993 
1848242772 1.4e-08 0.525992010935105 
2341758500 1.4e-08 0.12193551466956813 
651046398 1.4e-08 0.07756231102423564 
1850435983 2.091e-08 0.299999999999997 
4186562710 1.584208e-08 0.05501962523828732 
