3534547045 2.12410454e-06 0.1382615128969541 
3921011129 9.9520913e-07 0.1761225487920405 
3150846686 2.86498743e-06 0.25078587161825655 
1465560917 1.30315636e-06 0.2946734485252732 
3953846011 2.791e-08 0.3 
1035492323 2.791e-08 0.3 
1239791232 2.791e-08 0.3 
2326007700 2.791e-08 0.3 
3108364485 2.791e-08 0.5 
2669757562 2.791e-08 0.5 
916523109 2.791e-08 0.5 
1634407402 1.5644229999999998e-08 0.2809438734050447 
3952655669 1.567125e-08 0.12977852224083386 
176241382 1.413063e-08 0.1511885067305023 
564959126 1.418558e-08 0.08791391525661646 
4177016268 1.4e-08 0.31393927548858364 
3330100144 1.852782e-08 0.0475598672053904 
310481256 1.852782e-08 0.0475598672053904 
1842102965 1.427543e-08 0.734658021173955 
