179097684 6.881756e-07 0.11296229810781183 
3534547045 1.508482e-06 0.15163260368513892 
3921011129 2.12168344e-06 0.21296801724023415 
2340740170 2.4989098700000003e-06 0.2958149240461622 
2246051850 8.157706300000001e-07 0.29555971950308624 
3737780296 3.3605125e-07 0.3253747481306952 
426576124 3.2132345e-07 0.4737179993652243 
1425083048 2.791e-08 0.3 
810769555 2.791e-08 0.3 
1019134040 1.4e-08 0.5980714285714286 
4046076794 2.7969100000000003e-08 0.2993660861450672 
732124878 1.4e-08 0.5980714285714286 
3736601249 1.830203e-08 0.4574902346898131 
2620740164 2.791e-08 0.3 
3012070026 2.791e-08 0.3 
888311950 4.263778e-08 0.3690832155103663 
2326007700 2.791e-08 0.3 
728028737 1.4000000000000003e-08 0.996785714285714 
1866926464 2.791e-08 0.5 
300193622 2.791e-08 0.5 
828787466 2.791e-08 0.5 
3392858646 2.791e-08 0.5 
1634407402 5.01687e-08 0.34033061895003336 
1726701215 1.419861e-08 0.2936371765563911 
432337108 1.40591e-08 0.2925695393682356 
4253718737 1.4e-08 0.6087577491873425 
2878871175 1.424781e-08 0.2938332251043196 
607396504 1.50433e-08 0.2771492791758018 
1820499179 1.4e-08 0.29380460078085435 
1371202285 1.4e-08 0.3181818181818181 
754560055 1.46505e-08 0.3181818181818181 
3434666020 1.46505e-08 0.3181818181818181 
2369258877 1.46505e-08 0.3181818181818181 
2707460946 1.46505e-08 0.3181818181818181 
2024675612 1.46505e-08 0.3181818181818181 
1292023300 1.46505e-08 0.3181818181818181 
3314075649 1.46505e-08 0.3181818181818181 
3433591204 1.46505e-08 0.3181818181818181 
1848242772 1.46505e-08 0.3181818181818181 
463844675 1.405431e-08 0.14832602068067877 
393090083 1.454063e-08 0.3140684300649121 
3736523900 1.454063e-08 0.3140684300649121 
3607413901 1.454063e-08 0.3140684300649121 
3833074883 2.760387e-08 0.1516635167460215 
552498239 1.493893e-08 0.3120385949510927 
114837353 2.036438e-08 0.053105722552224024 
2564127097 1.472778e-08 0.4999999283411068 
3554620561 1.472778e-08 0.4999999283411068 
2789301560 1.472778e-08 0.4999999283411068 
3201932102 1.472778e-08 0.4999999283411068 
3527214469 1.472778e-08 0.4999999283411068 
224410298 1.472778e-08 0.4999999283411068 
3967778277 1.472778e-08 0.4999999283411068 
1922039940 1.472778e-08 0.4999999283411068 
1314810707 1.751566e-08 0.23901468742827847 
2472898255 1.426428e-08 0.036535665938145286 
1495382923 1.4e-08 0.29780283938752433 
764400056 1.431345e-08 0.29997672700374023 
2454553876 1.431345e-08 0.29997672700374023 
1342185090 1.431345e-08 0.29997672700374023 
149784911 1.431345e-08 0.29997672700374023 
1965662198 1.431345e-08 0.29997672700374023 
1657444763 1.431345e-08 0.29997672700374023 
58759274 1.431345e-08 0.29997672700374023 
2391696826 1.4e-08 0.29780283938752417 
3590332688 1.4e-08 0.3066929916522633 
3797386594 1.4e-08 0.30000592580043506 
1280619132 1.407638e-08 0.30000592580043506 
4105879141 1.4e-08 0.5980714285714288 
3088551619 1.4e-08 0.30669299165226327 
3443287411 1.476213e-08 0.2494183237380657 
3981989558 1.476213e-08 0.2494183237380657 
3467386575 1.423656e-08 0.14790994755344053 
4267941538 1.4e-08 0.5980714285714285 
