179097684 7.754807999999999e-07 0.1670943122199733 
1572835533 2.2766300000000003e-06 0.30110075010533843 
2799798816 5.5932038e-06 0.225944518316706 
4031050948 7.7270053e-07 0.28998215889728907 
426576124 4.702955e-07 0.39135812334392667 
2440120768 2.7933089999999998e-08 0.29975201454618877 
1347872676 2.791e-08 0.3 
2710766136 1.90182e-08 0.44026248540871377 
300193622 2.791e-08 0.5 
3384709749 2.791e-08 0.5 
3396227953 1.437577e-08 0.2846154081483401 
2898323513 1.458727e-08 0.3000000537441873 
4096225443 1.488967e-08 0.2939072379697449 
2681498831 1.413618e-08 0.28480238279342174 
481808867 1.413618e-08 0.28480238279342174 
649593533 1.463452e-08 0.1430350978371686 
114837353 1.498228e-08 1.0 
1703904600 1.645319e-08 0.6576602675081351 
3284371529 1.558052e-08 0.17913394418158063 
3654632673 2.091e-08 0.2002152080344333 
128622011 1.523087e-08 0.2873231656485134 
3609244734 1.446336e-08 0.21685832337714123 
2039580977 1.419886e-08 0.297550489799654 
2262451740 1.4e-08 0.1118932804397339 
2653682721 1.4e-08 0.38722244511135245 
1035993485 1.495247e-08 0.04051432908140374 
3582615942 4.787646e-08 0.4678751419295732 
397871699 1.4e-08 0.29252055486293205 
3113011764 1.4e-08 0.27390873516120234 
987951561 1.4e-08 0.29225468899976154 
2625819210 1.467188e-08 0.2606885994350077 
1810710620 1.467188e-08 0.2606885994350077 
3992359301 1.4e-08 0.36614387053383657 
4003951159 1.58681e-08 0.36614387053383657 
2076479023 1.4e-08 0.14568243984619142 
2429918584 2.225871e-08 0.2143801227058713 
2818974547 1.4e-08 0.14378634812845403 
3918917420 1.4e-08 0.30423281296552307 
3030365988 1.4e-08 0.28757269625690807 
476539146 1.4e-08 0.2925616479965331 
1418880935 1.409337e-08 0.9933748989773199 
3492071944 1.75684e-08 0.11914858495935884 
2049910583 1.863228e-08 0.19507724176464097 
1554871714 1.4e-08 0.42123567549541874 
2745937630 1.50528e-08 0.15149036022206377 
2664573428 1.4e-08 0.2596239814970644 
2765174409 1.4e-08 0.3042328129655232 
1723287288 1.4e-08 0.04327066358284412 
