3534547045 2.4625003399999997e-06 0.13736462474393463 
545239233 2.7805920000000003e-06 0.2398979718403595 
1572835533 3.00568e-06 0.3042422905888792 
2984600922 1.579814e-06 0.30548982695672927 
426576124 2.791e-07 0.5 
1516068388 1.399999000000001e-08 1.0 
551137729 1.472778e-08 0.49999992834110685 
313359544 2.091e-08 0.30000000000000027 
4187488967 2.1372150000000003e-08 0.19588576722510367 
1837088337 1.40069e-08 0.07472033550449016 
875106938 1.416714e-08 0.036937598815916343 
3468130899 1.4e-08 0.03737858097778008 
1803012522 1.469434e-08 0.8227847388955682 
238807518 1.538868e-08 0.7856605439935527 
1734007597 1.4e-08 0.8635913357244788 
