3534547045 1.188637e-06 0.118907222744462 
2235064901 3.3310810000000003e-06 0.21280158216230538 
1572835533 5.41263502e-06 0.3249658787478908 
2519559028 8.9573568e-07 0.2833766487774911 
2620740164 1.3999999999999998e-08 0.5980714285714287 
2326007700 1.4e-08 0.5980714285714286 
1104410542 1.472778e-08 0.49999992834110657 
3869596591 1.498425e-08 0.4914419436824387 
2848685905 1.425981e-08 0.29520050183651675 
3707800333 1.46505e-08 0.5000000814305852 
309459595 1.518632e-08 0.4823585432809784 
1323984060 1.4e-08 0.30417255513275465 
1987038079 1.450596e-08 0.30000003582945595 
3797386594 1.450596e-08 0.30000003582945595 
241690685 1.76573e-08 0.2763917054977488 
2810179169 1.444e-08 0.3608903111527798 
213831427 2.091e-08 0.4999997312792563 
3320450569 1.4e-08 0.311857545462574 
1268185054 1.4e-08 0.3118575454625738 
4108567391 1.1203798000000001e-07 0.10361574967317241 
3132125139 1.426768e-08 0.4820848320220717 
3242796679 1.426768e-08 0.4820848320220717 
444974319 1.426768e-08 0.4820848320220717 
3734593757 1.426768e-08 0.4820848320220717 
111235536 1.426768e-08 0.4820848320220717 
1490861810 1.426768e-08 0.4820848320220717 
845186953 1.426768e-08 0.4820848320220717 
2279859862 1.426768e-08 0.4820848320220717 
1407916447 1.426768e-08 0.4820848320220717 
3539250331 2.853536e-08 0.4820848320220717 
2929070229 1.426768e-08 0.4820848320220717 
368451981 1.426768e-08 0.4820848320220717 
2937776487 1.426768e-08 0.4820848320220717 
4232177374 1.426768e-08 0.4820848320220717 
34775558 1.426768e-08 0.4820848320220717 
747443871 1.426768e-08 0.4820848320220717 
2640871332 1.426768e-08 0.4820848320220717 
1056843563 1.426768e-08 0.4820848320220717 
303951786 1.426768e-08 0.4820848320220717 
834694043 1.426768e-08 0.4820848320220717 
3563967453 1.426768e-08 0.4820848320220717 
1235889872 1.990768e-08 0.10918900690684401 
3775520932 1.990768e-08 0.10918900690684401 
3568714221 1.4e-08 0.49130229401033376 
