3534547045 1.328214e-06 0.13684830647537774 
2235064901 2.230688e-06 0.1867524951090818 
1465560917 7.53994612e-06 0.31223017325056396 
4188445920 1.4000000000000003e-08 0.5980714285714285 
3012070026 2.791e-08 0.3 
251961497 2.791e-08 0.5 
2545005546 1.399999e-08 0.9967864262760188 
2683944377 1.513536e-08 0.9960218983889383 
66987975 1.590535e-08 0.20425005886384784 
2016090987 1.448307e-08 0.07226541057938682 
3190311976 1.556357e-08 1.0 
2747938267 1.556357e-08 1.0 
3177521820 1.556357e-08 1.0 
1923515514 1.410357e-08 0.2656116285166134 
1449522982 1.411269e-08 0.26543998313560724 
3279439195 1.410357e-08 0.2656116285166134 
4193709834 1.410357e-08 0.2656116285166134 
4201342597 1.410357e-08 0.2656116285166134 
1987038079 1.410357e-08 0.2656116285166134 
4105879141 1.410357e-08 0.2656116285166134 
1703904600 1.410357e-08 0.2656116285166134 
118566979 1.410357e-08 0.2656116285166134 
3593659676 1.410357e-08 0.2656116285166134 
3223248356 2.379907e-08 0.3148082841554778 
1450024594 5.602737e-08 0.33388450479445947 
1501621654 1.400912e-08 0.33388453461040263 
2714424842 5.622539e-08 0.3993887146288036 
2606270759 1.400912e-08 0.33388453461040263 
3152769946 1.406091e-08 0.13320878690233856 
1897972748 1.4e-08 0.26757658539986096 
156734636 1.410585e-08 0.2791949789889861 
2126166399 1.4e-08 0.33410203653580595 
947239549 1.4e-08 0.33388965886350463 
702973591 1.4e-08 0.33410203653580595 
1297296453 1.972762e-08 0.18988971784726455 
3805166987 1.4e-08 0.33410203653580595 
3745170176 1.4e-08 0.33388453461040263 
3201531403 1.419396e-08 0.1319600335634917 
4281747617 1.943387e-08 0.2408391907170422 
3582615942 2.530662e-08 0.18486998759189888 
