179097684 7.048699099999999e-07 0.1504873252029075 
3534547045 9.032971799999999e-07 0.12875394222649514 
3921011129 1.892998e-06 0.17216334314169354 
2246051850 2.5616537699999998e-06 0.28962956875689644 
3004792470 3.4873686e-06 0.30815106062335684 
426576124 3.4953952e-07 0.4596958197198806 
825415804 2.791e-08 0.5 
251961497 2.791e-08 0.5 
3824069879 2.791e-08 0.5 
43001897 2.791e-08 0.5 
3059103076 1.435702e-08 0.30000008061628797 
766581564 1.461952e-08 0.30000001168941365 
3702894340 1.461952e-08 0.30000001168941365 
2674988631 1.4884280000000001e-08 0.294663643178818 
3633199892 2.102375e-08 0.39826386824424814 
2013640095 2.013729e-08 0.21227241883119374 
3302973195 1.45132e-08 0.31107398384475643 
3433591204 1.45132e-08 0.31107398384475643 
4256642775 1.45132e-08 0.31107398384475643 
2449448537 1.459904e-08 0.30924491900397005 
3607413901 1.456033e-08 0.296266764093099 
79461789 1.4e-08 0.3076505112435472 
552498239 1.4e-08 0.1566377203890578 
2789301560 1.428292e-08 0.4853772452055631 
3459912306 1.428292e-08 0.4853772452055631 
841878026 1.900153e-08 0.22032408219329774 
3681452412 1.439099e-08 0.2408661378783336 
1905833305 1.4e-08 0.3031109384187069 
1629863604 1.4e-08 0.32247706730969417 
3378187523 1.4e-08 0.24364188672555037 
