3534547045 1.592425e-06 0.19771035448656646 
3373526895 2.02103832e-06 0.2467387471724923 
545239233 4.060639000000001e-06 0.2619493291253326 
1790255658 2.791e-08 0.3 
3833318790 2.791e-08 0.3 
3268335666 2.791e-08 0.3 
2669757562 1.4e-08 0.9967857142857143 
3443220506 2.791e-08 0.5 
1382686479 1.493117e-08 0.2548969096801583 
1803925302 1.461228e-08 0.26045963332957556 
283080478 1.741e-08 0.1801550832854682 
2681498831 1.408825e-08 0.24214022092251128 
2655011401 1.650843e-08 0.06339942683828813 
855708858 1.40578e-08 0.10802082845737951 
551137729 1.402616e-08 0.1777055860031313 
937177227 1.402616e-08 0.1777055860031313 
690117576 1.4e-08 0.3063691626290593 
