179097684 6.7087647e-07 0.12527119071864826 
3373526895 1.81970415e-06 0.1176643757795077 
3150846686 2.3101002e-06 0.25667004755613154 
2340740170 1.56804596e-06 0.315001009395992 
1075699702 4.6958862e-06 0.3272083729777967 
3736601249 2.791e-08 0.3 
251961497 1.3999999999999998e-08 0.9967857142857144 
921425487 2.147549e-08 0.649810551470537 
3015378843 2.791e-08 0.5 
865537991 2.791e-08 0.5 
438292632 1.545765e-08 0.2708367701429389 
2177968201 1.495727e-08 0.48916805693474846 
3783228500 1.400916e-08 0.299999778305431 
220564665 1.415349e-08 0.32226500241868467 
766581564 1.429791e-08 0.3000000704294459 
2606325002 1.453188e-08 0.2967997987825832 
1314810707 1.429181e-08 0.3273284612248201 
1499007652 1.4e-08 0.3001960638746652 
3467386575 1.660873e-08 0.14083304910783356 
1703904600 1.414436e-08 0.3847341683796802 
1840937626 1.41352e-08 0.38498348674676086 
213831427 1.4e-08 0.3304545491764974 
846691466 2.82704e-08 0.3598089279556465 
3962269793 2.085417e-08 0.20681998180376612 
977281884 3.4032429999999995e-08 0.2604755881477873 
3578947201 1.461195e-08 0.12894814741481833 
571790981 1.461195e-08 0.12894814741481833 
2606270759 1.469815e-08 0.3118905908056039 
2800683865 1.40226e-08 0.19403743178379237 
480183180 1.40226e-08 0.19403743178379237 
