179097684 6.297360599999999e-07 0.10415236769018671 
3534547045 1.25938163e-06 0.11146417651018524 
2235064901 1.26653828e-06 0.15160876303750564 
545239233 1.98768796e-06 0.2949607528618702 
2246051850 1.99202096e-06 0.30420461208952704 
2984600922 2.1818439600000002e-06 0.30579426896145717 
426576124 2.16965096e-06 0.3962557952711385 
1236021306 2.791e-08 0.5 
2757833455 2.791e-08 0.5 
3122982648 1.406823e-08 0.3000000071658905 
2177968201 1.403975e-08 0.31538466753873745 
3113062634 2.6372180000000004e-08 0.2951334277060691 
896813269 2.103744e-08 0.06697479182939434 
1867247157 1.4e-08 0.3000002687211289 
785216844 1.792803e-08 0.7005510365611839 
2716949832 1.662294e-08 0.25329637225312146 
552634658 1.4e-08 0.3007521712986643 
3707800333 1.423396e-08 0.3011743253131802 
2185291493 1.423396e-08 0.3011743253131802 
4287239676 1.423396e-08 0.3011743253131802 
1462644303 1.423396e-08 0.3011743253131802 
4088625113 1.423396e-08 0.3011743253131802 
1237914369 1.4273710000000001e-08 0.3003356029746152 
1002680420 1.4e-08 0.31628013471978506 
