3921011129 2.8031900000000003e-06 0.15390961230913866 
3150846686 1.948235e-06 0.24943091678407717 
2246051850 3.66072138e-06 0.3064484895921782 
2555962951 6.671352e-07 0.36828253103718694 
2937387076 2.231499e-08 0.3752186310636931 
1434498202 1.4e-08 0.9999999999999998 
102901530 1.4e-08 0.5980714285714286 
598947138 1.4e-08 0.5980714285714286 
2440120768 2.791e-08 0.3 
1878784256 2.7886270000000002e-08 0.45309466760713574 
290926289 1.4000010000000001e-08 0.5980710013778561 
164438789 2.791e-08 0.3 
443746396 2.791e-08 0.3 
4188445920 2.791e-08 0.3 
2856850640 2.791e-08 0.3 
3108364485 2.791e-08 0.5 
728028737 2.791e-08 0.5 
769686034 2.791e-08 0.5 
3462747 1.4e-08 0.9967857142857143 
754869367 2.791e-08 0.5 
43001897 2.791e-08 0.5 
1128709694 1.4e-08 0.9967857142857143 
2729381062 2.791e-08 0.5 
4260098875 1.512056e-08 0.48701165463604423 
821115011 1.446266e-08 0.3000000390866797 
1149406307 1.74325e-08 0.23950953678474116 
3632514288 1.403622e-08 0.29999994267288815 
3929228125 1.998986e-08 0.21371042932125067 
4285226245 1.530738e-08 0.9999999999999991 
3302973195 1.863091e-08 0.4494144408405172 
2185291493 1.421171e-08 0.11662156571855749 
3180086772 1.421171e-08 0.11662156571855749 
1657444763 1.4e-08 0.3134868874700558 
4193709834 1.427201e-08 0.19555759840414916 
2655011401 1.456135e-08 0.2867867147880856 
2197427154 1.468225e-08 0.9999999999999964 
3824375258 1.4e-08 0.12575425292484077 
3378187523 2.091e-08 0.2002152080344333 
3408999490 1.400001e-08 0.719699983427465 
3438744891 1.5187e-08 0.09632836032090558 
213831427 1.824907e-08 0.4588181528254056 
2993076447 1.425608e-08 0.16958796715984348 
1426981231 1.4991283000000002e-07 0.16570166550052537 
3872525629 2.132017e-08 0.19636334982319567 
3827929005 1.766266e-08 0.3286782726339771 
2574253871 1.439278e-08 0.3286782726339771 
3700209637 2.254769e-08 0.4196078683715141 
1268185054 1.459985e-08 0.3240166213215103 
1140472632 1.439278e-08 0.3286782726339771 
975973597 1.439278e-08 0.3286782726339771 
3962269793 1.439278e-08 0.3286782726339771 
3421068049 1.464886e-08 0.32293257419354493 
3953247145 1.707393e-08 0.24519830958709873 
335748715 1.458713e-08 0.2948115496931269 
253060996 1.74325e-08 0.15945790907787186 
3578947201 1.74325e-08 0.15945790907787186 
571790981 1.74325e-08 0.15945790907787186 
2308303797 2.091e-08 0.2002152080344333 
2256454524 1.4e-08 0.15909434705893757 
4281208133 2.091e-08 0.2002152080344333 
1179141501 2.091e-08 0.2002152080344333 
3325553423 1.4e-08 0.3378995763429181 
1852572783 1.43739e-08 0.29125707010623425 
2233621492 1.43739e-08 0.29125707010623425 
3229926557 1.567125e-08 0.08868947914174048 
2972065009 1.567125e-08 0.08868947914174048 
1823433846 1.406461e-08 0.15602339576357893 
4052933330 2.806461e-08 0.376538573395119 
