179097684 8.4160455e-07 0.1456339063909201 
3534547045 2.253368e-06 0.1930581538447746 
2235064901 9.296433099999999e-07 0.201782460391155 
3150846686 3.6868100000000003e-06 0.2849198374882513 
1572835533 1.83434329e-06 0.28986901781190527 
4031050948 3.7736458e-07 0.31479206384821395 
259930472 2.791e-08 0.3 
3129006749 2.791e-08 0.3 
3279231079 1.4e-08 0.5980714285714286 
326805806 1.4e-08 0.5980714285714286 
2261252686 2.791e-08 0.3 
911013108 2.791e-08 0.3 
4004407106 1.442681e-08 0.3000000089573634 
1803925302 1.442681e-08 0.3000000089573634 
3293059020 1.442681e-08 0.3000000089573634 
439844059 1.446347e-08 0.3056426459721934 
3449694611 1.426931e-08 0.35073035899419897 
2367820772 1.4e-08 0.31145535438674476 
1734007597 2.050458e-08 0.21572505137556422 
481400394 2.390646e-08 0.2623976950163262 
871205577 1.407948e-08 0.30352626283794465 
110318614 1.4e-08 0.15788047288355136 
1063934737 1.4e-08 0.3091459378018699 
213831427 1.432965e-08 0.32002320820380586 
846691466 1.4e-08 0.3129603875835166 
3320450569 1.770952e-08 0.24821808381485144 
3866772787 1.4e-08 0.3159536838524547 
975973597 1.4e-08 0.3114553543867448 
3962269793 1.4e-08 0.1548384770882781 
