179097684 6.1264934e-07 0.13499813944342656 
3373526895 2.4388616600000003e-06 0.1747609216282399 
545239233 3.54874513e-06 0.26518588886878264 
1222799196 1.528384e-06 0.2867534561698832 
2519559028 8.0057092e-07 0.3162659951414597 
476505668 2.3530419e-07 0.5930621124936194 
3891448235 1.4000009999999996e-08 0.5980710013778563 
392861532 2.791e-08 0.5 
3321237907 1.45086e-08 0.2989200101138047 
4093093422 2.091e-08 0.2002152080344333 
879162223 1.472778e-08 0.29999995700466403 
1428265047 1.4e-08 0.9163696390618916 
4167430602 1.434529e-08 0.3000000210379103 
1906851972 1.434529e-08 0.3000000210379103 
1837088337 1.438199e-08 0.15492269408681505 
1649557018 1.455515e-08 0.3113051551565335 
1553963666 1.4e-08 0.6472990327252313 
1449522982 1.4e-08 0.30111925923962274 
1301910447 1.431889e-08 0.15428337555404611 
4106915849 1.4e-08 0.5980718557656114 
3953247145 1.642238e-08 0.16995107487508912 
335748715 1.642238e-08 0.16995107487508912 
1090143039 1.496846e-08 0.0756773447147639 
4281208133 1.838286e-08 0.2277393180386513 
1852572783 1.4e-08 0.3048458044112516 
