179097684 4.7894061e-07 0.12325543573180499 
3921011129 1.0529590300000002e-06 0.12811388915919028 
3150846686 2.63791477e-06 0.1951825230903755 
545239233 2.139872e-06 0.2950145599006478 
1222799196 3.450772e-06 0.30849265701649115 
426576124 3.4994260999999996e-07 0.49071492154860563 
618276123 3.2426337e-07 0.477699657313225 
905418128 2.2334360000000002e-08 0.5700609285423895 
790319072 4.235748e-08 0.3 
2440120768 2.791e-08 0.3 
732124878 2.791e-08 0.3 
1878784256 2.791e-08 0.3 
290926289 5.582e-08 0.3 
129185354 2.663349e-08 0.31437862630845603 
2261252686 2.791e-08 0.3 
3833318790 3.22704e-08 0.3933334031377579 
2545005546 1.4000000000000003e-08 0.996785714285714 
266059373 2.791e-08 0.5 
879162223 1.411483e-08 0.5000000162861146 
4253718737 2.183063e-08 0.2873485556761303 
3653734512 2.091e-08 0.2002152080344333 
1405660995 1.404397e-08 0.3000000165353037 
250719570 1.4000010000000003e-08 0.488329092110928 
2719204682 1.4e-08 0.30094223087295074 
3449694611 1.4e-08 0.2999999999999998 
2341758500 1.457958e-08 0.15079363708751578 
3967778277 1.464215e-08 0.30002318683305723 
2670951229 1.464215e-08 0.30002318683305723 
381652938 1.632472e-08 0.2530864150416495 
1965662198 2.202734e-08 0.28478148737197917 
3279439195 1.4e-08 0.07935654203623098 
3284371529 1.415617e-08 0.14927507152997468 
2655011401 1.4e-08 0.3095888571428572 
3879652638 1.462484e-08 0.0982376769971725 
1629863604 1.637141e-08 0.08524010627255149 
1501621654 1.4e-08 0.2951117758113369 
213831427 1.4e-08 0.31742616814492364 
4148810631 1.401449e-08 0.30825426059861627 
2056593038 1.401449e-08 0.30825426059861627 
3863839146 1.401449e-08 0.30825426059861627 
834694043 1.4e-08 0.06645233348642841 
1972280475 1.4921619999999998e-08 0.3654336454501631 
3269595313 1.4e-08 0.5980718557656113 
1780437574 1.4e-08 0.15479442857142856 
3654632673 1.4e-08 0.7110147575507291 
1367591863 1.4e-08 0.30857330375833586 
3019838765 1.407809e-08 0.1936648363741837 
1411431829 1.4e-08 0.3333331740554126 
36058418 1.4e-08 0.11377238336888013 
2830063464 1.4e-08 0.30276500595765166 
3548864168 1.869811e-08 0.24957960631164533 
2983660352 1.4e-08 0.30857330375833575 
2299185056 1.719831e-08 0.12546467283217388 
3737371746 1.719831e-08 0.12546467283217388 
