179097684 7.754807999999999e-07 0.3024396892976404 
1572835533 2.2766300000000003e-06 0.3014376429498076 
2799798816 5.5932038e-06 0.3007937294293212 
4031050948 7.7270053e-07 0.31106702172621004 
426576124 4.702955e-07 0.31497392948468134 
2440120768 2.7933089999999998e-08 0.30033429979086745 
1347872676 2.791e-08 0.3 
2710766136 1.90182e-08 0.24557871547014648 
300193622 2.791e-08 0.3 
3384709749 2.791e-08 0.3 
3396227953 1.437577e-08 0.30000002480500704 
2898323513 1.458727e-08 0.3000000537441873 
4096225443 1.488967e-08 0.2952481390681408 
2681498831 1.413618e-08 0.31227467279086446 
481808867 1.413618e-08 0.31227467279086446 
649593533 1.463452e-08 0.46507687607114506 
114837353 1.498228e-08 0.0 
1703904600 1.645319e-08 0.027858931473417472 
3284371529 1.558052e-08 0.442748396089254 
3654632673 2.091e-08 0.4004304160688666 
128622011 1.523087e-08 0.29578386310644644 
3609244734 1.446336e-08 0.39109006465766644 
2039580977 1.419886e-08 0.3068464509805283 
2262451740 1.4e-08 0.29575206386609365 
2653682721 1.4e-08 0.0 
1035993485 1.495247e-08 0.05108375334316526 
3582615942 4.787646e-08 0.24613609152349447 
397871699 1.4e-08 0.30604097933896285 
3113011764 1.4e-08 0.2963120354187579 
987951561 1.4e-08 0.281211525470791 
2625819210 1.467188e-08 0.29952000877829027 
1810710620 1.467188e-08 0.29952000877829027 
3992359301 1.4e-08 0.3523016836250274 
4003951159 1.58681e-08 0.3523016836250274 
2076479023 1.4e-08 0.23733212466963408 
2429918584 2.225871e-08 0.3827524664477441 
2818974547 1.4e-08 0.3880762768793271 
3918917420 1.4e-08 0.29012352725123747 
3030365988 1.4e-08 0.31155492687832886 
476539146 1.4e-08 0.3162006422814171 
1418880935 1.409337e-08 0.09396097687267958 
3492071944 1.75684e-08 0.4640956202748997 
2049910583 1.863228e-08 0.3133335249273785 
1554871714 1.4e-08 0.29825095444072536 
2745937630 1.50528e-08 0.13668536722699687 
2664573428 1.4e-08 0.30217161485293365 
2765174409 1.4e-08 0.2901235272512374 
1723287288 1.4e-08 0.0686684492393626 
