179097684 6.2866793e-07 0.31389001548753753 
3534547045 5.21435659e-06 0.2992874999856001 
2246051850 3.5768568e-06 0.3021370252622898 
949068759 2.791e-08 0.3 
1037584679 2.791e-08 0.3 
739080713 2.791e-08 0.3 
315200650 2.791e-08 0.3 
1239791232 2.791e-08 0.3 
911013108 1.4000000000000001e-08 0.0 
199935986 1.400001e-08 0.34473376317166904 
2326007700 2.791e-08 0.3 
825415804 2.791e-08 0.3 
265770918 7.018217e-08 0.3000000031423653 
3475245566 2.605221e-08 0.2500828144714019 
828787466 9.1975e-08 0.34145657054653605 
3708838243 2.791e-08 0.3 
1507417240 2.791e-08 0.3 
4274934102 2.791e-08 0.3 
188552836 1.421444e-08 0.29999996503583853 
976558236 1.40167e-08 0.29999991400934023 
1950077488 1.429534e-08 0.30000000405689015 
3111692719 1.4374020000000002e-08 0.30317290591360047 
2961226102 2.091e-08 0.29999967753528034 
1896745001 1.955513e-08 0.21806715184220327 
1737134642 1.481458e-08 0.28782087478115037 
2719204682 1.433716e-08 0.2966819859614331 
2716949832 1.58786e-08 0.1718257262117725 
552634658 1.587512e-08 0.17023464506301048 
2649056468 1.942043e-08 0.4068546754758917 
3381587904 1.942043e-08 0.4068546754758917 
72955594 1.467269e-08 0.29984527949503265 
2780384598 1.467269e-08 0.29984527949503265 
1577969976 1.467269e-08 0.29984527949503265 
229435916 1.467269e-08 0.29984527949503265 
19131048 1.467269e-08 0.29984527949503265 
2426951832 1.467269e-08 0.29984527949503265 
1922039940 1.4e-08 0.300242815398586 
3715668764 1.481924e-08 0.29232125835170414 
4138371369 1.4e-08 0.30014702055134923 
3590332688 1.4e-08 0.2995160252655468 
3797386594 1.461587e-08 0.2995160252655468 
3443287411 1.461587e-08 0.2995160252655468 
1165174376 1.461587e-08 0.2995160252655468 
4267941538 1.461587e-08 0.2995160252655468 
3372193553 1.461587e-08 0.2995160252655468 
3681452412 1.461587e-08 0.2995160252655468 
570164134 1.586621e-08 0.28027292548913824 
2418772576 1.461587e-08 0.2995160252655468 
1301910447 1.401861e-08 0.44980090935694395 
2919535035 1.401861e-08 0.44980090935694395 
2217687738 1.418527e-08 0.15184248947458567 
3408999490 1.650292e-08 0.0 
1403954297 1.407868e-08 0.3024772018979693 
517786421 1.407868e-08 0.3024772018979693 
248584559 1.422864e-08 0.31843146221422536 
3152769946 1.4457280000000002e-08 0.3278321825472259 
1776728451 2.841391e-08 0.3128304754942804 
1897972748 1.3999989999999996e-08 0.2484839474531668 
1367591863 1.4e-08 0.14378852453984567 
2661924784 1.421496e-08 0.3256417150516269 
3353888196 3.075732e-08 0.15830372100235293 
2711363118 1.593713e-08 0.29386663099853544 
1414813075 1.4e-08 0.32190874800505503 
36058418 1.627623e-08 0.1474872440007751 
1595418714 1.4e-08 0.2995908602180285 
