179097684 6.8450435e-07 0.29977647664741525 
3534547045 1.163219e-06 0.2993214408090674 
3921011129 1.12691954e-06 0.30039509379711343 
2340740170 1.89569441e-06 0.3005268399187783 
2246051850 1.13607157e-06 0.30863569285586506 
4259593397 3.45341835e-06 0.2974352281758574 
2555962951 1.710271e-06 0.30125209079101967 
290926289 2.791e-08 0.3 
164438789 4.08662e-08 0.4097762943459387 
2250757420 2.791e-08 0.3 
1837234470 1.401835e-08 0.2999997005684516 
481808867 1.485585e-08 0.300000035829456 
3607413901 1.4e-08 0.2199919457645432 
1960974751 1.408392e-08 0.2875856157276186 
3180086772 1.408392e-08 0.2875856157276186 
79461789 1.408392e-08 0.2875856157276186 
72955594 1.408392e-08 0.2875856157276186 
1771264541 1.408392e-08 0.2875856157276186 
1759850032 1.416805e-08 0.29999881920575966 
2472898255 1.416805e-08 0.29999881920575966 
3459912306 1.416805e-08 0.29999881920575966 
381652938 1.475288e-08 0.2993054173981033 
