179097684 8.286716999999999e-07 0.3057016466940219 
3373526895 1.37164392e-06 0.3060849476293347 
2235064901 2.3785520300000002e-06 0.2953616826796407 
2246051850 4.3417675e-06 0.30130387183886664 
4031050948 6.9775e-07 0.3 
2263814062 2.791e-08 0.3 
333964007 1.465645e-08 0.042818151880183744 
811613008 2.791e-08 0.3 
2710766136 2.791e-08 0.3 
3176785673 2.791e-08 0.3 
3037779432 2.791e-08 0.3 
4028593304 2.791e-08 0.3 
2533881277 1.472778e-08 0.29999992475817006 
2247026945 1.472778e-08 0.29999992475817006 
3562383954 1.582008e-08 0.4151294738527032 
1867247157 1.46505e-08 0.3 
3633199892 1.46505e-08 0.3 
1906851972 1.46505e-08 0.3 
3099973400 1.46505e-08 0.3 
1848242772 1.4e-08 0.25194086217913175 
2341758500 1.4e-08 0.2642298459998481 
651046398 1.4e-08 0.4962465975950206 
1850435983 2.091e-08 0.299999999999997 
4186562710 1.584208e-08 0.3355887091100622 
