3534547045 1.328214e-06 0.2959241190330076 
2235064901 2.230688e-06 0.3008824293863346 
1465560917 7.53994612e-06 0.30326351084900177 
4188445920 1.4000000000000003e-08 0.008242995037969002 
3012070026 2.791e-08 0.3 
251961497 2.791e-08 0.3 
2545005546 1.399999e-08 0.3212234241632032 
2683944377 1.513536e-08 0.001971251108447233 
66987975 1.590535e-08 0.3308827195691558 
2016090987 1.448307e-08 0.3115646773655095 
3190311976 1.556357e-08 0.0 
2747938267 1.556357e-08 0.0 
3177521820 1.556357e-08 0.0 
1923515514 1.410357e-08 0.3027019909602901 
1449522982 1.411269e-08 0.3031272014006866 
3279439195 1.410357e-08 0.3027019909602901 
4193709834 1.410357e-08 0.3027019909602901 
4201342597 1.410357e-08 0.3027019909602901 
1987038079 1.410357e-08 0.3027019909602901 
4105879141 1.410357e-08 0.3027019909602901 
1703904600 1.410357e-08 0.3027019909602901 
118566979 1.410357e-08 0.3027019909602901 
3593659676 1.410357e-08 0.3027019909602901 
3223248356 2.379907e-08 0.3176372030632101 
1450024594 5.602737e-08 0.31270394848790517 
1501621654 1.400912e-08 0.31270397641242104 
2714424842 5.622539e-08 0.23223971065939134 
2606270759 1.400912e-08 0.31270397641242104 
3152769946 1.406091e-08 0.4633625566322143 
1897972748 1.4e-08 0.2975434799034156 
156734636 1.410585e-08 0.3046938630980609 
2126166399 1.4e-08 0.31255830199652035 
947239549 1.4e-08 0.3127040316233425 
702973591 1.4e-08 0.31263936146540544 
1297296453 1.972762e-08 0.31345909708991987 
3805166987 1.4e-08 0.3126761730170746 
3745170176 1.4e-08 0.31270397641242104 
3201531403 1.419396e-08 0.15038710883984208 
4281747617 1.943387e-08 0.40028300401023725 
3582615942 2.530662e-08 0.4760475191593918 
