3921011129 2.52830169e-06 0.3013728163087271 
545239233 2.473808e-06 0.29265398463678727 
1572835533 2.7938394600000002e-06 0.30116010427212636 
2555962951 2.2441434600000004e-06 0.3048136598116574 
1403705120 3.2792e-07 0.3064040009758478 
1239791232 2.791e-08 0.3 
3838279446 2.791e-08 0.3 
2326007700 2.791e-08 0.3 
392861532 2.791e-08 0.3 
1134132465 2.791e-08 0.3 
1913762779 1.449514e-08 0.30500184143792275 
1736323711 1.419113e-08 0.30471297128518227 
4096225443 1.627333e-08 0.2999999841513046 
907719639 1.420257e-08 0.4048459493440308 
1896745001 1.835344e-08 0.41630959824408403 
4256642775 1.451546e-08 0.3001334165128166 
2449448537 1.466438e-08 0.3061803516716047 
3707800333 1.451546e-08 0.3001334165128166 
105819081 1.435902e-08 0.5137942376276532 
1342185090 1.4e-08 0.3066066566811114 
1657444763 1.407446e-08 0.29982163012725727 
470332523 1.407446e-08 0.29982163012725727 
3217169414 1.407446e-08 0.29982163012725727 
2208266878 1.407446e-08 0.29982163012725727 
1292024166 1.407446e-08 0.29982163012725727 
4201342597 1.407446e-08 0.29982163012725727 
762210064 1.407446e-08 0.29982163012725727 
570164134 1.407446e-08 0.29982163012725727 
2039170765 1.407446e-08 0.29982163012725727 
118566979 1.407446e-08 0.29982163012725727 
678688578 1.4e-08 0.29609768145434834 
2919535035 1.4e-08 0.2988699202616871 
3663377129 1.4e-08 0.29905445697927135 
1965972368 1.4e-08 0.015544457468725618 
3320450569 1.440369e-08 0.3002093320676287 
253060996 1.4e-08 0.010075720581079518 
