179097684 5.7128282e-07 0.29520634247873634 
3921011129 2.57670593e-06 0.30115696358594596 
2246051850 3.03172993e-06 0.3037209748219038 
2799798816 3.9259840000000003e-07 0.29932716257046066 
2519559028 6.5912785e-07 0.3240797140760172 
3071234124 2.791e-08 0.3 
869234806 1.4e-08 0.45308468262549106 
810769555 2.791e-08 0.3 
790319072 2.791e-08 0.3 
1458665800 2.791e-08 0.3 
3176785673 2.791e-08 0.3 
251961497 2.791e-08 0.3 
3481866093 2.791e-08 0.3 
865537991 2.791e-08 0.3 
2029773149 1.46505e-08 0.2999999609133305 
740082705 1.46505e-08 0.2999999609133305 
2795063678 1.46505e-08 0.2999999609133305 
1412415798 1.457038e-08 0.3000000781733698 
3913511150 1.457038e-08 0.3000000781733698 
690117576 1.457038e-08 0.3000000781733698 
3293059020 1.4891670000000001e-08 0.3069636212368357 
2159618959 1.461142e-08 0.3029407021391629 
921818415 1.449e-08 0.300000030710962 
4212779140 1.4441939999999999e-08 0.29917680545175596 
2521380987 2.006967e-08 0.18628252026878955 
3294683754 1.613317e-08 0.14539586929642748 
2674988631 2.423182e-08 0.307283175035818 
2883513480 1.44061e-08 0.30610763841669 
783121895 1.44061e-08 0.30610763841669 
3059144981 1.449307e-08 0.30523975538554454 
3952655669 1.4533030000000001e-08 0.3069405741059594 
2848685905 1.44061e-08 0.30610763841669 
1867247157 1.44061e-08 0.30610763841669 
3633199892 1.44061e-08 0.30610763841669 
283080478 1.44061e-08 0.30610763841669 
1199222225 1.449308e-08 0.3051294505866505 
3755198008 1.44061e-08 0.30610763841669 
1420914473 1.4e-08 0.29853414509936976 
3012889883 3.1787179999999997e-08 0.2991262854185283 
2027098952 1.408697e-08 0.2781982482853918 
2597880038 1.408697e-08 0.2781982482853918 
1761715697 1.408697e-08 0.2781982482853918 
629078091 1.408697e-08 0.2781982482853918 
3563522875 1.408697e-08 0.2781982482853918 
249728555 1.408697e-08 0.2781982482853918 
4285226245 1.408697e-08 0.2781982482853918 
2024675612 1.408697e-08 0.2781982482853918 
1292023300 1.408697e-08 0.2781982482853918 
875106938 1.400001e-08 0.0 
3314075649 1.408697e-08 0.2781982482853918 
3458484829 2.421175e-08 0.03566039056596053 
2449448537 1.409513e-08 0.35762212791074965 
3167902617 1.741e-08 0.35527801061774117 
579073438 1.4e-08 0.30000003071096204 
3468130899 1.4e-08 0.3147544221180663 
2343849308 1.4e-08 0.3090415138146934 
3528190190 1.4e-08 0.4169237248143778 
550176535 1.4e-08 0.06167205719884742 
3884987045 1.688447e-08 0.43365778937993016 
3180086772 1.4e-08 0.2792496534449623 
4088625113 1.4e-08 0.27903715919220856 
1237914369 1.619883e-08 0.5063873733883331 
1649557018 1.4e-08 0.27691611065593913 
79461789 1.4e-08 0.2799264555463476 
734120091 1.4e-08 0.3122227329459309 
552498239 1.3999989999999996e-08 0.0 
2950407739 1.412693e-08 0.2994186319186271 
72955594 1.412693e-08 0.2994186319186271 
1771264541 1.412693e-08 0.2994186319186271 
2353028958 1.412693e-08 0.2994186319186271 
2980075456 1.412693e-08 0.2994186319186271 
1194638860 1.412693e-08 0.2994186319186271 
2341758500 1.412693e-08 0.2994186319186271 
651046398 1.412693e-08 0.2994186319186271 
229435916 1.412693e-08 0.2994186319186271 
1850435983 1.412693e-08 0.2994186319186271 
2426951832 1.412693e-08 0.2994186319186271 
3089865955 1.412693e-08 0.2994186319186271 
3201932102 1.412693e-08 0.2994186319186271 
3527214469 1.412693e-08 0.2994186319186271 
771359632 1.412693e-08 0.2994186319186271 
4186562710 1.412693e-08 0.2994186319186271 
346987663 1.412693e-08 0.2994186319186271 
1314810707 1.412693e-08 0.2994186319186271 
1598213090 1.412693e-08 0.2994186319186271 
1298902656 1.412693e-08 0.2994186319186271 
3190311976 1.412693e-08 0.2994186319186271 
1517815290 1.412693e-08 0.2994186319186271 
66064165 1.412693e-08 0.2994186319186271 
1923515514 1.412693e-08 0.2994186319186271 
533433650 2.825386e-08 0.2994186319186271 
381652938 1.412693e-08 0.2994186319186271 
149784911 1.412693e-08 0.2994186319186271 
85224627 1.412693e-08 0.2994186319186271 
58759274 1.4e-08 0.2930668609864434 
2135013218 1.4e-08 0.27664826832574585 
3934203265 1.4e-08 0.29849333799326844 
1292024166 1.4e-08 0.2759902003269748 
1323984060 1.4e-08 0.16143794184283902 
4197927596 1.4e-08 0.2859798035567626 
4201342597 1.4e-08 0.29824751140610245 
2391696826 1.4e-08 0.2799264555463476 
1745749016 1.483472e-08 0.29941876019661134 
2711965517 1.4882780000000001e-08 0.30019224455180504 
1987038079 1.483472e-08 0.29941876019661134 
3797386594 1.483472e-08 0.29941876019661134 
3443287411 1.532472e-08 0.30470897359060645 
1165174376 1.4e-08 0.34699312693745243 
4263904522 1.4e-08 0.29422958667873395 
4267941538 1.4e-08 0.29412483569920833 
3372193553 1.4e-08 0.2749718345992536 
3681452412 1.4e-08 0.0 
3458662533 1.4e-08 0.2737143126892047 
762210064 1.4e-08 0.35325717026990316 
570164134 1.4e-08 0.2883298795387082 
2418772576 1.660633e-08 0.0 
4278040469 1.4e-08 0.27892332041842643 
241690685 1.510185e-08 0.3643307758265826 
1703904600 1.510185e-08 0.3643307758265826 
3814978291 1.510185e-08 0.3643307758265826 
