3534547045 1.490036e-06 0.2955552214152914 
3150846686 4.81085e-06 0.30303394917403603 
4259593397 2.22628495e-06 0.30100340316306035 
4031050948 6.841776e-07 0.29974775008108306 
3774459889 2.791e-08 0.3 
3197676583 2.791e-08 0.3 
3891448235 2.791e-08 0.3 
251961497 2.791e-08 0.3 
769686034 1.400001e-08 0.08766740685674515 
43001897 2.791e-08 0.3 
1634407402 1.45776e-08 0.3000000000000001 
3375523036 1.45776e-08 0.3000000000000001 
879162223 2.582847e-08 0.26083254510578396 
2858952728 2.414664e-08 0.2935354298331842 
2125331604 2.016878e-08 0.021941147403782404 
4119421155 2.406522e-07 0.31981439610295764 
250719570 2.739709e-08 0.29485273552169133 
649593533 1.415285e-08 0.3069661842764826 
2348040613 2.330937e-08 0.338286489065895 
2980075456 1.719694e-08 0.12715303878631745 
85224627 1.948141e-08 0.37836718584930024 
1965662198 1.932856e-08 0.3775983607685477 
3715668764 1.4e-08 0.3105418934397904 
3270476896 1.419561e-08 0.3105418934397904 
4201342597 1.419561e-08 0.3105418934397904 
2711965517 1.434846e-08 0.31403963935593054 
1165174376 1.454407e-08 0.3046628058079531 
762210064 1.419561e-08 0.3105418934397904 
3940915008 1.419561e-08 0.3105418934397904 
2744143284 1.42594e-08 0.3133389635488989 
678688578 1.419561e-08 0.3105418934397904 
1301910447 1.419561e-08 0.3105418934397904 
2855048822 1.419561e-08 0.3105418934397904 
238807518 1.419561e-08 0.3105418934397904 
481400394 1.4e-08 0.3009086862809159 
3284371529 1.4e-08 0.0 
3378187523 1.405713e-08 0.29600013671982967 
771038762 4.217139e-08 0.29600013671982967 
3607398139 1.405713e-08 0.29600013671982967 
927207199 1.4e-08 0.30077868566767546 
2231250662 1.4e-08 0.30142861537022947 
2606270759 1.437364e-08 0.39676430364429316 
2972065009 1.4e-08 0.295439534301552 
4052933330 1.4e-08 0.2960028039562107 
2437059955 1.4e-08 0.3240932133376276 
445707895 1.73027e-08 0.32368406559663065 
3750558344 1.73027e-08 0.32368406559663065 
480183180 1.4e-08 0.31226342648512895 
1678023283 1.4e-08 0.30979895264902996 
2118254765 1.4e-08 0.298801148383488 
3446120764 1.4e-08 0.3033423403826603 
1937837823 1.4e-08 0.29509601204149927 
2252599940 1.4e-08 0.31488082913805876 
2922107309 1.4e-08 0.29497473828951676 
917430777 1.4e-08 0.29777850170115655 
3767002695 1.4e-08 0.3026607158122953 
