179097684 6.6469335e-07 0.30896505158973625 
3373526895 2.0874e-06 0.3011477612468832 
2246051850 1.89285224e-06 0.30164354259529846 
1465560917 2.40254824e-06 0.3013592869930149 
2519559028 3.0700996e-07 0.300000031474059 
3498415124 2.442015e-08 0.3661709160390414 
3555679070 4.241835e-08 0.30000001002661364 
2408568032 2.791e-08 0.3 
1156624510 2.791e-08 0.3 
333964007 1.948061e-08 0.30009718622396614 
2250879299 2.791e-08 0.3 
1878784256 1.4e-08 0.0 
1664502715 2.791e-08 0.3 
3176785673 1.7628289999999997e-08 0.2712040452470182 
2261252686 2.428462e-08 0.2653361422324309 
199935986 2.791e-08 0.3 
3838279446 4.241835e-08 0.30000001002661364 
251961497 2.791e-08 0.3 
728028737 2.791e-08 0.3 
921425487 2.791e-08 0.3 
3245569981 2.791e-08 0.3 
2729381062 2.791e-08 0.3 
2707128518 1.450835e-08 0.3000000293150088 
2312786130 1.450835e-08 0.3000000293150088 
3375523036 1.450835e-08 0.3000000293150088 
451270221 1.4e-08 0.30000000000000004 
2250775120 2.091e-08 0.30000000000000004 
2159618959 1.466094e-08 0.2999999653785444 
3401497744 1.466094e-08 0.2999999653785444 
432337108 1.466094e-08 0.2999999653785444 
4209590891 1.466094e-08 0.2999999653785444 
3986570268 1.466094e-08 0.2999999653785444 
174500547 1.466094e-08 0.2999999653785444 
1370908750 2.091e-08 0.4004304160688666 
976558236 2.091e-08 0.2986497964187658 
2438291630 2.091e-08 0.2986497964187658 
3121292019 1.912697e-08 0.3130025335973562 
1950077488 1.828632e-08 0.34603430903737775 
3111692719 1.6572319999999997e-08 0.34506027103619075 
3332562587 1.4e-08 0.2980901442969235 
3929228125 1.420918e-08 0.2835820932986075 
766581564 1.409711e-08 0.41189278723611494 
1743198400 1.402176e-08 0.29999994309441097 
3952655669 1.402176e-08 0.29999994309441097 
896813269 2.804352e-08 0.29999994309441097 
1736323711 1.402176e-08 0.29999994309441097 
1199222225 1.402176e-08 0.29999994309441097 
3492274228 1.402176e-08 0.29999994309441097 
1420914473 1.402176e-08 0.29999994309441097 
1086559163 1.402176e-08 0.29999994309441097 
3063534263 1.402176e-08 0.29999994309441097 
4167430602 1.402176e-08 0.29999994309441097 
1896745001 1.4e-08 0.2996418716500078 
2369258877 1.4e-08 0.29955650660249256 
2589646060 1.412929e-08 0.2983136430882911 
463844675 1.412929e-08 0.29831364308829106 
627452446 2.819153e-08 0.2982301940150324 
3202152185 1.412929e-08 0.29831364308829106 
2185291493 1.412929e-08 0.29831364308829106 
4287239676 1.412929e-08 0.29831364308829106 
1237914369 1.425858e-08 0.30079998123313734 
1831065885 1.412929e-08 0.2983136430882911 
1553963666 1.412929e-08 0.2983136430882911 
2649056468 1.412929e-08 0.29831364308829106 
552498239 1.425858e-08 0.29909666636724735 
114837353 2.825858e-08 0.2983136430882911 
1850435983 4.4003140000000005e-08 0.287040600631377 
2426951832 1.406224e-08 0.2981463470492359 
3089865955 1.406224e-08 0.2981463470492359 
2654473721 1.406224e-08 0.29814634704923587 
2704180049 1.406224e-08 0.2981463470492359 
771359632 1.406224e-08 0.2981463470492359 
4186562710 1.406224e-08 0.2981463470492359 
1922039940 1.406224e-08 0.2981463470492359 
2472898255 1.406224e-08 0.2981463470492359 
3459912306 1.406224e-08 0.2981463470492359 
1598213090 1.406224e-08 0.2981463470492359 
1298902656 1.406224e-08 0.2981463470492359 
3532628785 1.406224e-08 0.29814634704923587 
3190311976 2.812448e-08 0.29814634704923587 
841878026 1.406224e-08 0.2981463470492359 
3177521820 1.406224e-08 0.2981463470492359 
3363025910 1.406224e-08 0.2981463470492359 
96665495 1.406224e-08 0.2981463470492359 
149784911 1.406224e-08 0.2981463470492359 
3279439195 1.716753e-08 0.05355710194481075 
2208266878 1.4e-08 0.297086916304647 
3715668764 1.791666e-08 0.3142222081663577 
3418547556 1.791666e-08 0.31401589546350867 
3270476896 1.463615e-08 0.2069536368600598 
3934203265 2.081091e-08 0.24087957740614818 
1323984060 1.4e-08 0.2952901372771626 
4197927596 1.4e-08 0.2918340754150146 
1414892502 1.4e-08 0.33650091503363216 
4201342597 1.4e-08 0.2988684856982845 
3590332688 1.4e-08 0.33332648154741473 
1745749016 1.4e-08 0.6005200227292942 
2933223072 1.4e-08 0.298313643088291 
1987038079 1.660898e-08 0.021728796973119167 
3797386594 1.489992e-08 0.29116190707063583 
1280619132 1.4e-08 0.25253156197033466 
4105879141 1.4e-08 0.2957813822779095 
