179097684 5.7382443e-07 0.30152951305038656 
3534547045 8.8682118e-07 0.31444678948484783 
3921011129 1.1522688300000002e-06 0.29453048631989953 
2340740170 1.992716e-06 0.3057292537788151 
1572835533 2.23288273e-06 0.30088624738491737 
2555962951 1.04667e-06 0.2994006751034637 
2718413753 2.38759e-08 0.3224941988920048 
2937387076 1.4e-08 0.0 
1593891639 2.791e-08 0.3 
3357643131 2.791e-08 0.3 
1503861029 2.791e-08 0.3 
1651612823 2.791e-08 0.3 
3382444416 2.791e-08 0.3 
315200650 2.791e-08 0.3 
3490627259 2.791e-08 0.3 
4188445920 2.791e-08 0.3 
199935986 1.4e-08 0.22861231441833138 
126484229 2.791e-08 0.3 
2768642543 2.791e-08 0.3 
2729381062 2.791e-08 0.3 
1452489764 1.528496e-08 0.012718559547321574 
690117576 2.0377539999999998e-08 0.4065889548685887 
821115011 1.437985e-08 0.1973565744750207 
4004407106 1.4e-08 0.0 
1382686479 1.46505e-08 0.29999998045666393 
1803925302 1.46505e-08 0.29999998045666393 
4209590891 1.46505e-08 0.29999998045666393 
395113485 1.424198e-08 0.2999999857492631 
4019363830 1.424198e-08 0.2999999857492631 
921818415 1.424198e-08 0.2999999857492631 
2286860921 1.424198e-08 0.2999999857492631 
3653734512 1.518296e-08 0.2952564600240991 
1869365069 2.091e-08 0.4004304160688666 
1950077488 1.622723e-08 0.2792274688243046 
4119421155 1.423543e-08 0.28534018668324035 
1913762779 1.423543e-08 0.28534018668324035 
3929228125 1.423543e-08 0.28534018668324035 
2883513480 1.423543e-08 0.28534018668324035 
301219709 2.074068e-08 0.3767754530489052 
37051273 1.428025e-08 0.4470562389902262 
3633199892 1.4e-08 0.0 
1199222225 1.402564e-08 0.4705805584615436 
439844059 1.4e-08 0.2871794229936358 
3012889883 1.732534e-08 0.43555959602585553 
4167430602 1.494762e-08 0.20414264123134299 
781549661 1.521614e-08 0.4252286506700544 
907719639 1.521614e-08 0.4252286506700544 
2789348510 1.432177e-08 0.2551931864673141 
3563522875 1.432177e-08 0.2551931864673141 
1292023300 1.835587e-08 0.23578173515209938 
3314075649 1.98083e-08 0.28599951189692824 
2681498831 1.4e-08 0.0 
463844675 4.324875e-08 0.2923924442796091 
2014426858 1.4e-08 0.2509335381397991 
3607413901 1.4e-08 0.2801910772587088 
1674415855 1.459313e-08 0.37902605979157844 
1960974751 1.4e-08 0.3767776524104909 
309459595 1.4e-08 0.3322323732949372 
3180086772 1.545949e-08 0.11472189752500324 
3833074883 1.545949e-08 0.11472189752500324 
1462644303 1.4e-08 0.1926490036829141 
