179097684 4.7894061e-07 0.2951504851318636 
3921011129 1.0529590300000002e-06 0.3011004683926044 
3150846686 2.63791477e-06 0.3001414077571927 
545239233 2.139872e-06 0.30249390989455854 
1222799196 3.450772e-06 0.29941358363289566 
426576124 3.4994260999999996e-07 0.30089018761013303 
618276123 3.2426337e-07 0.309033111450552 
905418128 2.2334360000000002e-08 0.34477050203729803 
790319072 4.235748e-08 0.3 
2440120768 2.791e-08 0.3 
732124878 2.791e-08 0.3 
1878784256 2.791e-08 0.3 
290926289 5.582e-08 0.3 
129185354 2.663349e-08 0.3048319814302794 
2261252686 2.791e-08 0.3 
3833318790 3.22704e-08 0.28582870981315045 
2545005546 1.4000000000000003e-08 0.0 
266059373 2.791e-08 0.3 
879162223 1.411483e-08 0.30000000772430574 
4253718737 2.183063e-08 0.3295200367556961 
3653734512 2.091e-08 0.4004304160688666 
1405660995 1.404397e-08 0.3000000165353037 
250719570 1.4000010000000003e-08 0.15416266775960508 
2719204682 1.4e-08 0.30025292924320846 
3449694611 1.4e-08 0.2999999999999998 
2341758500 1.457958e-08 0.3724579455685221 
3967778277 1.464215e-08 0.2999989911425565 
2670951229 1.464215e-08 0.2999989911425565 
381652938 1.632472e-08 0.3489448244646346 
1965662198 2.202734e-08 0.3259312843430629 
3279439195 1.4e-08 0.41105227897688423 
3284371529 1.415617e-08 0.2666162143696065 
2655011401 1.4e-08 0.277626 
3879652638 1.462484e-08 0.0720211508676558 
1629863604 1.637141e-08 0.45903526181975207 
1501621654 1.4e-08 0.28395513264263567 
213831427 1.4e-08 0.29737493972326107 
4148810631 1.401449e-08 0.29864949955272047 
2056593038 1.401449e-08 0.29864949955272047 
3863839146 1.401449e-08 0.29864949955272047 
834694043 1.4e-08 0.35418681992486384 
1972280475 1.4921619999999998e-08 0.22497801048466004 
3269595313 1.4e-08 0.5980718557656113 
1780437574 1.4e-08 0.18651448932859638 
3654632673 1.4e-08 0.0 
1367591863 1.4e-08 0.2980834610101457 
3019838765 1.407809e-08 0.11248234827150431 
1411431829 1.4e-08 0.2671972881485352 
36058418 1.4e-08 0.478391065017442 
2830063464 1.4e-08 0.29955427170142934 
3548864168 1.869811e-08 0.366368857122251 
2983660352 1.4e-08 0.2980416324103886 
2299185056 1.719831e-08 0.4097115814048967 
3737371746 1.719831e-08 0.4097115814048967 
