3534547045 1.70413463e-06 0.2947118249767163 
3373526895 3.43315087e-06 0.29667538422222617 
2799798816 2.9093520000000004e-06 0.30903189203614134 
618276123 2.931e-07 0.299897245485419 
197654791 1.4e-08 0.24762653850686658 
3988949870 2.791e-08 0.3 
315200650 2.791e-08 0.3 
3736894086 2.295127e-08 0.18965482848674833 
3490627259 2.791e-08 0.3 
911013108 2.791e-08 0.3 
3475245566 3.598829e-08 0.35611357496956597 
3869596591 1.4e-08 0.2186708981917608 
879162223 1.438751e-08 0.3063764026347588 
3528332227 2.820263e-08 0.30213483346231385 
3149440925 1.420263e-08 0.3042391207979131 
134948105 1.420263e-08 0.3042391207979131 
174500547 1.75631e-08 0.48545530117120567 
3678948817 1.907266e-08 0.2606377613131068 
3952655669 1.418488e-08 0.3050923658642883 
1736323711 1.4680690000000001e-08 0.3024052102832094 
781549661 1.4e-08 0.32271746068178114 
2597880038 1.405558e-08 0.1571424194134979 
4285226245 1.427777e-08 0.23239276449359322 
2707460946 1.432938e-08 0.23295734551384073 
2719204682 1.44804e-08 0.23957649329752195 
1055469694 1.44075e-08 0.23434885979126097 
2716949832 1.427777e-08 0.23239276449359322 
1061526795 1.4e-08 0.29950471631480013 
695939830 1.4e-08 0.0 
73116178 1.412973e-08 0.3211581743100827 
2766526296 1.4e-08 0.0 
110439229 1.433431e-08 0.3312151558919231 
1449522982 1.425753e-08 0.33441253971092727 
360107933 1.418121e-08 0.33447235880489723 
470332523 1.4275090000000001e-08 0.3322727043687708 
3217169414 1.418121e-08 0.33447235880489723 
3418547556 1.4588700000000001e-08 0.3338891431825624 
4263904522 1.41531e-08 0.3095249155106479 
762210064 1.41531e-08 0.3095249155106479 
964813250 1.416939e-08 0.3093288615630091 
3971437066 1.41531e-08 0.3095249155106479 
2855048822 1.471371e-08 0.30090645900119206 
2197427154 1.837396e-08 0.25989135985985373 
4185666246 1.4e-08 0.3218218358108625 
1924091726 1.4781e-08 0.4821960752889935 
3822766993 1.4e-08 0.4368558977229966 
3730019172 1.4e-08 0.32112659723897385 
1501621654 1.4e-08 0.3035098370472112 
3673394291 1.58131e-08 0.5357024477918062 
3320450569 1.913994e-08 0.4578595117855409 
4148810631 1.4e-08 0.31684140529637517 
1140472632 1.4e-08 0.4057544707247684 
933412597 2.811668e-08 0.38604749786431664 
3962269793 1.40228e-08 0.5554859437071605 
604674024 1.4e-08 0.0 
921835634 1.4e-08 0.314867735021029 
4081327903 1.4e-08 0.30197407726526804 
2118254765 1.414142e-08 0.23366699934876536 
3580551846 1.414142e-08 0.23366699934876536 
3416864524 1.55585e-08 0.2609208451765232 
2130045942 1.4e-08 0.32383336170335425 
14462253 1.4e-08 0.46238314752402454 
1937837823 1.4e-08 0.323027927039494 
2252599940 1.715942e-08 0.32667521959975876 
2922107309 1.715942e-08 0.32667521959975876 
