3534547045 1.188637e-06 0.30234155187247785 
2235064901 3.3310810000000003e-06 0.3015935801911189 
1572835533 5.41263502e-06 0.29910922634434 
2519559028 8.9573568e-07 0.3528043050076049 
2620740164 1.3999999999999998e-08 0.0 
2326007700 1.4e-08 0.0 
1104410542 1.472778e-08 0.3000000088545012 
3869596591 1.498425e-08 0.311981188942199 
2848685905 1.425981e-08 0.3000000487371649 
3707800333 1.46505e-08 0.3000000488583511 
309459595 1.518632e-08 0.289415125968587 
1323984060 1.4e-08 0.29904928310534384 
1987038079 1.450596e-08 0.3000000358294558 
3797386594 1.450596e-08 0.3000000358294558 
241690685 1.76573e-08 0.30999299989606355 
2810179169 1.444e-08 0.30007585066614456 
213831427 2.091e-08 0.29999983876755376 
3320450569 1.4e-08 0.3137346784258624 
1268185054 1.4e-08 0.31411751100835944 
4108567391 1.1203798000000001e-07 0.30685272419823467 
3132125139 1.426768e-08 0.2848589649210992 
3242796679 1.426768e-08 0.2848589649210992 
444974319 1.426768e-08 0.2848589649210992 
3734593757 1.426768e-08 0.2848589649210992 
111235536 1.426768e-08 0.2848589649210992 
1490861810 1.426768e-08 0.2848589649210992 
845186953 1.426768e-08 0.2848589649210992 
2279859862 1.426768e-08 0.2848589649210992 
1407916447 1.426768e-08 0.2848589649210992 
3539250331 2.853536e-08 0.2848589649210992 
2929070229 1.426768e-08 0.2848589649210992 
368451981 1.426768e-08 0.2848589649210992 
2937776487 1.426768e-08 0.2848589649210992 
4232177374 1.426768e-08 0.2848589649210992 
34775558 1.426768e-08 0.2848589649210992 
747443871 1.426768e-08 0.2848589649210992 
2640871332 1.426768e-08 0.2848589649210992 
1056843563 1.426768e-08 0.2848589649210992 
303951786 1.426768e-08 0.2848589649210992 
834694043 1.426768e-08 0.2848589649210992 
3563967453 1.426768e-08 0.2848589649210992 
1235889872 1.990768e-08 0.15222183808675696 
3775520932 1.990768e-08 0.15222183808675696 
3568714221 1.4e-08 0.28078549928851626 
