179097684 4.2101331e-07 0.2994700505111262 
3534547045 1.34022998e-06 0.30354079069665724 
3921011129 1.34195935e-06 0.296100920061167 
545239233 1.22343481e-06 0.3000615723066562 
1465560917 2.539681e-06 0.2958355178478522 
4259593397 2.5649368799999997e-06 0.3010908870628388 
2519559028 7.5873166e-07 0.3202507288256072 
790319072 2.791e-08 0.3 
741863299 2.480531e-08 0.28988843832198424 
739080713 2.791e-08 0.3 
2620740164 2.791e-08 0.3 
1239791232 4.249495e-08 0.30000000849034625 
1664502715 2.791e-08 0.3 
921425487 7.066723e-08 0.29999997059409755 
3707879645 1.82884e-08 0.416577093836971 
3604532305 1.458495e-08 0.3000000247376124 
965372172 1.458495e-08 0.3000000247376124 
3160344427 1.590942e-08 0.0 
2674988631 1.484723e-08 0.29999986003896534 
2683944377 1.484723e-08 0.29999986003896534 
2024675612 1.607932e-08 0.4248505261844225 
1462644303 1.43697e-08 0.2913421992108394 
2649056468 1.710469e-08 0.3110149953036936 
1089013536 1.407213e-08 0.4111891770325444 
552498239 1.462918e-08 0.2899952687179277 
481049431 1.401288e-08 0.2899952687179277 
2353028958 1.401288e-08 0.2899952687179277 
3449694611 1.401288e-08 0.2899952687179277 
1194638860 1.401288e-08 0.2899952687179277 
2341758500 1.401288e-08 0.2899952687179277 
2780384598 1.401288e-08 0.2899952687179277 
3342541004 1.401288e-08 0.2899952687179277 
1577969976 1.401288e-08 0.2899952687179277 
695939830 1.401288e-08 0.2899952687179277 
19131048 1.401288e-08 0.2899952687179277 
2426951832 1.401288e-08 0.2899952687179277 
3526559023 1.401288e-08 0.2899952687179277 
73116178 1.401288e-08 0.2899952687179277 
2789301560 1.401288e-08 0.2899952687179277 
224410298 1.401288e-08 0.2899952687179277 
2704180049 1.401288e-08 0.2899952687179277 
