179097684 5.8830259e-07 0.30042382264046386 
3534547045 7.2631324e-07 0.29501274998896115 
3921011129 1.23673904e-06 0.3044903359337616 
2235064901 7.5944679e-07 0.29909220853489166 
2340740170 3.9273210000000004e-06 0.30040260459226875 
2246051850 1.7276610899999999e-06 0.3015993016057495 
2799798816 1.8999560800000002e-06 0.3015361798850032 
618276123 2.931e-07 0.29859744118031617 
811613008 2.5334319999999997e-08 0.2933407933141012 
3108364485 2.791e-08 0.3 
2795063678 1.465413e-08 0.3000000248050073 
845665321 1.428206e-08 0.4470377299736804 
395113485 2.838548e-08 0.3231342455529167 
3633199892 1.429914e-08 0.2993874354223341 
439844059 1.458727e-08 0.29999993212922393 
2024675612 1.4e-08 0.2844173466674938 
3433591204 2.8728916e-07 0.30176652883601285 
4256642775 1.467745e-08 0.2999940594409777 
393090083 1.424864e-08 0.290885513636757 
3607413901 1.399999e-08 0.16633656928479326 
3381587904 1.415404e-08 0.31761530872964894 
19131048 1.415404e-08 0.31761530872964894 
2654473721 1.430808e-08 0.32280317432010547 
2747938267 1.4e-08 0.3192291312840291 
1923515514 1.779916e-08 0.2525703339018133 
96665495 1.458569e-08 0.35263768332222606 
360107933 1.4e-08 0.3109451299471767 
4138371369 1.420862e-08 0.40066775054802384 
