116.3477 1 545239233 3.0701e-07 636961411 
276.5963 1 2178051842 5.582e-08 3621383820 
302.6248 1 3373526895 3.0701e-07 632754209 
406.0949 1 1347872676 5.582e-08 129185354 
592.569 1 486050091 5.582e-08 1134175585 
689.2136 0 1584276479 2.791e-08 1738899943 
877.4255 1 1572835533 3.0701e-07 2693713428 
947.3061 1 3775452048 5.582e-08 1037584679 
949.5345 1 3732071459 5.582e-08 482917538 
1077.159 1 3150846686 3.0701e-07 3232700421 
1520.312 1 2799798816 3.0701e-07 659524895 
1816.474 1 545239233 3.3492e-07 3121047530 
2202.484 1 1661091397 5.582e-08 925199572 
2770.799 1 545239233 3.6283e-07 3114612365 
2797.138 0 1572835533 3.0701e-07 2870037616 
3226.922 1 3732071459 8.373e-08 941534069 
3611.276 1 3150846686 3.3492e-07 257754683 
4214.671 0 780264402 2.791e-08 582973675 
4357.501 1 1541946641 5.582e-08 3497999925 
4371.809 1 2799798816 3.3492e-07 1503861029 
4415.095 1 858320168 5.582e-08 3841896594 
4709.136 1 1222799196 3.0701e-07 1434498202 
5283.409 1 1075699702 3.0701e-07 1593850299 
5569.806 1 3326748277 5.582e-08 3616865126 
6368.443 0 3534547045 2.791e-07 582973675 
6700.959 0 1222799196 3.0701e-07 3774459889 
6709.282 0 3534547045 2.791e-07 582973675 
6716.633 0 3709881891 2.791e-08 2669757562 
7812.156 1 1572835533 3.3492e-07 770580294 
8883.591 0 1661091397 5.582e-08 3126241903 
9115.42 0 2835620284 2.791e-08 287801793 
9348.863 0 780264402 2.791e-08 1731090175 
9658.651 1 3921011129 3.0701e-07 1494141940 
10037.63 1 2835620284 5.582e-08 287801793 
10706.22 1 545239233 3.9073999999999996e-07 1425083048 
10890.11 1 486050091 8.373e-08 387772665 
10904.37 1 3004792470 3.0701e-07 3736601249 
11224.75 0 2246051850 2.791e-07 561528368 
11459.07 1 2799798816 3.6283e-07 1963165541 
11489.16 1 2038493855 5.582e-08 2349140130 
11617.79 1 4259593397 3.0701e-07 1327969783 
13239.0 1 2246051850 3.0701e-07 561528368 
13619.72 1 2984600922 3.0701e-07 1878784256 
14704.5 1 2246051850 3.3492e-07 2718413753 
14771.43 1 2984600922 3.3492e-07 3988949870 
15038.64 1 3921011129 3.6283e-07 2178051842 
15528.82 1 3373526895 3.6283e-07 858320168 
15877.64 1 2340740170 3.0701e-07 1321648343 
17270.4 1 1465560917 3.0701e-07 259930472 
18374.28 1 545239233 4.1865e-07 2409063466 
18664.49 1 3921011129 3.9073999999999996e-07 3061883439 
18903.03 1 2038493855 8.373e-08 2528553283 
20375.26 1 2246051850 3.6283e-07 1481166135 
20532.64 1 3373526895 3.9073999999999996e-07 2455496064 
20636.28 1 4046076794 5.582e-08 3129006749 
23266.96 2 3534547045 2.791e-07 1661091397 3687573659 1.4e-08 3196256300 2.091e-08 848448836 2.091e-08 
23304.92 1 3534547045 3.0001e-07 848448836 
23313.47 1 3534547045 3.1401e-07 3687573659 
24099.83 1 1572835533 3.6283e-07 717226258 
24399.58 0 3373526895 3.9074e-07 3257166052 
24420.23 1 3921011129 4.7447e-07 486050091 
25518.02 1 1222799196 3.3492e-07 2408568032 
25779.45 1 3921011129 5.0238e-07 1584276479 
26177.02 1 1572835533 3.9073999999999996e-07 6723929 
26270.29 1 1465560917 3.3492e-07 3555679070 
26301.09 1 3373526895 4.1865e-07 3257166052 
26818.43 1 1572835533 4.1865e-07 1502094437 
29015.23 1 3373526895 4.4656e-07 1631081845 
29224.97 1 3150846686 3.6283e-07 725558489 
30867.05 0 3919821980 2.791e-08 3126241903 
34580.63 1 4031050948 3.0701e-07 888311950 
34664.5 1 3921011129 5.302900000000001e-07 1379399837 
36311.17 1 1465560917 3.6283e-07 3357643131 
36825.51 1 3921011129 5.582e-07 870323177 
37358.31 0 3938221642 2.791e-08 3196256300 
37737.89 1 3938221642 5.582e-08 582973675 
42457.36 1 1572835533 4.4656e-07 949068759 
44359.83 1 1222799196 3.6283e-07 2542835646 
44587.47 0 2038493855 8.373e-08 3196256300 
45409.94 1 1075699702 3.6283e-07 1541946641 
47821.35 0 476505668 2.791e-07 29350397 
50140.51 0 1465560917 3.6283e-07 2870037616 
54381.61 0 2669757562 2.791e-08 825415804 
54617.5 0 1572835533 4.4656e-07 343742982 
57565.17 1 2235064901 3.3492e-07 3326748277 
57630.11 0 476505668 2.791e-07 3708838243 
57675.43 1 2519559028 3.0701e-07 4188445920 
59159.07 1 2799798816 3.9073999999999996e-07 3953846011 
60484.12 0 1790255658 2.791e-08 197654791 
62218.96 0 2235064901 3.3492e-07 780264402 
63442.0 0 2859795595 2.791e-08 3126241903 
64318.38 0 4252347608 2.791e-08 1206764858 
64759.76 0 331336395 2.791e-08 1735432893 
68001.38 0 2235064901 3.3492e-07 4263717482 
72085.49 1 2984600922 6.419299999999999e-07 3004792470 
75356.11 1 1572835533 4.7447e-07 3241671100 
76867.26 0 1075699702 3.6283e-07 2205180068 
77413.88 1 3921011129 5.8611e-07 3908154577 
77493.4 0 3747246174 2.791e-08 2406269022 
84866.95 0 2466232951 2.791e-08 511603307 
88471.53 1 1465560917 3.9073999999999996e-07 1227575429 
88609.18 1 3373526895 4.7447e-07 3126241903 
89158.92 1 3800257563 3.0701e-07 90391199 
91714.54 0 1415695418 2.791e-08 392861532 
93761.18 0 3747246174 2.791e-08 862710978 
94994.75 0 3534547045 3.1401e-07 3919821980 
95734.6 0 4259593397 3.0701e-07 810769555 
97272.61 0 179097684 2.791e-07 4252347608 
102888.2 1 179097684 3.0701e-07 4252347608 
103791.0 3 2984600922 6.4192996e-07 2555962951 2211003714 1.4e-08 2916276788 1.472778e-08 3696193412 1.472778e-08 15308464 1.472778e-08 1239307652 1.472778e-08 1945448119 1.472778e-08 3396227953 1.472778e-08 3321237907 1.472778e-08 3187199216 1.472778e-08 3330100144 1.472778e-08 310481256 1.472778e-08 817087088 1.472778e-08 551137729 1.472778e-08 1218250404 1.472778e-08 1035956119 1.472778e-08 1211996162 1.472778e-08 188552836 1.472778e-08 2029773149 1.472778e-08 302486611 1.472778e-08 
104166.7 1 2984600922 6.5665778e-07 3696193412 
104750.7 1 4259593397 3.3492e-07 838860310 
106741.9 0 3747246174 2.791e-08 1206764858 
109196.7 3 331336395 2.099466e-08 3889879026 1842102965 1.741267e-08 1285693762 1.741267e-08 
109562.6 1 2038493855 1.1164e-07 3749853089 
111167.2 0 3534547045 3.1401e-07 331336395 
111375.0 3 545239233 4.186499300000001e-07 3150846686 1078741991 1.228443e-07 2723643411 1.411681e-08 1804212609 1.411681e-08 438292632 1.411681e-08 2001290253 1.411681e-08 3147695692 1.411681e-08 3179285865 1.411681e-08 2173231515 1.411681e-08 740082705 1.411681e-08 2795063678 1.411681e-08 3642829293 1.411681e-08 2707128518 1.411681e-08 474866315 1.411681e-08 1639799867 1.411681e-08 1026028388 1.411681e-08 1128056158 1.411681e-08 2909632847 1.411681e-08 937177227 1.411681e-08 
111375.0 1 1078741991 1.3696110999999998e-07 937177227 
111375.0 1 1078741991 1.5107791e-07 2723643411 
114442.6 1 2984600922 6.7138558e-07 1035956119 
115155.8 0 2466232951 2.791e-08 1156624510 
115577.1 1 1078741991 1.789879e-07 4263717482 
116820.0 1 3534547045 3.3142267e-07 1842102965 
116898.1 1 3534547045 3.5241736e-07 331336395 
117093.9 0 2984600922 6.713856e-07 3330100144 
119616.6 1 40245973 4.202681e-08 3642829293 
124112.4 1 2984600922 6.992956e-07 2261252686 
126790.6 0 3498415124 2.791e-08 245436729 
129422.1 1 3707189490 4.202681e-08 2909632847 
130775.3 1 3373526895 5.0238e-07 1735432893 
131713.0 0 1572835533 4.7447e-07 3774459889 
132654.3 2 2340740170 3.0701002e-07 1078741991 3393811039 1.522604e-08 611212867 1.488744e-08 1104410542 1.488744e-08 2328232000 1.488744e-08 2999719241 1.488744e-08 1931993247 1.488744e-08 1494850122 1.488744e-08 3414514926 1.488744e-08 2312786130 1.488744e-08 3537925318 1.488744e-08 1634407402 1.488744e-08 3869596591 1.488744e-08 
133170.5 0 2038493855 1.1164e-07 1285693762 
133194.1 0 3921011129 5.8611e-07 778035964 
133486.8 0 2038493855 1.1164e-07 1731090175 
133704.0 0 2038493855 1.1164e-07 1731090175 
138831.2 0 1123501568 2.791e-08 1128056158 
142816.6 1 1222799196 3.9073999999999996e-07 790319072 
144304.7 0 2340740170 3.0701e-07 245436729 
144342.9 0 739080713 2.791e-08 1019134040 
144626.7 1 1068020906 0.0009545791 476505668 
149072.2 0 2038493855 1.1164e-07 3800234335 
149222.5 0 2984600922 6.992956e-07 3519923770 
150329.5 0 916523109 2.791e-08 2911053862 
150470.3 1 4259593397 3.6283e-07 2870158420 
150952.5 0 2246051850 3.6283e-07 1123501568 
154533.5 2 3534547045 3.5241732e-07 2038493855 3375523036 1.4e-08 772925454 1.627333e-08 2215785330 1.627333e-08 3491092596 1.627333e-08 57770090 1.627333e-08 3071577057 1.627333e-08 1452489764 1.627333e-08 
155514.0 1 3534547045 3.6869062999999996e-07 772925454 
165962.1 1 3534547045 3.8496403e-07 3071577057 
166056.9 0 2340740170 3.0701e-07 1494850122 
166779.3 0 1572835533 4.7447e-07 242414939 
171100.6 0 474866315 1.411681e-08 2173231515 
171232.1 1 3534547045 4.0123732999999996e-07 2215785330 
171425.4 0 3196256300 2.091e-08 3375523036 
172943.7 3 1738899943 2.5765949999999998e-08 1128056158 4260098875 1.626086e-08 
177082.2 1 2340740170 3.4903681e-07 3707189490 
179077.2 0 2835620284 5.582e-08 3150420704 
179386.1 1 3373526895 5.302900000000001e-07 3116505811 
179995.6 0 3921011129 5.8611e-07 3421887303 
180485.9 0 1494850122 1.488744e-08 1104410542 
182116.8 0 3919821980 2.791e-08 3375523036 
182359.5 0 3373526895 5.3029e-07 2859795595 
182784.3 1 4031050948 3.3492e-07 3382444416 
184571.1 0 2125112500 2.791e-08 1738899943 
185863.6 3 1507417240 1.4e-08 1986278615 3696843781 2.091e-08 2138100036 2.091e-08 
185871.1 1 2340740170 4.0485679999999997e-07 2835620284 
186798.6 2 3869596591 1.500425e-08 474866315 1726701215 1.4e-08 
188162.5 0 3800234335 2.791e-08 1731090175 
190381.7 0 443746396 2.791e-08 732124878 
193240.2 0 2504591099 2.791e-08 2263814062 
196933.5 0 2340740170 4.048568e-07 3147695692 
198229.0 0 3921011129 5.8611e-07 3150420704 
199181.9 0 780264402 2.791e-08 4260098875 
199221.3 1 373638573 1.00000002791 3919026803 
208446.0 0 211811971 2.791e-08 2308721517 
208740.9 3 3938221642 2.340518e-08 3196256300 1412415798 1.777494e-08 375852842 1.777494e-08 3593732192 1.777494e-08 
210469.8 0 3938221642 2.340519e-08 57770090 
213468.8 1 545239233 4.4656e-07 2859795595 
217441.1 0 3921011129 5.8611e-07 2707128518 
217660.5 0 3800234335 2.791e-08 2393342300 
222893.2 1 1068020906 0.0009546070100000001 2681375347 
224401.8 0 3534547045 4.012373e-07 1452489764 
226121.9 0 1075699702 3.6283e-07 2205180068 
226966.9 1 545239233 4.6067681e-07 740082705 
227154.7 1 3534547045 4.1751063e-07 1452489764 
227454.2 1 1465560917 4.0485681e-07 438292632 
228770.4 1 1572835533 5.0238e-07 873214132 
229750.1 0 545239233 4.606768e-07 1804212609 
234796.8 0 1731090175 2.791e-08 2393342300 
235475.8 0 3534547045 4.175107e-07 3593732192 
236567.1 1 3534547045 4.3528564e-07 375852842 
244113.5 0 3921011129 5.8611e-07 2795063678 
261119.4 1 3747246174 5.582e-08 862710978 
263366.4 0 2406269022 2.791e-08 1206764858 
264780.3 2 2984600922 6.992956e-07 1347872676 3888264012 1.4e-08 313359544 2.091e-08 217284033 2.091e-08 
267362.8 0 40245973 4.202681e-08 688805295 
270497.9 1 2984600922 7.140233800000001e-07 2916276788 
274372.0 1 3921011129 9.2103e-07 2235064901 
276407.0 1 3921011129 9.3514681e-07 3147695692 
277222.1 1 3534547045 4.492856e-07 3375523036 
279307.9 0 545239233 4.606768e-07 2999719241 
283693.8 1 1465560917 4.1974424e-07 1634407402 
284715.9 0 905418128 2.791e-08 3393811039 
284726.9 1 545239233 4.7479361e-07 3179285865 
284907.2 0 1458665800 2.791e-08 15308464 
285823.4 0 3534547045 4.492856e-07 1412415798 
286942.6 0 4061687915 2.791e-08 405521437 
287015.5 1 4031050948 3.6283e-07 199935986 
288220.7 3 2620740164 1.4000010000000001e-08 1639799867 2151269300 1.40134e-08 3913511150 1.40134e-08 
288531.2 0 197654791 2.791e-08 3696843781 
288835.5 1 1068020906 0.00095463491 3481866093 
289649.0 0 3800234335 2.791e-08 3491092596 
290143.7 1 3534547045 4.7269079e-07 3938221642 
294265.1 1 1068020906 0.00095466281 3475245566 
294803.7 1 3921011129 9.4926361e-07 2173231515 
298762.5 1 1572835533 5.302900000000001e-07 2932274237 
301591.8 1 2340740170 4.1974424e-07 2312786130 
303607.6 1 2799798816 7.8148e-07 1222799196 
306953.6 1 3921011129 9.6552446e-07 4260098875 
309153.3 1 3490627259 4.263778e-08 3396227953 
314445.3 0 1731090175 2.791e-08 2406269022 
316194.7 1 1068020906 0.00095469071 3015378843 
318459.8 1 2984600922 7.5666108e-07 3490627259 
319054.5 1 3534547045 4.9046574e-07 1412415798 
328385.5 1 2799798816 7.962077800000001e-07 3321237907 
334251.5 0 4122240121 2.791e-08 245436729 
335743.6 3 2246051850 3.0196772e-07 3736894086 2962530363 1.479538e-08 2063946235 1.479538e-08 1172086036 1.479538e-08 690117576 1.479538e-08 3288380490 1.479538e-08 845665321 1.479538e-08 
336117.7 1 2246051850 3.1676308000000004e-07 845665321 
338484.7 1 545239233 5.027036e-07 2937387076 
339792.6 3 3747246174 1.4e-08 1206764858 3122982648 1.74325e-08 1471982444 1.74325e-08 3303338876 1.74325e-08 2875471576 1.74325e-08 
342583.4 1 2984600922 7.845711000000001e-07 315200650 
342603.3 1 3303338876 3.4865e-08 1471982444 
352660.0 0 2246051850 3.167631e-07 690117576 
355782.1 0 3303338876 3.4865e-08 3122982648 
360167.8 0 4031050948 3.6283e-07 2729381062 
365717.3 1 2246051850 3.446731e-07 3071234124 
366531.9 1 1516068388 4.279744e-08 2999719241 
368704.7 0 2779686750 2.791e-08 780264402 
373011.8 1 2984600922 1.1474011e-06 4031050948 
375831.7 0 3303338876 3.4865e-08 2875471576 
379848.4 0 1738899943 2.576595e-08 3414514926 
380634.2 1 2340740170 4.6177101e-07 40245973 
381650.2 2 545239233 5.027036599999999e-07 2246051850 1738909006 1.460528e-07 356405251 1.418716e-08 2879167783 1.418716e-08 3083352544 1.418716e-08 4198169764 1.418716e-08 821115011 1.418716e-08 2118016430 1.418716e-08 1945735688 1.418716e-08 4093093422 1.418716e-08 2842015324 1.418716e-08 1249238030 1.418716e-08 3214077756 1.418716e-08 879162223 1.418716e-08 3884425642 1.418716e-08 1149406307 1.418716e-08 
381650.3 1 1738909006 1.6023996e-07 1149406307 
381650.3 1 1738909006 1.7442716e-07 356405251 
382213.4 1 545239233 6.771307e-07 1738909006 
383365.6 0 2737363250 2.791e-08 3288380490 
384270.6 1 4259593397 3.7755778e-07 817087088 
385325.7 0 545239233 6.771308e-07 1726701215 
386861.1 1 545239233 6.9131796e-07 3083352544 
388171.8 1 2519559028 3.3492e-07 2906924538 
389598.6 3 1572835533 5.302899200000001e-07 4259593397 3528332227 1.512488e-08 4004407106 1.449732e-08 451270221 1.449732e-08 3149440925 1.449732e-08 2250775120 1.449732e-08 1130108289 1.449732e-08 2177968201 1.449732e-08 2914302410 1.449732e-08 3655816389 1.449732e-08 3485819286 1.449732e-08 1382686479 1.449732e-08 1803925302 1.449732e-08 3293059020 1.449732e-08 378125977 1.449732e-08 2159618959 1.449732e-08 2441325815 1.449732e-08 3401497744 1.449732e-08 4069401935 1.449732e-08 134948105 1.449732e-08 1998372786 1.449732e-08 2455922112 1.449732e-08 3059103076 1.449732e-08 432337108 1.449732e-08 1902671923 1.449732e-08 4209590891 1.449732e-08 77395223 1.449732e-08 
390081.1 1 2466232951 4.240732e-08 3401497744 
390756.5 1 545239233 7.0550506e-07 821115011 
392612.0 1 545239233 7.203004800000001e-07 2962530363 
392790.0 0 1572835533 5.3029e-07 1382686479 
392976.0 0 3732071459 8.373e-08 4198169764 
393654.5 3 2308721517 2.6596850000000002e-08 1804212609 3592986772 1.542996e-08 
393995.5 0 1075699702 3.6283e-07 2029773149 
394899.9 0 3732071459 8.373e-08 3933289935 
395697.9 1 1572835533 5.4478732e-07 3149440925 
395858.9 0 3534547045 4.904657e-07 3800234335 
397369.5 1 3737780296 2.931e-07 2620740164 
398045.0 1 1068020906 0.0009547186100000001 2729381062 
401366.5 0 3921011129 9.655245e-07 4198169764 
401803.2 0 911013108 2.791e-08 2298477853 
402818.0 1 545239233 7.3448766e-07 2879167783 
404306.8 0 211811971 2.791e-08 378125977 
404681.5 2 545239233 7.344876e-07 3732071459 1246511018 1.4e-08 3986570268 1.74325e-08 174500547 1.74325e-08 4083845756 1.74325e-08 110358663 1.74325e-08 
404974.3 0 333964007 2.791e-08 1458665800 
407400.4 1 1068020906 0.0009547466100000001 1128709694 
408502.2 0 1593891639 2.791e-08 343742982 
408802.6 0 545239233 7.344876e-07 1444500749 
411668.8 1 1068020906 0.00095477451 997905375 
412088.2 1 179097684 3.2101e-07 3747246174 
412394.1 0 3534547045 4.904657e-07 3800234335 
412765.4 0 741863299 2.791e-08 1790255658 
415094.7 0 3393811039 1.522604e-08 1246511018 
417222.4 1 3891448235 5.582e-08 384163328 
420085.6 0 2308721517 2.659684e-08 3592986772 
423690.9 1 2340740170 4.896811e-07 2737363250 
424783.3 0 2455922112 1.449732e-08 3655816389 
425008.4 1 2799798816 8.241178000000001e-07 953296898 
428047.3 0 164438789 2.791e-08 2151269300 
428530.6 2 1738899943 2.665339e-08 3537925318 1370908750 1.4e-08 
430414.3 3 2125112500 2.791e-08 1246511018 1837234470 1.4e-08 
432649.4 0 3592986772 1.542996e-08 2118016430 
434581.8 3 4226750145 1.4e-08 2441325815 2945849429 1.420366e-08 66296937 1.420366e-08 
434772.4 0 3534547045 4.904657e-07 3800234335 
436911.1 1 3534547045 5.183757e-07 3800234335 
439119.8 3 1458432161 2.592315e-08 451270221 976558236 1.648417e-08 
442889.8 0 780264402 2.791e-08 611212867 
443892.3 1 1572835533 9.076173000000001e-07 1075699702 
446293.2 0 869234806 2.791e-08 1130108289 
459385.0 0 3534547045 5.183757e-07 3424908067 
462624.9 0 2779686750 2.791e-08 57770090 
462899.0 2 1572835533 1.71166858e-06 2799798816 2438291630 2.006652e-08 
470839.8 0 545239233 7.344876e-07 3884425642 
472627.0 0 1572835533 1.711669e-06 134948105 
472657.3 0 879162223 1.418716e-08 3214077756 
473973.3 1 545239233 7.499175600000001e-07 3592986772 
474774.0 0 1465560917 4.197442e-07 3498415124 
475020.4 0 1731090175 2.791e-08 2875471576 
486120.9 0 2984600922 1.147401e-06 188552836 
490649.0 0 2984600922 1.147401e-06 265770918 
491475.9 0 688805295 2.791e-08 690117576 
492533.9 0 1572835533 1.711669e-06 77395223 
500245.4 2 1572835533 2.10128622e-06 1465560917 906368509 1.506349e-08 3783228500 1.506349e-08 
500271.2 1 1572835533 2.11634949e-06 906368509 
503649.8 0 102901530 2.791e-08 879162223 
514461.4 0 174500547 1.74325e-08 2151269300 
519180.3 0 598947138 2.791e-08 1382686479 
523107.2 3 43001897 1.4e-08 1239791232 2858952728 2.091e-08 395113485 2.091e-08 
527915.8 0 405521437 2.791e-08 780264402 
528876.7 3 2074240873 2.791e-08 1370908750 4019363830 1.4e-08 
534608.7 0 2001290253 1.411681e-08 2151269300 
535670.0 1 1572835533 2.144259e-06 4061687915 
544412.0 0 3428193420 2.791e-08 15308464 
546887.1 1 3373526895 5.582e-07 2779686750 
553567.2 0 3414514926 1.488744e-08 3655816389 
554642.0 1 1572835533 2.15875632e-06 1902671923 
556439.0 0 3519923770 2.791e-08 66296937 
558058.3 1 373638573 1.00000002791 164438789 
560872.0 0 3921011129 9.655245e-07 778035964 
562815.8 0 3696843781 2.091e-08 2177968201 
564678.4 1 2480932170 4.209716e-08 2842015324 
567013.7 1 373638573 1.000000014 2211003714 
570043.2 1 2340740170 5.0386826e-07 3884425642 
580417.3 0 1593891639 2.791e-08 2308721517 
591550.2 3 4046076794 4.27537e-08 3986570268 3016084464 1.52494e-08 921818415 1.52494e-08 
592714.8 2 1931993247 1.50746e-08 3214077756 2892683898 1.4e-08 
593453.3 1 4046076794 6.867685e-08 1458432161 
599327.6 0 3424908067 2.791e-08 3122982648 
610413.8 1 1572835533 2.17325432e-06 432337108 
610723.1 0 1572835533 2.173254e-06 2029773149 
617657.7 0 1493201942 2.791e-08 2393342300 
626388.2 0 3393811039 1.522604e-08 2795063678 
628513.6 2 2504591099 4.012954e-08 869234806 3697249003 1.569046e-08 
630132.3 0 1572835533 2.173254e-06 741863299 
632959.0 0 2984600922 1.147401e-06 2911053862 
640310.5 3 3428193420 1.4e-08 102901530 3983774618 2.091e-08 4187488967 2.091e-08 
640572.3 0 3393811039 1.522604e-08 1172086036 
652837.1 1 1572835533 2.18775132e-06 2250775120 
660404.1 0 545239233 7.499176e-07 4083845756 
662014.5 0 326805806 2.791e-08 1593891639 
662726.6 1 3921011129 9.934345e-07 3919821980 
666093.5 2 3122982648 2.084517e-08 1285693762 898751805 1.4e-08 
672861.1 2 3983774618 2.43425e-08 4083845756 3632514288 1.4e-08 
682790.3 0 179097684 3.2101e-07 1731090175 
683092.3 1 1572835533 2.21434784e-06 2308721517 
683693.2 1 545239233 7.778276000000001e-07 1444500749 
683694.1 1 3534547045 5.462857000000001e-07 1731090175 
694732.5 1 1572835533 2.2422580000000002e-06 314650893 
709233.1 1 3534547045 5.6048936e-07 2945849429 
714643.4 3 2393342300 1.9173520000000003e-08 3704423751 410848061 1.832324e-08 2791633391 1.832324e-08 
714654.4 0 2791633391 1.832324e-08 410848061 
715643.8 0 290926289 2.791e-08 1130108289 
718364.7 0 3534547045 5.604894e-07 3491092596 
721157.0 0 110358663 1.74325e-08 3655816389 
723433.3 0 3414514926 1.488744e-08 1026028388 
723907.2 0 3491092596 1.627333e-08 1130108289 
732891.2 1 1572835533 2.25675532e-06 3655816389 
733341.4 1 1516068388 6.022994e-08 174500547 
734757.2 1 1572835533 2.27087181e-06 2001290253 
741547.6 1 2984600922 1.175311e-06 1434594601 
746763.9 1 2984600922 1.2032210000000001e-06 2440120768 
747428.2 0 2710766136 2.791e-08 3696843781 
748858.9 1 2504591099 6.803954e-08 2451350669 
750962.5 1 373638573 1.00000001449732 1130108289 
752525.9 0 179097684 3.2101e-07 2393342300 
755960.8 0 688805295 2.791e-08 302486611 
759584.3 1 3921011129 1.0082298800000001e-06 1172086036 
763390.3 0 1593891639 2.791e-08 2795063678 
764000.9 3 4122240121 1.4e-08 378125977 630280293 1.420366e-08 4212779140 1.420366e-08 
773708.5 1 2340740170 5.317782e-07 1593891639 
782271.1 0 179097684 3.2101e-07 2393342300 
801409.8 1 1572835533 2.284872e-06 4226750145 
805282.0 3 1945735688 1.418716e-08 4122240121 3459374364 1.4e-08 
809782.0 0 405521437 2.791e-08 134948105 
811158.2 0 2340740170 5.317782e-07 1837234470 
815931.6 3 3775452048 3.655841999999999e-08 3020817656 2125331604 1.572386e-08 3113062634 1.572386e-08 847040419 1.572386e-08 
816040.6 0 3113062634 1.572386e-08 2125331604 
817340.2 1 545239233 7.9283185e-07 3869596591 
818455.8 0 3122982648 2.084517e-08 898751805 
822832.6 3 3737780296 2.6471688e-07 333964007 4240624600 1.407328e-08 1565786989 1.407328e-08 2286860921 1.407328e-08 3707879645 1.407328e-08 
823900.0 1 2263814062 4.8819999999999996e-08 2858952728 
833445.4 0 2504591099 6.803954e-08 630280293 
839763.9 1 373638573 1.00000002791 598947138 
840133.1 1 545239233 8.0755958e-07 2029773149 
843279.4 2 2875471576 1.970583e-08 57770090 2746930994 1.4e-08 
844018.1 1 1572835533 2.312782e-06 810769555 
846155.2 2 3891448235 6.448165e-08 1123501568 4075596975 1.924835e-08 
850651.9 3 3424908067 2.5972379999999998e-08 410848061 4283280385 2.026086e-08 
851268.4 1 1572835533 2.340692e-06 2870037616 
853032.9 0 3424908067 2.597238e-08 2707128518 
860582.3 0 3838279446 2.791e-08 1998372786 
862489.2 0 3534547045 5.604894e-07 2746930994 
870500.2 3 3775452048 3.16586e-08 2791633391 538453177 2.322305e-08 
872378.9 0 2046083849 2.791e-08 3187199216 
876498.7 0 4231632140 2.791e-08 4283280385 
878829.4 0 3921011129 1.00823e-06 905418128 
881163.0 1 179097684 3.3673386e-07 847040419 
884790.5 3 1458665800 2.791e-08 2746930994 3121292019 1.4e-08 
889550.7 1 179097684 3.507339e-07 898751805 
889829.3 0 2919643181 2.791e-08 3414514926 
891135.1 0 1026028388 1.411681e-08 3459374364 
905143.7 1 3921011129 1.02223e-06 4019363830 
915331.1 1 545239233 8.215596e-07 3459374364 
919051.1 0 3373526895 5.582e-07 3491092596 
922603.6 2 1494850122 1.5615220000000002e-08 3187199216 3349724438 1.4e-08 
923008.3 3 179097684 3.5057334e-07 3113062634 4253718737 1.588442e-08 
936485.5 1 545239233 8.3644704e-07 3414514926 
939343.7 0 2328232000 1.488744e-08 2151269300 
939744.1 0 3534547045 5.604894e-07 2875471576 
941131.2 0 545239233 8.364471e-07 690117576 
944066.7 0 741863299 2.791e-08 343742982 
951251.8 1 3373526895 5.7381522e-07 1494850122 
955952.3 1 3737780296 3.0712421999999997e-07 2466232951 
961401.9 1 373638573 1.00000001569046 3697249003 
968121.4 1 2340740170 5.457782e-07 2892683898 
971076.3 2 1382686479 1.4614130000000001e-08 1026028388 3297362622 1.4e-08 
976410.4 1 1068020906 0.0009547885 3888264012 
979831.9 1 3373526895 5.9703825e-07 538453177 
982838.7 0 3921011129 1.02223e-06 3491092596 
987117.7 0 916523109 2.791e-08 3528332227 
996321.2 3 1651612823 1.4000000000000003e-08 395113485 1751902433 1.741e-08 2878871175 1.741e-08 
996839.2 1 179097684 3.6974683e-07 2393342300 
1007162.0 0 1019134040 2.791e-08 2438291630 
1016676.0 3 3775452048 1.4e-08 3593732192 3083717413 1.771677e-08 220564665 1.771677e-08 
1020194.0 0 905418128 2.791e-08 1382686479 
1021524.0 0 220564665 1.771677e-08 2707128518 
1027495.0 1 3534547045 5.883994e-07 2406269022 
1029192.0 3 741863299 1.4e-08 2159618959 3653734512 1.420366e-08 3815024321 1.420366e-08 
1030475.0 0 3303338876 3.4865e-08 3424908067 
1039894.0 0 3491092596 1.627333e-08 4253718737 
1044986.0 1 179097684 3.8563122e-07 4253718737 
1050977.0 2 179097684 3.856312e-07 3303338876 1428265047 1.4e-08 3604532305 2.0865e-08 
1057889.0 1 373638573 1.00000002791 3823443426 
1057946.0 0 179097684 3.856312e-07 3604532305 
1058844.0 1 179097684 3.996312e-07 1428265047 
1060101.0 1 3373526895 6.2301068e-07 3424908067 
1072516.0 2 3393811039 1.5413199999999998e-08 1249238030 1869365069 1.4e-08 
1075694.0 0 2914302410 1.449732e-08 4004407106 
1082873.0 0 3373526895 6.230106e-07 3775452048 
1088664.0 0 1572835533 2.340692e-06 3783228500 
1089328.0 0 2340740170 5.457782e-07 134948105 
1096995.0 1 179097684 4.204962e-07 3604532305 
1102248.0 3 2125112500 2.323071e-08 3393811039 965372172 2.009249e-08 
1105357.0 0 2519559028 3.3492e-07 843517319 
1124697.0 3 780264402 2.5828079999999997e-08 4093093422 607396504 1.626908e-08 
1126013.0 2 1751902433 1.86594e-08 921818415 2533881277 1.4e-08 
1131410.0 1 373638573 1.00000002791 1790255658 
1134931.0 0 2875471576 1.970583e-08 220564665 
1142814.0 3 405521437 2.791e-08 3349724438 472358284 1.4e-08 
1142904.0 3 2487301543 1.4e-08 3293059020 1950077488 1.420366e-08 1820499179 1.420366e-08 
1149401.0 1 3921011129 1.03672732e-06 77395223 
1162398.0 1 3373526895 6.375079200000001e-07 134948105 
1172094.0 0 405521437 2.791e-08 472358284 
1181267.0 3 3150420704 1.3999989999999996e-08 3491092596 4055959668 1.509167e-08 528880979 1.509167e-08 
1184234.0 1 2340740170 5.716062800000001e-07 780264402 
1201803.0 1 2984600922 1.21729428e-06 1565786989 
1204061.0 0 1493201942 2.791e-08 220564665 
1205322.0 1 1572835533 2.3546920000000003e-06 3121292019 
1208087.0 0 916523109 2.791e-08 1156624510 
1212960.0 3 905418128 1.43161e-08 2063946235 3778036871 1.419464e-08 1405660995 1.419464e-08 
1215349.0 1 3534547045 6.023994e-07 3150420704 
1217448.0 0 905418128 1.431611e-08 1405660995 
1221981.0 0 3921011129 1.036727e-06 3421887303 
1235777.0 0 302486611 1.472778e-08 1837234470 
1239023.0 0 2504591099 6.803954e-08 3913511150 
1240724.0 1 3921011129 1.0646370000000001e-06 3421887303 
1246758.0 1 1572835533 2.368692e-06 2487301543 
1249598.0 2 179097684 4.3284671000000004e-07 4231632140 3662110242 1.555949e-08 
1250662.0 0 179097684 4.328468e-07 3662110242 
1250677.0 1 179097684 4.4840629e-07 3662110242 
1278680.0 0 528880979 1.509167e-08 4055959668 
1280254.0 0 2710766136 2.791e-08 310481256 
1280511.0 2 1931993247 1.5261759999999998e-08 879162223 2247026945 1.4e-08 
1288147.0 0 4187488967 2.091e-08 1820499179 
1288672.0 3 1493201942 1.400001e-08 4055959668 4032129539 1.450083e-08 4035587434 1.450083e-08 
1302943.0 1 3373526895 6.5323186e-07 2125331604 
1313431.0 0 343742982 2.791e-08 688805295 
1360650.0 0 2125112500 2.323071e-08 4283280385 
1360917.0 0 2118016430 1.418716e-08 472358284 
1365549.0 2 4283280385 2.037767e-08 2707128518 3111692719 1.4e-08 
1371233.0 2 965372172 2.027965e-08 2118016430 1398579088 1.4e-08 
1404707.0 3 843517319 1.4e-08 2878871175 2501379955 1.566e-08 3332562587 1.566e-08 
1417094.0 1 545239233 8.506417400000001e-07 3778036871 
1423294.0 0 3373526895 6.532318e-07 778035964 
1429488.0 1 3534547045 6.1749107e-07 528880979 
1447991.0 3 343742982 1.4e-08 3288380490 3562383954 1.435269e-08 2521380987 1.435269e-08 
1467993.0 3 4035587434 1.450083e-08 1869365069 4119421155 1.4e-08 
1472776.0 1 2669757562 4.240732e-08 3059103076 
1491572.0 2 2984600922 1.4785457700000001e-06 3737780296 1913762779 1.529081e-08 3678948817 1.529081e-08 2489195127 1.529081e-08 
1495685.0 0 3891448235 6.448165e-08 611212867 
1500376.0 1 2984600922 1.49383681e-06 1913762779 
1502316.0 2 1218250404 1.493144e-08 1820499179 3929228125 1.4e-08 
1507304.0 0 2340740170 5.716063e-07 611212867 
1509955.0 0 1738899943 2.665339e-08 3122982648 
1522326.0 1 3534547045 6.3520787e-07 3083717413 
1525007.0 3 545239233 8.506416000000003e-07 2340740170 3160344427 1.4e-08 3182159117 1.42976e-08 766581564 1.42976e-08 3702894340 1.42976e-08 3532745758 1.42976e-08 1072840122 1.42976e-08 3294683754 1.42976e-08 1676003954 1.42976e-08 4285585893 1.42976e-08 2674988631 1.42976e-08 406745133 1.42976e-08 2883513480 1.42976e-08 783121895 1.42976e-08 2683944377 1.42976e-08 2961226102 1.42976e-08 301219709 1.42976e-08 1743198400 1.42976e-08 3059144981 1.42976e-08 3952655669 1.42976e-08 2848685905 1.42976e-08 1826422368 1.42976e-08 896813269 1.42976e-08 37051273 1.42976e-08 1867247157 1.42976e-08 3633199892 1.42976e-08 1736323711 1.42976e-08 283080478 1.42976e-08 785216844 1.42976e-08 3006103420 1.42976e-08 2898323513 1.42976e-08 1199222225 1.42976e-08 3755198008 1.42976e-08 2795041644 1.42976e-08 3492274228 1.42976e-08 1420914473 1.42976e-08 439844059 1.42976e-08 3802520055 1.42976e-08 3012889883 1.42976e-08 3363823620 1.42976e-08 1086559163 1.42976e-08 
1528121.0 0 439844059 1.42976e-08 3952655669 
1528706.0 0 545239233 8.506417e-07 2898323513 
1531246.0 0 2984600922 1.493837e-06 3824069879 
1531912.0 1 545239233 8.649393e-07 783121895 
1532043.0 0 545239233 8.649393e-07 2898323513 
1533720.0 0 3012889883 1.42976e-08 785216844 
1536351.0 0 2504591099 6.803954e-08 1736323711 
1538387.0 0 3084497907 2.791e-08 2125112500 
1541133.0 0 179097684 4.484062e-07 1218250404 
1544803.0 3 3498415124 1.400001e-08 4075596975 3063534263 1.657917e-08 2013640095 1.657917e-08 
1545572.0 1 545239233 8.792369e-07 406745133 
1546152.0 1 545239233 8.935345e-07 301219709 
1552051.0 2 302486611 1.502538e-08 3006103420 1461359102 1.4e-08 
1553351.0 1 373638573 1.000000014 1837234470 
1554175.0 3 2919643181 1.4000000000000001e-08 2848685905 2027098952 1.41038e-08 4167430602 1.41038e-08 
1554550.0 1 545239233 9.078321e-07 283080478 
1556680.0 1 545239233 9.221297e-07 3012889883 
1558094.0 1 545239233 9.364273e-07 896813269 
1562890.0 0 2961226102 1.42976e-08 3498415124 
1564171.0 1 545239233 9.507249e-07 3633199892 
1573984.0 1 545239233 9.650225e-07 1743198400 
1576059.0 3 2480932170 3.786392e-08 3182159117 4096225443 1.853084e-08 
1576924.0 1 545239233 9.793201e-07 3952655669 
1580959.0 0 545239233 9.793201e-07 1867247157 
1583570.0 1 545239233 9.936177e-07 3294683754 
1584744.0 1 545239233 1.0079153e-06 1420914473 
1586122.0 1 545239233 1.0222126e-06 439844059 
1592110.0 0 245436729 2.791e-08 2919643181 
1594887.0 1 545239233 1.0365106e-06 3059144981 
1597845.0 0 1736323711 1.42976e-08 2961226102 
1607226.0 3 220564665 1.771677e-08 1398579088 781549661 1.4e-08 
1609684.0 0 1676003954 1.42976e-08 1945735688 
1610264.0 0 545239233 1.03651e-06 1072840122 
1610671.0 1 220564665 3.171677e-08 781549661 
1612253.0 0 179097684 4.484062e-07 3122982648 
1620302.0 3 3160344427 1.4e-08 3929228125 907719639 1.4e-08 
1620401.0 1 3921011129 1.0789345999999999e-06 2961226102 
1624347.0 0 545239233 1.03651e-06 630280293 
1624985.0 0 4285585893 1.42976e-08 66296937 
1629052.0 1 3921011129 1.0930388e-06 4167430602 
1635856.0 3 2074240873 1.4e-08 630280293 1906851972 1.405683e-08 2597880038 1.405683e-08 
1644069.0 0 1405660995 1.419464e-08 2027098952 
1651695.0 1 545239233 1.0508076e-06 785216844 
1654884.0 1 3373526895 6.7360947e-07 4283280385 
1656876.0 1 1068020906 0.00095480270366 66296937 
1657812.0 0 1826422368 1.42976e-08 343742982 
1661872.0 2 2914302410 1.479492e-08 1867247157 1896745001 1.4e-08 
1667482.0 3 916523109 1.3999999999999998e-08 2027098952 2378434411 1.40069e-08 1837088337 1.40069e-08 
1675446.0 1 3824069879 5.582e-08 732124878 
1675607.0 0 3373526895 6.736095e-07 1086559163 
1676879.0 1 545239233 1.0651056e-06 2683944377 
1681259.0 3 110358663 1.74325e-08 3632514288 1543523724 1.4e-08 
1681802.0 0 545239233 1.065106e-06 1931993247 
1682108.0 2 4032129539 1.4557660000000001e-08 1906851972 1761715697 1.4e-08 
1682404.0 0 4032129539 1.455766e-08 1761715697 
1686025.0 0 965372172 2.027965e-08 2328232000 
1687404.0 3 220564665 1.4000009999999996e-08 37051273 3099973400 1.600718e-08 2789348510 1.600718e-08 
1702715.0 0 4198169764 1.418716e-08 907719639 
1705078.0 0 3921011129 1.093039e-06 3462747 
1712765.0 1 3373526895 6.876095e-07 1493201942 
1715784.0 3 2789348510 1.600718e-08 3775452048 1371202285 1.4e-08 
1719682.0 1 545239233 1.08833671e-06 2125112500 
1719781.0 3 778035964 1.3999999999999998e-08 611212867 629078091 1.439872e-08 754560055 1.439872e-08 
1723112.0 3 3492274228 1.42976e-08 907719639 1737134642 1.4e-08 
1726958.0 1 545239233 1.10253966e-06 4212779140 
1740693.0 0 1405660995 1.419464e-08 3498415124 
1741221.0 1 2480932170 5.216152e-08 2898323513 
1741820.0 0 3921011129 1.093039e-06 1738899943 
1750806.0 1 373638573 1.0000000140134 3913511150 
1756748.0 1 3534547045 6.5605297e-07 3122982648 
1769790.0 0 3921011129 1.093039e-06 302486611 
1769833.0 1 3534547045 6.70053e-07 2074240873 
1772923.0 0 3099973400 1.600718e-08 3297362622 
1772980.0 1 3921011129 1.107039e-06 1737134642 
1776936.0 2 1086559163 1.435443e-08 2597880038 37613351 1.4e-08 
1781325.0 0 545239233 1.10254e-06 3492274228 
1782206.0 3 511603307 1.4000000000000001e-08 1826422368 3434666020 1.41038e-08 2369258877 1.41038e-08 
1791450.0 0 179097684 4.484062e-07 754560055 
1803260.0 1 1572835533 2.3826920000000003e-06 916523109 
1809289.0 1 3921011129 1.1213366e-06 3755198008 
1810770.0 1 1516068388 7.422993999999999e-08 1896745001 
1814248.0 3 2789348510 1.600718e-08 1761715697 3563522875 1.4e-08 
1819891.0 1 1572835533 2.3979413999999998e-06 3016084464 
1826825.0 1 373638573 1.00000004882 2263814062 
1826926.0 1 2789348510 3.000718e-08 3563522875 
1827890.0 0 1072840122 1.42976e-08 343742982 
1831099.0 0 4032129539 1.455766e-08 629078091 
1833868.0 3 4285585893 1.42976e-08 3297362622 249728555 1.4e-08 
1836361.0 0 179097684 4.484062e-07 4032129539 
1842409.0 1 545239233 1.11654e-06 343742982 
1845476.0 2 607396504 1.6566680000000003e-08 2883513480 4285226245 1.4e-08 
1847718.0 1 3921011129 1.1353359999999999e-06 1461359102 
1848189.0 2 4096225443 1.860412e-08 4240624600 2707460946 1.4e-08 
1849817.0 0 179097684 4.484062e-07 754560055 
1849851.0 0 179097684 4.484062e-07 754560055 
1863629.0 3 3891448235 1.4000009999999996e-08 2533881277 2606325002 1.612041e-08 1541925803 1.612041e-08 2024675612 1.612041e-08 1292023300 1.612041e-08 
1863713.0 1 3921011129 1.149336e-06 778035964 
1866180.0 1 3534547045 6.84053e-07 3111692719 
1870473.0 3 2669757562 2.8079939999999998e-08 2378434411 3302973195 1.416714e-08 875106938 1.416714e-08 
1874166.0 1 3534547045 6.98053e-07 37613351 
1884003.0 1 3373526895 7.078891500000001e-07 965372172 
1898445.0 3 2504591099 1.399999000000001e-08 2298477853 3314075649 1.638991e-08 2589646060 1.638991e-08 3433591204 1.638991e-08 1848242772 1.638991e-08 250719570 1.638991e-08 
1903876.0 1 373638573 1.00000002091 217284033 
1911653.0 2 976558236 1.6985e-08 4035587434 2681498831 1.4e-08 
1916548.0 1 976558236 3.0984999999999996e-08 2681498831 
1919141.0 1 545239233 1.13054e-06 2247026945 
1920142.0 3 3433591204 1.638991e-08 3160344427 481808867 1.4e-08 
1920268.0 3 4285585893 1.42976e-08 3891448235 2066612683 1.4e-08 
1921248.0 2 3373526895 7.078891e-07 2789348510 3458484829 1.4e-08 2719204682 1.600718e-08 
1921436.0 1 3373526895 7.2389628e-07 2719204682 
1924297.0 1 3373526895 7.378963e-07 3458484829 
1926689.0 2 1072840122 1.437088e-08 2286860921 4256642775 1.4e-08 
1927529.0 0 545239233 1.13054e-06 4096225443 
1937933.0 3 405521437 1.399999e-08 1292023300 2449448537 1.501521e-08 463844675 1.501521e-08 
1938632.0 0 463844675 1.501521e-08 2449448537 
1947316.0 1 2984600922 1.509497e-06 3332562587 
1948255.0 1 545239233 1.1448376e-06 3363823620 
1954926.0 1 1572835533 2.41452117e-06 2013640095 
1955323.0 0 545239233 1.144838e-06 1382686479 
1967090.0 3 976558236 2.7295270000000004e-08 3433591204 3167902617 2.007964e-08 
1968436.0 1 545239233 1.16122791e-06 250719570 
1970512.0 1 545239233 1.17624321e-06 463844675 
1979110.0 1 545239233 1.19484712e-06 4096225443 
1987516.0 2 1751902433 1.8957000000000002e-08 1676003954 579073438 1.4e-08 
1989060.0 1 1572835533 2.428521e-06 1543523724 
1989748.0 1 1572835533 2.44510017e-06 3063534263 
2014372.0 1 545239233 1.20905066e-06 1950077488 
2014845.0 1 3921011129 1.16368869e-06 3562383954 
2017544.0 1 2480932170 6.645912e-08 1199222225 
2024155.0 0 3373526895 7.378963e-07 472358284 
2025386.0 2 1848242772 1.6557050000000003e-08 3302973195 3468130899 1.4e-08 
2032547.0 1 2519559028 3.6283e-07 911013108 
2033759.0 1 373638573 1.00000002791 300193622 
2037798.0 1 545239233 1.2231548e-06 3434666020 
2043151.0 3 3933289935 2.64427e-08 3167902617 393090083 2.154694e-08 
2055468.0 0 2480932170 6.645912e-08 1945735688 
2061731.0 1 2519559028 3.7849e-07 2501379955 
2062940.0 1 3373526895 7.658063e-07 1458665800 
2064245.0 3 3099973400 1.600718e-08 4285226245 2343849308 1.4e-08 
2065524.0 0 3933289935 2.64427e-08 2589646060 
2065583.0 1 545239233 1.23816921e-06 2449448537 
2066460.0 0 3373526895 7.658063e-07 976558236 
2070460.0 1 3373526895 7.818134800000001e-07 3099973400 
2088085.0 0 179097684 4.484062e-07 2875471576 
2088130.0 0 179097684 4.484062e-07 2875471576 
2090338.0 1 373638573 1.00000001420366 3653734512 
2095682.0 0 1572835533 2.4451e-06 3279231079 
2097020.0 1 2984600922 1.52399432e-06 4069401935 
2098866.0 0 3084497907 2.791e-08 1726701215 
2105098.0 2 3534547045 9.756542000000001e-07 179097684 1055469694 1.423375e-08 627452446 1.423375e-08 2014426858 1.423375e-08 2716949832 1.423375e-08 552634658 1.423375e-08 3736523900 1.423375e-08 2213923665 1.423375e-08 1503202005 1.423375e-08 3202152185 1.423375e-08 2622395779 1.423375e-08 3607413901 1.423375e-08 649593533 1.423375e-08 
2105177.0 1 3534547045 9.8988805e-07 3202152185 
2105296.0 0 3534547045 9.89888e-07 1055469694 
2105304.0 1 3534547045 1.00412175e-06 627452446 
2105625.0 1 3534547045 1.01835575e-06 1055469694 
2106318.0 1 3534547045 1.03258975e-06 2213923665 
2106688.0 3 2480932170 3.1518759999999995e-08 4032129539 66987975 1.649934e-08 483021244 1.649934e-08 3707800333 1.649934e-08 
2108277.0 1 3534547045 1.04682275e-06 2716949832 
2108881.0 0 3534547045 1.046823e-06 3607413901 
2110091.0 1 3534547045 1.0610567500000001e-06 3607413901 
2111367.0 1 3534547045 1.07529075e-06 2014426858 
2112632.0 1 3534547045 1.0895247500000001e-06 552634658 
2112683.0 0 3921011129 1.163689e-06 483021244 
2115815.0 1 3373526895 7.9831284e-07 483021244 
2118994.0 3 2205180068 1.4e-08 1211996162 3528190190 1.431889e-08 2185291493 1.431889e-08 
2121684.0 0 3707800333 1.649934e-08 249728555 
2124010.0 1 3373526895 8.247555e-07 3933289935 
2136113.0 0 545239233 1.23817e-06 688805295 
2139306.0 1 3373526895 8.4125484e-07 3707800333 
2142336.0 1 3534547045 1.10375775e-06 2622395779 
2146173.0 1 3921011129 1.19520777e-06 2480932170 
2146408.0 0 3921011129 1.195208e-06 66987975 
2164644.0 0 649593533 1.423375e-08 3736523900 
2167987.0 0 976558236 2.729527e-08 1405660995 
2171036.0 1 1572835533 2.4591000000000003e-06 481808867 
2175132.0 1 545239233 1.25217e-06 2707460946 
2179761.0 0 3921011129 1.195208e-06 3802520055 
2202506.0 1 3373526895 8.5775424e-07 66987975 
2219668.0 0 545239233 1.25217e-06 3802520055 
2223758.0 1 3373526895 8.717541999999999e-07 2343849308 
2226353.0 1 3534547045 1.11799175e-06 649593533 
2231952.0 0 1572835533 2.4591e-06 2919643181 
2233991.0 0 3037779432 2.791e-08 1239307652 
2243875.0 1 3373526895 8.867795800000001e-07 302486611 
2252479.0 0 545239233 1.25217e-06 4285585893 
2254703.0 0 3802520055 1.42976e-08 2795063678 
2264077.0 1 2204676502 0.00028572091 2138100036 
2322112.0 1 3534547045 1.13222575e-06 3736523900 
2332131.0 0 607396504 1.656668e-08 2328232000 
2335714.0 3 1516068388 1.399999000000001e-08 4285585893 550176535 1.490551e-08 1674415855 1.490551e-08 4287239676 1.490551e-08 3884987045 1.490551e-08 1960974751 1.490551e-08 
2339548.0 0 3534547045 1.132225e-06 1503202005 
2351390.0 0 1572835533 2.4591e-06 3532745758 
2360246.0 1 3534547045 1.14645875e-06 1503202005 
2363104.0 0 1572835533 2.4591e-06 3528190190 
2364531.0 2 545239233 1.2521702299999986e-06 3921011129 309459595 6.548697e-08 2348040613 1.412151e-08 3180086772 1.412151e-08 3833074883 1.412151e-08 1462644303 1.412151e-08 4088625113 1.412151e-08 1237914369 1.412151e-08 2733144751 1.412151e-08 1649557018 1.412151e-08 1831065885 1.412151e-08 79461789 1.412151e-08 1621314342 1.412151e-08 2016090987 1.412151e-08 1553963666 1.412151e-08 1002680420 1.412151e-08 734120091 1.412151e-08 2475979558 1.412151e-08 2649056468 1.412151e-08 3381587904 1.412151e-08 175860597 1.412151e-08 1089013536 1.412151e-08 552498239 1.412151e-08 481049431 1.412151e-08 2950407739 1.412151e-08 72955594 1.412151e-08 1771264541 1.412151e-08 2353028958 1.412151e-08 2980075456 1.412151e-08 3449694611 1.412151e-08 1194638860 1.412151e-08 114837353 1.412151e-08 2341758500 1.412151e-08 651046398 1.412151e-08 2780384598 1.412151e-08 1061526795 1.412151e-08 3342541004 1.412151e-08 1577969976 1.412151e-08 695939830 1.412151e-08 229435916 1.412151e-08 1850435983 1.412151e-08 19131048 1.412151e-08 2426951832 1.412151e-08 3089865955 1.412151e-08 3526559023 1.412151e-08 73116178 1.412151e-08 2654473721 1.412151e-08 2564127097 1.412151e-08 3554620561 1.412151e-08 2789301560 1.412151e-08 3201932102 1.412151e-08 3527214469 1.412151e-08 224410298 1.412151e-08 3967778277 1.412151e-08 1759850032 1.412151e-08 2704180049 1.412151e-08 287394855 1.412151e-08 2670951229 1.412151e-08 2367820772 1.412151e-08 771359632 1.412151e-08 4186562710 1.412151e-08 3211480542 1.412151e-08 346987663 1.412151e-08 1922039940 1.412151e-08 2110688926 1.412151e-08 1314810707 1.412151e-08 2472898255 1.412151e-08 3459912306 1.412151e-08 1598213090 1.412151e-08 1495382923 1.412151e-08 722767024 1.412151e-08 515125813 1.412151e-08 1298902656 1.412151e-08 3532628785 1.412151e-08 826924968 1.412151e-08 3190311976 1.412151e-08 841878026 1.412151e-08 2747938267 1.412151e-08 3177521820 1.412151e-08 3363025910 1.412151e-08 1290268226 1.412151e-08 764400056 1.412151e-08 
2364531.0 1 309459595 7.960848e-08 764400056 
2364531.0 1 309459595 9.372999e-08 2348040613 
2364531.0 1 309459595 1.0785149e-07 3180086772 
2364531.0 1 309459595 1.2197301e-07 1290268226 
2364531.0 1 309459595 1.3609451e-07 3363025910 
2364531.0 1 309459595 1.5021600999999998e-07 3833074883 
2364532.0 1 3211480542 2.824302e-08 4186562710 
2364534.0 1 2367820772 2.824302e-08 2670951229 
2364534.0 1 3177521820 2.824302e-08 2747938267 
2366127.0 1 545239233 1.2662915100000002e-06 73116178 
2366514.0 1 545239233 1.2804125100000001e-06 1061526795 
2366687.0 1 545239233 1.29453451e-06 1298902656 
2366749.0 1 545239233 1.30865551e-06 2564127097 
2367478.0 1 545239233 1.32277751e-06 3342541004 
2367575.0 0 734120091 1.412151e-08 1002680420 
2367804.0 1 545239233 1.3368985100000002e-06 2475979558 
2369510.0 1 545239233 1.3510205100000001e-06 3089865955 
2370403.0 0 2654473721 1.412151e-08 1194638860 
2371414.0 0 545239233 1.35102e-06 175860597 
2372077.0 1 545239233 1.36514151e-06 1194638860 
2372078.0 1 545239233 1.37926351e-06 826924968 
2372650.0 1 545239233 1.39338451e-06 224410298 
2373413.0 1 545239233 1.4075065100000002e-06 3449694611 
2374455.0 1 545239233 1.4216275100000001e-06 2353028958 
2374498.0 0 1089013536 1.412151e-08 1371202285 
2374977.0 1 545239233 1.43574951e-06 771359632 
2376579.0 1 545239233 1.44987051e-06 1577969976 
2377773.0 1 545239233 1.46399251e-06 3381587904 
2378746.0 1 545239233 1.4781135100000002e-06 2341758500 
2379963.0 1 545239233 1.4922355100000002e-06 114837353 
2380285.0 1 3534547045 1.1743690000000001e-06 3462747 
2382792.0 1 3534547045 1.1940748299999999e-06 2875471576 
2387032.0 1 2789301560 2.824302e-08 1462644303 
2390592.0 0 1405660995 1.419464e-08 346987663 
2390852.0 1 545239233 1.50635651e-06 734120091 
2390928.0 1 545239233 1.52047851e-06 3459912306 
2392152.0 1 545239233 1.53459951e-06 841878026 
2395831.0 0 1771264541 1.412151e-08 2919643181 
2396706.0 1 545239233 1.5487215100000002e-06 651046398 
2396883.0 1 1572835533 2.4733976e-06 3802520055 
2399933.0 1 545239233 1.5628425100000001e-06 1621314342 
2400761.0 1 545239233 1.5769645100000001e-06 2016090987 
2404089.0 1 545239233 1.59108551e-06 1002680420 
2404974.0 0 1738899943 2.665339e-08 72955594 
2409115.0 0 2704180049 1.412151e-08 481049431 
2409723.0 1 545239233 1.60520751e-06 2649056468 
2414795.0 1 545239233 1.6193285100000002e-06 1553963666 
2415286.0 1 2367820772 4.236453e-08 1495382923 
2419635.0 1 545239233 1.6334505100000002e-06 3201932102 
2421677.0 0 545239233 1.63345e-06 1598213090 
2425581.0 1 1598213090 2.824302e-08 1237914369 
2427883.0 1 545239233 1.6475715100000001e-06 1314810707 
2432544.0 2 1960974751 1.5700420000000003e-08 2914302410 1517815290 1.4e-08 
2433539.0 0 3373526895 8.867796e-07 2110688926 
2437424.0 1 545239233 1.66169351e-06 229435916 
2439995.0 0 545239233 1.661693e-06 695939830 
2441810.0 1 373638573 1.00000002791 1035492323 
2445062.0 0 629078091 1.439872e-08 220564665 
2456103.0 3 2856850640 1.4000010000000001e-08 1922039940 66064165 1.401575e-08 2766526296 1.401575e-08 
2457874.0 1 545239233 1.67581451e-06 2733144751 
2462081.0 1 545239233 1.6898149999999999e-06 4119421155 
2467626.0 1 545239233 1.7063816800000001e-06 607396504 
2468543.0 1 545239233 1.72050251e-06 3190311976 
2468800.0 2 1759850032 1.424302e-08 1649557018 2454553876 1.4e-08 
2469532.0 1 3534547045 1.2081965100000002e-06 1089013536 
2470206.0 1 3373526895 9.011783200000001e-07 629078091 
2470309.0 3 4198169764 1.418716e-08 2504591099 1923515514 1.4e-08 
2475741.0 1 545239233 1.74874602e-06 1598213090 
2477212.0 2 766581564 1.441911e-08 19131048 3339828518 1.4e-08 
2483771.0 0 545239233 1.748746e-06 766581564 
2483992.0 3 3084497907 1.4000000000000001e-08 2795041644 105819081 1.41038e-08 533433650 1.41038e-08 
2484361.0 3 1759850032 1.424302e-08 249728555 1601889739 1.4e-08 
2488620.0 0 4287239676 1.490551e-08 79461789 
2490047.0 1 545239233 1.8989620000000002e-06 309459595 
2491353.0 0 1751902433 1.8957e-08 550176535 
2496279.0 1 545239233 1.9268719999999998e-06 1156624510 
2508176.0 2 3527214469 1.424302e-08 175860597 381652938 1.4e-08 
2509511.0 0 3373526895 9.011783e-07 1019134040 
2517097.0 1 545239233 1.94099351e-06 1850435983 
2517578.0 1 1572835533 2.4875195099999997e-06 72955594 
2521675.0 1 545239233 1.95511451e-06 287394855 
2522342.0 1 545239233 1.96946769e-06 2521380987 
2526620.0 1 3373526895 9.1529981e-07 722767024 
2526878.0 0 3373526895 9.152998e-07 393090083 
2534155.0 0 1848242772 1.655705e-08 79461789 
2536162.0 0 545239233 1.969468e-06 3526559023 
2537240.0 2 3485819286 1.461883e-08 3526559023 96665495 1.4e-08 
2544264.0 0 688805295 2.791e-08 533433650 
2549243.0 2 690117576 1.52927e-08 2177968201 1342185090 1.4e-08 
2552836.0 0 242414939 2.791e-08 3492274228 
2553735.0 1 545239233 1.98358951e-06 481049431 
2555365.0 0 2519559028 3.7849e-07 2489195127 
2555758.0 1 545239233 1.9977105099999997e-06 515125813 
2556911.0 1 545239233 2.0117110000000002e-06 2454553876 
2558813.0 1 373638573 1.00000002154694 393090083 
2570397.0 0 2789301560 2.824302e-08 3527214469 
2582586.0 1 1572835533 2.51481427e-06 976558236 
2586932.0 0 2110688926 1.412151e-08 2704180049 
2589632.0 1 1572835533 2.542724e-06 3774459889 
2620556.0 3 2328232000 1.488744e-08 220564665 149784911 1.4e-08 
2624449.0 0 2328232000 1.488744e-08 149784911 
2625608.0 0 4088625113 1.412151e-08 1517815290 
2642370.0 0 197654791 2.791e-08 1541925803 
2644791.0 0 688805295 2.791e-08 96665495 
2647542.0 3 2669757562 2.2393950000000002e-08 3519923770 85224627 1.679799e-08 1965662198 1.679799e-08 
2650799.0 1 1572835533 2.5570216000000003e-06 3532745758 
2651592.0 2 3492274228 1.449224e-08 1405660995 110439229 1.4e-08 
2653400.0 1 3492274228 2.8492230000000002e-08 110439229 
2656364.0 0 3279231079 2.791e-08 2795063678 
2667793.0 0 2472898255 1.412151e-08 3554620561 
2668230.0 2 690117576 1.5414210000000002e-08 4088625113 1449522982 1.4e-08 
2673198.0 1 545239233 2.0257267499999998e-06 2766526296 
2674268.0 0 29350397 2.791e-08 1342185090 
2675309.0 3 1019134040 1.399999e-08 905418128 3279439195 1.411306e-08 360107933 1.411306e-08 
2675321.0 1 545239233 2.0422830499999996e-06 1848242772 
2685718.0 0 1960974751 1.570042e-08 4287239676 
2686984.0 0 3279439195 1.411306e-08 1019134040 
2694585.0 0 4287239676 1.490551e-08 1601889739 
2695786.0 2 690117576 1.571181e-08 1736323711 1657444763 1.4e-08 
2716762.0 0 3554620561 1.412151e-08 3279439195 
2725491.0 0 545239233 2.042284e-06 1657444763 
2726023.0 2 2110688926 1.424302e-08 695939830 58759274 1.4e-08 
2729583.0 0 3696843781 2.091e-08 1072840122 
2743685.0 0 110358663 1.74325e-08 3554620561 
2746064.0 0 110358663 1.74325e-08 2472898255 
2748713.0 0 1771264541 1.412151e-08 1831065885 
2751327.0 3 1738899943 2.665339e-08 3084497907 2135013218 1.4e-08 
2753438.0 0 875106938 1.416714e-08 1371202285 
2763645.0 0 688805295 2.791e-08 2980075456 
2767773.0 0 1086559163 1.435443e-08 3339828518 
2775087.0 0 1751902433 1.8957e-08 85224627 
2780296.0 1 545239233 2.05799581e-06 690117576 
2786450.0 1 1572835533 2.57192751e-06 1674415855 
2787983.0 1 545239233 2.07211651e-06 2704180049 
2792611.0 0 545239233 2.072117e-06 688805295 
2799099.0 3 58759274 1.4e-08 149784911 470332523 1.4e-08 
2808775.0 0 1382686479 1.461412e-08 3468130899 
2811812.0 2 3373526895 9.1529981e-07 2367820772 3217169414 1.4e-08 3030801476 1.418226e-08 2208266878 1.418226e-08 
2814867.0 1 3373526895 9.2948206e-07 3030801476 
2824638.0 3 3492274228 1.3999999999999998e-08 3554620561 3715668764 1.430687e-08 3418547556 1.430687e-08 
2826160.0 0 3373526895 9.294821e-07 2208266878 
2826189.0 1 3373526895 9.436643600000001e-07 2208266878 
2837869.0 1 373638573 1.00000001420366 3815024321 
2882944.0 1 3373526895 9.576643e-07 3339828518 
2884202.0 1 545239233 2.0865361099999998e-06 766581564 
2889741.0 3 3211480542 1.4e-08 1342185090 355298688 1.412151e-08 4193709834 1.412151e-08 
2892722.0 1 545239233 2.100536e-06 1657444763 
2893840.0 3 2438291630 2.006652e-08 1019134040 584993009 1.4e-08 
2893890.0 1 2438291630 3.406652e-08 584993009 
2908818.0 0 85224627 1.679799e-08 4198169764 
2914419.0 1 1572835533 2.585927e-06 579073438 
2921254.0 1 1572835533 2.60004851e-06 2426951832 
2951993.0 3 211811971 1.4000010000000001e-08 79461789 1499007652 1.401575e-08 755060644 1.401575e-08 
2966118.0 3 3884987045 1.490551e-08 2135013218 3270476896 1.4e-08 
2967228.0 0 1572835533 2.600049e-06 1923515514 
2983310.0 0 3373526895 9.576643e-07 3492274228 
2985164.0 3 346987663 1.412151e-08 211811971 3934203265 1.4e-08 
3018327.0 0 3534547045 1.208197e-06 470332523 
3021090.0 1 3373526895 9.716643e-07 58759274 
3024301.0 3 4187488967 2.048471e-08 4256642775 1292024166 1.442529e-08 
3054343.0 1 1572835533 2.61441988e-06 1072840122 
3054990.0 0 3373526895 9.716643e-07 3715668764 
3062874.0 2 688805295 2.792575e-08 755060644 1323984060 1.4e-08 
3067951.0 2 545239233 2.100536e-06 2789301560 4197927596 1.4e-08 1414892502 1.424302e-08 
3068538.0 0 4046076794 6.867685e-08 3418547556 
3071480.0 1 1572835533 2.62903412e-06 1382686479 
3079516.0 0 3373526895 9.716643e-07 3418547556 
3081117.0 0 4193709834 1.412151e-08 1831065885 
3085929.0 1 545239233 2.11477902e-06 1414892502 
3094055.0 1 3824069879 6.982e-08 843517319 
3098797.0 0 2024675612 1.612041e-08 4197927596 
3117053.0 2 2674988631 1.441911e-08 355298688 4201342597 1.4e-08 
3120811.0 0 1831065885 1.412151e-08 2795063678 
3120835.0 0 545239233 2.114779e-06 688805295 
3122481.0 1 545239233 2.12889206e-06 3279439195 
3123724.0 3 3177521820 2.577082e-08 1998372786 2391696826 1.696952e-08 
3134984.0 2 1831065885 1.4238320000000001e-08 2795063678 4138371369 1.4e-08 
3178576.0 3 1738899943 2.665339e-08 4197927596 3590332688 1.4e-08 
3178761.0 1 3373526895 9.860187300000001e-07 1086559163 
3183426.0 1 3534547045 1.22310251e-06 4287239676 
3202526.0 0 545239233 2.128892e-06 1449522982 
3205139.0 1 545239233 2.1437794399999997e-06 2328232000 
3216804.0 3 1931993247 1.526176e-08 405521437 1745749016 1.4e-08 
3230396.0 3 1371202285 1.4e-08 1726701215 2711965517 1.4e-08 
3238502.0 2 2110688926 1.436453e-08 552498239 2933223072 1.4e-08 
3265428.0 1 545239233 2.1580766000000004e-06 3702894340 
3291704.0 1 545239233 2.1720770000000003e-06 2933223072 
3294037.0 0 1499007652 1.401575e-08 1517815290 
3302341.0 1 545239233 2.186077e-06 3217169414 
3302730.0 3 2438291630 3.3759230000000005e-08 3590332688 1987038079 1.430729e-08 
3302913.0 0 66064165 1.401575e-08 3468130899 
3307620.0 1 1572835533 2.6431377999999996e-06 105819081 
3310424.0 0 550176535 1.490551e-08 2919643181 
3325256.0 1 545239233 2.20246691e-06 2589646060 
3331261.0 0 550176535 1.490551e-08 2110688926 
3334449.0 1 545239233 2.2167053199999997e-06 1831065885 
3342224.0 0 545239233 2.216705e-06 381652938 
3379311.0 0 1771264541 1.412151e-08 3934203265 
3383765.0 0 3534547045 1.223102e-06 470332523 
3385110.0 0 1572835533 2.643138e-06 4004407106 
3387717.0 1 3534547045 1.2372235100000001e-06 1771264541 
3395203.0 3 1745749016 1.4e-08 3270476896 3797386594 1.4e-08 
3443881.0 1 1068020906 0.00095482361 3696843781 
3449468.0 3 688805295 2.774637e-08 1745749016 1280619132 1.417938e-08 
3455614.0 1 688805295 4.1925760000000004e-08 1280619132 
3457898.0 0 3783228500 1.506349e-08 4193709834 
3469447.0 0 3967778277 1.412151e-08 4138371369 
3482865.0 1 545239233 2.23367452e-06 2391696826 
3489061.0 1 3373526895 1.00014031e-06 2472898255 
3506647.0 0 545239233 2.233675e-06 470332523 
3510019.0 0 545239233 2.233675e-06 1517815290 
3520940.0 2 2669757562 2.270124e-08 1987038079 4105879141 1.4e-08 
3566527.0 1 545239233 2.30235185e-06 4046076794 
3575033.0 1 3534547045 1.251224e-06 470332523 
3591108.0 1 3534547045 1.2653455100000001e-06 4193709834 
3600961.0 1 3534547045 1.27965187e-06 3715668764 
3605620.0 1 3373526895 1.0228412500000001e-06 2669757562 
3607495.0 3 85224627 1.679799e-08 4105879141 3088551619 1.4e-08 
3630523.0 1 1572835533 2.671048e-06 265770918 
3638176.0 0 3330100144 1.472778e-08 2066612683 
3680774.0 2 4004407106 1.474034e-08 1759850032 3443287411 1.4e-08 
3721754.0 1 373638573 1.00000002791 811613008 
3723486.0 0 3373526895 1.022842e-06 2654473721 
3731513.0 1 1572835533 2.68577578e-06 3330100144 
3733001.0 1 373638573 1.00000001472778 188552836 
3755692.0 0 2654473721 1.412151e-08 1517815290 
3756817.0 0 545239233 2.302352e-06 511603307 
3795028.0 1 1572835533 2.6999631599999998e-06 4198169764 
3812097.0 1 545239233 2.31647351e-06 3967778277 
3842453.0 1 545239233 2.33059451e-06 346987663 
3859845.0 1 545239233 2.3447165099999997e-06 2654473721 
3868544.0 0 688805295 4.192575e-08 3468130899 
3898515.0 2 4187488967 2.1372150000000003e-08 1104410542 3981989558 1.4e-08 
3916293.0 3 3934203265 1.4e-08 3492274228 1165174376 1.4e-08 
3949615.0 3 1165174376 1.4e-08 4138371369 3467386575 1.4e-08 
3970364.0 3 3527214469 1.424302e-08 3467386575 4263904522 1.4e-08 
3994279.0 0 550176535 1.490551e-08 3934203265 
4008839.0 0 4263904522 1.4e-08 1371202285 
4009835.0 1 545239233 2.3587160000000004e-06 1165174376 
4014982.0 1 545239233 2.38448681e-06 3177521820 
4022181.0 3 245436729 2.240816e-08 4263904522 4267941538 1.950184e-08 
4038783.0 1 545239233 2.41114039e-06 1738899943 
4042059.0 1 3534547045 1.29405072e-06 754560055 
4060544.0 2 3532628785 1.413726e-08 1499007652 3372193553 1.4e-08 
4073173.0 1 3532628785 2.813726e-08 3372193553 
4135233.0 3 2024675612 1.612041e-08 4201342597 3681452412 1.4e-08 
4160503.0 0 3373526895 1.022842e-06 3934203265 
4180433.0 1 545239233 2.42514e-06 3681452412 
4188461.0 0 3534547045 1.294051e-06 360107933 
4192252.0 1 1572835533 2.7243055e-06 3983774618 
4242098.0 1 3373526895 1.0372065300000002e-06 2110688926 
4254949.0 1 3373526895 1.06534326e-06 3532628785 
4290970.0 0 85224627 1.679799e-08 2950407739 
4330475.0 1 545239233 2.43926151e-06 2780384598 
4332441.0 0 3527214469 1.424302e-08 2711965517 
4343060.0 2 1803925302 1.460112e-08 533433650 2604064924 1.4e-08 
4343325.0 0 3373526895 1.065343e-06 3934203265 
4399552.0 0 381652938 1.4e-08 1517815290 
4408337.0 0 1572835533 2.724305e-06 2024675612 
4419966.0 1 1572835533 2.7383184e-06 2151269300 
4440105.0 2 3418547556 1.442838e-08 2980075456 3458662533 1.4e-08 
4448943.0 0 1572835533 2.738319e-06 3797386594 
4457888.0 1 3418547556 2.842838e-08 3458662533 
4486343.0 1 2984600922 1.551904e-06 1866926464 
4512877.0 1 373638573 1.00000001449732 4209590891 
4521499.0 0 110358663 1.74325e-08 875106938 
4524435.0 1 3373526895 1.08146341e-06 2024675612 
4534675.0 1 373638573 1.000000014 1601889739 
4540986.0 0 1218250404 1.493144e-08 2856850640 
4598103.0 0 110358663 1.74325e-08 4004407106 
4599017.0 1 373638573 1.00000001679799 85224627 
4699948.0 3 197654791 2.134076e-08 3981989558 762210064 2.056924e-08 
4743577.0 3 688805295 1.399999e-08 242414939 570164134 1.861192e-08 2418772576 1.861192e-08 2105330617 1.861192e-08 
4763088.0 0 545239233 2.439262e-06 4004407106 
4827512.0 1 373638573 1.000000014 96665495 
4868509.0 1 545239233 2.45350502e-06 3527214469 
4875520.0 3 3418547556 1.4e-08 245436729 964813250 1.841827e-08 2039170765 1.841827e-08 
4955024.0 0 2418772576 1.861192e-08 2369258877 
4963665.0 1 545239233 2.467505e-06 2919643181 
4985592.0 0 2039170765 1.841827e-08 3934203265 
4994732.0 3 2950407739 1.412151e-08 1517815290 4278040469 1.4e-08 
5033934.0 1 1572835533 2.766229e-06 3279231079 
5036766.0 0 550176535 1.490551e-08 2369258877 
5082972.0 1 3534547045 1.3124692699999998e-06 2039170765 
5092852.0 1 373638573 1.00000001431889 2185291493 
5119444.0 0 762210064 2.056924e-08 2105330617 
5146181.0 1 1572835533 2.79998823e-06 2438291630 
5158115.0 0 545239233 2.467505e-06 2856850640 
5177216.0 0 2950407739 1.412151e-08 3443287411 
5258334.0 0 3373526895 1.081464e-06 4278040469 
5273926.0 1 3373526895 1.09652749e-06 3783228500 
5278128.0 0 1572835533 2.799988e-06 3197676583 
5310377.0 2 4267941538 2.043328e-08 1218250404 241690685 1.4e-08 
5331011.0 1 1572835533 2.82042127e-06 4267941538 
5337418.0 2 570164134 2.100183e-08 3314075649 1703904600 1.4e-08 
5358106.0 0 2950407739 1.412151e-08 2711965517 
5378868.0 3 1960974751 1.570042e-08 3088551619 3814978291 1.4e-08 
5388197.0 1 545239233 2.4815050000000002e-06 1323984060 
5393716.0 1 545239233 2.495505e-06 3428193420 
5411476.0 0 4278040469 1.4e-08 688805295 
5452400.0 1 1572835533 2.8344210000000003e-06 3418547556 
5471743.0 1 545239233 2.5096088e-06 2369258877 
5502089.0 1 1572835533 2.8490398199999998e-06 3485819286 
5604247.0 0 2984600922 1.551904e-06 1965662198 
5690866.0 0 3373526895 1.096527e-06 2418772576 
5692714.0 1 3373526895 1.11064851e-06 2950407739 
5699386.0 1 545239233 2.5282209200000003e-06 2105330617 
5702568.0 1 1572835533 2.86376778e-06 1239307652 
5734209.0 0 3373526895 1.110649e-06 550176535 
5761892.0 1 545239233 2.54264011e-06 2674988631 
5791606.0 0 1751902433 1.8957e-08 1703904600 
5854170.0 1 545239233 2.55664e-06 4278040469 
5870496.0 3 3197676583 2.791e-08 3814978291 118566979 1.4e-08 
5871449.0 1 545239233 2.5706400000000003e-06 2711965517 
5961410.0 1 1572835533 2.877768e-06 241690685 
5964794.0 1 545239233 2.58464e-06 1703904600 
5977777.0 0 3037779432 2.791e-08 3211480542 
5998721.0 0 1572835533 2.877768e-06 118566979 
6009238.0 1 545239233 2.59954551e-06 550176535 
6083604.0 0 1572835533 2.877768e-06 2604064924 
6203191.0 1 3373526895 1.1296060000000001e-06 1751902433 
6255926.0 1 545239233 2.61524542e-06 1960974751 
6267285.0 1 1572835533 2.9056780000000002e-06 3037779432 
6373676.0 1 1572835533 2.9209397599999997e-06 1931993247 
6427247.0 1 373638573 1.00000101449732 2455922112 
6441341.0 0 545239233 2.615246e-06 118566979 
6455572.0 1 545239233 2.629246e-06 688805295 
6573486.0 1 3373526895 1.143606e-06 1371202285 
6631059.0 1 545239233 2.64367129e-06 1292024166 
6667392.0 1 545239233 2.671581e-06 2250879299 
6675907.0 1 545239233 2.68569406e-06 360107933 
6772054.0 1 373638573 1.000001014 2604064924 
6841871.0 0 1572835533 2.920939e-06 3197676583 
6974985.0 0 3373526895 1.143606e-06 2418772576 
7048208.0 1 2984600922 1.579814e-06 385785803 
7055866.0 1 1572835533 2.934939e-06 1923515514 
7147325.0 1 373638573 1.00000101861192 2418772576 
7177665.0 1 545239233 2.70411227e-06 964813250 
7199240.0 1 3373526895 1.1646078299999999e-06 570164134 
7207660.0 1 545239233 2.718112e-06 2856850640 
7289204.0 3 762210064 2.056924e-08 381652938 894269343 1.4e-08 
7290473.0 3 1803925302 1.460111e-08 894269343 932943525 1.4e-08 
7430295.0 1 373638573 1.0000010140157498 66064165 
7434575.0 1 1572835533 2.9489390000000003e-06 1449522982 
7620441.0 1 545239233 2.7460220000000002e-06 3197676583 
7903307.0 1 545239233 2.76659124e-06 762210064 
7985377.0 3 1803925302 1.460111e-08 3443287411 250347941 1.4e-08 
7989713.0 1 1572835533 2.96367933e-06 4004407106 
8035573.0 0 1572835533 2.96368e-06 197654791 
8198711.0 1 1572835533 2.97768e-06 250347941 
8289015.0 1 545239233 2.7805920000000003e-06 932943525 
8292484.0 1 373638573 1.00000102134076 197654791 
8505463.0 1 3373526895 1.17951351e-06 3884987045 
8566331.0 1 373638573 1.00000106982 3824069879 
9277171.0 0 1803925302 1.460111e-08 3211480542 
9460810.0 1 1572835533 2.9916800000000004e-06 3498415124 
9591404.0 2 3534547045 2.24217822e-06 3373526895 2292589682 1.469434e-08 3971437066 1.469434e-08 2810179169 1.469434e-08 1803012522 1.469434e-08 3940915008 1.469434e-08 3593659676 1.469434e-08 2744143284 1.469434e-08 2002691604 1.469434e-08 3223248356 1.469434e-08 101557930 1.469434e-08 678688578 1.469434e-08 2222966094 1.469434e-08 1301910447 1.469434e-08 2919535035 1.469434e-08 2855048822 1.469434e-08 682911345 1.469434e-08 238807518 1.469434e-08 
9591440.0 1 3534547045 2.25687234e-06 2810179169 
9591664.0 1 3534547045 2.2715673399999997e-06 2222966094 
9592061.0 1 3534547045 2.28626134e-06 3223248356 
9592371.0 0 3534547045 2.286261e-06 2919535035 
9592498.0 0 3534547045 2.286261e-06 2744143284 
9593748.0 0 678688578 1.469434e-08 101557930 
9593887.0 1 3534547045 2.30095534e-06 3940915008 
9593949.0 1 3534547045 2.31565034e-06 2002691604 
9595107.0 1 3534547045 2.33034434e-06 682911345 
9595122.0 1 3534547045 2.3450383399999997e-06 3971437066 
9595442.0 1 3534547045 2.35973334e-06 101557930 
9600528.0 1 3534547045 2.3744273399999997e-06 2919535035 
9600699.0 1 3534547045 2.38912134e-06 3593659676 
9604552.0 1 3534547045 2.4038163399999997e-06 2744143284 
9609027.0 0 3534547045 2.403816e-06 678688578 
9610909.0 1 1572835533 3.00568e-06 3797386594 
9669595.0 0 3534547045 2.403816e-06 1803012522 
9688488.0 1 3534547045 2.41851034e-06 2292589682 
9691102.0 0 3534547045 2.41851e-06 2855048822 
9702558.0 0 3534547045 2.41851e-06 2855048822 
9714467.0 1 3534547045 2.43311111e-06 1803925302 
9744111.0 0 3534547045 2.433111e-06 2855048822 
9768949.0 1 3534547045 2.44780534e-06 2855048822 
9778254.0 2 238807518 1.538868e-08 678688578 1840937626 1.4e-08 
9821773.0 3 1301910447 1.469434e-08 1840937626 1734007597 1.4e-08 
9837433.0 0 1572835533 3.00568e-06 875106938 
9992172.0 1 3534547045 2.4625003399999997e-06 1301910447 
