16.98888 1 545239233 3.0701e-07 2308721517 
298.0119 1 1516068388 5.582e-08 3114612365 
925.3032 1 476505668 3.0701e-07 3015378843 
1390.861 1 3824069879 5.582e-08 2956861855 
1456.884 1 2235064901 3.0701e-07 2859795595 
1462.597 1 1075699702 3.0701e-07 810769555 
1581.069 1 387772665 5.582e-08 486050091 
1649.04 0 582973675 2.791e-08 925199572 
2066.799 1 2235064901 3.3492e-07 1379399837 
2272.892 1 3004792470 3.0701e-07 3382444416 
2385.203 1 3126241903 5.582e-08 3938221642 
2463.806 1 3373526895 3.0701e-07 632754209 
2953.759 1 3737780296 3.0701e-07 3736894086 
3176.886 1 3126241903 8.373e-08 780264402 
3689.567 1 1075699702 3.3492e-07 2263814062 
4171.528 1 2246051850 3.0701e-07 211811971 
4232.46 1 4031050948 3.0701e-07 2326007700 
4421.132 1 4259593397 3.0701e-07 2046083849 
4996.157 1 3534547045 3.0701e-07 2038493855 
5005.8 1 1631081845 5.582e-08 3919821980 
5522.691 1 3921011129 3.0701e-07 3257166052 
5632.979 1 3534547045 3.3492e-07 1731090175 
6239.752 1 1068020906 0.0009543279100000001 3919026803 
6345.673 1 3150846686 3.0701e-07 257754683 
7008.449 1 2235064901 3.6283e-07 870323177 
7652.151 1 3373526895 3.3492e-07 1735432893 
8164.292 1 3800257563 3.0701e-07 266059373 
8810.593 1 3737780296 3.3492e-07 2298477853 
8874.592 1 545239233 3.3492e-07 245436729 
9028.434 1 326805806 5.582e-08 315200650 
9602.592 1 1593891639 5.582e-08 2542835646 
9990.317 1 2235064901 3.9073999999999996e-07 4263717482 
11332.27 1 3732071459 5.582e-08 40245973 
12102.07 1 3150846686 3.3492e-07 1425083048 
12120.77 1 2349140130 5.582e-08 3749853089 
13578.23 1 3534547045 3.6283e-07 1661091397 
14837.73 1 3534547045 3.9073999999999996e-07 2393342300 
15329.26 1 3373526895 3.6283e-07 3841896594 
15777.58 1 3921011129 3.3492e-07 858320168 
17280.93 1 314650893 5.582e-08 1123501568 
19575.07 1 3373526895 3.9073999999999996e-07 3061883439 
21109.57 1 1068020906 0.0009543558100000001 2757833455 
21973.72 1 476505668 6.1402e-07 3800257563 
22874.25 1 3921011129 3.6283e-07 3421887303 
25328.14 1 1227575429 5.582e-08 869234806 
27541.64 1 3373526895 4.1865e-07 1134175585 
28411.41 1 636961411 5.582e-08 2835620284 
29471.41 0 1502094437 2.791e-08 2937387076 
32665.51 1 3150846686 3.6283e-07 2779686750 
33023.26 1 2870158420 5.582e-08 3953846011 
35188.88 1 2340740170 3.0701e-07 688805295 
39792.69 0 2406269022 2.791e-08 862710978 
40622.2 1 1222799196 3.0701e-07 741863299 
41994.18 1 949068759 5.582e-08 1502094437 
42236.83 0 728028737 2.791e-08 825415804 
42910.81 0 1507417240 2.791e-08 2681375347 
43057.0 0 3988949870 2.791e-08 598947138 
43587.58 1 3126241903 1.1164e-07 2455496064 
45110.52 1 862710978 5.582e-08 4252347608 
45954.35 1 3126241903 1.3955e-07 3889879026 
49839.64 0 3732071459 5.582e-08 905418128 
51653.81 0 4259593397 3.0701e-07 3555679070 
53560.43 1 2246051850 6.1402e-07 2340740170 
54947.72 1 3534547045 4.1865e-07 582973675 
64967.7 0 2246051850 6.1402e-07 905418128 
65488.32 0 287801793 2.791e-08 1584276479 
69761.84 1 2204676502 0.00028572791 2429525676 
75661.98 0 1227575429 5.582e-08 333964007 
77139.18 0 2799798816 2.791e-07 2205180068 
77531.15 1 1465560917 5.582e-07 1572835533 
78291.28 1 2235064901 4.1865e-07 3150420704 
80137.02 0 476505668 6.1402e-07 1239791232 
81370.8 1 2349140130 8.373e-08 2528553283 
83333.53 0 2349140130 8.373e-08 3424908067 
88202.71 1 2235064901 4.4656e-07 1584276479 
90007.76 0 3462747 2.791e-08 2856850640 
90277.51 0 941534069 2.791e-08 3616865126 
91856.95 1 2799798816 3.3492e-07 1227575429 
92842.63 1 1068020906 0.00095438371 1768543625 
98507.18 1 1458665800 5.582e-08 717226258 
98717.81 0 3747246174 2.791e-08 2406269022 
100743.0 1 1631081845 8.373e-08 3800234335 
102070.8 2 2406269022 4.155004e-08 1206764858 3687573659 1.426996e-08 
102842.3 1 3126241903 1.6746e-07 925199572 
103907.3 1 2406269022 5.582e-08 3687573659 
107826.7 0 3245569981 2.791e-08 251961497 
111793.2 0 1075699702 3.3492e-07 1434498202 
113989.7 0 2235064901 4.4656e-07 3232700421 
120290.5 0 1321648343 2.791e-08 2932274237 
126360.9 0 4031050948 3.0701e-07 199935986 
134784.3 0 2799798816 3.3492e-07 811613008 
137072.3 1 314650893 8.373e-08 3084497907 
141263.7 2 2235064901 4.4656e-07 387772665 3196256300 1.4e-08 848448836 2.091e-08 2211003714 2.091e-08 
143103.9 0 1465560917 5.582e-07 3357643131 
145050.4 1 1068020906 0.0009544395199999999 3824069879 
146151.2 0 1516068388 5.582e-08 3616865126 
149729.5 1 1465560917 5.8611e-07 405521437 
151529.8 0 3150846686 3.6283e-07 4231632140 
152321.7 0 2937387076 2.791e-08 3071234124 
169725.4 1 2178051842 5.582e-08 778035964 
178939.5 1 2246051850 6.4193e-07 3232700421 
187632.8 0 3357643131 2.791e-08 1790255658 
189359.2 1 1068020906 0.00095446751 916523109 
192074.0 2 3534547045 5.6794926e-07 3126241903 2916276788 1.816074e-08 
192303.5 1 1075699702 3.9073999999999996e-07 949068759 
193333.4 1 3004792470 3.3492e-07 1347872676 
194401.9 0 545239233 3.3492e-07 941534069 
194731.8 1 3534547045 5.8611004e-07 2916276788 
195675.2 1 2235064901 4.6747e-07 2211003714 
202148.8 0 1631081845 8.373e-08 1738899943 
206215.8 2 1465560917 9.516435000000001e-07 1075699702 3696193412 2.52065e-08 
215644.9 0 2984600922 2.791e-07 102901530 
218976.3 1 545239233 3.6283e-07 1444500749 
227017.7 0 3497999925 2.791e-08 2932274237 
228101.9 0 1465560917 9.516435e-07 873214132 
232038.2 0 2937387076 2.791e-08 561528368 
233875.1 1 1068020906 0.0009544954100000001 2768642543 
234023.6 1 2235064901 4.9538e-07 2737363250 
237662.9 1 179097684 3.0701e-07 3704423751 
237885.0 1 2246051850 6.698400000000001e-07 1493201942 
240283.3 3 2235064901 4.953799999999998e-07 3150846686 15308464 3.530793e-08 1239307652 1.424009e-08 1945448119 1.424009e-08 3396227953 1.424009e-08 3321237907 1.424009e-08 3187199216 1.424009e-08 3330100144 1.424009e-08 310481256 1.424009e-08 817087088 1.424009e-08 551137729 1.424009e-08 1218250404 1.424009e-08 1035956119 1.424009e-08 1211996162 1.424009e-08 188552836 1.424009e-08 2029773149 1.424009e-08 302486611 1.424009e-08 1842102965 1.424009e-08 1285693762 1.424009e-08 1078741991 1.424009e-08 2723643411 1.424009e-08 1804212609 1.424009e-08 438292632 1.424009e-08 2001290253 1.424009e-08 3147695692 1.424009e-08 
240283.3 1 15308464 4.9548019999999995e-08 1239307652 
240283.3 1 15308464 6.378811e-08 3147695692 
240501.8 1 302486611 2.848018e-08 2029773149 
242813.5 0 848448836 2.091e-08 1211996162 
246934.5 1 2235064901 5.0962009e-07 1035956119 
251584.2 0 4231632140 2.791e-08 1211996162 
254301.4 1 636961411 7.006009e-08 1285693762 
256497.3 0 2235064901 5.096201e-07 3330100144 
265234.1 1 1790255658 5.582e-08 2693713428 
265325.1 1 2235064901 5.2386019e-07 310481256 
270618.2 0 941534069 2.791e-08 848448836 
272995.5 2 2718413753 4.074656e-08 3616865126 3179285865 1.507344e-08 
282206.8 0 2799798816 3.3492e-07 2205180068 
287530.3 1 2799798816 6.419299999999999e-07 4259593397 
288737.7 1 2235064901 5.3810029e-07 438292632 
293539.4 0 2235064901 5.381003e-07 3330100144 
306200.5 1 2799798816 6.698400000000001e-07 3891448235 
308785.1 0 188552836 1.424009e-08 3321237907 
309211.9 1 545239233 3.9073999999999996e-07 2480932170 
310771.1 0 302486611 2.848018e-08 2409063466 
312231.1 1 3921011129 4.1864999999999995e-07 2178051842 
312887.7 1 1465560917 9.795535e-07 3197676583 
325160.2 1 2235064901 5.660103000000001e-07 2409063466 
325504.1 1 1068020906 0.00095452331 1415695418 
326237.6 0 3555679070 2.791e-08 3696193412 
326432.8 0 15308464 6.378811e-08 188552836 
329918.1 1 3737780296 3.6283e-07 1035492323 
334762.6 0 3490627259 2.791e-08 1037584679 
336832.3 1 1481166135 5.582e-08 384163328 
348640.4 1 2235064901 5.802503899999999e-07 2001290253 
353851.4 3 3071234124 1.400001e-08 3330100144 2173231515 1.407504e-08 740082705 1.407504e-08 
361891.1 0 2235064901 5.802504e-07 1494141940 
362361.3 1 2235064901 6.081604000000001e-07 1494141940 
365522.3 1 2718413753 6.865656e-08 2932274237 
381895.8 1 1465560917 1.0074635e-06 1458432161 
384114.3 0 3373526895 4.1865e-07 331336395 
412147.3 2 3373526895 4.8228387e-07 1631081845 2795063678 2.009613e-08 
412919.5 1 3373526895 5.101939e-07 4231632140 
424870.8 1 2235064901 6.7822049e-07 636961411 
435251.9 1 373638573 1.00000002791 4046076794 
465841.6 0 3737780296 3.6283e-07 164438789 
465882.7 1 1465560917 1.035374e-06 2205180068 
474481.1 2 1465560917 1.0353740299999999e-06 1222799196 3642829293 1.684297e-08 2707128518 1.450835e-08 474866315 1.450835e-08 1639799867 1.450835e-08 1026028388 1.450835e-08 1128056158 1.450835e-08 2909632847 1.450835e-08 937177227 1.450835e-08 3393811039 1.450835e-08 611212867 1.450835e-08 1104410542 1.450835e-08 2328232000 1.450835e-08 2999719241 1.450835e-08 1931993247 1.450835e-08 1494850122 1.450835e-08 3414514926 1.450835e-08 2312786130 1.450835e-08 3537925318 1.450835e-08 1634407402 1.450835e-08 3869596591 1.450835e-08 3375523036 1.450835e-08 
474897.3 1 1465560917 1.05221697e-06 3642829293 
478700.0 1 1465560917 1.0801260000000001e-06 2190522392 
481000.9 1 3373526895 5.2443399e-07 817087088 
482239.2 1 1465560917 1.09463435e-06 474866315 
484845.2 0 1790255658 5.582e-08 3187199216 
493569.9 1 1465560917 1.10914335e-06 3869596591 
497450.2 1 1465560917 1.12365135e-06 2328232000 
497530.6 1 2235064901 6.9246049e-07 1945448119 
509111.7 1 739080713 5.582e-08 2074240873 
518189.9 0 873214132 2.791e-08 2125112500 
527158.7 0 287801793 2.791e-08 1218250404 
527164.4 1 2235064901 7.0670059e-07 1078741991 
528538.7 1 3373526895 5.52344e-07 3326748277 
535396.1 0 790319072 2.791e-08 1128056158 
539609.8 1 1790255658 8.373e-08 3121047530 
543365.2 1 2235064901 7.346106e-07 287801793 
545040.5 2 179097684 3.2979454e-07 862710978 772925454 1.651773e-08 2215785330 1.651773e-08 
546814.0 1 179097684 3.4631223e-07 2215785330 
553215.6 1 2519559028 3.0701e-07 2545005546 
553772.8 1 2235064901 7.625206000000001e-07 3621383820 
555786.7 1 3921011129 4.4656e-07 725558489 
559359.9 1 1068020906 0.00095455121 300193622 
559716.6 1 179097684 3.6283003000000003e-07 772925454 
562524.4 1 545239233 4.4656e-07 1481166135 
566824.2 1 1593891639 7.032835e-08 3393811039 
601002.5 1 3373526895 5.802540000000001e-07 941534069 
613408.4 3 598947138 1.3999990000000001e-08 1639799867 3491092596 1.420918e-08 57770090 1.420918e-08 
616862.0 0 1458665800 5.582e-08 561528368 
619862.8 3 242414939 1.4e-08 905418128 3071577057 2.091e-08 1452489764 2.091e-08 
665411.4 2 3921011129 4.5853197e-07 1738899943 4260098875 1.593803e-08 
665521.4 1 3921011129 4.7447003000000004e-07 4260098875 
687699.3 0 937177227 1.450835e-08 2707128518 
705913.8 3 3373526895 5.802539999999998e-07 3921011129 3696843781 2.51884e-08 2138100036 1.404005e-08 1726701215 1.404005e-08 1412415798 1.404005e-08 375852842 1.404005e-08 3593732192 1.404005e-08 3888264012 1.404005e-08 313359544 1.404005e-08 217284033 1.404005e-08 2151269300 1.404005e-08 3913511150 1.404005e-08 2962530363 1.404005e-08 2063946235 1.404005e-08 1172086036 1.404005e-08 690117576 1.404005e-08 3288380490 1.404005e-08 845665321 1.404005e-08 3122982648 1.404005e-08 1471982444 1.404005e-08 3303338876 1.404005e-08 2875471576 1.404005e-08 1738909006 1.404005e-08 356405251 1.404005e-08 2879167783 1.404005e-08 3083352544 1.404005e-08 4198169764 1.404005e-08 821115011 1.404005e-08 2118016430 1.404005e-08 1945735688 1.404005e-08 4093093422 1.404005e-08 2842015324 1.404005e-08 1249238030 1.404005e-08 3214077756 1.404005e-08 
705913.9 1 3696843781 3.922845e-08 3214077756 
705913.9 1 3696843781 5.32685e-08 2138100036 
705976.0 1 2151269300 2.80801e-08 3593732192 
707129.3 1 3373526895 5.9429405e-07 3288380490 
707358.1 0 356405251 1.404005e-08 2962530363 
707441.2 0 2842015324 1.404005e-08 2962530363 
709090.9 1 3373526895 6.475625e-07 3696843781 
709633.8 0 3373526895 6.475625e-07 1945735688 
715069.9 1 3373526895 6.6160255e-07 3913511150 
715342.6 1 3373526895 6.7564265e-07 3122982648 
717111.1 0 3004792470 3.3492e-07 659524895 
723462.7 1 3373526895 6.8968265e-07 1471982444 
726849.2 1 3373526895 7.0372275e-07 2063946235 
729816.7 1 1503861029 5.582e-08 6723929 
737997.8 0 3373526895 7.037227e-07 4093093422 
740777.1 1 3373526895 7.1776275e-07 375852842 
742765.9 0 3083352544 1.404005e-08 3888264012 
743156.3 0 3933289935 2.791e-08 848448836 
743159.3 1 3373526895 7.3180285e-07 821115011 
749705.1 1 3737780296 3.9073999999999996e-07 2870037616 
752620.1 3 1790255658 8.283123999999999e-08 1651612823 879162223 1.440438e-08 3884425642 1.440438e-08 
755346.8 2 2246051850 6.6984e-07 1458665800 1149406307 1.4e-08 3528332227 2.091e-08 4004407106 2.091e-08 
765578.2 1 1465560917 1.1515620000000001e-06 790319072 
765581.2 1 2235064901 7.7656065e-07 1412415798 
781732.1 0 2349140130 8.373e-08 4093093422 
783104.5 2 4031050948 3.0701e-07 2870158420 451270221 1.4e-08 3149440925 2.091e-08 2250775120 2.091e-08 
789370.9 0 3373526895 7.318028e-07 1726701215 
795029.1 0 4093093422 1.404005e-08 1738909006 
796603.4 0 3116505811 2.791e-08 1249238030 
797004.4 0 3373526895 7.318028e-07 3083352544 
799304.3 0 3373526895 7.318028e-07 3303338876 
809124.8 0 1790255658 8.283125e-08 197654791 
821462.0 0 3083352544 1.404005e-08 2962530363 
822763.2 1 3373526895 7.4584285e-07 356405251 
832825.8 0 188552836 1.424009e-08 2962530363 
834194.9 0 2875471576 1.404005e-08 217284033 
836562.6 2 179097684 3.6283e-07 2406269022 1130108289 1.4e-08 2177968201 2.091e-08 2914302410 2.091e-08 
836709.2 0 179097684 3.6283e-07 2177968201 
839578.2 0 3373526895 7.458429e-07 188552836 
841524.2 1 179097684 3.8373999999999997e-07 2914302410 
852973.9 3 2151269300 1.399999e-08 188552836 3655816389 1.41601e-08 3485819286 1.41601e-08 
864583.3 1 3485819286 2.83202e-08 3655816389 
865852.3 1 2235064901 8.4034881e-07 15308464 
868596.0 1 3534547045 6.001500500000001e-07 2962530363 
869703.9 1 3737780296 4.1865e-07 3774459889 
883526.8 1 179097684 4.0465e-07 2177968201 
883687.3 2 3373526895 7.458429e-07 3485819286 1382686479 1.4e-08 1803925302 1.432019e-08 
883762.3 0 2246051850 6.6984e-07 3528332227 
889562.0 1 3373526895 7.6016309e-07 1803925302 
891869.5 1 3373526895 7.74163e-07 1382686479 
909793.0 1 179097684 4.1865e-07 1130108289 
914571.0 0 476505668 6.1402e-07 3838279446 
923946.5 0 3373526895 7.74163e-07 4093093422 
930424.0 0 1593891639 7.032835e-08 3071577057 
940524.3 0 1465560917 1.151562e-06 3497999925 
954068.1 1 2235064901 8.5438885e-07 1726701215 
954411.3 1 1465560917 1.179472e-06 838860310 
959549.8 2 2723643411 1.428014e-08 845665321 3293059020 1.4e-08 
965007.3 0 3534547045 6.001501e-07 2879167783 
966417.1 3 2519559028 3.0700996e-07 426576124 378125977 1.520312e-08 2159618959 1.466094e-08 2441325815 1.466094e-08 3401497744 1.466094e-08 4069401935 1.466094e-08 134948105 1.466094e-08 1998372786 1.466094e-08 2455922112 1.466094e-08 3059103076 1.466094e-08 432337108 1.466094e-08 1902671923 1.466094e-08 4209590891 1.466094e-08 77395223 1.466094e-08 3592986772 1.466094e-08 1246511018 1.466094e-08 3986570268 1.466094e-08 174500547 1.466094e-08 4083845756 1.466094e-08 110358663 1.466094e-08 
984685.9 1 2235064901 8.6842885e-07 2875471576 
991649.8 1 3373526895 7.8820305e-07 217284033 
1000019.0 0 3373526895 7.882031e-07 3888264012 
1005015.0 1 3534547045 6.1419015e-07 1738909006 
1011924.0 1 2246051850 6.9075e-07 1452489764 
1012541.0 0 3373526895 7.882031e-07 3396227953 
1027710.0 1 2235064901 8.824289e-07 3293059020 
1034149.0 0 1634407402 1.450835e-08 2173231515 
1037144.0 0 331336395 2.791e-08 2118016430 
1045534.0 3 873214132 1.4e-08 1037584679 1370908750 2.091e-08 1837234470 2.091e-08 
1046752.0 2 57770090 1.428422e-08 2173231515 2945849429 1.4e-08 
1048978.0 0 511603307 2.791e-08 2125112500 
1056173.0 1 3373526895 8.022431500000001e-07 1249238030 
1066768.0 3 3071577057 2.091e-08 242414939 66296937 1.4e-08 
1083762.0 0 739080713 5.582e-08 1837234470 
1089302.0 3 2919643181 1.4e-08 2451350669 976558236 2.091e-08 2438291630 2.091e-08 
1100960.0 1 2235064901 9.103389000000001e-07 2487301543 
1115730.0 1 2246051850 7.0475e-07 598947138 
1119618.0 3 659524895 1.400001e-08 3396227953 906368509 1.407504e-08 3783228500 1.407504e-08 
1135938.0 0 545239233 4.4656e-07 3071234124 
1136038.0 0 3020817656 2.791e-08 906368509 
1151052.0 3 476505668 6.081277e-07 511603307 2858952728 1.690115e-08 395113485 1.690115e-08 
1151758.0 0 3534547045 6.141901e-07 2879167783 
1155116.0 2 4093093422 1.40801e-08 2879167783 4019363830 1.4e-08 
1156387.0 1 373638573 1.0000006081277 476505668 
1163684.0 3 179097684 4.013812e-07 906368509 3016084464 1.567192e-08 921818415 1.567192e-08 
1163834.0 1 179097684 4.1705312000000003e-07 3016084464 
1170808.0 1 179097684 4.3272502e-07 921818415 
1181928.0 2 2246051850 7.0475e-07 3732071459 2892683898 1.4e-08 3697249003 2.091e-08 3983774618 2.091e-08 
1193065.0 0 2710766136 2.791e-08 2441325815 
1224742.0 0 888311950 2.791e-08 3129006749 
1227851.0 1 2246051850 7.1875e-07 2892683898 
1230270.0 1 2984600922 2.9376094e-07 110358663 
1235278.0 1 3373526895 8.301531e-07 3116505811 
1252505.0 0 3241671100 2.791e-08 561528368 
1257176.0 0 3373526895 8.301531e-07 3083352544 
1260871.0 3 2349140130 1.3999999999999993e-08 659524895 4187488967 1.6746e-08 898751805 1.6746e-08 3632514288 1.6746e-08 410848061 1.6746e-08 2791633391 1.6746e-08 
1261259.0 0 2791633391 1.6746e-08 4187488967 
1261317.0 0 3632514288 1.6746e-08 2349140130 
1261344.0 0 3632514288 1.6746e-08 2349140130 
1266489.0 1 611212867 2.850835e-08 2945849429 
1280706.0 1 373638573 1.00000102791 1866926464 
1300613.0 1 179097684 4.60635e-07 3020817656 
1300692.0 1 2246051850 7.3966e-07 3983774618 
1301794.0 1 2235064901 9.2437895e-07 690117576 
1308841.0 0 898751805 1.6746e-08 2349140130 
1309784.0 0 2795063678 2.009613e-08 4187488967 
1328074.0 1 2799798816 6.840491799999999e-07 3491092596 
1329612.0 1 3534547045 6.282702e-07 4093093422 
1333597.0 0 2984600922 2.937609e-07 2710766136 
1340029.0 3 3534547045 6.279644999999999e-07 3783228500 630280293 1.438074e-08 
1340163.0 1 3534547045 6.423452400000001e-07 630280293 
1341744.0 0 1465560917 1.179472e-06 770580294 
1344965.0 0 976558236 2.091e-08 1494850122 
1352099.0 3 3747246174 1.4e-08 4187488967 4212779140 1.5328e-08 3459374364 1.5328e-08 
1352172.0 0 3459374364 1.5328e-08 3747246174 
1353355.0 3 1465560917 1.17947199e-06 1593891639 2125331604 1.4e-08 3113062634 1.408209e-08 847040419 1.408209e-08 4240624600 1.408209e-08 1565786989 1.408209e-08 
1355296.0 0 4212779140 1.5328e-08 3747246174 
1358706.0 1 1465560917 1.19355409e-06 1565786989 
1362199.0 1 3459374364 3.0656e-08 4212779140 
1364268.0 1 3737780296 4.4656e-07 3129006749 
1368583.0 1 179097684 4.74635e-07 3747246174 
1401133.0 0 314650893 8.373e-08 740082705 
1407505.0 0 2718413753 6.865656e-08 3888264012 
1421958.0 1 373638573 1.00000101690115 2858952728 
1440432.0 0 2466232951 2.791e-08 2919643181 
1440816.0 1 2235064901 9.522889e-07 3707189490 
1446232.0 3 3424908067 1.4e-08 410848061 2286860921 1.5328e-08 3707879645 1.5328e-08 
1449519.0 0 2235064901 9.522889e-07 1218250404 
1453388.0 1 3707879645 3.0656e-08 2286860921 
1457437.0 0 1842102965 1.424009e-08 2151269300 
1461324.0 3 331336395 1.399999e-08 2795063678 2746930994 1.700307e-08 4075596975 1.700307e-08 
1488764.0 0 545239233 4.4656e-07 3537925318 
1496415.0 1 3555679070 4.241835e-08 1634407402 
1499777.0 3 2906924538 2.791e-08 2151269300 4283280385 1.4e-08 
1515514.0 3 3632514288 1.6746e-08 2349140130 538453177 1.4e-08 
1530258.0 1 3373526895 8.471561700000001e-07 4075596975 
1530561.0 3 3176785673 1.756606e-08 3497999925 3121292019 1.912697e-08 3349724438 1.912697e-08 
1537088.0 3 2791633391 1.6746e-08 4019363830 4253718737 1.4e-08 
1540496.0 0 179097684 4.74635e-07 898751805 
1550672.0 1 2246051850 7.537000500000001e-07 3303338876 
1551156.0 1 373638573 1.0000012937609 2984600922 
1554654.0 0 976558236 2.091e-08 57770090 
1554683.0 1 2246051850 7.816101000000001e-07 3775452048 
1568389.0 3 2466232951 1.4e-08 1986278615 3297362622 2.091e-08 1751902433 2.091e-08 
1581812.0 0 2504591099 2.791e-08 2250879299 
1644329.0 1 373638573 1.00000102791 482917538 
1651864.0 0 3459374364 3.0656e-08 538453177 
1656193.0 0 2799798816 6.840492e-07 2504591099 
1688338.0 0 3459374364 3.0656e-08 2791633391 
1702516.0 0 4253718737 1.4e-08 4283280385 
1703984.0 0 551137729 1.424009e-08 3196256300 
1729800.0 1 545239233 4.6096437999999997e-07 3884425642 
1742120.0 0 3373526895 8.471562e-07 3083352544 
1748031.0 3 314650893 2.511258999999999e-08 551137729 2878871175 1.45715e-08 3083717413 1.45715e-08 220564665 1.45715e-08 3653734512 1.45715e-08 3815024321 1.45715e-08 
1748171.0 1 3083717413 2.9143e-08 2878871175 
1758059.0 0 953296898 2.791e-08 3696193412 
1758499.0 1 3534547045 6.563452e-07 4253718737 
1762027.0 1 2235064901 9.6929197e-07 2746930994 
1773242.0 1 373638573 1.00000102791 3241671100 
1781368.0 0 2235064901 9.69292e-07 2723643411 
1793197.0 0 2235064901 9.69292e-07 314650893 
1806732.0 3 3933289935 2.791e-08 1149406307 1428265047 1.4e-08 
1819892.0 0 2856850640 2.791e-08 1963165541 
1842162.0 1 3373526895 8.750662e-07 1434594601 
1849143.0 1 3373526895 8.8910625e-07 2842015324 
1851004.0 0 1218250404 1.424009e-08 1172086036 
1853592.0 1 1465560917 1.2076360900000001e-06 4240624600 
1863114.0 0 2440120768 2.791e-08 2723643411 
1876479.0 1 3373526895 9.033463899999999e-07 1211996162 
1876745.0 1 1465560917 1.22214435e-06 1128056158 
1891851.0 0 3933289935 2.791e-08 3697249003 
1904573.0 2 2246051850 7.816101e-07 1516068388 3604532305 1.4e-08 1869365069 2.091e-08 965372172 2.091e-08 
1906920.0 2 2246051850 8.230802499999999e-07 1790255658 607396504 2.068055e-08 2533881277 2.068055e-08 
1907182.0 0 1503861029 5.582e-08 3108364485 
1916899.0 1 2246051850 8.4376075e-07 607396504 
1927656.0 1 373638573 1.000001014 4283280385 
1928606.0 1 2246051850 8.646708e-07 965372172 
1934496.0 0 302486611 2.848018e-08 3187199216 
1938685.0 0 3707879645 3.0656e-08 538453177 
1967413.0 0 1869365069 2.091e-08 3528332227 
1973353.0 0 179097684 4.74635e-07 2723643411 
1978158.0 0 220564665 1.45715e-08 3083352544 
1978783.0 0 611212867 2.850835e-08 314650893 
2006317.0 0 3528332227 2.091e-08 1428265047 
2063479.0 2 3908154577 2.7950049999999998e-08 3888264012 472358284 1.4e-08 
2078563.0 3 2261252686 2.428462e-08 134948105 1950077488 1.828632e-08 
2085140.0 1 2246051850 9.3332736e-07 2718413753 
2097336.0 1 3373526895 9.1738645e-07 313359544 
2112354.0 3 3707879645 1.4e-08 3424908067 1820499179 1.5328e-08 4055959668 1.5328e-08 
2131309.0 1 1465560917 1.243054e-06 1837234470 
2147863.0 1 3534547045 6.730912e-07 2791633391 
2148459.0 0 1869365069 2.091e-08 3113062634 
2166694.0 0 4055959668 1.5328e-08 1820499179 
2186717.0 1 2246051850 9.4798824e-07 3059103076 
2205775.0 0 2246051850 9.479882e-07 2533881277 
2222371.0 0 4055959668 1.5328e-08 3707879645 
2231106.0 1 1465560917 1.25771494e-06 1998372786 
2234208.0 0 4055959668 1.5328e-08 3707879645 
2245451.0 1 2235064901 9.83292e-07 66296937 
2258142.0 1 373638573 1.00000101912697 3349724438 
2283064.0 1 373638573 1.0000010558199999 1503861029 
2295641.0 1 545239233 4.888744e-07 4122240121 
2300683.0 1 2235064901 9.9733205e-07 4198169764 
2335680.0 1 1068020906 0.00095456640312 378125977 
2352860.0 3 2906924538 2.791e-08 2466232951 528880979 1.4e-08 
2373566.0 0 2620740164 2.791e-08 2455922112 
2375000.0 0 333964007 2.791e-08 937177227 
2385851.0 0 3737780296 4.4656e-07 2504591099 
2405305.0 2 545239233 4.9215518e-07 1751902433 3778036871 1.762922e-08 
2433810.0 1 373638573 1.00000102791 1593850299 
2455614.0 0 3737780296 4.4656e-07 848448836 
2521609.0 2 3632514288 1.8074e-08 4055959668 1405660995 1.4e-08 
2530257.0 0 1820499179 1.5328e-08 3707879645 
2542598.0 0 528880979 1.4e-08 3196256300 
2546866.0 3 811613008 1.400001e-08 3187199216 3662110242 1.407504e-08 2247026945 1.407504e-08 
2549193.0 0 3632514288 1.8074e-08 3707879645 
2557279.0 0 3534547045 6.730912e-07 1804212609 
2573667.0 0 2246051850 9.479882e-07 1172086036 
2608485.0 3 220564665 1.45715e-08 3196256300 4032129539 1.4e-08 
2613117.0 0 545239233 4.921552e-07 2533881277 
2618995.0 0 2246051850 9.479882e-07 3414514926 
2659717.0 1 373638573 1.00000101450835 1026028388 
2692465.0 0 3534547045 6.730912e-07 3321237907 
2701238.0 0 3373526895 9.173864e-07 953296898 
2713015.0 0 179097684 4.74635e-07 1820499179 
2739340.0 0 2235064901 9.973321e-07 3908154577 
2747513.0 0 1465560917 1.257715e-06 976558236 
2762157.0 0 3459374364 3.0656e-08 1405660995 
2771887.0 1 2235064901 1.01137215e-06 2118016430 
2774754.0 1 3373526895 9.313864e-07 4032129539 
2782314.0 3 2125112500 1.4000000000000003e-08 3697249003 4035587434 1.741e-08 3111692719 1.741e-08 
2794723.0 1 2246051850 9.758982e-07 197654791 
2796701.0 1 373638573 1.00000102791 1586980658 
2871807.0 0 3534547045 6.730912e-07 538453177 
2878984.0 3 1321648343 1.4000000000000003e-08 848448836 1398579088 1.741e-08 2501379955 1.741e-08 
2896504.0 1 2246051850 9.898982e-07 1428265047 
2911274.0 2 3908154577 2.79901e-08 3083352544 3332562587 1.4e-08 
2926765.0 0 888311950 2.791e-08 3176785673 
2946391.0 0 2246051850 9.898982e-07 3071234124 
2964917.0 0 302486611 2.848018e-08 528880979 
2968763.0 1 1068020906 0.0009545943100000001 732124878 
2971653.0 0 3459374364 3.0656e-08 3632514288 
2973038.0 2 898751805 1.8074e-08 1820499179 3562383954 1.4e-08 
2986211.0 0 3111692719 1.741e-08 740082705 
3029089.0 1 3373526895 9.459579e-07 220564665 
3064891.0 0 1156624510 2.791e-08 331336395 
3071149.0 0 2235064901 1.011372e-06 472358284 
3081625.0 1 373638573 1.00000101450835 937177227 
3081844.0 3 538453177 1.4e-08 3707879645 2521380987 1.4e-08 
3094097.0 0 2235064901 1.011372e-06 3908154577 
3104007.0 0 3534547045 6.730912e-07 3562383954 
3105213.0 0 3815024321 1.45715e-08 331336395 
3106571.0 3 302486611 1.3999999999999998e-08 3653734512 4119421155 1.452584e-08 1913762779 1.452584e-08 
3133772.0 0 2521380987 1.4e-08 538453177 
3137583.0 3 259930472 1.4e-08 4035587434 3678948817 1.566e-08 2489195127 1.566e-08 
3168133.0 3 1963165541 1.3999990000000001e-08 2909632847 3929228125 1.420918e-08 3160344427 1.420918e-08 
3171687.0 1 1465560917 1.2751250000000001e-06 1398579088 
3212048.0 0 3736601249 2.791e-08 1327969783 
3219341.0 1 2204676502 0.00028574858055 2533881277 
3230465.0 1 1465560917 1.289125e-06 3071234124 
3247750.0 0 2799798816 6.840492e-07 2438291630 
3262481.0 2 3632514288 1.831409e-08 1804212609 3182159117 1.4e-08 
3266393.0 1 3632514288 3.231409e-08 3182159117 
3288512.0 1 3534547045 6.8716624e-07 740082705 
3335102.0 3 3933289935 1.3999999999999998e-08 57770090 766581564 1.409711e-08 3702894340 1.409711e-08 
3344209.0 0 3297362622 2.091e-08 1172086036 
3349776.0 0 3459374364 3.0656e-08 1541946641 
3375447.0 1 3838279446 4.241835e-08 1104410542 
3375966.0 1 3737780296 4.7447e-07 3490627259 
3396107.0 0 545239233 4.921552e-07 314650893 
3419467.0 0 1465560917 1.289125e-06 2707128518 
3431210.0 2 3373526895 9.5026982e-07 314650893 3532745758 2.080066e-08 
3444544.0 0 3632514288 3.231409e-08 2521380987 
3447086.0 1 3373526895 9.7107046e-07 3532745758 
3450192.0 3 3321237907 1.424009e-08 3562383954 1072840122 1.4e-08 
3460915.0 3 333964007 2.191928e-08 259930472 3294683754 1.999072e-08 
3488880.0 0 3908154577 2.79901e-08 3294683754 
3492381.0 0 2799798816 6.840492e-07 3929228125 
3507666.0 1 179097684 4.9462572e-07 3294683754 
3513206.0 2 3321237907 1.428014e-08 1172086036 1676003954 1.4e-08 
3595513.0 0 3534547045 6.871663e-07 1434498202 
3596275.0 1 373638573 1.00000102791 1541946641 
3599431.0 1 2235064901 1.025372e-06 302486611 
3682202.0 0 3357643131 2.791e-08 3696193412 
3696005.0 0 3534547045 6.871663e-07 2455922112 
3749071.0 3 326805806 1.4e-08 953296898 4285585893 1.74325e-08 2674988631 1.74325e-08 406745133 1.74325e-08 2883513480 1.74325e-08 
3763699.0 1 2799798816 7.398692e-07 739080713 
3766746.0 3 1218250404 1.424009e-08 1072840122 783121895 1.4e-08 
3824948.0 1 373638573 1.00000101450835 2999719241 
3834612.0 1 3373526895 9.85642e-07 3815024321 
3836388.0 1 373638573 1.00000101450835 1931993247 
3868092.0 1 179097684 5.086258e-07 1405660995 
3880034.0 1 3534547045 7.1948039e-07 3632514288 
3908940.0 2 179097684 5.0916974e-07 898751805 2683944377 1.753006e-08 
3921276.0 1 179097684 5.266997600000001e-07 2683944377 
3939765.0 1 2246051850 1.0178082000000001e-06 1019134040 
3949612.0 1 373638573 1.00000101466094 4069401935 
3954468.0 1 2246051850 1.03233384e-06 1913762779 
3967511.0 3 2799798816 7.398691100000001e-07 3737780296 2961226102 2.577377e-08 301219709 1.402176e-08 1743198400 1.402176e-08 3059144981 1.402176e-08 3952655669 1.402176e-08 2848685905 1.402176e-08 1826422368 1.402176e-08 896813269 1.402176e-08 37051273 1.402176e-08 1867247157 1.402176e-08 3633199892 1.402176e-08 1736323711 1.402176e-08 283080478 1.402176e-08 785216844 1.402176e-08 3006103420 1.402176e-08 2898323513 1.402176e-08 1199222225 1.402176e-08 3755198008 1.402176e-08 2795041644 1.402176e-08 3492274228 1.402176e-08 1420914473 1.402176e-08 439844059 1.402176e-08 3802520055 1.402176e-08 3012889883 1.402176e-08 3363823620 1.402176e-08 1086559163 1.402176e-08 3063534263 1.402176e-08 2013640095 1.402176e-08 1461359102 1.402176e-08 2027098952 1.402176e-08 4167430602 1.402176e-08 4096225443 1.402176e-08 781549661 1.402176e-08 
3967511.0 1 2961226102 3.979553e-08 781549661 
3967511.0 1 2961226102 5.381728e-08 301219709 
3967513.0 1 896813269 2.804352e-08 1826422368 
3967597.0 0 2799798816 7.398692e-07 2795041644 
3993812.0 1 1465560917 1.317035e-06 1434498202 
4002097.0 1 2799798816 7.5389096e-07 2795041644 
4032686.0 1 2235064901 1.053282e-06 3357643131 
4044221.0 1 3534547045 7.501364e-07 3459374364 
4059207.0 1 2799798816 7.679126600000001e-07 3802520055 
4085078.0 3 611212867 1.3999989999999998e-08 3662110242 907719639 1.42917e-08 1906851972 1.42917e-08 
4085212.0 0 2799798816 7.679127e-07 2898323513 
4103735.0 1 2799798816 7.8193446e-07 1867247157 
4107342.0 1 2799798816 7.959561600000001e-07 4096225443 
4150273.0 0 3986570268 1.466094e-08 3401497744 
4198382.0 1 2235064901 1.067282e-06 611212867 
4213354.0 0 3534547045 7.501364e-07 2521380987 
4228317.0 1 2246051850 1.046334e-06 331336395 
4246820.0 1 373638573 1.000001014 528880979 
4252371.0 1 373638573 1.0000010140820899 3113062634 
4263021.0 1 3534547045 7.641364e-07 472358284 
4315969.0 0 2799798816 7.959562e-07 1743198400 
4351638.0 3 907719639 1.42917e-08 1676003954 2597880038 1.4e-08 
4370074.0 0 2883513480 1.74325e-08 1461359102 
4386006.0 1 179097684 5.406998e-07 2521380987 
4391859.0 1 1465560917 1.8091902e-06 545239233 
4413919.0 0 1086559163 1.402176e-08 3952655669 
4423374.0 2 4061687915 2.7931759999999998e-08 3363823620 1896745001 1.4e-08 
4439974.0 0 2501379955 1.741e-08 879162223 
4447636.0 0 2027098952 1.402176e-08 1743198400 
4448295.0 0 3555679070 4.241835e-08 3633199892 
4460723.0 1 439844059 2.804352e-08 3059144981 
4471829.0 1 1465560917 1.8232117599999999e-06 2848685905 
4481690.0 1 179097684 5.546998e-07 538453177 
4501854.0 1 1465560917 1.8406445e-06 2883513480 
4537897.0 1 3373526895 1.00016784e-06 4119421155 
4563395.0 1 1465560917 1.854644e-06 3604532305 
4568030.0 0 333964007 2.191928e-08 3933289935 
4568893.0 1 2235064901 1.081282e-06 2597880038 
4569103.0 0 1218250404 1.424009e-08 1842102965 
4611611.0 1 373638573 1.00000101420918 3160344427 
4614719.0 1 2246051850 1.0637665e-06 2674988631 
4686484.0 1 373638573 1.0000010174325 406745133 
4716602.0 0 3534547045 7.641364e-07 561528368 
4751779.0 1 2246051850 1.079427e-06 3678948817 
4774107.0 1 3373526895 1.0144080899999999e-06 1218250404 
4792086.0 0 2235064901 1.081282e-06 3321237907 
4806569.0 0 907719639 1.42917e-08 811613008 
4823406.0 3 3908154577 2.79901e-08 2125331604 2378434411 1.4e-08 
4823536.0 1 3373526895 1.028408e-06 783121895 
4909270.0 0 2906924538 2.791e-08 3297362622 
4918993.0 1 3373526895 1.04264809e-06 1842102965 
4919729.0 1 2799798816 8.099779600000001e-07 2013640095 
4973722.0 0 2235064901 1.081282e-06 3528332227 
4998683.0 0 3373526895 1.042648e-06 3071577057 
5015490.0 3 1878784256 1.4e-08 343742982 1837088337 2.091e-08 1543523724 2.091e-08 
5061533.0 0 3528332227 2.091e-08 283080478 
5087944.0 1 1465560917 1.8689357e-06 1906851972 
5130289.0 0 3519923770 2.791e-08 1950077488 
5181508.0 1 373638573 1.00000101450835 3414514926 
5281675.0 1 373638573 1.0000010140820899 847040419 
5309411.0 0 4061687915 2.793176e-08 1896745001 
5359128.0 0 2246051850 1.079427e-06 907719639 
5363507.0 1 2235064901 1.102192e-06 3071577057 
5425435.0 1 373638573 1.0000010174325 4285585893 
5433792.0 1 1465560917 1.88656522e-06 3778036871 
5466586.0 0 1156624510 2.791e-08 3321237907 
5481915.0 2 3373526895 1.05360552e-06 561528368 1761715697 1.695248e-08 
5486752.0 1 2246051850 1.09370714e-06 3321237907 
5499607.0 1 3373526895 1.07055848e-06 1761715697 
5516960.0 2 2799798816 8.09978e-07 439844059 3099973400 1.4e-08 2789348510 1.404351e-08 
5608596.0 0 766581564 1.409711e-08 1321648343 
5621574.0 0 3534547045 7.641364e-07 2906924538 
5625302.0 0 2799798816 8.09978e-07 4061687915 
5633650.0 0 770580294 2.791e-08 3099973400 
5636664.0 1 2235064901 1.11621376e-06 1461359102 
5660973.0 1 2246051850 1.1216971e-06 3908154577 
5675594.0 1 2246051850 1.1359886999999999e-06 907719639 
5740669.0 1 1465560917 1.900565e-06 2378434411 
5740827.0 0 2799798816 8.09978e-07 3332562587 
5851576.0 1 179097684 5.826098e-07 2906924538 
5900103.0 1 2235064901 1.130214e-06 3933289935 
6034826.0 1 2246051850 1.1500107599999999e-06 3633199892 
6057634.0 1 1465560917 1.9284749999999998e-06 770580294 
6060547.0 1 373638573 1.00000102791 290926289 
6138374.0 0 3833318790 2.791e-08 2125112500 
6158541.0 1 1465560917 1.94249676e-06 3006103420 
6421242.0 1 373638573 1.0000010209099999 3528332227 
6485995.0 0 2235064901 1.130214e-06 3498415124 
6540246.0 1 3373526895 1.08496238e-06 879162223 
6661391.0 1 373638573 1.00000101450835 1494850122 
6663324.0 3 785216844 1.402176e-08 2125112500 1371202285 1.4e-08 
6820333.0 1 2799798816 8.2505144e-07 3179285865 
6884365.0 2 3373526895 1.7736615500000001e-06 3534547045 629078091 1.508737e-08 754560055 1.508737e-08 1737134642 1.508737e-08 37613351 1.508737e-08 3434666020 1.508737e-08 
6885239.0 1 3373526895 1.78874937e-06 754560055 
6892149.0 1 3373526895 1.80383637e-06 3434666020 
6896250.0 1 3373526895 1.81892437e-06 1737134642 
6911559.0 0 3373526895 1.818924e-06 629078091 
6930618.0 1 3373526895 1.8330211100000002e-06 3702894340 
6960668.0 0 3373526895 1.833021e-06 1945735688 
7009348.0 1 3373526895 1.84810837e-06 37613351 
7029432.0 1 1465560917 1.963407e-06 1837088337 
7105588.0 0 3373526895 1.848108e-06 629078091 
7138581.0 2 3696193412 2.5228260000000003e-08 2898323513 2369258877 1.4e-08 
7159653.0 0 3736601249 2.791e-08 976558236 
7203230.0 0 3373526895 1.848108e-06 629078091 
7236686.0 1 373638573 1.00000102791 888311950 
7283551.0 1 2799798816 8.390731600000001e-07 37051273 
7313285.0 1 1465560917 1.991317e-06 2856850640 
7388109.0 1 179097684 5.9769717e-07 629078091 
7391334.0 0 3121292019 1.912697e-08 1199222225 
7572108.0 3 333964007 1.948061e-08 2789348510 3563522875 1.648218e-08 
7637646.0 0 1465560917 1.991317e-06 1869365069 
7649226.0 0 3519923770 2.791e-08 1543523724 
7722669.0 0 179097684 5.976971e-07 1945735688 
7746179.0 2 2246051850 1.1500100900000025e-06 2235064901 249728555 1.4e-08 4285226245 1.412929e-08 2707460946 1.412929e-08 2606325002 1.412929e-08 1541925803 1.412929e-08 2024675612 1.412929e-08 1292023300 1.412929e-08 3302973195 1.412929e-08 875106938 1.412929e-08 3314075649 1.412929e-08 2589646060 1.412929e-08 3433591204 1.412929e-08 1848242772 1.412929e-08 250719570 1.412929e-08 2681498831 1.412929e-08 481808867 1.412929e-08 2066612683 1.412929e-08 3458484829 1.412929e-08 2719204682 1.412929e-08 4256642775 1.412929e-08 2449448537 1.412929e-08 463844675 1.412929e-08 3167902617 1.412929e-08 579073438 1.412929e-08 3468130899 1.412929e-08 393090083 1.412929e-08 2343849308 1.412929e-08 1055469694 1.412929e-08 627452446 1.412929e-08 2014426858 1.412929e-08 2716949832 1.412929e-08 552634658 1.412929e-08 3736523900 1.412929e-08 2213923665 1.412929e-08 1503202005 1.412929e-08 3202152185 1.412929e-08 2622395779 1.412929e-08 3607413901 1.412929e-08 649593533 1.412929e-08 66987975 1.412929e-08 483021244 1.412929e-08 3707800333 1.412929e-08 3528190190 1.412929e-08 2185291493 1.412929e-08 550176535 1.412929e-08 1674415855 1.412929e-08 4287239676 1.412929e-08 3884987045 1.412929e-08 1960974751 1.412929e-08 309459595 1.412929e-08 2348040613 1.412929e-08 3180086772 1.412929e-08 3833074883 1.412929e-08 1462644303 1.412929e-08 4088625113 1.412929e-08 1237914369 1.412929e-08 2733144751 1.412929e-08 1649557018 1.412929e-08 1831065885 1.412929e-08 79461789 1.412929e-08 1621314342 1.412929e-08 2016090987 1.412929e-08 1553963666 1.412929e-08 1002680420 1.412929e-08 734120091 1.412929e-08 2475979558 1.412929e-08 2649056468 1.412929e-08 3381587904 1.412929e-08 175860597 1.412929e-08 1089013536 1.412929e-08 552498239 1.412929e-08 481049431 1.412929e-08 2950407739 1.412929e-08 72955594 1.412929e-08 1771264541 1.412929e-08 2353028958 1.412929e-08 2980075456 1.412929e-08 3449694611 1.412929e-08 1194638860 1.412929e-08 114837353 1.412929e-08 
7746179.0 1 2707460946 2.825858e-08 4285226245 
7746179.0 1 114837353 2.825858e-08 1194638860 
7746179.0 1 1541925803 2.825858e-08 2606325002 
7746179.0 1 3449694611 2.825858e-08 2980075456 
7746180.0 1 579073438 2.825858e-08 3167902617 
7746183.0 1 1055469694 2.825858e-08 2343849308 
7746185.0 1 1002680420 2.825858e-08 1621314342 
7746195.0 0 2246051850 1.15001e-06 1771264541 
7747682.0 0 3449694611 2.825858e-08 2589646060 
7749121.0 2 2246051850 1.15001e-06 1002680420 2341758500 1.4e-08 651046398 1.425858e-08 
7749232.0 1 2246051850 1.16413929e-06 2475979558 
7749262.0 0 2246051850 1.16414e-06 2341758500 
7749383.0 0 2246051850 1.16414e-06 2449448537 
7749429.0 1 2246051850 1.17826929e-06 250719570 
7751068.0 1 2246051850 1.19239829e-06 393090083 
7751329.0 1 2246051850 1.20652729e-06 1848242772 
7752325.0 1 2246051850 1.2206562899999999e-06 483021244 
7752535.0 1 2246051850 1.23478629e-06 66987975 
7754573.0 1 2246051850 1.24891529e-06 2014426858 
7754795.0 0 2353028958 1.412929e-08 4088625113 
7755113.0 0 309459595 1.412929e-08 3202152185 
7757028.0 1 2246051850 1.26304429e-06 2716949832 
7757328.0 1 2246051850 1.27717429e-06 4088625113 
7757353.0 1 2246051850 1.2913032899999999e-06 309459595 
7758387.0 1 2246051850 1.3054322899999998e-06 3458484829 
7759041.0 0 550176535 1.412929e-08 552634658 
7759885.0 0 72955594 1.412929e-08 3528190190 
7760377.0 0 2246051850 1.305432e-06 3202152185 
7762264.0 1 2246051850 1.31956129e-06 875106938 
7766062.0 1 2246051850 1.33369129e-06 3468130899 
7766706.0 0 579073438 2.825858e-08 2016090987 
7768123.0 0 2246051850 1.333691e-06 2213923665 
7771528.0 1 2246051850 1.36194958e-06 1055469694 
7779439.0 1 2246051850 1.3760792899999999e-06 3607413901 
7780116.0 3 1553963666 1.412929e-08 811613008 2780384598 1.4e-08 
7780149.0 0 3373526895 1.848108e-06 550176535 
7786336.0 0 2246051850 1.376079e-06 3736523900 
7790303.0 0 2246051850 1.376079e-06 2622395779 
7795899.0 1 2950407739 2.825858e-08 4256642775 
7800263.0 1 2950407739 4.238787e-08 72955594 
7801204.0 0 114837353 2.825858e-08 1237914369 
7804296.0 0 2246051850 1.376079e-06 1089013536 
7805002.0 1 2246051850 1.39020829e-06 1771264541 
7807357.0 0 1649557018 1.412929e-08 2185291493 
7807958.0 0 2185291493 1.412929e-08 3528190190 
7808736.0 1 2246051850 1.4325958700000001e-06 2950407739 
7811265.0 0 2246051850 1.432596e-06 3884987045 
7811451.0 0 1503202005 1.412929e-08 2341758500 
7812132.0 1 2246051850 1.4467252899999999e-06 2024675612 
7814513.0 1 2246051850 1.4608542899999998e-06 3833074883 
7823474.0 1 2246051850 1.47498429e-06 1503202005 
7829778.0 0 2246051850 1.474984e-06 3202152185 
7831520.0 1 3373526895 1.8622372899999999e-06 2622395779 
7839349.0 0 1541925803 2.825858e-08 2649056468 
7840090.0 0 2707460946 2.825858e-08 4287239676 
7840133.0 1 373638573 1.0000010156599999 2489195127 
7842212.0 1 3373526895 1.8763672899999999e-06 550176535 
7848234.0 0 1960974751 1.412929e-08 2341758500 
7848258.0 0 2501379955 1.741e-08 2247026945 
7871357.0 0 3381587904 1.412929e-08 2719204682 
7903345.0 0 175860597 1.412929e-08 2649056468 
7911457.0 0 1465560917 1.991317e-06 4004407106 
7920423.0 1 3373526895 1.89049629e-06 2213923665 
7928277.0 0 3373526895 1.890496e-06 2348040613 
7948718.0 1 2246051850 1.48911329e-06 481049431 
7952813.0 1 2246051850 1.51737158e-06 2707460946 
7957814.0 0 1089013536 1.412929e-08 3707800333 
7985187.0 0 3202152185 1.412929e-08 3302973195 
7994317.0 1 2246051850 1.5315012899999999e-06 2016090987 
8015136.0 0 2246051850 1.531501e-06 552634658 
8015881.0 1 579073438 4.251716e-08 651046398 
8017218.0 1 2246051850 1.54563029e-06 3302973195 
8026471.0 1 3373526895 1.904496e-06 1371202285 
8031024.0 0 2246051850 1.54563e-06 175860597 
8034928.0 1 3373526895 1.91862529e-06 2348040613 
8046350.0 3 179097684 5.6627825e-07 1543523724 1061526795 1.744295e-08 3342541004 1.744295e-08 1577969976 1.744295e-08 
8049892.0 1 179097684 5.8372125e-07 1061526795 
8061048.0 1 3373526895 1.93275529e-06 2353028958 
8061915.0 1 2246051850 1.55975929e-06 3314075649 
8064103.0 2 2733144751 1.415105e-08 283080478 695939830 1.4e-08 
8067832.0 1 179097684 6.011641499999999e-07 1577969976 
8102968.0 1 2246051850 1.57388929e-06 3884987045 
8114509.0 0 179097684 6.011642e-07 3342541004 
8129201.0 3 3449694611 2.65951e-08 481808867 229435916 1.579277e-08 
8150826.0 0 179097684 6.011642e-07 3342541004 
8165981.0 1 3373526895 1.9468842900000003e-06 3381587904 
8175239.0 1 2246051850 1.58801829e-06 2449448537 
8181177.0 1 2246051850 1.6021472899999999e-06 1089013536 
8190990.0 2 1465560917 1.9913172699999996e-06 2799798816 1850435983 3.752525e-08 19131048 1.406224e-08 2426951832 1.406224e-08 3089865955 1.406224e-08 3526559023 1.406224e-08 73116178 1.406224e-08 2654473721 1.406224e-08 2564127097 1.406224e-08 3554620561 1.406224e-08 2789301560 1.406224e-08 3201932102 1.406224e-08 3527214469 1.406224e-08 224410298 1.406224e-08 3967778277 1.406224e-08 1759850032 1.406224e-08 2704180049 1.406224e-08 287394855 1.406224e-08 2670951229 1.406224e-08 2367820772 1.406224e-08 771359632 1.406224e-08 4186562710 1.406224e-08 3211480542 1.406224e-08 346987663 1.406224e-08 1922039940 1.406224e-08 2110688926 1.406224e-08 1314810707 1.406224e-08 2472898255 1.406224e-08 3459912306 1.406224e-08 1598213090 1.406224e-08 1495382923 1.406224e-08 722767024 1.406224e-08 515125813 1.406224e-08 1298902656 1.406224e-08 3532628785 1.406224e-08 826924968 1.406224e-08 3190311976 1.406224e-08 841878026 1.406224e-08 2747938267 1.406224e-08 3177521820 1.406224e-08 3363025910 1.406224e-08 1290268226 1.406224e-08 764400056 1.406224e-08 1517815290 1.406224e-08 66064165 1.406224e-08 2766526296 1.406224e-08 2454553876 1.406224e-08 1923515514 1.406224e-08 3339828518 1.406224e-08 105819081 1.406224e-08 533433650 1.406224e-08 1601889739 1.406224e-08 381652938 1.406224e-08 96665495 1.406224e-08 1342185090 1.406224e-08 149784911 1.406224e-08 85224627 1.406224e-08 1965662198 1.406224e-08 110439229 1.406224e-08 
8190990.0 1 1850435983 5.158749e-08 110439229 
8190990.0 1 1850435983 6.564973999999999e-08 19131048 
8191074.0 1 1465560917 2.00537924e-06 1495382923 
8191431.0 0 1465560917 2.005379e-06 2110688926 
8195779.0 3 3201932102 1.406224e-08 873214132 1449522982 1.4e-08 
8199175.0 1 1465560917 2.0194412399999998e-06 3554620561 
8212396.0 0 3373526895 1.946884e-06 3433591204 
8213013.0 1 1465560917 2.03350424e-06 3967778277 
8213015.0 1 1465560917 2.04756624e-06 85224627 
8227599.0 1 1465560917 2.06162824e-06 2564127097 
8231557.0 0 1465560917 2.061628e-06 1922039940 
8245139.0 0 1960974751 1.412929e-08 3736523900 
8248290.0 1 1465560917 2.0756902399999996e-06 73116178 
8248818.0 1 2246051850 1.616148e-06 2341758500 
8262566.0 1 764400056 2.812448e-08 722767024 
8265241.0 1 1465560917 2.0897532399999997e-06 2367820772 
8269422.0 3 3449694611 1.7488299999999997e-08 3696193412 3279439195 1.716753e-08 360107933 1.716753e-08 
8269965.0 1 3190311976 2.812448e-08 515125813 
8271807.0 1 1465560917 2.1037530000000003e-06 1449522982 
8273530.0 1 1465560917 2.1178152399999997e-06 533433650 
8274484.0 1 1465560917 2.13187724e-06 1601889739 
8285104.0 1 1465560917 2.1459392399999997e-06 1517815290 
8287634.0 1 1465560917 2.1600022399999997e-06 2766526296 
8288245.0 2 3342541004 1.7483e-08 1945735688 1657444763 1.4e-08 
8288304.0 1 3342541004 3.1483e-08 1657444763 
8297137.0 1 764400056 4.218673e-08 66064165 
8297711.0 0 1465560917 2.160002e-06 3211480542 
8302918.0 0 1298902656 1.406224e-08 3526559023 
8305102.0 1 3373526895 1.96101329e-06 1462644303 
8305341.0 0 1465560917 2.160002e-06 4186562710 
8308145.0 3 2454553876 1.406224e-08 249728555 58759274 1.4e-08 
8317598.0 0 2246051850 1.616148e-06 3736523900 
8321547.0 0 3342541004 3.1483e-08 649593533 
8324452.0 1 3373526895 1.97514329e-06 1960974751 
8324897.0 3 3498415124 2.791e-08 695939830 2135013218 1.4e-08 
8332662.0 1 3373526895 1.9892722900000002e-06 2066612683 
8337854.0 0 2589646060 1.412929e-08 1598213090 
8338172.0 1 1465560917 2.1740020000000003e-06 3099973400 
8338644.0 0 579073438 4.251716e-08 2719204682 
8348681.0 1 2246051850 1.6302772899999999e-06 1649557018 
8350750.0 0 764400056 4.218673e-08 2670951229 
8353699.0 1 373638573 1.00000101402176 785216844 
8371045.0 1 1465560917 2.1880642399999997e-06 3201932102 
8371528.0 1 1465560917 2.20212624e-06 287394855 
8380371.0 1 1465560917 2.2161882399999998e-06 3526559023 
8385813.0 1 179097684 6.326472e-07 3342541004 
8411176.0 0 1465560917 2.216188e-06 1831065885 
8416321.0 0 2246051850 1.630277e-06 3707800333 
8444618.0 3 3498415124 2.660722e-08 79461789 470332523 1.543207e-08 
8474360.0 0 627452446 1.412929e-08 3459912306 
8480818.0 1 1465560917 2.23025024e-06 1290268226 
8501792.0 3 764400056 3.1951819999999996e-08 346987663 3217169414 2.429715e-08 
8507520.0 0 229435916 1.579277e-08 3202152185 
8514616.0 0 1465560917 2.230251e-06 3211480542 
8524108.0 1 2246051850 1.64440629e-06 3528190190 
8530976.0 0 766581564 1.409711e-08 1598213090 
8583077.0 1 627452446 2.819153e-08 1965662198 
8613625.0 1 1465560917 2.24431324e-06 1314810707 
8613971.0 0 2246051850 1.644406e-06 3279439195 
8665653.0 1 1465560917 2.25837524e-06 1759850032 
8674831.0 0 2719204682 1.412929e-08 3339828518 
8677238.0 2 552498239 1.425858e-08 3707800333 3030801476 1.4e-08 
8679181.0 2 175860597 1.425858e-08 3180086772 2208266878 1.4e-08 
8694612.0 1 1465560917 2.27243724e-06 224410298 
8722274.0 0 2246051850 1.644406e-06 3433591204 
8722456.0 1 2246051850 1.65853529e-06 3433591204 
8733625.0 0 3217169414 2.429715e-08 3339828518 
8753001.0 3 1850435983 4.4003140000000005e-08 3339828518 3715668764 1.785442e-08 3418547556 1.785442e-08 
8761399.0 2 470332523 1.545383e-08 3012889883 355298688 1.4e-08 
8768410.0 0 3083717413 2.914301e-08 2454553876 
8768850.0 1 3373526895 2.0034230499999997e-06 2733144751 
8771913.0 2 3715668764 1.791666e-08 1923515514 4193709834 1.4e-08 
8774581.0 1 2246051850 1.67266429e-06 2719204682 
8790056.0 2 2246051850 1.672665e-06 1541925803 584993009 1.4e-08 1499007652 1.425858e-08 
8790428.0 1 2246051850 1.6869235799999999e-06 1499007652 
8793414.0 3 3083717413 1.4000000000000003e-08 649593533 755060644 1.463615e-08 3270476896 1.463615e-08 
8807586.0 0 4287239676 1.412929e-08 2110688926 
8807827.0 1 2246051850 1.70105229e-06 1674415855 
8808532.0 1 1465560917 2.28649924e-06 1342185090 
8816294.0 0 3270476896 1.463615e-08 3083717413 
8836186.0 1 3373526895 2.02091129e-06 3449694611 
8850270.0 1 373638573 1.00000201407504 2247026945 
8856191.0 3 3498415124 2.2837039999999997e-08 3563522875 3934203265 2.025236e-08 
8889363.0 1 2246051850 1.74357016e-06 579073438 
8909696.0 1 2246051850 1.7576992899999999e-06 3736523900 
8958580.0 1 1465560917 2.3005000000000003e-06 4193709834 
8977150.0 0 2246051850 1.757699e-06 3498415124 
8984848.0 1 373638573 1.00000201402176 2027098952 
9008986.0 0 2246051850 1.757699e-06 4186562710 
9077336.0 1 3373526895 2.04520815e-06 3217169414 
9092097.0 1 3373526895 2.05933829e-06 1292023300 
9092774.0 1 3373526895 2.07340024e-06 2747938267 
9109331.0 1 1465560917 2.3145622399999996e-06 3527214469 
9112277.0 1 2246051850 1.771699e-06 3030801476 
9117062.0 0 105819081 1.406224e-08 2654473721 
9132061.0 0 2246051850 1.771699e-06 841878026 
9170068.0 1 2246051850 1.785699e-06 2780384598 
9198784.0 3 1156624510 2.791e-08 1321648343 1292024166 1.4e-08 
9204029.0 0 764400056 3.195183e-08 2426951832 
9216154.0 1 179097684 6.500572e-07 2501379955 
9234034.0 1 2246051850 1.79995758e-06 175860597 
9247086.0 1 179097684 6.6469335e-07 755060644 
9271336.0 2 3418547556 1.791666e-08 2110688926 1323984060 1.4e-08 
9276661.0 2 3498415124 2.296632e-08 734120091 4197927596 1.4e-08 
9277902.0 0 3211480542 1.406224e-08 58759274 
9287859.0 3 2589646060 1.412929e-08 1292024166 1414892502 1.4e-08 
9288691.0 0 3373526895 2.0734e-06 552634658 
9289097.0 2 3176785673 1.7628289999999997e-08 381652938 4201342597 1.4e-08 
9319426.0 3 2789301560 1.406224e-08 58759274 2391696826 1.4e-08 
9329142.0 3 3532628785 1.406224e-08 355298688 4138371369 1.4e-08 
9377224.0 3 2250879299 2.791e-08 1963165541 3590332688 1.4e-08 
9380504.0 3 2654473721 1.406224e-08 3083717413 1745749016 1.4e-08 
9392174.0 0 2246051850 1.799958e-06 1553963666 
9393832.0 1 3373526895 2.0874e-06 2135013218 
9444038.0 1 1465560917 2.34651383e-06 764400056 
9448371.0 1 2246051850 1.820868e-06 3297362622 
9451221.0 3 1831065885 1.412929e-08 4138371369 2711965517 1.4e-08 
9478314.0 1 1465560917 2.3605762399999997e-06 3211480542 
9530410.0 0 1465560917 2.360576e-06 2472898255 
9532819.0 1 373638573 1.0000020279100001 102901530 
9539549.0 1 2246051850 1.834868e-06 584993009 
9563641.0 3 1553963666 1.412929e-08 2391696826 2933223072 1.4e-08 
9619751.0 2 3934203265 2.081091e-08 360107933 1987038079 1.660898e-08 
9624476.0 3 3111692719 1.6572319999999997e-08 2670951229 3797386594 1.489992e-08 
9647999.0 0 463844675 1.412929e-08 2711965517 
9658668.0 0 1831065885 1.412929e-08 2711965517 
9663556.0 0 2472898255 1.406224e-08 2208266878 
9675003.0 2 3498415124 2.442015e-08 470332523 1280619132 1.4e-08 
9676297.0 1 2246051850 1.85066077e-06 229435916 
9731965.0 0 3838279446 4.241835e-08 2261252686 
9783474.0 2 1237914369 1.425858e-08 552634658 4105879141 1.4e-08 
9788969.0 0 179097684 6.646933e-07 3270476896 
9800168.0 0 3797386594 1.489992e-08 3952655669 
9805446.0 1 1465560917 2.388486e-06 2937387076 
9814786.0 1 2246051850 1.86466e-06 2711965517 
9835580.0 1 1465560917 2.40254824e-06 2789301560 
9844778.0 0 1465560917 2.402548e-06 333964007 
9935278.0 1 2246051850 1.87878929e-06 2681498831 
9971729.0 1 2246051850 1.89285224e-06 826924968 
