15.26067 1 3004792470 3.0701e-07 3736601249 
60.271 1 858320168 5.582e-08 387772665 
85.20641 1 3150846686 3.0701e-07 3232700421 
86.3631 1 3382444416 5.582e-08 1035492323 
130.4564 1 1572835533 3.0701e-07 2693713428 
156.1401 1 3150846686 3.3492e-07 2779686750 
193.0779 1 2246051850 3.0701e-07 211811971 
196.964 1 2261252686 5.582e-08 3012070026 
208.7992 1 3373526895 3.0701e-07 1134175585 
319.6752 1 1425083048 5.582e-08 3326748277 
331.6011 1 4259593397 3.0701e-07 1593850299 
345.2449 1 1222799196 3.0701e-07 873214132 
424.9055 1 511603307 5.582e-08 3933289935 
579.1014 1 2870037616 5.582e-08 2542835646 
692.3895 1 3921011129 3.0701e-07 1584276479 
776.503 1 3150846686 3.6283e-07 2835620284 
849.938 1 3373526895 3.3492e-07 632754209 
885.3395 1 331336395 5.582e-08 1738899943 
1043.402 1 1572835533 3.3492e-07 3241671100 
1151.595 0 3921011129 3.0701e-07 3061883439 
1439.926 1 2519559028 3.0701e-07 4188445920 
1506.421 1 2340740170 3.0701e-07 2932274237 
1635.166 1 1572835533 3.6283e-07 1502094437 
1695.026 1 717226258 5.582e-08 688805295 
1957.937 1 482917538 5.582e-08 2409063466 
2309.463 0 3373526895 3.3492e-07 3800234335 
2345.002 1 3004792470 3.3492e-07 1651612823 
2673.876 1 4259593397 3.3492e-07 2046083849 
3079.824 1 2799798816 3.0701e-07 2870158420 
3196.276 1 925199572 5.582e-08 3889879026 
3453.826 1 1458432161 5.582e-08 1227575429 
3458.088 1 1465560917 3.0701e-07 949068759 
3604.736 0 3084497907 2.791e-08 1379399837 
3833.18 1 3921011129 3.3492e-07 3800234335 
3993.602 1 4259593397 3.9073999999999996e-07 1458432161 
3995.372 0 6723929 2.791e-08 941534069 
4121.956 1 3126241903 5.582e-08 3938221642 
4276.863 0 2340740170 3.0701e-07 1123501568 
4401.172 0 2340740170 3.0701e-07 1123501568 
4629.223 0 925199572 5.582e-08 1731090175 
5392.665 1 2074240873 5.582e-08 2466232951 
5542.407 1 1572835533 3.9073999999999996e-07 1593891639 
5572.591 1 3534547045 3.0701e-07 582973675 
5826.68 1 3126241903 8.373e-08 1735432893 
6071.037 1 511603307 8.373e-08 3774459889 
6124.299 0 2340740170 3.0701e-07 905418128 
6453.282 1 545239233 3.0701e-07 3114612365 
6726.624 1 561528368 5.582e-08 941534069 
6742.804 0 40245973 2.791e-08 2308721517 
6915.381 1 3921011129 3.6283e-07 3908154577 
7068.447 1 2340740170 3.6283e-07 482917538 
7147.941 1 1075699702 3.6283000000000003e-07 511603307 
7230.842 1 3921011129 3.9073999999999996e-07 3257166052 
7401.794 0 259930472 2.791e-08 242414939 
7581.818 1 858320168 8.373e-08 3061883439 
7737.792 0 1321648343 2.791e-08 1123501568 
7882.105 0 925199572 5.582e-08 2038493855 
7899.464 0 2250757420 2.791e-08 29350397 
7911.211 1 3921011129 4.1865e-07 3841896594 
8127.09 1 1075699702 3.9073999999999996e-07 790319072 
8467.471 0 3621383820 2.791e-08 3421887303 
8544.755 0 3084497907 2.791e-08 3621383820 
8588.172 1 1465560917 3.6283e-07 2870037616 
8588.373 1 3534547045 3.3492e-07 1661091397 
8589.806 0 561528368 5.582e-08 1321648343 
8762.315 1 870323177 5.582e-08 3421887303 
8854.365 1 1572835533 4.1865e-07 1037584679 
8914.35 1 1068020906 0.0009543279100000001 3919026803 
9642.886 1 3534547045 3.6283e-07 2038493855 
9740.59 1 3921011129 4.4656e-07 486050091 
9823.365 1 717226258 8.373e-08 3732071459 
9924.339 0 1206764858 2.791e-08 3704423751 
10011.61 0 3534547045 3.6283e-07 1731090175 
10771.22 1 2340740170 3.9073999999999996e-07 40245973 
10937.88 1 636961411 5.582e-08 3707189490 
11030.41 0 858320168 8.373e-08 778035964 
11316.08 0 1866926464 2.791e-08 1434594601 
11914.28 1 2235064901 3.0701e-07 3116505811 
11945.96 1 1465560917 3.9073999999999996e-07 3555679070 
12055.5 1 2519559028 3.3492e-07 3176785673 
12399.65 0 3498415124 2.791e-08 905418128 
12652.64 1 1631081845 5.582e-08 2455496064 
12980.67 1 3150846686 3.9073999999999996e-07 3616865126 
13023.51 0 3071234124 2.791e-08 905418128 
13159.02 1 1222799196 3.3492e-07 3497999925 
13715.12 1 3921011129 5.0238e-07 331336395 
13996.28 0 3800257563 2.791e-07 4028593304 
15859.06 1 2235064901 3.3492e-07 2178051842 
16499.22 0 838860310 2.791e-08 1878784256 
16541.97 1 545239233 3.3492e-07 1516068388 
16598.02 1 3150846686 4.1865e-07 3150420704 
16920.63 1 3150846686 4.4656e-07 725558489 
17143.51 1 1465560917 4.1865e-07 343742982 
17444.93 0 811613008 2.791e-08 2911053862 
18315.72 1 717226258 1.1164e-07 2718413753 
19213.1 0 2393342300 2.791e-08 2349140130 
20262.72 0 2451350669 2.791e-08 242414939 
20807.15 2 2246051850 3.0701001e-07 717226258 3687573659 7.490551e-08 3196256300 1.836724e-08 848448836 1.836724e-08 
20923.88 1 1415695418 5.582e-08 253808213 
21684.75 1 2519559028 3.6283e-07 4226750145 
22252.81 1 1572835533 4.4656e-07 1481166135 
22500.95 1 1465560917 4.4656e-07 2480932170 
23165.27 3 2555962951 2.7909996e-07 426576124 2211003714 1.4e-08 2916276788 1.472778e-08 3696193412 1.472778e-08 15308464 1.472778e-08 1239307652 1.472778e-08 1945448119 1.472778e-08 3396227953 1.472778e-08 3321237907 1.472778e-08 3187199216 1.472778e-08 3330100144 1.472778e-08 310481256 1.472778e-08 817087088 1.472778e-08 551137729 1.472778e-08 1218250404 1.472778e-08 1035956119 1.472778e-08 1211996162 1.472778e-08 188552836 1.472778e-08 2029773149 1.472778e-08 302486611 1.472778e-08 
23412.63 1 3534547045 3.9073999999999996e-07 780264402 
24207.96 0 2799798816 3.0701e-07 2906924538 
24310.89 1 3382444416 8.373e-08 1963165541 
24768.32 1 1321648343 5.582e-08 2308721517 
24890.19 0 1434594601 2.791e-08 129185354 
25036.79 1 2246051850 3.2537724e-07 848448836 
27120.28 0 925199572 5.582e-08 2393342300 
27650.28 0 2235064901 3.3492e-07 1494141940 
28068.23 1 1068020906 0.0009543558100000001 1768543625 
28095.6 1 2340740170 4.4656e-07 561528368 
28216.43 1 3150846686 4.7447e-07 778035964 
28666.02 1 921425487 5.582e-08 2669757562 
28864.02 0 2235064901 3.3492e-07 2125112500 
28925.91 2 3150846686 4.7447e-07 870323177 1842102965 1.4e-08 1285693762 2.091e-08 1078741991 2.091e-08 
29953.55 0 925199572 5.582e-08 2393342300 
29986.82 0 911013108 2.791e-08 551137729 
30383.02 0 245436729 2.791e-08 4263717482 
31013.17 0 3084497907 2.791e-08 3621383820 
31176.48 1 2340740170 4.7447e-07 6723929 
31336.73 0 3534547045 3.9074e-07 1731090175 
31419.62 0 2340740170 4.7447e-07 3071234124 
31593.51 0 259930472 2.791e-08 197654791 
33321.21 1 4259593397 4.4656e-07 2074240873 
35832.61 0 2737363250 2.791e-08 1493201942 
36403.15 1 3004792470 3.6283e-07 732124878 
36570.66 1 4259593397 4.7447e-07 1434498202 
36715.33 1 3373526895 3.9073999999999996e-07 1631081845 
36758.48 1 1222799196 3.6283e-07 102901530 
36838.97 1 2246051850 4.0028270999999997e-07 3687573659 
37256.91 0 3749853089 2.791e-08 2528553283 
37422.32 1 3084497907 5.582e-08 3621383820 
38587.66 1 4259593397 5.0238e-07 1541946641 
38679.49 0 3749853089 2.791e-08 3424908067 
38686.72 0 3534547045 3.9074e-07 1731090175 
38787.19 0 2125112500 2.791e-08 1842102965 
39861.36 0 2859795595 2.791e-08 4231632140 
40852.89 0 2984600922 2.791e-07 2250879299 
42243.26 1 3150846686 4.9538e-07 1078741991 
42657.21 0 2235064901 3.3492e-07 1285693762 
43626.33 1 2340740170 5.3029e-07 1425083048 
44877.92 0 3071234124 2.791e-08 1123501568 
45499.37 0 2937387076 2.791e-08 905418128 
45596.99 0 545239233 3.3492e-07 257754683 
46801.03 1 4031050948 2.9382778e-07 1218250404 
46837.35 0 3749853089 2.791e-08 3424908067 
47732.4 0 925199572 5.582e-08 2393342300 
47772.58 1 3921011129 5.8611e-07 858320168 
48109.34 0 3084497907 5.582e-08 1285693762 
49592.41 1 3004792470 3.9073999999999996e-07 1878784256 
49938.53 0 3382444416 8.373e-08 838860310 
50526.59 1 2340740170 5.582e-07 3498415124 
51704.46 1 1206764858 5.582e-08 3704423751 
52036.48 1 3749853089 5.582e-08 2528553283 
52161.07 1 3481866093 4.263778e-08 3330100144 
52187.8 1 3749853089 8.373e-08 3424908067 
53031.26 0 4259593397 5.0238e-07 4122240121 
53638.03 1 925199572 8.373e-08 2393342300 
53927.53 1 2235064901 3.6283e-07 1494141940 
55992.68 1 2519559028 3.9073999999999996e-07 754869367 
56358.2 1 3534547045 4.7447e-07 3126241903 
58342.68 1 3121047530 5.582e-08 1379399837 
60521.81 0 3481866093 4.263778e-08 3838279446 
62948.32 1 911013108 5.582e-08 888311950 
63118.03 0 3921011129 5.8611e-07 1842102965 
63146.47 0 545239233 3.3492e-07 1842102965 
63514.93 0 315200650 2.791e-08 2906924538 
67101.62 1 2204676502 0.00028572791 3392858646 
67608.64 1 1068020906 0.00095438371 4274934102 
68057.38 0 1156624510 2.791e-08 3775452048 
68177.44 0 3373526895 3.9074e-07 2125112500 
70582.06 0 1790255658 2.791e-08 905418128 
70749.0 0 1572835533 4.4656e-07 770580294 
71300.91 1 1068020906 0.00095441161 90391199 
72045.68 0 1465560917 4.4656e-07 3357643131 
74826.71 0 3921011129 5.8611e-07 2125112500 
76919.97 0 1572835533 4.4656e-07 1790255658 
76932.05 1 2984600922 3.0701e-07 838860310 
77969.83 0 43001897 2.791e-08 1664502715 
78331.23 0 245436729 2.791e-08 257754683 
79422.56 0 3921011129 5.8611e-07 2125112500 
79534.9 1 2340740170 5.8611e-07 1123501568 
79560.43 1 3150846686 5.0938e-07 1842102965 
80263.77 0 1239791232 2.791e-08 659524895 
80852.21 1 1068020906 0.0009544395100000001 126484229 
81060.65 0 1415695418 5.582e-08 2710766136 
82920.94 1 1134132465 4.263778e-08 1211996162 
83369.83 1 1068020906 0.00095446751 29350397 
85810.71 0 3921011129 5.8611e-07 3919821980 
85976.3 0 314650893 2.791e-08 2737363250 
86873.27 2 2235064901 3.6283e-07 3084497907 2723643411 1.4e-08 1804212609 2.091e-08 438292632 2.091e-08 
87008.58 1 1068020906 0.0009547466 476505668 
87456.93 1 2235064901 3.8373999999999997e-07 438292632 
88598.37 1 4259593397 5.302900000000001e-07 1327969783 
88924.24 0 2440120768 2.791e-08 1019134040 
89505.48 1 1222799196 3.9073999999999996e-07 1790255658 
89766.98 0 869234806 2.791e-08 3775452048 
90692.88 1 2235064901 4.0465e-07 1804212609 
92597.27 2 2246051850 4.002828e-07 636961411 2001290253 1.4e-08 3147695692 2.091e-08 3179285865 2.091e-08 
97748.53 1 1222799196 4.4656e-07 1321648343 
97783.73 0 2408568032 2.791e-08 2001290253 
98438.94 0 3747246174 2.791e-08 862710978 
98565.11 0 862710978 2.791e-08 4252347608 
100087.4 0 3747246174 2.791e-08 862710978 
101591.3 0 2246051850 4.002828e-07 3147695692 
104964.1 0 2859795595 2.791e-08 1285693762 
105587.8 0 3747246174 2.791e-08 862710978 
106813.8 1 2984600922 3.3492e-07 3891448235 
106852.0 0 1444500749 2.791e-08 905418128 
107114.9 1 2246051850 4.1428279999999997e-07 2001290253 
107819.1 0 3150846686 5.0938e-07 287801793 
109209.0 1 1068020906 0.0009550257 1403705120 
109337.5 1 3921011129 6.0011e-07 2723643411 
109357.0 1 1068020906 0.00095505361 2729381062 
110671.4 0 443746396 2.791e-08 1945448119 
110871.2 0 862710978 2.791e-08 4252347608 
112326.6 1 1572835533 4.6747e-07 3147695692 
113841.6 1 326805806 4.263778e-08 188552836 
114059.1 1 1068020906 0.00095508151 1507417240 
115440.5 1 1068020906 0.0009551094100000001 1128709694 
115831.5 0 1493201942 2.791e-08 287801793 
115916.5 1 1572835533 4.9538e-07 3071234124 
116933.3 0 1493201942 2.791e-08 1285693762 
118678.4 0 925199572 8.373e-08 1731090175 
118951.5 0 4259593397 5.3029e-07 1503861029 
122026.7 0 911013108 5.582e-08 769686034 
122669.8 2 3150846686 5.0938e-07 3121047530 2173231515 1.4e-08 740082705 2.091e-08 2795063678 2.091e-08 
123570.6 1 2519559028 6.6984e-07 2555962951 
125106.4 0 2235064901 4.0465e-07 2859795595 
127671.1 0 1493201942 2.791e-08 2125112500 
129215.0 0 869234806 2.791e-08 953296898 
129451.1 0 3150846686 5.0938e-07 740082705 
129741.5 1 179097684 3.0701e-07 4252347608 
132893.4 1 3921011129 6.280200000000001e-07 2125112500 
135619.8 1 3921011129 6.4202e-07 2173231515 
136970.1 0 1444500749 2.791e-08 314650893 
139982.0 1 728028737 5.582e-08 265770918 
140120.9 0 4263717482 2.791e-08 3179285865 
143119.0 2 2984600922 3.3492e-07 3382444416 3642829293 1.4e-08 2707128518 1.74325e-08 474866315 1.74325e-08 1639799867 1.74325e-08 1026028388 1.74325e-08 
144402.3 0 598947138 2.791e-08 1986278615 
144568.7 1 2984600922 3.5235249999999997e-07 2707128518 
145730.2 0 2406269022 2.791e-08 862710978 
146080.9 1 2406269022 5.582e-08 862710978 
148045.5 2 3749853089 8.465675000000001e-08 2406269022 1128056158 1.829775e-08 2909632847 1.829775e-08 937177227 1.829775e-08 
148115.0 1 3749853089 1.0295451000000001e-07 1128056158 
149712.5 0 3988949870 2.791e-08 3197676583 
151004.5 0 4259593397 5.3029e-07 3197676583 
152048.0 0 3749853089 1.029545e-07 937177227 
152357.8 0 1503861029 2.791e-08 333964007 
152398.8 0 1503861029 2.791e-08 333964007 
152971.8 0 3749853089 1.029545e-07 937177227 
154350.9 0 3384709749 2.791e-08 843517319 
154825.9 2 3534547045 4.7447006e-07 3373526895 3393811039 2.18405e-08 611212867 1.418844e-08 1104410542 1.418844e-08 2328232000 1.418844e-08 2999719241 1.418844e-08 1931993247 1.418844e-08 1494850122 1.418844e-08 3414514926 1.418844e-08 2312786130 1.418844e-08 3537925318 1.418844e-08 1634407402 1.418844e-08 3869596591 1.418844e-08 3375523036 1.418844e-08 772925454 1.418844e-08 2215785330 1.418844e-08 3491092596 1.418844e-08 57770090 1.418844e-08 3071577057 1.418844e-08 1452489764 1.418844e-08 4260098875 1.418844e-08 3696843781 1.418844e-08 2138100036 1.418844e-08 1726701215 1.418844e-08 1412415798 1.418844e-08 375852842 1.418844e-08 3593732192 1.418844e-08 3888264012 1.418844e-08 
154826.5 2 3481866093 5.3887899999999994e-08 2504591099 313359544 1.665988e-08 
154901.5 0 3869596591 1.418844e-08 1104410542 
155021.7 1 3534547045 4.8865844e-07 3696843781 
155040.8 0 3534547045 4.886584e-07 3888264012 
155109.8 0 3534547045 4.886584e-07 3537925318 
155174.6 1 3534547045 5.0284684e-07 2215785330 
155181.0 0 3534547045 5.028469e-07 3537925318 
155196.2 1 3534547045 5.1703534e-07 4260098875 
155237.5 0 3749853089 1.029545e-07 937177227 
155428.0 1 3593732192 2.837688e-08 1726701215 
155552.7 1 2999719241 2.837688e-08 2328232000 
155567.2 0 3534547045 5.170353e-07 772925454 
155679.0 0 3071577057 1.418844e-08 1634407402 
155679.9 0 3534547045 5.170353e-07 3869596591 
156167.6 1 3375523036 2.837688e-08 3537925318 
156582.5 1 3534547045 5.4541218e-07 2999719241 
156622.1 1 3534547045 5.5960064e-07 1452489764 
156779.7 0 3534547045 5.596007e-07 1931993247 
157246.6 1 3534547045 5.7378914e-07 3869596591 
157291.5 0 3534547045 5.737891e-07 1931993247 
157340.4 1 3534547045 5.8797754e-07 1931993247 
157955.4 1 3150846686 5.302900000000001e-07 740082705 
158063.5 0 3375523036 2.837688e-08 57770090 
158222.7 0 3593732192 2.837688e-08 3375523036 
159209.3 0 3534547045 5.879775e-07 57770090 
159818.4 1 3534547045 6.0216594e-07 611212867 
160292.4 0 3534547045 6.02166e-07 1494850122 
160308.4 1 3534547045 6.1635444e-07 1494850122 
160465.1 1 3534547045 6.3054284e-07 2138100036 
160908.8 1 3534547045 6.4473134e-07 3414514926 
161010.5 1 3800257563 3.0701e-07 392861532 
161145.2 0 3921011129 6.4202e-07 1104410542 
161430.6 0 1572835533 4.9538e-07 314650893 
162030.6 1 3593732192 4.256532e-08 1412415798 
162842.4 0 3593732192 4.256533e-08 57770090 
163425.1 1 3921011129 6.6993e-07 3919821980 
163510.5 0 3071577057 1.418844e-08 1634407402 
164291.2 1 3534547045 6.5891974e-07 3491092596 
164475.1 0 925199572 8.373e-08 3071577057 
164817.1 1 3921011129 6.8411844e-07 1104410542 
166991.2 1 3534547045 6.872965800000001e-07 3375523036 
167429.1 1 3534547045 7.0148504e-07 772925454 
168048.3 0 598947138 2.791e-08 1986278615 
168072.0 1 1068020906 0.0009551373100000001 2429525676 
168586.4 0 925199572 8.373e-08 1731090175 
169081.3 3 925199572 5.774949e-08 2909632847 217284033 1.475942e-08 2151269300 1.475942e-08 3913511150 1.475942e-08 
169462.8 0 925199572 5.77495e-08 3913511150 
170300.2 3 2349140130 2.367339e-08 2151269300 2962530363 1.899603e-08 
170351.4 0 2349140130 2.367339e-08 2962530363 
171033.5 2 3534547045 7.014851100000001e-07 3593732192 2063946235 1.4e-08 1172086036 1.428266e-08 690117576 1.428266e-08 
172991.6 0 3534547045 7.014851e-07 3888264012 
174940.1 0 1572835533 4.9538e-07 3179285865 
176493.2 0 443746396 2.791e-08 302486611 
177622.5 0 1415695418 5.582e-08 3475245566 
177645.7 1 2235064901 4.3256e-07 1493201942 
178423.5 1 3534547045 7.1576776e-07 690117576 
179900.8 1 3534547045 7.297677e-07 2063946235 
180428.3 0 2349140130 2.367339e-08 2312786130 
182545.3 1 3534547045 7.4395614e-07 3888264012 
183734.5 0 1222799196 4.4656e-07 953296898 
184693.8 1 3534547045 7.5814464e-07 375852842 
184760.1 0 3921011129 6.841184e-07 2312786130 
184895.3 1 2799798816 3.3492e-07 2906924538 
185016.5 0 3800257563 3.0701e-07 3015378843 
185317.4 0 3749853089 1.029545e-07 2349140130 
185639.7 0 3749853089 1.029545e-07 2349140130 
185943.4 1 3921011129 7.120284e-07 2859795595 
187009.7 1 2340740170 6.140200000000001e-07 257754683 
188738.0 1 1572835533 5.232900000000001e-07 770580294 
190967.6 0 3749853089 1.029545e-07 3747246174 
191120.4 1 3150846686 5.512e-07 2795063678 
191743.3 1 2246051850 4.421928e-07 384163328 
193620.8 1 3534547045 7.7242726e-07 1172086036 
196150.7 0 385785803 2.791e-08 3197676583 
201687.6 1 3534547045 8.301768e-07 925199572 
202844.9 0 3534547045 8.301768e-07 3393811039 
206770.4 0 2799798816 3.3492e-07 2440120768 
209780.8 1 3534547045 8.4493622e-07 3913511150 
212887.7 0 3921011129 7.120284e-07 2312786130 
214671.8 0 3534547045 8.449362e-07 57770090 
214971.6 0 443746396 2.791e-08 315200650 
215057.5 1 3534547045 8.667767e-07 3393811039 
215367.9 0 3534547045 8.667767e-07 57770090 
219744.2 1 2246051850 4.631028e-07 3179285865 
221100.3 1 1068020906 0.00095515202778 3321237907 
224716.6 1 3921011129 7.2621684e-07 57770090 
230279.4 0 1222799196 4.4656e-07 3196256300 
232782.5 1 3534547045 8.8153612e-07 217284033 
233876.0 0 2545005546 2.791e-08 443746396 
237541.5 0 1239791232 2.791e-08 2298477853 
238070.9 1 4061687915 4.263778e-08 310481256 
238166.8 1 3800257563 3.2173778e-07 1945448119 
238743.4 1 1075699702 4.1865e-07 3953846011 
238869.6 0 1465560917 4.4656e-07 1458665800 
243385.8 2 2340740170 6.140200099999999e-07 545239233 3288380490 1.456344e-07 845665321 1.456043e-08 3122982648 1.456043e-08 1471982444 1.456043e-08 3303338876 1.456043e-08 2875471576 1.456043e-08 1738909006 1.456043e-08 356405251 1.456043e-08 2879167783 1.456043e-08 3083352544 1.456043e-08 4198169764 1.456043e-08 821115011 1.456043e-08 2118016430 1.456043e-08 1945735688 1.456043e-08 
243386.0 1 3288380490 1.6019482999999998e-07 1945735688 
243386.8 1 3288380490 1.7475523e-07 845665321 
243871.3 1 2340740170 7.887752999999999e-07 3288380490 
244067.1 1 2340740170 8.0333573e-07 2875471576 
245612.6 2 2962530363 1.918447e-08 3071577057 4093093422 1.4e-08 
246103.9 1 2340740170 8.1789613e-07 3122982648 
246808.6 1 2340740170 8.324565299999999e-07 1471982444 
249437.8 0 2340740170 8.324566e-07 1738909006 
249558.7 0 3921011129 7.262169e-07 1634407402 
249704.6 1 1465560917 4.7447e-07 4122240121 
249987.7 0 3534547045 8.815361e-07 1634407402 
250598.1 3 1075699702 4.1087296e-07 843517319 2842015324 1.784352e-08 1249238030 1.784352e-08 
252191.3 0 1075699702 4.10873e-07 869234806 
252343.1 3 3747246174 2.791e-08 4093093422 3214077756 1.4e-08 
252527.9 2 2246051850 4.6310282000000023e-07 1222799196 879162223 2.694173e-07 3884425642 1.476189e-08 1149406307 1.476189e-08 3528332227 1.476189e-08 4004407106 1.476189e-08 451270221 1.476189e-08 3149440925 1.476189e-08 2250775120 1.476189e-08 1130108289 1.476189e-08 2177968201 1.476189e-08 2914302410 1.476189e-08 3655816389 1.476189e-08 3485819286 1.476189e-08 
252528.0 1 879162223 2.8417918999999997e-07 3485819286 
252528.0 1 879162223 2.9894109e-07 3884425642 
252557.1 1 2246051850 7.620439000000001e-07 879162223 
252658.2 0 2250775120 1.476189e-08 1149406307 
252802.3 0 2246051850 7.620438e-07 1130108289 
253654.5 3 3462747 1.3999989999999998e-08 2914302410 1382686479 1.433595e-08 1803925302 1.433595e-08 
254658.5 0 1444500749 2.791e-08 2118016430 
254725.0 1 3747246174 4.1909999999999996e-08 3214077756 
254963.8 2 1572835533 5.232900199999999e-07 1465560917 3293059020 3.604819e-07 378125977 1.424851e-08 2159618959 1.424851e-08 2441325815 1.424851e-08 3401497744 1.424851e-08 4069401935 1.424851e-08 134948105 1.424851e-08 1998372786 1.424851e-08 2455922112 1.424851e-08 
255985.3 3 2737363250 2.541743e-08 1382686479 3059103076 1.682852e-08 
259741.1 0 810769555 2.791e-08 314650893 
259936.2 1 2246051850 7.7680569e-07 3149440925 
260002.3 0 3534547045 8.815361e-07 1634407402 
260092.6 1 1572835533 5.512e-07 314650893 
262386.8 1 2246051850 8.0222312e-07 2737363250 
263119.1 1 2340740170 8.470170299999999e-07 3303338876 
263719.3 0 953296898 2.791e-08 2455922112 
265673.6 0 3747246174 4.191e-08 2962530363 
268532.4 1 2340740170 8.6177889e-07 3528332227 
270946.3 0 2937387076 2.791e-08 287801793 
270994.6 1 2250775120 2.952378e-08 451270221 
271488.8 0 2937387076 2.791e-08 287801793 
272145.1 1 3534547045 8.9572454e-07 1634407402 
272284.8 1 2246051850 8.1647171e-07 1998372786 
273570.3 1 3534547045 9.236346000000001e-07 1731090175 
273714.4 0 2246051850 8.164717e-07 2118016430 
273771.3 1 2246051850 8.3123359e-07 3655816389 
273873.3 1 1572835533 5.791100000000001e-07 2263814062 
275063.4 0 3921011129 7.262169e-07 2349140130 
275919.5 1 2246051850 8.591436e-07 2451350669 
277066.8 1 3534547045 9.655446e-07 3747246174 
279704.3 1 3268335666 5.582e-08 199935986 
280867.4 1 1572835533 5.9335851e-07 4069401935 
282467.8 1 2340740170 8.763393299999999e-07 3083352544 
285588.7 1 811613008 4.263778e-08 551137729 
287090.1 0 2246051850 8.591436e-07 905418128 
287226.3 0 2340740170 8.763393e-07 2937387076 
287640.6 1 2984600922 3.802625e-07 3428193420 
289986.1 0 4263717482 2.791e-08 4231632140 
290348.2 1 2340740170 9.042493000000001e-07 4231632140 
296371.6 0 2408568032 2.791e-08 821115011 
296736.5 0 821115011 1.456043e-08 356405251 
299667.0 0 197654791 2.791e-08 134948105 
299702.6 0 2519559028 6.6984e-07 3833318790 
305070.8 1 3150846686 5.7487339e-07 2349140130 
306510.5 1 2246051850 8.870536000000001e-07 953296898 
307719.5 0 3293059020 3.604819e-07 3401497744 
307801.8 0 3197676583 2.791e-08 2205180068 
313093.9 1 1068020906 0.00095516672778 15308464 
314812.9 0 3108364485 2.791e-08 739080713 
315009.3 1 3004792470 4.1865e-07 2487301543 
316111.4 1 1572835533 6.0760701e-07 134948105 
320452.3 1 2340740170 9.188097299999999e-07 1738909006 
324640.4 0 2246051850 8.870536e-07 2879167783 
326284.6 1 2246051850 9.149636e-07 1444500749 
327600.0 1 1130108289 2.932232e-08 356405251 
333986.0 1 2340740170 9.397197000000001e-07 1285693762 
335875.6 1 4259593397 5.582e-07 333964007 
338837.3 0 3150846686 5.748734e-07 287801793 
341266.6 0 2799798816 3.3492e-07 1458665800 
344648.2 1 3921011129 7.4040534e-07 2312786130 
345263.1 0 2911053862 2.791e-08 1249238030 
350080.4 1 1068020906 0.00095519471 1586980658 
351010.4 1 1572835533 9.680889e-07 3293059020 
352918.3 1 1075699702 7.911355e-07 2984600922 
355995.2 0 3196256300 1.836724e-08 821115011 
356719.4 0 43001897 2.791e-08 4028593304 
356829.4 1 2246051850 9.428736000000001e-07 197654791 
366090.3 1 1572835533 9.8233751e-07 3401497744 
366635.9 1 3004792470 4.3337778000000003e-07 1035956119 
366923.7 0 2911053862 2.791e-08 1458665800 
367593.9 0 2246051850 9.428736e-07 4263717482 
367858.5 3 2250775120 1.3999990000000003e-08 3015378843 432337108 1.447793e-08 1902671923 1.447793e-08 4209590891 1.447793e-08 
367928.0 3 3150846686 5.7487337e-07 2235064901 77395223 1.345127e-07 3592986772 1.419273e-08 1246511018 1.419273e-08 3986570268 1.419273e-08 174500547 1.419273e-08 4083845756 1.419273e-08 110358663 1.419273e-08 1370908750 1.419273e-08 1837234470 1.419273e-08 2945849429 1.419273e-08 66296937 1.419273e-08 976558236 1.419273e-08 2438291630 1.419273e-08 906368509 1.419273e-08 3783228500 1.419273e-08 2858952728 1.419273e-08 395113485 1.419273e-08 4019363830 1.419273e-08 3016084464 1.419273e-08 921818415 1.419273e-08 2892683898 1.419273e-08 3697249003 1.419273e-08 
367928.0 1 77395223 1.4870543e-07 3697249003 
367928.0 1 77395223 1.6289823e-07 3592986772 
367960.9 1 3150846686 5.8906613e-07 2945849429 
368193.0 1 3150846686 6.0325883e-07 976558236 
368507.6 0 3150846686 6.032588e-07 906368509 
368664.0 1 3150846686 6.1745153e-07 3783228500 
369136.5 1 3150846686 6.3164433e-07 66296937 
370042.6 0 77395223 1.628982e-07 4083845756 
370067.3 0 1572835533 9.823375e-07 905418128 
370530.3 3 287801793 1.3999989999999998e-08 4004407106 3983774618 1.433595e-08 4187488967 1.433595e-08 
371145.0 0 3268335666 5.582e-08 2545005546 
372900.7 1 3150846686 6.4583703e-07 906368509 
375146.1 1 1075699702 8.190455e-07 266059373 
377270.6 1 2340740170 9.676297e-07 259930472 
377714.7 1 3150846686 6.6002973e-07 921818415 
382978.7 1 4031050948 3.217378e-07 3709881891 
383341.8 3 1572835533 9.8233749e-07 2799798816 898751805 9.421871e-08 3632514288 1.41589e-08 410848061 1.41589e-08 2791633391 1.41589e-08 630280293 1.41589e-08 4212779140 1.41589e-08 3459374364 1.41589e-08 2125331604 1.41589e-08 3113062634 1.41589e-08 847040419 1.41589e-08 4240624600 1.41589e-08 1565786989 1.41589e-08 2286860921 1.41589e-08 3707879645 1.41589e-08 2746930994 1.41589e-08 4075596975 1.41589e-08 4283280385 1.41589e-08 538453177 1.41589e-08 
383342.0 1 898751805 1.0837761e-07 3632514288 
383342.0 1 898751805 1.225365e-07 538453177 
384463.7 1 1572835533 9.964964e-07 3707879645 
384686.6 1 1156624510 5.582e-08 3775452048 
385467.7 0 1075699702 8.190455e-07 290926289 
386334.7 1 3150846686 6.7422243e-07 174500547 
387158.9 0 2441325815 1.424851e-08 2159618959 
387868.2 0 1572835533 9.964964e-07 2286860921 
388658.4 0 828787466 2.791e-08 302486611 
388792.7 1 1572835533 1.0106553e-06 2746930994 
391733.2 1 3150846686 6.8841523e-07 2858952728 
395682.1 1 3800257563 3.7755779999999996e-07 921425487 
399200.8 1 1572835533 1.0248139e-06 2791633391 
399826.0 0 3150846686 6.884152e-07 3986570268 
401803.0 0 1415695418 5.582e-08 817087088 
402156.8 1 2519559028 6.9775e-07 916523109 
403911.1 1 3150846686 7.0260793e-07 4019363830 
405844.4 1 3737780296 3.0701e-07 1019134040 
407579.6 0 443746396 2.791e-08 2842015324 
410786.0 1 898751805 1.5044649999999998e-07 242414939 
412575.7 0 77395223 1.628982e-07 395113485 
415892.8 0 1572835533 1.024814e-06 4240624600 
416368.5 0 3016084464 1.419273e-08 1246511018 
416676.3 0 1075699702 8.190455e-07 432337108 
419090.5 0 3016084464 1.419273e-08 3986570268 
420074.8 0 3150846686 7.026079e-07 3986570268 
420126.3 0 3150846686 7.026079e-07 3986570268 
422261.6 0 2340740170 9.676297e-07 2408568032 
422971.2 1 3150846686 7.1680063e-07 3986570268 
424573.7 0 3150846686 7.168007e-07 1837234470 
425125.1 1 3150846686 7.3099343e-07 2892683898 
425395.0 1 3129006749 5.582e-08 1986278615 
427779.5 3 2340740170 9.676296500000007e-07 2246051850 3121292019 3.904445e-07 3349724438 1.416485e-08 4253718737 1.416485e-08 3297362622 1.416485e-08 1751902433 1.416485e-08 2878871175 1.416485e-08 3083717413 1.416485e-08 220564665 1.416485e-08 3653734512 1.416485e-08 3815024321 1.416485e-08 1428265047 1.416485e-08 3604532305 1.416485e-08 1869365069 1.416485e-08 965372172 1.416485e-08 607396504 1.416485e-08 2533881277 1.416485e-08 472358284 1.416485e-08 1950077488 1.416485e-08 1820499179 1.416485e-08 4055959668 1.416485e-08 528880979 1.416485e-08 3778036871 1.416485e-08 1405660995 1.416485e-08 3662110242 1.416485e-08 2247026945 1.416485e-08 4032129539 1.416485e-08 4035587434 1.416485e-08 3111692719 1.416485e-08 1398579088 1.416485e-08 2501379955 1.416485e-08 3332562587 1.416485e-08 3562383954 1.416485e-08 2521380987 1.416485e-08 4119421155 1.416485e-08 1913762779 1.416485e-08 3678948817 1.416485e-08 2489195127 1.416485e-08 3929228125 1.416485e-08 3160344427 1.416485e-08 3182159117 1.416485e-08 
427779.5 1 3121292019 4.0460935e-07 3182159117 
427779.5 1 3121292019 4.1877425e-07 3349724438 
427779.5 1 3121292019 4.3293905e-07 4253718737 
427779.5 1 3121292019 4.4710394999999996e-07 3160344427 
427779.7 1 3121292019 4.6126874999999997e-07 3929228125 
427779.7 1 3121292019 4.7543355e-07 3297362622 
427814.9 0 2340740170 9.676297e-07 1428265047 
427869.5 1 1664502715 4.1909999999999996e-08 2211003714 
428044.4 1 2340740170 9.8179455e-07 1820499179 
428157.7 1 3121292019 4.8959845e-07 3653734512 
428298.5 0 4119421155 1.416485e-08 2247026945 
428316.7 1 2340740170 9.9595945e-07 2878871175 
428524.5 0 2340740170 9.959594e-07 2501379955 
428556.1 1 3121292019 5.037632499999999e-07 1869365069 
428868.7 1 2340740170 1.01012425e-06 3562383954 
428957.2 1 3921011129 7.5459803e-07 4083845756 
429392.8 1 2340740170 1.02428885e-06 220564665 
429450.5 1 2340740170 1.03845385e-06 2521380987 
429843.0 1 3121292019 5.1792815e-07 2247026945 
430372.1 0 1950077488 1.416485e-08 3604532305 
430794.6 1 2340740170 1.05261885e-06 3083717413 
430911.4 0 1913762779 1.416485e-08 472358284 
431043.7 1 3800257563 4.054678e-07 3838279446 
431771.8 1 2340740170 1.06678385e-06 1398579088 
433084.8 0 2340740170 1.066784e-06 1405660995 
433698.2 1 3121292019 5.32087e-07 4283280385 
434011.9 0 898751805 1.504465e-07 869234806 
434190.6 1 3121292019 5.4625185e-07 965372172 
436802.0 1 3121292019 5.6041675e-07 3111692719 
437363.1 1 2340740170 1.08094885e-06 4055959668 
438433.6 0 1572835533 1.024814e-06 2455922112 
438621.4 0 811613008 4.263778e-08 2620740164 
439539.0 1 1572835533 1.0806340000000002e-06 1156624510 
442584.0 0 110358663 1.419273e-08 2489195127 
442947.9 1 2340740170 1.09511385e-06 3678948817 
443149.1 1 3121292019 5.745756e-07 4075596975 
445521.7 0 3150846686 7.309934e-07 395113485 
445648.9 1 373638573 1.00000002791 443746396 
445812.1 1 3121292019 5.8874045e-07 1950077488 
446182.9 2 3150846686 7.309934e-07 77395223 766581564 5.167919e-08 3702894340 1.588843e-08 3532745758 1.588843e-08 1072840122 1.588843e-08 3294683754 1.588843e-08 1676003954 1.588843e-08 4285585893 1.588843e-08 2674988631 1.588843e-08 
446414.0 0 3150846686 7.309934e-07 4285585893 
447076.3 0 1572835533 1.080634e-06 410848061 
447091.6 1 1572835533 1.0947929e-06 410848061 
447525.0 0 2501379955 1.416485e-08 1428265047 
448063.8 0 3150846686 7.309934e-07 1837234470 
449603.2 0 3150846686 7.309934e-07 2674988631 
450636.0 0 3150846686 7.309934e-07 4285585893 
451155.8 0 766581564 5.167919e-08 395113485 
451879.3 1 4259593397 5.8611e-07 2919643181 
452087.2 1 2340740170 1.10927785e-06 1405660995 
452407.8 1 1572835533 1.11316024e-06 3196256300 
453462.0 1 898751805 1.6727502000000001e-07 3059103076 
453874.3 0 405521437 2.791e-08 847040419 
454510.0 1 4259593397 6.035425e-07 1026028388 
454911.8 1 3150846686 7.468818299999999e-07 3532745758 
457674.8 1 766581564 6.623962e-08 2118016430 
457757.8 0 3921011129 7.545981e-07 2438291630 
457875.1 1 3150846686 7.747918000000001e-07 2937387076 
458395.3 1 3150846686 7.9068023e-07 1676003954 
460172.2 1 2340740170 1.12344285e-06 607396504 
461239.0 1 4285585893 3.008116e-08 1837234470 
463274.9 0 2340740170 1.123443e-06 2879167783 
465279.1 0 1075699702 8.190455e-07 1503861029 
466794.8 0 821115011 1.456043e-08 847040419 
467478.4 0 2674988631 1.588843e-08 1072840122 
468399.1 1 3737780296 3.6283e-07 728028737 
470983.5 0 3294683754 1.588843e-08 1072840122 
481956.0 1 2340740170 1.151353e-06 245436729 
483217.4 1 3121292019 6.0290535e-07 4032129539 
484472.5 1 3150846686 8.0656863e-07 2674988631 
485148.6 1 3150846686 8.2076143e-07 1246511018 
486011.6 1 898751805 1.8143985e-07 4035587434 
488191.5 0 2856850640 2.791e-08 2441325815 
490740.7 0 1130108289 2.932232e-08 3815024321 
492668.0 1 1068020906 0.0009552226100000001 3519923770 
495147.3 1 2340740170 1.1792630000000001e-06 905418128 
497451.8 1 3921011129 7.6879083e-07 110358663 
498093.1 0 3016084464 1.419273e-08 847040419 
503726.3 1 1075699702 8.469555e-07 3357643131 
504723.1 3 869234806 1.3999989999999998e-08 1149406307 406745133 1.433595e-08 2883513480 1.433595e-08 
504725.0 0 406745133 1.433595e-08 869234806 
507420.7 1 3121292019 6.1707015e-07 1913762779 
507502.6 0 3534547045 9.655446e-07 1803925302 
507795.5 1 3121292019 6.3123505e-07 4119421155 
519021.5 1 2340740170 1.1934278499999999e-06 2489195127 
520252.7 1 2519559028 7.5163789e-07 3481866093 
521703.3 0 4031050948 3.217378e-07 2681375347 
522545.8 0 2340740170 1.193428e-06 406745133 
523984.3 0 2340740170 1.193428e-06 1249238030 
526169.0 3 3749853089 1.3999999999999993e-08 937177227 783121895 1.532175e-08 2683944377 1.532175e-08 2961226102 1.532175e-08 301219709 1.532175e-08 1743198400 1.532175e-08 3059144981 1.532175e-08 3952655669 1.532175e-08 
526184.6 1 301219709 3.06435e-08 2961226102 
526458.4 0 2683944377 1.532175e-08 3749853089 
526653.4 1 2683944377 3.06435e-08 783121895 
529533.3 1 2683944377 4.5965249999999995e-08 3059144981 
530854.8 1 2683944377 6.1287e-08 3952655669 
533811.3 1 2683944377 7.660875e-08 1743198400 
534282.7 1 2340740170 1.20759285e-06 3604532305 
541083.7 1 405521437 4.20689e-08 1565786989 
541679.1 0 2683944377 7.660875e-08 2962530363 
542181.8 0 2683944377 7.660875e-08 2962530363 
548475.3 1 1572835533 1.12732485e-06 2533881277 
550575.9 2 821115011 1.5120860000000002e-08 2879167783 2848685905 1.4e-08 
551804.6 1 3150846686 8.5084256e-07 4285585893 
552250.8 0 3150846686 8.508426e-07 2438291630 
552267.4 0 2683944377 7.660875e-08 3749853089 
553134.5 1 4259593397 6.2138602e-07 2842015324 
555614.8 0 3150846686 8.508426e-07 2438291630 
559276.9 1 911013108 7.054778e-08 2916276788 
561569.9 2 2683944377 9.207657e-08 301219709 1826422368 1.517568e-08 
561657.0 1 2683944377 1.0725226e-07 1826422368 
562528.8 0 1415695418 5.582e-08 630280293 
562916.4 0 1434594601 2.791e-08 1347872676 
563088.2 0 2683944377 1.072523e-07 3749853089 
565737.9 0 2204676502 0.0002857279 865537991 
567893.1 0 2683944377 1.072523e-07 3749853089 
568041.0 0 2683944377 1.072523e-07 3749853089 
568149.7 0 2683944377 1.072523e-07 3749853089 
577139.9 0 290926289 2.791e-08 3016084464 
580800.5 1 2340740170 1.838828e-06 3121292019 
581221.0 1 1068020906 0.0009552505100000001 1434594601 
582781.4 0 3475245566 2.791e-08 598947138 
589616.4 0 3004792470 4.333778e-07 3462747 
591165.5 0 2340740170 1.838828e-06 3662110242 
596571.5 0 1803925302 1.433595e-08 1751902433 
596581.6 0 3921011129 7.687908e-07 2438291630 
599276.1 1 898751805 1.9560475e-07 472358284 
600060.6 3 2408568032 2.110561e-08 287801793 896813269 2.080439e-08 
605035.6 3 1206764858 1.4e-08 3020817656 37051273 1.74325e-08 1867247157 1.74325e-08 3633199892 1.74325e-08 1736323711 1.74325e-08 
605197.3 1 37051273 3.14325e-08 1206764858 
605298.4 1 1736323711 3.4865e-08 3633199892 
605853.4 1 1736323711 6.62975e-08 37051273 
606113.2 1 1572835533 1.1414839e-06 3459374364 
609092.9 3 1572835533 1.14148395e-06 898751805 283080478 1.440967e-08 785216844 1.509959e-08 3006103420 1.509959e-08 2898323513 1.509959e-08 1199222225 1.509959e-08 3755198008 1.509959e-08 2795041644 1.509959e-08 3492274228 1.509959e-08 1420914473 1.509959e-08 439844059 1.509959e-08 3802520055 1.509959e-08 3012889883 1.509959e-08 3363823620 1.509959e-08 
610234.1 0 2683944377 1.072523e-07 2962530363 
610536.1 1 2340740170 1.85307651e-06 2455922112 
610625.4 1 179097684 3.2619447e-07 2962530363 
611284.9 1 179097684 3.401945e-07 3749853089 
611692.3 1 283080478 2.856857e-08 4240624600 
612118.9 0 3492274228 1.509959e-08 2898323513 
616147.1 0 3363823620 1.509959e-08 2883513480 
616727.5 0 3534547045 9.655446e-07 2438291630 
618515.7 1 1572835533 1.15658359e-06 1199222225 
618583.4 2 2159618959 1.441336e-08 2501379955 1086559163 1.4e-08 
618839.2 1 1572835533 1.1716835900000001e-06 439844059 
620276.2 1 2340740170 1.86741195e-06 406745133 
620662.5 1 1572835533 1.1867825900000002e-06 1420914473 
622420.0 1 1572835533 1.20188259e-06 3802520055 
624751.7 0 3534547045 9.655446e-07 2438291630 
627757.1 0 1572835533 1.201882e-06 785216844 
632052.0 0 3004792470 4.333778e-07 741863299 
633490.3 3 2205180068 1.400001e-08 2441325815 3063534263 1.407925e-08 2013640095 1.407925e-08 
637073.6 1 373638573 1.000000014 3462747 
640394.7 1 1572835533 1.2160409e-06 3113062634 
640955.7 1 2340740170 1.88157685e-06 1428265047 
643659.5 1 2340740170 1.89746543e-06 3702894340 
644631.2 0 1130108289 2.932232e-08 1370908750 
648393.1 1 1736323711 8.373e-08 1867247157 
649387.6 1 3150846686 8.6503533e-07 2438291630 
656353.6 0 4259593397 6.21386e-07 4263717482 
662120.4 0 2340740170 1.897466e-06 251961497 
667328.7 0 1572835533 1.216041e-06 2848685905 
678889.7 1 1075699702 8.616832800000001e-07 302486611 
679769.6 0 3004792470 4.333778e-07 1236021306 
680599.6 1 3150846686 8.7937125e-07 3983774618 
681258.4 3 2250879299 1.4e-08 598947138 1461359102 2.091e-08 2027098952 2.091e-08 
689082.3 1 1075699702 8.7593171e-07 378125977 
693939.5 0 3012889883 1.509959e-08 2883513480 
694461.1 0 3824069879 2.791e-08 3037779432 
695530.6 1 3004792470 4.891978e-07 2261252686 
697373.3 1 3921011129 7.829497e-07 847040419 
698091.6 1 1572835533 1.243951e-06 2440120768 
699757.7 0 1572835533 1.243951e-06 3006103420 
705960.2 3 3490627259 2.691452e-08 3016084464 4167430602 1.518821e-08 
707732.5 2 2620740164 2.9848540000000004e-08 1461359102 4096225443 1.897146e-08 
709595.7 0 3150846686 8.793712e-07 4263717482 
712523.4 1 1572835533 1.25803025e-06 3063534263 
712850.8 0 2340740170 1.897466e-06 3662110242 
713574.8 1 1572835533 1.2721899e-06 2125331604 
720471.9 1 1572835533 1.28728859e-06 3012889883 
722773.4 0 1415695418 5.582e-08 2205180068 
729223.1 1 3004792470 5.171078e-07 290926289 
729540.2 1 1572835533 1.3023885900000001e-06 3492274228 
739561.5 1 2340740170 1.91163085e-06 528880979 
740293.7 1 1075699702 9.185694799999999e-07 326805806 
750569.5 1 2340740170 1.92672959e-06 3006103420 
754378.0 1 1572835533 1.316389e-06 2848685905 
756298.4 0 1239791232 2.791e-08 2177968201 
756937.5 0 2340740170 1.92673e-06 3662110242 
758028.6 0 1572835533 1.316389e-06 659524895 
766817.1 1 3150846686 9.072812000000001e-07 4263717482 
767566.9 3 2519559028 7.516379e-07 811613008 781549661 1.4e-08 907719639 1.431889e-08 1906851972 1.431889e-08 
768014.9 0 3129006749 5.582e-08 3197676583 
769888.0 0 2340740170 1.92673e-06 3332562587 
771935.7 1 2340740170 1.99296962e-06 766581564 
782193.7 1 3150846686 9.2808559e-07 896813269 
784944.6 1 3921011129 7.9883813e-07 1072840122 
785502.6 0 1572835533 1.316389e-06 2286860921 
789737.5 0 3988949870 2.791e-08 907719639 
793646.1 1 1075699702 9.464795e-07 1458665800 
795254.4 0 1572835533 1.316389e-06 2898323513 
795622.1 1 2340740170 2.00806959e-06 2898323513 
801502.4 0 1572835533 1.316389e-06 3755198008 
811906.2 1 1068020906 0.00095527841 769686034 
812997.4 1 3800257563 7.682978e-07 3737780296 
815753.5 3 1572835533 1.316389e-06 1134132465 2597880038 1.4e-08 1896745001 1.431889e-08 2378434411 1.431889e-08 
815771.1 0 3921011129 7.988381e-07 395113485 
815991.5 0 4031050948 3.217378e-07 2956861855 
817265.6 1 1572835533 1.3307078899999998e-06 1896745001 
819529.6 1 2340740170 2.03791754e-06 2620740164 
830343.9 0 432337108 1.447793e-08 2250879299 
831716.2 0 1503861029 2.791e-08 2027098952 
831809.4 1 1572835533 1.34518593e-06 1902671923 
840662.1 1 3150846686 9.4225045e-07 3332562587 
847945.9 1 3004792470 5.3229601e-07 4167430602 
852955.4 0 4259593397 6.21386e-07 2013640095 
860223.6 1 2340740170 2.0519180000000003e-06 1086559163 
868902.3 2 1370908750 1.435758e-08 3778036871 1837088337 1.4e-08 
869366.1 0 3004792470 5.32296e-07 2326007700 
874922.5 3 1572835533 1.3451849999999996e-06 4259593397 1543523724 4.19289e-07 1761715697 1.44355e-08 3099973400 1.44355e-08 2789348510 1.44355e-08 1371202285 1.44355e-08 629078091 1.44355e-08 754560055 1.44355e-08 1737134642 1.44355e-08 37613351 1.44355e-08 3434666020 1.44355e-08 2369258877 1.44355e-08 3563522875 1.44355e-08 249728555 1.44355e-08 4285226245 1.44355e-08 2707460946 1.44355e-08 
874922.6 1 1543523724 4.337245e-07 1761715697 
874922.6 1 1543523724 4.4816e-07 2707460946 
877297.3 1 2340740170 2.0662755699999997e-06 1370908750 
879918.9 0 4096225443 1.897146e-08 1906851972 
884647.9 1 1572835533 1.3596205000000001e-06 3099973400 
885526.2 1 1543523724 4.623189e-07 2286860921 
891368.8 3 129185354 2.441969e-08 3396227953 2606325002 1.821809e-08 
892001.5 1 3004792470 5.470578899999999e-07 2177968201 
903713.9 3 741863299 2.729372e-08 2369258877 1541925803 1.505178e-08 
905923.1 0 3294683754 1.588843e-08 1803925302 
918081.0 0 1572835533 1.359621e-06 3563522875 
921233.7 0 405521437 4.20689e-08 1639799867 
935788.5 0 1130108289 2.932232e-08 4212779140 
947514.4 1 1572835533 1.38691473e-06 741863299 
953234.2 0 3150846686 9.422505e-07 3815024321 
958148.0 1 1543523724 4.763189e-07 1837088337 
958782.5 0 474866315 1.74325e-08 785216844 
970769.0 1 1572835533 1.4013505e-06 2789348510 
975767.5 0 4198169764 1.456043e-08 2159618959 
985498.7 0 2340740170 2.066275e-06 2159618959 
985579.9 0 1541925803 1.505178e-08 3563522875 
990913.8 0 3490627259 2.691452e-08 629078091 
997319.7 1 2340740170 2.08139586e-06 821115011 
1002312.0 0 3150846686 9.422505e-07 2408568032 
1009913.0 1 2519559028 7.935479e-07 1664502715 
1015386.0 1 1572835533 1.41644959e-06 2795041644 
1016877.0 0 2681375347 2.791e-08 3824069879 
1024236.0 1 1075699702 9.743895e-07 3823443426 
1029025.0 2 179097684 3.4019456e-07 2683944377 2024675612 1.4e-08 1292023300 1.554204e-08 3302973195 1.554204e-08 875106938 1.554204e-08 3314075649 1.554204e-08 2589646060 1.554204e-08 3433591204 1.554204e-08 
1029045.0 1 179097684 3.541945e-07 2024675612 
1029133.0 1 179097684 3.6973653999999997e-07 3314075649 
1029183.0 1 179097684 3.8527853999999996e-07 875106938 
1029245.0 1 179097684 4.0082064e-07 1292023300 
1030209.0 1 179097684 4.1636264e-07 3302973195 
1031260.0 1 179097684 4.3190464e-07 2589646060 
1046771.0 1 2519559028 8.0827568e-07 1239307652 
1052867.0 0 1572835533 1.41645e-06 1249238030 
1070539.0 0 3921011129 7.988381e-07 3294683754 
1070900.0 0 3004792470 5.470579e-07 1371202285 
1073466.0 1 3534547045 9.797373299999998e-07 395113485 
1079460.0 1 3150846686 9.5666386e-07 2159618959 
1081072.0 0 2606325002 1.821809e-08 4212779140 
1082301.0 1 283080478 4.30465e-08 4209590891 
1089365.0 0 1572835533 1.41645e-06 4285226245 
1112110.0 2 3800257563 7.6829788e-07 4031050948 1848242772 9.30838e-08 250719570 1.429087e-08 2681498831 1.429087e-08 481808867 1.429087e-08 2066612683 1.429087e-08 3458484829 1.429087e-08 2719204682 1.429087e-08 4256642775 1.429087e-08 2449448537 1.429087e-08 463844675 1.429087e-08 3167902617 1.429087e-08 579073438 1.429087e-08 3468130899 1.429087e-08 393090083 1.429087e-08 2343849308 1.429087e-08 1055469694 1.429087e-08 627452446 1.429087e-08 
1112111.0 1 1848242772 1.0737467e-07 627452446 
1112111.0 1 1848242772 1.2166557e-07 250719570 
1114008.0 1 179097684 4.4744674e-07 3433591204 
1117824.0 3 2545005546 1.4e-08 2856850640 2014426858 2.091e-08 2716949832 2.091e-08 
1127468.0 0 3534547045 9.797373e-07 3294683754 
1129203.0 1 3150846686 9.7082865e-07 3815024321 
1130477.0 0 1503861029 2.791e-08 3490627259 
1136295.0 1 2340740170 2.109306e-06 1239791232 
1149226.0 1 3150846686 9.987387e-07 251961497 
1157232.0 1 1068020906 0.00095529271889 1906851972 
1166417.0 1 1075699702 1.0022995e-06 3988949870 
1175137.0 3 630280293 1.41589e-08 2597880038 552634658 1.4e-08 
1178738.0 1 1543523724 4.907544e-07 249728555 
1179287.0 1 2340740170 2.12347085e-06 3662110242 
1184577.0 1 1068020906 0.0009553196145199999 3490627259 
1187323.0 0 2378434411 1.431889e-08 907719639 
1196434.0 1 1075699702 1.01739959e-06 3755198008 
1203311.0 3 283080478 3.3523479999999996e-08 810769555 3736523900 1.871651e-08 2213923665 1.871651e-08 
1221560.0 0 4285226245 1.44355e-08 552634658 
1224838.0 3 3129006749 4.816386999999999e-08 405521437 1503202005 1.657501e-08 3202152185 1.657501e-08 2622395779 1.657501e-08 
1225868.0 0 3129006749 4.816387e-08 1737134642 
1238418.0 1 1572835533 1.43302501e-06 2622395779 
1247220.0 0 4096225443 1.897146e-08 3696193412 
1252495.0 1 1572835533 1.447025e-06 2250879299 
1266635.0 1 1572835533 1.4636000099999999e-06 1503202005 
1276831.0 1 2340740170 2.151381e-06 3108364485 
1278077.0 1 1543523724 5.081869e-07 474866315 
1281539.0 3 164438789 1.4000010000000003e-08 3736523900 3607413901 1.631325e-08 649593533 1.631325e-08 
1287331.0 3 1130108289 1.400001e-08 2883513480 66987975 1.482913e-08 483021244 1.482913e-08 
1298906.0 1 1543523724 5.2235175e-07 1751902433 
1301690.0 1 3004792470 5.679679e-07 2716949832 
1306718.0 1 3004792470 5.854004e-07 1639799867 
1310374.0 0 2340740170 2.151381e-06 1737134642 
1328002.0 2 3202152185 1.6910960000000002e-08 1803925302 3707800333 1.4e-08 
1330030.0 1 2519559028 8.227112e-07 3434666020 
1330660.0 1 1068020906 0.0009553475100000001 3279231079 
1344957.0 1 2340740170 2.17248661e-06 2408568032 
1346702.0 0 1572835533 1.4636e-06 2378434411 
1359390.0 1 3150846686 1.0132991300000001e-06 4198169764 
1364815.0 1 2340740170 2.18680589e-06 2378434411 
1384408.0 1 1543523724 5.363518e-07 552634658 
1388181.0 2 1075699702 1.017399169999999e-06 2519559028 3528190190 2.629959e-07 2185291493 1.435167e-08 550176535 1.435167e-08 1674415855 1.435167e-08 4287239676 1.435167e-08 3884987045 1.435167e-08 1960974751 1.435167e-08 309459595 1.435167e-08 2348040613 1.435167e-08 3180086772 1.435167e-08 3833074883 1.435167e-08 1462644303 1.435167e-08 4088625113 1.435167e-08 1237914369 1.435167e-08 2733144751 1.435167e-08 1649557018 1.435167e-08 1831065885 1.435167e-08 79461789 1.435167e-08 1621314342 1.435167e-08 2016090987 1.435167e-08 1553963666 1.435167e-08 1002680420 1.435167e-08 734120091 1.435167e-08 2475979558 1.435167e-08 2649056468 1.435167e-08 3381587904 1.435167e-08 175860597 1.435167e-08 1089013536 1.435167e-08 552498239 1.435167e-08 481049431 1.435167e-08 2950407739 1.435167e-08 72955594 1.435167e-08 1771264541 1.435167e-08 2353028958 1.435167e-08 2980075456 1.435167e-08 3449694611 1.435167e-08 1194638860 1.435167e-08 114837353 1.435167e-08 2341758500 1.435167e-08 651046398 1.435167e-08 
1388181.0 1 3528190190 2.7734757e-07 651046398 
1388181.0 1 3528190190 2.9169927e-07 2185291493 
1388181.0 1 3528190190 3.0605097e-07 2341758500 
1388181.0 1 3528190190 3.2040267e-07 550176535 
1388181.0 1 3528190190 3.3475427e-07 1674415855 
1388184.0 1 4088625113 2.870334e-08 1462644303 
1388185.0 1 3528190190 3.4910596999999997e-07 114837353 
1390848.0 1 1075699702 1.03175067e-06 1621314342 
1394282.0 0 1075699702 1.031751e-06 734120091 
1394671.0 1 3528190190 3.6345766999999997e-07 1002680420 
1394796.0 1 2340740170 2.200805e-06 1130108289 
1400375.0 2 3607413901 1.66492e-08 4187488967 2780384598 1.4e-08 
1405619.0 1 3528190190 3.7780926999999997e-07 1771264541 
1408180.0 2 4096225443 2.281498e-08 1249238030 1061526795 1.4e-08 
1412242.0 0 4096225443 2.281498e-08 1061526795 
1418491.0 0 1572835533 1.4636e-06 3363823620 
1421964.0 0 3129006749 4.816387e-08 629078091 
1423603.0 0 1572835533 1.4636e-06 2911053862 
1429289.0 1 1075699702 1.04610267e-06 3449694611 
1435672.0 1 1068020906 0.00095537541 1533953788 
1438589.0 1 1068020906 0.00095540331 1866926464 
1444025.0 1 3150846686 1.034209e-06 2027098952 
1444141.0 0 315200650 2.791e-08 754560055 
1451614.0 0 3833074883 1.435167e-08 309459595 
1456014.0 1 2340740170 2.2152405e-06 1737134642 
1485634.0 0 2980075456 1.435167e-08 72955594 
1491261.0 1 1075699702 1.1019220000000002e-06 3268335666 
1493485.0 0 3528190190 3.778093e-07 2205180068 
1500251.0 1 373638573 1.00000002791 300193622 
1502143.0 3 1736323711 1.4000020000000013e-08 3824069879 3342541004 1.627333e-08 1577969976 1.627333e-08 695939830 1.627333e-08 229435916 1.627333e-08 1850435983 1.627333e-08 19131048 1.627333e-08 
1502293.0 1 1572835533 1.51176387e-06 3129006749 
1502451.0 0 19131048 1.627333e-08 1850435983 
1503073.0 1 19131048 3.254666e-08 1850435983 
1503273.0 1 695939830 3.254666e-08 3342541004 
1503277.0 1 695939830 4.8819999999999996e-08 229435916 
1503448.0 1 19131048 4.8819999999999996e-08 1577969976 
1504901.0 2 179097684 4.474467e-07 695939830 2426951832 1.4e-08 3089865955 1.741e-08 3526559023 1.741e-08 
1504924.0 1 1572835533 1.54528748e-06 283080478 
1504935.0 1 179097684 4.648567e-07 3089865955 
1505020.0 1 179097684 4.822667e-07 3526559023 
1506474.0 1 179097684 4.962667e-07 2426951832 
1516419.0 3 1572835533 1.54528695e-06 1543523724 73116178 1.852971e-07 2654473721 1.404219e-08 2564127097 1.404219e-08 3554620561 1.404219e-08 2789301560 1.404219e-08 3201932102 1.404219e-08 3527214469 1.404219e-08 224410298 1.404219e-08 3967778277 1.404219e-08 1759850032 1.404219e-08 2704180049 1.404219e-08 287394855 1.404219e-08 2670951229 1.404219e-08 2367820772 1.404219e-08 771359632 1.404219e-08 4186562710 1.404219e-08 3211480542 1.404219e-08 346987663 1.404219e-08 1922039940 1.404219e-08 2110688926 1.404219e-08 1314810707 1.404219e-08 2472898255 1.404219e-08 3459912306 1.404219e-08 1598213090 1.404219e-08 1495382923 1.404219e-08 722767024 1.404219e-08 
1516419.0 1 73116178 1.9933928999999998e-07 2654473721 
1516419.0 1 73116178 2.1338149e-07 722767024 
1517099.0 2 179097684 4.962667e-07 19131048 515125813 1.4e-08 1298902656 1.741e-08 3532628785 1.741e-08 
1517185.0 1 179097684 5.102667e-07 515125813 
1517212.0 1 1572835533 1.5593291899999998e-06 3211480542 
1517337.0 1 1572835533 1.57337119e-06 1314810707 
1517977.0 1 179097684 5.276767e-07 3532628785 
1518076.0 1 179097684 5.450867e-07 1298902656 
1518374.0 1 1572835533 1.5874141899999998e-06 3554620561 
1519240.0 1 2670951229 2.808438e-08 3201932102 
1519728.0 0 4186562710 1.404219e-08 1759850032 
1520182.0 0 1572835533 1.587414e-06 2472898255 
1520213.0 1 1572835533 1.60145619e-06 1495382923 
1521568.0 1 1572835533 1.6295403700000001e-06 2670951229 
1527928.0 1 1572835533 1.64358219e-06 1759850032 
1533581.0 1 2789301560 2.808438e-08 2564127097 
1535146.0 0 1572835533 1.643582e-06 2367820772 
1540676.0 0 73116178 2.133815e-07 2367820772 
1541955.0 0 1089013536 1.435167e-08 3967778277 
1546557.0 1 1572835533 1.6576241899999999e-06 4186562710 
1557435.0 1 1068020906 0.00095543131 3736894086 
1570031.0 1 2340740170 2.23007013e-06 66987975 
1573238.0 1 3921011129 8.12997e-07 4212779140 
1576796.0 0 2353028958 1.435167e-08 3527214469 
1579195.0 1 3534547045 9.9562573e-07 3294683754 
1579833.0 0 1503861029 2.791e-08 2704180049 
1589887.0 1 1068020906 0.0009555018477799999 911013108 
1591663.0 1 1572835533 1.6717839e-06 630280293 
1614293.0 0 2013640095 1.407925e-08 346987663 
1617997.0 0 1922039940 1.404219e-08 224410298 
1620743.0 0 3004792470 5.854004e-07 659524895 
1621976.0 1 1572835533 1.68582619e-06 2472898255 
1623329.0 3 315200650 2.5558850000000003e-08 2110688926 826924968 1.639334e-08 
1627459.0 2 1075699702 1.10192208e-06 3004792470 3190311976 2.105592e-08 841878026 1.410861e-08 2747938267 1.410861e-08 3177521820 1.410861e-08 3363025910 1.410861e-08 1290268226 1.410861e-08 764400056 1.410861e-08 1517815290 1.410861e-08 66064165 1.410861e-08 2766526296 1.410861e-08 2454553876 1.410861e-08 1923515514 1.410861e-08 3339828518 1.410861e-08 105819081 1.410861e-08 533433650 1.410861e-08 1601889739 1.410861e-08 381652938 1.410861e-08 96665495 1.410861e-08 1342185090 1.410861e-08 149784911 1.410861e-08 85224627 1.410861e-08 1965662198 1.410861e-08 110439229 1.410861e-08 1449522982 1.410861e-08 3279439195 1.410861e-08 360107933 1.410861e-08 1657444763 1.410861e-08 58759274 1.410861e-08 2135013218 1.410861e-08 470332523 1.410861e-08 3217169414 1.410861e-08 3030801476 1.410861e-08 2208266878 1.410861e-08 3715668764 1.410861e-08 3418547556 1.410861e-08 355298688 1.410861e-08 4193709834 1.410861e-08 584993009 1.410861e-08 1499007652 1.410861e-08 755060644 1.410861e-08 3270476896 1.410861e-08 
1627459.0 1 3190311976 3.516453e-08 3270476896 
1627459.0 1 3190311976 4.927314e-08 841878026 
1627462.0 1 3715668764 2.821722e-08 2208266878 
1627463.0 1 105819081 2.821722e-08 1923515514 
1627675.0 0 1075699702 1.101922e-06 2135013218 
1630392.0 1 1075699702 1.15119514e-06 3190311976 
1631416.0 1 1075699702 1.16530461e-06 1601889739 
1632409.0 0 1649557018 1.435167e-08 3527214469 
1634789.0 1 1075699702 1.17965567e-06 3833074883 
1635876.0 1 1075699702 1.19376461e-06 58759274 
1637254.0 0 584993009 1.410861e-08 2766526296 
1637730.0 0 3833318790 2.791e-08 755060644 
1639070.0 1 360107933 2.821722e-08 3339828518 
1641775.0 1 1572835533 1.69986819e-06 1598213090 
1647502.0 3 2789301560 1.399999e-08 826924968 3934203265 1.523886e-08 1292024166 1.523886e-08 
1648695.0 0 224410298 1.404219e-08 2250775120 
1649274.0 0 1075699702 1.193764e-06 2747938267 
1651069.0 1 1075699702 1.20787261e-06 3177521820 
1653060.0 0 1237914369 1.435167e-08 3527214469 
1653744.0 1 373638573 1.000000014 2545005546 
1654170.0 0 175860597 1.435167e-08 3967778277 
1655489.0 1 2340740170 2.24698095e-06 3202152185 
1659160.0 1 2340740170 2.26329425e-06 649593533 
1660654.0 0 1075699702 1.207873e-06 4193709834 
1664438.0 1 1572835533 1.71391019e-06 2367820772 
1674278.0 0 1194638860 1.435167e-08 533433650 
1677319.0 2 2733144751 1.4642540000000001e-08 1055469694 1323984060 1.4e-08 
1680483.0 0 3715668764 2.821722e-08 1499007652 
1685546.0 0 2135013218 1.410861e-08 1290268226 
1707407.0 1 2340740170 2.2799432e-06 3607413901 
1708181.0 3 4061687915 3.768719e-08 2066612683 4197927596 1.924146e-08 
1711352.0 0 1075699702 1.207873e-06 3180086772 
1713707.0 1 1572835533 1.7283455000000001e-06 37613351 
1721534.0 3 1541925803 1.505178e-08 2250775120 1414892502 1.4e-08 
1726738.0 1 1075699702 1.2219816100000001e-06 470332523 
1734197.0 0 3528190190 3.778093e-07 381652938 
1736862.0 1 1075699702 1.2360906100000001e-06 3363025910 
1740205.0 0 1292024166 1.523886e-08 224410298 
1741896.0 1 1075699702 1.25044167e-06 4287239676 
1747979.0 0 3528190190 3.778093e-07 3197676583 
1755929.0 0 2353028958 1.435167e-08 3418547556 
1765138.0 1 1075699702 1.26479367e-06 2649056468 
1766771.0 1 3528190190 3.9216097e-07 1553963666 
1775374.0 1 3715668764 4.256889e-08 3180086772 
1782821.0 0 3528190190 3.92161e-07 1237914369 
1795596.0 0 3528190190 3.92161e-07 1061526795 
1796449.0 1 1572835533 1.74238819e-06 771359632 
1802361.0 1 1075699702 1.27890261e-06 149784911 
1811859.0 3 4061687915 1.4000010000000003e-08 4088625113 4201342597 1.746351e-08 2391696826 1.746351e-08 4138371369 1.746351e-08 
1825211.0 1 3528190190 4.0651267e-07 2353028958 
1827712.0 1 1572835533 1.756388e-06 2205180068 
1830224.0 2 72955594 1.4703340000000002e-08 481049431 3590332688 1.4e-08 
1835005.0 0 4046076794 2.791e-08 4201342597 
1838912.0 0 4197927596 1.924146e-08 3590332688 
1839710.0 0 381652938 1.410861e-08 533433650 
1840424.0 1 764400056 2.81508e-08 224410298 
1843965.0 0 1572835533 1.756388e-06 2950407739 
1852882.0 0 2016090987 1.435167e-08 533433650 
1855870.0 0 2710766136 2.791e-08 734120091 
1866241.0 1 1075699702 1.29301061e-06 1290268226 
1866989.0 2 2014426858 2.0952190000000002e-08 3967778277 1745749016 1.4e-08 
1876701.0 0 1503861029 2.791e-08 2766526296 
1878263.0 0 2326007700 2.791e-08 1499007652 
1881869.0 1 1572835533 1.77073967e-06 1649557018 
1886181.0 0 2766526296 1.410861e-08 1745749016 
1892435.0 1 3528190190 4.2121605000000003e-07 72955594 
1898977.0 1 3534547045 1.0099773700000001e-06 734120091 
1899110.0 1 3528190190 4.3943409e-07 2606325002 
1901997.0 0 3030801476 1.410861e-08 1323984060 
1902720.0 1 1572835533 1.9841205e-06 73116178 
1917620.0 0 1572835533 1.984121e-06 552498239 
1921111.0 1 1572835533 1.9981210000000003e-06 2789301560 
1921645.0 0 2475979558 1.435167e-08 2704180049 
1934037.0 3 315200650 2.4321789999999997e-08 1517815290 2711965517 1.534566e-08 
1946502.0 0 1075699702 1.293011e-06 2711965517 
1962295.0 0 1572835533 1.998121e-06 3381587904 
1966401.0 1 2340740170 2.29398619e-06 2704180049 
1968676.0 1 1075699702 1.30705319e-06 3527214469 
1969458.0 3 483021244 1.482913e-08 1745749016 2933223072 1.4e-08 
1973143.0 2 1089013536 1.4460280000000002e-08 1449522982 1987038079 1.4e-08 
1975140.0 0 2681375347 2.791e-08 1194638860 
1975394.0 0 79461789 1.435167e-08 1237914369 
1981346.0 0 1075699702 1.307053e-06 1089013536 
1987811.0 0 3167902617 1.429087e-08 1323984060 
1995099.0 3 4096225443 2.281498e-08 2933223072 3797386594 1.4e-08 
2002574.0 1 373638573 1.00000001431889 907719639 
2011938.0 0 764400056 2.81508e-08 1922039940 
2014800.0 1 4096225443 3.6814979999999996e-08 3797386594 
2022250.0 1 1572835533 2.0125564999999998e-06 3563522875 
2023406.0 1 1572835533 2.02666461e-06 2135013218 
2039034.0 0 2980075456 1.435167e-08 3381587904 
2049838.0 1 1572835533 2.04171678e-06 1541925803 
2050533.0 3 3934203265 1.523886e-08 3707800333 1280619132 1.4e-08 
2055088.0 0 3934203265 1.523886e-08 1280619132 
2069324.0 1 2340740170 2.3079860000000002e-06 1061526795 
2070372.0 2 1292024166 1.647772e-08 3934203265 4105879141 1.4e-08 
2131185.0 0 1572835533 2.041717e-06 1831065885 
2132513.0 3 4201342597 1.746351e-08 4105879141 3088551619 1.4e-08 
2136448.0 1 4193709834 2.821722e-08 96665495 
2139258.0 1 4201342597 3.146351e-08 3088551619 
2150665.0 1 1075699702 1.32215259e-06 3363823620 
2150938.0 0 4096225443 3.681498e-08 1236021306 
2154344.0 0 360107933 2.821722e-08 4197927596 
2158018.0 0 2980075456 1.435167e-08 79461789 
2175332.0 0 2340740170 2.307986e-06 1987038079 
2175900.0 1 2340740170 2.321986e-06 1987038079 
2193934.0 0 3381587904 1.435167e-08 355298688 
2194246.0 0 287394855 1.404219e-08 3590332688 
2207362.0 1 1075699702 1.33661328e-06 1089013536 
2216541.0 0 1572835533 2.041717e-06 4197927596 
2263896.0 1 1572835533 2.05606867e-06 1831065885 
2288220.0 2 1503861029 2.987836e-08 4138371369 3443287411 1.549515e-08 
2300336.0 1 1068020906 0.0009555300172200001 4193709834 
2324534.0 3 2911053862 2.321618e-08 552498239 3981989558 1.904549e-08 
2330071.0 1 1075699702 1.3791819e-06 3715668764 
2346943.0 1 3528190190 4.534341e-07 3590332688 
2348750.0 1 3150846686 1.04856067e-06 175860597 
2354788.0 0 3884987045 1.435167e-08 1965662198 
2371897.0 1 3528190190 4.6772497e-07 481808867 
2372610.0 0 3150846686 1.048561e-06 355298688 
2375139.0 1 1075699702 1.41064551e-06 4201342597 
2379624.0 2 1572835533 2.48854562e-06 3528190190 1165174376 1.762369e-08 3467386575 1.762369e-08 
2380511.0 1 1075699702 1.4261401500000002e-06 3443287411 
2381743.0 1 1572835533 2.5061696899999998e-06 3467386575 
2388528.0 0 315200650 2.432179e-08 1960974751 
2396240.0 1 1572835533 2.5237936899999996e-06 1165174376 
2410945.0 1 1572835533 2.53783519e-06 346987663 
2414808.0 1 2340740170 2.335986e-06 1280619132 
2426235.0 0 3833318790 2.791e-08 2719204682 
2443805.0 1 2911053862 3.756786e-08 79461789 
2450751.0 0 1075699702 1.426141e-06 3279439195 
2456002.0 1 2340740170 2.3499860000000004e-06 869234806 
2468706.0 1 1572835533 2.551836e-06 2780384598 
2488662.0 1 1068020906 0.00095554429087 3468130899 
2496241.0 1 1572835533 2.57088149e-06 3981989558 
2504732.0 0 309459595 1.435167e-08 381652938 
2519760.0 1 2911053862 5.1676469999999997e-08 1965662198 
2537813.0 1 1572835533 2.58959751e-06 2213923665 
2545182.0 1 3800257563 7.8240641e-07 3030801476 
2579396.0 0 3833318790 2.791e-08 1342185090 
2607378.0 0 3884987045 1.435167e-08 2013640095 
2628144.0 1 1572835533 2.60394967e-06 309459595 
2636913.0 0 1572835533 2.603949e-06 3884987045 
2644503.0 0 764400056 2.81508e-08 1657444763 
2668319.0 0 105819081 2.821722e-08 629078091 
2702972.0 0 2340740170 2.349986e-06 1414892502 
2777436.0 0 105819081 2.821722e-08 2348040613 
2792519.0 2 2014426858 2.130386e-08 3884987045 4263904522 1.4e-08 
2797471.0 0 2340740170 2.349986e-06 2014426858 
2811711.0 0 2340740170 2.349986e-06 4263904522 
2831044.0 2 2348040613 1.4642540000000001e-08 579073438 4267941538 1.4e-08 
2863720.0 0 3534547045 1.009977e-06 1960974751 
2865278.0 0 2340740170 2.349986e-06 4263904522 
2905196.0 0 2911053862 5.167647e-08 3696193412 
2915787.0 2 4197927596 1.9593130000000004e-08 1960974751 3372193553 1.4e-08 
2925597.0 0 1503861029 2.987837e-08 287394855 
2956180.0 0 1347872676 2.791e-08 315200650 
2981354.0 1 3150846686 1.06291267e-06 2016090987 
3004941.0 1 373638573 1.00000001959313 4197927596 
3036134.0 1 2340740170 2.36409461e-06 110439229 
3053863.0 0 4046076794 2.791e-08 2348040613 
3062881.0 1 2340740170 2.40090898e-06 4096225443 
3077238.0 0 3534547045 1.009977e-06 3372193553 
3114597.0 0 3150846686 1.062912e-06 4263904522 
3135276.0 1 2340740170 2.4149090000000004e-06 1414892502 
3164513.0 0 1572835533 2.603949e-06 4061687915 
3165764.0 1 2340740170 2.43621286e-06 2014426858 
3180822.0 1 1075699702 1.4402496100000002e-06 2454553876 
3187060.0 1 179097684 5.590867e-07 1736323711 
3231222.0 0 3150846686 1.062912e-06 4263904522 
3295220.0 1 3150846686 1.076912e-06 4263904522 
3343039.0 0 1572835533 2.603949e-06 1323984060 
3441143.0 1 3150846686 1.1050628e-06 764400056 
3477510.0 1 373638573 1.0000000144355 754560055 
3741928.0 1 1572835533 2.6183845e-06 4285226245 
3804568.0 1 3150846686 1.119063e-06 3372193553 
3806096.0 1 1572835533 2.63242719e-06 3459912306 
3887294.0 1 1075699702 1.47012737e-06 1503861029 
3938317.0 1 373638573 1.00000002791 4028593304 
3977822.0 1 373638573 1.00000001410861 1342185090 
3997228.0 1 373638573 1.0000000144355 1371202285 
4009914.0 1 1572835533 2.64653561e-06 381652938 
4033206.0 1 1572835533 2.6747532200000003e-06 360107933 
4051445.0 0 739080713 2.791e-08 2747938267 
4060451.0 0 2340740170 2.436213e-06 483021244 
4063657.0 1 3534547045 1.0248061300000001e-06 483021244 
4066339.0 1 1068020906 0.0009555583 4267941538 
4144127.0 1 2340740170 2.45032161e-06 3279439195 
4224275.0 1 1572835533 2.688753e-06 4061687915 
4231535.0 3 179097684 5.5132232e-07 1323984060 3681452412 2.176438e-08 
4231825.0 1 179097684 5.7308668e-07 3681452412 
4255266.0 1 2340740170 2.478232e-06 659524895 
4370432.0 0 1572835533 2.688753e-06 164438789 
4387654.0 1 373638573 1.00000001410861 1499007652 
4527784.0 0 1075699702 1.470127e-06 315200650 
4568537.0 1 1075699702 1.498037e-06 739080713 
4610603.0 1 2340740170 2.5299084699999997e-06 2911053862 
4683955.0 1 3800257563 7.964485900000001e-07 1922039940 
4725716.0 1 1572835533 2.7031046700000002e-06 1237914369 
4773132.0 0 2950407739 1.435167e-08 533433650 
