25.44488 1 3534547045 3.0701e-07 1731090175 
31.24188 1 3555679070 5.582e-08 2870037616 
73.14071 1 2246051850 3.0701e-07 211811971 
76.0392 1 2340740170 3.0701e-07 941534069 
104.5565 1 3919821980 5.582e-08 632754209 
206.0187 1 333964007 5.582e-08 2466232951 
243.8904 1 3921011129 3.0701e-07 3061883439 
262.5091 1 3919821980 8.373e-08 2455496064 
344.0091 1 3497999925 5.582e-08 3774459889 
356.2728 1 561528368 5.582e-08 3498415124 
395.7593 0 870323177 2.791e-08 1379399837 
424.5979 1 3534547045 3.3492e-07 925199572 
455.7446 1 2235064901 3.0701e-07 1379399837 
477.8358 1 1075699702 3.0701e-07 511603307 
635.3479 1 3150846686 3.0701e-07 3326748277 
928.7575 1 2235064901 3.3492e-07 4231632140 
1307.47 1 3004792470 3.0701e-07 1878784256 
1393.38 1 810769555 5.582e-08 1986278615 
1527.505 1 810769555 8.373e-08 741863299 
1638.161 1 2235064901 3.6283e-07 3116505811 
1665.733 1 3150846686 3.3492e-07 287801793 
1666.553 1 1075699702 3.3492e-07 790319072 
1800.495 0 1593891639 2.791e-08 2542835646 
1862.693 0 2178051842 2.791e-08 3621383820 
2016.63 0 1735432893 2.791e-08 1661091397 
2041.176 1 3004792470 3.3492e-07 290926289 
2082.005 1 1222799196 3.0701e-07 3775452048 
2140.652 1 2340740170 3.3492e-07 2409063466 
2196.185 1 1572835533 3.0701e-07 242414939 
2547.908 0 245436729 2.791e-08 2779686750 
2605.77 1 2235064901 3.9073999999999996e-07 870323177 
2681.068 1 545239233 3.0701e-07 3114612365 
2685.36 1 1572835533 3.3492e-07 197654791 
2803.41 1 326805806 5.582e-08 3736894086 
3002.157 1 3838279446 5.582e-08 911013108 
3117.573 1 1735432893 5.582e-08 3126241903 
3168.994 1 426576124 3.0701e-07 1866926464 
3355.795 0 3621383820 2.791e-08 778035964 
3546.317 1 1425083048 5.582e-08 3232700421 
3608.919 0 2937387076 2.791e-08 384163328 
3618.782 1 4259593397 3.0701e-07 1458432161 
3881.356 1 4259593397 3.3492e-07 3129006749 
3982.999 0 1631081845 2.791e-08 1134175585 
4245.638 1 3150846686 3.6283e-07 3616865126 
4335.462 1 3150846686 3.9073999999999996e-07 725558489 
4456.005 1 2340740170 3.6283e-07 2932274237 
4567.814 1 2340740170 3.9073999999999996e-07 1321648343 
4751.661 1 1572835533 3.6283e-07 3241671100 
4753.108 0 3800234335 2.791e-08 1661091397 
4754.663 1 2718413753 5.582e-08 953296898 
4783.308 1 3421887303 5.582e-08 387772665 
4869.274 1 3921011129 3.6283e-07 3421887303 
4900.472 0 2340740170 3.9074e-07 482917538 
4921.653 1 810769555 1.1164e-07 102901530 
5050.245 1 2235064901 4.1865e-07 1494141940 
5826.85 1 476505668 3.0701e-07 3709881891 
5953.72 0 2340740170 3.9074e-07 482917538 
6464.705 1 545239233 3.3492e-07 3121047530 
7202.034 0 4188445920 2.791e-08 1347872676 
7358.483 1 1222799196 3.3492e-07 873214132 
7445.816 0 3919821980 8.373e-08 3938221642 
7815.52 1 2246051850 3.3492e-07 2937387076 
7885.975 1 2984600922 3.0701e-07 4061687915 
7887.459 0 3555679070 5.582e-08 717226258 
8189.51 0 3150420704 2.791e-08 3084497907 
8420.756 1 545239233 3.6283e-07 3707189490 
8671.786 1 2246051850 3.6283e-07 770580294 
8836.989 1 2340740170 4.1865e-07 314650893 
9019.308 0 1075699702 3.3492e-07 2263814062 
9033.385 0 2440120768 2.791e-08 4046076794 
9407.156 1 3004792470 3.6283e-07 1963165541 
9556.586 0 2799798816 2.791e-07 4046076794 
9614.632 0 40245973 2.791e-08 636961411 
9789.901 1 2984600922 3.3492e-07 838860310 
10513.59 1 3921011129 3.9073999999999996e-07 3908154577 
10588.62 0 3921011129 3.9074e-07 1738899943 
11878.77 1 3497999925 8.373e-08 2480932170 
12261.07 1 2246051850 3.9073999999999996e-07 1481166135 
12285.84 1 3921011129 4.1865e-07 1631081845 
12564.39 0 2178051842 2.791e-08 778035964 
13283.51 0 2178051842 2.791e-08 3621383820 
13299.39 0 2178051842 2.791e-08 3257166052 
13487.9 0 3534547045 3.3492e-07 1661091397 
13790.66 0 3921011129 4.1865e-07 1738899943 
13811.8 1 3534547045 3.6283e-07 1661091397 
14352.32 1 2718413753 8.373e-08 2693713428 
14390.12 1 2235064901 4.4656e-07 2125112500 
14576.19 0 2779686750 2.791e-08 3084497907 
14833.12 0 3150846686 3.9074e-07 2779686750 
15157.18 0 3373526895 2.791e-07 1134175585 
15858.28 0 3382444416 2.791e-08 3197676583 
16054.37 1 2235064901 4.7447e-07 3621383820 
16063.74 1 3921011129 4.4656e-07 331336395 
17043.19 1 1075699702 3.6283e-07 1541946641 
17136.34 0 1735432893 5.582e-08 3800234335 
17426.44 0 2235064901 4.7447e-07 2779686750 
17451.31 0 333964007 5.582e-08 1327969783 
18076.66 1 2246051850 4.1865e-07 3732071459 
19129.07 0 3919821980 8.373e-08 3800234335 
19317.99 1 1584276479 5.582e-08 3841896594 
19560.6 0 1134175585 2.791e-08 3800234335 
19638.82 1 3921011129 4.7447e-07 1738899943 
19762.18 0 1222799196 3.3492e-07 405521437 
19917.35 1 2519559028 3.3492e-07 3838279446 
19948.63 1 1222799196 3.6283e-07 405521437 
21772.13 1 3800257563 3.0701e-07 1128709694 
21922.09 1 257754683 5.582e-08 1493201942 
22088.99 1 3737780296 3.0701e-07 3490627259 
22320.13 1 3534547045 3.9073999999999996e-07 3938221642 
22669.78 1 3534547045 4.1865e-07 582973675 
22803.01 1 688805295 5.582e-08 636961411 
23044.93 0 3737780296 3.0701e-07 3279231079 
23291.41 1 545239233 3.9073999999999996e-07 2308721517 
23310.93 1 1068020906 0.0009543279100000001 3919026803 
24242.93 2 2340740170 4.1865e-07 688805295 3687573659 1.4e-08 3196256300 2.091e-08 848448836 2.091e-08 
24291.68 0 848448836 2.091e-08 3687573659 
24692.29 1 3737780296 3.3492e-07 2298477853 
24830.0 1 2235064901 5.0238e-07 2835620284 
25864.18 0 2340740170 4.1865e-07 3196256300 
26638.96 0 2340740170 4.1865e-07 1516068388 
26928.51 1 2235064901 5.302900000000001e-07 3084497907 
26942.51 0 3373526895 2.791e-07 3800234335 
27511.45 0 384163328 2.791e-08 6723929 
27591.26 1 1572835533 4.4655999999999994e-07 2718413753 
27993.26 0 6723929 2.791e-08 1516068388 
28215.6 0 2340740170 4.1865e-07 3196256300 
29360.56 0 3921011129 4.7447e-07 2178051842 
29389.74 0 2340740170 4.1865e-07 3687573659 
29397.58 1 545239233 4.1865e-07 2737363250 
29775.19 0 561528368 5.582e-08 3071234124 
29953.77 0 257754683 5.582e-08 3150420704 
30467.53 1 1572835533 5.0238e-07 3555679070 
31515.72 0 3534547045 4.1865e-07 3800234335 
31772.85 1 4031050948 3.0701e-07 3462747 
32866.36 0 3953846011 2.791e-08 2263814062 
34824.84 0 3919821980 8.373e-08 1134175585 
36667.26 1 2235064901 5.582e-07 3257166052 
37280.87 1 2528553283 5.582e-08 3424908067 
37659.37 1 2246051850 4.4656e-07 717226258 
38886.85 1 905418128 4.8819999999999996e-08 3196256300 
39242.03 1 3373526895 3.0701e-07 1134175585 
40259.1 1 1507417240 5.582e-08 3384709749 
43247.23 1 3534547045 4.4656e-07 3800234335 
43352.07 0 739080713 2.791e-08 2919643181 
43728.92 1 3534547045 5.0238e-07 1735432893 
45920.93 0 1236021306 2.791e-08 43001897 
45931.0 0 754869367 2.791e-08 1415695418 
47201.61 2 2984600922 3.3492e-07 326805806 2211003714 1.4e-08 2916276788 2.091e-08 3696193412 2.091e-08 
48810.32 1 3534547045 5.8611e-07 3919821980 
50176.83 0 4259593397 3.3492e-07 598947138 
52087.17 1 949068759 5.582e-08 1502094437 
52737.86 1 2984600922 3.6283e-07 732124878 
52834.73 0 3534547045 5.8611e-07 780264402 
53386.5 0 3737780296 3.3492e-07 2440120768 
54735.63 1 3373526895 3.3492e-07 780264402 
55133.48 0 1444500749 2.791e-08 40245973 
55533.45 0 1037584679 2.791e-08 2542835646 
56662.77 1 2178051842 5.582e-08 486050091 
57278.39 0 3889879026 2.791e-08 2393342300 
57649.25 2 3921011129 4.7447e-07 1584276479 15308464 1.4e-08 1239307652 2.091e-08 1945448119 2.091e-08 
57696.89 1 3921011129 4.9538e-07 1945448119 
58073.78 1 3921011129 5.0938e-07 15308464 
58183.12 1 3921011129 5.302900000000001e-07 1239307652 
58982.1 1 199935986 5.582e-08 3037779432 
59751.33 1 2340740170 4.4656e-07 40245973 
61053.79 0 2528553283 5.582e-08 2393342300 
61973.7 0 3889879026 2.791e-08 2038493855 
63514.95 0 2519559028 3.3492e-07 3108364485 
66182.15 1 4252347608 5.582e-08 1206764858 
66454.16 0 2349140130 2.791e-08 3749853089 
66652.36 1 2246051850 4.7447e-07 1516068388 
67304.1 1 545239233 4.4656e-07 778035964 
70496.03 0 3534547045 5.8611e-07 2393342300 
70728.95 0 3747246174 2.791e-08 2406269022 
72716.47 1 1503861029 4.8819999999999996e-08 3696193412 
74524.07 0 2246051850 4.7447e-07 3071234124 
74746.11 0 2779686750 2.791e-08 2393342300 
75310.35 1 1075699702 3.9073999999999996e-07 3953846011 
76248.25 1 1593891639 5.582e-08 1790255658 
76508.78 0 333964007 5.582e-08 2919643181 
78953.22 0 3150846686 3.9074e-07 2859795595 
79751.75 1 1075699702 4.1865e-07 1156624510 
81333.52 0 1075699702 4.1865e-07 1651612823 
82928.67 2 1075699702 4.1865001e-07 810769555 3396227953 6.403341e-08 3321237907 1.586886e-08 3187199216 1.586886e-08 3330100144 1.586886e-08 
83145.81 1 1068020906 0.0009543558100000001 3443220506 
84262.5 0 3747246174 2.791e-08 862710978 
84332.02 0 921425487 2.791e-08 825415804 
85315.96 0 3747246174 2.791e-08 862710978 
85802.58 0 3534547045 5.8611e-07 2393342300 
86233.76 0 3747246174 2.791e-08 862710978 
87408.05 2 1572835533 5.0238e-07 1593891639 310481256 1.4e-08 817087088 2.091e-08 551137729 2.091e-08 
87625.89 1 2799798816 3.0701e-07 2906924538 
88369.4 0 1444500749 2.791e-08 6723929 
89522.01 1 476505668 6.1402e-07 3800257563 
91304.61 1 3534547045 6.140200000000001e-07 2393342300 
91428.54 1 3747246174 5.582e-08 862710978 
93801.69 2 3921011129 5.3029e-07 2178051842 1218250404 1.4e-08 1035956119 2.091e-08 1211996162 2.091e-08 
94061.42 0 3176785673 2.791e-08 2440120768 
95055.13 1 3921011129 5.512e-07 1035956119 
95312.4 1 3921011129 5.652e-07 1218250404 
95444.49 1 3004792470 3.9073999999999996e-07 1434594601 
100012.8 2 3150846686 3.9074e-07 1425083048 188552836 1.4e-08 2029773149 2.091e-08 302486611 2.091e-08 
103794.5 0 1222799196 3.6283e-07 3933289935 
103967.8 0 1572835533 5.0238e-07 551137729 
104354.9 1 2799798816 3.3492e-07 2250879299 
104475.1 1 1222799196 3.9073999999999996e-07 2870158420 
107677.9 1 2235064901 5.8611e-07 2779686750 
109967.3 1 545239233 4.6747e-07 302486611 
110915.7 1 2235064901 6.070200000000001e-07 1211996162 
112391.6 3 1572835533 5.023799599999998e-07 1222799196 1842102965 2.005191e-07 1285693762 1.463238e-08 1078741991 1.463238e-08 2723643411 1.463238e-08 1804212609 1.463238e-08 438292632 1.463238e-08 2001290253 1.463238e-08 3147695692 1.463238e-08 3179285865 1.463238e-08 2173231515 1.463238e-08 740082705 1.463238e-08 2795063678 1.463238e-08 3642829293 1.463238e-08 2707128518 1.463238e-08 
112391.7 1 1842102965 2.1515147999999999e-07 2707128518 
112391.7 1 1842102965 2.2978388e-07 1285693762 
112733.7 0 2349140130 2.791e-08 3749853089 
112867.8 0 1075699702 4.1865e-07 3330100144 
113382.9 1 1075699702 4.3451886e-07 3321237907 
113597.1 0 1572835533 5.0238e-07 1434498202 
114302.9 0 1842102965 2.297839e-07 1804212609 
114581.4 1 2235064901 1.17222e-06 3921011129 
115566.1 0 2235064901 1.17222e-06 4263717482 
116664.8 1 3497999925 9.836237999999999e-08 3147695692 
116957.9 0 2487301543 2.791e-08 3687573659 
118654.5 0 2235064901 1.17222e-06 4263717482 
118686.9 1 1465560917 2.9373238000000003e-07 1078741991 
119415.7 0 2528553283 5.582e-08 2406269022 
119454.3 0 3004792470 3.9074e-07 3428193420 
121233.3 1 769686034 5.582e-08 1347872676 
122427.9 1 1572835533 5.1701238e-07 2723643411 
122561.3 1 1572835533 5.310124e-07 3687573659 
122729.9 0 3889879026 2.791e-08 3749853089 
124693.3 0 598947138 2.791e-08 3330100144 
124996.0 0 3150846686 3.9074e-07 3150420704 
126332.1 1 2519559028 3.6283e-07 3108364485 
126365.1 2 2768642543 4.129408e-08 1586980658 474866315 1.452592e-08 
126986.1 0 3373526895 3.3492e-07 4263717482 
127609.5 0 126484229 2.791e-08 2669757562 
127762.8 1 2246051850 4.8910238e-07 2795063678 
128765.0 0 4259593397 3.3492e-07 4028593304 
129170.7 3 4031050948 3.0700996e-07 1403705120 1639799867 1.4e-08 1026028388 1.472778e-08 1128056158 1.472778e-08 2909632847 1.472778e-08 937177227 1.472778e-08 3393811039 1.472778e-08 611212867 1.472778e-08 1104410542 1.472778e-08 2328232000 1.472778e-08 2999719241 1.472778e-08 1931993247 1.472778e-08 1494850122 1.472778e-08 3414514926 1.472778e-08 2312786130 1.472778e-08 3537925318 1.472778e-08 1634407402 1.472778e-08 3869596591 1.472778e-08 3375523036 1.472778e-08 772925454 1.472778e-08 
132720.0 2 1572835533 5.310124199999999e-07 1842102965 2215785330 1.386281e-07 3491092596 1.519263e-08 57770090 1.519263e-08 3071577057 1.519263e-08 1452489764 1.519263e-08 4260098875 1.519263e-08 3696843781 1.519263e-08 
133265.4 1 4259593397 3.6283e-07 2263814062 
134006.6 0 3150420704 2.791e-08 188552836 
135214.3 0 3889879026 2.791e-08 2406269022 
135455.9 0 2340740170 4.4656e-07 482917538 
135528.1 1 3150846686 4.1865e-07 858320168 
135972.6 0 949068759 5.582e-08 259930472 
136600.2 0 3889879026 2.791e-08 2349140130 
136850.4 0 2215785330 1.386281e-07 1452489764 
137471.9 1 3004792470 4.1865e-07 1239791232 
138556.5 2 2246051850 4.891024e-07 905418128 2138100036 1.4e-08 1726701215 1.741e-08 1412415798 1.741e-08 
138949.8 1 385785803 5.582e-08 2326007700 
139964.4 0 1572835533 5.310124e-07 3071577057 
140772.9 1 1572835533 5.4620503e-07 3071577057 
140886.4 0 2340740170 4.4656e-07 2138100036 
141261.3 1 2519559028 3.7755778e-07 1104410542 
142675.6 1 1227575429 4.310263e-08 4260098875 
143197.5 1 769686034 6.982e-08 1639799867 
143522.0 1 2246051850 5.065124e-07 1412415798 
143806.5 2 3737780296 3.3492e-07 1503861029 375852842 1.4e-08 3593732192 1.741e-08 3888264012 1.741e-08 
144778.9 0 3534547045 6.1402e-07 4263717482 
148040.9 0 2519559028 3.775578e-07 3012070026 
149880.7 1 2235064901 1.2001300000000001e-06 3150420704 
151471.9 0 2487301543 2.791e-08 3642829293 
156259.9 2 545239233 4.6747e-07 949068759 313359544 1.4e-08 217284033 2.091e-08 2151269300 2.091e-08 
156266.0 2 3534547045 6.140200099999999e-07 3373526895 3913511150 1.699403e-08 2962530363 1.445118e-08 2063946235 1.445118e-08 1172086036 1.445118e-08 690117576 1.445118e-08 3288380490 1.445118e-08 845665321 1.445118e-08 3122982648 1.445118e-08 1471982444 1.445118e-08 3303338876 1.445118e-08 2875471576 1.445118e-08 1738909006 1.445118e-08 356405251 1.445118e-08 2879167783 1.445118e-08 3083352544 1.445118e-08 4198169764 1.445118e-08 821115011 1.445118e-08 2118016430 1.445118e-08 1945735688 1.445118e-08 4093093422 1.445118e-08 2842015324 1.445118e-08 1249238030 1.445118e-08 3214077756 1.445118e-08 
156280.0 1 3534547045 6.2847118e-07 356405251 
156297.6 1 3122982648 2.890236e-08 1172086036 
156310.2 1 3214077756 2.890236e-08 2842015324 
156592.4 1 545239233 4.8838e-07 2151269300 
156666.9 0 3534547045 6.284712e-07 821115011 
156686.5 0 3534547045 6.284712e-07 2063946235 
156751.0 1 3534547045 6.4292238e-07 4198169764 
156832.7 1 3534547045 6.573735799999999e-07 1249238030 
157010.7 1 3534547045 6.718246799999999e-07 2875471576 
157173.1 1 3534547045 6.8627588e-07 821115011 
157183.9 1 3534547045 7.0072708e-07 1945735688 
157590.2 1 3534547045 7.2962946e-07 3122982648 
158136.1 1 3534547045 7.4408058e-07 3083352544 
158252.9 1 3534547045 7.5853178e-07 1738909006 
158382.6 1 3534547045 7.729829799999999e-07 1471982444 
159351.4 0 476505668 6.1402e-07 501991070 
159584.0 1 3534547045 7.8743418e-07 845665321 
160510.9 3 1572835533 5.4620497e-07 1465560917 879162223 1.281238e-07 3884425642 1.505533e-08 1149406307 1.505533e-08 3528332227 1.505533e-08 4004407106 1.505533e-08 451270221 1.505533e-08 3149440925 1.505533e-08 2250775120 1.505533e-08 1130108289 1.505533e-08 2177968201 1.505533e-08 2914302410 1.505533e-08 3655816389 1.505533e-08 
160768.6 1 1572835533 5.6126033e-07 2914302410 
161064.2 1 3534547045 8.0188538e-07 2879167783 
162396.7 1 3534547045 8.307876600000001e-07 3214077756 
162397.2 0 3303338876 1.445118e-08 3288380490 
164426.4 0 2046083849 2.791e-08 3491092596 
166045.8 1 1572835533 5.7631563e-07 3884425642 
166672.3 0 3288380490 1.445118e-08 2063946235 
167202.6 1 879162223 1.4317913e-07 2177968201 
167306.9 0 259930472 2.791e-08 2001290253 
168531.0 1 1075699702 4.6242889999999997e-07 2074240873 
169421.9 3 1507417240 5.1514320000000003e-08 3481866093 3485819286 1.610784e-08 1382686479 1.610784e-08 
169454.6 1 199935986 7.054778e-08 1634407402 
170663.6 0 3475245566 2.791e-08 728028737 
171055.8 0 3288380490 1.445118e-08 690117576 
171546.1 1 3534547045 8.4523888e-07 3288380490 
172045.5 0 1434498202 2.791e-08 1037584679 
172189.4 1 3737780296 3.4964778e-07 3375523036 
174466.7 1 1572835533 5.9137103e-07 3149440925 
174703.4 1 1572835533 6.19281e-07 4122240121 
174989.3 0 4263717482 2.791e-08 2962530363 
175297.9 0 2349140130 2.791e-08 3913511150 
179063.8 3 3004792470 4.1864999999999995e-07 4031050948 1803925302 1.4e-08 3293059020 1.46505e-08 378125977 1.46505e-08 2159618959 1.46505e-08 2441325815 1.46505e-08 3401497744 1.46505e-08 4069401935 1.46505e-08 134948105 1.46505e-08 1998372786 1.46505e-08 2455922112 1.46505e-08 3059103076 1.46505e-08 432337108 1.46505e-08 1902671923 1.46505e-08 4209590891 1.46505e-08 77395223 1.46505e-08 3592986772 1.46505e-08 1246511018 1.46505e-08 3986570268 1.46505e-08 174500547 1.46505e-08 4083845756 1.46505e-08 110358663 1.46505e-08 
179073.0 1 4069401935 2.9301e-08 3401497744 
179141.0 1 2246051850 5.344224000000001e-07 3071234124 
179178.8 1 3004792470 4.333005e-07 174500547 
179676.8 1 769686034 9.773e-08 315200650 
179977.4 0 2681375347 2.791e-08 811613008 
181222.2 0 3004792470 4.333005e-07 2441325815 
181776.6 0 2340740170 4.4656e-07 2451350669 
182201.1 1 2340740170 5.0238e-07 561528368 
182770.2 0 3303338876 1.445118e-08 690117576 
186471.4 0 3396227953 6.403341e-08 3428193420 
186627.7 1 2956861855 4.25605e-08 4083845756 
188017.2 1 3534547045 8.5969008e-07 2962530363 
189734.8 1 3534547045 8.876001e-07 4263717482 
190170.9 0 3534547045 8.876001e-07 2118016430 
190455.5 1 3534547045 9.0205128e-07 2118016430 
190855.0 0 1035492323 2.791e-08 134948105 
192588.5 0 3534547045 9.020513e-07 690117576 
194272.5 0 879162223 1.431791e-07 1149406307 
196360.2 0 2440120768 2.791e-08 77395223 
197803.4 0 4259593397 3.6283e-07 2250775120 
198683.7 0 3392858646 2.791e-08 3833318790 
198889.1 0 2215785330 1.386281e-07 3491092596 
199110.2 1 1572835533 6.343363300000001e-07 451270221 
199175.8 0 551137729 2.091e-08 2001290253 
199199.4 3 3889879026 2.61867e-08 2349140130 1370908750 1.481665e-08 1837234470 1.481665e-08 
200245.9 0 1837234470 1.481665e-08 1370908750 
201165.3 2 2528553283 8.686556e-08 3747246174 2945849429 2.477444e-08 
201301.2 1 1075699702 4.903389000000001e-07 1458665800 
206910.5 1 3150846686 4.3956e-07 2029773149 
208528.6 0 3891448235 2.791e-08 2455922112 
211568.1 1 3534547045 9.165024799999999e-07 2063946235 
212039.2 1 1572835533 6.4939163e-07 3655816389 
212765.0 0 2528553283 8.686556e-08 2406269022 
212878.1 1 1075699702 8.531689e-07 4259593397 
213251.4 0 199935986 7.054778e-08 2919643181 
213748.2 0 1804212609 1.463238e-08 310481256 
213914.1 1 3534547045 9.309535799999999e-07 690117576 
214421.0 3 2038493855 2.1381539999999998e-08 2945849429 66296937 1.565145e-08 976558236 1.565145e-08 
214480.5 1 2038493855 3.703299e-08 66296937 
217554.6 0 3150846686 4.3956e-07 245436729 
218303.7 1 3150846686 4.5356e-07 313359544 
222257.4 0 1123501568 2.791e-08 57770090 
222551.1 0 739080713 2.791e-08 77395223 
224142.3 3 3197676583 2.758408e-08 772925454 2438291630 1.50537e-08 
224606.4 1 2528553283 1.1477556e-07 2406269022 
228777.9 1 3150846686 4.6756e-07 188552836 
231493.4 0 2856850640 2.791e-08 4209590891 
232622.3 1 1075699702 8.6903776e-07 3330100144 
232805.3 0 1726701215 1.741e-08 310481256 
235047.1 0 3823443426 2.791e-08 1804212609 
235905.6 1 2799798816 3.6283e-07 2620740164 
237080.2 0 2038493855 3.703299e-08 976558236 
237080.6 0 2038493855 3.703299e-08 976558236 
240885.3 1 4188445920 4.263778e-08 611212867 
240902.2 1 2038493855 5.2684440000000005e-08 976558236 
241368.6 0 545239233 4.8838e-07 1444500749 
241589.5 1 2215785330 1.595381e-07 817087088 
241866.3 1 1572835533 8.089297e-07 2215785330 
241870.0 3 4252347608 1.4e-08 245436729 906368509 1.74325e-08 3783228500 1.74325e-08 2858952728 1.74325e-08 395113485 1.74325e-08 
242306.2 0 2858952728 1.74325e-08 3783228500 
242540.6 0 3197676583 2.758408e-08 2438291630 
243624.4 0 2858952728 1.74325e-08 4252347608 
244707.0 0 1075699702 8.690377e-07 3428193420 
245623.3 0 2858952728 1.74325e-08 906368509 
246161.6 0 395113485 1.74325e-08 2858952728 
248095.9 0 179097684 2.791e-07 906368509 
251570.7 0 395113485 1.74325e-08 4252347608 
251775.1 1 3889879026 4.100334e-08 1837234470 
255475.1 0 2046083849 2.791e-08 3179285865 
255480.1 1 179097684 2.965325e-07 906368509 
258378.8 0 395113485 1.74325e-08 2858952728 
258619.9 0 2919643181 2.791e-08 378125977 
259584.7 1 2519559028 4.054678e-07 90391199 
261459.0 0 179097684 2.965325e-07 3783228500 
261587.9 1 1068020906 0.00095438371 1134132465 
261731.7 1 2340740170 5.302900000000001e-07 2046083849 
262354.3 1 2246051850 5.4961503e-07 3696843781 
263468.2 0 2340740170 5.3029e-07 1149406307 
267535.2 0 2038493855 5.268444e-08 1370908750 
270373.1 3 3020817656 2.484349e-08 3783228500 4019363830 2.049901e-08 
270547.9 0 3020817656 2.484349e-08 4019363830 
271022.7 0 3150846686 4.6756e-07 1370908750 
271050.2 1 3020817656 4.53425e-08 4019363830 
273502.3 1 2528553283 1.322081e-07 2858952728 
273543.0 1 2487301543 4.296533e-08 3528332227 
273727.4 1 2528553283 1.4964060000000001e-07 395113485 
275886.4 1 1068020906 0.00095441161 3228084226 
277955.6 2 179097684 2.965325e-07 2038493855 3016084464 1.4e-08 921818415 1.934222e-08 2892683898 1.934222e-08 
277971.2 1 179097684 3.1587472e-07 921818415 
278110.1 1 179097684 3.3521692e-07 2892683898 
278450.9 1 179097684 3.492169e-07 3016084464 
283169.3 0 2487301543 4.296533e-08 1434498202 
283683.9 2 545239233 4.883800500000003e-07 3150846686 3697249003 1.143712e-07 3983774618 1.412755e-08 4187488967 1.412755e-08 898751805 1.412755e-08 3632514288 1.412755e-08 410848061 1.412755e-08 2791633391 1.412755e-08 630280293 1.412755e-08 4212779140 1.412755e-08 3459374364 1.412755e-08 2125331604 1.412755e-08 3113062634 1.412755e-08 847040419 1.412755e-08 4240624600 1.412755e-08 1565786989 1.412755e-08 2286860921 1.412755e-08 3707879645 1.412755e-08 2746930994 1.412755e-08 4075596975 1.412755e-08 4283280385 1.412755e-08 538453177 1.412755e-08 3121292019 1.412755e-08 3349724438 1.412755e-08 4253718737 1.412755e-08 3297362622 1.412755e-08 1751902433 1.412755e-08 
283683.9 1 3697249003 1.2849874999999998e-07 3983774618 
283683.9 1 3697249003 1.4262635e-07 1751902433 
283801.0 1 545239233 5.0250755e-07 3121292019 
284276.7 1 545239233 6.451339e-07 3697249003 
284792.1 1 2340740170 5.512e-07 551137729 
285331.2 0 3297362622 1.412755e-08 3459374364 
286322.3 0 997905375 2.791e-08 43001897 
286760.9 1 2205180068 5.582e-08 384163328 
287890.0 0 1227575429 4.310263e-08 1149406307 
288872.7 1 545239233 6.5926145e-07 3632514288 
289157.9 1 3004792470 4.612105e-07 828787466 
289393.1 1 545239233 6.7338895e-07 4187488967 
289595.5 1 545239233 6.8751655e-07 3113062634 
290731.1 1 2555962951 3.2173778e-07 4188445920 
291135.3 0 545239233 6.875165e-07 3349724438 
292010.4 0 2246051850 5.49615e-07 4283280385 
292524.0 0 1572835533 8.089297e-07 848448836 
296396.9 1 2235064901 1.21458118e-06 3303338876 
297849.0 0 3382444416 2.791e-08 134948105 
298581.5 3 843517319 2.641895e-08 2211003714 2878871175 1.549105e-08 
299814.9 0 3737780296 3.496478e-07 1037584679 
300085.4 3 2246051850 5.4961499e-07 1227575429 3083717413 1.4e-08 220564665 1.455132e-08 3653734512 1.455132e-08 
300231.0 0 847040419 1.412755e-08 898751805 
301158.8 0 630280293 1.412755e-08 898751805 
305333.4 0 6723929 2.791e-08 1123501568 
305630.6 1 545239233 7.0164405e-07 410848061 
307184.8 0 3004792470 4.612105e-07 825415804 
308714.1 2 3004792470 4.6121051999999986e-07 2555962951 3815024321 1.4e-08 1428265047 1.465418e-08 3604532305 1.465418e-08 1869365069 1.465418e-08 965372172 1.465418e-08 607396504 1.465418e-08 2533881277 1.465418e-08 472358284 1.465418e-08 1950077488 1.465418e-08 1820499179 1.465418e-08 4055959668 1.465418e-08 528880979 1.465418e-08 3778036871 1.465418e-08 1405660995 1.465418e-08 3662110242 1.465418e-08 2247026945 1.465418e-08 4032129539 1.465418e-08 4035587434 1.465418e-08 3111692719 1.465418e-08 1398579088 1.465418e-08 2501379955 1.465418e-08 3332562587 1.465418e-08 
308732.1 0 545239233 7.016441e-07 898751805 
309629.5 0 2246051850 5.49615e-07 3707879645 
310586.5 0 545239233 7.016441e-07 1434498202 
312870.4 0 2916276788 2.091e-08 847040419 
313301.8 0 199935986 7.054778e-08 3332562587 
314886.5 1 545239233 7.1577165e-07 2791633391 
314890.8 1 2246051850 5.63615e-07 3083717413 
315085.8 0 2984600922 3.6283e-07 965372172 
318195.7 2 1572835533 8.089297e-07 2205180068 3562383954 1.4e-08 2521380987 2.091e-08 4119421155 2.091e-08 
318205.7 3 3428193420 2.4290529999999998e-08 1726701215 1913762779 2.102947e-08 
319516.3 1 1913762779 3.5661850000000004e-08 2001290253 
321019.3 1 869234806 4.254238e-08 3642829293 
321315.4 0 2501379955 1.465418e-08 3604532305 
322124.8 0 3396227953 6.403341e-08 1035492323 
322427.9 1 3396227953 9.194341e-08 2911053862 
322959.4 0 2246051850 5.63615e-07 3653734512 
325535.3 1 1068020906 0.0009544395100000001 4274934102 
325732.7 1 740082705 2.926476e-08 2173231515 
325773.8 2 2340740170 5.512e-07 869234806 3678948817 1.4e-08 2489195127 1.427119e-08 3929228125 1.427119e-08 
325875.0 1 2340740170 5.6547119e-07 2489195127 
325891.8 2 2246051850 5.63615e-07 257754683 3160344427 1.4e-08 3182159117 2.091e-08 766581564 2.091e-08 
325920.6 0 482917538 2.791e-08 4212779140 
325949.1 0 2246051850 5.63615e-07 766581564 
326281.0 1 1434498202 4.8819999999999996e-08 3182159117 
326769.1 1 2859795595 4.203755e-08 3459374364 
326946.4 0 848448836 2.091e-08 1565786989 
327982.0 1 545239233 7.2989915e-07 2746930994 
328404.7 1 1572835533 8.229296999999999e-07 3562383954 
330643.3 1 2340740170 5.933812e-07 1444500749 
334280.2 1 2246051850 5.781663199999999e-07 3653734512 
335685.2 0 1327969783 2.791e-08 2916276788 
336869.0 1 545239233 7.440267499999999e-07 2286860921 
337267.3 0 3736601249 2.791e-08 3357643131 
338582.7 1 2956861855 7.04705e-08 4046076794 
339165.3 0 2487301543 4.296533e-08 3678948817 
340783.7 0 740082705 2.926475e-08 2542835646 
341129.3 1 2859795595 5.61651e-08 2125331604 
342181.3 2 545239233 7.4402671e-07 2859795595 3702894340 1.4e-08 3532745758 1.405503e-08 1072840122 1.405503e-08 3294683754 1.405503e-08 
343750.0 1 545239233 7.5808173e-07 1072840122 
346089.8 0 1593850299 2.791e-08 3933289935 
346348.1 1 545239233 7.720818e-07 3702894340 
346787.3 1 2340740170 6.0843653e-07 4004407106 
348365.4 1 2487301543 5.815796e-08 57770090 
348938.5 0 848448836 2.091e-08 4283280385 
350158.5 1 2984600922 3.7748418e-07 3604532305 
352480.0 1 3004792470 4.762642e-07 2438291630 
353088.1 0 545239233 7.720818e-07 3707879645 
354840.4 2 3737780296 3.4964782000000004e-07 2956861855 1676003954 1.4e-08 4285585893 1.411762e-08 2674988631 1.411762e-08 406745133 1.411762e-08 2883513480 1.411762e-08 
355102.2 1 545239233 7.8620935e-07 3297362622 
355969.9 1 1068020906 0.00095446751 1415695418 
357710.5 3 2542835646 1.400001e-08 3929228125 783121895 1.409059e-08 2683944377 1.409059e-08 
359770.0 1 4285585893 2.811762e-08 1676003954 
360924.4 3 3749853089 2.35045e-08 4252347608 2961226102 1.84055e-08 
361220.1 0 6723929 2.791e-08 3491092596 
361640.1 1 545239233 8.0033685e-07 4075596975 
361887.3 1 2340740170 6.6659446e-07 2487301543 
362024.1 0 2519559028 4.054678e-07 4226750145 
363170.7 0 3889879026 4.100335e-08 2961226102 
364058.9 0 545239233 8.003369e-07 4240624600 
366567.8 0 2519559028 4.054678e-07 1128056158 
366626.6 0 3485819286 1.610784e-08 2441325815 
368644.2 3 1507417240 1.4000009999999996e-08 3059103076 301219709 1.738827e-08 1743198400 1.738827e-08 3059144981 1.738827e-08 
371876.2 1 879162223 1.7244385000000002e-07 740082705 
371924.9 1 545239233 8.1446445e-07 538453177 
372282.5 0 2340740170 6.665945e-07 482917538 
373968.0 0 2246051850 5.781663e-07 4212779140 
375165.2 1 1572835533 1.4895242e-06 2340740170 
375527.0 1 2856850640 4.202762e-08 2674988631 
376574.0 1 179097684 3.676224e-07 2961226102 
377131.3 1 545239233 8.2859195e-07 4240624600 
377485.1 0 3823443426 2.791e-08 2916276788 
379401.8 0 1572835533 1.489524e-06 3179285865 
382094.7 0 1572835533 1.489524e-06 1565786989 
383250.3 0 1452489764 1.519263e-08 2250775120 
388252.1 1 1075699702 8.969477000000001e-07 1651612823 
388331.6 2 378125977 1.528288e-08 3179285865 3952655669 1.4e-08 
389329.7 0 3396227953 9.194341e-08 3592986772 
389511.3 0 2519559028 4.054678e-07 1405660995 
397254.0 1 545239233 8.4271955e-07 4212779140 
397915.9 1 545239233 8.5677453e-07 3532745758 
398185.3 0 3823443426 2.791e-08 4119421155 
398642.5 2 848448836 2.1037550000000002e-08 3349724438 2848685905 1.4e-08 
399317.2 1 2984600922 4.0560182e-07 4285585893 
402633.6 0 1572835533 1.489524e-06 1130108289 
403413.7 0 2235064901 1.214581e-06 2848685905 
404902.7 1 2799798816 3.7692059e-07 2683944377 
406283.9 0 1743198400 1.738827e-08 4032129539 
408626.5 0 199935986 7.054778e-08 2312786130 
414909.9 3 3382444416 2.605524e-08 1804212609 1826422368 1.648714e-08 
415569.2 0 3020817656 4.53425e-08 3704423751 
415581.2 1 1494850122 2.945556e-08 2909632847 
416135.1 1 2246051850 5.990763e-07 217284033 
416440.4 1 3534547045 9.449536e-07 2848685905 
417019.0 0 4035587434 1.465418e-08 1820499179 
419015.9 2 1572835533 1.48952401e-06 879162223 896813269 1.4e-08 37051273 1.440399e-08 1867247157 1.440399e-08 3633199892 1.440399e-08 1736323711 1.440399e-08 283080478 1.440399e-08 785216844 1.440399e-08 3006103420 1.440399e-08 2898323513 1.440399e-08 1199222225 1.440399e-08 3755198008 1.440399e-08 2795041644 1.440399e-08 
421207.3 1 2519559028 4.2012198e-07 4035587434 
421536.3 3 1664502715 2.583122e-08 2328232000 3492274228 1.680656e-08 
422067.2 0 1572835533 1.489524e-06 3006103420 
422341.6 0 3004792470 4.762642e-07 2878871175 
422643.5 0 728028737 2.791e-08 4055959668 
423920.7 1 1572835533 1.503524e-06 896813269 
424158.5 1 1572835533 1.51792799e-06 37051273 
426701.1 1 2799798816 4.048306e-07 2681375347 
426904.1 1 1572835533 1.5323319900000001e-06 1199222225 
427234.1 0 1572835533 1.532332e-06 283080478 
428386.1 0 739080713 2.791e-08 134948105 
428460.2 0 1075699702 8.969477e-07 847040419 
428889.6 0 179097684 3.676224e-07 1370908750 
428941.7 0 179097684 3.676224e-07 1370908750 
428941.7 1 373638573 1.00000001481665 1370908750 
433253.5 0 1572835533 1.532332e-06 1867247157 
441651.6 1 1572835533 1.54673599e-06 785216844 
445151.5 0 3012070026 2.791e-08 3891448235 
447965.7 1 179097684 3.9553239999999997e-07 3704423751 
449680.5 2 3534547045 9.449536e-07 3889879026 1420914473 1.4e-08 439844059 2.700335e-08 
450016.2 1 2799798816 4.1948478e-07 965372172 
450060.7 1 3534547045 9.589536e-07 1420914473 
450215.7 1 1572835533 1.5611399900000002e-06 1736323711 
452564.3 1 251961497 4.256418e-08 1398579088 
453053.9 1 545239233 8.776846e-07 766581564 
453459.0 0 3534547045 9.589536e-07 439844059 
454181.9 1 3534547045 9.8595695e-07 439844059 
455126.5 1 545239233 9.055946000000001e-07 1327969783 
455806.6 1 1572835533 1.5755439900000001e-06 2795041644 
459352.3 1 545239233 9.2078723e-07 3491092596 
459471.0 2 2451350669 2.794627e-08 482917538 3802520055 2.787373e-08 
459958.9 0 1572835533 1.575544e-06 2250775120 
463421.0 1 3534547045 1.00040818e-06 4093093422 
465020.7 0 259930472 2.791e-08 438292632 
467120.9 2 1434498202 4.882e-08 1913762779 3012889883 1.4e-08 3363823620 2.166184e-08 
468663.7 1 545239233 9.3484223e-07 3294683754 
469727.6 1 1075699702 9.1135169e-07 3006103420 
472657.2 0 77395223 1.46505e-08 3633199892 
472852.0 1 3737780296 3.775578e-07 3176785673 
475918.9 1 2246051850 6.130763e-07 3160344427 
477183.5 0 1130108289 1.505533e-08 310481256 
484230.4 1 2246051850 6.270763e-07 3012889883 
487864.5 1 2799798816 7.970426e-07 3737780296 
489330.7 0 2528553283 1.496406e-07 3749853089 
489419.3 2 179097684 3.9553247e-07 2528553283 1086559163 1.4e-08 3063534263 1.507117e-08 2013640095 1.507117e-08 1461359102 1.507117e-08 2027098952 1.507117e-08 4167430602 1.507117e-08 4096225443 1.507117e-08 781549661 1.507117e-08 907719639 1.507117e-08 1906851972 1.507117e-08 
489458.3 0 179097684 3.955324e-07 781549661 
489531.2 1 179097684 4.1060357e-07 781549661 
489585.9 1 179097684 4.2567477e-07 907719639 
489610.1 1 179097684 4.4074597e-07 2013640095 
489630.7 1 179097684 4.54746e-07 1086559163 
489871.3 1 1461359102 3.014234e-08 3063534263 
489906.6 1 179097684 4.8488835e-07 1461359102 
490798.3 1 179097684 4.9995947e-07 4096225443 
490946.8 1 179097684 5.1503067e-07 2027098952 
491214.4 1 179097684 5.3010177e-07 1906851972 
493494.8 0 3823443426 2.791e-08 4253718737 
496467.9 1 1068020906 0.0009545087940800001 2768642543 
497112.1 1 476505668 6.4193e-07 1019134040 
497204.5 0 179097684 5.301018e-07 4167430602 
497722.0 0 3736601249 2.791e-08 598947138 
498261.2 0 179097684 5.301018e-07 4167430602 
498527.7 1 179097684 5.4517297e-07 4167430602 
502741.4 0 2984600922 4.056018e-07 728028737 
504150.2 0 3833318790 2.791e-08 3414514926 
506348.8 1 373638573 1.00000001465418 3332562587 
512480.5 1 3004792470 7.832742e-07 426576124 
514643.1 1 1572835533 1.67390638e-06 3497999925 
519947.4 1 129185354 4.1909999999999996e-08 3678948817 
522584.1 3 1593850299 2.2133140000000002e-08 283080478 2597880038 2.018085e-08 
523667.6 0 4226750145 2.791e-08 1507417240 
527003.6 0 2441325815 1.46505e-08 1507417240 
527700.3 2 3357643131 2.8159259999999998e-08 220564665 1896745001 1.430206e-08 
528013.0 1 545239233 9.4896975e-07 898751805 
529598.5 0 129185354 4.191e-08 3815024321 
537419.9 3 110358663 1.4618169999999999e-08 2138100036 2378434411 1.403233e-08 
538191.5 0 3396227953 9.194341e-08 2441325815 
541339.1 0 164438789 2.791e-08 3293059020 
541589.5 2 2799798816 7.970426099999997e-07 2984600922 1837088337 4.606479e-08 1543523724 1.438148e-08 1761715697 1.438148e-08 3099973400 1.438148e-08 2789348510 1.438148e-08 1371202285 1.438148e-08 629078091 1.438148e-08 754560055 1.438148e-08 1737134642 1.438148e-08 37613351 1.438148e-08 3434666020 1.438148e-08 2369258877 1.438148e-08 3563522875 1.438148e-08 249728555 1.438148e-08 4285226245 1.438148e-08 2707460946 1.438148e-08 2606325002 1.438148e-08 1541925803 1.438148e-08 2024675612 1.438148e-08 1292023300 1.438148e-08 3302973195 1.438148e-08 875106938 1.438148e-08 3314075649 1.438148e-08 2589646060 1.438148e-08 3433591204 1.438148e-08 1848242772 1.438148e-08 
541589.6 1 1837088337 6.044627e-08 1848242772 
541589.7 1 1837088337 7.482774999999999e-08 1543523724 
541741.6 1 2799798816 8.7187035e-07 1837088337 
541748.2 1 2799798816 8.8625178e-07 249728555 
541911.2 0 754560055 1.438148e-08 1371202285 
546603.7 1 1572835533 1.68830999e-06 1867247157 
549336.4 1 2799798816 9.006332799999999e-07 2707460946 
549552.5 1 1068020906 0.0009545367100000001 2190522392 
556802.1 0 476505668 6.4193e-07 3519923770 
556995.7 0 3004792470 7.832742e-07 3475245566 
559562.7 0 2408568032 2.791e-08 472358284 
562741.2 0 1494850122 2.945556e-08 2878871175 
565818.0 1 1068020906 0.00095455350656 3492274228 
566323.8 1 3534547045 1.01740203e-06 3913511150 
568093.9 3 3933289935 2.3822460000000004e-08 3382444416 250719570 1.507139e-08 2681498831 1.507139e-08 
568612.4 1 2799798816 9.1501478e-07 3099973400 
573352.4 0 2246051850 6.270763e-07 3823443426 
575240.5 2 1572835533 1.68831e-06 1434498202 481808867 1.4e-08 2066612683 1.741e-08 3458484829 1.741e-08 
579205.3 1 1572835533 1.70231e-06 481808867 
580066.0 1 1572835533 1.7197200000000002e-06 3458484829 
582800.6 0 2919643181 2.791e-08 2521380987 
584762.2 0 3428193420 2.429053e-08 2250775120 
586561.6 1 2597880038 3.418085e-08 310481256 
593635.2 0 1572835533 1.71972e-06 2898323513 
596123.5 0 1572835533 1.71972e-06 2898323513 
596978.2 0 3197676583 2.758408e-08 2159618959 
598361.0 3 848448836 2.09505e-08 1130108289 2719204682 1.514238e-08 
600235.9 0 3593732192 1.741e-08 1246511018 
601872.9 1 2235064901 1.22870855e-06 4283280385 
602080.9 0 3824069879 2.791e-08 659524895 
602553.5 1 3736601249 4.194233e-08 2378434411 
603110.4 1 2799798816 9.2939618e-07 2589646060 
603403.6 0 3593732192 1.741e-08 1743198400 
608182.0 3 3823443426 1.4e-08 598947138 4256642775 2.091e-08 2449448537 2.091e-08 
613030.2 0 253808213 2.791e-08 3833318790 
614640.0 1 2799798816 9.4377768e-07 875106938 
615475.4 1 3534547045 1.0409065000000001e-06 3749853089 
616656.2 1 3802520055 4.225521e-08 2606325002 
620295.3 2 2799798816 9.437777e-07 3736601249 463844675 1.4e-08 3167902617 2.794233e-08 
629947.6 1 2919643181 4.1909999999999996e-08 3823443426 
632506.0 0 848448836 2.09505e-08 630280293 
632927.4 1 1572835533 1.73713e-06 2066612683 
638900.4 1 3802520055 5.663669e-08 1761715697 
647597.6 1 1075699702 9.2573318e-07 2789348510 
647887.9 1 2919643181 5.652817e-08 110358663 
649496.8 1 1075699702 9.4013719e-07 2898323513 
652629.1 1 1123501568 4.8819999999999996e-08 2449448537 
658582.1 0 1035492323 2.791e-08 1452489764 
676761.3 0 438292632 1.463238e-08 3633199892 
676983.3 0 3593732192 1.741e-08 3433591204 
679338.1 0 1541925803 1.438148e-08 4285226245 
682317.2 3 1428265047 1.465418e-08 2542835646 579073438 1.4e-08 
696666.3 1 1068020906 0.0009545681505 2441325815 
701034.4 2 4119421155 2.1291480000000003e-08 3433591204 3468130899 1.4e-08 
702527.1 0 4069401935 2.9301e-08 2159618959 
703602.6 1 2519559028 4.3423962e-07 2883513480 
705320.1 1 2519559028 4.516496e-07 3593732192 
705332.4 2 1572835533 1.73713e-06 2597880038 393090083 1.4e-08 2343849308 2.018085e-08 
706051.9 0 1743198400 1.738827e-08 3869596591 
707209.5 1 2519559028 4.795596e-07 3279231079 
710257.3 1 1572835533 1.75113e-06 393090083 
710707.4 1 1572835533 1.77131085e-06 2343849308 
711223.4 1 2799798816 9.5815918e-07 3563522875 
713145.7 1 1572835533 1.78596518e-06 1428265047 
721198.3 1 3004792470 7.972742e-07 3815024321 
721452.9 0 164438789 2.791e-08 1743198400 
727382.9 0 3357643131 2.815926e-08 2451350669 
732807.3 0 1869365069 1.465418e-08 1371202285 
734312.3 3 343742982 1.4e-08 3187199216 1055469694 1.488943e-08 627452446 1.488943e-08 
740956.2 1 1572835533 1.799966e-06 579073438 
746478.5 0 2799798816 9.581592e-07 888311950 
755069.8 0 1498734392 2.791e-08 1826422368 
755233.2 1 2246051850 6.4170868e-07 438292632 
756772.4 1 259930472 4.1909999999999996e-08 343742982 
757587.8 1 2246051850 6.567640300000001e-07 2250775120 
760598.9 1 373638573 1.00000002758408 3197676583 
760895.6 1 3004792470 8.112742e-07 3952655669 
762117.1 2 333964007 5.5820000000000006e-08 2856850640 2014426858 2.316307e-08 2716949832 1.886455e-08 
765418.7 0 2799798816 9.581592e-07 1371202285 
769475.0 1 3004792470 8.259283799999999e-07 607396504 
771841.1 1 2519559028 5.0539082e-07 1664502715 
773510.9 0 3004792470 8.259284e-07 4032129539 
775022.6 1 2451350669 4.28357e-08 627452446 
782966.2 0 1055469694 1.488943e-08 3293059020 
784590.4 0 1075699702 9.401372e-07 1292023300 
785270.4 1 1572835533 1.81434748e-06 629078091 
787238.7 0 3802520055 5.663669e-08 4028593304 
791988.3 0 2504591099 2.791e-08 2024675612 
798157.1 1 1075699702 9.5519253e-07 1149406307 
801287.8 0 3475245566 2.791e-08 3537925318 
806513.7 1 476505668 6.5658418e-07 2247026945 
815372.6 0 3357643131 2.815926e-08 2024675612 
822796.7 1 4032129539 2.930836e-08 3662110242 
825091.8 1 2799798816 9.8761476e-07 1494850122 
829827.7 1 1572835533 1.835257e-06 4256642775 
837009.2 1 4119421155 3.529148e-08 3468130899 
847544.4 1 1075699702 9.6932005e-07 4253718737 
849395.3 1 3004792470 8.538384e-07 266059373 
850180.8 3 848448836 1.847166e-08 630280293 552634658 1.660639e-08 
850188.5 1 1068020906 0.00095459601 265770918 
854265.6 0 1075699702 9.693201e-07 888311950 
865408.7 1 1075699702 9.8460298e-07 378125977 
874545.7 0 1572835533 1.835257e-06 847040419 
874635.3 3 1123501568 2.043282e-08 3933289935 3736523900 1.740321e-08 2213923665 1.740321e-08 1503202005 1.740321e-08 
889229.8 0 2799798816 9.876147e-07 1565786989 
894814.1 0 552634658 1.660639e-08 3707879645 
895350.2 1 2519559028 5.333008000000001e-07 2408568032 
896876.2 1 545239233 9.6744145e-07 848448836 
903171.9 1 1068020906 0.0009546103814800001 2024675612 
906136.3 1 2519559028 5.4768228e-07 3434666020 
907064.6 1 2235064901 1.24531539e-06 552634658 
910449.4 1 3004792470 8.817484000000001e-07 3475245566 
914783.5 0 1572835533 1.835257e-06 1123501568 
915746.2 1 1572835533 1.84966099e-06 3633199892 
915991.7 0 1452489764 1.519263e-08 1292023300 
916668.7 0 2519559028 5.476823e-07 659524895 
926274.7 1 2246051850 6.7089155e-07 3707879645 
927987.7 3 545239233 9.674413499999997e-07 2246051850 3202152185 1.789698e-07 2622395779 1.405491e-08 3607413901 1.405491e-08 649593533 1.405491e-08 66987975 1.405491e-08 483021244 1.405491e-08 3707800333 1.405491e-08 3528190190 1.405491e-08 2185291493 1.405491e-08 550176535 1.405491e-08 1674415855 1.405491e-08 4287239676 1.405491e-08 3884987045 1.405491e-08 1960974751 1.405491e-08 309459595 1.405491e-08 2348040613 1.405491e-08 3180086772 1.405491e-08 3833074883 1.405491e-08 1462644303 1.405491e-08 4088625113 1.405491e-08 1237914369 1.405491e-08 2733144751 1.405491e-08 1649557018 1.405491e-08 1831065885 1.405491e-08 79461789 1.405491e-08 1621314342 1.405491e-08 2016090987 1.405491e-08 1553963666 1.405491e-08 1002680420 1.405491e-08 734120091 1.405491e-08 2475979558 1.405491e-08 2649056468 1.405491e-08 3381587904 1.405491e-08 175860597 1.405491e-08 1089013536 1.405491e-08 552498239 1.405491e-08 
927987.7 1 3202152185 1.9302471e-07 2622395779 
927987.7 1 3202152185 2.0707961e-07 552498239 
927987.8 1 3202152185 2.2113451e-07 3607413901 
927987.8 1 3202152185 2.3518940999999998e-07 1089013536 
927988.8 1 1960974751 2.810982e-08 3884987045 
928043.1 1 3833074883 2.810982e-08 3180086772 
928190.6 0 1553963666 1.405491e-08 2185291493 
928331.3 1 545239233 9.8149631e-07 1831065885 
928360.5 1 1237914369 2.810982e-08 4088625113 
928695.2 0 3202152185 2.351894e-07 1621314342 
929557.7 0 2719204682 1.514238e-08 1649557018 
930691.9 0 2669757562 2.791e-08 2545005546 
930752.8 1 545239233 1.2166857e-06 3202152185 
931034.3 0 550176535 1.405491e-08 66987975 
931158.9 1 545239233 1.2307409099999999e-06 3707800333 
931631.3 1 545239233 1.25885082e-06 1960974751 
932299.3 1 545239233 1.27290491e-06 66987975 
932801.6 0 545239233 1.272905e-06 79461789 
934306.8 1 545239233 1.28695991e-06 2733144751 
934852.2 0 2799798816 9.876147e-07 921425487 
936392.6 1 545239233 1.30101491e-06 734120091 
938183.0 0 4032129539 2.930836e-08 3891448235 
938198.0 1 545239233 1.3150699099999998e-06 649593533 
938932.7 1 545239233 1.3291249099999998e-06 175860597 
942002.7 0 545239233 1.329125e-06 79461789 
942126.7 1 545239233 1.3431799099999999e-06 79461789 
943450.3 1 545239233 1.35723491e-06 1553963666 
943737.3 1 545239233 1.37128991e-06 309459595 
946361.1 0 2649056468 1.405491e-08 1674415855 
948539.6 0 545239233 1.37129e-06 843517319 
949665.9 0 1237914369 2.810982e-08 2185291493 
949950.0 0 259930472 4.191e-08 2440120768 
950838.0 0 545239233 1.37129e-06 2016090987 
952330.5 2 545239233 1.37129e-06 3833074883 481049431 1.4e-08 2950407739 1.410982e-08 
952396.5 0 545239233 1.37129e-06 481049431 
952635.2 1 545239233 1.38529e-06 481049431 
952690.0 1 1572835533 1.8643115e-06 77395223 
953215.9 0 545239233 1.38529e-06 1674415855 
953253.8 1 545239233 1.39934491e-06 1674415855 
953592.2 0 3004792470 8.817484e-07 1820499179 
955351.1 0 545239233 1.399345e-06 483021244 
957088.9 1 545239233 1.4134548200000001e-06 2950407739 
962637.2 1 545239233 1.42750891e-06 2649056468 
963803.9 2 1826422368 1.6868620000000002e-08 1292023300 72955594 1.4e-08 
965558.6 3 1002680420 1.405491e-08 72955594 1771264541 1.4e-08 
967908.7 1 545239233 1.4415639099999998e-06 1462644303 
973212.6 1 545239233 1.4556189099999999e-06 2016090987 
975823.8 1 2799798816 1.00174225e-06 1565786989 
975925.3 1 129185354 5.656418e-08 4055959668 
982630.0 1 1572835533 1.87840159e-06 783121895 
988293.4 0 3004792470 8.817484e-07 253808213 
990607.3 1 2014426858 3.754455e-08 4285226245 
992441.0 1 476505668 6.7207525e-07 2878871175 
993831.9 1 545239233 1.4696739099999999e-06 4287239676 
994792.2 2 1075699702 9.8460291e-07 3396227953 2353028958 1.4e-08 2980075456 1.558868e-08 3449694611 1.558868e-08 1194638860 1.558868e-08 114837353 1.558868e-08 2341758500 1.558868e-08 
1004461.0 1 1075699702 9.986029e-07 2353028958 
1004905.0 1 545239233 1.48372891e-06 3528190190 
1016264.0 1 129185354 7.094566e-08 1371202285 
1017202.0 0 4119421155 3.529148e-08 1649557018 
1025654.0 1 545239233 1.497729e-06 1771264541 
1035250.0 1 2799798816 1.03928655e-06 2014426858 
1036284.0 1 545239233 1.51178391e-06 2348040613 
1037130.0 1 545239233 1.52583891e-06 1002680420 
1043371.0 2 250719570 1.572557e-08 3111692719 651046398 1.4e-08 
1044409.0 1 250719570 2.972557e-08 651046398 
1049334.0 1 1075699702 1.01419158e-06 3449694611 
1054246.0 0 3314075649 1.438148e-08 1649557018 
1055164.0 2 2719204682 1.519729e-08 2475979558 2780384598 1.4e-08 
1055357.0 1 1572835533 1.89579027e-06 301219709 
1068643.0 0 659524895 2.791e-08 134948105 
1079120.0 2 1572835533 1.89579e-06 3357643131 1061526795 1.4e-08 3342541004 1.415926e-08 
1079576.0 1 1572835533 1.90994926e-06 3342541004 
1080457.0 0 3004792470 8.817484e-07 2716949832 
1086338.0 1 1572835533 1.92395e-06 1061526795 
1091740.0 0 1902671923 1.46505e-08 1896745001 
1113146.0 0 545239233 1.525839e-06 2719204682 
1118602.0 1 1572835533 1.93953868e-06 114837353 
1127362.0 0 545239233 1.525839e-06 3381587904 
1128381.0 3 2440120768 1.399999e-08 1055469694 1577969976 1.439972e-08 695939830 1.439972e-08 
1134058.0 0 333964007 5.582e-08 1649557018 
1136788.0 0 769686034 9.773e-08 1820499179 
1136879.0 1 3004792470 9.096584e-07 811613008 
1151376.0 0 3824069879 2.791e-08 2504591099 
1153734.0 0 1572835533 1.939538e-06 2369258877 
1157140.0 3 250719570 1.872064e-08 3059144981 229435916 1.41966e-08 1850435983 1.41966e-08 
1157143.0 1 250719570 3.291724e-08 1850435983 
1169619.0 0 2799798816 1.039287e-06 1649557018 
1170744.0 1 1075699702 1.042102e-06 3519923770 
1177509.0 2 1194638860 1.678597e-08 2719204682 19131048 1.4e-08 
1181552.0 3 4069401935 2.562917e-08 19131048 2426951832 1.767183e-08 
1182908.0 1 1068020906 0.00095462512778 1128056158 
1189268.0 0 3004792470 9.096584e-07 825415804 
1189352.0 0 333964007 5.582e-08 1950077488 
1220074.0 1 2235064901 1.2593699099999999e-06 1649557018 
1220896.0 0 545239233 1.525839e-06 2504591099 
1225419.0 1 1572835533 1.96516717e-06 4069401935 
1227541.0 1 1075699702 1.070012e-06 3988949870 
1230199.0 0 1572835533 1.965167e-06 37613351 
1230217.0 0 4119421155 3.529148e-08 3381587904 
1236141.0 3 483021244 1.405491e-08 2780384598 3089865955 1.4e-08 
1240369.0 1 3802520055 7.06916e-08 1621314342 
1257772.0 1 1068020906 0.00095463975418 472358284 
1272644.0 1 2235064901 1.28747982e-06 1237914369 
1276143.0 0 1572835533 1.965167e-06 2341758500 
1279835.0 0 1075699702 1.070012e-06 3167902617 
1283542.0 0 4119421155 3.529148e-08 3428193420 
1300804.0 0 1572835533 1.965167e-06 1950077488 
1305468.0 0 3381587904 1.405491e-08 3089865955 
1314825.0 0 1075699702 1.070012e-06 3428193420 
1341724.0 0 1820499179 1.465418e-08 1541925803 
1347793.0 0 2185291493 1.405491e-08 3089865955 
1361826.0 1 545239233 1.53989391e-06 3381587904 
1366458.0 0 134948105 1.46505e-08 3089865955 
1366820.0 1 2799798816 1.0534836e-06 229435916 
1372722.0 1 1075699702 1.08439348e-06 3314075649 
1384336.0 1 1075699702 1.11233533e-06 3167902617 
1388877.0 1 1075699702 1.12973821e-06 1503202005 
1392587.0 0 1123501568 2.043282e-08 1826422368 
1399301.0 1 1075699702 1.1862671699999999e-06 2919643181 
1418662.0 1 373638573 1.00000002791 3392858646 
1450577.0 1 1572835533 2.0358586e-06 3802520055 
1474620.0 1 3534547045 1.05563478e-06 3537925318 
1475769.0 1 1075699702 1.2291027099999999e-06 2451350669 
1477709.0 3 164438789 1.4e-08 1826422368 3526559023 1.538931e-08 73116178 1.538931e-08 
1478605.0 1 1572835533 2.0532622100000002e-06 3736523900 
1485274.0 0 1452489764 1.519263e-08 754560055 
1491471.0 1 1075699702 1.2437535000000002e-06 1902671923 
1494122.0 0 545239233 1.539894e-06 550176535 
1499899.0 0 1572835533 2.053262e-06 2341758500 
1518931.0 1 545239233 1.5539489099999998e-06 483021244 
1524135.0 1 1075699702 1.26053897e-06 1194638860 
1526375.0 1 2799798816 1.0681335e-06 134948105 
1528795.0 1 545239233 1.5680039099999998e-06 2185291493 
1536919.0 0 659524895 2.791e-08 1931993247 
1551224.0 1 545239233 1.58238548e-06 754560055 
1555071.0 2 1820499179 1.530468e-08 1246511018 2654473721 1.4e-08 
1566738.0 0 2341758500 1.558868e-08 37613351 
1572408.0 0 2799798816 1.068134e-06 3428193420 
1589812.0 1 2519559028 5.6206378e-07 1737134642 
1592049.0 0 1075699702 1.260539e-06 1950077488 
1595314.0 0 2235064901 1.28748e-06 550176535 
1598718.0 1 1572835533 2.0753951400000002e-06 1593850299 
1612341.0 1 1572835533 2.09098368e-06 2980075456 
1615504.0 0 1075699702 1.260539e-06 3526559023 
1627449.0 1 1075699702 1.2848295300000001e-06 3428193420 
1658856.0 1 373638573 1.00000001430206 1896745001 
1664045.0 1 545239233 1.596385e-06 3089865955 
1680994.0 0 250719570 3.291725e-08 2261252686 
1693924.0 3 259930472 2.992592e-08 2545005546 2564127097 1.994704e-08 3554620561 1.994704e-08 
1700643.0 2 179097684 5.498659e-07 825415804 2789301560 2.32171e-08 
1700689.0 1 179097684 5.73083e-07 2789301560 
1705550.0 0 2710766136 2.791e-08 2716949832 
1731345.0 1 1572835533 2.111894e-06 2521380987 
1735913.0 1 3534547045 1.06968891e-06 550176535 
1767445.0 0 259930472 2.992592e-08 1820499179 
1770387.0 1 373638573 1.00000001412755 847040419 
1777190.0 1 2235064901 1.3018839900000001e-06 3755198008 
1813622.0 1 3534547045 1.08434318e-06 1950077488 
1821796.0 2 1572835533 2.111894e-06 4119421155 3201932102 1.4e-08 3527214469 2.129148e-08 
1837792.0 1 1572835533 2.13318548e-06 3527214469 
1854274.0 1 2564127097 3.394704e-08 2654473721 
1916769.0 1 1572835533 2.1475674799999998e-06 37613351 
1924041.0 0 3393811039 1.472778e-08 4209590891 
1939029.0 1 1572835533 2.16315568e-06 2341758500 
1945207.0 1 1572835533 2.191066e-06 6723929 
1958466.0 1 129185354 8.559616e-08 3293059020 
1963850.0 1 3004792470 9.3132024e-07 3363823620 
1964523.0 3 2564127097 1.788802e-08 1931993247 224410298 1.53934e-08 3967778277 1.53934e-08 
1995905.0 0 1035492323 2.791e-08 224410298 
2010550.0 0 3554620561 1.994704e-08 3201932102 
2076239.0 0 2799798816 1.068134e-06 2440120768 
2149570.0 1 1572835533 2.218976e-06 3891448235 
2190085.0 1 2235064901 1.31695539e-06 2681498831 
2240849.0 0 1075699702 1.28483e-06 1452489764 
2241698.0 0 1572835533 2.218976e-06 3526559023 
2305797.0 1 1075699702 1.31274e-06 1035492323 
2319955.0 1 1075699702 1.3281334e-06 3967778277 
2322144.0 0 3554620561 1.994704e-08 164438789 
2343000.0 0 1572835533 2.218976e-06 224410298 
2345669.0 2 1075699702 2.3142779e-06 2799798816 1759850032 1.639782e-08 2704180049 1.639782e-08 287394855 1.639782e-08 2670951229 1.639782e-08 2367820772 1.639782e-08 
2357412.0 1 1075699702 2.33067582e-06 287394855 
2359293.0 1 2235064901 1.3321476300000001e-06 1452489764 
2398655.0 1 1075699702 2.3470738200000003e-06 1759850032 
2440772.0 1 1572835533 2.23664783e-06 2426951832 
2448689.0 0 443746396 2.791e-08 1820499179 
2450273.0 1 1075699702 2.36147272e-06 1577969976 
2454507.0 1 1572835533 2.26657392e-06 259930472 
2476919.0 3 129185354 7.9245e-08 73116178 771359632 2.174047e-08 
2494367.0 0 771359632 2.174047e-08 463844675 
2511065.0 3 771359632 1.943156e-08 2367820772 4186562710 1.870673e-08 
2516974.0 0 2716949832 1.886455e-08 164438789 
2547175.0 1 1075699702 2.37787082e-06 2670951229 
2595021.0 1 1068020906 0.0009546677100000001 443746396 
2598384.0 0 1572835533 2.266573e-06 164438789 
2609891.0 1 1068020906 0.00095472352 333964007 
2621819.0 2 4186562710 1.943451e-08 3393811039 3211480542 1.4e-08 
2633140.0 1 1075699702 2.39527421e-06 2213923665 
2699269.0 1 1075699702 2.409274e-06 3211480542 
2754568.0 0 2235064901 1.332148e-06 1123501568 
2851715.0 1 373638573 1.00000001472778 937177227 
2855027.0 1 373638573 1.00000001411762 406745133 
2868647.0 2 179097684 5.73083e-07 3020817656 346987663 1.4e-08 1922039940 1.567125e-08 2110688926 1.567125e-08 
2868754.0 0 179097684 5.73083e-07 1922039940 
2868835.0 1 179097684 5.8875425e-07 1922039940 
2868863.0 0 179097684 5.887542e-07 2110688926 
2868914.0 1 179097684 6.0442545e-07 2110688926 
2869366.0 0 179097684 6.044255e-07 346987663 
2870296.0 1 179097684 6.184254999999999e-07 346987663 
2872952.0 0 2704180049 1.639782e-08 375852842 
2882732.0 0 1572835533 2.266573e-06 2564127097 
2886838.0 0 2235064901 1.332148e-06 1820499179 
2896485.0 1 3004792470 9.507547e-07 4186562710 
2923533.0 1 3534547045 1.1022320200000001e-06 2564127097 
2932522.0 1 1075699702 2.4232740000000003e-06 1507417240 
2935706.0 0 179097684 6.184255e-07 1820499179 
2946557.0 0 3534547045 1.102232e-06 1123501568 
2956513.0 1 1075699702 2.44322104e-06 3554620561 
3085290.0 1 545239233 1.61168968e-06 1820499179 
3089561.0 1 3534547045 1.1226648200000001e-06 1123501568 
3136506.0 1 1068020906 0.0009547514100000001 2710766136 
3229448.0 1 1068020906 0.0009547654 375852842 
3367385.0 1 1572835533 2.2819623099999998e-06 3526559023 
3417270.0 1 545239233 1.6256899999999999e-06 164438789 
3456413.0 3 2235064901 1.332147730000001e-06 3534547045 1314810707 1.434483e-08 2472898255 1.402936e-08 3459912306 1.402936e-08 1598213090 1.402936e-08 1495382923 1.402936e-08 722767024 1.402936e-08 515125813 1.402936e-08 1298902656 1.402936e-08 3532628785 1.402936e-08 826924968 1.402936e-08 3190311976 1.402936e-08 841878026 1.402936e-08 2747938267 1.402936e-08 3177521820 1.402936e-08 3363025910 1.402936e-08 1290268226 1.402936e-08 764400056 1.402936e-08 1517815290 1.402936e-08 66064165 1.402936e-08 2766526296 1.402936e-08 2454553876 1.402936e-08 1923515514 1.402936e-08 3339828518 1.402936e-08 105819081 1.402936e-08 533433650 1.402936e-08 1601889739 1.402936e-08 381652938 1.402936e-08 96665495 1.402936e-08 1342185090 1.402936e-08 149784911 1.402936e-08 85224627 1.402936e-08 1965662198 1.402936e-08 110439229 1.402936e-08 1449522982 1.402936e-08 3279439195 1.402936e-08 360107933 1.402936e-08 1657444763 1.402936e-08 58759274 1.402936e-08 2135013218 1.402936e-08 470332523 1.402936e-08 3217169414 1.402936e-08 3030801476 1.402936e-08 2208266878 1.402936e-08 3715668764 1.402936e-08 3418547556 1.402936e-08 355298688 1.402936e-08 4193709834 1.402936e-08 584993009 1.402936e-08 1499007652 1.402936e-08 755060644 1.402936e-08 3270476896 1.402936e-08 3934203265 1.402936e-08 1292024166 1.402936e-08 1323984060 1.402936e-08 4197927596 1.402936e-08 1414892502 1.402936e-08 4201342597 1.402936e-08 2391696826 1.402936e-08 4138371369 1.402936e-08 3590332688 1.402936e-08 1745749016 1.402936e-08 2711965517 1.402936e-08 2933223072 1.402936e-08 1987038079 1.402936e-08 3797386594 1.402936e-08 1280619132 1.402936e-08 4105879141 1.402936e-08 3088551619 1.402936e-08 3443287411 1.402936e-08 3981989558 1.402936e-08 1165174376 1.402936e-08 3467386575 1.402936e-08 4263904522 1.402936e-08 4267941538 1.402936e-08 3372193553 1.402936e-08 3681452412 1.402936e-08 2604064924 1.402936e-08 3458662533 1.402936e-08 762210064 1.402936e-08 570164134 1.402936e-08 
3456413.0 1 1314810707 2.837419e-08 570164134 
3456413.0 1 1314810707 4.240355e-08 2472898255 
3456413.0 1 1598213090 2.805872e-08 3459912306 
3456413.0 1 762210064 2.805872e-08 3458662533 
3456413.0 1 1598213090 4.208808e-08 1495382923 
3456413.0 1 3418547556 2.805872e-08 3715668764 
3456413.0 1 3418547556 4.208808e-08 2208266878 
3456413.0 1 1598213090 5.611744e-08 722767024 
3456413.0 1 3418547556 5.611744e-08 355298688 
3456413.0 1 3418547556 7.014681e-08 4193709834 
3456414.0 1 826924968 2.805872e-08 3532628785 
3456414.0 1 3270476896 2.805872e-08 755060644 
3456414.0 1 826924968 4.208808e-08 1298902656 
3456415.0 1 3270476896 4.208808e-08 1499007652 
3456431.0 1 2235064901 1.34617736e-06 1449522982 
3456433.0 1 2235064901 1.36020636e-06 110439229 
3456434.0 1 3270476896 5.611744e-08 4263904522 
3456445.0 0 1923515514 1.402936e-08 1517815290 
3456456.0 0 2454553876 1.402936e-08 1517815290 
3456467.0 1 2235064901 1.37423636e-06 4197927596 
3456492.0 1 1923515514 2.805872e-08 1290268226 
3456497.0 1 2235064901 1.43035345e-06 3270476896 
3456497.0 1 2235064901 1.47275655e-06 1314810707 
3456504.0 1 2235064901 1.48678636e-06 3681452412 
3456527.0 0 1165174376 1.402936e-08 533433650 
3456604.0 0 1923515514 2.805872e-08 1657444763 
3456673.0 1 2235064901 1.5148447199999999e-06 1923515514 
3456682.0 1 2235064901 1.57096245e-06 1598213090 
3456723.0 0 762210064 2.805872e-08 4138371369 
3456794.0 1 2235064901 1.58499136e-06 2766526296 
3456841.0 1 2235064901 1.59902136e-06 96665495 
3456903.0 0 3088551619 1.402936e-08 3339828518 
3456976.0 1 2235064901 1.61305036e-06 2135013218 
3457017.0 1 2235064901 1.62708036e-06 470332523 
3457064.0 1 2235064901 1.64110936e-06 3363025910 
3457067.0 1 2235064901 1.71125581e-06 3418547556 
3457158.0 1 2235064901 1.72528536e-06 4267941538 
3457188.0 0 2235064901 1.725285e-06 149784911 
3457201.0 1 2235064901 1.73931436e-06 3590332688 
3457314.0 0 2235064901 1.739315e-06 584993009 
3457345.0 0 2235064901 1.739315e-06 149784911 
3457412.0 1 2235064901 1.75334436e-06 1414892502 
3457472.0 0 360107933 1.402936e-08 1965662198 
3457522.0 1 2235064901 1.76737336e-06 1280619132 
3457580.0 1 2235064901 1.7954327199999999e-06 762210064 
3457762.0 1 2235064901 1.80946136e-06 1987038079 
3457786.0 1 2235064901 1.82349136e-06 515125813 
3457991.0 1 2235064901 1.83752036e-06 4201342597 
3458089.0 0 2235064901 1.83752e-06 3030801476 
3458169.0 2 2235064901 1.83752e-06 826924968 2418772576 1.4e-08 2105330617 1.404404e-08 964813250 1.404404e-08 
3458184.0 1 2235064901 1.8515493599999999e-06 2454553876 
3458244.0 1 3467386575 2.805872e-08 3217169414 
3458261.0 0 1323984060 1.402936e-08 2747938267 
3458343.0 0 2235064901 1.85155e-06 764400056 
3458346.0 1 2235064901 1.8655940400000002e-06 2105330617 
3458362.0 0 1323984060 1.402936e-08 1657444763 
3458441.0 1 2235064901 1.87962336e-06 584993009 
3458542.0 1 2235064901 1.89365236e-06 3279439195 
3458771.0 1 2235064901 1.90768136e-06 2711965517 
3459008.0 1 2235064901 1.93574072e-06 3467386575 
3459187.0 1 2235064901 1.94977036e-06 1292024166 
3459195.0 0 2235064901 1.94977e-06 149784911 
3459220.0 1 2235064901 1.96379936e-06 1745749016 
3459303.0 1 2235064901 1.97782836e-06 58759274 
3459878.0 1 2235064901 1.99185836e-06 3088551619 
3459987.0 1 2235064901 2.00588736e-06 360107933 
3459990.0 0 2391696826 1.402936e-08 3177521820 
3461161.0 1 2235064901 2.01991636e-06 3981989558 
3461944.0 1 2604064924 2.805872e-08 3030801476 
3462026.0 1 2235064901 2.03396104e-06 964813250 
3463068.0 0 2235064901 2.033961e-06 149784911 
3463307.0 0 2604064924 2.805872e-08 149784911 
3463379.0 1 2235064901 2.047961e-06 2418772576 
3463686.0 0 381652938 1.402936e-08 3190311976 
3463809.0 1 2235064901 2.07601972e-06 2604064924 
3464139.0 0 1323984060 1.402936e-08 149784911 
3464454.0 1 2933223072 2.805872e-08 149784911 
3466325.0 1 2235064901 2.09004836e-06 3934203265 
3467544.0 1 2235064901 2.10407836e-06 1657444763 
3467670.0 1 2235064901 2.11810736e-06 1342185090 
3467898.0 1 2235064901 2.14616672e-06 2933223072 
3468043.0 1 2235064901 2.1601953599999998e-06 3797386594 
3468080.0 1 2235064901 2.17422536e-06 4138371369 
3468492.0 1 2235064901 2.18825436e-06 381652938 
3469565.0 1 2235064901 2.20228336e-06 764400056 
3469663.0 1 2235064901 2.21631336e-06 66064165 
3472431.0 1 2235064901 2.23034236e-06 1517815290 
3477494.0 1 2235064901 2.24437136e-06 841878026 
3478797.0 0 1601889739 1.402936e-08 533433650 
3479478.0 0 2391696826 1.402936e-08 3177521820 
3480890.0 1 2235064901 2.25840136e-06 4105879141 
3481261.0 1 2235064901 2.27243036e-06 85224627 
3489464.0 2 1075699702 3.35236618e-06 3004792470 2039170765 2.080476e-08 4278040469 2.080476e-08 
3495369.0 1 2235064901 2.28646036e-06 105819081 
3500111.0 1 373638573 1.00000002791 3824069879 
3503214.0 1 2235064901 2.3004893599999998e-06 2747938267 
3508820.0 0 2235064901 2.300489e-06 2391696826 
3508915.0 3 250719570 1.4000010000000003e-08 1601889739 241690685 1.64733e-08 1703904600 1.64733e-08 
3511022.0 1 2235064901 2.31451836e-06 3177521820 
3518849.0 1 1075699702 3.3731707600000004e-06 2039170765 
3546410.0 0 3443287411 1.402936e-08 3190311976 
3547912.0 0 2235064901 2.314519e-06 1965662198 
3555106.0 0 2235064901 2.314519e-06 1965662198 
3560101.0 1 1965662198 2.805872e-08 3339828518 
3570093.0 1 2235064901 2.32854836e-06 1323984060 
3572290.0 0 1965662198 2.805872e-08 3372193553 
3583340.0 1 2235064901 2.34257736e-06 3190311976 
3600997.0 1 545239233 1.6421633000000002e-06 1703904600 
3617617.0 1 2235064901 2.3590502999999997e-06 241690685 
3646818.0 1 1075699702 3.452416e-06 129185354 
3672515.0 1 1965662198 4.208808e-08 3372193553 
3680860.0 1 2235064901 2.37308036e-06 1165174376 
3755215.0 1 545239233 1.656163e-06 250719570 
4118630.0 1 2235064901 2.3870800000000003e-06 3201932102 
4182240.0 0 1965662198 4.208808e-08 2391696826 
4204847.0 0 1965662198 4.208808e-08 2391696826 
4215817.0 1 2235064901 2.42916808e-06 1965662198 
4228458.0 0 1572835533 2.281963e-06 2159618959 
4369180.0 1 373638573 1.00000001452592 474866315 
4400743.0 1 2235064901 2.44319736e-06 3443287411 
4462030.0 1 1068020906 0.0009547933100000001 3833318790 
4624202.0 2 771359632 1.9923339999999998e-08 224410298 3814978291 1.490162e-08 
4737211.0 1 545239233 1.67019236e-06 533433650 
4918970.0 1 1572835533 2.30188633e-06 771359632 
4944861.0 1 373638573 1.0000000146505 4209590891 
4947813.0 1 545239233 1.6848425e-06 2159618959 
