160.8157 1 1738899943 5.582e-08 486050091 
284.1584 1 4263717482 5.582e-08 3084497907 
507.0642 1 1572835533 3.0701e-07 1444500749 
935.2856 1 2246051850 3.0701e-07 2718413753 
966.1016 1 4259593397 3.0701e-07 1593850299 
1010.292 1 3373526895 3.0701e-07 3841896594 
1199.876 1 3373526895 3.3492e-07 1134175585 
2081.629 1 3150846686 3.0701e-07 2835620284 
2138.844 1 1738899943 8.373e-08 1631081845 
2216.408 1 3373526895 3.6283e-07 3919821980 
2316.992 1 4259593397 3.3492e-07 1227575429 
2679.894 1 545239233 3.0701e-07 1123501568 
2947.981 1 3737780296 3.0701e-07 2298477853 
3399.332 1 1572835533 3.3492e-07 242414939 
3687.11 1 3908154577 5.582e-08 3061883439 
5219.139 1 545239233 3.3492e-07 905418128 
5503.631 0 1731090175 2.791e-08 3889879026 
5811.798 1 632754209 5.582e-08 3800234335 
5875.726 1 2246051850 3.3492e-07 953296898 
6214.167 1 1068020906 0.0009543279100000001 3919026803 
6951.065 1 1572835533 3.6283e-07 259930472 
7114.589 1 2235064901 3.0701e-07 3116505811 
7152.591 1 1735432893 5.582e-08 3126241903 
7462.699 1 3004792470 3.0701e-07 164438789 
9452.191 1 3534547045 3.0701e-07 925199572 
11374.81 1 3534547045 3.3492e-07 780264402 
12956.24 1 2519559028 3.0701e-07 3833318790 
13822.84 1 2340740170 3.0701e-07 2932274237 
13918.98 1 1465560917 3.0701e-07 1790255658 
17978.55 1 3534547045 3.6283e-07 1731090175 
19151.55 1 2246051850 3.6283e-07 384163328 
22832.67 1 2984600922 3.0701e-07 4046076794 
22899.25 1 545239233 3.6283e-07 245436729 
23384.55 0 3150846686 3.0701e-07 725558489 
26557.41 1 3921011129 3.0701e-07 1584276479 
26682.35 1 1222799196 3.0701e-07 790319072 
29232.48 1 1075699702 3.0701e-07 1458432161 
29561.32 2 3373526895 3.6283e-07 632754209 3687573659 1.4e-08 3196256300 2.091e-08 848448836 2.091e-08 
32529.29 1 1465560917 3.3492e-07 869234806 
32869.86 1 3373526895 4.4655999999999994e-07 1738899943 
33052.59 1 1222799196 3.3492e-07 1541946641 
34815.17 1 2246051850 3.9073999999999996e-07 2937387076 
36514.76 1 3004792470 3.3492e-07 739080713 
41015.23 1 3534547045 3.9073999999999996e-07 387772665 
53320.06 1 1493201942 5.582e-08 3326748277 
56425.79 1 4259593397 6.419299999999999e-07 1075699702 
60507.99 1 1735432893 8.373e-08 3938221642 
60662.81 0 2235064901 3.0701e-07 3421887303 
60699.47 0 2406269022 2.791e-08 1206764858 
65551.51 1 3908154577 6.982e-08 3687573659 
68117.52 1 1222799196 3.6283e-07 3933289935 
80067.22 1 2246051850 4.1865e-07 197654791 
80666.43 1 3232700421 5.582e-08 725558489 
80687.7 1 545239233 3.9073999999999996e-07 287801793 
82480.51 0 3749853089 2.791e-08 2528553283 
84368.09 1 545239233 4.1865e-07 3114612365 
87072.75 0 2038493855 2.791e-08 3749853089 
96357.37 1 1572835533 3.9073999999999996e-07 343742982 
97324.06 1 545239233 4.4656e-07 2178051842 
104203.5 2 4259593397 8.985574800000001e-07 2799798816 2211003714 2.247252e-08 
104606.4 2 2235064901 3.0701e-07 1493201942 2916276788 1.4e-08 3696193412 2.091e-08 15308464 2.091e-08 
111165.6 0 4263717482 5.582e-08 4231632140 
112751.6 1 1068020906 0.0009543558100000001 2757833455 
115734.2 0 3424908067 2.791e-08 4252347608 
117208.6 1 3373526895 4.7447e-07 4231632140 
117423.9 1 3373526895 4.9538e-07 3196256300 
122453.6 1 3921011129 3.3492e-07 2859795595 
132711.1 1 2528553283 5.582e-08 3747246174 
144597.4 0 545239233 4.4656e-07 3707189490 
147548.1 2 2246051850 7.902918200000001e-07 1572835533 1239307652 1.909818e-08 
155942.3 1 4259593397 9.264675e-07 741863299 
164232.5 2 3232700421 5.582e-08 4263717482 1945448119 1.4e-08 3396227953 2.091e-08 3321237907 2.091e-08 
167416.1 3 3373526895 4.953799999999999e-07 3534547045 3187199216 1.4e-08 3330100144 1.449e-08 310481256 1.449e-08 817087088 1.449e-08 551137729 1.449e-08 1218250404 1.449e-08 1035956119 1.449e-08 1211996162 1.449e-08 188552836 1.449e-08 2029773149 1.449e-08 302486611 1.449e-08 1842102965 1.449e-08 1285693762 1.449e-08 1078741991 1.449e-08 2723643411 1.449e-08 1804212609 1.449e-08 438292632 1.449e-08 2001290253 1.449e-08 3147695692 1.449e-08 3179285865 1.449e-08 2173231515 1.449e-08 740082705 1.449e-08 2795063678 1.449e-08 3642829293 1.449e-08 2707128518 1.449e-08 474866315 1.449e-08 1639799867 1.449e-08 
167428.1 1 3642829293 2.898e-08 1211996162 
167457.0 1 3373526895 5.0987e-07 438292632 
168071.7 0 3373526895 5.0987e-07 3330100144 
169231.4 1 3373526895 5.2436e-07 2795063678 
169576.7 1 3373526895 5.388499999999999e-07 1285693762 
171526.8 1 3373526895 5.5334e-07 3179285865 
172804.9 1 3373526895 5.6783e-07 474866315 
176498.9 1 3824069879 5.582e-08 199935986 
182988.4 1 2173231515 2.898e-08 2001290253 
189494.9 0 3373526895 5.6783e-07 1218250404 
191003.9 1 3373526895 5.823199999999999e-07 3147695692 
191619.8 0 3373526895 5.8232e-07 2029773149 
192964.6 1 3373526895 6.660500000000001e-07 1735432893 
196937.6 0 3373526895 6.6605e-07 3330100144 
211844.8 0 2029773149 1.449e-08 1035956119 
213302.8 0 3373526895 6.6605e-07 848448836 
221605.0 1 3373526895 6.805399999999999e-07 3330100144 
222244.4 1 3373526895 7.095200000000001e-07 2173231515 
222777.5 0 2528553283 5.582e-08 3424908067 
223528.4 0 3071234124 2.791e-08 3257166052 
224177.9 3 3424908067 1.4e-08 3704423751 1026028388 2.091e-08 1128056158 2.091e-08 
228764.3 0 3373526895 7.0952e-07 2707128518 
230002.7 1 1128056158 3.491e-08 3424908067 
241578.5 1 3373526895 7.385e-07 3642829293 
262483.9 0 1206764858 2.791e-08 1639799867 
267715.8 1 1068020906 0.00095438371 2768642543 
268698.4 1 3373526895 7.5299e-07 1804212609 
270099.4 0 2480932170 2.791e-08 314650893 
272781.8 2 3071234124 3.780944e-08 3150420704 2909632847 1.801056e-08 
275267.9 0 4188445920 2.791e-08 2504591099 
275823.1 1 3373526895 7.674799999999999e-07 817087088 
276901.6 2 3908154577 6.982e-08 3232700421 937177227 1.4e-08 3393811039 2.091e-08 611212867 2.091e-08 
283728.3 0 3357643131 2.791e-08 211811971 
296359.0 0 2235064901 3.0701e-07 4061687915 
302210.7 0 2723643411 1.449e-08 188552836 
304577.3 0 3373526895 7.6748e-07 2029773149 
320193.1 0 2455496064 2.791e-08 1218250404 
324052.2 3 545239233 4.4655999999999994e-07 2340740170 1104410542 1.4e-08 2328232000 1.46505e-08 2999719241 1.46505e-08 1931993247 1.46505e-08 1494850122 1.46505e-08 3414514926 1.46505e-08 2312786130 1.46505e-08 3537925318 1.46505e-08 1634407402 1.46505e-08 3869596591 1.46505e-08 3375523036 1.46505e-08 772925454 1.46505e-08 2215785330 1.46505e-08 3491092596 1.46505e-08 57770090 1.46505e-08 3071577057 1.46505e-08 1452489764 1.46505e-08 4260098875 1.46505e-08 3696843781 1.46505e-08 2138100036 1.46505e-08 1726701215 1.46505e-08 
324086.0 1 545239233 4.612105e-07 772925454 
326920.5 0 545239233 4.612105e-07 3537925318 
328053.8 1 2204676502 0.00028572791 2326007700 
330949.8 1 3373526895 7.883900000000001e-07 848448836 
340314.7 1 1068020906 0.00095441161 997905375 
340681.5 1 545239233 4.75861e-07 1452489764 
349640.9 1 179097684 3.0001e-07 1026028388 
364197.3 0 3373526895 7.8839e-07 302486611 
369074.0 0 770580294 2.791e-08 717226258 
376469.8 0 2074240873 2.791e-08 2870158420 
387085.3 1 545239233 4.89861e-07 1104410542 
398258.0 1 3150846686 3.3492e-07 1425083048 
398680.3 0 545239233 4.89861e-07 3491092596 
409719.9 0 1494141940 2.791e-08 1931993247 
410062.7 1 1068020906 0.0009546907 618276123 
412944.6 1 3373526895 8.0288e-07 1078741991 
431048.9 1 545239233 5.045115e-07 2328232000 
436437.9 0 57770090 1.46505e-08 1035956119 
457318.8 0 2235064901 3.0701e-07 1842102965 
460091.3 1 3150846686 3.6283e-07 3707189490 
465469.2 0 2235064901 3.0701e-07 3869596591 
466683.2 0 1533953788 2.791e-08 265770918 
468168.6 1 545239233 5.324215e-07 1516068388 
471948.0 0 40245973 2.791e-08 2308721517 
481766.1 0 179097684 3.0001e-07 1639799867 
489665.7 3 426576124 2.7909996e-07 4031050948 1412415798 1.4e-08 375852842 1.472778e-08 3593732192 1.472778e-08 3888264012 1.472778e-08 313359544 1.472778e-08 217284033 1.472778e-08 2151269300 1.472778e-08 3913511150 1.472778e-08 2962530363 1.472778e-08 2063946235 1.472778e-08 1172086036 1.472778e-08 690117576 1.472778e-08 3288380490 1.472778e-08 845665321 1.472778e-08 3122982648 1.472778e-08 1471982444 1.472778e-08 3303338876 1.472778e-08 2875471576 1.472778e-08 1738909006 1.472778e-08 
491581.4 0 3491092596 1.46505e-08 1634407402 
492675.6 1 3921011129 3.4941e-07 1842102965 
497185.3 1 3373526895 8.2379e-07 3321237907 
499531.8 0 778035964 2.791e-08 188552836 
509110.3 1 545239233 5.47072e-07 3414514926 
518428.4 1 545239233 5.61072e-07 937177227 
525546.7 1 179097684 3.3492e-07 1128056158 
530393.4 0 3373526895 8.2379e-07 582973675 
547105.5 0 2999719241 1.46505e-08 2916276788 
561664.9 1 3373526895 8.517e-07 582973675 
567794.9 0 3616865126 2.791e-08 1945448119 
571772.9 2 949068759 3.593256e-08 636961411 356405251 1.988744e-08 
571815.7 1 2246051850 8.182018e-07 2870037616 
590886.4 2 611212867 2.205742e-08 15308464 2879167783 1.976258e-08 
593051.4 0 2235064901 3.0701e-07 2312786130 
615083.5 3 3749853089 1.4e-08 551137729 3083352544 1.42e-08 4198169764 1.42e-08 
618616.9 0 2046083849 2.791e-08 873214132 
624662.6 1 179097684 3.6283e-07 4252347608 
645914.4 0 545239233 5.61072e-07 188552836 
674285.3 0 266059373 2.791e-08 3888264012 
677305.9 0 1379399837 2.791e-08 1945448119 
683624.5 0 2235064901 3.0701e-07 1379399837 
691957.9 3 253808213 1.4e-08 1434594601 821115011 2.091e-08 2118016430 2.091e-08 
694459.2 0 1465560917 3.3492e-07 873214132 
699006.6 0 778035964 2.791e-08 3071577057 
702440.1 1 1068020906 0.00095470542778 3288380490 
703305.0 1 1465560917 3.6283e-07 482917538 
715544.9 2 545239233 5.61072e-07 3071234124 1945735688 1.4e-08 4093093422 2.380944e-08 
718989.0 0 3373526895 8.517e-07 1035956119 
721281.6 0 2235064901 3.0701e-07 2723643411 
725867.0 0 3497999925 2.791e-08 3421887303 
727543.7 3 561528368 2.424852e-08 2125112500 2842015324 1.578574e-08 1249238030 1.578574e-08 
733052.6 0 1379399837 2.791e-08 57770090 
752463.1 0 1035956119 1.449e-08 3187199216 
754806.2 3 2406269022 1.3999999999999998e-08 3083352544 3214077756 1.4055e-08 879162223 1.4055e-08 
758383.3 1 545239233 5.757224999999999e-07 3537925318 
761328.4 1 1222799196 3.9876256e-07 949068759 
765411.9 2 4259593397 1.22424774e-06 3004792470 3884425642 1.856988e-08 1149406307 1.856988e-08 
767088.7 2 2779686750 2.824533e-08 1931993247 3528332227 1.431517e-08 
775324.9 0 3150846686 3.6283e-07 778035964 
784289.8 2 2723643411 1.498e-08 310481256 4004407106 1.4e-08 
785222.0 0 3921011129 3.4941e-07 2737363250 
785569.1 1 3921011129 3.7732e-07 2737363250 
795425.8 0 879162223 1.4055e-08 2406269022 
810975.9 0 879162223 1.4055e-08 3214077756 
822339.0 0 545239233 5.757225e-07 2916276788 
828669.2 1 1068020906 0.00095472022778 690117576 
845926.4 0 3921011129 3.7732e-07 3621383820 
854409.0 0 3921011129 3.7732e-07 3071577057 
895419.0 2 3396227953 2.14e-08 1639799867 451270221 1.4e-08 
897836.8 0 179097684 3.6283e-07 862710978 
898963.0 0 3373526895 8.517e-07 3621383820 
901631.9 1 179097684 3.7682999999999997e-07 2406269022 
903164.4 3 2480932170 1.4e-08 2308721517 3149440925 2.091e-08 2250775120 2.091e-08 
905054.8 0 3921011129 3.7732e-07 3889879026 
913261.9 3 3357643131 1.4e-08 2451350669 1130108289 2.091e-08 2177968201 2.091e-08 
926519.7 3 870323177 1.8751779999999997e-08 3889879026 2914302410 1.853411e-08 3655816389 1.853411e-08 
927180.0 0 57770090 1.46505e-08 2215785330 
937458.4 3 2038493855 2.791e-08 3749853089 3485819286 1.4e-08 
943684.6 2 1206764858 2.7965e-08 3214077756 1382686479 1.4e-08 
946419.1 0 2038493855 2.791e-08 3187199216 
946690.4 0 870323177 1.875177e-08 3655816389 
948839.0 1 179097684 3.9083e-07 1382686479 
1011414.0 0 3908154577 6.982e-08 3528332227 
1025206.0 1 1068020906 0.00095474811 29350397 
1044006.0 1 1465560917 3.774805e-07 2138100036 
1053550.0 0 3921011129 3.7732e-07 2914302410 
1056932.0 1 373638573 1.00000002791 2440120768 
1063729.0 1 179097684 4.18795e-07 1206764858 
1106939.0 0 3921011129 3.7732e-07 2312786130 
1111502.0 1 3373526895 8.657e-07 4004407106 
1119568.0 1 373638573 1.00000002791 2261252686 
1130762.0 0 2555962951 2.791e-07 888311950 
1139986.0 3 2528553283 4.5577370000000004e-08 2707128518 1803925302 2.473263e-08 
1142357.0 0 2879167783 1.976258e-08 1218250404 
1155738.0 3 858320168 2.791e-08 2916276788 3293059020 1.4e-08 
1166791.0 0 545239233 5.757225e-07 3257166052 
1203927.0 2 1239307652 2.3108740000000002e-08 2909632847 378125977 1.4e-08 
1210245.0 2 1661091397 2.7965e-08 879162223 2159618959 1.4e-08 
1211009.0 1 3921011129 4.0523e-07 941534069 
1240265.0 0 2455496064 2.791e-08 451270221 
1240526.0 1 3373526895 8.936100000000001e-07 3621383820 
1243021.0 1 3921011129 4.1972e-07 1035956119 
1267924.0 0 2235064901 3.0701e-07 3616865126 
1271771.0 0 1222799196 3.987626e-07 3732071459 
1275858.0 0 1726701215 1.46505e-08 1945448119 
1276458.0 1 3373526895 9.080999999999999e-07 1218250404 
1279944.0 0 561528368 2.424853e-08 1945448119 
1284641.0 3 2312786130 1.46505e-08 1945735688 2441325815 1.4e-08 
1288370.0 0 1502094437 2.791e-08 188552836 
1306870.0 0 2038493855 2.791e-08 3485819286 
1316110.0 0 2519559028 3.0701e-07 3197676583 
1316543.0 0 2349140130 2.791e-08 3491092596 
1327700.0 1 1068020906 0.00095477601 921425487 
1328287.0 1 3908154577 9.121999999999999e-08 3396227953 
1339192.0 0 4260098875 1.46505e-08 2441325815 
1349700.0 2 1494141940 3.478854e-08 2455496064 3401497744 2.103146e-08 
1374012.0 0 3732071459 2.791e-08 257754683 
1422495.0 0 3373526895 9.081e-07 302486611 
1422688.0 0 3921011129 4.1972e-07 3491092596 
1432098.0 3 2879167783 1.777234e-08 740082705 4069401935 1.648024e-08 
1505843.0 1 3921011129 4.343705e-07 57770090 
1513030.0 1 373638573 1.00000002791 1963165541 
1564337.0 1 2246051850 8.461118000000001e-07 2911053862 
1573094.0 1 545239233 5.897225e-07 2441325815 
1577752.0 1 1222799196 4.266726e-07 3891448235 
1592405.0 0 3373526895 9.081e-07 1803925302 
1597220.0 0 1222799196 4.266726e-07 1037584679 
1623272.0 1 373638573 1.00000002091 821115011 
1626577.0 2 1465560917 7.107946599999999e-07 3150846686 134948105 1.475792e-08 1998372786 1.475792e-08 
1669693.0 1 179097684 4.4352763e-07 1803925302 
1671767.0 0 315200650 2.791e-08 3696843781 
1676392.0 1 3921011129 4.483705e-07 3293059020 
1681301.0 1 373638573 1.00000002791 838860310 
1685338.0 1 3373526895 9.2587234e-07 2879167783 
1705966.0 1 4259593397 1.252158e-06 3555679070 
1744981.0 0 2393342300 2.791e-08 302486611 
1793652.0 0 3373526895 9.258723e-07 3071577057 
1808609.0 0 3921011129 4.483705e-07 870323177 
1810025.0 1 3373526895 9.4440641e-07 2914302410 
1818165.0 1 1465560917 7.3460414e-07 4093093422 
1833711.0 0 1465560917 7.346041e-07 1327969783 
1844593.0 0 2528553283 4.557737e-08 1035492323 
1873216.0 1 2235064901 3.3492e-07 2393342300 
1873689.0 0 2029773149 1.449e-08 378125977 
1880970.0 1 373638573 1.00000002791 1878784256 
1932462.0 3 2159618959 1.4e-08 3187199216 2455922112 1.4e-08 
1963818.0 2 2723643411 1.56305e-08 2312786130 3059103076 1.4e-08 
1979837.0 0 870323177 1.875177e-08 4260098875 
2048638.0 0 1494141940 3.478854e-08 3696193412 
2053587.0 0 179097684 4.435276e-07 302486611 
2080723.0 1 373638573 1.00000002791 1986278615 
2117826.0 3 1494141940 1.4000000000000003e-08 3375523036 432337108 1.771952e-08 1902671923 1.771952e-08 
2121990.0 1 373638573 1.00000002247252 2211003714 
2149264.0 0 2779686750 2.824533e-08 3528332227 
2153184.0 3 862710978 1.4e-08 2038493855 4209590891 2.091e-08 77395223 2.091e-08 
2165482.0 0 179097684 4.435276e-07 2159618959 
2171115.0 2 3921011129 4.4837055999999985e-07 2235064901 3592986772 1.4e-08 1246511018 1.458727e-08 3986570268 1.458727e-08 174500547 1.458727e-08 4083845756 1.458727e-08 110358663 1.458727e-08 1370908750 1.458727e-08 1837234470 1.458727e-08 2945849429 1.458727e-08 66296937 1.458727e-08 976558236 1.458727e-08 2438291630 1.458727e-08 906368509 1.458727e-08 3783228500 1.458727e-08 2858952728 1.458727e-08 395113485 1.458727e-08 4019363830 1.458727e-08 3016084464 1.458727e-08 921818415 1.458727e-08 2892683898 1.458727e-08 3697249003 1.458727e-08 3983774618 1.458727e-08 4187488967 1.458727e-08 
2171133.0 0 3783228500 1.458727e-08 2945849429 
2172352.0 0 3921011129 4.483705e-07 3983774618 
2181843.0 1 373638573 1.00000002791 1434498202 
2185304.0 1 2945849429 2.858727e-08 3592986772 
2213001.0 3 3257166052 2.791e-08 378125977 898751805 1.4e-08 
2222096.0 0 3921011129 4.483705e-07 611212867 
2231393.0 1 2528553283 5.957737e-08 451270221 
2274789.0 0 2892683898 1.458727e-08 1370908750 
2280292.0 1 4187488967 2.917454e-08 174500547 
2285734.0 3 688805295 1.4e-08 2999719241 3632514288 1.428025e-08 410848061 1.428025e-08 
2301237.0 1 3921011129 4.6295777e-07 3986570268 
2315583.0 1 179097684 4.5752759999999997e-07 862710978 
2316663.0 0 2858952728 1.458727e-08 1370908750 
2323895.0 1 545239233 6.043097700000001e-07 921818415 
2342130.0 3 4187488967 1.400001e-08 3485819286 2791633391 1.458727e-08 630280293 1.458727e-08 
2354791.0 0 3908154577 9.122e-08 4083845756 
2388889.0 0 1370908750 1.458727e-08 4083845756 
2401524.0 1 3908154577 1.0580727e-07 1246511018 
2426353.0 0 630280293 1.458727e-08 4083845756 
2451491.0 3 4198169764 1.42e-08 2159618959 4212779140 1.4e-08 
2452753.0 1 4198169764 2.82e-08 4212779140 
2461492.0 0 3373526895 9.444065e-07 4187488967 
2480183.0 0 1465560917 7.346041e-07 810769555 
2500261.0 1 3373526895 9.5899377e-07 4083845756 
2515176.0 0 3921011129 4.629578e-07 870323177 
2535753.0 0 4259593397 1.252158e-06 1651612823 
2554410.0 1 3921011129 4.776083e-07 4260098875 
2581190.0 0 2779686750 2.824533e-08 1998372786 
2585153.0 0 2919643181 2.791e-08 1321648343 
2593927.0 0 3616865126 2.791e-08 630280293 
2595073.0 1 373638573 1.00000002791 4122240121 
2596310.0 0 2892683898 1.458727e-08 2455922112 
2600579.0 1 3921011129 5.055183000000001e-07 3257166052 
2602656.0 0 3373526895 9.589937e-07 2455922112 
2604191.0 3 1465560917 7.346040900000003e-07 545239233 3459374364 2.440212e-08 2125331604 1.414409e-08 3113062634 1.414409e-08 847040419 1.414409e-08 4240624600 1.414409e-08 1565786989 1.414409e-08 2286860921 1.414409e-08 3707879645 1.414409e-08 2746930994 1.414409e-08 4075596975 1.414409e-08 4283280385 1.414409e-08 538453177 1.414409e-08 3121292019 1.414409e-08 3349724438 1.414409e-08 4253718737 1.414409e-08 3297362622 1.414409e-08 1751902433 1.414409e-08 2878871175 1.414409e-08 3083717413 1.414409e-08 220564665 1.414409e-08 3653734512 1.414409e-08 3815024321 1.414409e-08 1428265047 1.414409e-08 3604532305 1.414409e-08 1869365069 1.414409e-08 965372172 1.414409e-08 607396504 1.414409e-08 2533881277 1.414409e-08 472358284 1.414409e-08 1950077488 1.414409e-08 1820499179 1.414409e-08 4055959668 1.414409e-08 528880979 1.414409e-08 3778036871 1.414409e-08 1405660995 1.414409e-08 3662110242 1.414409e-08 2247026945 1.414409e-08 4032129539 1.414409e-08 4035587434 1.414409e-08 3111692719 1.414409e-08 1398579088 1.414409e-08 2501379955 1.414409e-08 
2604191.0 1 3459374364 3.854621e-08 2501379955 
2604191.0 1 3459374364 5.26903e-08 2125331604 
2604201.0 0 3662110242 1.414409e-08 2878871175 
2604404.0 0 1465560917 7.346041e-07 847040419 
2612527.0 1 373638573 1.00000002791 810769555 
2613909.0 2 1249238030 1.592983e-08 2247026945 3332562587 1.4e-08 
2614584.0 1 1465560917 7.487481899999999e-07 3604532305 
2615220.0 0 1465560917 7.487482e-07 847040419 
2619600.0 1 373638573 1.00000001856988 1149406307 
2635640.0 0 965372172 1.414409e-08 220564665 
2640004.0 1 3373526895 9.799037e-07 4209590891 
2640160.0 1 373638573 1.00000002791 1347872676 
2643155.0 1 3921011129 5.2010557e-07 906368509 
2646557.0 1 3921011129 5.346927700000001e-07 630280293 
2648868.0 1 3373526895 9.9449097e-07 1370908750 
2660439.0 0 3653734512 1.414409e-08 3297362622 
2662494.0 1 3373526895 1.00907827e-06 2791633391 
2693777.0 3 3616865126 1.400001e-08 1950077488 3562383954 1.402704e-08 2521380987 1.402704e-08 
2700273.0 0 611212867 2.205742e-08 2455922112 
2700827.0 0 2856850640 2.791e-08 1503861029 
2708006.0 3 257754683 2.791e-08 688805295 4119421155 1.4e-08 
2715109.0 2 2723643411 1.577459e-08 4035587434 1913762779 1.4e-08 
2717345.0 0 3655816389 1.853411e-08 220564665 
2723740.0 1 373638573 1.00000002791 2487301543 
2725811.0 1 1465560917 7.628922899999999e-07 3083717413 
2735280.0 0 1465560917 7.628923e-07 607396504 
2745768.0 0 2533881277 1.414409e-08 3059103076 
2752289.0 3 1661091397 2.17339e-08 2892683898 3678948817 2.081837e-08 
2770213.0 0 2723643411 1.577459e-08 1820499179 
2782060.0 0 3983774618 1.458727e-08 472358284 
2787340.0 1 179097684 4.784376000000001e-07 77395223 
2811271.0 1 1465560917 7.7747957e-07 3783228500 
2814834.0 0 2542835646 2.791e-08 4069401935 
2827698.0 0 3459374364 5.26903e-08 2215785330 
2828910.0 0 1869365069 1.414409e-08 1428265047 
2835487.0 0 3373526895 1.009078e-06 3071577057 
2843373.0 0 2919643181 2.791e-08 211811971 
2852167.0 0 1465560917 7.774796e-07 3349724438 
2864811.0 2 302486611 1.463409e-08 2533881277 2489195127 1.4e-08 
2867525.0 0 4055959668 1.414409e-08 2746930994 
2883426.0 0 4055959668 1.414409e-08 4075596975 
2921540.0 1 3373526895 1.02989637e-06 3678948817 
2929220.0 0 3373526895 1.029897e-06 2542835646 
2937359.0 1 1465560917 7.916236899999999e-07 2878871175 
2944827.0 1 3921011129 5.4928007e-07 3016084464 
2950102.0 2 3373526895 1.02989704e-06 3908154577 3929228125 1.4e-08 3160344427 1.530121e-08 3182159117 1.530121e-08 766581564 1.530121e-08 3702894340 1.530121e-08 3532745758 1.530121e-08 1072840122 1.530121e-08 
2950943.0 1 3373526895 1.04519821e-06 3182159117 
2951022.0 1 3373526895 1.06049921e-06 3532745758 
2966454.0 1 3373526895 1.07580021e-06 3702894340 
2975803.0 0 3373526895 1.0758e-06 395113485 
2984380.0 1 3373526895 1.09110121e-06 1072840122 
2987652.0 2 395113485 1.486752e-08 410848061 3294683754 1.4e-08 
2989856.0 2 3393811039 2.149727e-08 1837234470 1676003954 1.4e-08 
3007245.0 3 1398579088 1.414409e-08 1945448119 4285585893 1.4e-08 
3030088.0 1 373638573 1.00000001472778 2962530363 
3035701.0 0 3071577057 1.46505e-08 66296937 
3067870.0 3 331336395 2.791e-08 3059103076 2674988631 1.4e-08 
3079208.0 1 373638573 1.00000002791 2466232951 
3116234.0 1 373638573 1.00000001648024 4069401935 
3132448.0 3 265770918 1.4e-08 2074240873 406745133 2.091e-08 2883513480 2.091e-08 
3134681.0 1 1379399837 4.894146e-08 3401497744 
3162916.0 0 179097684 4.784376e-07 3020817656 
3163114.0 0 179097684 4.784376e-07 3020817656 
3201442.0 0 1465560917 7.916236e-07 2542835646 
3204045.0 0 3983774618 1.458727e-08 2521380987 
3219733.0 3 2263814062 1.4e-08 314650893 783121895 2.091e-08 2683944377 2.091e-08 
3225460.0 0 1239307652 2.310874e-08 1869365069 
3232769.0 3 732124878 1.835946e-08 1239307652 2961226102 1.632964e-08 301219709 1.632964e-08 
3251093.0 1 3921011129 5.6386737e-07 976558236 
3260176.0 3 3696193412 2.091e-08 2455922112 1743198400 1.4e-08 
3265847.0 1 3373526895 1.105101e-06 3929228125 
3272680.0 0 2961226102 1.632964e-08 3349724438 
3272926.0 0 3696843781 1.46505e-08 1398579088 
3311098.0 3 2779686750 1.4e-08 2438291630 3059144981 1.44163e-08 3952655669 1.44163e-08 
3330864.0 3 2528553283 1.400002e-08 2693713428 2848685905 1.469747e-08 1826422368 1.469747e-08 896813269 1.469747e-08 37051273 1.469747e-08 1867247157 1.469747e-08 
3342396.0 0 4198169764 2.82e-08 2848685905 
3358880.0 0 3373526895 1.105101e-06 4187488967 
3374556.0 0 3491092596 1.46505e-08 538453177 
3389735.0 0 1867247157 1.469747e-08 2848685905 
3401751.0 0 858320168 2.791e-08 66296937 
3408062.0 0 3373526895 1.105101e-06 3071577057 
3410238.0 3 2848685905 1.469747e-08 1743198400 3633199892 1.4e-08 
3436688.0 0 3373526895 1.105101e-06 3071577057 
3442000.0 0 770580294 2.791e-08 4283280385 
3455998.0 3 2542835646 2.1955360000000003e-08 3020817656 1736323711 1.693232e-08 283080478 1.693232e-08 
3456098.0 1 2542835646 3.888768e-08 283080478 
3461483.0 3 3736894086 1.4000000000000003e-08 2883513480 785216844 1.741e-08 3006103420 1.741e-08 
3490416.0 1 3921011129 5.7845467e-07 110358663 
3509063.0 0 3373526895 1.105101e-06 3071577057 
3522658.0 0 1820499179 1.414409e-08 1565786989 
3525115.0 2 3696193412 2.160747e-08 37051273 2898323513 1.4e-08 
3526925.0 0 611212867 2.205742e-08 766581564 
3536698.0 0 1405660995 1.414409e-08 3297362622 
3546746.0 3 3421887303 1.400001e-08 1869365069 1199222225 1.402704e-08 3755198008 1.402704e-08 
3571853.0 1 1465560917 8.0739819e-07 2723643411 
3589151.0 0 1379399837 4.894146e-08 3121292019 
3607593.0 1 373638573 1.00000002791 2504591099 
3612649.0 2 443746396 4.108179e-08 1321648343 2795041644 1.473821e-08 
3636016.0 0 66296937 1.458727e-08 3653734512 
3661496.0 0 1379399837 4.894146e-08 3332562587 
3668680.0 3 1379399837 1.400002e-08 1593891639 3492274228 1.571286e-08 1420914473 1.571286e-08 439844059 1.571286e-08 3802520055 1.571286e-08 
3672037.0 0 2246051850 8.461118e-07 2779686750 
3677529.0 1 3373526895 1.1197515e-06 3696843781 
3685434.0 1 3373526895 1.13505321e-06 3160344427 
3685440.0 0 3497999925 2.791e-08 1634407402 
3705068.0 0 598947138 2.791e-08 3393811039 
3718442.0 0 3373526895 1.135053e-06 611212867 
3728182.0 0 3953846011 2.791e-08 257754683 
3734093.0 3 2408568032 1.4000000000000003e-08 732124878 3012889883 1.613473e-08 3363823620 1.613473e-08 
3734617.0 0 1465560917 8.073982e-07 3149440925 
3759795.0 0 3921011129 5.784546e-07 1420914473 
3785677.0 1 3373526895 1.1566604699999998e-06 3696193412 
3789142.0 2 528880979 1.428818e-08 965372172 1086559163 1.4e-08 
3790465.0 1 3373526895 1.170661e-06 2898323513 
3809337.0 0 3459374364 5.26903e-08 2263814062 
3818758.0 1 3373526895 1.18535847e-06 2848685905 
3838465.0 2 179097684 4.784376e-07 2542835646 3063534263 1.4e-08 2013640095 2.488768e-08 
3845884.0 3 4032129539 1.414409e-08 2480932170 1461359102 1.4e-08 
3846810.0 0 179097684 4.784376e-07 3063534263 
3851272.0 0 4198169764 2.82e-08 2013640095 
3851863.0 1 179097684 4.924376e-07 3063534263 
3855234.0 3 598947138 1.400001e-08 1820499179 2027098952 1.402704e-08 4167430602 1.402704e-08 
3859948.0 0 1465560917 8.073982e-07 3332562587 
3873272.0 1 3373526895 1.199358e-06 2528553283 
3876114.0 3 1037584679 2.719347e-08 1398579088 4096225443 1.486062e-08 
3893948.0 3 611212867 2.1480349999999997e-08 598947138 781549661 1.457707e-08 
3894343.0 1 3373526895 1.21405547e-06 1826422368 
3935154.0 3 2919643181 1.3999999999999996e-08 1037584679 907719639 2.055173e-08 1906851972 2.055173e-08 
3943715.0 1 373638573 1.00000002791 911013108 
3951025.0 0 858320168 2.791e-08 3332562587 
3989737.0 1 3921011129 5.9303167e-07 781549661 
3989901.0 0 40245973 2.791e-08 3071577057 
4073850.0 1 1068020906 0.00095480391 3382444416 
4095442.0 0 4285585893 1.4e-08 2408568032 
4107701.0 1 3373526895 1.2357899e-06 1661091397 
4147754.0 1 1068020906 0.0009548318100000001 2906924538 
4201840.0 0 179097684 4.924376e-07 4187488967 
4213336.0 1 179097684 5.0773881e-07 766581564 
4231881.0 3 2945849429 1.399999e-08 1726701215 2597880038 1.461889e-08 1896745001 1.461889e-08 
4240062.0 0 2409063466 2.791e-08 528880979 
4259493.0 1 3373526895 1.25037727e-06 66296937 
4266117.0 1 373638573 1.00000001856988 3884425642 
4268296.0 1 373638573 1.00000102791 3268335666 
4291558.0 3 3332562587 1.4e-08 2263814062 2378434411 1.4e-08 
4304672.0 3 3121047530 2.496921e-08 3632514288 1837088337 1.722104e-08 
4316377.0 0 858320168 2.791e-08 1867247157 
4327792.0 0 717226258 2.791e-08 2250775120 
4332395.0 0 1465560917 8.073982e-07 472358284 
4336784.0 1 4259593397 1.273068e-06 2177968201 
4344869.0 1 179097684 5.217387999999999e-07 4187488967 
4348622.0 1 1465560917 8.2154229e-07 220564665 
4359043.0 3 717226258 2.791e-08 4285585893 1543523724 1.4e-08 
4397371.0 2 1837088337 1.724808e-08 4167430602 1761715697 1.4e-08 
4414979.0 0 1465560917 8.215423e-07 472358284 
4438534.0 2 1867247157 1.528474e-08 2858952728 3099973400 1.4e-08 
4460073.0 2 907719639 2.288137e-08 2961226102 2789348510 1.4e-08 
4481527.0 3 3662110242 1.414409e-08 3332562587 1371202285 1.4e-08 
4498001.0 1 1465560917 8.3568639e-07 1751902433 
4562337.0 3 2205180068 1.4e-08 2215785330 629078091 1.428025e-08 754560055 1.428025e-08 
4579625.0 0 1371202285 1.4e-08 1676003954 
4601402.0 0 1327969783 2.791e-08 4075596975 
4603950.0 0 1465560917 8.356864e-07 1543523724 
4614983.0 0 3363823620 1.613473e-08 3562383954 
4637025.0 0 2046083849 2.791e-08 1461359102 
4642359.0 2 1896745001 1.503519e-08 3952655669 1737134642 1.4e-08 
4642766.0 3 2027098952 1.402704e-08 1761715697 37613351 1.4e-08 
4652434.0 0 3492274228 1.571286e-08 1913762779 
4655972.0 3 778035964 2.7736490000000002e-08 3778036871 3434666020 1.43176e-08 
4668763.0 1 373638573 1.00000102791 2870158420 
4672628.0 0 1465560917 8.356864e-07 1543523724 
4676642.0 1 1465560917 8.5340592e-07 432337108 
4769021.0 0 3755198008 1.402704e-08 37613351 
4797273.0 2 356405251 2.053794e-08 1634407402 2369258877 1.4e-08 
4917649.0 1 179097684 5.370235500000001e-07 1867247157 
4922745.0 0 443746396 4.108179e-08 333964007 
5008724.0 1 1068020906 0.00095485971 4188445920 
5027414.0 1 1222799196 4.4140038e-07 313359544 
5097976.0 1 373638573 1.00000102791 3736601249 
5098519.0 0 896813269 1.469747e-08 3099973400 
5111949.0 1 1465560917 8.675499899999999e-07 607396504 
5196002.0 2 1327969783 3.3653770000000004e-08 102901530 3563522875 2.216623e-08 
5217640.0 0 3111692719 1.414409e-08 2945849429 
5241708.0 1 1465560917 8.816940899999999e-07 3707879645 
5248933.0 0 4198169764 2.82e-08 2013640095 
5271507.0 0 2246051850 8.461118e-07 4253718737 
5296315.0 3 3491092596 1.46505e-08 2945849429 249728555 1.4e-08 
5322468.0 3 251961497 2.651036e-08 1676003954 4285226245 1.539964e-08 
5381841.0 2 1998372786 1.490201e-08 3111692719 2707460946 1.4e-08 
5389598.0 3 356405251 2.053794e-08 3294683754 2606325002 1.4e-08 
5402859.0 1 3921011129 6.076821999999999e-07 3491092596 
5407975.0 2 251961497 2.665445e-08 2286860921 1541925803 1.4e-08 
5432123.0 3 778035964 1.4e-08 561528368 2024675612 1.899251e-08 1292023300 1.899251e-08 
5443405.0 0 1465560917 8.816941e-07 3121047530 
5447189.0 0 1465560917 8.816941e-07 3121047530 
5452098.0 0 2519559028 3.0701e-07 3498415124 
5483995.0 1 3373526895 1.2660898599999999e-06 3802520055 
5495105.0 1 3373526895 1.28302232e-06 1736323711 
5496148.0 0 3149440925 2.091e-08 2029773149 
5515363.0 1 373638573 1.00000101473821 2795041644 
5529268.0 0 257754683 2.791e-08 1420914473 
5563144.0 1 3373526895 1.29765609e-06 302486611 
5588651.0 0 4259593397 1.273068e-06 1651612823 
5646785.0 1 4259593397 1.2939779999999998e-06 2683944377 
5652722.0 0 2349140130 2.791e-08 3421887303 
5654492.0 0 3528332227 1.431517e-08 1543523724 
5656169.0 1 4259593397 1.314888e-06 1130108289 
5661708.0 3 896813269 1.469747e-08 3099973400 3302973195 1.4e-08 
5672553.0 0 1565786989 1.414409e-08 2205180068 
5714911.0 1 373638573 1.00000102791 843517319 
5727348.0 0 538453177 1.414409e-08 3421887303 
5734521.0 0 1902671923 1.771952e-08 1737134642 
5740754.0 1 373638573 1.00000102791 326805806 
5790610.0 0 2984600922 3.0701e-07 825415804 
5799456.0 1 3921011129 6.216822e-07 1371202285 
5902995.0 0 1465560917 8.816941e-07 1565786989 
5909618.0 3 2013640095 1.4e-08 1902671923 875106938 1.43036e-08 3314075649 1.43036e-08 
5971340.0 1 1465560917 9.096041000000001e-07 3497999925 
5983660.0 1 3373526895 1.31913635e-06 611212867 
5991133.0 0 1541925803 1.4e-08 1086559163 
5992109.0 2 406745133 2.230964e-08 4285226245 2589646060 1.4e-08 
6010784.0 0 3459374364 5.26903e-08 3071577057 
6086752.0 0 331336395 2.791e-08 1428265047 
6114363.0 0 528880979 1.428818e-08 3113062634 
6121130.0 1 2246051850 8.740218e-07 211811971 
6125934.0 2 3434666020 1.446169e-08 4283280385 3433591204 1.4e-08 
6126943.0 0 873214132 2.791e-08 251961497 
6138010.0 0 907719639 2.288137e-08 2024675612 
6184600.0 0 2349140130 2.791e-08 4119421155 
6194523.0 0 333964007 2.791e-08 1461359102 
6197295.0 1 2519559028 3.2101e-07 2789348510 
6208617.0 0 2246051850 8.740218e-07 3071577057 
6249693.0 1 373638573 1.00000102791 333964007 
6258573.0 1 3373526895 1.333136e-06 898751805 
6263560.0 3 4055959668 1.414409e-08 3616865126 1848242772 1.4e-08 
6279139.0 1 3373526895 1.347136e-06 249728555 
6291107.0 2 2250775120 2.137169e-08 3434666020 250719570 1.4e-08 
6294857.0 0 1465560917 9.096041e-07 3528332227 
6303907.0 1 373638573 1.0000010214972699 3393811039 
6344496.0 0 2409063466 2.791e-08 4032129539 
6402412.0 3 896813269 1.469747e-08 3302973195 2681498831 1.4e-08 
6412742.0 2 4055959668 1.428818e-08 3815024321 481808867 1.4e-08 
6429133.0 3 1420914473 1.571286e-08 3421887303 2066612683 1.4e-08 
6445697.0 1 373638573 1.000001014 1461359102 
6469466.0 0 179097684 5.370236e-07 2681498831 
6474244.0 1 3921011129 6.356822e-07 778035964 
6485936.0 2 754560055 1.442434e-08 3662110242 3458484829 1.4e-08 
6489770.0 3 2674988631 1.4e-08 2489195127 2719204682 1.4e-08 
6495561.0 1 373638573 1.00000102791 3012070026 
6497750.0 1 373638573 1.00000102791 2545005546 
6513791.0 1 373638573 1.00000102791 3775452048 
6515979.0 1 373638573 1.00000102791 811613008 
6519554.0 1 3012889883 3.041498e-08 629078091 
6541112.0 1 1465560917 9.236041e-07 3357643131 
6555593.0 3 4096225443 1.486062e-08 2606325002 4256642775 1.4e-08 
6604772.0 3 1420914473 1.571286e-08 3633199892 2449448537 1.4e-08 
6639446.0 2 907719639 2.378338e-08 1998372786 463844675 1.4e-08 
6694368.0 2 3149440925 2.093704e-08 3755198008 3167902617 1.4e-08 
6740536.0 2 1428265047 1.428818e-08 3113062634 579073438 1.4e-08 
6740973.0 0 511603307 2.791e-08 2378434411 
6788623.0 1 3373526895 1.361136e-06 2449448537 
6793855.0 3 1837088337 1.724808e-08 2066612683 3468130899 1.4e-08 
6810918.0 0 3373526895 1.361136e-06 858320168 
6821987.0 2 1494850122 1.467754e-08 2521380987 393090083 1.4e-08 
6831433.0 3 257754683 1.399999e-08 870323177 2343849308 1.633089e-08 1055469694 1.633089e-08 
6835564.0 3 3563522875 2.216623e-08 1737134642 627452446 1.4e-08 
6840024.0 3 2856850640 1.399999e-08 3363823620 2014426858 1.502237e-08 2716949832 1.502237e-08 
6867400.0 0 858320168 2.791e-08 2681498831 
6914652.0 0 896813269 1.469747e-08 2674988631 
6920193.0 0 1837088337 1.724808e-08 2013640095 
6924889.0 0 2555962951 2.791e-07 785216844 
6973539.0 2 3563522875 2.245441e-08 528880979 552634658 1.4e-08 
6990454.0 0 4019363830 1.458727e-08 1565786989 
7002483.0 3 1502094437 1.4000000000000003e-08 1420914473 3736523900 1.481143e-08 2213923665 1.481143e-08 
7024922.0 0 3373526895 1.361136e-06 2681498831 
7029991.0 1 3921011129 6.499858000000001e-07 3314075649 
7032374.0 0 3373526895 1.361136e-06 896813269 
7035339.0 0 3149440925 2.093704e-08 3468130899 
7050019.0 0 1837088337 1.724808e-08 2681498831 
7060780.0 3 1896745001 1.503519e-08 3458484829 1503202005 1.4e-08 
7086424.0 0 4259593397 1.314888e-06 1379399837 
7097459.0 3 858320168 2.791e-08 481808867 3202152185 1.4e-08 
7151429.0 1 3921011129 6.6723388e-07 1837088337 
7171521.0 1 3921011129 6.951439e-07 717226258 
7185917.0 3 3653734512 1.414409e-08 2779686750 2622395779 1.4e-08 
7192537.0 2 395113485 1.567895e-08 3736523900 3607413901 1.4e-08 
7234195.0 0 4096225443 1.486062e-08 1503202005 
7243621.0 2 3528332227 1.445926e-08 472358284 649593533 1.4e-08 
7251308.0 0 3921011129 6.951439e-07 2674988631 
7275185.0 0 1906851972 2.055173e-08 395113485 
7306470.0 0 2716949832 1.502237e-08 2013640095 
7376228.0 3 2213923665 1.481143e-08 3433591204 66987975 1.4e-08 
7428577.0 1 3373526895 1.37572327e-06 4019363830 
7439480.0 3 3241671100 2.791e-08 2856850640 483021244 1.4e-08 
7455586.0 2 2213923665 1.5301429999999997e-08 2029773149 3707800333 1.4e-08 
7535281.0 1 1465560917 9.515141e-07 3732071459 
7542803.0 3 858320168 2.791e-08 4119421155 3528190190 1.4e-08 
7569004.0 1 373638573 1.00000102791 3490627259 
7613789.0 3 1428265047 1.428818e-08 393090083 2185291493 1.4e-08 
7695596.0 3 2024675612 1.899251e-08 1503202005 550176535 1.4e-08 
7714687.0 0 875106938 1.43036e-08 3202152185 
7715473.0 3 875106938 1.43036e-08 3202152185 1674415855 1.4e-08 
7773057.0 1 3921011129 7.091439e-07 66987975 
7817708.0 1 3373526895 1.403634e-06 858320168 
7836094.0 2 4055959668 1.457636e-08 1428265047 4287239676 1.4e-08 
7845977.0 2 2842015324 1.708717e-08 2213923665 3884987045 1.4e-08 
7848692.0 0 3012889883 3.041498e-08 250719570 
7869623.0 2 3149440925 2.163451e-08 896813269 1960974751 1.4e-08 
7881131.0 3 2185291493 1.4e-08 2674988631 309459595 1.4e-08 
7913556.0 1 4259593397 1.33719764e-06 406745133 
7926262.0 1 3373526895 1.4182103600000001e-06 4055959668 
7936140.0 0 3373526895 1.41821e-06 3167902617 
7971476.0 2 847040419 1.417113e-08 1199222225 2348040613 1.4e-08 
8002598.0 3 6723929 2.791e-08 3707800333 3180086772 1.4e-08 
8038334.0 1 3373526895 1.43221e-06 2707460946 
8041600.0 0 3869596591 1.46505e-08 3528190190 
8055165.0 1 3373526895 1.44621e-06 250719570 
8133680.0 0 3528332227 1.445926e-08 579073438 
8137489.0 0 1465560917 9.515141e-07 439844059 
8151349.0 1 1465560917 9.655141e-07 483021244 
8158866.0 0 3563522875 2.245441e-08 1896745001 
8220113.0 1 3921011129 7.240045200000001e-07 4096225443 
8267752.0 1 3373526895 1.46021e-06 3167902617 
8294647.0 0 3373526895 1.46021e-06 550176535 
8310369.0 3 3697249003 1.458727e-08 2348040613 3833074883 1.4e-08 
8388138.0 1 373638573 1.00000102791 1481166135 
8407161.0 0 251961497 2.665445e-08 3059144981 
8427156.0 1 3373526895 1.47421e-06 1543523724 
8473216.0 1 373638573 1.00000102791 3774459889 
8519123.0 1 179097684 5.510236e-07 2681498831 
8532516.0 3 301219709 1.632964e-08 2622395779 1462644303 1.4e-08 
8546478.0 0 4259593397 1.337197e-06 1086559163 
8550541.0 1 3373526895 1.48821e-06 1960974751 
8578591.0 3 3528332227 1.445926e-08 309459595 4088625113 1.4e-08 
8615237.0 1 3921011129 7.4897371e-07 3121047530 
8639030.0 3 4075596975 1.414409e-08 2369258877 1237914369 1.4e-08 
8684346.0 0 3373526895 1.48821e-06 3468130899 
8694916.0 0 875106938 1.43036e-08 579073438 
8783854.0 2 4259593397 2.14002275e-06 1465560917 2733144751 1.478985e-08 1649557018 1.478985e-08 1831065885 1.478985e-08 79461789 1.478985e-08 1621314342 1.478985e-08 2016090987 1.478985e-08 1553963666 1.478985e-08 1002680420 1.478985e-08 734120091 1.478985e-08 2475979558 1.478985e-08 2649056468 1.478985e-08 
8811147.0 1 4259593397 2.15481285e-06 1831065885 
8843184.0 3 550176535 1.4e-08 1848242772 3381587904 1.4e-08 
8852263.0 0 3373526895 1.48821e-06 2719204682 
8858698.0 1 3373526895 1.50221e-06 2719204682 
8887465.0 1 4259593397 2.1694905399999997e-06 1494850122 
8913007.0 0 4240624600 1.414409e-08 4287239676 
8914574.0 3 3563522875 2.1217779999999998e-08 1913762779 175860597 1.523663e-08 
9106253.0 3 579073438 1.4e-08 1502094437 1089013536 1.4e-08 
9127202.0 1 3373526895 1.5163540900000001e-06 4075596975 
9128755.0 0 4259593397 2.16949e-06 2649056468 
9129139.0 3 3459374364 1.808461e-08 1649557018 552498239 1.646518e-08 481049431 1.646518e-08 2950407739 1.646518e-08 
9140029.0 3 825415804 1.400001e-08 2343849308 72955594 1.512044e-08 1771264541 1.512044e-08 
9152749.0 0 1462644303 1.4e-08 1379399837 
9188557.0 1 443746396 5.610416e-08 2014426858 
9238330.0 3 3149440925 2.163452e-08 1089013536 2353028958 1.4e-08 
9260880.0 0 825415804 1.4e-08 3736894086 
9266976.0 1 4259593397 2.18349e-06 3884987045 
9272514.0 1 4259593397 2.19807727e-06 3697249003 
9282877.0 0 266059373 2.791e-08 2027098952 
9333143.0 1 373638573 1.000001014 265770918 
9335350.0 0 3373526895 1.516354e-06 1055469694 
9373478.0 1 3921011129 7.629737e-07 463844675 
9423639.0 3 873214132 1.400001e-08 1565786989 2980075456 1.402704e-08 3449694611 1.402704e-08 
9432212.0 1 3373526895 1.53203295e-06 395113485 
9459055.0 0 4088625113 1.4e-08 2185291493 
9492559.0 1 4259593397 2.21286785e-06 734120091 
9518199.0 3 1237914369 1.4e-08 649593533 1194638860 1.4e-08 
9526297.0 1 4259593397 2.22703913e-06 847040419 
9571472.0 0 3059144981 1.44163e-08 1379399837 
9597599.0 1 4259593397 2.24106604e-06 2980075456 
9602879.0 3 2842015324 1.708717e-08 2185291493 114837353 1.4e-08 
9604750.0 1 2842015324 3.108717e-08 114837353 
9636438.0 3 6723929 2.412787e-08 579073438 2341758500 1.778213e-08 
9652790.0 1 3373526895 1.54617709e-06 3297362622 
9672891.0 1 4259593397 2.25960011e-06 3655816389 
9690885.0 2 1055469694 1.745133e-08 72955594 651046398 1.4e-08 
9701737.0 1 2519559028 3.3747518e-07 552498239 
9709373.0 2 301219709 1.647373e-08 3121292019 2780384598 1.4e-08 
9801725.0 1 4259593397 2.27438985e-06 2733144751 
9984579.0 1 4259593397 2.28853409e-06 538453177 
9988643.0 1 4259593397 2.30256104e-06 2027098952 
10006110.0 3 1156624510 1.4e-08 1771264541 1061526795 1.451522e-08 3342541004 1.451522e-08 
10038530.0 0 3373526895 1.546177e-06 3468130899 
10077130.0 3 1061526795 1.451522e-08 1379399837 1577969976 1.4e-08 
10087270.0 1 3373526895 1.560177e-06 3381587904 
10130390.0 0 481049431 1.646518e-08 873214132 
10145770.0 1 3373526895 1.574177e-06 3468130899 
10155970.0 0 3528190190 1.4e-08 2205180068 
10161910.0 0 4259593397 2.302561e-06 4256642775 
10193780.0 1 4259593397 2.3173508500000003e-06 2016090987 
10200630.0 1 3921011129 7.769737e-07 1674415855 
10236530.0 1 373638573 1.00000102791 266059373 
10264710.0 1 2519559028 3.6538519999999997e-07 2349140130 
10288640.0 0 2341758500 1.778213e-08 2780384598 
10299290.0 1 179097684 5.6548286e-07 3528332227 
10346330.0 1 179097684 5.794828e-07 4088625113 
10454750.0 0 3653734512 1.414409e-08 4253718737 
10487790.0 0 3180086772 1.4e-08 2205180068 
10489510.0 3 2597880038 1.461889e-08 37613351 695939830 1.4e-08 
10515150.0 1 2597880038 2.8618889999999998e-08 695939830 
10594440.0 1 4259593397 2.3338161800000002e-06 2950407739 
10643600.0 3 3059144981 1.44163e-08 2408568032 229435916 1.4e-08 
10729010.0 0 2842015324 3.108717e-08 2780384598 
10731430.0 1 3373526895 1.5881769999999999e-06 2780384598 
10766300.0 0 356405251 2.053794e-08 3983774618 
10835530.0 3 1061526795 1.451522e-08 1541925803 1850435983 1.4e-08 
10851040.0 3 2409063466 2.122206e-08 552634658 19131048 2.068794e-08 
10889480.0 0 3373526895 1.588177e-06 1237914369 
10959700.0 3 1327969783 1.603056e-08 2250775120 2426951832 1.949745e-08 3089865955 1.949745e-08 
11009140.0 1 3373526895 1.602177e-06 1237914369 
11063530.0 0 3921011129 7.769737e-07 875106938 
11064790.0 2 2842015324 3.108717e-08 2597880038 3526559023 1.4e-08 73116178 1.461889e-08 
11095720.0 0 1292023300 1.899251e-08 1061526795 
11123290.0 3 1850435983 1.4e-08 4287239676 2654473721 1.4e-08 
11130430.0 0 3492274228 1.571286e-08 1850435983 
11162640.0 0 3921011129 7.769737e-07 331336395 
11242800.0 0 3373526895 1.602177e-06 73116178 
11301950.0 3 1327969783 1.603056e-08 229435916 2564127097 1.4e-08 
11302910.0 0 1503861029 2.791e-08 1055469694 
11359610.0 2 179097684 5.794828e-07 4198169764 3554620561 1.4e-08 2789301560 1.42e-08 
11365080.0 1 179097684 5.936828e-07 2789301560 
11371700.0 1 179097684 6.076828e-07 3554620561 
11386350.0 1 179097684 6.216828e-07 1156624510 
11407630.0 1 4259593397 2.34860585e-06 1002680420 
11426020.0 1 3921011129 7.909737e-07 3526559023 
11432570.0 0 3059144981 1.44163e-08 2564127097 
11463460.0 0 3373526895 1.602177e-06 1061526795 
11534540.0 0 3241671100 2.791e-08 3983774618 
11539730.0 1 3373526895 1.61679589e-06 73116178 
11671460.0 3 3149440925 2.163452e-08 2013640095 3201932102 1.4e-08 
11689360.0 0 3149440925 2.163452e-08 3201932102 
11694950.0 0 19131048 2.068794e-08 175860597 
11764780.0 1 3921011129 8.052773000000001e-07 875106938 
11811230.0 0 3129006749 2.791e-08 251961497 
11868290.0 2 2341758500 1.780917e-08 3449694611 3527214469 1.4e-08 
11910030.0 1 4259593397 2.36669061e-06 3459374364 
11910260.0 1 2246051850 8.880218e-07 2378434411 
11926710.0 0 4259593397 2.36669e-06 3833074883 
11963150.0 1 179097684 6.4331732e-07 3149440925 
12019000.0 1 373638573 1.000001014 1086559163 
12042940.0 1 179097684 6.573174e-07 3201932102 
12098380.0 1 3373526895 1.63250886e-06 439844059 
12203600.0 2 2024675612 1.975043e-08 134948105 224410298 1.4e-08 
12286850.0 0 1577969976 1.4e-08 651046398 
12288570.0 1 4259593397 2.38644043e-06 2024675612 
12399520.0 1 4259593397 2.4029147299999998e-06 301219709 
12447680.0 1 373638573 1.0000010141440898 1405660995 
12455230.0 1 3373526895 1.646509e-06 2654473721 
12571620.0 0 356405251 2.053794e-08 1462644303 
12575800.0 1 3373526895 1.6670469400000001e-06 356405251 
12621260.0 3 3241671100 1.582545e-08 1292023300 3967778277 1.553853e-08 1759850032 1.553853e-08 
12678210.0 0 6723929 2.412787e-08 4253718737 
12684410.0 0 6723929 2.412787e-08 1194638860 
12685500.0 1 3921011129 8.259652399999999e-07 19131048 
12712580.0 0 179097684 6.573174e-07 251961497 
12754170.0 0 3921011129 8.259653e-07 1061526795 
12778410.0 1 373638573 1.0000012791 2555962951 
12802250.0 0 3373526895 1.667047e-06 1577969976 
12877620.0 0 3921011129 8.259653e-07 224410298 
12911690.0 0 179097684 6.573174e-07 251961497 
12977930.0 1 3373526895 1.681047e-06 1577969976 
13027340.0 1 179097684 6.884045699999999e-07 2842015324 
13044820.0 1 3921011129 8.399653e-07 2564127097 
13055590.0 1 3373526895 1.6950469999999999e-06 1194638860 
13075600.0 3 2341758500 1.780917e-08 1462644303 2704180049 1.4e-08 
13289800.0 1 4259593397 2.41938018e-06 481049431 
13336280.0 1 3373526895 1.7091910900000002e-06 2746930994 
13510110.0 0 2341758500 1.780917e-08 1061526795 
13525640.0 3 2246051850 8.880217000000002e-07 1222799196 287394855 1.4e-08 2670951229 1.424668e-08 2367820772 1.424668e-08 771359632 1.424668e-08 4186562710 1.424668e-08 3211480542 1.424668e-08 346987663 1.424668e-08 1922039940 1.424668e-08 2110688926 1.424668e-08 1314810707 1.424668e-08 2472898255 1.424668e-08 3459912306 1.424668e-08 1598213090 1.424668e-08 1495382923 1.424668e-08 722767024 1.424668e-08 515125813 1.424668e-08 1298902656 1.424668e-08 3532628785 1.424668e-08 826924968 1.424668e-08 3190311976 1.424668e-08 841878026 1.424668e-08 2747938267 1.424668e-08 3177521820 1.424668e-08 3363025910 1.424668e-08 1290268226 1.424668e-08 764400056 1.424668e-08 1517815290 1.424668e-08 66064165 1.424668e-08 2766526296 1.424668e-08 2454553876 1.424668e-08 1923515514 1.424668e-08 
13582100.0 0 3373526895 1.709191e-06 907719639 
13603080.0 0 3921011129 8.399653e-07 405521437 
13605970.0 0 4259593397 2.41938e-06 722767024 
13661440.0 1 4259593397 2.43362668e-06 3459912306 
13744750.0 1 2246051850 9.020218e-07 3180086772 
13747070.0 1 4259593397 2.4478726800000003e-06 3190311976 
13748450.0 2 3241671100 1.736397e-08 1759850032 3339828518 1.4e-08 
13798110.0 1 373638573 1.00000102791 405521437 
13880080.0 1 3373526895 1.72490386e-06 3492274228 
13882070.0 0 1621314342 1.478985e-08 627452446 
13885220.0 0 4259593397 2.447873e-06 66064165 
13897490.0 1 3921011129 8.546158e-07 3869596591 
14075100.0 0 771359632 1.424668e-08 550176535 
14077620.0 3 1019134040 1.4000000000000001e-08 771359632 105819081 1.407834e-08 533433650 1.407834e-08 
14251700.0 3 179097684 6.7457358e-07 1503861029 1601889739 2.087046e-08 381652938 2.087046e-08 
14252460.0 1 179097684 6.9544406e-07 1601889739 
14296160.0 0 2519559028 3.653852e-07 1249238030 
14299000.0 1 179097684 7.1631456e-07 381652938 
14394120.0 0 179097684 7.163145e-07 2341758500 
14406190.0 0 3921011129 8.546158e-07 873214132 
14409090.0 1 2246051850 9.1626848e-07 3363025910 
14456390.0 1 3373526895 1.738904e-06 873214132 
14463450.0 1 3921011129 8.687598899999999e-07 4253718737 
14463550.0 1 4259593397 2.4621196800000003e-06 515125813 
14483540.0 3 331336395 1.4000000000000001e-08 1598213090 96665495 1.407834e-08 1342185090 1.407834e-08 
14485020.0 0 4259593397 2.46212e-06 2670951229 
14529660.0 1 3373526895 1.752904e-06 550176535 
14544130.0 2 1922039940 1.4493360000000002e-08 346987663 149784911 1.4e-08 
14596190.0 1 3921011129 8.832751199999999e-07 1061526795 
14656630.0 1 2246051850 9.3105835e-07 2475979558 
14742640.0 1 3373526895 1.7676938500000002e-06 1621314342 
14783930.0 1 4259593397 2.47636668e-06 2454553876 
14785560.0 3 3967778277 1.553853e-08 651046398 85224627 1.4e-08 
14935320.0 3 3528190190 1.4e-08 1494141940 1965662198 1.4e-08 
15046090.0 2 175860597 1.548331e-08 2747938267 110439229 1.4e-08 
15078170.0 1 373638573 1.000001014 1412415798 
15114960.0 3 3532628785 1.424668e-08 1850435983 1449522982 1.4e-08 
15223900.0 1 3373526895 1.78211834e-06 754560055 
15232120.0 0 3532628785 1.424668e-08 149784911 
15236310.0 1 3921011129 8.972751e-07 257754683 
15258430.0 3 3129006749 2.141069e-08 105819081 3279439195 2.057765e-08 
15327510.0 0 4259593397 2.476366e-06 3528190190 
15348280.0 1 2246051850 9.453050800000001e-07 1290268226 
15349660.0 1 3921011129 9.112751e-07 1449522982 
15407770.0 0 179097684 7.163145e-07 907719639 
15408290.0 1 3921011129 9.252750999999999e-07 3833074883 
15479130.0 0 3921011129 9.252751e-07 3339828518 
15519800.0 1 373638573 1.000001014 287394855 
15578710.0 1 3373526895 1.80333577e-06 3563522875 
15689330.0 0 511603307 2.791e-08 110439229 
15706170.0 1 3373526895 1.817336e-06 2353028958 
15775840.0 3 3967778277 1.553853e-08 110439229 360107933 1.4e-08 
15897340.0 0 3279439195 2.057765e-08 1495382923 
16106780.0 3 251961497 1.399999e-08 2409063466 1657444763 1.693826e-08 58759274 1.693826e-08 
16161050.0 1 3921011129 9.392751e-07 251961497 
16249150.0 1 3373526895 1.83874668e-06 3129006749 
16334810.0 2 4259593397 3.35327348e-06 2246051850 2135013218 1.709938e-08 470332523 1.709938e-08 3217169414 1.709938e-08 3030801476 1.709938e-08 
16412700.0 1 373638573 1.00000101424668 2367820772 
16427090.0 1 3373526895 1.852746e-06 360107933 
16473330.0 2 1495382923 1.439077e-08 3653734512 2208266878 1.4e-08 
16491540.0 1 3373526895 1.866746e-06 149784911 
16546140.0 3 3967778277 1.553853e-08 3339828518 3715668764 1.4e-08 
16587240.0 2 3089865955 2.098076e-08 175860597 3418547556 1.4e-08 
16591860.0 1 3921011129 9.5621336e-07 1657444763 
16603330.0 1 4259593397 3.37037338e-06 3030801476 
16613140.0 0 4259593397 3.370373e-06 764400056 
16651950.0 1 4259593397 3.38747238e-06 2135013218 
16711310.0 1 373638573 1.00000101424668 66064165 
16808680.0 1 4259593397 3.415383e-06 511603307 
16832420.0 3 3006103420 1.5772789999999998e-08 627452446 355298688 1.563721e-08 
16835580.0 3 533433650 1.407834e-08 1965662198 4193709834 1.4e-08 
16842690.0 0 4259593397 3.415383e-06 79461789 
16871610.0 3 3342541004 1.451522e-08 3418547556 584993009 1.4e-08 
16907860.0 1 3921011129 9.7072852e-07 3342541004 
16970200.0 0 3059144981 1.44163e-08 3562383954 
17049590.0 3 3241671100 1.736398e-08 584993009 1499007652 1.4e-08 
17398070.0 0 3373526895 1.866746e-06 58759274 
17398120.0 0 3373526895 1.866746e-06 58759274 
17542730.0 0 3373526895 1.866746e-06 224410298 
17598070.0 0 4259593397 3.415383e-06 1249238030 
17627000.0 1 179097684 7.303145e-07 224410298 
17655150.0 1 3921011129 9.852184999999999e-07 188552836 
17656070.0 0 179097684 7.303145e-07 3967778277 
17661820.0 1 4259593397 3.4296296800000003e-06 1298902656 
17816050.0 0 355298688 1.563721e-08 2589646060 
17824640.0 0 3373526895 1.866746e-06 533433650 
17866070.0 1 373638573 1.00000101553853 3967778277 
17907680.0 0 3921011129 9.852185e-07 3715668764 
17962530.0 1 3373526895 1.880746e-06 2704180049 
18039590.0 3 1923515514 1.424668e-08 3715668764 755060644 1.4e-08 
18183720.0 1 3921011129 1.0057961500000002e-06 3279439195 
18271930.0 0 3373526895 1.880746e-06 3528190190 
18398940.0 1 4259593397 3.443629e-06 3736894086 
18405820.0 0 783121895 2.091e-08 826924968 
18550450.0 1 373638573 1.00000105610415 443746396 
18788530.0 0 4259593397 3.443629e-06 1019134040 
18966250.0 1 3921011129 1.019796e-06 4193709834 
19173230.0 0 3373526895 1.880746e-06 85224627 
19303430.0 1 3373526895 1.9012977300000001e-06 1906851972 
19345780.0 0 4259593397 3.443629e-06 2208266878 
19349230.0 1 3373526895 1.91537634e-06 533433650 
19366980.0 2 783121895 2.283983e-08 1249238030 3270476896 1.4e-08 
19389710.0 1 3373526895 1.9382168299999998e-06 783121895 
19441690.0 3 770580294 2.791e-08 331336395 3934203265 1.4e-08 
19478810.0 1 4259593397 3.4578756800000003e-06 1517815290 
19498840.0 1 373638573 1.00000102791 2046083849 
19644780.0 1 4259593397 3.47202009e-06 3349724438 
19694310.0 0 3373526895 1.938216e-06 3270476896 
19739870.0 0 3373526895 1.938216e-06 3270476896 
19752270.0 1 3921011129 1.03404268e-06 1923515514 
19779360.0 0 770580294 2.791e-08 1314810707 
19882270.0 1 4259593397 3.4862666800000002e-06 2472898255 
19977600.0 1 4259593397 3.8516522e-06 2519559028 
20293280.0 1 4259593397 3.86644185e-06 2649056468 
20440660.0 1 3373526895 1.952216e-06 825415804 
20442950.0 1 3373526895 1.96785321e-06 355298688 
20525750.0 0 1327969783 1.603056e-08 3562383954 
20537600.0 0 3921011129 1.034043e-06 3270476896 
20950540.0 1 4259593397 3.880442e-06 755060644 
21074210.0 0 79461789 1.478985e-08 1499007652 
21132190.0 3 2426951832 1.949745e-08 3270476896 1292024166 1.4e-08 
21257700.0 0 1314810707 1.424668e-08 4240624600 
21330190.0 0 3012889883 3.041498e-08 770580294 
21533500.0 1 373638573 1.000001014 2208266878 
21746240.0 0 3373526895 1.967854e-06 764400056 
21751520.0 1 373638573 1.0000010157727899 3006103420 
21791680.0 0 40245973 2.791e-08 1327969783 
21853340.0 0 2426951832 1.949745e-08 96665495 
22184650.0 1 3373526895 1.98264385e-06 1553963666 
22468380.0 1 3373526895 1.996643e-06 1019134040 
22716730.0 1 373638573 1.000001014 2205180068 
22923640.0 0 4259593397 3.880442e-06 1495382923 
23144960.0 1 3921011129 1.0644579800000002e-06 3012889883 
23327630.0 1 4259593397 3.894442e-06 3527214469 
23424690.0 0 4259593397 3.894442e-06 85224627 
23559170.0 1 373638573 1.00000101424668 2110688926 
23653370.0 1 4259593397 3.90868868e-06 3177521820 
23736090.0 1 3373526895 2.0107213400000004e-06 1342185090 
23793950.0 3 40245973 1.400001e-08 4240624600 1323984060 1.402704e-08 4197927596 1.402704e-08 
23800890.0 3 3528190190 1.4e-08 40245973 1414892502 1.4e-08 
23982600.0 1 373638573 1.00000201709938 3217169414 
24085340.0 1 4259593397 3.9226890000000005e-06 2919643181 
24627160.0 1 373638573 1.00000202412787 6723929 
24897430.0 1 3373526895 2.024722e-06 3607413901 
24978770.0 1 2984600922 3.2204518999999997e-07 1896745001 
25426310.0 1 3373526895 2.03896868e-06 4186562710 
25512910.0 1 3921011129 1.0813962600000001e-06 58759274 
25618590.0 1 3921011129 1.095396e-06 4256642775 
26087470.0 3 3089865955 2.091752e-08 4197927596 3687573659 1.409028e-08 
26139140.0 3 179097684 2.796223499999996e-07 2984600922 3196256300 1.404977e-08 848448836 1.404977e-08 2211003714 1.404977e-08 2916276788 1.404977e-08 3696193412 1.404977e-08 15308464 1.404977e-08 1239307652 1.404977e-08 1945448119 1.404977e-08 3396227953 1.404977e-08 3321237907 1.404977e-08 3187199216 1.404977e-08 3330100144 1.404977e-08 310481256 1.404977e-08 817087088 1.404977e-08 551137729 1.404977e-08 1218250404 1.404977e-08 1035956119 1.404977e-08 1211996162 1.404977e-08 188552836 1.404977e-08 2029773149 1.404977e-08 302486611 1.404977e-08 1842102965 1.404977e-08 1285693762 1.404977e-08 1078741991 1.404977e-08 2723643411 1.404977e-08 1804212609 1.404977e-08 438292632 1.404977e-08 2001290253 1.404977e-08 3147695692 1.404977e-08 3179285865 1.404977e-08 2173231515 1.404977e-08 740082705 1.404977e-08 2795063678 1.404977e-08 3642829293 1.404977e-08 2707128518 1.404977e-08 474866315 1.404977e-08 1639799867 1.404977e-08 1026028388 1.404977e-08 1128056158 1.404977e-08 2909632847 1.404977e-08 937177227 1.404977e-08 3393811039 1.404977e-08 611212867 1.404977e-08 1104410542 1.404977e-08 2328232000 1.404977e-08 2999719241 1.404977e-08 1931993247 1.404977e-08 1494850122 1.404977e-08 3414514926 1.404977e-08 2312786130 1.404977e-08 3537925318 1.404977e-08 1634407402 1.404977e-08 3869596591 1.404977e-08 3375523036 1.404977e-08 772925454 1.404977e-08 
26140000.0 0 3396227953 1.404977e-08 2916276788 
26142830.0 0 3321237907 2.809954e-08 1239307652 
26143770.0 1 551137729 2.809954e-08 1945448119 
26146100.0 1 3373526895 2.05301777e-06 1634407402 
26146590.0 1 179097684 2.9367207e-07 2328232000 
26149180.0 1 179097684 3.0772187e-07 3330100144 
26154190.0 1 3373526895 2.0670677700000003e-06 2999719241 
26166630.0 1 3373526895 2.08111777e-06 937177227 
26203320.0 1 3373526895 2.09516777e-06 817087088 
26217730.0 1 3373526895 2.10921777e-06 3696193412 
26220540.0 0 3642829293 1.404977e-08 3147695692 
26250670.0 1 179097684 3.2177167e-07 2723643411 
26260950.0 0 1128056158 1.404977e-08 2916276788 
26264400.0 0 179097684 3.217716e-07 3537925318 
26271920.0 1 3373526895 2.12326677e-06 3375523036 
26275690.0 0 3373526895 2.123267e-06 1494850122 
26275990.0 1 3373526895 2.13731677e-06 1026028388 
26301470.0 1 3373526895 2.1513667700000002e-06 1494850122 
26307450.0 0 4259593397 3.922689e-06 3687573659 
26322980.0 0 3373526895 2.151367e-06 3528190190 
26340420.0 2 1285693762 1.409954e-08 15308464 2215785330 1.4e-08 
26369690.0 1 3373526895 2.16541677e-06 3179285865 
26377600.0 1 3373526895 2.17946577e-06 3414514926 
26385660.0 1 373638573 1.0000020144163 3059144981 
26386170.0 2 1495382923 1.4417810000000001e-08 1323984060 3491092596 1.4e-08 
26403760.0 1 3373526895 2.19351577e-06 1842102965 
26418040.0 0 179097684 3.217716e-07 2173231515 
26425680.0 1 3373526895 2.20756577e-06 438292632 
26445740.0 1 3373526895 2.2216157700000003e-06 2001290253 
26475510.0 1 3373526895 2.23566477e-06 3393811039 
26554470.0 0 551137729 2.809954e-08 2312786130 
26571760.0 1 3373526895 2.2497147700000002e-06 1218250404 
26583420.0 1 3373526895 2.26376477e-06 772925454 
26617530.0 1 3373526895 2.277765e-06 1292024166 
26683310.0 1 3373526895 2.2918147700000002e-06 740082705 
26795290.0 0 2909632847 1.404977e-08 1639799867 
26840940.0 3 611212867 1.409954e-08 3396227953 57770090 1.4e-08 
26913620.0 1 3373526895 2.30591454e-06 1285693762 
26940500.0 0 3373526895 2.305914e-06 2215785330 
26990630.0 0 179097684 3.217716e-07 3869596591 
27037900.0 0 3373526895 2.305914e-06 1414892502 
27111520.0 2 2426951832 1.954722e-08 1078741991 3071577057 1.4e-08 
27117330.0 2 1931993247 1.409954e-08 1639799867 1452489764 1.4e-08 
27128670.0 1 4259593397 3.93673877e-06 2795063678 
27184420.0 3 551137729 2.358607e-08 474866315 4260098875 1.856324e-08 
27191960.0 1 3373526895 2.33401354e-06 3321237907 
27243150.0 1 3373526895 2.361924e-06 770580294 
27244740.0 1 3373526895 2.37597377e-06 3537925318 
27248520.0 1 3373526895 2.39002277e-06 2707128518 
27301440.0 1 3373526895 2.40412254e-06 1931993247 
27342830.0 1 373638573 1.00000201736398 3241671100 
27510650.0 1 3373526895 2.418123e-06 2215785330 
27543960.0 1 3921011129 1.10947434e-06 96665495 
27552220.0 1 3373526895 2.4321727700000003e-06 848448836 
27607200.0 1 373638573 1.000002014 85224627 
27611380.0 0 3373526895 2.432172e-06 310481256 
27626570.0 1 3921011129 1.12352377e-06 2029773149 
27628320.0 1 3921011129 1.14208724e-06 4260098875 
27633990.0 1 3373526895 2.44622177e-06 3196256300 
27942480.0 1 3373526895 2.4602220000000004e-06 1452489764 
27998840.0 1 3921011129 1.1561367699999998e-06 1211996162 
28001610.0 1 4259593397 3.950738e-06 1499007652 
28006850.0 1 3373526895 2.47427177e-06 3869596591 
28185400.0 0 4259593397 3.950738e-06 3211480542 
28342360.0 1 3921011129 1.170137e-06 57770090 
28409470.0 1 3373526895 2.48832177e-06 2312786130 
28524220.0 1 3373526895 2.5023717700000003e-06 1035956119 
28554290.0 1 373638573 1.00000201502237 2716949832 
28576700.0 1 3921011129 1.184137e-06 3934203265 
29113060.0 1 3921011129 1.20772307e-06 551137729 
29137420.0 0 3921011129 1.207723e-06 3562383954 
29261420.0 1 3921011129 1.22196968e-06 3211480542 
29320890.0 0 3373526895 2.502372e-06 3528190190 
29393820.0 0 3373526895 2.502372e-06 3528190190 
29526210.0 1 3373526895 2.51642177e-06 310481256 
29842180.0 1 3373526895 2.5304210000000003e-06 3528190190 
29848750.0 1 4259593397 3.96515581e-06 1495382923 
30433400.0 1 3373526895 2.5445112799999998e-06 3687573659 
30489770.0 1 3921011129 1.23599704e-06 3562383954 
30504560.0 1 3373526895 2.558512e-06 1414892502 
30576790.0 1 3373526895 2.57256177e-06 188552836 
30625200.0 1 3373526895 2.5866107700000003e-06 1804212609 
30800900.0 1 3373526895 2.60066077e-06 3147695692 
32071160.0 1 4259593397 3.97920577e-06 2916276788 
32204420.0 1 3921011129 1.249997e-06 3071577057 
32386270.0 1 3373526895 2.61471077e-06 2211003714 
32907360.0 3 179097684 3.1576962999999996e-07 1128056158 3696843781 2.005174e-08 
33098980.0 1 3373526895 2.62876077e-06 3187199216 
33836150.0 1 3373526895 2.6488117399999998e-06 3696843781 
34353690.0 1 3373526895 2.66291154e-06 611212867 
34431400.0 1 3373526895 2.67696177e-06 302486611 
34884420.0 1 3373526895 2.69787953e-06 3089865955 
35070380.0 1 3373526895 2.71192877e-06 2173231515 
35615330.0 0 3373526895 2.711929e-06 79461789 
35673040.0 0 4259593397 3.979206e-06 1922039940 
35755890.0 1 4259593397 3.99369936e-06 1922039940 
35829630.0 1 3373526895 2.72617568e-06 3532628785 
36423010.0 0 179097684 3.157697e-07 2426951832 
36722190.0 1 3921011129 1.26404677e-06 2909632847 
36967750.0 0 3373526895 2.726176e-06 2341758500 
36967750.0 1 373638573 1.00000201780917 2341758500 
40740920.0 1 4259593397 4.00774877e-06 3642829293 
41127150.0 1 3373526895 2.7401760000000002e-06 3491092596 
43426550.0 1 373638573 1.0000020279100001 315200650 
44985980.0 1 373638573 1.00000201603056 1327969783 
54259820.0 1 3373526895 2.75422577e-06 1104410542 
55800120.0 1 3373526895 2.76836909e-06 4032129539 
67171150.0 1 373638573 1.000002014 2589646060 
84206280.0 1 373638573 1.0000020142466801 841878026 
