16.98909 1 545239233 3.0701e-07 2308721517 
370.5833 1 1661091397 5.582e-08 780264402 
463.034 1 3150846686 3.0701e-07 3232700421 
470.1737 1 3534547045 3.0701e-07 582973675 
574.7965 1 2235064901 3.0701e-07 4231632140 
718.1875 1 2799798816 3.0701e-07 2466232951 
1668.687 1 3534547045 3.3492e-07 3889879026 
2335.98 0 3257166052 2.791e-08 1584276479 
5802.203 1 1465560917 3.0701e-07 2693713428 
7077.098 1 3150846686 3.3492e-07 1493201942 
7147.987 1 3800257563 3.0701e-07 3709881891 
7875.318 1 2340740170 3.0701e-07 3071234124 
9867.11 1 1465560917 3.3492e-07 2870037616 
10669.56 1 4259593397 3.0701e-07 2046083849 
10876.68 1 1735432893 5.582e-08 925199572 
15740.36 0 2340740170 3.0701e-07 314650893 
16518.03 1 2246051850 3.0701e-07 717226258 
17916.3 1 1222799196 3.0701e-07 3497999925 
21450.62 0 2235064901 3.0701e-07 3150420704 
22190.17 1 3004792470 3.0701e-07 2906924538 
23228.5 1 2870158420 5.582e-08 1156624510 
25730.97 1 2870158420 8.373e-08 790319072 
31937.04 0 1502094437 2.791e-08 3732071459 
32766.17 1 1572835533 3.0701e-07 2718413753 
33530.88 1 2246051850 3.3492e-07 770580294 
34176.96 0 2349140130 2.791e-08 3749853089 
35137.96 1 242414939 5.582e-08 1502094437 
40185.04 1 2984600922 3.0701e-07 2440120768 
40242.71 0 387772665 2.791e-08 632754209 
42134.52 1 2555962951 3.0701e-07 266059373 
44600.87 1 1735432893 8.373e-08 3126241903 
44694.39 0 40245973 2.791e-08 905418128 
50743.43 1 387772665 5.582e-08 2349140130 
56123.29 0 725558489 2.791e-08 2178051842 
57344.81 1 3150846686 3.6283e-07 2178051842 
58812.76 1 4259593397 3.3492e-07 3357643131 
61809.33 0 1206764858 2.791e-08 3704423751 
62608.98 1 1465560917 3.6283e-07 259930472 
63474.28 1 941534069 5.582e-08 3121047530 
74848.86 0 179097684 2.791e-07 3704423751 
79204.36 1 1222799196 3.3492e-07 3774459889 
91281.82 1 1735432893 1.1164e-07 3061883439 
92071.56 1 1068020906 0.0009543279100000001 4274934102 
92904.9 1 1572835533 3.6283e-07 242414939 
92988.09 1 2235064901 3.3492e-07 3084497907 
94746.53 1 2937387076 5.582e-08 3616865126 
94935.07 0 2956861855 2.791e-08 728028737 
102174.9 0 2528553283 2.791e-08 862710978 
102415.4 1 2246051850 3.6283e-07 3241671100 
105756.6 2 387772665 5.582e-08 1661091397 3687573659 1.4e-08 3196256300 2.091e-08 848448836 2.091e-08 
113267.0 0 545239233 3.0701e-07 3326748277 
124822.1 1 2984600922 3.3492e-07 443746396 
125519.6 1 3921011129 3.0701e-07 778035964 
134861.5 1 2246051850 3.9073999999999996e-07 1444500749 
137317.5 1 545239233 3.3492e-07 245436729 
140207.5 0 426576124 2.791e-07 754869367 
140738.9 1 1068020906 0.0009543558100000001 1498734392 
159599.8 0 2835620284 2.791e-08 2779686750 
176639.2 1 1222799196 6.1402e-07 1075699702 
199399.9 1 1434594601 5.582e-08 2487301543 
205098.6 1 3150846686 6.9775e-07 2235064901 
208085.2 1 1068020906 0.00095438371 29350397 
209938.7 0 387772665 5.582e-08 3196256300 
216543.0 1 2799798816 3.6283e-07 1434594601 
243117.3 0 862710978 2.791e-08 4252347608 
247185.9 1 545239233 6.419299999999999e-07 2340740170 
247728.4 0 257754683 2.791e-08 1584276479 
254581.0 0 387772665 5.582e-08 3919821980 
276219.9 1 1465560917 3.9073999999999996e-07 949068759 
291005.4 0 486050091 2.791e-08 3800234335 
333410.6 1 392861532 5.582e-08 265770918 
335859.8 0 725558489 2.791e-08 2859795595 
348110.4 0 3908154577 2.791e-08 3196256300 
348317.2 0 3908154577 2.791e-08 3196256300 
349752.2 1 1068020906 0.00095441161 253808213 
359286.5 0 331336395 2.791e-08 3938221642 
380930.6 0 3150846686 6.9775e-07 3150420704 
387086.7 1 2204676502 0.00028572791 1507417240 
393874.5 0 3534547045 3.3492e-07 3687573659 
398498.9 0 2779686750 2.791e-08 3841896594 
419428.6 1 3150846686 7.256600000000001e-07 1134175585 
432210.8 0 3373526895 2.791e-07 3908154577 
437826.6 2 314650893 2.8483509999999998e-08 1584276479 2211003714 2.733649e-08 
442472.6 3 3908154577 1.4e-08 3424908067 2916276788 2.091e-08 3696193412 2.091e-08 
443236.8 0 2393342300 2.791e-08 2916276788 
470709.8 0 1735432893 1.1164e-07 725558489 
489861.4 0 179097684 2.791e-07 1206764858 
495707.0 0 3004792470 3.0701e-07 405521437 
497335.9 0 3621383820 2.791e-08 858320168 
512948.7 0 941534069 5.582e-08 3841896594 
537471.4 0 4031050948 2.791e-07 129185354 
539074.4 0 1236021306 2.791e-08 405521437 
544593.0 1 1735432893 1.3955e-07 1425083048 
549726.3 0 1465560917 3.9074e-07 384163328 
556388.5 0 3534547045 3.3492e-07 3749853089 
556531.1 1 373638573 1.00000002791 739080713 
563173.1 2 2984600922 3.349200499999998e-07 4259593397 15308464 1.578971e-08 1239307652 1.450592e-08 1945448119 1.450592e-08 3396227953 1.450592e-08 3321237907 1.450592e-08 3187199216 1.450592e-08 3330100144 1.450592e-08 310481256 1.450592e-08 817087088 1.450592e-08 551137729 1.450592e-08 1218250404 1.450592e-08 1035956119 1.450592e-08 1211996162 1.450592e-08 188552836 1.450592e-08 2029773149 1.450592e-08 302486611 1.450592e-08 1842102965 1.450592e-08 1285693762 1.450592e-08 1078741991 1.450592e-08 2723643411 1.450592e-08 1804212609 1.450592e-08 438292632 1.450592e-08 2001290253 1.450592e-08 
570424.8 1 2799798816 3.7733592e-07 438292632 
576709.4 0 2984600922 3.3492e-07 2250879299 
576760.2 2 3534547045 5.903350999999999e-07 3373526895 3147695692 2.36849e-08 
578843.9 1 3534547045 6.140200000000001e-07 3147695692 
596502.5 1 1222799196 6.2852592e-07 1078741991 
601744.8 3 179097684 2.644034e-07 1631081845 3179285865 1.42022e-08 2173231515 1.42022e-08 740082705 1.42022e-08 
607268.5 3 811613008 1.4e-08 2451350669 2795063678 2.091e-08 3642829293 2.091e-08 
615429.9 0 3704423751 2.791e-08 2173231515 
623314.7 3 2038493855 2.689479e-08 3696193412 2707128518 2.192521e-08 
632656.8 1 1735432893 1.6746e-07 2859795595 
634954.2 0 1735432893 1.6746e-07 632754209 
645080.8 2 843517319 3.77729e-08 3382444416 474866315 1.80471e-08 
645879.0 1 179097684 2.923134e-07 1206764858 
648939.6 3 3704423751 2.791e-08 3908154577 1639799867 1.4e-08 
666418.6 1 3150846686 7.4657e-07 3196256300 
666607.5 0 2916276788 2.091e-08 2173231515 
667791.4 0 1465560917 3.9074e-07 2542835646 
671219.4 0 3704423751 2.791e-08 1639799867 
680749.1 3 2779686750 2.791e-08 811613008 1026028388 1.4e-08 
709632.5 1 179097684 3.065156e-07 3179285865 
756953.1 2 15308464 1.6295630000000004e-08 551137729 1128056158 1.4e-08 
772302.8 1 373638573 1.00000002791 1878784256 
816926.5 1 3534547045 6.3594521e-07 2707128518 
822424.3 1 3534547045 6.638552e-07 2393342300 
833951.3 0 387772665 5.582e-08 3150420704 
868524.5 1 3150846686 7.7448e-07 331336395 
926488.1 0 3841896594 2.791e-08 848448836 
927630.9 3 3197676583 2.62735e-08 1593850299 2909632847 1.477325e-08 937177227 1.477325e-08 
933533.1 0 2408568032 2.791e-08 384163328 
940498.4 0 2205180068 2.791e-08 197654791 
941852.7 0 3921011129 3.0701e-07 287801793 
949977.8 0 1465560917 3.9074e-07 1037584679 
960716.7 3 3257166052 1.4000010000000003e-08 2211003714 3393811039 2.062324e-08 611212867 2.062324e-08 
1019328.0 1 373638573 1.00000002791 659524895 
1019544.0 1 3534547045 7.196752e-07 387772665 
1041587.0 0 2246051850 3.9074e-07 310481256 
1072726.0 1 3534547045 7.4656999e-07 2038493855 
1076033.0 0 179097684 3.065156e-07 2173231515 
1079305.0 0 3150846686 7.7448e-07 287801793 
1086247.0 0 1327969783 2.791e-08 3732071459 
1090388.0 3 482917538 1.4e-08 2779686750 1104410542 2.091e-08 2328232000 2.091e-08 
1106568.0 0 3534547045 7.4657e-07 1738899943 
1116462.0 1 373638573 1.00000002791 3933289935 
1121670.0 0 2125112500 2.791e-08 858320168 
1127125.0 1 953296898 4.1909999999999996e-08 482917538 
1149766.0 0 4252347608 2.791e-08 2173231515 
1150132.0 0 3534547045 7.4657e-07 632754209 
1155524.0 3 179097684 3.0372676e-07 3749853089 2999719241 1.534942e-08 1931993247 1.534942e-08 
1158608.0 3 3800234335 1.49213e-08 1731090175 1494850122 2.044935e-08 3414514926 2.044935e-08 
1180762.0 1 179097684 3.1907622e-07 1931993247 
1186227.0 3 3919821980 2.791e-08 1639799867 2312786130 1.4e-08 
1190914.0 0 2919643181 2.791e-08 1842102965 
1204657.0 3 3919821980 1.4000000000000001e-08 3330100144 3537925318 1.420796e-08 1634407402 1.420796e-08 
1219162.0 1 179097684 3.469862e-07 862710978 
1234218.0 1 3534547045 7.6077796e-07 1634407402 
1235169.0 1 179097684 3.611884e-07 2173231515 
1245124.0 0 179097684 3.611884e-07 2999719241 
1247739.0 1 179097684 3.7653782e-07 2999719241 
1249574.0 1 373638573 1.00000002791 1227575429 
1258048.0 3 1222799196 6.2852586e-07 4031050948 3869596591 1.4e-08 3375523036 1.472778e-08 772925454 1.472778e-08 2215785330 1.472778e-08 3491092596 1.472778e-08 57770090 1.472778e-08 3071577057 1.472778e-08 1452489764 1.472778e-08 4260098875 1.472778e-08 3696843781 1.472778e-08 2138100036 1.472778e-08 1726701215 1.472778e-08 1412415798 1.472778e-08 375852842 1.472778e-08 3593732192 1.472778e-08 3888264012 1.472778e-08 313359544 1.472778e-08 217284033 1.472778e-08 2151269300 1.472778e-08 
1286123.0 1 1465560917 4.0546778000000004e-07 375852842 
1296901.0 0 3534547045 7.60778e-07 486050091 
1306433.0 1 373638573 1.00000002791 3736894086 
1327058.0 1 3534547045 7.886880000000001e-07 3116505811 
1340907.0 1 3534547045 8.028959599999999e-07 3537925318 
1343349.0 1 3534547045 8.238059000000001e-07 2795063678 
1347615.0 0 3988949870 2.791e-08 511603307 
1353268.0 0 3988949870 2.791e-08 57770090 
1357666.0 1 373638573 1.00000002791 2768642543 
1377737.0 3 257754683 1.4e-08 1379399837 3913511150 2.091e-08 2962530363 2.091e-08 
1381345.0 0 3428193420 2.791e-08 561528368 
1400707.0 3 740082705 1.42022e-08 2312786130 2063946235 1.4e-08 
1408498.0 1 373638573 1.00000002791 754869367 
1418938.0 0 2542835646 2.791e-08 817087088 
1423580.0 1 740082705 2.82022e-08 2063946235 
1435645.0 1 2519559028 3.0701e-07 838860310 
1441513.0 0 3490627259 2.791e-08 2620740164 
1443792.0 0 486050091 2.791e-08 1026028388 
1474357.0 2 3421887303 3.344617e-08 1494850122 1172086036 1.491318e-08 
1554558.0 1 373638573 1.00000002791 251961497 
1557280.0 1 3534547045 8.517159e-07 2528553283 
1561371.0 1 3004792470 3.2173778e-07 1412415798 
1567507.0 0 1735432893 1.6746e-07 40245973 
1587350.0 0 3150846686 7.7448e-07 2737363250 
1588706.0 3 1738899943 1.4000000000000003e-08 848448836 690117576 1.741e-08 3288380490 1.741e-08 
1604501.0 3 1494141940 1.4e-08 3696843781 845665321 1.431889e-08 3122982648 1.431889e-08 
1605480.0 1 545239233 6.698400000000001e-07 3150420704 
1612062.0 0 3921011129 3.0701e-07 40245973 
1616881.0 0 3114612365 2.791e-08 3321237907 
1617540.0 0 3737780296 2.791e-07 1866926464 
1628467.0 3 2125112500 1.4e-08 611212867 1471982444 1.726662e-08 3303338876 1.726662e-08 
1656327.0 1 3534547045 8.796259e-07 40245973 
1715310.0 0 2937387076 5.582e-08 3841896594 
1802953.0 3 2250879299 1.4e-08 3704423751 2875471576 2.091e-08 1738909006 2.091e-08 
1847286.0 0 3841896594 2.791e-08 632754209 
1851414.0 1 3921011129 3.3492e-07 870323177 
1867548.0 0 953296898 4.191e-08 2263814062 
1930079.0 1 179097684 3.974478e-07 2916276788 
1942143.0 2 3888264012 1.545556e-08 57770090 356405251 1.4e-08 
1953365.0 0 3421887303 3.344617e-08 2406269022 
1979113.0 1 373638573 1.00000002791 3891448235 
1994436.0 1 373638573 1.00000002791 3428193420 
2009418.0 2 3414514926 2.2122049999999997e-08 690117576 2879167783 1.57373e-08 
2042561.0 3 3747246174 1.4268530000000003e-08 3800234335 3083352544 1.428139e-08 4198169764 1.428139e-08 
2058153.0 0 1572835533 3.6283e-07 511603307 
2087036.0 1 3534547045 9.130720700000001e-07 3421887303 
2096845.0 0 3737780296 2.791e-07 2298477853 
2139774.0 0 3303338876 1.726662e-08 4260098875 
2145364.0 3 632754209 1.4000000000000003e-08 2875471576 821115011 1.741e-08 2118016430 1.741e-08 
2153387.0 1 821115011 3.141e-08 632754209 
2177227.0 1 3534547045 9.270721e-07 3687573659 
2197598.0 3 2263814062 2.782249e-08 1471982444 1945735688 1.735413e-08 
2229726.0 0 1019134040 2.791e-08 3775452048 
2240895.0 1 3150846686 8.023900000000001e-07 561528368 
2262940.0 0 2835620284 2.791e-08 2455496064 
2279636.0 0 3921011129 3.3492e-07 1986278615 
2295211.0 0 3114612365 2.791e-08 3621383820 
2312564.0 1 373638573 1.00000002791 300193622 
2314556.0 3 1037584679 1.4e-08 2215785330 4093093422 1.431889e-08 2842015324 1.431889e-08 
2324051.0 0 1465560917 4.054678e-07 636961411 
2330068.0 3 725558489 1.399999e-08 3414514926 1249238030 1.801603e-08 3214077756 1.801603e-08 
2337111.0 2 3642829293 2.492603e-08 3214077756 879162223 1.4e-08 
2365752.0 0 4046076794 2.791e-08 3841896594 
2394475.0 1 3534547045 9.549821e-07 486050091 
2396776.0 0 2545005546 2.791e-08 1503861029 
2418206.0 0 1572835533 3.6283e-07 126484229 
2447655.0 0 1593891639 2.791e-08 211811971 
2459322.0 3 3938221642 1.4e-08 1172086036 3884425642 1.441159e-08 1149406307 1.441159e-08 
2463543.0 3 821115011 2.5887530000000002e-08 725558489 3528332227 1.952247e-08 
2467216.0 3 545239233 6.698399299999999e-07 1465560917 4004407106 1.4e-08 451270221 1.449881e-08 3149440925 1.449881e-08 2250775120 1.449881e-08 1130108289 1.449881e-08 2177968201 1.449881e-08 2914302410 1.449881e-08 3655816389 1.449881e-08 3485819286 1.449881e-08 1382686479 1.449881e-08 1803925302 1.449881e-08 3293059020 1.449881e-08 378125977 1.449881e-08 2159618959 1.449881e-08 2441325815 1.449881e-08 3401497744 1.449881e-08 4069401935 1.449881e-08 134948105 1.449881e-08 1998372786 1.449881e-08 2455922112 1.449881e-08 3059103076 1.449881e-08 432337108 1.449881e-08 1902671923 1.449881e-08 4209590891 1.449881e-08 77395223 1.449881e-08 3592986772 1.449881e-08 1246511018 1.449881e-08 3986570268 1.449881e-08 
2467242.0 0 1246511018 1.449881e-08 3293059020 
2470090.0 1 545239233 6.843388099999999e-07 2177968201 
2473870.0 2 3534547045 9.549821e-07 314650893 174500547 1.4e-08 4083845756 1.448351e-08 
2487100.0 1 3534547045 9.6946561e-07 4083845756 
2535214.0 3 1986278615 1.4e-08 211811971 110358663 2.091e-08 1370908750 2.091e-08 
2553453.0 1 1572835533 3.7732881e-07 1803925302 
2562165.0 1 545239233 6.983388e-07 4004407106 
2579179.0 3 598947138 1.4000010000000001e-08 451270221 1837234470 1.42044e-08 2945849429 1.42044e-08 
2601915.0 3 3775452048 1.4e-08 2737363250 66296937 2.091e-08 976558236 2.091e-08 
2614727.0 1 3534547045 9.834656e-07 174500547 
2643979.0 0 545239233 6.983388e-07 2328232000 
2648708.0 1 3921011129 3.506573e-07 2879167783 
2659358.0 1 373638573 1.00000002791 3833318790 
2762355.0 3 2074240873 1.4e-08 810769555 2438291630 2.091e-08 906368509 2.091e-08 
2771300.0 2 3393811039 2.291887e-08 15308464 3783228500 1.4e-08 
2773311.0 1 1572835533 4.052388e-07 343742982 
2778652.0 1 179097684 4.114478e-07 3938221642 
2779052.0 0 2438291630 2.091e-08 2074240873 
2786018.0 3 4263717482 2.2959960000000002e-08 817087088 2858952728 1.945596e-08 
2812139.0 2 3150846686 9.967933e-07 2984600922 395113485 1.405167e-08 4019363830 1.405167e-08 3016084464 1.405167e-08 921818415 1.405167e-08 2892683898 1.405167e-08 3697249003 1.405167e-08 3983774618 1.405167e-08 4187488967 1.405167e-08 898751805 1.405167e-08 3632514288 1.405167e-08 
2818874.0 0 3983774618 1.405167e-08 3016084464 
2825755.0 1 373638573 1.00000001450592 3187199216 
2826095.0 2 1945735688 1.7852940000000002e-08 432337108 410848061 1.4e-08 
2830996.0 0 1130108289 1.449881e-08 3122982648 
2837530.0 0 545239233 6.983388e-07 3775452048 
2863180.0 2 2438291630 2.096167e-08 898751805 2791633391 1.4e-08 
2879011.0 0 1035492323 2.791e-08 197654791 
2881063.0 2 976558236 2.782e-08 110358663 630280293 1.4e-08 
2893649.0 0 1249238030 1.801603e-08 630280293 
2894382.0 2 3534547045 9.939820499999998e-07 2835620284 4212779140 1.739355e-08 
2916661.0 0 905418128 2.791e-08 2250775120 
2921723.0 0 2409063466 2.791e-08 4263717482 
2926185.0 3 3150846686 9.967931399999996e-07 545239233 3459374364 3.663207e-08 2125331604 1.407887e-08 3113062634 1.407887e-08 847040419 1.407887e-08 4240624600 1.407887e-08 1565786989 1.407887e-08 2286860921 1.407887e-08 3707879645 1.407887e-08 2746930994 1.407887e-08 4075596975 1.407887e-08 4283280385 1.407887e-08 538453177 1.407887e-08 3121292019 1.407887e-08 3349724438 1.407887e-08 4253718737 1.407887e-08 3297362622 1.407887e-08 1751902433 1.407887e-08 2878871175 1.407887e-08 3083717413 1.407887e-08 220564665 1.407887e-08 3653734512 1.407887e-08 3815024321 1.407887e-08 1428265047 1.407887e-08 3604532305 1.407887e-08 1869365069 1.407887e-08 965372172 1.407887e-08 607396504 1.407887e-08 2533881277 1.407887e-08 472358284 1.407887e-08 1950077488 1.407887e-08 1820499179 1.407887e-08 4055959668 1.407887e-08 528880979 1.407887e-08 3778036871 1.407887e-08 1405660995 1.407887e-08 3662110242 1.407887e-08 2247026945 1.407887e-08 4032129539 1.407887e-08 4035587434 1.407887e-08 3111692719 1.407887e-08 1398579088 1.407887e-08 2501379955 1.407887e-08 3332562587 1.407887e-08 3562383954 1.407887e-08 2521380987 1.407887e-08 4119421155 1.407887e-08 1913762779 1.407887e-08 3678948817 1.407887e-08 
2926185.0 1 3459374364 5.0710940000000004e-08 3678948817 
2926185.0 1 3459374364 6.47898e-08 2125331604 
2933000.0 1 3150846686 1.01087217e-06 4075596975 
2933973.0 1 3150846686 1.02495087e-06 2521380987 
2936350.0 1 3150846686 1.03902987e-06 2286860921 
2939414.0 3 1019134040 1.4000000000000001e-08 1804212609 2489195127 1.420796e-08 3929228125 1.420796e-08 
2941082.0 1 3150846686 1.05310887e-06 3083717413 
2942191.0 0 847040419 1.407887e-08 3983774618 
2946262.0 0 3498415124 2.791e-08 410848061 
2953362.0 1 3150846686 1.06718787e-06 4055959668 
2956040.0 3 3016084464 1.405167e-08 3257166052 3160344427 1.4e-08 
2963624.0 0 1123501568 2.791e-08 2791633391 
2970273.0 1 3150846686 1.08126687e-06 3297362622 
2973828.0 0 3150846686 1.081266e-06 1869365069 
2976479.0 2 3113062634 1.413054e-08 2892683898 3182159117 1.4e-08 
2977587.0 3 4046076794 1.4000010000000003e-08 1249238030 766581564 1.596301e-08 3702894340 1.596301e-08 
2993709.0 1 1068020906 0.0009544395100000001 1415695418 
2994344.0 1 3534547045 1.00839369e-06 3884425642 
2997868.0 0 976558236 2.782e-08 3528332227 
3004905.0 1 373638573 1.00000002791 3384709749 
3012414.0 0 4093093422 1.431889e-08 220564665 
3015183.0 0 2159618959 1.449881e-08 1130108289 
3016007.0 1 3150846686 1.09534487e-06 2746930994 
3033006.0 0 3150846686 1.095345e-06 356405251 
3033259.0 0 3059103076 1.449881e-08 3775452048 
3037567.0 2 2159618959 1.455048e-08 3632514288 3532745758 1.4e-08 
3046253.0 1 3150846686 1.1094238700000001e-06 4240624600 
3046666.0 0 3150846686 1.109424e-06 3349724438 
3055864.0 0 2620740164 2.791e-08 197654791 
3062097.0 1 373638573 1.00000002791 102901530 
3063366.0 0 3150846686 1.109424e-06 3332562587 
3076022.0 1 3534547045 1.029304e-06 1738909006 
3086021.0 0 941534069 5.582e-08 2328232000 
3086688.0 2 3555679070 2.7988869999999998e-08 847040419 1072840122 1.4e-08 
3104287.0 1 3534547045 1.05712649e-06 2263814062 
3107904.0 1 3534547045 1.0853282e-06 740082705 
3119115.0 0 3288380490 1.741e-08 4212779140 
3121178.0 0 134948105 1.449881e-08 4035587434 
3121941.0 0 845665321 1.431889e-08 4253718737 
3122434.0 1 373638573 1.00000002791 636961411 
3126227.0 0 1149406307 1.441159e-08 2791633391 
3127896.0 0 1735432893 1.6746e-07 2118016430 
3158158.0 2 3913511150 2.1408810000000002e-08 77395223 3294683754 1.4e-08 
3166931.0 1 3534547045 1.099328e-06 2791633391 
3195783.0 0 2799798816 3.773359e-07 1239307652 
3204369.0 1 1735432893 1.8153887e-07 3121292019 
3209400.0 0 1945735688 1.785294e-08 2125112500 
3227068.0 0 2870158420 8.373e-08 1902671923 
3231571.0 1 179097684 4.2572919e-07 4198169764 
3241030.0 3 2328232000 2.091e-08 3160344427 1676003954 1.4e-08 
3254261.0 0 3150846686 1.109424e-06 2842015324 
3283173.0 0 1458432161 2.791e-08 3707189490 
3284134.0 1 3150846686 1.12350287e-06 3815024321 
3284708.0 3 3004792470 2.2294670000000001e-07 287801793 4285585893 1.40779e-08 2674988631 1.40779e-08 406745133 1.40779e-08 2883513480 1.40779e-08 783121895 1.40779e-08 2683944377 1.40779e-08 2961226102 1.40779e-08 301219709 1.40779e-08 1743198400 1.40779e-08 
3286969.0 3 953296898 1.4000010000000003e-08 3707879645 3059144981 2.099443e-08 3952655669 2.099443e-08 
3288286.0 0 2246051850 3.9074e-07 1327969783 
3304097.0 0 3737780296 2.791e-07 2674988631 
3306413.0 1 3150846686 1.13758187e-06 1869365069 
3321867.0 3 2118016430 1.741e-08 410848061 2848685905 1.4e-08 
3343509.0 3 4122240121 1.5393480000000002e-08 2328232000 1826422368 1.671326e-08 896813269 1.671326e-08 
3364283.0 3 3293059020 1.449881e-08 3182159117 37051273 1.4e-08 
3376066.0 0 3655816389 1.449881e-08 845665321 
3377069.0 0 1123501568 2.791e-08 607396504 
3377836.0 0 1370908750 2.091e-08 1738899943 
3395299.0 0 3534547045 1.099328e-06 3747246174 
3401916.0 0 1735432893 1.815389e-07 2914302410 
3403918.0 3 37051273 1.4e-08 3532745758 1867247157 1.4e-08 
3415126.0 0 3293059020 1.449881e-08 965372172 
3418455.0 0 179097684 4.257292e-07 1149406307 
3428710.0 0 3534547045 1.099328e-06 1738899943 
3432989.0 0 4212779140 1.739355e-08 313359544 
3434578.0 1 373638573 1.000000014 1738899943 
3437759.0 0 1481166135 2.791e-08 1902671923 
3443369.0 3 4035587434 1.407887e-08 1986278615 3633199892 1.4e-08 
3452696.0 3 3642829293 2.492603e-08 630280293 1736323711 1.4e-08 
3460143.0 2 1382686479 1.455048e-08 3016084464 283080478 1.4e-08 
3463984.0 1 3534547045 1.113328e-06 1736323711 
3475699.0 0 2932274237 2.791e-08 3401497744 
3495632.0 0 197654791 2.791e-08 2159618959 
3499718.0 1 373638573 1.0000000140779 2683944377 
3505805.0 0 821115011 2.588753e-08 3919821980 
3506590.0 0 134948105 1.449881e-08 3929228125 
3544866.0 1 3534547045 1.127328e-06 1026028388 
3550312.0 1 373638573 1.0000000140779 301219709 
3553095.0 0 3326748277 2.791e-08 4187488967 
3553369.0 0 3020817656 2.791e-08 1149406307 
3553558.0 1 373638573 1.00000101450592 1945448119 
3561110.0 0 3697249003 1.405167e-08 283080478 
3566571.0 1 3534547045 1.141328e-06 2848685905 
3567852.0 1 3534547045 1.15540687e-06 4035587434 
3572953.0 2 3150846686 1.13758201e-06 3459374364 785216844 1.4e-08 3006103420 1.692993e-08 2898323513 1.692993e-08 1199222225 1.692993e-08 
3575168.0 3 3004792470 2.0611795e-07 1199222225 3755198008 1.687934e-08 2795041644 1.687934e-08 
3577728.0 1 3150846686 1.15451193e-06 3006103420 
3578238.0 1 3150846686 1.168512e-06 785216844 
3579401.0 0 1735432893 1.815389e-07 3592986772 
3580918.0 0 3913511150 2.140881e-08 879162223 
3587394.0 2 313359544 1.5278260000000003e-08 1382686479 3492274228 1.4e-08 
3589804.0 3 1735432893 1.7762533e-07 3642829293 1420914473 1.44198e-08 439844059 1.44198e-08 
3597882.0 1 373638573 1.00000102791 869234806 
3609054.0 0 2945849429 1.42044e-08 3783228500 
3624504.0 3 941534069 5.152356e-08 1826422368 3802520055 2.10097e-08 
3626758.0 2 1222799196 6.2852593e-07 2246051850 3012889883 1.493389e-08 3363823620 1.445408e-08 1086559163 1.445408e-08 3063534263 1.445408e-08 2013640095 1.445408e-08 1461359102 1.445408e-08 2027098952 1.445408e-08 4167430602 1.445408e-08 4096225443 1.445408e-08 781549661 1.445408e-08 907719639 1.445408e-08 1906851972 1.445408e-08 2597880038 1.445408e-08 1896745001 1.445408e-08 2378434411 1.445408e-08 1837088337 1.445408e-08 1543523724 1.445408e-08 1761715697 1.445408e-08 3099973400 1.445408e-08 2789348510 1.445408e-08 1371202285 1.445408e-08 629078091 1.445408e-08 754560055 1.445408e-08 1737134642 1.445408e-08 37613351 1.445408e-08 3434666020 1.445408e-08 2369258877 1.445408e-08 
3628939.0 3 1321648343 1.400001e-08 2909632847 3563522875 1.434162e-08 249728555 1.434162e-08 
3634692.0 3 1123501568 1.399999e-08 3059144981 4285226245 1.745222e-08 2707460946 1.745222e-08 
3658484.0 1 3534547045 1.17228634e-06 2795041644 
3664348.0 1 3921011129 3.650771e-07 439844059 
3672834.0 0 3150846686 1.168512e-06 220564665 
3682080.0 1 1735432893 1.9204510000000002e-07 1420914473 
3695608.0 0 1735432893 1.920451e-07 538453177 
3706335.0 0 1461359102 1.445408e-08 1072840122 
3706980.0 2 1820499179 1.415677e-08 406745133 2606325002 1.4e-08 
3711045.0 1 373638573 1.00000102791 129185354 
3722752.0 0 1222799196 6.285259e-07 3929228125 
3728829.0 0 1461359102 1.445408e-08 1128056158 
3760282.0 3 2406269022 1.4000010000000001e-08 3059103076 1541925803 1.42044e-08 2024675612 1.42044e-08 
3765483.0 3 821115011 2.463548e-08 3083352544 1292023300 1.553344e-08 
3765533.0 1 3534547045 1.200197e-06 4252347608 
3780059.0 3 3707189490 1.3999999999999996e-08 2858952728 3302973195 1.668298e-08 875106938 1.668298e-08 
3784990.0 0 3929228125 1.420796e-08 1405660995 
3790808.0 2 2438291630 2.1460480000000002e-08 1902671923 3314075649 1.4e-08 
3820612.0 2 2707460946 1.753012e-08 783121895 2589646060 1.4e-08 
3822926.0 0 3952655669 2.099443e-08 1945735688 
3826969.0 0 66296937 2.091e-08 1913762779 
3827232.0 1 3113062634 2.820941e-08 4032129539 
3827574.0 0 179097684 4.257292e-07 2024675612 
3828132.0 2 906368509 2.0988870000000002e-08 3778036871 3433591204 1.4e-08 
3845007.0 0 921818415 1.405167e-08 3919821980 
3853233.0 3 3983774618 1.405167e-08 2250879299 1848242772 1.4e-08 
3862281.0 1 373638573 1.0000010140778999 2961226102 
3884846.0 2 4285226245 1.7951030000000003e-08 4209590891 250719570 1.4e-08 
3892332.0 3 2870158420 7.369011e-08 3528332227 2681498831 1.478118e-08 481808867 1.478118e-08 
3896328.0 2 1735432893 1.9210415999999998e-07 3293059020 2066612683 1.443975e-08 
3907664.0 0 4253718737 1.407887e-08 3783228500 
3917306.0 2 179097684 4.2754798e-07 3020817656 3458484829 2.609122e-08 
3917532.0 0 4069401935 1.449881e-08 2606325002 
3921500.0 0 220564665 1.407887e-08 1751902433 
3959138.0 0 2151269300 1.472778e-08 921818415 
3972885.0 1 3534547045 1.2143537600000002e-06 1820499179 
3978642.0 2 3288380490 1.7614399999999997e-08 2024675612 2719204682 1.4e-08 
3990966.0 0 1572835533 4.052388e-07 607396504 
4000335.0 1 373638573 1.00000101450592 1211996162 
4010185.0 1 3150846686 1.18519498e-06 3302973195 
4011449.0 2 1370908750 2.1408810000000002e-08 1130108289 4256642775 1.4e-08 
4022879.0 1 1370908750 3.5408809999999995e-08 4256642775 
4027000.0 3 3490627259 2.791e-08 2406269022 2449448537 1.4e-08 
4044244.0 0 179097684 4.27548e-07 3458484829 
4045221.0 1 3921011129 5.571812e-07 1735432893 
4045503.0 3 3490627259 2.4659089999999998e-08 4046076794 463844675 1.725091e-08 
4046835.0 3 2932274237 1.4e-08 1761715697 3167902617 1.418204e-08 579073438 1.418204e-08 
4050213.0 0 179097684 4.27548e-07 3458484829 
4056246.0 0 1222799196 6.285259e-07 4167430602 
4056276.0 0 3621383820 2.791e-08 2883513480 
4064573.0 0 2919643181 2.791e-08 2932274237 
4068179.0 0 1572835533 4.052388e-07 4283280385 
4089887.0 0 3921011129 5.571812e-07 283080478 
4090047.0 0 1292023300 1.553344e-08 3747246174 
4092430.0 0 1572835533 4.052388e-07 858320168 
4106844.0 0 2151269300 1.472778e-08 1751902433 
4113910.0 2 3952655669 2.1493240000000003e-08 2455922112 3468130899 1.4e-08 
4115592.0 1 179097684 4.5363922e-07 3458484829 
4120478.0 0 3349724438 1.407887e-08 250719570 
4127231.0 1 3150846686 1.20272511e-06 2707460946 
4132168.0 1 373638573 1.0000010154555599 3888264012 
4138594.0 1 3150846686 1.2171790799999999e-06 2013640095 
4139620.0 1 179097684 4.6805078999999997e-07 1149406307 
4142699.0 1 373638573 1.0000010140778999 1743198400 
4145255.0 1 3150846686 1.2525878100000001e-06 1370908750 
4153637.0 3 3732071459 2.634318e-08 3755198008 393090083 1.844616e-08 
4163964.0 1 1222799196 6.8004946e-07 941534069 
4170616.0 1 3150846686 1.2735976999999999e-06 3802520055 
4179097.0 0 905418128 2.791e-08 1516068388 
4179566.0 3 4212779140 1.739355e-08 1037584679 2343849308 1.4e-08 
4180805.0 1 1572835533 4.2216872999999997e-07 2898323513 
4217251.0 1 3150846686 1.287598e-06 2449448537 
4226626.0 1 3150846686 1.3021039199999998e-06 3321237907 
4238120.0 2 249728555 1.442049e-08 1913762779 1055469694 1.4e-08 
4250137.0 0 2151269300 1.472778e-08 1837234470 
4318766.0 3 384163328 2.2284850000000003e-08 3149440925 627452446 2.012396e-08 
4336943.0 1 3150846686 1.316103e-06 3314075649 
4340815.0 0 4285226245 1.795102e-08 3485819286 
4341997.0 1 3921011129 5.7168001e-07 3485819286 
4365729.0 0 4019363830 1.405167e-08 283080478 
4377500.0 0 1737134642 1.445408e-08 395113485 
4377895.0 1 3534547045 1.22963126e-06 313359544 
4379911.0 1 3534547045 1.243632e-06 2719204682 
4391372.0 1 3534547045 1.2714520000000002e-06 976558236 
4402985.0 3 197654791 1.4e-08 754560055 2014426858 1.418204e-08 2716949832 1.418204e-08 
4404031.0 0 3004792470 2.06118e-07 37613351 
4422590.0 3 3653734512 1.407887e-08 1494141940 552634658 1.4e-08 
4439479.0 0 3004792470 2.06118e-07 879162223 
4456622.0 0 1434498202 2.791e-08 3841896594 
4462522.0 3 179097684 4.6669743e-07 37613351 3736523900 1.580745e-08 
4470497.0 1 1572835533 4.362466e-07 2883513480 
4478409.0 1 179097684 4.825048500000001e-07 3736523900 
4490761.0 0 3150846686 1.316103e-06 607396504 
4493516.0 0 3004792470 2.06118e-07 1246511018 
4522880.0 1 373638573 1.00000101472778 2138100036 
4523898.0 0 1572835533 4.362466e-07 393090083 
4537950.0 0 2937387076 5.582e-08 896813269 
4574283.0 1 3534547045 1.28553087e-06 1428265047 
4578829.0 0 1726701215 1.472778e-08 283080478 
4580353.0 0 906368509 2.098887e-08 1848242772 
4610725.0 1 373638573 1.00000101472778 772925454 
4621993.0 0 3401497744 1.449881e-08 2247026945 
4628233.0 2 3986570268 1.499762e-08 378125977 2213923665 1.4e-08 
4631047.0 3 1481166135 1.399999e-08 766581564 1503202005 1.493651e-08 3202152185 1.493651e-08 
4634786.0 0 3150846686 1.316103e-06 3653734512 
4638002.0 0 3604532305 1.407887e-08 3633199892 
4638872.0 0 481808867 1.478118e-08 1019134040 
4656164.0 1 1572835533 4.502466e-07 1481166135 
4660714.0 3 1541946641 1.4e-08 905418128 2622395779 2.091e-08 3607413901 2.091e-08 
4676659.0 1 3150846686 1.33060892e-06 1035956119 
4677665.0 1 3737780296 2.9355408e-07 2369258877 
4678444.0 0 3150846686 1.330609e-06 3592986772 
4681110.0 3 3662110242 1.407887e-08 1072840122 649593533 1.4e-08 
4681894.0 0 2441325815 1.449881e-08 249728555 
4684355.0 0 4187488967 1.405167e-08 1848242772 
4691092.0 0 3921011129 5.7168e-07 4263717482 
4701705.0 1 179097684 4.965049e-07 2606325002 
4703331.0 3 310481256 1.450592e-08 1055469694 66987975 1.4e-08 
4721315.0 1 3534547045 1.29953e-06 2589646060 
4724397.0 0 179097684 4.965049e-07 3747246174 
4726062.0 3 3953846011 1.4000010000000001e-08 2250775120 483021244 1.42044e-08 3707800333 1.42044e-08 
4736448.0 0 2441325815 1.449881e-08 2213923665 
4749447.0 3 220564665 1.407887e-08 3919821980 3528190190 1.4e-08 
4754371.0 0 2870158420 7.369012e-08 1327969783 
4779928.0 2 3607413901 2.287301e-08 3702894340 2185291493 1.4e-08 
4781012.0 1 220564665 2.807887e-08 3528190190 
4787792.0 1 3921011129 5.857588700000001e-07 3653734512 
4789810.0 2 3279231079 2.796167e-08 3983774618 550176535 1.4e-08 
4798778.0 0 1998372786 1.449881e-08 395113485 
4803676.0 0 627452446 2.012396e-08 1239307652 
4806055.0 0 1104410542 2.091e-08 3604532305 
4810966.0 1 179097684 5.107093e-07 1541925803 
4831074.0 0 3655816389 1.449881e-08 1086559163 
4834704.0 0 3921011129 5.857589e-07 3202152185 
4838910.0 1 1086559163 2.845408e-08 250719570 
4868291.0 0 3004792470 2.06118e-07 1503202005 
4868452.0 3 3732071459 2.634317e-08 550176535 1674415855 1.4e-08 
4869846.0 3 1292023300 1.553344e-08 1541946641 4287239676 1.4e-08 
4882944.0 2 3607413901 2.332709e-08 2789348510 3884987045 1.4e-08 
4883120.0 2 821115011 2.514139e-08 1239307652 1960974751 1.4e-08 
4893275.0 1 3921011129 5.997588999999999e-07 2213923665 
4900931.0 1 373638573 1.00000102791 2919643181 
4901330.0 3 2878871175 1.407887e-08 3707189490 309459595 1.4e-08 
4911808.0 3 3150846686 1.3306088799999996e-06 1572835533 2348040613 1.581892e-08 3180086772 1.40138e-08 3833074883 1.40138e-08 1462644303 1.40138e-08 4088625113 1.40138e-08 1237914369 1.40138e-08 2733144751 1.40138e-08 1649557018 1.40138e-08 1831065885 1.40138e-08 79461789 1.40138e-08 1621314342 1.40138e-08 2016090987 1.40138e-08 1553963666 1.40138e-08 1002680420 1.40138e-08 734120091 1.40138e-08 2475979558 1.40138e-08 2649056468 1.40138e-08 3381587904 1.40138e-08 175860597 1.40138e-08 1089013536 1.40138e-08 552498239 1.40138e-08 481049431 1.40138e-08 2950407739 1.40138e-08 72955594 1.40138e-08 1771264541 1.40138e-08 2353028958 1.40138e-08 2980075456 1.40138e-08 3449694611 1.40138e-08 1194638860 1.40138e-08 114837353 1.40138e-08 2341758500 1.40138e-08 651046398 1.40138e-08 
4936241.0 1 3534547045 1.31353e-06 1960974751 
4950395.0 0 2408568032 2.791e-08 2878871175 
4950670.0 1 3150846686 1.3446228000000001e-06 3381587904 
4957227.0 0 3697249003 1.405167e-08 3633199892 
4959292.0 0 3534547045 1.31353e-06 1371202285 
4961672.0 0 875106938 1.668298e-08 2878871175 
4973261.0 1 3150846686 1.3586368e-06 2353028958 
4977085.0 2 3396227953 1.458479e-08 3562383954 2780384598 1.4e-08 
4980159.0 3 1086559163 2.278275e-08 481049431 1061526795 1.968513e-08 
4990761.0 3 2455496064 1.4000010000000001e-08 3122982648 3342541004 1.411444e-08 1577969976 1.411444e-08 
4991769.0 1 3150846686 1.3726508e-06 2475979558 
5010473.0 0 3150846686 1.372651e-06 1621314342 
5015879.0 1 3150846686 1.3866648e-06 72955594 
5020335.0 1 1222799196 6.947772800000001e-07 1726701215 
5021027.0 0 3004792470 2.06118e-07 1461359102 
5034345.0 3 3113062634 1.3999999999999998e-08 2533881277 695939830 1.414414e-08 229435916 1.414414e-08 
5067147.0 1 373638573 1.000001014 1128056158 
5070094.0 1 3534547045 1.3311444e-06 3288380490 
5085998.0 2 3150846686 1.386665e-06 2870158420 1850435983 1.4e-08 19131048 1.492253e-08 2426951832 1.492253e-08 3089865955 1.492253e-08 3526559023 1.492253e-08 
5096098.0 0 472358284 1.407887e-08 552498239 
5098826.0 3 3004792470 2.0576614e-07 1123501568 73116178 1.435186e-08 
5110701.0 0 821115011 2.514139e-08 3592986772 
5115043.0 0 3921011129 5.997589e-07 481808867 
5130060.0 0 3534547045 1.331145e-06 2118016430 
5146043.0 0 1553963666 1.40138e-08 1848242772 
5148852.0 1 3534547045 1.345145e-06 2185291493 
5150006.0 0 3279231079 2.796167e-08 688805295 
5152390.0 1 3150846686 1.40678896e-06 627452446 
5170587.0 0 4285226245 1.795102e-08 2723643411 
5177498.0 0 3150846686 1.406789e-06 875106938 
5180268.0 1 3150846686 1.4208028e-06 1649557018 
5182192.0 1 3534547045 1.373055e-06 1434498202 
5188321.0 1 3150846686 1.434802e-06 2074240873 
5189769.0 0 220564665 2.807887e-08 310481256 
5196847.0 1 3150846686 1.4488158000000001e-06 4088625113 
5240208.0 0 3349724438 1.407887e-08 651046398 
5256992.0 0 4096225443 1.445408e-08 483021244 
5257015.0 1 3004792470 2.197661e-07 3113062634 
5270148.0 2 1104410542 2.126186e-08 73116178 2654473721 1.4e-08 
5271541.0 0 3150846686 1.448816e-06 2348040613 
5274436.0 0 2723643411 1.450592e-08 4283280385 
5274712.0 1 3150846686 1.46373853e-06 19131048 
5281550.0 0 3534547045 1.373055e-06 3592986772 
5285022.0 0 2409063466 2.791e-08 3434666020 
5286096.0 2 2066612683 1.445355e-08 1002680420 2564127097 1.4e-08 
5286456.0 2 4167430602 1.446788e-08 1771264541 3554620561 1.4e-08 
5286524.0 2 4019363830 1.406547e-08 2980075456 2789301560 1.4e-08 
5287433.0 0 310481256 1.450592e-08 2378434411 
5292621.0 0 217284033 1.472778e-08 4096225443 
5294801.0 0 1543523724 1.445408e-08 2945849429 
5297998.0 1 3534547045 1.38755381e-06 3592986772 
5303901.0 1 3921011129 6.276689000000001e-07 3988949870 
5324516.0 3 4019363830 1.406547e-08 37051273 3201932102 1.4e-08 
5336613.0 0 2937387076 5.582e-08 1674415855 
5339550.0 0 3707800333 1.42044e-08 2932274237 
5347644.0 1 472358284 2.807887e-08 1676003954 
5349318.0 1 3921011129 6.430623799999999e-07 4122240121 
5359743.0 0 879162223 1.4e-08 953296898 
5366483.0 3 3555679070 1.4000010000000003e-08 3621383820 3527214469 2.094943e-08 224410298 2.094943e-08 
5368517.0 1 3150846686 1.4778169000000002e-06 4285585893 
5374279.0 2 3563522875 1.435542e-08 734120091 3967778277 1.4e-08 
5414083.0 0 821115011 2.514139e-08 3884987045 
5416089.0 0 229435916 1.414414e-08 695939830 
5419880.0 1 373638573 1.00000102791 1035492323 
5433274.0 0 220564665 2.807887e-08 1104410542 
5436712.0 3 651046398 1.40138e-08 2780384598 1759850032 1.4e-08 
5439808.0 3 3732071459 2.634317e-08 257754683 2704180049 1.4e-08 
5454587.0 1 3150846686 1.49750213e-06 1061526795 
5457058.0 1 3534547045 1.40901448e-06 2438291630 
5473835.0 0 2348040613 1.581892e-08 2704180049 
5476758.0 0 3967778277 1.4e-08 1848242772 
5481705.0 3 1998372786 1.449881e-08 1674415855 287394855 1.4e-08 
5490119.0 0 463844675 1.725091e-08 3180086772 
5493884.0 0 3921011129 6.430624e-07 3555679070 
5494222.0 0 2723643411 1.450592e-08 3201932102 
5499585.0 3 1553963666 1.40138e-08 2654473721 2670951229 1.4e-08 
5509710.0 1 3534547045 1.423014e-06 3967778277 
5511617.0 1 373638573 1.00000102791 4061687915 
5520355.0 0 66296937 2.091e-08 1218250404 
5523365.0 3 472358284 2.116344e-08 3492274228 2367820772 2.091543e-08 
5523934.0 0 2426951832 1.492253e-08 175860597 
5529312.0 3 3180086772 1.40138e-08 1850435983 771359632 1.4e-08 
5534448.0 0 2622395779 2.091e-08 3783228500 
5545004.0 2 1327969783 2.7988869999999998e-08 3111692719 4186562710 1.4e-08 
5546290.0 0 2367820772 2.091543e-08 2649056468 
5549379.0 0 3150846686 1.497502e-06 2950407739 
5556027.0 1 3921011129 6.5714127e-07 538453177 
5563313.0 0 3563522875 1.435542e-08 2670951229 
5567973.0 0 2962530363 2.091e-08 4253718737 
5574473.0 1 3150846686 1.51866544e-06 472358284 
5581389.0 3 2878871175 1.407887e-08 3554620561 3211480542 1.4e-08 
5583619.0 0 3921011129 6.571413e-07 2501379955 
5586759.0 2 3913511150 2.142261e-08 1194638860 346987663 1.4e-08 
5591143.0 0 1104410542 2.126186e-08 598947138 
5600248.0 0 4167430602 1.446788e-08 4186562710 
5604458.0 1 3921011129 6.7992405e-07 1086559163 
5611760.0 0 3150846686 1.518665e-06 1945735688 
5616873.0 0 2723643411 1.450592e-08 3401497744 
5674274.0 1 3921011129 6.944744799999999e-07 2159618959 
5712963.0 3 224410298 2.094943e-08 2564127097 1922039940 1.4e-08 
5732567.0 0 3150846686 1.518665e-06 1462644303 
5743252.0 0 3952655669 2.149324e-08 552498239 
5757782.0 0 463844675 1.725091e-08 481808867 
5762160.0 0 3279231079 2.796167e-08 1553963666 
5768965.0 1 3921011129 7.084745e-07 598947138 
5778515.0 2 224410298 2.140351e-08 2378434411 2110688926 1.4e-08 
5786972.0 1 3534547045 1.4372184e-06 1837234470 
5819731.0 0 66296937 2.091e-08 287394855 
5821441.0 1 4253718737 2.807887e-08 1759850032 
5827207.0 0 2649056468 1.40138e-08 3211480542 
5828035.0 1 3921011129 7.363845e-07 3114612365 
5837989.0 2 3732071459 2.6386290000000002e-08 965372172 1314810707 1.403575e-08 
5850957.0 1 3150846686 1.5326788000000001e-06 79461789 
5852274.0 0 2480932170 2.791e-08 629078091 
5856971.0 0 3732071459 2.638629e-08 287394855 
5864902.0 0 4285226245 1.795102e-08 2914302410 
5866663.0 1 1222799196 7.226873000000001e-07 2408568032 
5898763.0 2 2367820772 2.136951e-08 1906851972 2472898255 1.4e-08 
5899973.0 1 2367820772 3.536951e-08 2472898255 
5908751.0 0 4285226245 1.795102e-08 463844675 
5917998.0 0 224410298 2.140351e-08 3468130899 
5923488.0 1 373638573 1.00000102791 3736601249 
5951220.0 1 3921011129 7.503845e-07 2670951229 
5974682.0 1 875106938 3.071873e-08 1314810707 
5980580.0 0 2716949832 1.418204e-08 3342541004 
5985544.0 0 3326748277 2.791e-08 629078091 
6001150.0 2 224410298 2.141731e-08 2733144751 3459912306 1.4e-08 
6004092.0 3 4253718737 1.400001e-08 3201932102 1598213090 1.403943e-08 1495382923 1.403943e-08 
6022011.0 0 3526559023 1.492253e-08 4019363830 
6035152.0 2 2441325815 1.495289e-08 1461359102 722767024 1.4e-08 
6038487.0 0 3459912306 1.4e-08 3775452048 
6064237.0 3 1327969783 1.4000010000000003e-08 217284033 515125813 1.435832e-08 1298902656 1.435832e-08 
6066510.0 3 695939830 1.414414e-08 3633199892 3532628785 1.4e-08 
6077504.0 0 2681498831 1.478118e-08 3401497744 
6089890.0 0 3150846686 1.532679e-06 1848242772 
6097699.0 2 1503202005 1.566429e-08 3593732192 826924968 1.4e-08 
6106012.0 3 695939830 1.414414e-08 1922039940 3190311976 1.4e-08 
6108120.0 0 3089865955 1.492253e-08 3655816389 
6117609.0 0 907719639 1.445408e-08 845665321 
6117781.0 1 3921011129 7.643845e-07 309459595 
6137658.0 1 3433591204 2.8e-08 1327969783 
6146774.0 0 3526559023 1.492253e-08 2789301560 
6155073.0 0 3921011129 7.643845e-07 2681498831 
6156981.0 3 2704180049 1.4e-08 3775452048 841878026 1.4e-08 
6159305.0 0 2029773149 1.450592e-08 1950077488 
6160034.0 1 373638573 1.00000102791 3037779432 
6165405.0 1 3921011129 7.951032300000001e-07 875106938 
6176946.0 0 1945735688 1.785294e-08 4212779140 
6202544.0 3 1292023300 1.553344e-08 3532628785 2747938267 1.4e-08 
6210305.0 2 1298902656 1.437212e-08 1831065885 3177521820 1.4e-08 
6215295.0 1 3150846686 1.546679e-06 552634658 
6221095.0 0 3534547045 1.437219e-06 4285226245 
6240452.0 3 220564665 2.648239e-08 841878026 3363025910 1.559648e-08 
6240789.0 0 4212779140 1.739355e-08 771359632 
6241578.0 1 3534547045 1.46370139e-06 220564665 
6242686.0 1 3150846686 1.7664451e-06 3004792470 
6256856.0 0 3921011129 7.951032e-07 3349724438 
6259537.0 2 3490627259 2.473796e-08 2878871175 1290268226 1.4e-08 
6282884.0 3 4260098875 1.472778e-08 4253718737 764400056 1.4e-08 
6291858.0 3 1462644303 1.40138e-08 3177521820 1517815290 1.4e-08 
6295194.0 3 1950077488 1.407887e-08 346987663 66064165 1.4e-08 
6313956.0 2 2426951832 1.5001399999999998e-08 3604532305 2766526296 1.4e-08 
6373317.0 1 179097684 5.2476097e-07 3697249003 
6391023.0 2 2716949832 1.426091e-08 607396504 2454553876 1.4e-08 
6409986.0 2 3986570268 1.550353e-08 302486611 1923515514 1.4e-08 
6410336.0 1 3921011129 8.160132e-07 2962530363 
6432509.0 0 3921011129 8.160132e-07 3490627259 
6435001.0 1 3921011129 8.3051201e-07 1998372786 
6448307.0 3 66987975 1.4e-08 1867247157 3339828518 1.4e-08 
6449760.0 0 3363025910 1.559648e-08 4260098875 
6475612.0 0 3534547045 1.463701e-06 4285226245 
6489842.0 1 1222799196 7.3719322e-07 2029773149 
6517688.0 3 873214132 2.791e-08 1848242772 105819081 1.4e-08 
6526596.0 0 3150846686 1.766445e-06 2343849308 
6596692.0 1 3921011129 8.445908700000001e-07 1751902433 
6620800.0 2 3071577057 1.480665e-08 1398579088 533433650 1.4e-08 
6621765.0 0 2151269300 1.472778e-08 764400056 
6623475.0 1 3921011129 8.585908999999999e-07 4287239676 
6638973.0 1 3534547045 1.477701e-06 2789301560 
6644842.0 3 3433591204 2.745969e-08 3555679070 1601889739 1.454031e-08 
6645965.0 0 896813269 1.671326e-08 1462644303 
6647327.0 3 3339828518 1.4e-08 66064165 381652938 1.4e-08 
6663709.0 0 3332562587 1.407887e-08 1598213090 
6669991.0 3 3563522875 1.435542e-08 1923515514 96665495 1.4e-08 
6670560.0 1 3563522875 2.835542e-08 96665495 
6677922.0 0 481808867 1.478118e-08 2501379955 
6687517.0 0 3332562587 1.407887e-08 1565786989 
6731222.0 0 2480932170 2.791e-08 3732071459 
6752383.0 3 873214132 1.4e-08 3063534263 1342185090 1.418204e-08 149784911 1.418204e-08 
6774576.0 2 3986570268 1.5517340000000002e-08 2341758500 85224627 1.4e-08 
6778160.0 0 3921011129 8.585909e-07 1089013536 
6781440.0 0 2489195127 1.420796e-08 4019363830 
6789312.0 0 2066612683 1.445355e-08 879162223 
6795779.0 0 3150846686 1.766445e-06 3012889883 
6835951.0 0 781549661 1.445408e-08 2489195127 
6848961.0 0 3433591204 2.745969e-08 953296898 
6865962.0 2 66296937 2.1117959999999998e-08 2489195127 1965662198 1.4e-08 
6874438.0 0 3534547045 1.477701e-06 4285226245 
6884327.0 3 3190311976 1.4e-08 2455496064 110439229 1.4e-08 
6888020.0 0 3534547045 1.477701e-06 3607413901 
6893056.0 1 373638573 1.00000101450592 1218250404 
6915693.0 3 3607413901 1.3999990000000003e-08 66296937 1449522982 1.522253e-08 3279439195 1.522253e-08 
6919550.0 2 4212779140 1.7459019999999997e-08 4019363830 360107933 1.4e-08 
6959265.0 0 1950077488 1.407887e-08 381652938 
6992082.0 1 3921011129 8.727350400000001e-07 695939830 
7014583.0 0 1342185090 1.418204e-08 3662110242 
7020490.0 0 528880979 1.407887e-08 110439229 
7024360.0 1 3150846686 1.7804588e-06 1553963666 
7046972.0 0 2298477853 2.791e-08 1790255658 
7062084.0 1 3534547045 1.49177987e-06 1950077488 
7069919.0 0 1790255658 2.791e-08 2945849429 
7071864.0 0 3737780296 2.935541e-07 356405251 
7092465.0 1 3211480542 2.8e-08 3468130899 
7112653.0 2 4260098875 1.480665e-08 3349724438 1657444763 1.4e-08 
7132885.0 1 3921011129 8.86735e-07 66987975 
7133315.0 0 1222799196 7.371932e-07 249728555 
7197066.0 2 3732071459 2.6465159999999997e-08 3332562587 58759274 1.4e-08 
7218531.0 1 3534547045 1.50578e-06 1517815290 
7227425.0 1 3534547045 1.53051796e-06 3490627259 
7245603.0 3 4285226245 1.795102e-08 764400056 2135013218 1.4e-08 
7319648.0 0 3952655669 2.149324e-08 2622395779 
7323573.0 1 3534547045 1.54483689e-06 2842015324 
7349452.0 0 3986570268 1.551733e-08 2066612683 
7357003.0 0 3952655669 2.149324e-08 4186562710 
7359776.0 0 3534547045 1.544837e-06 3363025910 
7360980.0 1 3921011129 9.00735e-07 1290268226 
7362806.0 1 3534547045 1.558837e-06 2135013218 
7364384.0 1 1222799196 7.930132e-07 2937387076 
7367514.0 0 3211480542 2.8e-08 3459912306 
7368723.0 3 3433591204 2.3225869999999997e-08 552498239 470332523 1.824762e-08 
7368852.0 0 310481256 1.450592e-08 3662110242 
7403553.0 2 4212779140 1.7913100000000002e-08 1896745001 3217169414 1.4e-08 
7411336.0 3 3217169414 1.4e-08 953296898 3030801476 1.4e-08 
7411937.0 1 3030801476 2.8e-08 3217169414 
7422263.0 0 3921011129 9.00735e-07 4093093422 
7440912.0 1 3150846686 1.8083690000000001e-06 1516068388 
7448261.0 0 3150846686 1.808369e-06 3952655669 
7478182.0 1 373638573 1.00000102791 4188445920 
7516127.0 0 179097684 5.247609e-07 4093093422 
7574456.0 0 3563522875 2.835542e-08 333964007 
7584729.0 0 3913511150 2.14226e-08 2118016430 
7605492.0 0 3534547045 1.558837e-06 4212779140 
7616731.0 2 3202152185 1.5255400000000002e-08 4093093422 2208266878 1.4e-08 
7670811.0 3 821115011 2.514139e-08 2208266878 3715668764 1.4e-08 
7695683.0 0 3534547045 1.558837e-06 3180086772 
7712357.0 3 858320168 1.4000010000000001e-08 845665321 3418547556 1.411444e-08 355298688 1.411444e-08 
7736864.0 3 3202152185 1.52554e-08 2343849308 4193709834 1.4e-08 
7767862.0 0 3150846686 1.808369e-06 3607413901 
7777996.0 0 1601889739 1.454031e-08 781549661 
7781657.0 1 3921011129 9.186481e-07 4212779140 
7794760.0 2 481808867 1.523526e-08 1543523724 584993009 1.4e-08 
7798159.0 2 3393811039 2.291888e-08 4193709834 1499007652 1.4e-08 
7807598.0 1 3534547045 1.572837e-06 584993009 
7822095.0 0 2622395779 2.091e-08 85224627 
7827041.0 3 3363025910 1.559648e-08 3884987045 755060644 1.4e-08 
7874319.0 1 3921011129 9.338706299999999e-07 3279439195 
7887843.0 1 3534547045 1.58761818e-06 2681498831 
7904652.0 3 2649056468 1.40138e-08 1499007652 3270476896 1.4e-08 
7916200.0 3 2016090987 1.40138e-08 110439229 3934203265 1.4e-08 
7918561.0 2 4260098875 1.501104e-08 3707800333 1292024166 1.4e-08 
7924579.0 2 470332523 1.828705e-08 1598213090 1323984060 1.4e-08 
7940775.0 1 3150846686 1.8228749199999998e-06 310481256 
7941398.0 2 2066612683 1.456799e-08 1577969976 4197927596 1.4e-08 
7961185.0 3 3270476896 1.4e-08 1965662198 1414892502 1.4e-08 
7983144.0 1 179097684 5.4035738e-07 3363025910 
7984019.0 2 2723643411 1.4687960000000001e-08 579073438 4201342597 1.4e-08 
7995500.0 1 2723643411 2.868796e-08 4201342597 
7997325.0 1 373638573 1.0000010144540799 3434666020 
8002312.0 0 1222799196 7.930132e-07 149784911 
8003429.0 2 2426951832 1.504083e-08 1495382923 2391696826 1.4e-08 
8013117.0 3 3279231079 2.126332e-08 2914302410 4138371369 2.119716e-08 
8013816.0 0 3030801476 2.8e-08 360107933 
8021547.0 0 3527214469 2.094943e-08 1503202005 
8073392.0 3 2649056468 1.40138e-08 755060644 3590332688 1.4e-08 
8090799.0 1 373638573 1.00000101472778 3375523036 
8094303.0 3 3498415124 1.399999e-08 224410298 1745749016 1.766366e-08 2711965517 1.766366e-08 
8125250.0 0 3393811039 2.291888e-08 1745749016 
8128533.0 3 3211480542 1.4e-08 3607413901 2933223072 1.4e-08 1987038079 1.4e-08 
8146033.0 3 4138371369 2.119716e-08 2933223072 3797386594 1.4e-08 
8155217.0 1 3150846686 1.84934016e-06 3732071459 
8191897.0 1 3150846686 1.86339167e-06 4187488967 
8208734.0 1 1068020906 0.00095446751 1503861029 
8227863.0 3 821115011 1.4145949999999997e-08 3279231079 1280619132 1.612938e-08 4105879141 1.612938e-08 
8255959.0 3 3913511150 2.14226e-08 3294683754 3088551619 1.4e-08 
8268938.0 0 2348040613 1.581892e-08 175860597 
8269148.0 1 3534547045 1.601618e-06 3088551619 
8270531.0 1 3150846686 1.87795999e-06 2066612683 
8271142.0 3 3396227953 1.458479e-08 3190311976 3443287411 1.4e-08 
8321942.0 1 3150846686 1.89196e-06 649593533 
8360606.0 1 3737780296 3.0763297e-07 528880979 
8379128.0 0 3534547045 1.601618e-06 781549661 
8393862.0 3 3986570268 1.526907e-08 2501379955 3981989558 1.432713e-08 
8398619.0 1 3921011129 9.478707e-07 360107933 
8451376.0 0 3534547045 1.601618e-06 4260098875 
8455183.0 1 3534547045 1.615618e-06 3498415124 
8476653.0 3 3396227953 1.458479e-08 2125112500 1165174376 1.4e-08 
8481033.0 0 481808867 1.523526e-08 2649056468 
8491908.0 0 3921011129 9.478707e-07 4260098875 
8531840.0 3 2016090987 1.40138e-08 85224627 3467386575 1.4e-08 
8535834.0 0 3150846686 1.89196e-06 58759274 
8563904.0 1 3534547045 1.6299451299999999e-06 3981989558 
8573211.0 2 3433591204 2.535525e-08 1280619132 4263904522 1.4e-08 
8575040.0 2 3393811039 2.418795e-08 3986570268 4267941538 1.4e-08 
8583984.0 1 179097684 5.5481148e-07 781549661 
8595374.0 2 1292023300 1.567939e-08 821115011 3372193553 1.4e-08 
8616383.0 3 2711965517 1.766366e-08 197654791 3681452412 1.4e-08 
8623513.0 1 3534547045 1.6441494000000001e-06 483021244 
8655499.0 3 6723929 2.791e-08 873214132 2604064924 1.4e-08 
8675448.0 0 1292023300 1.56794e-08 3372193553 
8686337.0 0 4260098875 1.501105e-08 3797386594 
8690261.0 1 3534547045 1.65822787e-06 4283280385 
8724848.0 1 3534547045 1.672228e-06 4267941538 
8734230.0 3 4119421155 1.407887e-08 2704180049 3458662533 1.4e-08 
8736323.0 0 2747938267 1.4e-08 722767024 
8743211.0 0 3534547045 1.672228e-06 4260098875 
8743283.0 1 3534547045 1.68723905e-06 4260098875 
8756661.0 1 3921011129 9.6936394e-07 3952655669 
8764971.0 1 3534547045 1.701239e-06 1987038079 
8781414.0 2 3534547045 1.715239e-06 3030801476 762210064 1.4e-08 
8816422.0 1 3921011129 9.9355185e-07 3393811039 
8835790.0 0 1449522982 1.522253e-08 1414892502 
8835803.0 1 3921011129 1.00775976e-06 3929228125 
8866026.0 0 3921011129 1.00776e-06 1089013536 
8890608.0 0 3150846686 1.89196e-06 3443287411 
8921882.0 1 179097684 5.6908003e-07 3747246174 
8923487.0 1 3534547045 1.7156930799999998e-06 3363823620 
8952645.0 0 3433591204 2.535525e-08 762210064 
9023695.0 1 3921011129 1.02176e-06 3681452412 
9029776.0 0 188552836 1.450592e-08 2014426858 
9039119.0 3 3270476896 1.4e-08 58759274 570164134 1.4e-08 
9042546.0 0 1089013536 1.40138e-08 1019134040 
9080082.0 3 2247026945 1.407887e-08 1292024166 2418772576 1.4e-08 
9086398.0 0 3921011129 1.02176e-06 762210064 
9086781.0 0 3534547045 1.715693e-06 6723929 
9100650.0 0 3534547045 1.715693e-06 3396227953 
9111622.0 3 1657444763 1.4e-08 826924968 2105330617 1.4e-08 
9115654.0 0 3534547045 1.715693e-06 3270476896 
9127068.0 0 481808867 1.523526e-08 3211480542 
9133867.0 1 3150846686 1.90596e-06 3443287411 
9138873.0 2 2649056468 1.40276e-08 1089013536 964813250 1.4e-08 
9188078.0 1 3534547045 1.729693e-06 964813250 
9200022.0 3 2014426858 1.418204e-08 2391696826 2039170765 1.4e-08 
9214178.0 0 3534547045 1.729693e-06 4105879141 
9237138.0 3 3270476896 1.4e-08 3459912306 4278040469 1.4e-08 
9258408.0 1 3737780296 3.216329e-07 1657444763 
9290852.0 3 896813269 1.671326e-08 570164134 241690685 1.4e-08 
9291450.0 0 3534547045 1.729693e-06 3797386594 
9300874.0 0 2622395779 2.091e-08 3180086772 
9359698.0 1 3150846686 1.94132951e-06 2367820772 
9389140.0 0 4285226245 1.795102e-08 4278040469 
9409199.0 1 3150846686 1.9553290000000003e-06 241690685 
9477929.0 0 1621314342 1.40138e-08 105819081 
9494679.0 2 2426951832 1.5301740000000003e-08 2716949832 1703904600 1.4e-08 
9507820.0 1 3534547045 1.7453723999999999e-06 1292023300 
9511744.0 0 3534547045 1.745373e-06 1414892502 
9522590.0 3 4105879141 1.612938e-08 533433650 3814978291 1.4e-08 
9590784.0 0 906368509 2.098887e-08 2016090987 
9595891.0 0 1945735688 1.785294e-08 1165174376 
9605571.0 1 3150846686 1.983239e-06 2911053862 
9685735.0 1 179097684 5.8308e-07 4278040469 
9701876.0 0 1503202005 1.566428e-08 1703904600 
9782048.0 1 3921011129 1.03669389e-06 3012889883 
9803646.0 1 3921011129 1.050694e-06 4263904522 
9807421.0 0 3534547045 1.745373e-06 906368509 
9812950.0 1 1222799196 8.209232e-07 1458665800 
9883214.0 0 4138371369 2.119716e-08 1703904600 
9902965.0 3 3913511150 2.14226e-08 3814978291 118566979 1.4e-08 
9913792.0 0 3534547045 1.745373e-06 3270476896 
9914693.0 0 3433591204 2.535525e-08 3869596591 
9918676.0 1 3534547045 1.759373e-06 3270476896 
9930879.0 0 3921011129 1.050694e-06 3396227953 
9964674.0 0 3534547045 1.759373e-06 118566979 
9968820.0 1 3534547045 1.773373e-06 1165174376 
9978290.0 1 3534547045 1.787373e-06 3590332688 
10070250.0 0 481808867 1.523526e-08 2039170765 
10073170.0 1 3150846686 1.99742104e-06 3167902617 
10143560.0 3 1462644303 1.40138e-08 283080478 894269343 1.4e-08 
10151910.0 3 2597880038 1.445408e-08 3458662533 932943525 1.4e-08 
10153290.0 0 3534547045 1.787373e-06 2110688926 
10153490.0 0 3534547045 1.787373e-06 4119421155 
10164450.0 1 3534547045 1.8019577899999998e-06 3396227953 
10183940.0 0 2519559028 3.0701e-07 937177227 
10215870.0 0 4263717482 2.295996e-08 4096225443 
10254210.0 1 3534547045 1.82315516e-06 4138371369 
10267520.0 1 373638573 1.0000010148066398 3071577057 
10276070.0 0 175860597 1.40138e-08 2110688926 
10304650.0 0 2519559028 3.0701e-07 2409063466 
10307040.0 1 3534547045 1.837155e-06 762210064 
10311380.0 0 3433591204 2.535525e-08 2766526296 
10316670.0 1 3921011129 1.064694e-06 105819081 
10330410.0 0 3921011129 1.064694e-06 1414892502 
10338480.0 2 1462644303 1.40276e-08 3449694611 250347941 1.4e-08 
10375620.0 1 373638573 1.00000101418204 1342185090 
10463670.0 3 2027098952 1.445408e-08 118566979 2292589682 1.4e-08 
10485240.0 1 373638573 1.0000013773359 2799798816 
10519560.0 0 2622395779 2.091e-08 249728555 
10527680.0 0 688805295 2.791e-08 858320168 
10533800.0 1 3150846686 2.01187508e-06 1837088337 
10550400.0 3 333964007 2.791e-08 3869596591 3971437066 1.4e-08 
10570900.0 0 3534547045 1.837155e-06 3715668764 
10608110.0 1 3921011129 1.078694e-06 3715668764 
10622350.0 1 3534547045 1.851155e-06 3211480542 
10708650.0 3 2409063466 1.55886e-08 4263717482 2810179169 1.764068e-08 1803012522 1.764068e-08 
10715720.0 0 3150846686 2.011875e-06 2348040613 
10749070.0 1 3534547045 1.865155e-06 3372193553 
10805800.0 0 1405660995 1.407887e-08 1565786989 
10812830.0 0 2426951832 1.530174e-08 4197927596 
10845370.0 3 4119421155 1.407887e-08 2292589682 3940915008 1.4e-08 
10867980.0 1 3921011129 1.092694e-06 3797386594 
10874390.0 3 393090083 1.844616e-08 1703904600 3593659676 1.4e-08 
10909080.0 1 3150846686 2.0258750000000003e-06 2105330617 
10910020.0 1 3921011129 1.106694e-06 1323984060 
10930060.0 2 3202152185 1.543744e-08 2014426858 2744143284 1.4e-08 
11023450.0 0 3526559023 1.492253e-08 3934203265 
11030320.0 0 3921011129 1.106694e-06 2027098952 
11061480.0 0 3534547045 1.865155e-06 932943525 
11087710.0 1 179097684 5.9715887e-07 4119421155 
11152860.0 0 3150846686 2.025875e-06 3527214469 
11222030.0 1 373638573 1.00000101405167 395113485 
11257500.0 1 3150846686 2.04682443e-06 3527214469 
11387650.0 3 3326748277 2.791e-08 2744143284 2002691604 1.4e-08 
11415960.0 0 2247026945 1.407887e-08 1414892502 
11474830.0 0 1298902656 1.437212e-08 2418772576 
11484470.0 0 333964007 2.791e-08 2151269300 
11489780.0 3 1298902656 1.437212e-08 3971437066 3223248356 1.4e-08 
11604040.0 3 4105879141 1.612938e-08 2418772576 101557930 1.4e-08 
11669820.0 0 2649056468 1.402759e-08 2747938267 
11757070.0 1 3150846686 2.06353826e-06 896813269 
11760470.0 3 2597880038 1.445408e-08 101557930 678688578 1.4e-08 
11803910.0 0 3534547045 1.865155e-06 3913511150 
11878720.0 0 3150846686 2.063538e-06 470332523 
11943840.0 0 3534547045 1.865155e-06 2604064924 
11984800.0 0 3150846686 2.063538e-06 3418547556 
11986450.0 2 3737780296 3.2916539e-07 3197676583 2222966094 1.874101e-08 
12048360.0 3 3823443426 2.791e-08 678688578 1301910447 1.4e-08 
12049540.0 1 373638573 1.000001014 1414892502 
12077100.0 1 3150846686 2.07897544e-06 3202152185 
12114260.0 1 3921011129 1.120694e-06 3339828518 
12116160.0 1 3534547045 1.88097392e-06 2348040613 
12228340.0 1 179097684 6.156050599999999e-07 393090083 
12306760.0 2 4105879141 1.658346e-08 2027098952 2919535035 1.4e-08 
12315590.0 0 3921011129 1.120694e-06 906368509 
12499790.0 1 3150846686 2.092975e-06 381652938 
12520520.0 1 373638573 1.00000101492253 3089865955 
12530220.0 1 373638573 1.00000102791 2545005546 
12538010.0 0 4167430602 1.446788e-08 355298688 
12540670.0 2 1285693762 1.458479e-08 2247026945 2855048822 1.4e-08 
12628340.0 1 373638573 1.0000010140137998 1237914369 
12630560.0 1 3921011129 1.1372774599999999e-06 4105879141 
12673440.0 3 2409063466 1.55886e-08 932943525 682911345 1.4e-08 
12710480.0 2 1745749016 1.925226e-08 2409063466 238807518 1.4e-08 
12771100.0 3 2597880038 1.445408e-08 2919535035 1840937626 1.4e-08 
12864140.0 2 2649056468 1.404139e-08 2950407739 1734007597 1.4e-08 
12867530.0 1 3150846686 2.11061568e-06 1803012522 
12895020.0 0 2441325815 1.495289e-08 515125813 
12988600.0 3 688805295 1.4000010000000001e-08 134948105 4088691616 1.42044e-08 2087527840 1.42044e-08 
13009500.0 3 1462644303 1.402759e-08 3593659676 2065940037 1.4e-08 
13056530.0 1 3534547045 1.894974e-06 2766526296 
13066860.0 1 373638573 1.0000010144540799 907719639 
13175390.0 3 2298477853 1.4e-08 1452489764 2751602400 1.431889e-08 552380491 1.431889e-08 
13177620.0 1 373638573 1.00000101450592 188552836 
13182070.0 0 333964007 2.791e-08 2597880038 
13182280.0 1 3921011129 1.1512769999999999e-06 722767024 
13200380.0 1 3150846686 2.1246160000000004e-06 682911345 
13218330.0 1 3534547045 1.908974e-06 238807518 
13371900.0 1 3921011129 1.165277e-06 2002691604 
13569420.0 2 1222799196 1.0692303e-06 3737780296 253656606 1.617166e-08 1254429415 1.617166e-08 481400394 1.617166e-08 2584856907 1.617166e-08 3284371529 1.617166e-08 
13576250.0 1 1222799196 1.0854016600000001e-06 1254429415 
13582640.0 1 3921011129 1.1793286700000001e-06 921818415 
13623990.0 1 3534547045 1.92301539e-06 2649056468 
13644160.0 2 2584856907 1.6185460000000003e-08 175860597 871205577 1.4e-08 
13665270.0 1 3534547045 1.950925e-06 333964007 
13673220.0 1 373638573 1.00000101472778 3491092596 
13709710.0 1 179097684 6.296050999999999e-07 3940915008 
13710310.0 1 3150846686 2.138616e-06 3934203265 
13786960.0 0 179097684 6.296051e-07 906368509 
13834470.0 3 3467386575 1.4e-08 2298477853 2655011401 1.4e-08 
13885300.0 1 179097684 6.5059397e-07 906368509 
13897800.0 0 179097684 6.505939e-07 287394855 
13917650.0 2 4285226245 1.890391e-08 2441325815 4156410056 1.4e-08 
13933430.0 0 1601889739 1.454031e-08 2655011401 
13942130.0 0 4285226245 1.890391e-08 4197927596 
14026010.0 0 3534547045 1.950925e-06 3913511150 
14055910.0 1 3534547045 1.9687779399999997e-06 1945735688 
14239340.0 1 3534547045 1.982778e-06 1734007597 
14352100.0 1 3921011129 1.193329e-06 2065940037 
14365020.0 1 3921011129 1.207329e-06 1840937626 
14449310.0 1 373638573 1.000001014 2604064924 
14483130.0 0 1222799196 1.085402e-06 1285693762 
14672090.0 3 2519559028 3.0602351e-07 481400394 249938527 1.715815e-08 
14718510.0 0 2810179169 1.764068e-08 1298902656 
14798500.0 0 1222799196 1.085402e-06 1593891639 
14824260.0 1 3921011129 1.2326842500000001e-06 3433591204 
15078880.0 3 1449522982 1.522253e-08 4197927596 843598278 1.4e-08 
15093130.0 1 3921011129 1.246684e-06 1321648343 
15223790.0 1 3150846686 2.1665260000000002e-06 3326748277 
15427390.0 1 373638573 1.00000101407887 1565786989 
15460240.0 1 3534547045 1.9967780000000003e-06 287394855 
15465700.0 0 1104410542 2.126186e-08 1737134642 
15483940.0 1 1222799196 1.1133120000000001e-06 1593891639 
15570620.0 3 1298902656 1.437212e-08 894269343 2197427154 1.4e-08 
15630650.0 0 470332523 1.828705e-08 3783228500 
15783940.0 3 651046398 1.40138e-08 858320168 3690557900 1.4e-08 
15788360.0 0 651046398 1.40138e-08 3690557900 
16157390.0 1 373638573 1.000001014 2655011401 
16329350.0 3 2810179169 1.6593959999999997e-08 515125813 3824375258 1.540504e-08 
16552900.0 1 1222799196 1.1275164e-06 4088691616 
16605160.0 1 3150846686 2.1807304e-06 2087527840 
16654830.0 0 179097684 6.505939e-07 3690557900 
16780820.0 1 3150846686 2.19732397e-06 2810179169 
16930240.0 0 3150846686 2.197324e-06 2118016430 
17397850.0 1 179097684 6.6589564e-07 2426951832 
17610070.0 0 1222799196 1.127516e-06 4285226245 
17722070.0 1 3534547045 2.010778e-06 3690557900 
17782320.0 3 3284371529 1.617166e-08 4156410056 769315986 1.4e-08 
17832820.0 3 3284371529 1.617166e-08 2039170765 1856937876 1.4e-08 
17908640.0 1 3150846686 2.2113378e-06 3180086772 
17953320.0 1 3534547045 2.02618304e-06 3824375258 
17962510.0 1 2519559028 3.2476450999999995e-07 2222966094 
18058790.0 0 2622395779 2.091e-08 229435916 
18196840.0 3 1462644303 1.402759e-08 3783228500 354497373 1.4e-08 
18212870.0 1 3534547045 2.04235466e-06 253656606 
18273310.0 0 3150846686 2.211338e-06 1301910447 
18712650.0 1 3921011129 1.260684e-06 1301910447 
18936120.0 1 373638573 1.00000101715815 249938527 
18943940.0 0 3150846686 2.211338e-06 2584856907 
19042660.0 1 1222799196 1.14163044e-06 355298688 
19254550.0 1 3534547045 2.05686092e-06 2001290253 
19272680.0 0 2118016430 1.741e-08 2855048822 
19357000.0 0 179097684 6.658957e-07 1745749016 
19383480.0 1 3921011129 1.28194586e-06 1104410542 
19444360.0 1 3150846686 2.2253380000000003e-06 2110688926 
19504760.0 1 373638573 1.00000101828705 470332523 
19620460.0 1 3534547045 2.0708610000000003e-06 2855048822 
19734750.0 3 651046398 1.40138e-08 1856937876 1230311851 1.4e-08 
19743480.0 1 651046398 2.8013799999999998e-08 1230311851 
19798910.0 1 373638573 1.000001014 2197427154 
20150230.0 0 3534547045 2.070861e-06 481808867 
20156090.0 1 3534547045 2.088271e-06 2118016430 
20165980.0 1 3150846686 2.23936559e-06 1462644303 
20279790.0 1 3921011129 1.3099598e-06 651046398 
20405100.0 3 354497373 1.4e-08 3223248356 3825172902 1.4e-08 
20631320.0 1 3150846686 2.2533660000000002e-06 2454553876 
20799090.0 1 3921011129 1.32396e-06 3953846011 
21038190.0 1 3921011129 1.3379599999999999e-06 354497373 
21123590.0 1 373638573 1.00000202228485 384163328 
21128660.0 1 373638573 1.0000020143188901 552380491 
21151350.0 0 3534547045 2.088271e-06 1745749016 
21432140.0 1 3534547045 2.10349353e-06 1449522982 
21561190.0 1 3921011129 1.35196e-06 843598278 
21728300.0 1 373638573 1.00000201890391 4285226245 
21934840.0 1 3534547045 2.12274525e-06 1745749016 
22697580.0 1 3921011129 1.37287e-06 2622395779 
22724340.0 0 3150846686 2.253366e-06 149784911 
23017530.0 2 1842102965 1.458479e-08 3662110242 110318614 1.4e-08 
23388560.0 3 3563522875 1.399999e-08 3526559023 176241382 1.463898e-08 1063934737 1.463898e-08 
23513300.0 1 3150846686 2.27102966e-06 2711965517 
23681700.0 1 3150846686 2.28720066e-06 3284371529 
24410810.0 1 373638573 1.0000020156642802 1503202005 
24523320.0 1 3921011129 1.38750898e-06 176241382 
24793850.0 1 3534547045 2.1373839800000004e-06 1063934737 
24817480.0 0 1222799196 1.141631e-06 1405660995 
24925030.0 2 3921011129 1.40113125e-06 2723643411 2445084109 1.506571e-08 
25004120.0 1 3921011129 1.41527514e-06 229435916 
25149450.0 1 3150846686 2.30127987e-06 1405660995 
25177680.0 0 3913511150 2.14226e-08 2445084109 
25186360.0 2 249728555 1.443429e-08 3833074883 3687573659 1.4e-08 
25200130.0 1 179097684 6.798957e-07 879162223 
25540140.0 0 3921011129 1.415275e-06 3825172902 
25575190.0 3 3467386575 1.4e-08 688805295 3196256300 1.4e-08 
26626190.0 2 1222799196 1.14163098e-06 2519559028 848448836 1.4e-08 2211003714 1.412566e-08 2916276788 1.412566e-08 3696193412 1.412566e-08 15308464 1.412566e-08 1239307652 1.412566e-08 1945448119 1.412566e-08 3396227953 1.412566e-08 3321237907 1.412566e-08 3187199216 1.412566e-08 3330100144 1.412566e-08 310481256 1.412566e-08 817087088 1.412566e-08 551137729 1.412566e-08 1218250404 1.412566e-08 1035956119 1.412566e-08 1211996162 1.412566e-08 188552836 1.412566e-08 2029773149 1.412566e-08 302486611 1.412566e-08 1842102965 1.412566e-08 1285693762 1.412566e-08 1078741991 1.412566e-08 
26699710.0 1 3150846686 2.31540566e-06 1078741991 
26882140.0 1 3150846686 2.32953166e-06 2211003714 
26975860.0 0 3150846686 2.329531e-06 2916276788 
27086970.0 1 3150846686 2.357441e-06 3823443426 
27358840.0 1 1222799196 1.15575666e-06 2029773149 
27393820.0 1 179097684 6.9513096e-07 481808867 
27691480.0 1 3921011129 1.4366976e-06 3913511150 
27713280.0 2 3655816389 1.462447e-08 3696193412 2723643411 1.4e-08 
28023830.0 1 3534547045 2.15150966e-06 1945448119 
28038370.0 1 3921011129 1.450698e-06 3825172902 
28205050.0 1 3150846686 2.37250671e-06 2445084109 
28985500.0 1 3150846686 2.3865070000000003e-06 848448836 
29381940.0 1 3921011129 1.46482366e-06 551137729 
29962970.0 1 3150846686 2.40063266e-06 2916276788 
30102700.0 1 3150846686 2.414633e-06 3687573659 
30672340.0 1 3150846686 2.42875866e-06 1035956119 
33568990.0 1 3150846686 2.44338247e-06 3655816389 
33617990.0 3 2757833455 1.3999999999999998e-08 3342541004 1804212609 1.401222e-08 438292632 1.401222e-08 
33937210.0 1 373638573 1.000002014 2747938267 
34737360.0 1 373638573 1.00000201412566 1842102965 
35067490.0 1 3150846686 2.457383e-06 3196256300 
35406470.0 1 1222799196 1.169756e-06 3563522875 
36169140.0 1 3534547045 2.16563566e-06 15308464 
36641700.0 1 1222799196 1.18388166e-06 3396227953 
37226130.0 0 179097684 6.951309e-07 3321237907 
38005500.0 1 373638573 1.00000201412566 1239307652 
38927940.0 0 3150846686 2.457383e-06 310481256 
40225880.0 1 373638573 1.00000201412566 310481256 
42871410.0 1 373638573 1.0000020140138 2016090987 
42993830.0 1 3150846686 2.4717018900000003e-06 2751602400 
43146570.0 3 179097684 6.936394399999999e-07 1298902656 2001290253 1.586358e-08 
44189520.0 1 179097684 7.095030800000001e-07 2001290253 
44914100.0 1 373638573 1.0000020161854501 2584856907 
46955870.0 1 3150846686 2.499612e-06 1790255658 
47298850.0 1 373638573 1.000002014 2723643411 
48306860.0 2 3303338876 1.77345e-08 4167430602 3147695692 1.4e-08 
48604200.0 1 3921011129 1.4789486599999998e-06 188552836 
50670110.0 1 3534547045 2.179636e-06 250347941 
54285910.0 1 3150846686 2.5136120000000003e-06 769315986 
57053660.0 1 3921011129 1.492949e-06 3147695692 
66203730.0 1 373638573 1.00000201445408 629078091 
80621880.0 1 373638573 1.00000201458479 1842102965 
83043950.0 1 3150846686 2.5313465e-06 3303338876 
85033080.0 1 373638573 1.00000201401222 438292632 
95419320.0 1 3150846686 2.5455504e-06 2945849429 
