243.4819 1 2859795595 5.582e-08 870323177 
1468.301 1 1075699702 3.0701e-07 3497999925 
1539.963 1 2250879299 5.582e-08 333964007 
2254.684 1 778035964 5.582e-08 3061883439 
3562.907 1 3534547045 3.0701e-07 582973675 
4072.069 1 1156624510 5.582e-08 1458665800 
4604.725 1 2235064901 3.0701e-07 1379399837 
4800.301 1 1465560917 3.0701e-07 1790255658 
4900.427 1 2308721517 5.582e-08 2737363250 
5381.984 1 2235064901 3.3492e-07 3084497907 
6221.361 1 3004792470 3.0701e-07 838860310 
6932.248 1 1134175585 5.582e-08 3800234335 
7585.802 1 3373526895 3.0701e-07 1631081845 
7600.453 1 3534547045 3.3492e-07 3889879026 
11819.78 0 2393342300 2.791e-08 3749853089 
13477.9 1 1502094437 5.582e-08 1444500749 
14105.96 1 3534547045 3.6283e-07 925199572 
14126.41 1 2937387076 5.582e-08 384163328 
14765.63 1 3150846686 3.0701e-07 4263717482 
15033.92 1 2340740170 3.0701e-07 2409063466 
15388.33 1 1134175585 8.373e-08 2455496064 
17005.41 1 1465560917 3.3492e-07 2693713428 
17588.3 1 1068020906 0.0009543279100000001 1498734392 
22319.24 1 3373526895 3.3492e-07 858320168 
22468.29 1 1465560917 3.6283e-07 405521437 
23027.93 1 1206764858 5.582e-08 3704423751 
28244.56 1 778035964 8.373e-08 3841896594 
29330.59 1 1661091397 5.582e-08 780264402 
34073.74 1 3921011129 3.0701e-07 3116505811 
40920.85 1 3534547045 4.4655999999999994e-07 1134175585 
41057.93 1 242414939 5.582e-08 1481166135 
41182.31 1 2308721517 8.373e-08 4231632140 
45022.09 1 688805295 5.582e-08 561528368 
52595.21 1 3938221642 5.582e-08 1731090175 
62837.8 0 1661091397 5.582e-08 1584276479 
64590.58 1 2340740170 3.3492e-07 40245973 
64992.46 1 1465560917 6.419299999999999e-07 1222799196 
78156.68 2 3373526895 3.3492e-07 778035964 3687573659 1.4e-08 3196256300 1.74325e-08 848448836 1.74325e-08 2211003714 1.74325e-08 2916276788 1.74325e-08 
82510.74 0 1584276479 2.791e-08 1738899943 
84867.85 0 545239233 2.791e-07 3616865126 
95067.2 0 1584276479 2.791e-08 3126241903 
95107.74 0 4259593397 2.791e-07 1593850299 
99404.4 0 1434498202 2.791e-08 3357643131 
102831.5 0 3150846686 3.0701e-07 1425083048 
103418.9 1 486050091 5.582e-08 3919821980 
107395.9 1 545239233 3.0701e-07 941534069 
110141.3 2 486050091 5.582e-08 1661091397 3696193412 1.4e-08 15308464 2.091e-08 1239307652 2.091e-08 
114932.8 1 3150846686 3.3492e-07 3114612365 
115778.8 0 331336395 2.791e-08 1735432893 
119409.3 1 1075699702 3.3492e-07 2466232951 
120373.5 1 3534547045 4.7447e-07 3126241903 
121669.7 0 2393342300 2.791e-08 3747246174 
125500.6 1 1068020906 0.0009543558100000001 3709881891 
129151.1 1 3621383820 5.582e-08 1738899943 
142472.2 1 3150846686 3.6283e-07 1425083048 
143558.9 1 3824069879 5.582e-08 3462747 
147956.2 1 1465560917 6.698400000000001e-07 4122240121 
148184.0 0 3938221642 5.582e-08 245436729 
165604.6 0 3737780296 2.791e-07 1019134040 
183068.2 0 2038493855 2.791e-08 2349140130 
185884.1 0 1572835533 2.791e-07 717226258 
186161.7 3 2340740170 3.3491996e-07 1572835533 1945448119 1.4e-08 3396227953 1.472778e-08 3321237907 1.472778e-08 3187199216 1.472778e-08 3330100144 1.472778e-08 310481256 1.472778e-08 817087088 1.472778e-08 551137729 1.472778e-08 1218250404 1.472778e-08 1035956119 1.472778e-08 1211996162 1.472778e-08 188552836 1.472778e-08 2029773149 1.472778e-08 302486611 1.472778e-08 1842102965 1.472778e-08 1285693762 1.472778e-08 1078741991 1.472778e-08 2723643411 1.472778e-08 1804212609 1.472778e-08 
187517.0 1 2235064901 3.5235249999999997e-07 2211003714 
192483.0 1 2984600922 3.0701e-07 2919643181 
196340.7 2 2984600922 5.6346224e-07 2799798816 438292632 2.264776e-08 
204139.8 1 486050091 6.982e-08 3687573659 
211867.2 2 426576124 5.3957073e-07 4031050948 2001290253 1.862927e-08 
215802.1 1 1068020906 0.00095438371 1236021306 
224986.1 0 2125112500 2.791e-08 1945448119 
228207.0 0 3616865126 2.791e-08 387772665 
233049.8 2 2723643411 1.545556e-08 3330100144 3147695692 1.4e-08 
241241.9 0 2246051850 2.791e-07 3187199216 
249954.4 1 2246051850 2.9382778e-07 1285693762 
259394.5 0 1075699702 3.3492e-07 2074240873 
261215.4 3 331336395 1.4000000000000003e-08 848448836 3179285865 1.567125e-08 2173231515 1.567125e-08 
262797.1 1 3555679070 5.582e-08 3232700421 
262938.4 3 2340740170 3.3491999999999993e-07 545239233 740082705 1.4e-08 2795063678 1.46505e-08 3642829293 1.46505e-08 2707128518 1.46505e-08 474866315 1.46505e-08 1639799867 1.46505e-08 1026028388 1.46505e-08 1128056158 1.46505e-08 2909632847 1.46505e-08 937177227 1.46505e-08 3393811039 1.46505e-08 611212867 1.46505e-08 1104410542 1.46505e-08 2328232000 1.46505e-08 2999719241 1.46505e-08 1931993247 1.46505e-08 1494850122 1.46505e-08 3414514926 1.46505e-08 2312786130 1.46505e-08 3537925318 1.46505e-08 1634407402 1.46505e-08 
262981.7 1 1494850122 2.9301e-08 1931993247 
268625.7 0 3988949870 2.791e-08 2870158420 
270370.3 1 2519559028 3.0701e-07 199935986 
272474.4 1 1664502715 5.582e-08 164438789 
274696.6 0 2235064901 3.523525e-07 3326748277 
274897.6 1 290926289 5.582e-08 3891448235 
276683.1 1 3534547045 5.0238e-07 3749853089 
278389.3 1 2340740170 3.495705e-07 1639799867 
280929.8 1 2340740170 3.6502606e-07 2723643411 
282896.7 1 3534547045 5.1805125e-07 3179285865 
289434.6 0 865537991 2.791e-08 2326007700 
296725.9 1 3150846686 3.774805e-07 1104410542 
297755.2 1 3707189490 4.25605e-08 3393811039 
303395.2 1 3534547045 5.878711999999999e-07 486050091 
304668.2 3 1206764858 1.4e-08 3020817656 3869596591 1.74325e-08 3375523036 1.74325e-08 772925454 1.74325e-08 2215785330 1.74325e-08 
304698.8 0 3375523036 1.74325e-08 3869596591 
307440.4 2 3921011129 3.0701e-07 2308721517 3491092596 1.4e-08 57770090 1.74325e-08 3071577057 1.74325e-08 1452489764 1.74325e-08 4260098875 1.74325e-08 
310942.5 1 3921011129 3.244425e-07 3071577057 
320582.5 0 3869596591 1.74325e-08 1206764858 
324117.9 1 1078741991 2.937828e-08 2999719241 
331119.2 0 3373526895 3.3492e-07 3257166052 
338220.0 0 3908154577 2.791e-08 331336395 
349021.5 0 688805295 5.582e-08 1128056158 
354434.3 0 2235064901 3.523525e-07 2178051842 
357480.0 0 2340740170 3.650261e-07 2205180068 
365424.5 0 3004792470 3.0701e-07 4226750145 
372264.1 0 3373526895 3.3492e-07 3908154577 
379227.8 0 2205180068 2.791e-08 1593891639 
388946.8 0 4259593397 2.791e-07 443746396 
410895.0 1 3921011129 3.4187499999999996e-07 57770090 
411704.0 0 3150846686 3.774805e-07 1123501568 
425482.3 1 1502094437 8.373e-08 3241671100 
430078.6 0 3621383820 5.582e-08 632754209 
432993.8 1 179097684 2.965325e-07 2215785330 
443002.0 0 2235064901 3.523525e-07 2795063678 
443186.9 0 2178051842 2.791e-08 611212867 
446907.2 0 179097684 2.965325e-07 3375523036 
458952.8 0 3373526895 3.3492e-07 4260098875 
460798.1 0 2235064901 3.523525e-07 1584276479 
485610.1 0 179097684 2.965325e-07 3375523036 
493929.3 0 888311950 2.791e-08 1458432161 
495932.0 3 2393342300 1.4e-08 2528553283 3696843781 2.091e-08 2138100036 2.091e-08 
497948.7 1 242414939 8.373e-08 636961411 
511339.7 0 2984600922 5.634622e-07 3988949870 
511553.8 1 3150846686 7.29833e-07 2235064901 
514974.0 3 3921011129 2.8964293e-07 3938221642 1726701215 1.543601e-08 1412415798 1.543601e-08 375852842 1.543601e-08 3593732192 1.543601e-08 3888264012 1.543601e-08 313359544 1.543601e-08 217284033 1.543601e-08 
515444.4 0 817087088 1.472778e-08 3187199216 
520366.7 1 3921011129 3.0507891e-07 375852842 
552367.9 0 732124878 2.791e-08 3129006749 
553192.0 0 1327969783 2.791e-08 2408568032 
560673.7 0 245436729 2.791e-08 3908154577 
574155.0 3 2984600922 5.634621599999999e-07 4259593397 2151269300 1.4e-08 3913511150 1.472778e-08 2962530363 1.472778e-08 2063946235 1.472778e-08 1172086036 1.472778e-08 690117576 1.472778e-08 3288380490 1.472778e-08 845665321 1.472778e-08 3122982648 1.472778e-08 1471982444 1.472778e-08 3303338876 1.472778e-08 2875471576 1.472778e-08 1738909006 1.472778e-08 356405251 1.472778e-08 2879167783 1.472778e-08 3083352544 1.472778e-08 4198169764 1.472778e-08 821115011 1.472778e-08 2118016430 1.472778e-08 
574420.3 1 3150846686 7.577430000000001e-07 3150420704 
583733.2 0 1493201942 2.791e-08 313359544 
584242.3 1 1068020906 0.00095441161 126484229 
594868.9 2 3534547045 6.274820900000001e-07 3621383820 1945735688 1.620911e-08 
623178.0 1 1068020906 0.0009544395100000001 253808213 
633916.2 0 4260098875 1.74325e-08 1945735688 
638183.9 0 3747246174 2.791e-08 2406269022 
651312.2 1 2138100036 4.182e-08 3696843781 
670602.6 1 3534547045 6.483921e-07 15308464 
700503.4 1 179097684 3.105325e-07 1206764858 
704443.3 1 1068020906 0.00095446751 865537991 
707324.5 1 1068020906 0.0009544954100000001 2429525676 
707764.0 0 3373526895 3.3492e-07 1493201942 
708780.8 0 3534547045 6.483921e-07 2173231515 
710471.2 0 1493201942 2.791e-08 313359544 
727745.9 1 2956861855 5.582e-08 3037779432 
752515.4 0 3775452048 2.791e-08 2870037616 
757924.1 0 2916276788 1.74325e-08 3491092596 
759162.1 0 659524895 2.791e-08 2205180068 
761673.6 0 1493201942 2.791e-08 3421887303 
763816.5 1 3534547045 6.658246e-07 2916276788 
779958.3 1 1068020906 0.00095452331 2504591099 
780757.4 1 1075699702 3.6283e-07 3498415124 
801401.1 0 179097684 3.105325e-07 2406269022 
815687.8 0 179097684 3.105325e-07 2406269022 
819127.5 0 3555679070 5.582e-08 2312786130 
821284.6 0 2937387076 5.582e-08 732124878 
871446.8 1 3534547045 6.867346000000001e-07 1239307652 
885238.5 3 287801793 2.143965e-08 310481256 4093093422 2.119813e-08 
897344.7 0 3373526895 3.3492e-07 387772665 
909101.8 0 2246051850 2.938278e-07 1037584679 
909805.3 1 3921011129 3.329889e-07 1493201942 
910384.5 0 3150846686 7.57743e-07 905418128 
918738.0 2 2859795595 5.6216179999999996e-08 4260098875 2842015324 1.703632e-08 
920348.6 0 3150846686 7.57743e-07 3421887303 
924852.9 0 598947138 2.791e-08 3933289935 
925027.4 0 888311950 2.791e-08 3953846011 
941408.0 3 1502094437 6.899066e-08 3321237907 1249238030 1.473356e-08 3214077756 1.473356e-08 
944021.6 0 242414939 8.373e-08 3642829293 
953249.9 3 2038493855 2.791e-08 2393342300 879162223 1.4e-08 
957501.1 0 3071234124 2.791e-08 1516068388 
964997.7 0 1866926464 2.791e-08 3279231079 
967527.0 0 862710978 2.791e-08 879162223 
988929.0 0 905418128 2.791e-08 3414514926 
1016144.0 1 953296898 4.25605e-08 2328232000 
1039164.0 3 598947138 2.3315819999999997e-08 2835620284 3884425642 1.625209e-08 1149406307 1.625209e-08 
1071629.0 3 4188445920 1.4e-08 356405251 3528332227 1.431889e-08 4004407106 1.431889e-08 
1101670.0 0 3197676583 2.791e-08 6723929 
1105646.0 2 2340740170 3.650261e-07 1078741991 451270221 1.4e-08 3149440925 1.537828e-08 
1125180.0 2 1945735688 1.6859609999999998e-08 937177227 2250775120 1.4e-08 
1135273.0 0 3373526895 3.3492e-07 1735432893 
1146183.0 1 3534547045 7.0240585e-07 2173231515 
1162644.0 0 2340740170 3.650261e-07 451270221 
1179785.0 0 2340740170 3.650261e-07 3149440925 
1184485.0 3 1465560917 6.698399499999995e-07 2984600922 1130108289 3.276274e-08 2177968201 1.434323e-08 2914302410 1.434323e-08 3655816389 1.434323e-08 3485819286 1.434323e-08 1382686479 1.434323e-08 1803925302 1.434323e-08 3293059020 1.434323e-08 378125977 1.434323e-08 2159618959 1.434323e-08 2441325815 1.434323e-08 3401497744 1.434323e-08 4069401935 1.434323e-08 134948105 1.434323e-08 1998372786 1.434323e-08 2455922112 1.434323e-08 3059103076 1.434323e-08 432337108 1.434323e-08 1902671923 1.434323e-08 4209590891 1.434323e-08 77395223 1.434323e-08 3592986772 1.434323e-08 1246511018 1.434323e-08 3986570268 1.434323e-08 174500547 1.434323e-08 4083845756 1.434323e-08 110358663 1.434323e-08 1370908750 1.434323e-08 1837234470 1.434323e-08 2945849429 1.434323e-08 66296937 1.434323e-08 976558236 1.434323e-08 2438291630 1.434323e-08 906368509 1.434323e-08 3783228500 1.434323e-08 2858952728 1.434323e-08 395113485 1.434323e-08 4019363830 1.434323e-08 
1184485.0 1 1130108289 4.7105969999999995e-08 2177968201 
1184485.0 1 1130108289 6.144920000000001e-08 4019363830 
1185052.0 1 2858952728 2.868646e-08 906368509 
1185274.0 1 1465560917 6.8418323e-07 3655816389 
1198297.0 2 3150846686 7.57743e-07 242414939 3016084464 1.4e-08 921818415 1.74325e-08 2892683898 1.74325e-08 3697249003 1.74325e-08 3983774618 1.74325e-08 
1225390.0 3 2138100036 1.3999990000000006e-08 4252347608 4187488967 1.857667e-08 898751805 1.857667e-08 3632514288 1.857667e-08 
1229365.0 0 1465560917 6.841832e-07 1803925302 
1248838.0 0 898751805 1.857667e-08 2138100036 
1267407.0 3 1434498202 2.782141e-08 3986570268 410848061 1.443182e-08 
1279560.0 0 3616865126 2.791e-08 817087088 
1285503.0 1 3373526895 3.5195632e-07 2842015324 
1285654.0 0 3150846686 7.57743e-07 3697249003 
1288127.0 1 3150846686 7.751755e-07 2892683898 
1288542.0 0 1945735688 1.685961e-08 611212867 
1298049.0 3 1019134040 1.4e-08 2870037616 2791633391 2.091e-08 630280293 2.091e-08 
1311336.0 0 3326748277 2.791e-08 1945448119 
1313565.0 0 725558489 2.791e-08 2349140130 
1317921.0 0 2480932170 2.791e-08 4004407106 
1319582.0 1 1465560917 6.9852643e-07 3485819286 
1337535.0 0 3707189490 4.25605e-08 3616865126 
1348064.0 0 4046076794 2.791e-08 2791633391 
1348966.0 0 905418128 2.791e-08 1494141940 
1353041.0 0 879162223 1.4e-08 331336395 
1355186.0 0 2480932170 2.791e-08 77395223 
1360446.0 3 3197676583 2.402258e-08 197654791 4212779140 1.589871e-08 3459374364 1.589871e-08 
1365142.0 2 3421887303 3.135538e-08 2349140130 2125331604 2.446462e-08 
1365218.0 1 3421887303 5.582e-08 2125331604 
1369114.0 0 300193622 2.791e-08 770580294 
1374559.0 1 2340740170 3.929361e-07 3121047530 
1381892.0 1 373638573 1.00000002791 1878784256 
1382414.0 0 1465560917 6.985265e-07 1382686479 
1389520.0 3 2718413753 1.4000000000000003e-08 3697249003 3113062634 1.567125e-08 847040419 1.567125e-08 
1404055.0 3 1502094437 5.986731e-08 2451350669 4240624600 1.851667e-08 1565786989 1.851667e-08 
1411058.0 1 1502094437 7.838398e-08 4240624600 
1431875.0 3 3357643131 2.344358e-08 3187199216 2286860921 1.91942e-08 
1433174.0 0 3196256300 1.74325e-08 611212867 
1459656.0 0 1075699702 3.6283e-07 432337108 
1469099.0 1 3150846686 7.9203511e-07 1945735688 
1477121.0 3 3424908067 1.4000009999999996e-08 898751805 3707879645 1.624333e-08 2746930994 1.624333e-08 
1486833.0 0 1458432161 2.791e-08 3774459889 
1491660.0 1 1075699702 3.7756356e-07 1249238030 
1494536.0 1 3707879645 3.024333e-08 3424908067 
1501899.0 0 3707879645 3.024333e-08 2746930994 
1508383.0 1 3737780296 3.0701e-07 2911053862 
1533868.0 2 1593891639 3.250116e-08 717226258 4075596975 2.331884e-08 
1535996.0 1 373638573 1.00000002791 3443220506 
1575932.0 0 300193622 2.791e-08 3122982648 
1615616.0 0 2791633391 2.091e-08 2875471576 
1645836.0 3 2859795595 4.380902e-08 387772665 4283280385 2.015858e-08 538453177 2.015858e-08 
1664056.0 3 314650893 1.400001e-08 3884425642 3121292019 1.508104e-08 3349724438 1.508104e-08 
1671469.0 0 2746930994 1.624333e-08 331336395 
1686394.0 1 2870158420 4.225323e-08 110358663 
1697481.0 3 2406269022 2.746116e-08 772925454 4253718737 1.788134e-08 
1701215.0 3 2312786130 1.46505e-08 3491092596 3297362622 1.4e-08 
1715077.0 1 2406269022 4.53425e-08 4253718737 
1716378.0 0 1130108289 6.14492e-08 438292632 
1717771.0 0 2956861855 5.582e-08 265770918 
1728120.0 2 3113062634 1.640481e-08 3214077756 1751902433 1.4e-08 
1728206.0 0 2038493855 2.791e-08 2138100036 
1730879.0 2 217284033 1.616379e-08 1218250404 2878871175 1.4e-08 
1739693.0 0 3921011129 3.329889e-07 2038493855 
1744970.0 0 3150846686 7.920351e-07 3297362622 
1764401.0 0 3534547045 7.024059e-07 879162223 
1769651.0 2 179097684 3.108447e-07 2038493855 3083717413 2.75978e-08 
1772791.0 1 179097684 3.384425e-07 3083717413 
1799805.0 3 949068759 1.4e-08 3121292019 220564665 1.449552e-08 3653734512 1.449552e-08 
1821772.0 1 1075699702 3.9190683e-07 2159618959 
1831800.0 2 688805295 5.582e-08 3421887303 3815024321 1.4e-08 1428265047 2.091e-08 3604532305 2.091e-08 
1854007.0 3 4046076794 2.475409e-08 1804212609 1869365069 1.788369e-08 
1863427.0 1 1068020906 0.00095455121 1347872676 
1867395.0 0 3534547045 7.024059e-07 2250775120 
1875454.0 2 1471982444 1.545556e-08 3396227953 965372172 1.4e-08 
1877356.0 0 3373526895 3.519563e-07 331336395 
1902903.0 0 3707879645 3.024333e-08 3933289935 
1916623.0 3 1415695418 1.399999e-08 3113062634 607396504 1.515741e-08 2533881277 1.515741e-08 
1928776.0 0 1465560917 6.985265e-07 2480932170 
1939259.0 3 1502094437 1.399998e-08 3555679070 472358284 1.50255e-08 1950077488 1.50255e-08 1820499179 1.50255e-08 4055959668 1.50255e-08 528880979 1.50255e-08 3778036871 1.50255e-08 1405660995 1.50255e-08 3662110242 1.50255e-08 
1943711.0 3 3707879645 1.3999990000000003e-08 314650893 2247026945 1.512167e-08 4032129539 1.512167e-08 
1970589.0 2 1128056158 1.4993730000000002e-08 2455922112 4035587434 1.4e-08 
1971424.0 1 3534547045 7.164058999999999e-07 331336395 
2030168.0 0 2125112500 2.791e-08 451270221 
2035227.0 2 3632514288 2.082e-08 2746930994 3111692719 1.4e-08 
2120236.0 1 373638573 1.00000002791 1651612823 
2120369.0 1 3150846686 8.199451e-07 257754683 
2129973.0 3 3747246174 1.4000000000000003e-08 4283280385 1398579088 1.703429e-08 2501379955 1.703429e-08 
2131680.0 1 373638573 1.00000001472778 4198169764 
2164190.0 3 3908154577 1.4000000000000003e-08 3375523036 3332562587 1.567125e-08 3562383954 1.567125e-08 
2167208.0 0 3616865126 2.791e-08 3349724438 
2169093.0 0 790319072 2.791e-08 432337108 
2170781.0 1 373638573 1.00000002791 3988949870 
2174680.0 1 3332562587 2.967125e-08 3908154577 
2210938.0 0 3933289935 2.791e-08 3149440925 
2220957.0 0 3373526895 3.519563e-07 3707879645 
2239964.0 3 343742982 1.4e-08 302486611 2521380987 1.431889e-08 4119421155 1.431889e-08 
2255516.0 0 1494850122 2.9301e-08 3297362622 
2256092.0 0 1149406307 1.625209e-08 528880979 
2270070.0 1 378125977 2.8343229999999998e-08 1019134040 
2281909.0 3 179097684 3.2887061e-07 4187488967 1913762779 1.407428e-08 3678948817 1.407428e-08 
2303367.0 1 373638573 1.00000002791 2046083849 
2316958.0 1 179097684 3.428706e-07 3111692719 
2344249.0 1 373638573 1.00000002791 385785803 
2344763.0 1 179097684 3.636906e-07 3632514288 
2350952.0 0 3775452048 2.791e-08 217284033 
2363915.0 3 905418128 1.399999e-08 3593732192 2489195127 1.467301e-08 3929228125 1.467301e-08 
2367002.0 1 179097684 3.7776488e-07 1913762779 
2372700.0 3 2408568032 2.429819e-08 1211996162 3160344427 1.833959e-08 
2390085.0 0 688805295 5.582e-08 2286860921 
2409570.0 1 3150846686 8.3697939e-07 2501379955 
2427192.0 0 3122982648 1.472778e-08 1382686479 
2447898.0 3 825415804 2.324606e-08 3774459889 3182159117 1.628697e-08 766581564 1.628697e-08 
2464883.0 1 3150846686 8.5206044e-07 3349724438 
2473691.0 2 2406269022 4.536847e-08 3869596591 3702894340 1.740653e-08 
2485916.0 1 3534547045 7.365644800000001e-07 538453177 
2487344.0 1 4075596975 3.731884e-08 3147695692 
2492585.0 1 373638573 1.0000000614492 1130108289 
2496296.0 0 1738909006 1.472778e-08 2962530363 
2524956.0 1 2406269022 6.2775e-08 3702894340 
2528095.0 2 607396504 1.583042e-08 2489195127 3532745758 1.4e-08 
2553628.0 2 1634407402 1.4993730000000002e-08 3401497744 1072840122 1.4e-08 
2596303.0 1 373638573 1.00000001472778 3288380490 
2606820.0 0 3150846686 8.520604e-07 2945849429 
2611426.0 1 373638573 1.00000002791 43001897 
2631652.0 0 3150846686 8.520604e-07 1945448119 
2637435.0 3 1494141940 1.527102e-08 3196256300 3294683754 1.503574e-08 1676003954 1.503574e-08 
2657614.0 0 179097684 3.777649e-07 1726701215 
2669676.0 1 373638573 1.00000001431889 3528332227 
2673767.0 3 3016084464 1.4e-08 2250775120 4285585893 1.4e-08 
2679028.0 3 3616865126 1.399999e-08 1494141940 2674988631 1.459051e-08 406745133 1.459051e-08 
2682358.0 1 373638573 1.00000001434323 3783228500 
2712430.0 3 1820499179 1.50255e-08 4285585893 2883513480 1.4e-08 
2738214.0 1 3921011129 3.469889e-07 3616865126 
2744229.0 0 3921011129 3.469889e-07 2878871175 
2765081.0 3 817087088 1.472778e-08 2878871175 783121895 1.4e-08 
2778485.0 0 1465560917 6.985265e-07 3279231079 
2797407.0 0 3150846686 8.520604e-07 607396504 
2798342.0 1 373638573 1.00000002791 2710766136 
2799391.0 0 4093093422 2.119813e-08 2883513480 
2810488.0 3 2779686750 1.400001e-08 2247026945 2683944377 1.451583e-08 2961226102 1.451583e-08 
2815139.0 0 3775452048 2.791e-08 1820499179 
2823421.0 0 3534547045 7.365645e-07 1726701215 
2839578.0 0 179097684 3.777649e-07 862710978 
2848066.0 2 3888264012 1.616379e-08 817087088 301219709 1.4e-08 
2857612.0 0 3534547045 7.365645e-07 3257166052 
2876178.0 1 179097684 3.9183918e-07 3678948817 
2922947.0 0 3150846686 8.520604e-07 1072840122 
2948942.0 0 482917538 2.791e-08 825415804 
2966376.0 0 2406269022 6.2775e-08 2286860921 
3045259.0 0 598947138 2.331582e-08 783121895 
3051313.0 3 1735432893 2.757323e-08 3532745758 1743198400 1.433677e-08 
3062405.0 3 6723929 1.4000000000000003e-08 1452489764 3059144981 1.567125e-08 3952655669 1.567125e-08 
3092726.0 3 290926289 3.9970919999999995e-08 732124878 2848685905 1.458636e-08 1826422368 1.458636e-08 896813269 1.458636e-08 
3098517.0 0 1726701215 1.543601e-08 3696193412 
3105164.0 3 2945849429 1.434323e-08 3747246174 37051273 1.4e-08 
3123190.0 3 739080713 1.399999e-08 1726701215 1867247157 1.467301e-08 3633199892 1.467301e-08 
3124214.0 3 688805295 1.3999990000000003e-08 1565786989 1736323711 1.508417e-08 283080478 1.508417e-08 785216844 1.508417e-08 3006103420 1.508417e-08 
3128812.0 0 3150846686 8.520604e-07 3778036871 
3138336.0 0 211811971 2.791e-08 607396504 
3143300.0 0 862710978 2.791e-08 1398579088 
3144174.0 3 211811971 1.4e-08 845665321 2898323513 1.431889e-08 1199222225 1.431889e-08 
3163985.0 1 373638573 1.00000001434323 976558236 
3170422.0 3 2286860921 1.91942e-08 905418128 3755198008 1.4e-08 
3174206.0 1 373638573 1.000000014 451270221 
3188483.0 0 3888264012 1.616379e-08 3562383954 
3192578.0 0 3633199892 1.467301e-08 879162223 
3212922.0 3 1743198400 1.433677e-08 783121895 2795041644 1.4e-08 
3217204.0 1 3983774618 3.2458e-08 472358284 
3221431.0 3 1842102965 1.472778e-08 2883513480 3492274228 1.4e-08 
3297966.0 3 3604532305 2.091e-08 3707879645 1420914473 1.4e-08 
3300514.0 1 3150846686 8.660604e-07 740082705 
3302653.0 1 290926289 6.788093e-08 810769555 
3321361.0 0 4032129539 1.512167e-08 1502094437 
3333826.0 3 3279231079 1.4000010000000001e-08 134948105 439844059 1.412661e-08 3802520055 1.412661e-08 
3345331.0 1 3150846686 8.939704e-07 2932274237 
3350522.0 1 373638573 1.00000002791 1434594601 
3381303.0 0 3150846686 8.939704e-07 1950077488 
3394599.0 1 2340740170 4.069361e-07 1502094437 
3401298.0 1 373638573 1.00000002791 1866926464 
3402892.0 3 3933289935 1.4e-08 3294683754 3012889883 1.447287e-08 3363823620 1.447287e-08 
3408765.0 3 1494850122 1.399999e-08 725558489 1086559163 1.440367e-08 3063534263 1.440367e-08 2013640095 1.440367e-08 
3415351.0 0 3150846686 8.939704e-07 3537925318 
3420665.0 3 2937387076 5.134285e-08 1370908750 1461359102 1.882038e-08 
3444588.0 0 2438291630 1.434323e-08 688805295 
3457583.0 1 1075699702 4.0625003000000003e-07 3592986772 
3457846.0 3 4046076794 1.4000000000000003e-08 825415804 2027098952 1.700007e-08 4167430602 1.700007e-08 
3462352.0 1 3534547045 7.5359879e-07 1398579088 
3474152.0 1 373638573 1.00000002791 4061687915 
3475128.0 2 1736323711 1.573467e-08 1026028388 4096225443 1.4e-08 
3476222.0 1 1465560917 7.543464999999999e-07 1156624510 
3478780.0 2 3921011129 3.4698891e-07 2870158420 781549661 1.4e-08 907719639 1.412661e-08 1906851972 1.412661e-08 
3484959.0 0 3534547045 7.535988e-07 1867247157 
3485126.0 0 3737780296 3.0701e-07 2898323513 
3491244.0 1 3921011129 3.6171668e-07 2875471576 
3504544.0 0 3562383954 1.567125e-08 3012889883 
3519468.0 0 3150846686 8.939704e-07 632754209 
3528308.0 3 3732071459 2.533627e-08 2707128518 2597880038 1.722423e-08 
3555591.0 2 3921011129 3.617167e-07 2859795595 1896745001 1.4e-08 2378434411 1.490451e-08 1837088337 1.490451e-08 
3564618.0 1 3732071459 4.25605e-08 2597880038 
3579733.0 0 4093093422 2.119813e-08 2683944377 
3597398.0 1 373638573 1.00000001434323 2914302410 
3598457.0 0 287801793 2.143965e-08 766581564 
3604853.0 0 3150846686 8.939704e-07 1743198400 
3608879.0 0 953296898 4.25605e-08 1037584679 
3620081.0 0 179097684 3.918392e-07 739080713 
3652706.0 0 2340740170 4.069361e-07 4093093422 
3657657.0 1 3150846686 9.0848623e-07 2683944377 
3666873.0 0 632754209 2.791e-08 2674988631 
3670506.0 0 3373526895 3.519563e-07 2013640095 
3686644.0 1 3150846686 9.2261291e-07 1906851972 
3704823.0 1 3150846686 9.376384e-07 4055959668 
3710355.0 0 3373526895 3.519563e-07 1837088337 
3720386.0 1 179097684 4.0624287e-07 2013640095 
3764703.0 0 2340740170 4.069361e-07 343742982 
3771394.0 2 4032129539 1.584945e-08 3122982648 1543523724 1.4e-08 
3784862.0 0 179097684 4.062428e-07 37051273 
3793348.0 3 3257166052 2.7253070000000002e-08 1199222225 1761715697 1.497582e-08 
3801584.0 0 3921011129 3.617167e-07 245436729 
3804306.0 1 373638573 1.00000001434323 1902671923 
3809762.0 2 2118016430 1.537828e-08 611212867 3099973400 1.4e-08 
3809997.0 3 179097684 3.6191895e-07 2937387076 2789348510 1.594445e-08 1371202285 1.594445e-08 629078091 1.594445e-08 754560055 1.594445e-08 1737134642 1.594445e-08 37613351 1.594445e-08 
3812362.0 1 179097684 3.7786345000000004e-07 1371202285 
3813088.0 1 179097684 3.9380785000000004e-07 1737134642 
3815198.0 0 3921011129 3.617167e-07 245436729 
3816874.0 0 3921011129 3.617167e-07 907719639 
3826760.0 1 179097684 4.0975235000000003e-07 2789348510 
3832712.0 1 179097684 4.2569675e-07 37613351 
3833715.0 0 2178051842 2.791e-08 2961226102 
3860335.0 2 2898323513 1.4637780000000001e-08 4119421155 3434666020 1.4e-08 
3884322.0 0 754560055 1.594445e-08 3933289935 
3903501.0 2 4032129539 1.649994e-08 3537925318 2369258877 1.4e-08 
3918352.0 0 245436729 2.791e-08 1761715697 
3937563.0 1 3373526895 3.6608291000000003e-07 907719639 
3937963.0 1 373638573 1.00000002791 3428193420 
3966057.0 1 373638573 1.0000010188203798 1461359102 
3968136.0 1 3921011129 3.7675244e-07 1676003954 
3986664.0 1 179097684 4.4036981e-07 3633199892 
3995784.0 1 373638573 1.00000101628697 766581564 
4019889.0 1 3534547045 7.6793557e-07 1743198400 
4023873.0 0 1227575429 2.791e-08 2118016430 
4035671.0 1 3150846686 9.522888999999999e-07 3414514926 
4053643.0 0 179097684 4.403698e-07 37051273 
4057840.0 3 4075596975 1.4e-08 188552836 3563522875 1.902331e-08 249728555 1.902331e-08 
4058772.0 0 3888264012 1.616379e-08 2795041644 
4061660.0 1 1068020906 0.0009546070199999999 2956861855 
4067009.0 0 3732071459 4.25605e-08 3459374364 
4081388.0 1 373638573 1.00000101472778 1172086036 
4105555.0 0 3534547045 7.679355e-07 629078091 
4111836.0 0 3363823620 1.447287e-08 3099973400 
4134256.0 0 3150846686 9.522889e-07 921818415 
4141853.0 3 1761715697 1.497582e-08 879162223 4285226245 1.4e-08 
4142727.0 0 3563522875 1.902331e-08 3492274228 
4151267.0 0 245436729 2.791e-08 2779686750 
4154058.0 1 3150846686 9.673144e-07 1820499179 
4161229.0 1 373638573 1.00000102791 1503861029 
4184681.0 0 3921011129 3.767524e-07 217284033 
4191397.0 2 2063946235 1.545556e-08 3913511150 2707460946 1.4e-08 
4202297.0 0 1415695418 1.4e-08 343742982 
4207972.0 3 2406269022 5.181028e-08 3293059020 2606325002 2.530795e-08 
4209872.0 1 2406269022 7.711823e-08 2606325002 
4211534.0 0 3921011129 3.767524e-07 2178051842 
4212293.0 1 1075699702 4.2458958999999996e-07 3160344427 
4217554.0 3 2138100036 1.4e-08 739080713 1541925803 1.4e-08 
4228296.0 1 373638573 1.00000101537828 2118016430 
4232455.0 2 921818415 1.810551e-08 1867247157 2024675612 1.4e-08 
4239923.0 0 3921011129 3.767524e-07 287801793 
4240919.0 1 373638573 1.0000010143432299 174500547 
4246839.0 0 179097684 4.403698e-07 37051273 
4249382.0 1 3921011129 3.907524e-07 3016084464 
4252419.0 1 179097684 4.550203e-07 2312786130 
4259533.0 0 1227575429 2.791e-08 406745133 
4260641.0 1 2340740170 4.219616e-07 528880979 
4267649.0 1 373638573 1.00000102791 259930472 
4278618.0 0 2909632847 1.46505e-08 2521380987 
4304269.0 1 3534547045 7.8291132e-07 1761715697 
4311032.0 2 287801793 2.1843320000000002e-08 3063534263 1292023300 1.4e-08 
4331543.0 3 102901530 2.791e-08 1292023300 3302973195 1.4e-08 
4331831.0 1 179097684 4.846915499999999e-07 3332562587 
4342327.0 2 3824069879 5.5820000000000006e-08 2858952728 875106938 1.4e-08 3314075649 1.468646e-08 
4347179.0 3 3562383954 1.567125e-08 3933289935 2589646060 1.4e-08 
4357130.0 0 3373526895 3.660829e-07 3929228125 
4368933.0 0 3921011129 3.907524e-07 1412415798 
4369178.0 1 3373526895 3.8042613e-07 395113485 
4399775.0 0 3150846686 9.673144e-07 2848685905 
4404800.0 0 1869365069 1.788369e-08 4075596975 
4431303.0 2 2340740170 4.219616e-07 3732071459 3433591204 1.4e-08 1848242772 1.428025e-08 250719570 1.428025e-08 
4432295.0 0 2263814062 2.791e-08 1382686479 
4448659.0 2 3006103420 1.5557039999999998e-08 3363823620 2681498831 1.4e-08 
4474251.0 0 1471982444 1.545556e-08 1803925302 
4484719.0 0 2406269022 7.711823e-08 921818415 
4488690.0 3 2406269022 1.399998e-08 37051273 481808867 1.542365e-08 2066612683 1.542365e-08 3458484829 1.542365e-08 2719204682 1.542365e-08 4256642775 1.542365e-08 
4489130.0 0 4256642775 1.542365e-08 481808867 
4491941.0 0 179097684 4.846915e-07 1227575429 
4500551.0 0 1593891639 3.250116e-08 1803925302 
4501332.0 1 373638573 1.0000010209099999 2791633391 
4517059.0 2 1086559163 1.4746900000000001e-08 2945849429 2449448537 1.4e-08 
4517579.0 0 2340740170 4.219616e-07 3778036871 
4524709.0 1 3458484829 2.942365e-08 2406269022 
4530681.0 0 3707189490 4.25605e-08 474866315 
4541021.0 1 4256642775 3.08473e-08 481808867 
4545071.0 1 2340740170 4.3659938e-07 2898323513 
4546692.0 1 179097684 4.986915e-07 2024675612 
4552430.0 1 3150846686 9.813144e-07 2795041644 
4566518.0 3 847040419 1.567125e-08 343742982 463844675 1.4e-08 
4584264.0 0 3778036871 1.50255e-08 4096225443 
4591093.0 3 3921011129 3.9075231999999987e-07 3373526895 3167902617 1.641328e-08 579073438 1.40005e-08 3468130899 1.40005e-08 393090083 1.40005e-08 2343849308 1.40005e-08 1055469694 1.40005e-08 627452446 1.40005e-08 2014426858 1.40005e-08 2716949832 1.40005e-08 552634658 1.40005e-08 3736523900 1.40005e-08 2213923665 1.40005e-08 1503202005 1.40005e-08 3202152185 1.40005e-08 2622395779 1.40005e-08 3607413901 1.40005e-08 649593533 1.40005e-08 66987975 1.40005e-08 483021244 1.40005e-08 3707800333 1.40005e-08 3528190190 1.40005e-08 2185291493 1.40005e-08 550176535 1.40005e-08 1674415855 1.40005e-08 4287239676 1.40005e-08 3884987045 1.40005e-08 1960974751 1.40005e-08 
4597670.0 0 1516068388 2.791e-08 3604532305 
4602457.0 1 3921011129 4.047529e-07 649593533 
4608927.0 0 2340740170 4.365993e-07 1945448119 
4616617.0 1 3921011129 4.187534e-07 3884987045 
4620099.0 1 3921011129 4.327539e-07 393090083 
4620297.0 2 4256642775 3.084729e-08 3458484829 309459595 1.4e-08 2348040613 1.542365e-08 
4628695.0 0 3707189490 4.25605e-08 551137729 
4629631.0 0 2348040613 1.542365e-08 2066612683 
4633631.0 1 3921011129 4.467544e-07 1503202005 
4647688.0 0 2066612683 1.542365e-08 309459595 
4648139.0 1 3150846686 1.0092244e-06 632754209 
4657508.0 0 4256642775 3.084729e-08 309459595 
4676615.0 3 1227575429 1.3999990000000003e-08 1869365069 3180086772 1.589685e-08 3833074883 1.589685e-08 
4679103.0 1 1321648343 4.290373e-08 1128056158 
4680589.0 1 3150846686 1.0232245e-06 2622395779 
4681972.0 1 3150846686 1.0372255e-06 2213923665 
4684996.0 1 2348040613 2.942365e-08 309459595 
4700260.0 3 245436729 2.791e-08 3297362622 1462644303 1.4e-08 
4707992.0 3 2542835646 1.4e-08 2029773149 4088625113 1.431889e-08 1237914369 1.431889e-08 
4712343.0 0 179097684 4.986915e-07 2138100036 
4712793.0 1 3150846686 1.0512255e-06 1960974751 
4729979.0 0 3150846686 1.051226e-06 1055469694 
4730640.0 1 3921011129 4.607544e-07 3815024321 
4732670.0 2 921818415 1.952916e-08 2066612683 2733144751 1.4e-08 
4746252.0 3 2014426858 1.40005e-08 3302973195 1649557018 1.4e-08 
4748024.0 0 3707800333 1.40005e-08 552634658 
4763030.0 0 4256642775 3.084729e-08 921818415 
4769721.0 0 2205180068 2.791e-08 1072840122 
4777742.0 1 3534547045 7.969113e-07 2138100036 
4778822.0 3 862710978 2.791e-08 301219709 1831065885 1.4e-08 
4779999.0 0 1584276479 2.791e-08 754560055 
4783458.0 0 2263814062 2.791e-08 1998372786 
4784077.0 2 1428265047 2.264467e-08 1736323711 79461789 1.4e-08 
4797707.0 0 3534547045 7.969113e-07 1494850122 
4801277.0 1 3534547045 8.116582e-07 1086559163 
4816954.0 3 1516068388 2.791e-08 79461789 1621314342 1.4e-08 
4822051.0 2 2408568032 2.461708e-08 4088625113 2016090987 1.4e-08 
4823143.0 1 3150846686 1.0652265e-06 552634658 
4830164.0 1 373638573 1.00000102834323 378125977 
4834468.0 3 862710978 2.791e-08 2589646060 1553963666 1.4e-08 
4837732.0 3 2178051842 1.4e-08 102901530 1002680420 2.091e-08 734120091 2.091e-08 
4839779.0 3 217284033 1.616379e-08 2779686750 2475979558 1.4e-08 
4846157.0 1 3150846686 1.0878706700000001e-06 1428265047 
4852276.0 2 4256642775 3.286629e-08 2348040613 2649056468 2.740465e-08 
4856794.0 3 1541946641 1.4000000000000003e-08 3604532305 3381587904 1.741e-08 175860597 1.741e-08 
4864606.0 1 4256642775 6.027093999999999e-08 2649056468 
4917462.0 0 2340740170 4.365993e-07 2681498831 
4919064.0 0 1075699702 4.245896e-07 790319072 
4929333.0 1 3534547045 8.256587e-07 3528190190 
4938326.0 0 790319072 2.791e-08 175860597 
4938512.0 2 3642829293 1.4993730000000002e-08 1803925302 1089013536 1.4e-08 
4953593.0 0 4256642775 6.027094e-08 921818415 
4967014.0 0 3921011129 4.607544e-07 1227575429 
4969527.0 1 3921011129 4.7527023000000003e-07 2961226102 
4993883.0 3 3775452048 1.3999989999999996e-08 4167430602 552498239 1.545504e-08 481049431 1.545504e-08 
4996715.0 2 313359544 1.634052e-08 1837088337 2950407739 1.4e-08 
5004466.0 1 373638573 1.0000010143432299 1998372786 
5047844.0 0 3167902617 1.641328e-08 2716949832 
5067213.0 0 3167902617 1.641328e-08 550176535 
5081389.0 3 3006103420 1.555704e-08 1831065885 72955594 1.4e-08 
5081540.0 1 3006103420 2.955704e-08 72955594 
5095268.0 0 2487301543 2.791e-08 4083845756 
5118800.0 3 4032129539 1.649994e-08 3696193412 1771264541 1.4e-08 
5120447.0 0 3778036871 1.50255e-08 1541925803 
5143294.0 1 373638573 1.0000010145905098 406745133 
5165701.0 0 2263814062 2.791e-08 1896745001 
5176044.0 0 2340740170 4.365993e-07 1227575429 
5180335.0 0 1593891639 3.250116e-08 1462644303 
5181145.0 1 3921011129 5.0252337e-07 3257166052 
5184821.0 1 373638573 1.00000102791 3736601249 
5190044.0 3 66987975 1.40005e-08 781549661 2353028958 1.4e-08 
5204316.0 1 373638573 1.0000014245895998 1075699702 
5209401.0 2 3921011129 5.025233e-07 3006103420 2980075456 1.4e-08 3449694611 1.555704e-08 
5210169.0 1 3921011129 5.165233e-07 2980075456 
5215522.0 3 1494850122 1.4e-08 2542835646 1194638860 1.4e-08 
5231651.0 3 2343849308 1.40005e-08 2449448537 114837353 1.4e-08 
5234967.0 3 3823443426 1.74823e-08 245436729 2341758500 1.916885e-08 651046398 1.916885e-08 
5248978.0 1 1194638860 2.8e-08 1494850122 
5250013.0 0 2286860921 1.91942e-08 3149440925 
5252902.0 1 3150846686 1.1018715e-06 3736523900 
5255669.0 0 287801793 2.184331e-08 3778036871 
5267018.0 0 1123501568 2.791e-08 1543523724 
5269201.0 1 373638573 1.0000010226477598 438292632 
5270741.0 0 217284033 1.616379e-08 463844675 
5278510.0 1 3534547045 8.535687e-07 862710978 
5289295.0 1 179097684 5.1436275e-07 3562383954 
5310726.0 0 3534547045 8.535687e-07 3167902617 
5329285.0 2 3823443426 1.9039350000000002e-08 3449694611 2780384598 1.4e-08 
5361512.0 1 3534547045 8.6894698e-07 3149440925 
5387262.0 3 2620740164 1.4e-08 2795063678 1061526795 1.428025e-08 3342541004 1.428025e-08 
5390653.0 1 2246051850 3.0851426e-07 3314075649 
5396107.0 0 3921011129 5.165233e-07 66987975 
5400937.0 0 114837353 1.4e-08 1541925803 
5416935.0 0 2263814062 2.791e-08 607396504 
5431967.0 3 4032129539 1.631686e-08 2674988631 1577969976 1.477359e-08 
5446166.0 3 4256642775 4.6416150000000005e-08 2719204682 695939830 1.463922e-08 229435916 1.463922e-08 
5452526.0 1 4256642775 6.105537e-08 229435916 
5465926.0 0 3921011129 5.165233e-07 2185291493 
5489556.0 0 3921011129 5.165233e-07 3707800333 
5495659.0 3 3607413901 1.40005e-08 2620740164 1850435983 1.4e-08 
5505077.0 0 4256642775 6.105537e-08 695939830 
5510138.0 1 4256642775 7.569459000000001e-08 695939830 
5512503.0 0 3150846686 1.101872e-06 1002680420 
5531245.0 0 579073438 1.40005e-08 3099973400 
5540370.0 2 3737780296 3.0701001e-07 1321648343 19131048 1.4e-08 2426951832 1.445186e-08 3089865955 1.445186e-08 
5541112.0 3 3778036871 1.50255e-08 1089013536 3526559023 1.4e-08 
5544374.0 1 373638573 1.00000102791 2440120768 
5547394.0 3 1577969976 1.477359e-08 3099973400 73116178 1.4e-08 
5550483.0 3 1674415855 1.40005e-08 1621314342 2654473721 1.4e-08 
5551802.0 0 2408568032 2.461707e-08 2178051842 
5555911.0 0 3921011129 5.165233e-07 3326748277 
5571894.0 0 3778036871 1.50255e-08 2654473721 
5590136.0 1 3150846686 1.1165225000000001e-06 2909632847 
5590137.0 0 2246051850 3.085142e-07 4093093422 
5596496.0 3 3823443426 1.903935e-08 2353028958 2564127097 1.4e-08 
5609643.0 3 2263814062 1.3999990000000001e-08 1577969976 3554620561 1.43418e-08 2789301560 1.43418e-08 
5635296.0 1 2340740170 4.5563865e-07 3823443426 
5669924.0 1 3534547045 8.843830099999999e-07 1412415798 
5670992.0 0 287801793 2.184331e-08 1837234470 
5673491.0 3 607396504 1.583041e-08 2564127097 3201932102 1.4e-08 
5676987.0 0 3167902617 1.641328e-08 1848242772 
5677487.0 0 179097684 5.143628e-07 2343849308 
5682096.0 3 3459374364 1.589871e-08 949068759 3527214469 1.4e-08 
5699388.0 3 2716949832 1.40005e-08 4096225443 224410298 1.4e-08 
5761326.0 3 4256642775 1.3999989999999996e-08 290926289 3967778277 1.439728e-08 1759850032 1.439728e-08 2704180049 1.439728e-08 287394855 1.439728e-08 2670951229 1.439728e-08 2367820772 1.439728e-08 771359632 1.439728e-08 4186562710 1.439728e-08 3211480542 1.439728e-08 
5762671.0 0 3534547045 8.84383e-07 3167902617 
5764285.0 2 1674415855 1.4001e-08 3468130899 346987663 1.4e-08 
5775422.0 0 1465560917 7.543465e-07 3929228125 
5783726.0 3 754560055 1.594445e-08 4285226245 1922039940 1.4e-08 
5790481.0 1 1458432161 4.1909999999999996e-08 3279231079 
5821672.0 2 1584276479 2.79105e-08 483021244 2110688926 1.4e-08 
5828042.0 3 3983774618 1.4e-08 2681498831 1314810707 1.6229e-08 2472898255 1.6229e-08 
5829789.0 0 2472898255 1.6229e-08 3983774618 
5849088.0 0 3211480542 1.439728e-08 4256642775 
5853096.0 1 3921011129 5.3092058e-07 287394855 
5856821.0 2 3150846686 1.53543174e-06 2340740170 3459912306 1.836448e-08 1598213090 1.836448e-08 
5862654.0 2 410848061 1.4432320000000001e-08 627452446 1495382923 1.4e-08 
5878178.0 3 1553963666 1.4e-08 3755198008 722767024 1.4e-08 
5882055.0 1 3534547045 8.98383e-07 4256642775 
5892667.0 1 3150846686 1.54990487e-06 3012889883 
5901050.0 2 1735432893 2.789212e-08 1237914369 515125813 1.4e-08 
5947111.0 2 1002680420 2.19355e-08 3778036871 1298902656 1.4e-08 
5961552.0 3 1735432893 2.0980850000000003e-08 3202152185 3532628785 2.091177e-08 
5969275.0 1 3534547045 9.1278028e-07 3967778277 
5970268.0 3 659524895 2.5980409999999997e-08 1826422368 826924968 1.651595e-08 
5982167.0 2 2367820772 1.439778e-08 3707800333 3190311976 1.4e-08 
5990754.0 1 1735432893 3.498085e-08 3526559023 
5996139.0 1 179097684 5.283627999999999e-07 2733144751 
5997821.0 3 1037584679 1.4e-08 1842102965 841878026 1.431889e-08 2747938267 1.431889e-08 
6001763.0 0 4287239676 1.40005e-08 1541925803 
6004594.0 1 3150846686 1.5924655e-06 953296898 
6008058.0 0 3326748277 2.791e-08 1541925803 
6008731.0 2 3833074883 1.6329169999999998e-08 410848061 3177521820 1.4e-08 
6009268.0 0 3921011129 5.309206e-07 1314810707 
6024529.0 1 3150846686 1.61082948e-06 3459912306 
6025577.0 0 3737780296 3.0701e-07 3775452048 
6028199.0 3 2125112500 2.791e-08 1420914473 3363025910 1.4e-08 
6031992.0 0 3534547045 9.127803e-07 3326748277 
6040698.0 2 754560055 1.634173e-08 1759850032 1290268226 1.4e-08 
6042841.0 3 3532628785 2.091177e-08 1072840122 764400056 1.4e-08 
6046599.0 3 3363025910 1.4e-08 3177521820 1517815290 1.4e-08 
6051641.0 0 1584276479 2.79105e-08 2110688926 
6066030.0 3 2704180049 1.439728e-08 2475979558 66064165 1.4e-08 
6170262.0 0 3921011129 5.309206e-07 2780384598 
6175894.0 0 249728555 1.902331e-08 550176535 
6193650.0 0 3921011129 5.309206e-07 3554620561 
6196169.0 1 3534547045 9.2717758e-07 4186562710 
6198487.0 1 3534547045 9.411776e-07 1922039940 
6238796.0 0 2341758500 1.916885e-08 764400056 
6275846.0 3 1434498202 2.782141e-08 2263814062 2766526296 1.4e-08 
6278129.0 1 3534547045 9.551781e-07 2343849308 
6285255.0 1 3150846686 1.6251718000000001e-06 3554620561 
6290453.0 1 373638573 1.00000102791 2074240873 
6318832.0 1 3150846686 1.6391714999999999e-06 1055469694 
6336434.0 1 3921011129 5.588311e-07 1584276479 
6361811.0 3 841878026 1.431889e-08 2707460946 2454553876 1.4e-08 
6368078.0 0 3921011129 5.588311e-07 579073438 
6373233.0 1 3921011129 5.8067441e-07 287801793 
6391061.0 1 3534547045 9.691785999999998e-07 4287239676 
6428358.0 0 754560055 1.634173e-08 313359544 
6438669.0 1 179097684 5.4477608e-07 3167902617 
6439642.0 0 1516068388 2.791e-08 2950407739 
6444220.0 3 1593891639 1.4000009999999996e-08 3342541004 1923515514 1.63907e-08 3339828518 1.63907e-08 
6452060.0 1 3534547045 9.8357588e-07 771359632 
6457980.0 3 3607413901 1.40005e-08 1771264541 105819081 1.4e-08 
6460958.0 3 313359544 1.634052e-08 1945448119 533433650 1.4e-08 
6488870.0 3 2438291630 1.434323e-08 1593891639 1601889739 1.4e-08 
6494163.0 0 2125112500 2.791e-08 249728555 
6500204.0 1 3921011129 5.9701492e-07 313359544 
6509770.0 0 3534547045 9.835759e-07 1553963666 
6523140.0 3 2367820772 1.439778e-08 533433650 381652938 1.4e-08 
6531082.0 1 3150846686 1.6555627e-06 1923515514 
6547841.0 0 4209590891 1.434323e-08 3775452048 
6555893.0 0 4032129539 1.631686e-08 629078091 
6568987.0 3 1298902656 1.4e-08 211811971 96665495 1.4e-08 
6577973.0 0 224410298 1.4e-08 2950407739 
6582824.0 1 179097684 5.587761e-07 381652938 
6592627.0 0 3737780296 3.0701e-07 888311950 
6595138.0 0 3534547045 9.835759e-07 1290268226 
6615543.0 0 179097684 5.587761e-07 1553963666 
6625916.0 3 2378434411 1.490451e-08 2369258877 1342185090 1.4e-08 
6637321.0 0 3527214469 1.4e-08 2654473721 
6648681.0 0 2341758500 1.916885e-08 2472898255 
6665651.0 1 373638573 1.0000010143432299 4069401935 
6709438.0 2 2286860921 1.9195190000000002e-08 1674415855 149784911 1.4e-08 
6718999.0 1 179097684 5.727761e-07 1553963666 
6723562.0 1 179097684 5.8717388e-07 2367820772 
6723702.0 3 734120091 2.091e-08 2110688926 85224627 1.4e-08 
6733607.0 0 2906924538 2.791e-08 3775452048 
6735269.0 0 3201932102 1.4e-08 3433591204 
6738209.0 0 896813269 1.458636e-08 4083845756 
6751951.0 0 1848242772 1.428025e-08 2780384598 
6758316.0 2 2670951229 1.479456e-08 2704180049 1965662198 1.4e-08 
6797760.0 0 2341758500 1.916885e-08 3363025910 
6817680.0 1 3534547045 9.975759e-07 1290268226 
6819679.0 3 722767024 1.4e-08 114837353 110439229 1.4e-08 
6830066.0 3 3532628785 2.091177e-08 764400056 1449522982 1.4e-08 
6853903.0 3 741863299 2.791e-08 1449522982 3279439195 1.4e-08 
6858642.0 1 373638573 1.00000102791 873214132 
6873014.0 0 300193622 2.791e-08 482917538 
6876140.0 1 3534547045 1.0115759e-06 722767024 
6890336.0 0 249728555 1.902331e-08 2441325815 
6895063.0 0 551137729 1.472778e-08 1246511018 
6895513.0 1 179097684 6.011738e-07 149784911 
6906317.0 3 3211480542 1.439728e-08 110439229 360107933 1.4e-08 
6906667.0 1 3211480542 2.839728e-08 360107933 
6914634.0 1 3921011129 6.110149e-07 3433591204 
6958604.0 1 3150846686 1.669563e-06 3201932102 
6963947.0 0 1634407402 1.499373e-08 515125813 
6972361.0 0 1458432161 4.191e-08 1593850299 
6974886.0 0 1465560917 7.543465e-07 300193622 
6983026.0 1 179097684 6.151743e-07 2185291493 
6997415.0 1 3150846686 1.6835629999999999e-06 105819081 
7027891.0 3 4032129539 1.631686e-08 3983774618 1657444763 1.4e-08 
7057337.0 3 3279439195 1.4e-08 19131048 58759274 1.4e-08 
7061303.0 1 3534547045 1.025576e-06 1342185090 
7081422.0 3 1593850299 2.791e-08 96665495 2135013218 1.4e-08 
7087239.0 0 754560055 1.634173e-08 66064165 
7087802.0 3 847040419 1.567125e-08 2654473721 470332523 1.4e-08 
7106416.0 0 1035492323 2.791e-08 58759274 
7112362.0 1 1465560917 7.706334700000001e-07 3182159117 
7174288.0 1 3534547045 1.039576e-06 1657444763 
7197585.0 0 179097684 6.151743e-07 2286860921 
7231185.0 1 3534547045 1.053576e-06 73116178 
7244001.0 0 3326748277 2.791e-08 2151269300 
7261734.0 3 346987663 1.4e-08 6723929 3217169414 1.4e-08 
7268565.0 1 3150846686 1.6979048000000001e-06 2789301560 
7283420.0 1 373638573 1.0000010146504998 474866315 
7337240.0 0 2027098952 1.700007e-08 439844059 
7366146.0 0 3150846686 1.697904e-06 224410298 
7368367.0 2 1950077488 1.5521020000000004e-08 3653734512 3030801476 1.4e-08 
7418251.0 1 179097684 6.3436949e-07 2286860921 
7426844.0 2 3921011129 6.2118851e-07 1593850299 2208266878 1.773639e-08 
7432920.0 0 3357643131 2.344358e-08 688805295 
7435188.0 1 3534547045 1.06973979e-06 217284033 
7443211.0 0 179097684 6.343695e-07 3190311976 
7473872.0 2 754560055 1.6342230000000002e-08 2014426858 3715668764 1.4e-08 
7475180.0 3 4032129539 1.631686e-08 1298902656 3418547556 1.4e-08 
7497999.0 1 3534547045 1.08374e-06 1541925803 
7501983.0 1 3150846686 1.71357525e-06 847040419 
7502090.0 0 3921011129 6.211886e-07 3715668764 
7509122.0 0 3921011129 6.211886e-07 2208266878 
7512323.0 1 3534547045 1.10008223e-06 754560055 
7563931.0 0 2441325815 1.434323e-08 3030801476 
7574217.0 1 373638573 1.0000010143432299 66296937 
7600165.0 3 3707189490 4.063438e-08 2766526296 355298688 1.592612e-08 
7612286.0 1 3921011129 6.3531521e-07 439844059 
7643368.0 1 373638573 1.00000102791 3326748277 
7646895.0 0 1405660995 1.50255e-08 3418547556 
7653187.0 0 77395223 1.434323e-08 1037584679 
7674768.0 1 3534547045 1.11487656e-06 2670951229 
7701069.0 1 3534547045 1.1310397900000002e-06 3888264012 
7714334.0 1 179097684 6.483695e-07 1965662198 
7747224.0 0 2378434411 1.490451e-08 224410298 
7757985.0 3 1434498202 1.4000009999999996e-08 1598213090 4193709834 1.609294e-08 584993009 1.609294e-08 
7765601.0 1 3150846686 1.734486e-06 734120091 
7768340.0 1 3921011129 6.493151999999999e-07 2950407739 
7789040.0 3 1123501568 2.791e-08 1434498202 1499007652 1.4e-08 
7795736.0 1 3921011129 6.651456100000001e-07 607396504 
7846574.0 2 3150846686 1.734486e-06 1735432893 755060644 1.4e-08 3270476896 2.098085e-08 
7846687.0 1 3150846686 1.748486e-06 755060644 
7854133.0 1 179097684 6.623695e-07 1850435983 
7873385.0 0 249728555 1.902331e-08 1541946641 
7904700.0 1 179097684 6.763695e-07 66064165 
7911551.0 1 3534547045 1.14877639e-06 2208266878 
7935308.0 0 2519559028 3.0701e-07 770580294 
7962370.0 0 2125112500 2.791e-08 2378434411 
7969022.0 0 179097684 6.763695e-07 629078091 
7998544.0 0 790319072 2.791e-08 1149406307 
8025228.0 2 3833074883 1.7056940000000003e-08 690117576 3934203265 1.4e-08 
8090566.0 0 179097684 6.763695e-07 1246511018 
8127514.0 1 826924968 3.083484e-08 841878026 
8127819.0 3 3030801476 1.4e-08 3363025910 1292024166 1.4e-08 
8138581.0 1 1292024166 2.8e-08 3030801476 
8163372.0 0 3534547045 1.148777e-06 470332523 
8187924.0 0 2125112500 2.791e-08 3180086772 
8200180.0 3 770580294 1.4e-08 1950077488 1323984060 1.471551e-08 4197927596 1.471551e-08 
8237802.0 1 1068020906 0.00095463491 3838279446 
8296626.0 1 3921011129 6.791456e-07 3418547556 
8305527.0 3 2205180068 1.4e-08 1516068388 1414892502 2.091e-08 4201342597 2.091e-08 
8313774.0 0 826924968 3.083484e-08 3715668764 
8353342.0 3 659524895 1.4e-08 3563522875 2391696826 1.550186e-08 4138371369 1.550186e-08 
8353411.0 3 3211480542 1.3999990000000003e-08 629078091 3590332688 1.517087e-08 1745749016 1.517087e-08 
8354139.0 2 355298688 1.7824829999999998e-08 4212779140 2711965517 1.4e-08 
8367087.0 2 1745749016 1.6341739999999998e-08 3590332688 2933223072 1.4e-08 
8396195.0 1 3150846686 1.7624859999999999e-06 515125813 
8410518.0 0 1292024166 2.8e-08 3459374364 
8448077.0 1 3534547045 1.1631202299999998e-06 1246511018 
8508119.0 0 1314810707 1.6229e-08 2438291630 
8514725.0 0 179097684 6.763695e-07 2716949832 
8526079.0 0 1465560917 7.706334e-07 965372172 
8534873.0 0 3150846686 1.762486e-06 66987975 
8546986.0 1 3707189490 5.695124e-08 4032129539 
8562761.0 0 3534547045 1.16312e-06 470332523 
8577058.0 0 3357643131 2.344358e-08 2027098952 
8588171.0 3 2521380987 1.431889e-08 1543523724 1987038079 1.4e-08 
8599532.0 3 3382444416 2.791e-08 224410298 3797386594 1.4e-08 
8650490.0 1 1465560917 7.846334e-07 2205180068 
8655620.0 1 3150846686 1.776486e-06 3715668764 
8675029.0 0 179097684 6.763695e-07 1314810707 
8682106.0 0 1002680420 2.19355e-08 4201342597 
8698106.0 1 3150846686 1.7984215e-06 1002680420 
8737380.0 0 482917538 2.791e-08 4209590891 
8810471.0 0 2933223072 1.4e-08 3211480542 
8816023.0 1 1465560917 8.0088549e-07 1149406307 
8824384.0 2 1414892502 2.607885e-08 2341758500 1280619132 1.4e-08 
8832227.0 0 1292024166 2.8e-08 584993009 
8873623.0 0 4193709834 1.609294e-08 3607413901 
8984695.0 1 3150846686 1.812421e-06 1541946641 
9000531.0 3 2391696826 1.550186e-08 463844675 4105879141 1.4e-08 
9020520.0 0 1745749016 1.634173e-08 3190311976 
9023532.0 1 3921011129 6.931456e-07 1649557018 
9023957.0 1 3150846686 1.8267398899999999e-06 2521380987 
9057258.0 2 1745749016 1.6621980000000002e-08 1061526795 3088551619 1.4e-08 
9088122.0 3 3642829293 1.499373e-08 2178051842 3443287411 1.4e-08 
9118748.0 1 3150846686 1.84074e-06 470332523 
9126021.0 1 3534547045 1.179349e-06 1314810707 
9189571.0 3 888311950 1.4e-08 1405660995 3981989558 1.446775e-08 1165174376 1.446775e-08 
9199506.0 2 3270476896 2.1653859999999998e-08 3929228125 3467386575 1.4e-08 
9236610.0 0 3534547045 1.179349e-06 2716949832 
9274064.0 3 1123501568 1.4e-08 481049431 4263904522 1.468252e-08 4267941538 1.468252e-08 
9287839.0 1 3921011129 7.071456e-07 3492274228 
9299931.0 1 3534547045 1.1933494999999999e-06 2716949832 
9349706.0 1 3150846686 1.86165e-06 4201342597 
9394191.0 3 1414892502 1.400001e-08 175860597 3372193553 1.474442e-08 3681452412 1.474442e-08 
9447099.0 1 3534547045 1.207349e-06 3088551619 
9456847.0 1 3150846686 1.87639442e-06 3372193553 
9480060.0 2 1745749016 1.7526489999999998e-08 2378434411 2604064924 1.4e-08 
9505720.0 0 3934203265 1.4e-08 58759274 
9511783.0 1 3150846686 1.890394e-06 1280619132 
9614836.0 1 373638573 1.00000102791 869234806 
9638431.0 1 3534547045 1.221349e-06 3211480542 
9642247.0 1 373638573 1.00000102791 4226750145 
9651844.0 0 3150846686 1.890394e-06 2472898255 
9659674.0 0 3921011129 7.071456e-07 1414892502 
9767684.0 0 2604064924 1.4e-08 85224627 
9822307.0 3 1745749016 1.752649e-08 2604064924 3458662533 1.4e-08 
9831874.0 1 3150846686 1.90512178e-06 1035956119 
9854137.0 0 921818415 1.952915e-08 3190311976 
9866076.0 0 790319072 2.791e-08 2480932170 
9913333.0 0 3534547045 1.221349e-06 1745749016 
9961831.0 1 3921011129 7.233746e-07 2472898255 
10001380.0 1 373638573 1.0000010246170699 2408568032 
10018310.0 1 179097684 6.9037e-07 579073438 
10048230.0 3 4193709834 1.609294e-08 1499007652 762210064 1.4e-08 
10117530.0 0 179097684 6.9037e-07 2933223072 
10203960.0 1 1465560917 8.287955e-07 2125112500 
10228430.0 0 3150846686 1.905122e-06 66987975 
10242810.0 3 3802520055 1.412661e-08 1751902433 570164134 1.4e-08 
10253370.0 0 1986278615 2.791e-08 1848242772 
10265550.0 3 3802520055 1.412661e-08 3458662533 2418772576 1.4e-08 
10336400.0 3 651046398 1.916885e-08 888311950 2105330617 1.4e-08 
10383470.0 0 1465560917 8.287955e-07 1123501568 
10392270.0 3 1986278615 2.791e-08 4188445920 964813250 1.4e-08 
10407730.0 0 3952655669 1.567125e-08 3059103076 
10439530.0 0 3150846686 1.905122e-06 2105330617 
10493470.0 3 1165174376 1.446775e-08 2711965517 2039170765 1.4e-08 
10535550.0 0 2487301543 2.791e-08 2063946235 
10575140.0 3 3197676583 2.1067830000000003e-08 4197927596 4278040469 1.767026e-08 
10591940.0 3 790319072 2.791e-08 1414892502 241690685 1.4e-08 
10605550.0 3 1837234470 1.434323e-08 4035587434 1703904600 1.4e-08 
10606770.0 0 3197676583 2.106783e-08 220564665 
10627030.0 0 300193622 2.791e-08 2016090987 
10636840.0 3 1465560917 8.287955e-07 3737780296 3814978291 1.4e-08 118566979 1.46505e-08 894269343 1.46505e-08 932943525 1.46505e-08 250347941 1.46505e-08 2292589682 1.46505e-08 3971437066 1.46505e-08 2810179169 1.46505e-08 1803012522 1.46505e-08 3940915008 1.46505e-08 3593659676 1.46505e-08 2744143284 1.46505e-08 2002691604 1.46505e-08 3223248356 1.46505e-08 101557930 1.46505e-08 678688578 1.46505e-08 2222966094 1.46505e-08 1301910447 1.46505e-08 2919535035 1.46505e-08 2855048822 1.46505e-08 682911345 1.46505e-08 
10649630.0 0 482917538 2.791e-08 250347941 
10657740.0 0 179097684 6.9037e-07 1745749016 
10669330.0 3 598947138 2.2294650000000003e-08 1837234470 238807518 1.53644e-08 
10671700.0 0 3467386575 1.4e-08 4105879141 
10682870.0 0 3534547045 1.221349e-06 3681452412 
10717670.0 0 3534547045 1.221349e-06 2418772576 
10721100.0 3 2418772576 1.4e-08 4105879141 1840937626 1.4e-08 
10721480.0 0 1703904600 1.4e-08 2454553876 
10755770.0 1 1465560917 8.434459999999999e-07 2292589682 
10756190.0 0 3150846686 1.905122e-06 482917538 
10866840.0 0 651046398 1.916885e-08 3459374364 
10890030.0 3 4267941538 1.468252e-08 2418772576 1734007597 1.4e-08 
10902310.0 0 3059144981 1.567125e-08 2919535035 
10941650.0 3 1292024166 2.369182e-08 118566979 4088691616 1.895868e-08 
10963920.0 1 3150846686 1.92121494e-06 4193709834 
10967180.0 0 3981989558 1.446775e-08 2105330617 
10989910.0 0 1465560917 8.43446e-07 1986278615 
10992210.0 1 3833074883 3.105694e-08 3814978291 
10994500.0 3 3707189490 5.674232e-08 3217169414 2087527840 1.420891e-08 
10999190.0 2 4138371369 1.550236e-08 3607413901 2065940037 1.4e-08 
11051220.0 0 826924968 3.083484e-08 4209590891 
11056470.0 1 373638573 1.0000010209099999 630280293 
11149000.0 0 790319072 2.791e-08 1165174376 
11165460.0 1 3150846686 1.9358975200000003e-06 4267941538 
11213600.0 0 4138371369 1.550236e-08 2087527840 
11264490.0 0 2222966094 1.46505e-08 2016090987 
11277070.0 1 2919535035 2.9301e-08 2744143284 
11283960.0 0 790319072 2.791e-08 3681452412 
11300810.0 2 3180086772 1.6641269999999997e-08 3681452412 2751602400 1.4e-08 
11370020.0 0 85224627 1.4e-08 2151269300 
11395250.0 3 584993009 1.609294e-08 570164134 552380491 1.4e-08 
11475000.0 0 3802520055 1.412661e-08 2135013218 
11504050.0 2 598947138 2.25749e-08 1848242772 253656606 1.4e-08 
11588120.0 1 3150846686 1.9505485e-06 2855048822 
11588250.0 0 584993009 1.609294e-08 2135013218 
11590720.0 0 3150846686 1.950548e-06 1037584679 
11637000.0 1 3150846686 1.9651985e-06 894269343 
11708470.0 1 1465560917 8.580965e-07 3223248356 
11873880.0 1 373638573 1.00000102791 3129006749 
11935820.0 1 3150846686 1.97954223e-06 4209590891 
11954930.0 0 790319072 2.791e-08 1745749016 
12000510.0 2 682911345 1.5301e-08 2222966094 1254429415 1.4e-08 
12026880.0 2 3059103076 1.446984e-08 3802520055 481400394 1.4e-08 
12052040.0 0 4088691616 1.895868e-08 1517815290 
12072840.0 1 3534547045 1.235349e-06 241690685 
12081050.0 1 3150846686 2.007452e-06 482917538 
12097480.0 1 3534547045 1.263259e-06 790319072 
12173810.0 3 4075596975 1.4e-08 2151269300 2584856907 1.4e-08 
12187430.0 2 249728555 1.967381e-08 932943525 3284371529 1.4e-08 
12233110.0 3 2438291630 1.434323e-08 2065940037 871205577 1.4e-08 
12235580.0 1 3921011129 7.373746e-07 2105330617 
12247280.0 0 3921011129 7.373746e-07 3270476896 
12260380.0 1 373638573 1.000001014 3279439195 
12291480.0 0 3089865955 1.445186e-08 964813250 
12299110.0 0 921818415 1.952915e-08 2933223072 
12308920.0 3 3059144981 1.4846639999999998e-08 1703904600 2655011401 1.482461e-08 
12394030.0 1 3921011129 7.5902845e-07 3270476896 
12396560.0 1 3534547045 1.277259e-06 85224627 
12492670.0 1 1465560917 1.1666107e-06 2246051850 
12506060.0 1 1465560917 1.1812615000000001e-06 2810179169 
12508600.0 3 66987975 1.40005e-08 1840937626 4156410056 1.4e-08 
12553960.0 3 3059103076 1.446984e-08 1987038079 249938527 1.4e-08 
12569940.0 0 3707189490 5.674232e-08 66987975 
12660970.0 3 741863299 1.400001e-08 2087527840 843598278 1.405945e-08 2197427154 1.405945e-08 
12686710.0 1 3150846686 2.0214520000000004e-06 1734007597 
12705740.0 1 3150846686 2.0440269e-06 598947138 
12837730.0 3 896813269 1.458636e-08 1123501568 3690557900 1.4e-08 
12845490.0 0 2919535035 2.9301e-08 2718413753 
12918160.0 1 373638573 1.00000102791 2487301543 
12920360.0 0 3534547045 1.277259e-06 1037584679 
12935710.0 1 3921011129 7.7492711e-07 3459374364 
12955670.0 1 3921011129 7.9042896e-07 2391696826 
12973070.0 1 3921011129 8.07839e-07 3381587904 
12979590.0 3 2747938267 1.431889e-08 659524895 3824375258 1.4e-08 
12980650.0 3 3059144981 1.484664e-08 253656606 769315986 1.4e-08 
13000570.0 0 4138371369 1.550236e-08 4083845756 
13004200.0 3 58759274 1.4e-08 3434666020 1856937876 1.4e-08 
13121980.0 1 3921011129 8.2189845e-07 2197427154 
13164890.0 1 373638573 1.00000201445186 2426951832 
13238650.0 2 1471982444 1.613808e-08 4263904522 354497373 1.4e-08 
13301750.0 1 373638573 1.000002014 3934203265 
13345930.0 3 1471982444 1.5842100000000003e-08 3059144981 1230311851 1.514261e-08 
13408640.0 1 3150846686 2.05875478e-06 2879167783 
13451590.0 1 3921011129 8.371995e-07 682911345 
13490800.0 0 481400394 1.4e-08 2135013218 
13551130.0 1 3150846686 2.0751457e-06 3339828518 
13567810.0 0 3532628785 2.091177e-08 2533881277 
13629120.0 0 4075596975 1.4e-08 688805295 
13836500.0 0 2747938267 1.431889e-08 2718413753 
13934180.0 0 769315986 1.4e-08 3824375258 
14177330.0 1 373638573 1.0000020147277802 3303338876 
14206920.0 3 3824069879 4.448505e-08 3833074883 3825172902 1.413063e-08 110318614 1.413063e-08 176241382 1.413063e-08 
14274490.0 1 3150846686 2.0891450000000002e-06 769315986 
14285330.0 0 3150846686 2.089145e-06 2533881277 
14445840.0 1 1465560917 1.195261e-06 346987663 
14453860.0 0 584993009 1.609294e-08 843598278 
14645260.0 1 3150846686 2.1031454999999997e-06 550176535 
14679520.0 2 1301910447 1.493075e-08 250719570 1063934737 1.4e-08 
14744710.0 0 3921011129 8.371995e-07 3824375258 
14746720.0 1 3150846686 2.131146e-06 1194638860 
14786850.0 0 3534547045 1.277259e-06 2718413753 
14790740.0 3 2441325815 1.434323e-08 1517815290 2445084109 1.4e-08 
14804080.0 0 249728555 1.967381e-08 4088691616 
14867840.0 3 3357643131 2.083009e-08 3690557900 1871304206 1.661349e-08 
14885430.0 0 4278040469 1.767026e-08 3059103076 
14981320.0 0 179097684 6.9037e-07 1745749016 
15057990.0 1 3150846686 2.159056e-06 3071234124 
15124040.0 1 1465560917 1.20960423e-06 2438291630 
15193790.0 0 2445084109 1.4e-08 2135013218 
15207090.0 0 3534547045 1.277259e-06 3824375258 
15331220.0 1 3534547045 1.291259e-06 3824375258 
15351230.0 3 2441325815 1.434323e-08 2751602400 4185666246 1.4e-08 
15530810.0 1 3150846686 2.173056e-06 741863299 
15544350.0 3 921818415 1.952915e-08 3190311976 1905833305 1.4e-08 
15565940.0 1 3921011129 8.525639e-07 238807518 
15574550.0 1 373638573 1.0000020279100001 300193622 
15652300.0 0 1292024166 2.369182e-08 3662110242 
15708590.0 0 250347941 1.46505e-08 176241382 
15713920.0 0 921818415 1.952915e-08 1905833305 
15726490.0 0 762210064 1.4e-08 3775452048 
15765170.0 0 921818415 1.952915e-08 1905833305 
15766050.0 0 4075596975 1.4e-08 688805295 
15855340.0 1 3150846686 2.1877065e-06 101557930 
15920850.0 1 3150846686 2.20263675e-06 1301910447 
15921700.0 0 179097684 6.9037e-07 1745749016 
15983520.0 1 3150846686 2.2184791e-06 1471982444 
16071990.0 2 1165174376 1.4468250000000001e-08 66987975 3879652638 1.4e-08 
16111500.0 1 3150846686 2.23457194e-06 584993009 
16334470.0 1 3150846686 2.2487026299999998e-06 110318614 
16337570.0 2 2962530363 1.544329e-08 1323984060 1924091726 1.4e-08 
16375270.0 1 3150846686 2.27239482e-06 1292024166 
16667040.0 0 3921011129 8.525639e-07 1230311851 
16792230.0 0 179097684 6.9037e-07 2584856907 
16802930.0 1 3150846686 2.28673823e-06 4083845756 
16851600.0 0 3921011129 8.525639e-07 2454553876 
16852220.0 1 3150846686 2.300738e-06 58759274 
16858230.0 0 179097684 6.9037e-07 2933223072 
16874510.0 1 3534547045 1.305259e-06 2718413753 
17007630.0 0 1745749016 1.752649e-08 2933223072 
17008510.0 0 3180086772 1.664127e-08 843598278 
17010790.0 0 1465560917 1.209604e-06 2480932170 
17224210.0 1 179097684 7.0437e-07 481400394 
17300220.0 1 373638573 1.00000201405945 843598278 
17311960.0 1 1465560917 1.2237346299999999e-06 3825172902 
17390830.0 1 179097684 7.1837e-07 2933223072 
17463130.0 1 373638573 1.0000020150255 3662110242 
17469570.0 0 678688578 1.46505e-08 3467386575 
17537680.0 1 1465560917 1.237735e-06 770580294 
17632820.0 2 3357643131 2.1297840000000002e-08 3981989558 1629863604 1.4e-08 
17708420.0 1 3150846686 2.31520624e-06 1165174376 
17731790.0 2 921818415 2.3055640000000002e-08 1745749016 698682927 1.4e-08 
17790560.0 0 2919535035 2.9301e-08 4088691616 
17941790.0 1 3534547045 1.319259e-06 4075596975 
17946410.0 3 921818415 2.305564e-08 1905833305 855708858 1.4e-08 
18037880.0 1 921818415 3.705564e-08 855708858 
18124420.0 0 651046398 1.916885e-08 432337108 
18156090.0 1 1465560917 1.251735e-06 2039170765 
18186110.0 1 3921011129 8.8339874e-07 826924968 
18294140.0 1 373638573 1.00000201449552 220564665 
18397670.0 0 3921011129 8.833987e-07 688805295 
18536850.0 1 3150846686 2.3292060000000002e-06 871205577 
18558200.0 1 373638573 1.000002014 3467386575 
18612880.0 0 2002691604 1.46505e-08 3775452048 
18650170.0 1 3150846686 2.3438565e-06 250347941 
18651160.0 3 2298477853 2.283159e-08 1856937876 3076001680 1.907841e-08 
18697090.0 0 3150846686 2.343857e-06 1063934737 
18697510.0 3 4278040469 1.767026e-08 1896745001 1493833725 1.4e-08 
18745590.0 1 373638573 1.0000020146505 678688578 
18753260.0 2 1871304206 1.77561e-08 1230311851 1450024594 1.4e-08 
18797760.0 1 3534547045 1.3339095e-06 2002691604 
19039490.0 1 3150846686 2.38834205e-06 3824069879 
19148150.0 1 373638573 1.000002014 1254429415 
19804270.0 0 129185354 2.791e-08 875106938 
19807750.0 0 552380491 1.4e-08 688805295 
19923580.0 1 3534547045 1.34791e-06 3527214469 
20108250.0 3 249728555 1.967381e-08 2445084109 1797275806 1.4e-08 
20508370.0 3 3707189490 1.4e-08 1450024594 3378187523 1.418558e-08 564959126 1.418558e-08 3356410364 1.418558e-08 2620273024 1.418558e-08 
20717070.0 1 3150846686 2.402342e-06 3707189490 
20887730.0 1 3150846686 2.41652758e-06 3356410364 
20905990.0 0 1465560917 1.251735e-06 1462644303 
20948020.0 2 1634407402 1.5644229999999998e-08 3940915008 4177016268 1.4e-08 
20980120.0 0 1465560917 1.251735e-06 1924091726 
21231290.0 1 3921011129 8.9758428e-07 3378187523 
21259030.0 1 3534547045 1.3619099999999999e-06 1924091726 
21330580.0 1 3150846686 2.4305270000000004e-06 965372172 
21479330.0 0 3150846686 2.430527e-06 785216844 
21487500.0 0 1465560917 1.251735e-06 2747938267 
21712990.0 1 179097684 7.3237e-07 688805295 
21780830.0 0 3532628785 2.091177e-08 3642829293 
21793450.0 3 2063946235 1.545556e-08 2454553876 2480753293 1.4e-08 
21849080.0 1 1465560917 1.27081341e-06 3076001680 
21916220.0 0 2480932170 2.791e-08 552498239 
21964680.0 2 3593659676 1.4993730000000002e-08 432337108 3251328182 1.4e-08 
21970220.0 1 3150846686 2.444527e-06 2480753293 
21987250.0 0 3357643131 2.129784e-08 564959126 
22184620.0 0 1465560917 1.270814e-06 2747938267 
22186320.0 0 3534547045 1.36191e-06 1797275806 
22370270.0 3 4185666246 1.4e-08 762210064 3584287056 1.4e-08 
22462050.0 0 3150846686 2.444527e-06 3197676583 
22511260.0 1 373638573 1.00000201700007 2027098952 
22555750.0 1 3921011129 9.115843e-07 4185666246 
22713940.0 1 373638573 1.00000201895868 4088691616 
23061140.0 1 3150846686 2.45887023e-06 2441325815 
23117550.0 1 3921011129 9.3125811e-07 249728555 
23246810.0 0 3921011129 9.312581e-07 3879652638 
23346180.0 1 373638573 1.00000201508417 785216844 
23495580.0 0 3150846686 2.45887e-06 3180086772 
23856220.0 1 1465560917 1.2885701e-06 1871304206 
23941100.0 1 3150846686 2.47287e-06 1493833725 
24127350.0 1 3150846686 2.4868700000000003e-06 3584287056 
24222910.0 1 3150846686 2.5081678399999998e-06 3357643131 
24241780.0 1 3150846686 2.52583826e-06 4278040469 
24296510.0 2 2655011401 1.547511e-08 1803012522 1661868134 1.4e-08 
24489140.0 1 3534547045 1.37591e-06 3251328182 
24557180.0 1 179097684 7.4637e-07 3879652638 
24824120.0 1 3150846686 2.54002358e-06 2620273024 
24955540.0 1 3150846686 2.55784883e-06 355298688 
25715340.0 1 3150846686 2.57257678e-06 3083352544 
25718610.0 1 3150846686 2.58702886e-06 3089865955 
25789360.0 1 3150846686 2.60794077e-06 3532628785 
25980870.0 2 3197676583 2.2061559999999998e-08 3593659676 3687573659 1.4e-08 
26451930.0 3 1797275806 1.4e-08 2016090987 3196256300 1.4e-08 
26709580.0 3 3642829293 1.499373e-08 3797386594 848448836 1.4e-08 
26832130.0 1 3150846686 2.62194e-06 3687573659 
26965080.0 1 3150846686 2.6359400000000003e-06 1629863604 
27040810.0 1 3921011129 9.452581e-07 354497373 
27176980.0 1 373638573 1.000002014 1495382923 
27601780.0 1 373638573 1.00000201508417 283080478 
28111190.0 1 3150846686 2.64994e-06 3196256300 
28250060.0 3 921818415 1.4e-08 698682927 2211003714 1.852782e-08 2916276788 1.852782e-08 
28443180.0 0 3150846686 2.64994e-06 2655011401 
28519230.0 3 3197676583 2.167558e-08 4046076794 3696193412 1.438598e-08 
28636760.0 1 3150846686 2.6649337300000003e-06 3642829293 
28639170.0 1 3150846686 2.68038956e-06 2063946235 
28866180.0 0 1465560917 1.28857e-06 2480932170 
29116550.0 1 3150846686 2.69439e-06 1063934737 
29136170.0 1 3150846686 2.70986511e-06 2655011401 
29302770.0 1 3150846686 2.7238650000000004e-06 1797275806 
29435120.0 2 2916276788 1.852782e-08 921818415 15308464 1.4e-08 
30572650.0 0 2211003714 1.852782e-08 15308464 
31069980.0 0 3150846686 2.723865e-06 1601889739 
31176490.0 1 373638573 1.00000202283159 2298477853 
31511900.0 1 373638573 1.0000020147277802 1738909006 
31645530.0 1 373638573 1.0000020143188901 2747938267 
31858050.0 1 3150846686 2.737865e-06 1601889739 
32165360.0 1 3150846686 2.7518650000000004e-06 4156410056 
32374140.0 1 373638573 1.00000201544329 2962530363 
32803630.0 0 552498239 1.545504e-08 1462644303 
32849600.0 1 3534547045 1.38991e-06 552380491 
34739000.0 1 1465560917 1.30315636e-06 896813269 
35756050.0 0 3150846686 2.751865e-06 564959126 
36038900.0 1 3921011129 9.6693368e-07 3197676583 
36683400.0 1 373638573 1.000002014 848448836 
36898030.0 1 3534547045 1.4045605000000001e-06 3971437066 
40214860.0 1 3150846686 2.76625098e-06 3696193412 
40859020.0 1 179097684 7.6301127e-07 3180086772 
40875020.0 3 179097684 7.435436799999999e-07 2480932170 1239307652 1.579254e-08 1945448119 1.579254e-08 3396227953 1.579254e-08 
40880390.0 1 179097684 7.593362399999999e-07 1945448119 
41070970.0 2 2916276788 2.3055640000000002e-08 2211003714 3321237907 1.4e-08 
41080300.0 1 179097684 7.7512874e-07 1239307652 
41086000.0 0 3921011129 9.669337e-07 564959126 
41769750.0 3 2916276788 2.060901e-08 3321237907 3187199216 1.644663e-08 
41835120.0 1 3150846686 2.780251e-06 1661868134 
41842430.0 1 2916276788 3.705564e-08 3187199216 
42055820.0 0 3150846686 2.780251e-06 564959126 
42511890.0 3 2916276788 1.4e-08 15308464 3330100144 1.852782e-08 310481256 1.852782e-08 
43142980.0 1 310481256 3.252782e-08 2916276788 
43666360.0 1 373638573 1.000002014 249938527 
48995350.0 1 3921011129 9.809337e-07 1462644303 
50866750.0 1 373638573 1.00000201545504 552498239 
50905510.0 2 3534547045 1.99410811e-06 179097684 817087088 1.427543e-08 551137729 1.427543e-08 1218250404 1.427543e-08 1035956119 1.427543e-08 1211996162 1.427543e-08 188552836 1.427543e-08 2029773149 1.427543e-08 302486611 1.427543e-08 1842102965 1.427543e-08 1285693762 1.427543e-08 1078741991 1.427543e-08 2723643411 1.427543e-08 1804212609 1.427543e-08 
50926580.0 1 3534547045 2.00838343e-06 551137729 
50966740.0 1 3534547045 2.02265943e-06 188552836 
50967340.0 1 3534547045 2.03693443e-06 302486611 
51016260.0 1 3534547045 2.05121043e-06 1804212609 
51092460.0 1 3534547045 2.06548543e-06 1285693762 
51138060.0 1 3534547045 2.07976143e-06 1211996162 
51863200.0 0 3150846686 2.780251e-06 3952655669 
51978840.0 1 3534547045 2.09403643e-06 1078741991 
52015780.0 1 3534547045 2.10831143e-06 1035956119 
52033100.0 1 373638573 1.000002014 3443287411 
52061660.0 1 3150846686 2.794251e-06 3284371529 
52313240.0 1 3921011129 9.9520913e-07 1218250404 
55845940.0 1 3150846686 2.8085264300000002e-06 2029773149 
56616150.0 1 3534547045 2.12410454e-06 3396227953 
59674430.0 1 3150846686 2.82280143e-06 2723643411 
62021810.0 1 3150846686 2.850712e-06 129185354 
62908940.0 0 3921011129 9.952091e-07 1842102965 
65634900.0 1 3150846686 2.86498743e-06 817087088  