193.0857 1 2246051850 3.0701e-07 211811971 
215.3427 1 343742982 5.582e-08 2480932170 
671.4495 1 2340740170 3.0701e-07 2932274237 
762.3012 1 778035964 5.582e-08 1494141940 
1275.484 1 873214132 5.582e-08 3357643131 
1491.649 1 3373526895 3.0701e-07 1134175585 
1915.924 1 3534547045 3.0701e-07 925199572 
2417.184 1 4259593397 3.0701e-07 3953846011 
2733.01 1 1735432893 5.582e-08 3126241903 
4700.436 1 941534069 5.582e-08 3121047530 
4773.418 1 179097684 3.0701e-07 1206764858 
5095.31 1 3534547045 3.3492e-07 1661091397 
5425.064 1 3616865126 5.582e-08 3150420704 
6528.038 1 2246051850 3.3492e-07 688805295 
6684.336 1 1075699702 3.0701e-07 1156624510 
7830.403 1 2340740170 3.3492e-07 40245973 
7831.838 1 545239233 3.0701e-07 245436729 
10604.5 1 1075699702 3.3492e-07 102901530 
10916.16 1 1572835533 3.0701e-07 2693713428 
13377.1 1 1321648343 5.582e-08 636961411 
14465.14 0 2246051850 3.3492e-07 770580294 
14668.3 1 1075699702 3.6283e-07 3933289935 
16616.9 0 2263814062 2.791e-08 1037584679 
16794.3 1 2779686750 5.582e-08 4263717482 
18070.32 1 4259593397 3.3492e-07 1458432161 
18738.68 1 545239233 3.3492e-07 1493201942 
21429.57 1 2246051850 3.6283e-07 953296898 
21861.21 1 426576124 3.0701e-07 3108364485 
22165.27 1 1572835533 3.3492e-07 259930472 
23709.75 1 3373526895 3.3492e-07 3841896594 
24298.52 0 287801793 2.791e-08 3084497907 
25766.7 1 545239233 3.6283e-07 1516068388 
31486.81 1 1572835533 3.6283e-07 384163328 
31505.44 0 1738899943 2.791e-08 2455496064 
32889.89 1 2799798816 3.0701e-07 2466232951 
34386.81 0 3084497907 2.791e-08 1379399837 
34517.21 1 1572835533 3.9073999999999996e-07 3241671100 
40752.58 1 2246051850 3.9073999999999996e-07 242414939 
40908.24 1 4031050948 3.0701e-07 1347872676 
46116.57 1 1068020906 0.0009543279100000001 2757833455 
49411.07 0 1735432893 5.582e-08 582973675 
50606.63 0 1572835533 3.9074e-07 2408568032 
54920.9 1 1068020906 0.0009543558100000001 1768543625 
58695.77 1 545239233 3.9073999999999996e-07 2737363250 
67530.18 1 545239233 4.1865e-07 3084497907 
70113.25 1 3921011129 3.0701e-07 3908154577 
80362.77 1 2340740170 3.6283e-07 257754683 
84017.56 1 3534547045 3.6283e-07 1631081845 
85368.03 1 2779686750 8.373e-08 3421887303 
85609.34 0 3497999925 2.791e-08 3775452048 
87450.01 0 3747246174 2.791e-08 2406269022 
98165.43 0 3534547045 3.6283e-07 3938221642 
103320.6 1 3150846686 3.0701e-07 331336395 
104973.4 1 3921011129 3.3492e-07 2859795595 
111843.8 1 3921011129 3.6283e-07 2455496064 
115618.1 0 3061883439 2.791e-08 780264402 
116353.1 1 2246051850 4.1865e-07 561528368 
119800.5 0 3921011129 3.6283e-07 2835620284 
120353.7 0 3938221642 2.791e-08 3889879026 
127873.7 2 1425083048 3.377015e-08 3326748277 3687573659 2.204985e-08 
135239.4 0 3150846686 3.0701e-07 3257166052 
147416.3 1 3534547045 3.9073999999999996e-07 3938221642 
150526.8 1 3921011129 3.9073999999999996e-07 2178051842 
151023.7 2 2340740170 6.1947365e-07 1465560917 3196256300 2.245635e-08 
151809.5 1 3373526895 3.6283e-07 3621383820 
152563.0 1 3150846686 3.3492e-07 1123501568 
156274.2 0 3534547045 3.9074e-07 2038493855 
163110.5 2 4259593397 3.3492e-07 873214132 848448836 1.4e-08 2211003714 2.091e-08 2916276788 2.091e-08 
171065.8 0 780264402 2.791e-08 3749853089 
179260.2 0 3800234335 2.791e-08 582973675 
183012.6 0 1572835533 3.9074e-07 3196256300 
184427.5 0 2856850640 2.791e-08 3891448235 
191907.3 0 2406269022 2.791e-08 862710978 
199750.0 1 1222799196 3.0701e-07 1019134040 
201566.0 1 2340740170 6.473837e-07 2937387076 
201647.3 1 2835620284 5.582e-08 287801793 
202329.0 0 2429525676 2.791e-08 3245569981 
223368.2 1 426576124 3.3492e-07 2545005546 
232672.5 0 2246051850 4.1865e-07 314650893 
237572.0 0 3497999925 2.791e-08 3196256300 
241037.7 1 2246051850 4.4656e-07 3732071459 
263223.3 1 3150846686 3.6283e-07 3071234124 
278663.2 0 1866926464 2.791e-08 2710766136 
292820.1 1 3737780296 3.0701e-07 769686034 
293659.8 0 2504591099 2.791e-08 732124878 
295079.3 1 4259593397 6.1402e-07 3004792470 
308192.4 3 3116505811 1.4e-08 3749853089 3696193412 2.091e-08 15308464 2.091e-08 
319755.2 0 1735432893 5.582e-08 2393342300 
330090.3 0 3800257563 2.791e-07 3012070026 
332018.3 3 632754209 1.4e-08 2349140130 1239307652 2.091e-08 1945448119 2.091e-08 
356088.9 0 2779686750 8.373e-08 725558489 
380491.8 0 3534547045 3.9074e-07 15308464 
386859.9 1 3150846686 3.9073999999999996e-07 1731090175 
387199.1 0 2408568032 2.791e-08 2451350669 
419099.2 3 862710978 1.4e-08 3704423751 3396227953 2.091e-08 3321237907 2.091e-08 
419148.2 0 3321237907 2.091e-08 862710978 
424266.4 2 2235064901 3.436704e-07 2779686750 3187199216 1.91596e-08 
470428.7 1 1068020906 0.00095438371 3392858646 
490920.8 0 4231632140 2.791e-08 1379399837 
499924.7 0 3373526895 3.6283e-07 486050091 
538988.2 1 2246051850 4.7447e-07 2205180068 
544856.9 0 2235064901 3.436704e-07 905418128 
552296.8 1 3373526895 3.9073999999999996e-07 1584276479 
568223.9 1 3534547045 4.1865e-07 486050091 
599243.6 0 511603307 2.791e-08 1502094437 
600340.4 0 3428193420 2.791e-08 949068759 
605867.9 1 3921011129 4.1865e-07 858320168 
609185.2 0 778035964 5.582e-08 1239307652 
613314.8 3 2038493855 2.590493e-08 1945448119 3330100144 2.291507e-08 
623790.8 1 2340740170 6.752937e-07 4231632140 
644405.0 0 2835620284 5.582e-08 3257166052 
663517.9 0 4252347608 2.791e-08 3396227953 
663794.9 3 3150846686 3.9073989e-07 2235064901 310481256 1.970079e-08 817087088 1.408564e-08 551137729 1.408564e-08 1218250404 1.408564e-08 1035956119 1.408564e-08 1211996162 1.408564e-08 188552836 1.408564e-08 2029773149 1.408564e-08 302486611 1.408564e-08 1842102965 1.408564e-08 1285693762 1.408564e-08 1078741991 1.408564e-08 2723643411 1.408564e-08 1804212609 1.408564e-08 438292632 1.408564e-08 2001290253 1.408564e-08 3147695692 1.408564e-08 3179285865 1.408564e-08 2173231515 1.408564e-08 740082705 1.408564e-08 2795063678 1.408564e-08 3642829293 1.408564e-08 2707128518 1.408564e-08 474866315 1.408564e-08 
673175.9 3 1541946641 2.016036e-08 2409063466 1639799867 1.782982e-08 1026028388 1.782982e-08 
692751.0 3 15308464 1.981728e-08 1211996162 1128056158 1.517836e-08 
698547.8 1 3150846686 4.0482564e-07 438292632 
707174.0 1 2340740170 6.931235200000001e-07 1026028388 
713856.0 1 1068020906 0.00095441161 728028737 
733355.3 2 3642829293 1.4171280000000002e-08 817087088 2909632847 1.4e-08 
742159.6 1 373638573 1.00000002791 1963165541 
744699.4 1 3150846686 4.1882559999999997e-07 2909632847 
750487.1 0 3921011129 4.1865e-07 2173231515 
759957.6 1 3373526895 4.4656e-07 2835620284 
763420.5 1 3150846686 4.3291124000000003e-07 2001290253 
763865.4 0 405521437 2.791e-08 717226258 
778304.7 3 810769555 1.4e-08 2406269022 937177227 2.091e-08 3393811039 2.091e-08 
802944.9 0 3373526895 4.4656e-07 1128056158 
806045.2 0 545239233 4.1865e-07 3187199216 
833563.7 0 3800234335 2.791e-08 3393811039 
838587.1 1 3921011129 4.3273564e-07 2723643411 
839128.4 3 3889879026 1.4000000000000003e-08 1239307652 611212867 1.741e-08 1104410542 1.741e-08 
843243.0 0 179097684 3.0701e-07 3321237907 
843869.1 0 6723929 2.791e-08 3800234335 
844234.3 1 3737780296 3.3492e-07 290926289 
865658.5 1 3737780296 3.6283e-07 598947138 
868165.3 0 3534547045 4.1865e-07 2393342300 
883517.9 1 3373526895 4.6747e-07 3321237907 
909648.4 0 3150846686 4.329113e-07 2029773149 
919615.3 1 3534547045 4.3606e-07 1104410542 
921503.8 3 780264402 1.4e-08 2528553283 2328232000 2.091e-08 2999719241 2.091e-08 
922881.6 1 2340740170 7.210335e-07 2718413753 
931085.3 0 2393342300 2.791e-08 3747246174 
932917.2 3 387772665 2.4700169999999997e-08 2029773149 1931993247 1.729547e-08 
933073.4 2 3393811039 2.1081270000000002e-08 3642829293 1494850122 1.4e-08 
949961.0 0 611212867 1.741e-08 3889879026 
953264.4 0 1533953788 2.791e-08 3838279446 
972144.1 1 373638573 1.00000002791 1503861029 
1004446.0 0 2038493855 2.590493e-08 3696193412 
1004760.0 0 3534547045 4.3606e-07 3330100144 
1014524.0 0 15308464 1.981727e-08 3179285865 
1014850.0 1 3737780296 3.9073999999999996e-07 315200650 
1018776.0 0 2393342300 2.791e-08 3747246174 
1020946.0 0 3919821980 2.791e-08 2173231515 
1023039.0 0 2038493855 2.590493e-08 611212867 
1041555.0 0 3534547045 4.3606e-07 740082705 
1063960.0 0 3534547045 4.3606e-07 611212867 
1091311.0 0 3424908067 2.791e-08 3330100144 
1108645.0 3 545239233 4.1864996e-07 3800257563 3414514926 1.4e-08 2312786130 1.472778e-08 3537925318 1.472778e-08 1634407402 1.472778e-08 3869596591 1.472778e-08 3375523036 1.472778e-08 772925454 1.472778e-08 2215785330 1.472778e-08 3491092596 1.472778e-08 57770090 1.472778e-08 3071577057 1.472778e-08 1452489764 1.472778e-08 4260098875 1.472778e-08 3696843781 1.472778e-08 2138100036 1.472778e-08 1726701215 1.472778e-08 1412415798 1.472778e-08 375852842 1.472778e-08 3593732192 1.472778e-08 
1110427.0 3 333964007 1.4e-08 3800234335 3888264012 2.091e-08 313359544 2.091e-08 
1113150.0 1 1412415798 2.945556e-08 1726701215 
1123598.0 0 2393342300 2.791e-08 3330100144 
1129686.0 3 310481256 1.9298790000000002e-08 2795063678 217284033 1.448764e-08 
1167126.0 0 3232700421 2.791e-08 1285693762 
1199760.0 3 611212867 1.741e-08 632754209 2151269300 1.4e-08 
1204676.0 0 179097684 3.0701e-07 2038493855 
1236028.0 0 545239233 4.1865e-07 3707189490 
1242882.0 3 1664502715 2.674816e-08 2074240873 3913511150 1.453592e-08 2962530363 1.453592e-08 
1244018.0 1 1068020906 0.0009544395100000001 1533953788 
1267019.0 1 2340740170 7.489435000000001e-07 3497999925 
1269915.0 1 545239233 4.3273564e-07 2707128518 
1311435.0 0 2125112500 2.791e-08 2999719241 
1323847.0 0 3020817656 2.791e-08 810769555 
1327763.0 0 3396227953 2.091e-08 1494850122 
1332855.0 0 1735432893 5.582e-08 3061883439 
1339764.0 2 387772665 2.478581e-08 1035956119 2063946235 1.4e-08 
1347540.0 0 3373526895 4.6747e-07 3888264012 
1356584.0 3 3257166052 1.4e-08 611212867 1172086036 1.566e-08 690117576 1.566e-08 
1368582.0 0 778035964 5.582e-08 4260098875 
1370327.0 1 2340740170 7.768535e-07 2451350669 
1371137.0 3 3020817656 2.791e-08 810769555 3288380490 1.4e-08 
1373079.0 0 937177227 2.091e-08 1842102965 
1376418.0 3 741863299 1.4e-08 3696843781 845665321 1.431889e-08 3122982648 1.431889e-08 
1382564.0 1 373638573 1.00000002791 314650893 
1385679.0 0 3061883439 2.791e-08 937177227 
1389085.0 1 373638573 1.00000002791 4046076794 
1398479.0 0 179097684 3.0701e-07 3396227953 
1422960.0 2 3393811039 2.799127e-08 3396227953 1471982444 1.4e-08 
1429732.0 0 1471982444 1.4e-08 862710978 
1435075.0 1 3150846686 4.5074111999999996e-07 1639799867 
1451568.0 3 129185354 1.4e-08 1434498202 3303338876 2.091e-08 2875471576 2.091e-08 
1458024.0 1 1068020906 0.0009547745199999999 426576124 
1468009.0 1 2340740170 8.047635000000001e-07 2870037616 
1490598.0 0 1321648343 5.582e-08 3122982648 
1499316.0 0 4259593397 6.1402e-07 1502094437 
1503656.0 1 3921011129 4.4682124e-07 1804212609 
1518939.0 1 3534547045 4.5006e-07 2063946235 
1525030.0 1 1075699702 3.9073999999999996e-07 1327969783 
1533707.0 0 179097684 3.0701e-07 2038493855 
1543559.0 0 375852842 1.472778e-08 3257166052 
1553269.0 1 179097684 3.2101e-07 1471982444 
1576918.0 3 3020817656 1.4000010000000003e-08 2038493855 1738909006 1.990746e-08 356405251 1.990746e-08 
1599280.0 2 310481256 1.9384419999999998e-08 1842102965 2879167783 1.4e-08 
1611269.0 1 4259593397 1.00476e-06 1075699702 
1624360.0 1 373638573 1.00000002791 869234806 
1632480.0 0 778035964 5.582e-08 2879167783 
1662071.0 0 3696193412 2.091e-08 690117576 
1666608.0 1 1321648343 6.982e-08 3889879026 
1667087.0 1 179097684 3.4091746e-07 1738909006 
1683641.0 1 373638573 1.000000014 848448836 
1707655.0 3 2393342300 1.4e-08 4252347608 3083352544 2.091e-08 4198169764 2.091e-08 
1713495.0 0 937177227 2.091e-08 310481256 
1723174.0 3 941534069 4.5658639999999997e-08 313359544 821115011 1.553568e-08 2118016430 1.553568e-08 
1741908.0 0 2246051850 4.7447e-07 821115011 
1767546.0 0 2999719241 2.091e-08 2393342300 
1770387.0 0 870323177 2.791e-08 3061883439 
1818148.0 0 941534069 4.565865e-08 4260098875 
1821655.0 1 3919821980 4.199564e-08 1218250404 
1836530.0 1 3373526895 4.9538e-07 3061883439 
1837411.0 0 545239233 4.327356e-07 1593891639 
1842410.0 1 3921011129 4.6154908e-07 1452489764 
1852327.0 0 343742982 5.582e-08 772925454 
1881290.0 0 778035964 5.582e-08 3888264012 
1899061.0 3 1425083048 1.4000009999999993e-08 405521437 1945735688 1.589338e-08 4093093422 1.589338e-08 2842015324 1.589338e-08 
1905885.0 1 179097684 3.549175e-07 3116505811 
1909896.0 3 3393811039 1.3999999999999996e-08 3330100144 1249238030 1.845317e-08 3214077756 1.845317e-08 
1910905.0 2 2118016430 1.7071360000000003e-08 821115011 879162223 1.4e-08 
1914300.0 1 2118016430 3.107135e-08 879162223 
1921496.0 3 3737780296 3.4836983999999994e-07 2984600922 3884425642 1.461228e-08 1149406307 1.461228e-08 3528332227 1.461228e-08 4004407106 1.461228e-08 451270221 1.461228e-08 3149440925 1.461228e-08 2250775120 1.461228e-08 1130108289 1.461228e-08 2177968201 1.461228e-08 2914302410 1.461228e-08 3655816389 1.461228e-08 3485819286 1.461228e-08 1382686479 1.461228e-08 1803925302 1.461228e-08 3293059020 1.461228e-08 378125977 1.461228e-08 2159618959 1.461228e-08 2441325815 1.461228e-08 3401497744 1.461228e-08 4069401935 1.461228e-08 134948105 1.461228e-08 1998372786 1.461228e-08 
1923763.0 2 2999719241 2.536317e-08 3214077756 2455922112 1.4e-08 
1929906.0 0 2914302410 1.461228e-08 1130108289 
1937758.0 1 545239233 4.6219116e-07 1412415798 
1939711.0 1 3921011129 5.31369e-07 1321648343 
1955180.0 1 373638573 1.00000002791 326805806 
1961008.0 1 179097684 3.758275e-07 4198169764 
1964023.0 1 2999719241 3.936317e-08 2455922112 
1991199.0 0 3373526895 4.9538e-07 3707189490 
2000998.0 0 179097684 3.758275e-07 3020817656 
2009645.0 0 3083352544 2.091e-08 2328232000 
2013231.0 0 551137729 1.408564e-08 741863299 
2028625.0 2 15308464 1.990291e-08 1285693762 3059103076 1.4e-08 
2055878.0 0 2842015324 1.589338e-08 3869596591 
2066409.0 0 2999719241 3.936317e-08 937177227 
2073489.0 1 4259593397 1.03267e-06 2408568032 
2102392.0 1 2340740170 8.326735e-07 905418128 
2115437.0 0 3428193420 2.791e-08 3114612365 
2127731.0 0 870323177 2.791e-08 4260098875 
2131146.0 1 545239233 4.901012e-07 3232700421 
2131749.0 0 179097684 3.758275e-07 356405251 
2138043.0 1 545239233 5.180112e-07 2487301543 
2139544.0 1 1572835533 4.1865e-07 511603307 
2179081.0 0 4122240121 2.791e-08 1130108289 
2204033.0 0 1986278615 2.791e-08 3187199216 
2206489.0 1 4259593397 1.4513200000000001e-06 1572835533 
2211532.0 0 1735432893 5.582e-08 3707189490 
2211957.0 0 1249238030 1.845317e-08 862710978 
2224069.0 2 1149406307 1.4697920000000001e-08 3179285865 432337108 1.4e-08 
2226237.0 0 545239233 5.180112e-07 3687573659 
2227053.0 1 373638573 1.00000002791 1593850299 
2242986.0 1 2340740170 8.466735e-07 432337108 
2264405.0 0 3921011129 5.31369e-07 582973675 
2278288.0 2 3373526895 4.973867700000001e-07 937177227 1902671923 1.890323e-08 
2284079.0 0 3534547045 4.5006e-07 15308464 
2312433.0 2 3534547045 4.5006e-07 2118016430 4209590891 1.4e-08 77395223 1.707135e-08 
2312475.0 1 3534547045 4.6406e-07 4209590891 
2318815.0 1 3534547045 4.7814564e-07 740082705 
2320151.0 1 3534547045 4.952169499999999e-07 77395223 
2363267.0 3 2250879299 2.2790089999999997e-08 217284033 3592986772 1.960755e-08 
2385035.0 0 2328232000 2.091e-08 1249238030 
2386973.0 1 3150846686 4.6482674e-07 1078741991 
2388626.0 1 3373526895 5.1629003e-07 1902671923 
2393588.0 0 179097684 3.758275e-07 3393811039 
2402393.0 2 179097684 3.8368097e-07 2999719241 1246511018 1.575485e-08 3986570268 1.575485e-08 
2413473.0 1 373638573 1.00000001461228 2159618959 
2420844.0 0 3986570268 1.575485e-08 3393811039 
2422403.0 0 4259593397 1.45132e-06 3401497744 
2446723.0 0 3150846686 4.648267e-07 4004407106 
2450169.0 3 3747246174 1.4000000000000003e-08 2328232000 174500547 1.741e-08 4083845756 1.741e-08 
2466865.0 1 2340740170 8.745835e-07 3498415124 
2473640.0 1 179097684 3.9840868e-07 4260098875 
2480559.0 1 545239233 5.339045800000001e-07 4093093422 
2496281.0 1 4083845756 3.141e-08 3747246174 
2517403.0 1 179097684 4.1240869999999997e-07 3393811039 
2520376.0 3 2151269300 1.4e-08 2393342300 110358663 1.4e-08 
2524162.0 1 545239233 5.897246e-07 343742982 
2530005.0 3 1878784256 1.400001e-08 3196256300 1370908750 1.818317e-08 1837234470 1.818317e-08 
2540477.0 0 3534547045 4.95217e-07 3083352544 
2549159.0 3 659524895 1.4e-08 725558489 2945849429 2.091e-08 66296937 2.091e-08 
2550441.0 1 373638573 1.00000002791 3988949870 
2558590.0 1 373638573 1.00000001461228 3528332227 
2576290.0 0 2125112500 2.791e-08 3888264012 
2580820.0 1 4259593397 1.4659322799999998e-06 3655816389 
2584894.0 0 3083352544 2.091e-08 1246511018 
2596077.0 2 3888264012 2.432e-08 174500547 976558236 1.4e-08 
2639373.0 1 3696193412 3.499564e-08 188552836 
2639852.0 1 3150846686 4.7891234e-07 302486611 
2647704.0 0 582973675 2.791e-08 310481256 
2648329.0 1 373638573 1.00000002791 3197676583 
2661946.0 3 3176785673 1.3999999999999996e-08 1541946641 2438291630 1.703518e-08 906368509 1.703518e-08 
2671471.0 1 3888264012 3.832e-08 976558236 
2672900.0 3 770580294 2.502095e-08 378125977 3783228500 1.750133e-08 
2685575.0 3 1379399837 1.4000000000000001e-08 4004407106 2858952728 1.426114e-08 395113485 1.426114e-08 
2700431.0 3 3616865126 1.400002e-08 2215785330 4019363830 1.413694e-08 3016084464 1.413694e-08 921818415 1.413694e-08 2892683898 1.413694e-08 
2739367.0 1 179097684 4.3231616000000004e-07 356405251 
2759948.0 3 4083845756 1.3999989999999993e-08 3424908067 3697249003 1.510667e-08 3983774618 1.510667e-08 4187488967 1.510667e-08 
2770166.0 3 1735432893 1.3999999999999993e-08 2875471576 898751805 1.56825e-08 3632514288 1.56825e-08 410848061 1.56825e-08 2791633391 1.56825e-08 
2779861.0 1 3983774618 2.910667e-08 4083845756 
2797967.0 0 3373526895 5.1629e-07 1172086036 
2805426.0 3 2542835646 1.4e-08 949068759 630280293 2.091e-08 4212779140 2.091e-08 
2807408.0 2 3921011129 5.5431693e-07 941534069 3459374364 2.271072e-08 
2848962.0 3 2250775120 1.461228e-08 129185354 2125331604 1.4e-08 
2860889.0 0 179097684 4.323162e-07 862710978 
2903276.0 1 179097684 4.6142287e-07 3983774618 
2915087.0 2 3534547045 5.1809111e-07 3888264012 3113062634 1.544589e-08 
2916842.0 0 630280293 2.091e-08 3176785673 
2932223.0 0 3534547045 5.180911e-07 1494850122 
2952507.0 0 3697249003 1.510667e-08 2858952728 
2970551.0 0 582973675 2.791e-08 1128056158 
2977196.0 0 3921011129 5.54317e-07 1735432893 
2980485.0 1 3921011129 5.7702772e-07 3459374364 
2986485.0 3 2858952728 1.426114e-08 2879167783 847040419 1.4e-08 
3000706.0 3 3921011129 5.770276399999996e-07 2246051850 4240624600 1.69587e-08 1565786989 1.429723e-08 2286860921 1.429723e-08 3707879645 1.429723e-08 2746930994 1.429723e-08 4075596975 1.429723e-08 4283280385 1.429723e-08 538453177 1.429723e-08 3121292019 1.429723e-08 3349724438 1.429723e-08 4253718737 1.429723e-08 3297362622 1.429723e-08 1751902433 1.429723e-08 2878871175 1.429723e-08 3083717413 1.429723e-08 220564665 1.429723e-08 3653734512 1.429723e-08 3815024321 1.429723e-08 1428265047 1.429723e-08 3604532305 1.429723e-08 1869365069 1.429723e-08 965372172 1.429723e-08 607396504 1.429723e-08 2533881277 1.429723e-08 472358284 1.429723e-08 1950077488 1.429723e-08 1820499179 1.429723e-08 4055959668 1.429723e-08 528880979 1.429723e-08 3778036871 1.429723e-08 1405660995 1.429723e-08 3662110242 1.429723e-08 2247026945 1.429723e-08 
3000707.0 1 4240624600 3.1255929999999996e-08 1565786989 
3003744.0 2 375852842 1.545556e-08 1634407402 4032129539 1.4e-08 
3007834.0 3 2746930994 1.429723e-08 1425083048 4035587434 1.4e-08 
3008564.0 2 3373526895 5.2705972e-07 1593891639 3111692719 1.714028e-08 
3011033.0 1 3373526895 5.4419998e-07 3111692719 
3021225.0 0 4240624600 3.125593e-08 2746930994 
3022148.0 1 3921011129 5.913249300000001e-07 2878871175 
3024260.0 3 2125112500 1.400001e-08 2533881277 1398579088 1.410361e-08 2501379955 1.410361e-08 
3024468.0 3 2308721517 2.791e-08 4035587434 3332562587 1.4e-08 
3025609.0 0 3534547045 5.180911e-07 3697249003 
3036635.0 1 545239233 6.0402183e-07 3653734512 
3038241.0 3 1458665800 2.636789e-08 2125112500 3562383954 1.554211e-08 
3055749.0 3 3083352544 2.091e-08 1494850122 2521380987 1.4e-08 
3064917.0 3 4240624600 1.3999999999999996e-08 2308721517 4119421155 1.505531e-08 1913762779 1.505531e-08 3678948817 1.505531e-08 
3079608.0 1 3373526895 5.791956400000001e-07 3696193412 
3091019.0 0 1986278615 2.791e-08 2247026945 
3145712.0 2 1128056158 1.54395e-08 395113485 2489195127 1.4e-08 
3168659.0 1 545239233 6.183190300000001e-07 1405660995 
3198000.0 1 3373526895 5.9649107e-07 1931993247 
3255019.0 1 3534547045 5.3353699e-07 3113062634 
3279066.0 1 4259593397 1.48054428e-06 3293059020 
3289394.0 3 3869596591 1.472778e-08 1379399837 3929228125 1.4e-08 
3299291.0 1 3534547045 5.489765e-07 1128056158 
3300037.0 0 1820499179 1.429723e-08 2858952728 
3300559.0 1 545239233 1.2096438999999998e-06 3921011129 
3301100.0 3 2919643181 1.4e-08 690117576 3160344427 1.4785e-08 3182159117 1.4785e-08 
3308624.0 0 2247026945 1.429723e-08 4019363830 
3326971.0 0 1869365069 1.429723e-08 3016084464 
3328049.0 1 373638573 1.00000001461228 3884425642 
3335653.0 1 373638573 1.00000002791 1651612823 
3357460.0 0 4119421155 1.505531e-08 474866315 
3367347.0 0 2504591099 2.791e-08 717226258 
3394078.0 3 1246511018 1.575485e-08 3020817656 766581564 1.4e-08 
3394418.0 3 3083352544 1.935569e-08 862710978 3702894340 1.555431e-08 
3398604.0 1 373638573 1.00000002091 3303338876 
3409996.0 0 179097684 4.614228e-07 1246511018 
3419785.0 3 3534547045 5.3233134e-07 2620740164 3532745758 1.485172e-08 1072840122 1.485172e-08 3294683754 1.485172e-08 
3420949.0 1 3534547045 5.471830200000001e-07 3294683754 
3444563.0 0 3297362622 1.429723e-08 2125331604 
3459523.0 3 778035964 1.8862959999999995e-08 847040419 1676003954 1.698568e-08 4285585893 1.698568e-08 2674988631 1.698568e-08 
3471786.0 1 373638573 1.00000001461228 1998372786 
3473849.0 1 3534547045 5.620348200000001e-07 1072840122 
3487654.0 2 1945735688 1.755338e-08 1172086036 406745133 1.4e-08 
3512586.0 2 3537925318 1.502501e-08 3662110242 2883513480 1.4e-08 
3521839.0 1 179097684 4.754228e-07 766581564 
3533952.0 1 3373526895 6.153540600000001e-07 778035964 
3534217.0 1 3373526895 6.302058200000001e-07 3532745758 
3540730.0 1 373638573 1.00000002791 2263814062 
3541735.0 0 3373526895 6.302058e-07 3678948817 
3619522.0 0 179097684 4.754228e-07 3083352544 
3649518.0 3 582973675 2.352338e-08 2858952728 783121895 1.864776e-08 
3649589.0 1 3373526895 6.4450303e-07 1820499179 
3662783.0 0 179097684 4.754228e-07 3083352544 
3664874.0 1 1738899943 4.301667e-08 4187488967 
3667123.0 2 545239233 1.99850982e-06 2340740170 2683944377 1.428628e-08 2961226102 1.428628e-08 301219709 1.428628e-08 1743198400 1.428628e-08 3059144981 1.428628e-08 3952655669 1.428628e-08 
3671212.0 2 965372172 1.440084e-08 1398579088 2848685905 1.4e-08 
3672286.0 1 545239233 2.0127962799999997e-06 2683944377 
3673044.0 1 179097684 4.9477849e-07 3083352544 
3678081.0 1 545239233 2.0270822799999997e-06 2961226102 
3702712.0 1 373638573 1.00000001461228 134948105 
3706560.0 0 3373526895 6.44503e-07 2046083849 
3709870.0 0 1239791232 2.791e-08 443746396 
3725908.0 1 3534547045 5.760348e-07 110358663 
3729195.0 1 545239233 2.05060538e-06 582973675 
3731234.0 0 3775452048 2.791e-08 220564665 
3736304.0 0 197654791 2.791e-08 3059144981 
3737725.0 1 3373526895 6.5890384e-07 965372172 
3738724.0 0 3707189490 2.791e-08 3702894340 
3774017.0 0 3919821980 4.199564e-08 15308464 
3778249.0 3 443746396 1.400001e-08 15308464 1826422368 1.690645e-08 896813269 1.690645e-08 
3789572.0 1 373638573 1.00000002791 1227575429 
3812359.0 1 545239233 2.06490323e-06 607396504 
3826839.0 0 545239233 2.064903e-06 1743198400 
3829432.0 1 545239233 2.07920023e-06 4055959668 
3835942.0 0 3150846686 4.789124e-07 197654791 
3835990.0 1 179097684 5.1323167e-07 1249238030 
3843442.0 0 2521380987 1.4e-08 780264402 
3855627.0 3 1945735688 1.755338e-08 2151269300 37051273 1.4e-08 
3864384.0 1 373638573 1.00000001461228 2914302410 
3864606.0 2 898751805 1.7224610000000002e-08 3562383954 1867247157 1.4e-08 
3888289.0 0 482917538 2.791e-08 472358284 
3891433.0 0 3534547045 5.760348e-07 3059103076 
3896678.0 1 545239233 2.10711e-06 1444500749 
3902795.0 1 545239233 2.15012667e-06 1738899943 
3914793.0 0 3534547045 5.760348e-07 1735432893 
3924675.0 1 3373526895 6.7320113e-07 3121292019 
3934402.0 1 545239233 2.16973455e-06 3592986772 
3935721.0 0 3783228500 1.750133e-08 3707879645 
3944663.0 0 1867247157 1.4e-08 3257166052 
3947736.0 0 3707189490 2.791e-08 1246511018 
3965188.0 1 3534547045 5.900348e-07 1735432893 
3965493.0 3 2791633391 1.56825e-08 1867247157 3633199892 1.4e-08 
3965707.0 1 179097684 5.289865500000001e-07 1246511018 
3978953.0 1 3373526895 6.874983300000001e-07 4253718737 
3982873.0 0 545239233 2.169734e-06 2945849429 
3986842.0 3 2674988631 1.698568e-08 1878784256 1736323711 1.4e-08 
4036227.0 1 3534547045 6.040348e-07 3059103076 
4058728.0 1 3373526895 7.016019099999999e-07 2501379955 
4062082.0 0 375852842 1.545556e-08 3678948817 
4086455.0 3 1481166135 1.4000000000000003e-08 2916276788 283080478 1.741e-08 785216844 1.741e-08 
4118178.0 3 3491092596 1.472778e-08 3332562587 3006103420 1.4e-08 
4173971.0 0 1222799196 3.0701e-07 2177968201 
4187059.0 1 3373526895 7.1589913e-07 1751902433 
4209639.0 3 3349724438 1.429723e-08 3633199892 2898323513 1.4e-08 
4214431.0 2 220564665 1.459446e-08 4075596975 1199222225 1.4e-08 
4234862.0 2 3702894340 1.6282090000000002e-08 3869596591 3755198008 1.4e-08 
4286815.0 0 3083717413 1.429723e-08 2125331604 
4319008.0 3 6723929 2.513598e-08 3147695692 2795041644 1.685966e-08 
4350679.0 1 373638573 1.00000001461228 2441325815 
4354091.0 2 3373526895 7.158992e-07 3919821980 3492274228 1.4e-08 1420914473 2.799564e-08 
4359406.0 3 179097684 5.286455200000001e-07 2177968201 439844059 1.495336e-08 
4367755.0 1 3373526895 7.438948399999999e-07 1420914473 
4373103.0 1 3373526895 7.578948e-07 1199222225 
4373717.0 2 375852842 1.6153470000000003e-08 1149406307 3802520055 1.4e-08 
4382810.0 1 375852842 3.015347e-08 3802520055 
4397110.0 1 3373526895 7.718948e-07 3492274228 
4410819.0 1 179097684 5.4359886e-07 439844059 
4413043.0 1 545239233 2.197644e-06 870323177 
4421809.0 2 4119421155 1.564977e-08 220564665 3012889883 1.4e-08 
4432399.0 3 3604532305 1.429723e-08 2542835646 3363823620 1.4e-08 
4453906.0 0 3986570268 1.575485e-08 2521380987 
4465535.0 3 538453177 1.429723e-08 443746396 1086559163 1.4e-08 
4476474.0 2 3604532305 1.458351e-08 3059144981 3063534263 1.4e-08 
4484931.0 3 2173231515 1.408564e-08 3006103420 2013640095 1.4e-08 
4486848.0 0 3373526895 7.718948e-07 1676003954 
4491320.0 2 1676003954 1.8040990000000003e-08 1913762779 1461359102 1.4e-08 
4496019.0 3 375852842 1.4000010000000003e-08 2945849429 2027098952 1.853173e-08 4167430602 1.853173e-08 
4528996.0 1 4259593397 1.49907673e-06 2027098952 
4578422.0 0 3373526895 7.718948e-07 1428265047 
4585820.0 1 3373526895 7.8619203e-07 538453177 
4604063.0 0 3373526895 7.86192e-07 2173231515 
4612555.0 3 2489195127 1.4e-08 4240624600 4096225443 1.4e-08 
4625429.0 3 3182159117 1.4785e-08 1461359102 781549661 1.4e-08 
4638254.0 0 2674988631 1.698568e-08 2013640095 
4657029.0 3 472358284 1.429723e-08 37051273 907719639 1.4e-08 
4671974.0 1 3373526895 8.0027764e-07 2173231515 
4683361.0 1 373638573 1.00000002791 754869367 
4733227.0 1 179097684 5.575988e-07 3288380490 
4740372.0 1 373638573 1.0000013483699 3737780296 
4749607.0 3 1945735688 1.691081e-08 472358284 1906851972 1.49398e-08 
4787725.0 1 545239233 2.21194123e-06 1950077488 
4791083.0 0 6723929 2.513597e-08 3491092596 
4815888.0 2 4259593397 1.49907615e-06 3150846686 2597880038 1.4e-08 1896745001 1.408825e-08 2378434411 1.408825e-08 1837088337 1.408825e-08 1543523724 1.408825e-08 1761715697 1.408825e-08 3099973400 1.408825e-08 2789348510 1.408825e-08 1371202285 1.408825e-08 629078091 1.408825e-08 754560055 1.408825e-08 1737134642 1.408825e-08 37613351 1.408825e-08 3434666020 1.408825e-08 2369258877 1.408825e-08 3563522875 1.408825e-08 249728555 1.408825e-08 4285226245 1.408825e-08 2707460946 1.408825e-08 2606325002 1.408825e-08 1541925803 1.408825e-08 2024675612 1.408825e-08 1292023300 1.408825e-08 3302973195 1.408825e-08 875106938 1.408825e-08 3314075649 1.408825e-08 2589646060 1.408825e-08 3433591204 1.408825e-08 1848242772 1.408825e-08 250719570 1.408825e-08 2681498831 1.408825e-08 481808867 1.408825e-08 2066612683 1.408825e-08 3458484829 1.408825e-08 
4834878.0 1 179097684 5.715987999999999e-07 2521380987 
4848339.0 0 1676003954 1.804099e-08 781549661 
4851599.0 1 1737134642 2.808825e-08 2013640095 
4862084.0 1 3373526895 8.1713726e-07 2795041644 
4874406.0 1 545239233 2.2260302499999998e-06 2066612683 
4875622.0 0 4283280385 1.429723e-08 3016084464 
4956677.0 3 1502094437 1.400001e-08 1428265047 2719204682 1.410361e-08 4256642775 1.410361e-08 
4983934.0 1 3534547045 6.180348e-07 3012889883 
4998654.0 1 373638573 1.0000010170351799 2438291630 
5007299.0 3 3778036871 1.429723e-08 781549661 2449448537 1.4e-08 
5041310.0 0 1906851972 1.49398e-08 907719639 
5062621.0 1 3534547045 6.3276258e-07 772925454 
5114489.0 3 3815024321 1.429723e-08 2489195127 463844675 1.4e-08 
5136838.0 0 717226258 2.791e-08 4256642775 
5158583.0 1 545239233 2.25394e-06 3774459889 
5188497.0 0 1945735688 1.691081e-08 3632514288 
5192080.0 3 179097684 4.998743700000001e-07 2046083849 3167902617 1.423349e-08 579073438 1.423349e-08 3468130899 1.423349e-08 393090083 1.423349e-08 2343849308 1.423349e-08 1055469694 1.423349e-08 627452446 1.423349e-08 
5192352.0 1 179097684 5.1410789e-07 3468130899 
5192427.0 0 179097684 5.141079e-07 3167902617 
5193938.0 1 179097684 5.283413900000001e-07 3167902617 
5194541.0 1 179097684 5.425748900000001e-07 627452446 
5196372.0 0 3707189490 2.791e-08 1055469694 
5223302.0 0 3534547045 6.327625e-07 3697249003 
5225304.0 3 1737134642 1.4e-08 2707460946 2014426858 1.408825e-08 2716949832 1.408825e-08 
5231042.0 1 373638573 1.00000102791 3129006749 
5232159.0 3 3823443426 1.4e-08 3891448235 552634658 2.091e-08 3736523900 2.091e-08 
5260925.0 1 545239233 2.26969485e-06 3986570268 
5278443.0 1 545239233 2.28378325e-06 754560055 
5304596.0 0 179097684 5.425749e-07 579073438 
5310128.0 0 179097684 5.425749e-07 3707189490 
5379057.0 1 373638573 1.00000102791 2440120768 
5414994.0 1 3373526895 8.311373e-07 463844675 
5459528.0 1 179097684 5.595605800000001e-07 2674988631 
5475341.0 0 3929228125 1.4e-08 3414514926 
5477683.0 1 4259593397 1.5131642499999999e-06 3302973195 
5477790.0 1 4259593397 1.5277009200000002e-06 3913511150 
5493348.0 0 3534547045 6.327625e-07 2343849308 
5503461.0 2 4188445920 2.799825e-08 3563522875 2213923665 1.4e-08 
5561707.0 1 179097684 5.737940900000001e-07 1055469694 
5562700.0 0 3534547045 6.327625e-07 3707189490 
5563813.0 0 179097684 5.73794e-07 3414514926 
5572834.0 0 3783228500 1.750133e-08 2606325002 
5578113.0 0 179097684 5.73794e-07 1826422368 
5584518.0 1 179097684 5.87794e-07 3414514926 
5592788.0 3 1037584679 1.4000000000000001e-08 3401497744 1503202005 1.426114e-08 3202152185 1.426114e-08 
5612500.0 0 1986278615 2.791e-08 921818415 
5622436.0 1 3373526895 8.451373e-07 2848685905 
5627623.0 0 845665321 1.431889e-08 1743198400 
5638071.0 0 3534547045 6.327625e-07 3707189490 
5666796.0 0 3122982648 1.431889e-08 741863299 
5682285.0 3 896813269 1.690645e-08 1086559163 2622395779 1.4e-08 
5682393.0 1 896813269 3.0906450000000003e-08 2622395779 
5705098.0 0 3373526895 8.451373e-07 3755198008 
5709913.0 2 4167430602 1.882896e-08 3707879645 3607413901 1.4e-08 
5739462.0 3 1986278615 2.393845e-08 406745133 649593533 1.797155e-08 
5760204.0 2 310481256 2.1034180000000003e-08 4119421155 66987975 1.4e-08 
5769426.0 1 3373526895 8.5922555e-07 1896745001 
5780764.0 3 545239233 2.283782409999998e-06 4259593397 483021244 2.351599e-08 3707800333 1.40578e-08 3528190190 1.40578e-08 2185291493 1.40578e-08 550176535 1.40578e-08 1674415855 1.40578e-08 4287239676 1.40578e-08 3884987045 1.40578e-08 1960974751 1.40578e-08 309459595 1.40578e-08 2348040613 1.40578e-08 3180086772 1.40578e-08 3833074883 1.40578e-08 1462644303 1.40578e-08 4088625113 1.40578e-08 1237914369 1.40578e-08 2733144751 1.40578e-08 1649557018 1.40578e-08 1831065885 1.40578e-08 79461789 1.40578e-08 1621314342 1.40578e-08 2016090987 1.40578e-08 1553963666 1.40578e-08 1002680420 1.40578e-08 734120091 1.40578e-08 2475979558 1.40578e-08 2649056468 1.40578e-08 3381587904 1.40578e-08 175860597 1.40578e-08 1089013536 1.40578e-08 552498239 1.40578e-08 481049431 1.40578e-08 2950407739 1.40578e-08 72955594 1.40578e-08 1771264541 1.40578e-08 2353028958 1.40578e-08 2980075456 1.40578e-08 3449694611 1.40578e-08 1194638860 1.40578e-08 114837353 1.40578e-08 2341758500 1.40578e-08 651046398 1.40578e-08 2780384598 1.40578e-08 1061526795 1.40578e-08 3342541004 1.40578e-08 1577969976 1.40578e-08 695939830 1.40578e-08 229435916 1.40578e-08 1850435983 1.40578e-08 19131048 1.40578e-08 2426951832 1.40578e-08 3089865955 1.40578e-08 3526559023 1.40578e-08 73116178 1.40578e-08 2654473721 1.40578e-08 2564127097 1.40578e-08 3554620561 1.40578e-08 2789301560 1.40578e-08 3201932102 1.40578e-08 3527214469 1.40578e-08 224410298 1.40578e-08 3967778277 1.40578e-08 1759850032 1.40578e-08 2704180049 1.40578e-08 287394855 1.40578e-08 2670951229 1.40578e-08 2367820772 1.40578e-08 771359632 1.40578e-08 4186562710 1.40578e-08 3211480542 1.40578e-08 346987663 1.40578e-08 1922039940 1.40578e-08 2110688926 1.40578e-08 1314810707 1.40578e-08 2472898255 1.40578e-08 3459912306 1.40578e-08 1598213090 1.40578e-08 1495382923 1.40578e-08 722767024 1.40578e-08 515125813 1.40578e-08 1298902656 1.40578e-08 3532628785 1.40578e-08 826924968 1.40578e-08 3190311976 1.40578e-08 841878026 1.40578e-08 2747938267 1.40578e-08 3177521820 1.40578e-08 3363025910 1.40578e-08 1290268226 1.40578e-08 764400056 1.40578e-08 1517815290 1.40578e-08 66064165 1.40578e-08 2766526296 1.40578e-08 2454553876 1.40578e-08 1923515514 1.40578e-08 3339828518 1.40578e-08 105819081 1.40578e-08 533433650 1.40578e-08 1601889739 1.40578e-08 381652938 1.40578e-08 96665495 1.40578e-08 1342185090 1.40578e-08 149784911 1.40578e-08 85224627 1.40578e-08 1965662198 1.40578e-08 110439229 1.40578e-08 1449522982 1.40578e-08 3279439195 1.40578e-08 
5780764.0 1 483021244 3.757379e-08 3279439195 
5780764.0 1 483021244 5.1631590000000004e-08 3707800333 
5780764.0 1 1449522982 2.81156e-08 110439229 
5780764.0 1 2185291493 2.81156e-08 3528190190 
5780764.0 1 1449522982 4.21734e-08 1965662198 
5780764.0 1 2185291493 4.21734e-08 550176535 
5780764.0 1 1449522982 5.62312e-08 85224627 
5780764.0 1 2185291493 5.62312e-08 1674415855 
5780764.0 1 3884987045 2.81156e-08 4287239676 
5780764.0 1 149784911 2.81156e-08 1342185090 
5780764.0 1 1649557018 2.81156e-08 2733144751 
5780765.0 1 381652938 2.81156e-08 1601889739 
5780766.0 1 381652938 4.21734e-08 533433650 
5780818.0 1 1577969976 2.81156e-08 2341758500 
5780865.0 2 545239233 2.283783e-06 1649557018 360107933 1.4e-08 1657444763 1.41156e-08 
5781064.0 1 105819081 2.81156e-08 2766526296 
5781156.0 1 545239233 2.2978407999999996e-06 764400056 
5783246.0 1 3534547045 6.468507500000001e-07 629078091 
5783706.0 1 545239233 2.3118987999999997e-06 2367820772 
5784713.0 2 3458484829 1.414605e-08 73116178 58759274 1.4e-08 
5789228.0 1 545239233 2.3259568e-06 224410298 
5791804.0 1 545239233 2.3400137999999997e-06 229435916 
5792006.0 0 545239233 2.340014e-06 175860597 
5793475.0 3 1503202005 1.426114e-08 2213923665 2135013218 1.4e-08 
5796624.0 1 545239233 2.3540718e-06 1298902656 
5797580.0 1 373638573 1.0000010140882498 1543523724 
5802832.0 0 3607413901 1.4e-08 907719639 
5804988.0 1 545239233 2.3681298e-06 287394855 
5810734.0 3 790319072 2.398856e-08 2449448537 470332523 1.792144e-08 
5812431.0 1 545239233 2.4243612e-06 2185291493 
5813898.0 3 105819081 1.4e-08 360107933 3217169414 1.40578e-08 3030801476 1.40578e-08 
5814211.0 0 545239233 2.424361e-06 1089013536 
5814798.0 1 545239233 2.4384188e-06 3449694611 
5819315.0 1 96665495 2.81156e-08 2649056468 
5821715.0 1 545239233 2.4524768e-06 66064165 
5823182.0 1 545239233 2.4805926e-06 149784911 
5823294.0 0 164438789 2.791e-08 1037584679 
5825277.0 1 545239233 2.4946497999999996e-06 1061526795 
5828640.0 1 545239233 2.5087077999999997e-06 1462644303 
5830461.0 1 545239233 2.5508814e-06 381652938 
5834351.0 1 3534547045 6.747608000000001e-07 3707189490 
5839598.0 1 545239233 2.5649388e-06 1553963666 
5841200.0 0 1945735688 1.691081e-08 3815024321 
5843775.0 1 373638573 1.00000101690645 1826422368 
5844702.0 1 1068020906 0.0009547885 3929228125 
5855650.0 2 4285226245 1.414605e-08 3217169414 2208266878 1.4e-08 
5855739.0 1 179097684 6.0290067e-07 3697249003 
5856522.0 1 545239233 2.5789967999999996e-06 1517815290 
5859387.0 1 1222799196 3.210678e-07 1922039940 
5868740.0 1 545239233 2.5930547999999997e-06 1089013536 
5874970.0 0 545239233 2.593055e-06 3554620561 
5879698.0 0 3373526895 8.592256e-07 310481256 
5880427.0 0 310481256 2.103418e-08 579073438 
5883771.0 0 3190311976 1.40578e-08 2426951832 
5886890.0 1 545239233 2.6211706e-06 96665495 
5899041.0 1 545239233 2.6352278e-06 651046398 
5900971.0 1 545239233 2.64937405e-06 4285226245 
5901455.0 0 3339828518 1.40578e-08 722767024 
5904362.0 1 545239233 2.6634318e-06 2475979558 
5904894.0 1 545239233 2.6774897999999996e-06 1621314342 
5920267.0 0 3534547045 6.747608e-07 2343849308 
5922114.0 0 2704180049 1.40578e-08 2125331604 
5929314.0 0 3190311976 1.40578e-08 3459912306 
5931182.0 1 545239233 2.69210228e-06 3485819286 
5935645.0 3 896813269 1.4e-08 770580294 3715668764 2.09637e-08 3418547556 2.09637e-08 
5948186.0 1 3373526895 8.732256e-07 4096225443 
5953652.0 1 545239233 2.7061598e-06 1960974751 
5956786.0 0 2681498831 1.408825e-08 79461789 
5972616.0 1 179097684 6.1713419e-07 2343849308 
5982012.0 2 3428193420 2.79678e-08 826924968 355298688 1.4e-08 
5992609.0 0 179097684 6.171342e-07 780264402 
5996653.0 1 483021244 6.568939e-08 1237914369 
6004834.0 0 649593533 1.797155e-08 1923515514 
6010581.0 1 545239233 2.7202178e-06 734120091 
6011157.0 0 545239233 2.720217e-06 3458484829 
6026005.0 1 545239233 2.7342748e-06 1314810707 
6057234.0 0 1577969976 2.81156e-08 105819081 
6070449.0 3 4122240121 2.32181e-08 3176785673 4193709834 1.86919e-08 
6085268.0 0 3071577057 1.472778e-08 3363025910 
6088285.0 0 3715668764 2.09637e-08 898751805 
6094916.0 1 545239233 2.7483328e-06 552498239 
6100512.0 2 1130108289 1.4909510000000002e-08 3083717413 584993009 1.4e-08 
6102760.0 1 545239233 2.7626302299999998e-06 3297362622 
6112773.0 0 4167430602 1.882896e-08 3593732192 
6124457.0 0 310481256 2.103418e-08 1945735688 
6126559.0 0 474866315 1.408564e-08 1194638860 
6148699.0 0 3373526895 8.732256e-07 785216844 
6150704.0 1 545239233 2.82831939e-06 483021244 
6169313.0 0 545239233 2.82832e-06 3527214469 
6180822.0 0 552634658 2.091e-08 2125331604 
6195984.0 2 1743198400 1.434408e-08 114837353 1499007652 1.4e-08 
6200078.0 0 1986278615 2.393845e-08 1598213090 
6212264.0 3 1598213090 1.40578e-08 3063534263 755060644 1.4e-08 
6234399.0 1 179097684 6.4192e-07 387772665 
6236305.0 1 179097684 6.6283e-07 552634658 
6242211.0 2 783121895 1.893404e-08 3952655669 3270476896 1.4e-08 
6256262.0 3 474866315 1.408564e-08 2898323513 3934203265 1.4e-08 
6258760.0 2 72955594 1.41156e-08 2950407739 1292024166 1.4e-08 
6265749.0 0 3527214469 1.40578e-08 2780384598 
6268206.0 3 57770090 1.472778e-08 3823443426 1323984060 1.4e-08 
6271858.0 2 2369258877 1.414605e-08 3526559023 4197927596 1.4e-08 
6274261.0 0 649593533 1.797155e-08 1598213090 
6277001.0 2 875106938 1.414605e-08 346987663 1414892502 1.4e-08 
6288690.0 1 3534547045 6.887608e-07 2208266878 
6305970.0 0 3177521820 1.40578e-08 1771264541 
6310322.0 3 1222799196 3.1437225000000004e-07 1130108289 4201342597 2.160506e-08 
6312553.0 0 783121895 1.893404e-08 2348040613 
6318132.0 3 1458665800 1.399999e-08 4285585893 2391696826 1.467679e-08 4138371369 1.467679e-08 
6321037.0 0 4019363830 1.413694e-08 3190311976 
6321286.0 3 3373526895 8.732255599999999e-07 1222799196 3590332688 1.4e-08 1745749016 1.430344e-08 2711965517 1.430344e-08 2933223072 1.430344e-08 1987038079 1.430344e-08 3797386594 1.430344e-08 1280619132 1.430344e-08 4105879141 1.430344e-08 3088551619 1.430344e-08 3443287411 1.430344e-08 3981989558 1.430344e-08 1165174376 1.430344e-08 3467386575 1.430344e-08 4263904522 1.430344e-08 4267941538 1.430344e-08 3372193553 1.430344e-08 3681452412 1.430344e-08 2604064924 1.430344e-08 3458662533 1.430344e-08 762210064 1.430344e-08 570164134 1.430344e-08 2418772576 1.430344e-08 
6322710.0 2 1986278615 2.399625e-08 3363025910 2105330617 1.4e-08 
6326739.0 1 3373526895 8.8752904e-07 3088551619 
6339788.0 0 2391696826 1.467679e-08 1850435983 
6340052.0 0 1414892502 1.4e-08 4032129539 
6342706.0 2 2716949832 1.414605e-08 1598213090 964813250 1.4e-08 
6356607.0 1 3797386594 2.860688e-08 1745749016 
6370541.0 3 1837234470 1.8126429999999998e-08 722767024 2039170765 1.411454e-08 
6381302.0 3 4088625113 1.40578e-08 584993009 4278040469 1.4e-08 
6404265.0 3 906368509 1.69961e-08 474866315 241690685 1.412472e-08 
6404853.0 0 241690685 1.412472e-08 2426951832 
6405667.0 1 3373526895 9.0183244e-07 2604064924 
6422407.0 1 545239233 2.84629155e-06 649593533 
6430242.0 3 3349724438 1.429723e-08 3607413901 1703904600 1.4e-08 
6433974.0 1 545239233 2.8603488e-06 175860597 
6445882.0 1 3373526895 9.1613584e-07 2711965517 
6450693.0 1 3373526895 9.301359e-07 1703904600 
6454021.0 2 3114612365 2.799825e-08 2024675612 3814978291 1.4e-08 
6457837.0 1 545239233 2.87465244e-06 3681452412 
6463836.0 2 2980075456 1.41156e-08 3180086772 118566979 1.4e-08 
6478182.0 0 545239233 2.874652e-06 2747938267 
6488549.0 0 1743198400 1.434408e-08 118566979 
6489258.0 1 3373526895 9.4443934e-07 4105879141 
6490187.0 2 3314075649 1.414605e-08 771359632 894269343 1.4e-08 
6491928.0 0 906368509 1.69961e-08 1771264541 
6494088.0 2 3783228500 1.7804770000000002e-08 4263904522 932943525 1.4e-08 
6497618.0 2 4167430602 2.301213e-08 1370908750 250347941 1.4e-08 
6503043.0 1 3534547045 7.097245e-07 3418547556 
6512834.0 3 3797386594 2.715665e-08 3372193553 2292589682 1.575367e-08 
6520611.0 0 3373526895 9.444393e-07 1987038079 
6536590.0 1 2980075456 2.81734e-08 1759850032 
6544694.0 1 3373526895 9.587427399999998e-07 2418772576 
6549599.0 2 1449522982 5.62312e-08 1577969976 3971437066 1.4e-08 2810179169 1.41156e-08 
6550650.0 1 373638573 1.000001014 2597880038 
6572519.0 3 4278040469 1.4e-08 1323984060 1803012522 1.4e-08 
6587797.0 1 545239233 2.88894923e-06 3815024321 
6588706.0 1 3534547045 7.2402794e-07 4267941538 
6592721.0 1 3177521820 2.81156e-08 2704180049 
6594255.0 0 410848061 1.56825e-08 964813250 
6616543.0 1 3373526895 9.7304624e-07 2933223072 
6630126.0 0 515125813 1.40578e-08 1458665800 
6631585.0 1 545239233 2.9030656e-06 72955594 
6639476.0 0 4188445920 2.799825e-08 2842015324 
6640141.0 1 545239233 2.917065e-06 105819081 
6642843.0 0 2353028958 1.40578e-08 1458665800 
6645264.0 0 3373526895 9.730462e-07 1037584679 
6663354.0 1 373638573 1.00000102791 3775452048 
6676030.0 0 2564127097 1.40578e-08 309459595 
6679166.0 0 3373526895 9.730462e-07 2292589682 
6681297.0 0 1292023300 1.408825e-08 3363823620 
6699403.0 1 545239233 2.9311228e-06 2454553876 
6700938.0 1 3534547045 7.449916e-07 3715668764 
6737879.0 1 545239233 2.9451230000000004e-06 3971437066 
6739113.0 0 4122240121 2.32181e-08 3443287411 
6743447.0 2 1837088337 1.414605e-08 1194638860 3940915008 1.4e-08 
6743775.0 1 3534547045 7.589916e-07 58759274 
6747748.0 0 2842015324 1.589338e-08 3211480542 
6767584.0 1 373638573 1.0000010209099999 2211003714 
6770567.0 0 310481256 2.103418e-08 2716949832 
6770856.0 2 1280619132 1.436124e-08 3030801476 3593659676 1.4e-08 
6788667.0 0 310481256 2.103418e-08 393090083 
6796884.0 0 3428193420 2.79678e-08 2564127097 
6823047.0 3 1848242772 1.408825e-08 659524895 2744143284 1.4e-08 
6824226.0 1 373638573 1.00000101741 785216844 
6835234.0 0 2589646060 1.408825e-08 1414892502 
6869921.0 3 310481256 2.103418e-08 2135013218 2002691604 1.4e-08 
6896665.0 0 579073438 1.423349e-08 907719639 
6900209.0 1 373638573 1.0000010267481498 1664502715 
6909864.0 1 179097684 6.7755778e-07 3593732192 
6913993.0 1 3373526895 9.87104e-07 2564127097 
6922132.0 0 1837088337 1.414605e-08 4186562710 
6945630.0 0 3381587904 1.40578e-08 1292024166 
6967101.0 0 3375523036 1.472778e-08 481808867 
6985586.0 0 3373526895 9.87104e-07 3467386575 
6992085.0 2 4167430602 2.331557e-08 570164134 3223248356 1.4e-08 
6992182.0 0 3458662533 1.430344e-08 19131048 
7000222.0 1 545239233 2.9591807999999998e-06 3833074883 
7007857.0 0 3981989558 1.430344e-08 907719639 
7019336.0 0 3373526895 9.87104e-07 1837234470 
7021396.0 1 373638573 1.000001014 3814978291 
7026363.0 0 3373526895 9.87104e-07 896813269 
7073646.0 0 3940915008 1.4e-08 907719639 
7078535.0 0 3349724438 1.429723e-08 1499007652 
7086048.0 1 3373526895 1.001104e-06 2105330617 
7140434.0 2 783121895 1.966182e-08 57770090 101557930 1.4e-08 
7141497.0 2 2842015324 1.598163e-08 1761715697 678688578 1.4e-08 
7152426.0 1 3373526895 1.0152409399999999e-06 3016084464 
7154923.0 3 2369258877 1.414605e-08 333964007 2222966094 1.4e-08 
7163164.0 1 545239233 2.9732388e-06 1923515514 
7172195.0 1 3534547045 7.729916e-07 964813250 
7212299.0 0 3783228500 1.780477e-08 241690685 
7250998.0 1 545239233 2.9872390000000004e-06 2222966094 
7262295.0 1 3373526895 1.0292988e-06 19131048 
7264120.0 2 1382686479 1.493117e-08 845665321 1301910447 1.4e-08 
7268699.0 0 545239233 2.987239e-06 1986278615 
7276174.0 2 4138371369 1.4765040000000001e-08 2378434411 2919535035 1.4e-08 
7278293.0 0 1676003954 1.804099e-08 1945735688 
7278794.0 0 3783228500 1.780477e-08 3755198008 
7325098.0 3 2980075456 1.4000009999999998e-08 875106938 2855048822 1.415972e-08 682911345 1.415972e-08 
7331813.0 1 3534547045 7.869916e-07 3593659676 
7334231.0 0 3537925318 1.502501e-08 2919535035 
7349981.0 0 3373526895 1.029299e-06 3981989558 
7359831.0 0 1906851972 1.49398e-08 3778036871 
7367047.0 0 3534547045 7.869916e-07 2716949832 
7377742.0 0 545239233 2.987239e-06 2747938267 
7380891.0 3 301219709 1.428628e-08 375852842 238807518 1.4e-08 
7381912.0 0 1906851972 1.49398e-08 3190311976 
7389243.0 2 682911345 1.4217520000000001e-08 4186562710 1840937626 1.4e-08 
7406497.0 1 545239233 3.0012968e-06 1771264541 
7410377.0 1 3534547045 8.0129504e-07 762210064 
7414896.0 3 3755198008 1.4e-08 896813269 1734007597 1.4e-08 
7438557.0 1 3373526895 1.04360244e-06 3458662533 
7448802.0 2 2791633391 1.5770750000000002e-08 3434666020 4088691616 1.4e-08 
7451853.0 3 1987038079 1.430344e-08 2002691604 2087527840 1.4e-08 
7452068.0 1 3534547045 8.1552859e-07 579073438 
7454548.0 0 545239233 3.001296e-06 2247026945 
7464177.0 3 66296937 2.091e-08 101557930 2065940037 1.4e-08 
7472697.0 1 3373526895 1.0576019999999999e-06 1840937626 
7487223.0 1 3373526895 1.071602e-06 1803012522 
7491561.0 0 3373526895 1.071602e-06 1837088337 
7492937.0 3 790319072 2.398856e-08 2087527840 2751602400 1.4e-08 
7496054.0 3 3349724438 1.429723e-08 1458665800 552380491 1.4e-08 
7499075.0 0 1906851972 1.49398e-08 241690685 
7499120.0 1 545239233 3.015296e-06 238807518 
7505521.0 0 3373526895 1.071602e-06 841878026 
7507459.0 2 783121895 2.03896e-08 2312786130 253656606 1.4e-08 
7530724.0 0 4167430602 2.331557e-08 3590332688 
7543311.0 3 2065940037 1.4e-08 755060644 1254429415 1.4e-08 
7635229.0 1 545239233 3.0386115700000003e-06 4167430602 
7638274.0 0 3534547045 8.155286e-07 2247026945 
7663526.0 3 6723929 1.4e-08 1676003954 481400394 1.458848e-08 2584856907 1.458848e-08 
7667704.0 0 481400394 1.458848e-08 6723929 
7668286.0 2 393090083 1.4379540000000001e-08 2716949832 3284371529 1.4e-08 
7668322.0 1 393090083 2.837954e-08 3284371529 
7669957.0 0 3458484829 1.414605e-08 253656606 
7684616.0 2 3467386575 1.4449490000000002e-08 1837088337 871205577 1.4e-08 
7693572.0 1 179097684 6.9214628e-07 481400394 
7710922.0 3 4188445920 2.7172320000000003e-08 410848061 2655011401 1.650843e-08 
7718530.0 0 528880979 1.429723e-08 3934203265 
7719161.0 3 2681498831 1.408825e-08 2919643181 4156410056 1.4e-08 
7726478.0 3 2906924538 1.400001e-08 898751805 249938527 1.55673e-08 843598278 1.55673e-08 
7763393.0 3 841878026 1.40578e-08 1736323711 2197427154 1.4e-08 
7766916.0 0 1449522982 5.62312e-08 3339828518 
7770143.0 0 1906851972 1.49398e-08 3342541004 
7773501.0 0 3373526895 1.071602e-06 3934203265 
7787463.0 0 3373526895 1.071602e-06 3349724438 
7809390.0 0 3632514288 1.56825e-08 3349724438 
7817630.0 3 3201932102 1.40578e-08 3270476896 3690557900 1.4e-08 
7818375.0 1 545239233 3.05270025e-06 249728555 
7822081.0 1 545239233 3.0667578e-06 79461789 
7825975.0 2 3555679070 2.79678e-08 1831065885 3824375258 1.4e-08 
7836098.0 1 545239233 3.0807580000000003e-06 3690557900 
7837572.0 2 2391696826 1.4765040000000001e-08 1371202285 769315986 1.4e-08 
7841442.0 0 545239233 3.080758e-06 2110688926 
7852918.0 1 545239233 3.0948157999999997e-06 2472898255 
7872514.0 1 3373526895 1.085602e-06 3934203265 
7891398.0 2 2250775120 1.4909510000000002e-08 528880979 1856937876 1.4e-08 
7892898.0 2 2391696826 1.485329e-08 1848242772 354497373 1.4e-08 
7896040.0 1 545239233 3.1088738e-06 3201932102 
7906787.0 1 3373526895 1.099602e-06 3590332688 
7923456.0 0 179097684 6.921463e-07 2810179169 
7925795.0 3 393090083 1.4e-08 780264402 1230311851 1.418977e-08 3825172902 1.418977e-08 
7933735.0 0 3373526895 1.099602e-06 66987975 
7937920.0 0 2681498831 1.408825e-08 1254429415 
7939727.0 0 179097684 6.921463e-07 2810179169 
7943385.0 3 907719639 1.4e-08 3363823620 110318614 1.4e-08 
7945056.0 2 3632514288 1.5740300000000004e-08 3211480542 176241382 1.4e-08 
7946765.0 0 179097684 6.921463e-07 393090083 
7962048.0 0 4138371369 1.476504e-08 66987975 
7986265.0 0 932943525 1.4e-08 894269343 
7990881.0 1 373638573 1.0000010140578 1290268226 
8001809.0 1 373638573 1.0000010216050599 4201342597 
8012527.0 1 3373526895 1.113602e-06 3755198008 
8047644.0 0 66296937 2.091e-08 1495382923 
8048289.0 1 3534547045 8.2982583e-07 3349724438 
8051081.0 0 3534547045 8.298258e-07 2369258877 
8060056.0 1 3373526895 1.127602e-06 3940915008 
8063287.0 1 3373526895 1.14265731e-06 3678948817 
8103051.0 1 3373526895 1.1567726e-06 2810179169 
8113396.0 1 3373526895 1.17087661e-06 2719204682 
8178287.0 0 871205577 1.4e-08 2906924538 
8188270.0 0 4122240121 2.32181e-08 2250879299 
8192680.0 0 2250775120 1.490951e-08 2065940037 
8209392.0 1 373638573 1.0000010181264298 1837234470 
8211923.0 0 1869365069 1.429723e-08 2197427154 
8226982.0 0 1743198400 1.434408e-08 2980075456 
8233791.0 0 3797386594 2.715665e-08 552380491 
8246533.0 0 2250879299 2.279009e-08 3783228500 
8278248.0 1 3373526895 1.18517423e-06 3778036871 
8293414.0 1 373638573 1.00000101461228 4069401935 
8333309.0 0 3071577057 1.472778e-08 1743198400 
8341797.0 2 3632514288 1.73076e-08 843598278 1063934737 1.4e-08 
8342016.0 1 179097684 7.0995107e-07 3783228500 
8358076.0 0 4122240121 2.32181e-08 2348040613 
8361749.0 1 179097684 7.23951e-07 6723929 
8372491.0 0 3534547045 8.298258e-07 2039170765 
8379285.0 1 545239233 3.1229318e-06 2348040613 
8425659.0 0 906368509 1.69961e-08 841878026 
8453238.0 3 1541925803 1.408825e-08 1254429415 2445084109 1.4e-08 
8464602.0 3 515125813 1.40578e-08 3257166052 1871304206 1.4e-08 
8465081.0 3 3884987045 1.399999e-08 3099973400 4185666246 1.410193e-08 1905833305 1.410193e-08 
8479761.0 0 179097684 7.23951e-07 3114612365 
8480692.0 0 1986278615 2.399625e-08 3381587904 
8527086.0 1 179097684 7.37951e-07 907719639 
8532148.0 1 179097684 7.521407699999999e-07 3825172902 
8600775.0 1 3373526895 1.199174e-06 110318614 
8619374.0 1 3373526895 1.21492767e-06 2292589682 
8643894.0 1 545239233 3.1369888e-06 3554620561 
8647598.0 1 545239233 3.1509890000000003e-06 894269343 
8660169.0 1 3534547045 8.444142799999999e-07 2584856907 
8660699.0 1 545239233 3.16512594e-06 2892683898 
8723498.0 0 1905833305 1.410193e-08 2670951229 
8754672.0 1 545239233 3.179126e-06 3824375258 
8761381.0 0 3373526895 1.214928e-06 301219709 
8830391.0 1 545239233 3.19342323e-06 4283280385 
8830860.0 2 4138371369 1.506848e-08 3981989558 3879652638 1.4e-08 
8848740.0 2 3187199216 2.07269e-08 249938527 1924091726 1.4e-08 
8849759.0 1 3534547045 8.584143e-07 66987975 
8850283.0 0 3467386575 1.444949e-08 393090083 
8852741.0 3 1449522982 1.4e-08 871205577 1629863604 1.40578e-08 698682927 1.40578e-08 855708858 1.40578e-08 3076001680 1.40578e-08 
8859206.0 1 545239233 3.20751125e-06 1541925803 
8863428.0 3 855708858 1.40578e-08 3223248356 1493833725 1.4e-08 
8868346.0 1 4138371369 2.906848e-08 3879652638 
8877191.0 1 179097684 7.663305699999999e-07 1230311851 
8878019.0 1 545239233 3.2215120000000003e-06 250347941 
8878514.0 3 2669757562 1.4e-08 1434594601 1450024594 2.091e-08 1797275806 2.091e-08 
8889981.0 0 2369258877 1.414605e-08 2014426858 
8891631.0 1 545239233 3.2496276e-06 3177521820 
9039577.0 1 3373526895 1.228928e-06 552380491 
9040862.0 0 179097684 7.663306e-07 2247026945 
9061582.0 0 1906851972 1.49398e-08 2445084109 
9086155.0 1 3373526895 1.24583881e-06 1945735688 
9116626.0 0 545239233 3.249627e-06 3071577057 
9162781.0 1 3373526895 1.26181964e-06 2842015324 
9188413.0 1 545239233 3.2638445199999997e-06 682911345 
9191221.0 1 3373526895 1.2758778e-06 841878026 
9210023.0 0 545239233 3.263845e-06 253656606 
9237624.0 1 3534547045 8.7271774e-07 1165174376 
9259472.0 1 545239233 3.2842346e-06 783121895 
9263210.0 2 3797386594 2.72449e-08 3433591204 3378187523 1.4e-08 
9268012.0 1 3373526895 1.2899358e-06 3459912306 
9290147.0 1 179097684 7.8062783e-07 2247026945 
9316173.0 0 179097684 7.806278e-07 3467386575 
9316771.0 1 3373526895 1.30454828e-06 451270221 
9332383.0 1 3373526895 1.318548e-06 176241382 
9345926.0 3 3339828518 1.40578e-08 932943525 564959126 1.4e-08 
9359376.0 0 3071577057 1.472778e-08 2445084109 
9383264.0 0 3534547045 8.727177e-07 1449522982 
9415106.0 0 3375523036 1.472778e-08 3532628785 
9416770.0 1 545239233 3.298234e-06 3378187523 
9443220.0 0 4019363830 1.413694e-08 1734007597 
9481661.0 1 3373526895 1.3326058e-06 3342541004 
9497212.0 1 373638573 1.0000010147849998 3160344427 
9497610.0 3 2250879299 2.279009e-08 769315986 3356410364 1.4e-08 
9506407.0 0 545239233 3.298234e-06 717226258 
9525924.0 0 3071577057 1.472778e-08 118566979 
9549575.0 1 179097684 7.946278e-07 393090083 
9558352.0 0 811613008 2.791e-08 855708858 
9569459.0 1 545239233 3.3131738e-06 1906851972 
9663859.0 3 1987038079 1.430344e-08 2980075456 2620273024 1.4e-08 
9688413.0 2 37613351 1.414605e-08 3339828518 4177016268 1.4e-08 
9688749.0 1 37613351 2.8146050000000002e-08 4177016268 
9715194.0 1 545239233 3.3271740000000002e-06 118566979 
9715656.0 0 66296937 2.091e-08 355298688 
9726119.0 0 470332523 1.792144e-08 695939830 
9728514.0 2 482917538 2.79678e-08 515125813 2480753293 1.4e-08 
9793076.0 0 3443287411 1.430344e-08 2014426858 
9805389.0 1 545239233 3.3413337199999996e-06 2855048822 
9808420.0 3 3702894340 1.628209e-08 2620273024 3251328182 1.4e-08 
9815502.0 0 545239233 3.341334e-06 2197427154 
9851147.0 1 3373526895 1.346606e-06 1871304206 
9868014.0 2 3202152185 1.436307e-08 4185666246 3584287056 1.4e-08 
9892159.0 3 37613351 1.399999e-08 301219709 1661868134 1.421617e-08 3822766993 1.421617e-08 
9892831.0 0 3797386594 2.72449e-08 2250775120 
9941731.0 0 3534547045 8.727177e-07 1661868134 
9963660.0 0 3373526895 1.346606e-06 37613351 
9977447.0 1 373638573 1.00000102791 717226258 
9983744.0 1 545239233 3.3553340000000004e-06 2197427154 
10071740.0 1 3373526895 1.3606638e-06 698682927 
10082720.0 0 2014426858 1.408825e-08 2681498831 
10104220.0 0 3071577057 1.472778e-08 3089865955 
10157080.0 0 1629863604 1.40578e-08 1734007597 
10164380.0 0 3467386575 1.444949e-08 37613351 
10168700.0 0 3702894340 1.628209e-08 1856937876 
10222620.0 1 3373526895 1.37502706e-06 3202152185 
10230610.0 0 545239233 3.355334e-06 1481166135 
10253360.0 1 545239233 3.36943593e-06 1905833305 
10267070.0 1 373638573 1.000001014 1481166135 
10291390.0 1 3373526895 1.389027e-06 2906924538 
10302270.0 0 3534547045 8.727177e-07 1734007597 
10440490.0 0 4138371369 2.906848e-08 2780384598 
10475080.0 1 545239233 3.3834360000000002e-06 3584287056 
10494100.0 3 2016090987 1.40578e-08 355298688 3730019172 1.4e-08 
10494680.0 1 3373526895 1.40530909e-06 3702894340 
10496170.0 0 2250879299 2.279009e-08 2670951229 
10514360.0 1 545239233 3.3974937999999996e-06 2016090987 
10536870.0 2 2039170765 1.417234e-08 1495382923 2217687738 1.4e-08 
10619400.0 3 906368509 1.69961e-08 1734007597 2328187860 1.4e-08 
10625610.0 1 1743198400 2.8344079999999998e-08 3616865126 
10633420.0 3 482917538 2.4599919999999996e-08 241690685 3408999490 1.74926e-08 
10767180.0 0 1629863604 1.40578e-08 2217687738 
10791460.0 3 3089865955 1.40578e-08 564959126 3438744891 1.4e-08 
10792350.0 0 3555679070 2.79678e-08 1856937876 
10810210.0 1 545239233 3.418404e-06 3736523900 
10824320.0 3 3076001680 1.40578e-08 3251328182 1501621654 1.4e-08 
10838890.0 1 3373526895 1.4228016e-06 3408999490 
10849370.0 0 3373526895 1.422801e-06 2217687738 
10849930.0 2 3375523036 1.4785580000000001e-08 2670951229 2695808785 1.4e-08 
10868130.0 1 3373526895 1.436801e-06 4032129539 
10939970.0 0 3797386594 2.72449e-08 2353028958 
10948350.0 0 3797386594 2.72449e-08 1493833725 
10951680.0 1 179097684 8.0907729e-07 3467386575 
11019070.0 1 3373526895 1.45088925e-06 2014426858 
11089950.0 0 3534547045 8.727177e-07 3822766993 
11091780.0 0 1280619132 1.436124e-08 678688578 
11125740.0 0 545239233 3.418404e-06 1856937876 
11136750.0 1 3373526895 1.4695819e-06 4193709834 
11173370.0 2 1986278615 2.425739e-08 1503202005 399492375 1.4e-08 
11203610.0 1 545239233 3.4324617999999997e-06 3076001680 
11216480.0 1 179097684 8.230773e-07 37613351 
11253460.0 1 545239233 3.4464610000000004e-06 1856937876 
11304360.0 0 2589646060 1.408825e-08 3089865955 
11432500.0 2 470332523 1.800969e-08 2589646060 213831427 1.4e-08 
11613810.0 3 482917538 2.459992e-08 741863299 2714424842 1.4e-08 
11617550.0 1 545239233 3.460461e-06 1493833725 
11640740.0 1 545239233 3.4745188e-06 2789301560 
11656980.0 1 545239233 3.4885767999999996e-06 2110688926 
11785100.0 1 3373526895 1.483581e-06 2695808785 
11877840.0 0 3373526895 1.483581e-06 213831427 
11927890.0 1 545239233 3.502577e-06 3730019172 
11929270.0 1 373638573 1.0000010209099999 1797275806 
11949080.0 3 3822766993 1.421617e-08 2714424842 2282291379 1.4e-08 
11956190.0 0 2250775120 1.490951e-08 3491092596 
12040910.0 0 179097684 8.230773e-07 1450024594 
12059380.0 1 3373526895 1.49771794e-06 4019363830 
12068770.0 0 545239233 3.502577e-06 3604532305 
12149240.0 1 373638573 1.00000101577075 2791633391 
12164030.0 1 3373526895 1.5118062499999999e-06 250719570 
12169570.0 1 3373526895 1.525807e-06 3356410364 
12182660.0 1 545239233 3.5298219000000003e-06 3797386594 
12216290.0 2 811613008 2.79678e-08 3089865955 2654714783 1.4e-08 
12222250.0 1 545239233 3.543822e-06 2919535035 
12230150.0 2 179097684 8.3022708e-07 3114612365 2993076447 2.084847e-08 
12275780.0 1 179097684 8.5107557e-07 2993076447 
12299110.0 0 2250775120 1.490951e-08 213831427 
12407120.0 1 3534547045 8.8762721e-07 2250775120 
12430550.0 1 3373526895 1.54002317e-06 3822766993 
12448150.0 0 790319072 2.398856e-08 1924091726 
12488300.0 1 3534547045 9.016272e-07 678688578 
12507010.0 1 373638573 1.000001014 1414892502 
12537920.0 1 3373526895 1.5646229200000002e-06 482917538 
12552750.0 0 1280619132 1.436124e-08 2681498831 
12577050.0 3 164438789 1.4000000000000003e-08 4212779140 2171266278 1.741e-08 771038762 1.741e-08 
12611180.0 1 545239233 3.5578220000000002e-06 253656606 
12671240.0 0 545239233 3.557822e-06 1869365069 
12671580.0 1 3534547045 9.15685e-07 2780384598 
12854240.0 0 545239233 3.557822e-06 4088691616 
12896050.0 1 545239233 3.5726752899999996e-06 2391696826 
12917990.0 1 545239233 3.5877000100000002e-06 3537925318 
13104870.0 0 3373526895 1.564623e-06 1063934737 
13114430.0 1 373638573 1.0000010279678 3555679070 
13126020.0 3 2286860921 1.429723e-08 1292024166 2768208421 1.4e-08 
13238590.0 0 3534547045 9.15685e-07 1661868134 
13289450.0 0 3532628785 1.40578e-08 3967778277 
13333110.0 2 3375523036 1.484338e-08 1629863604 3297235373 1.4e-08 
13385990.0 0 3438744891 1.4e-08 1502094437 
13402750.0 0 3375523036 1.484338e-08 3297235373 
13420340.0 1 179097684 8.650754999999999e-07 2217687738 
13464760.0 2 3632514288 1.760483e-08 2746930994 776688125 1.4e-08 
13514240.0 1 545239233 3.61604408e-06 1743198400 
13699440.0 1 3373526895 1.578623e-06 1301910447 
13718750.0 1 1068020906 0.00095480264605 2369258877 
13863640.0 3 3381587904 1.40578e-08 213831427 3663377129 1.4e-08 
13871950.0 1 545239233 3.6300440000000003e-06 2328187860 
13896750.0 0 3534547045 9.15685e-07 3375523036 
13913980.0 1 545239233 3.644044e-06 3663377129 
13956330.0 0 197654791 2.791e-08 3381587904 
13997790.0 3 2353028958 1.40578e-08 1063934737 898071713 1.4e-08 
14009130.0 0 3190311976 1.40578e-08 3297235373 
14067030.0 1 373638573 1.00000101421617 1661868134 
14344810.0 0 3190311976 1.40578e-08 2480753293 
14448740.0 1 545239233 3.6580440000000003e-06 3438744891 
14555940.0 0 3534547045 9.15685e-07 470332523 
14569360.0 1 545239233 3.672044e-06 3884987045 
14572840.0 0 771038762 1.741e-08 2751602400 
14601670.0 0 3534547045 9.15685e-07 3375523036 
14604750.0 1 545239233 3.68688738e-06 3375523036 
14627070.0 1 545239233 3.70792218e-06 310481256 
14766110.0 0 545239233 3.707922e-06 3604532305 
14879110.0 0 179097684 8.650755e-07 3381587904 
14937470.0 0 3373526895 1.578623e-06 4156410056 
14954910.0 1 179097684 8.790755e-07 2480753293 
15010070.0 3 470332523 1.800969e-08 1924091726 220748477 1.4e-08 
15014870.0 1 179097684 8.936590100000001e-07 3604532305 
15179730.0 3 4088625113 1.40578e-08 3297235373 2470646831 1.4e-08 
15315020.0 0 2353028958 1.40578e-08 776688125 
15315690.0 1 545239233 3.73191056e-06 790319072 
15318500.0 0 3373526895 1.578623e-06 906368509 
15335560.0 1 3373526895 1.592623e-06 220748477 
15407860.0 1 179097684 9.077169e-07 3381587904 
15449360.0 0 545239233 3.73191e-06 3190311976 
15614710.0 1 545239233 3.7459678e-06 4088625113 
15623640.0 1 373638573 1.0000010141723399 2039170765 
15817960.0 0 1280619132 1.436124e-08 898071713 
15820850.0 3 470332523 1.800969e-08 898071713 1965972368 1.4e-08 
15868450.0 1 3373526895 1.606623e-06 2751602400 
15873240.0 1 3373526895 1.62734991e-06 3187199216 
15919250.0 1 545239233 3.7599680000000004e-06 399492375 
16028890.0 1 545239233 3.773968e-06 1965972368 
16213350.0 1 545239233 3.7909641e-06 906368509 
16782940.0 1 545239233 3.8050218e-06 309459595 
16899350.0 0 545239233 3.805022e-06 1502094437 
16906690.0 1 3534547045 9.29685e-07 776688125 
17392850.0 0 3534547045 9.29685e-07 3632514288 
17599200.0 3 2606325002 1.408825e-08 1502094437 1426981231 1.4e-08 
17704690.0 1 545239233 3.819022e-06 1449522982 
17733080.0 1 373638573 1.000001014 1501621654 
17908530.0 1 545239233 3.8330798e-06 2654473721 
17967410.0 1 373638573 1.000001014 2282291379 
18053480.0 1 545239233 3.86025232e-06 4188445920 
18134120.0 1 373638573 1.000001014 4197927596 
18193600.0 0 545239233 3.860252e-06 2655011401 
18218470.0 0 545239233 3.860252e-06 2654714783 
18581450.0 0 1280619132 1.436124e-08 1426981231 
18663590.0 1 3373526895 1.64171124e-06 1280619132 
18665900.0 3 4156410056 1.4e-08 2744143284 1535034065 1.4e-08 
18828670.0 1 3373526895 1.65601444e-06 1987038079 
19405220.0 1 545239233 3.8845093799999995e-06 1986278615 
19432650.0 0 3534547045 9.29685e-07 470332523 
19798370.0 1 179097684 9.2572659e-07 470332523 
20053080.0 0 3373526895 1.656014e-06 3632514288 
20626940.0 0 3632514288 1.760483e-08 2606325002 
21168950.0 1 373638573 1.000001014 2065940037 
21335990.0 1 545239233 3.8985677999999995e-06 2353028958 
21383300.0 0 2768208421 1.4e-08 1499007652 
21593920.0 0 3534547045 9.29685e-07 1499007652 
21616050.0 1 3534547045 9.43685e-07 1499007652 
21661190.0 1 3534547045 9.5777325e-07 2606325002 
22021930.0 1 3534547045 9.7537813e-07 3632514288 
22216580.0 0 3373526895 1.656014e-06 3532628785 
22383070.0 1 545239233 3.9126248e-06 3532628785 
22530520.0 1 3373526895 1.6700718e-06 3190311976 
23254320.0 2 3443287411 1.436124e-08 3967778277 1483909303 1.4e-08 
24719100.0 0 3149440925 1.461228e-08 4278040469 
25691290.0 0 179097684 9.257265e-07 2654714783 
26365620.0 0 3373526895 1.670072e-06 4278040469 
26615210.0 1 179097684 9.397265e-07 2470646831 
26782630.0 0 545239233 3.912625e-06 1483909303 
27353480.0 0 3534547045 9.753781e-07 2654714783 
28607370.0 1 3373526895 1.68416025e-06 2789348510 
29236070.0 1 3373526895 1.69852124e-06 3443287411 
30701530.0 1 3373526895 1.712522e-06 2445084109 
31062920.0 0 2286860921 1.429723e-08 1483909303 
31895350.0 1 3534547045 9.893781e-07 2768208421 
32797840.0 1 373638573 1.00000102791 197654791 
33413260.0 0 3373526895 1.712522e-06 1483909303 
33512000.0 1 3373526895 1.726522e-06 1483909303 
33583860.0 1 373638573 1.00000102791 1239791232 
34305870.0 1 545239233 3.933535e-06 630280293 
34955960.0 1 373638573 1.000001014 164438789 
35406750.0 3 283080478 1.741e-08 4156410056 3687573659 1.4e-08 
35715220.0 0 3314075649 1.414605e-08 4278040469 
37190150.0 1 3373526895 1.7544898000000002e-06 811613008 
37414060.0 1 545239233 3.947535e-06 1535034065 
38428430.0 0 545239233 3.947535e-06 3071577057 
40158540.0 1 545239233 3.96183223e-06 2286860921 
40699570.0 3 3534547045 9.89378039999999e-07 179097684 3196256300 1.4e-08 848448836 1.402616e-08 2211003714 1.402616e-08 2916276788 1.402616e-08 3696193412 1.402616e-08 15308464 1.402616e-08 1239307652 1.402616e-08 1945448119 1.402616e-08 3396227953 1.402616e-08 3321237907 1.402616e-08 3187199216 1.402616e-08 3330100144 1.402616e-08 310481256 1.402616e-08 817087088 1.402616e-08 551137729 1.402616e-08 1218250404 1.402616e-08 1035956119 1.402616e-08 1211996162 1.402616e-08 188552836 1.402616e-08 2029773149 1.402616e-08 302486611 1.402616e-08 1842102965 1.402616e-08 1285693762 1.402616e-08 1078741991 1.402616e-08 2723643411 1.402616e-08 1804212609 1.402616e-08 438292632 1.402616e-08 2001290253 1.402616e-08 3147695692 1.402616e-08 3179285865 1.402616e-08 2173231515 1.402616e-08 740082705 1.402616e-08 2795063678 1.402616e-08 3642829293 1.402616e-08 2707128518 1.402616e-08 474866315 1.402616e-08 1639799867 1.402616e-08 1026028388 1.402616e-08 1128056158 1.402616e-08 2909632847 1.402616e-08 937177227 1.402616e-08 3393811039 1.402616e-08 611212867 1.402616e-08 1104410542 1.402616e-08 2328232000 1.402616e-08 2999719241 1.402616e-08 1931993247 1.402616e-08 1494850122 1.402616e-08 3414514926 1.402616e-08 2312786130 1.402616e-08 3537925318 1.402616e-08 1634407402 1.402616e-08 3869596591 1.402616e-08 3375523036 1.402616e-08 772925454 1.402616e-08 2215785330 1.402616e-08 3491092596 1.402616e-08 57770090 1.402616e-08 3071577057 1.402616e-08 1452489764 1.402616e-08 4260098875 1.402616e-08 3696843781 1.402616e-08 2138100036 1.402616e-08 1726701215 1.402616e-08 1412415798 1.402616e-08 375852842 1.402616e-08 3593732192 1.402616e-08 
40699570.0 1 3593732192 2.805232e-08 375852842 
40699570.0 1 2211003714 2.805232e-08 848448836 
40699590.0 1 3534547045 1.00340426e-06 2707128518 
40708030.0 1 3534547045 1.01743016e-06 15308464 
40709060.0 1 3534547045 1.03145616e-06 1945448119 
40710780.0 0 3534547045 1.031457e-06 2723643411 
40713770.0 0 1639799867 1.402616e-08 3196256300 
40716970.0 0 438292632 1.402616e-08 310481256 
40743490.0 1 3534547045 1.04548316e-06 3375523036 
40744970.0 0 3534547045 1.045483e-06 1494850122 
40746370.0 1 3534547045 1.05950916e-06 57770090 
40751700.0 1 3534547045 1.07353516e-06 3071577057 
40776020.0 1 3534547045 1.0875611600000001e-06 1931993247 
40789080.0 1 3534547045 1.10158716e-06 1726701215 
40789100.0 1 3534547045 1.11561316e-06 2173231515 
40813690.0 2 3491092596 1.4052320000000002e-08 3147695692 3888264012 1.4e-08 
40815940.0 1 3534547045 1.12964016e-06 1452489764 
40822830.0 0 611212867 1.402616e-08 3396227953 
40826080.0 1 3534547045 1.14366616e-06 1218250404 
40857610.0 1 3534547045 1.15769216e-06 1285693762 
40902670.0 0 2215785330 1.402616e-08 438292632 
40914310.0 0 3534547045 1.157692e-06 1035956119 
40925540.0 1 3534547045 1.17171816e-06 1412415798 
40931780.0 0 1842102965 1.402616e-08 310481256 
40941730.0 1 3534547045 1.18574416e-06 2795063678 
40952420.0 1 3534547045 1.199744e-06 3196256300 
40956710.0 1 3373526895 1.76851516e-06 2138100036 
40964160.0 1 3534547045 1.21377016e-06 310481256 
40972930.0 0 3534547045 1.213771e-06 2909632847 
40975090.0 1 3534547045 1.22779716e-06 2909632847 
40986530.0 0 3534547045 1.227797e-06 3179285865 
41003610.0 1 3534547045 1.24182316e-06 4260098875 
41023550.0 0 2211003714 2.805232e-08 2999719241 
41052490.0 1 3373526895 1.78254216e-06 772925454 
41053320.0 1 3534547045 1.25584916e-06 2916276788 
41084320.0 1 3534547045 1.26987516e-06 1104410542 
41094640.0 0 3534547045 1.269875e-06 1128056158 
41130700.0 1 3534547045 1.28390116e-06 1634407402 
41221400.0 1 3534547045 1.29792716e-06 3321237907 
41223520.0 1 3534547045 1.31195316e-06 611212867 
41242040.0 0 3534547045 1.311954e-06 1239307652 
41347850.0 0 3593732192 2.805232e-08 3179285865 
41383760.0 1 3534547045 1.3259801600000001e-06 3396227953 
41390090.0 1 3534547045 1.34000616e-06 3642829293 
41532760.0 1 3534547045 1.35403216e-06 1078741991 
41550090.0 1 3534547045 1.36805816e-06 3537925318 
41550640.0 0 3534547045 1.368058e-06 3869596591 
41561180.0 1 3534547045 1.38208416e-06 2001290253 
41561300.0 2 3534547045 1.382084e-06 2211003714 313359544 1.4e-08 217284033 1.405232e-08 
41628600.0 1 3534547045 1.39611016e-06 3330100144 
41631160.0 0 2312786130 1.402616e-08 313359544 
41653330.0 0 3534547045 1.396111e-06 302486611 
41705850.0 0 3534547045 1.396111e-06 1804212609 
41865390.0 1 3534547045 1.41013716e-06 302486611 
42127800.0 0 3534547045 1.410137e-06 1842102965 
42175200.0 1 3373526895 1.79656816e-06 551137729 
42208790.0 1 3534547045 1.42416316e-06 2215785330 
42307820.0 1 3373526895 1.81059416e-06 1804212609 
42385400.0 1 3534547045 1.4381891600000001e-06 2723643411 
42419530.0 1 3534547045 1.452189e-06 3888264012 
42569730.0 1 3534547045 1.46621516e-06 2999719241 
42591130.0 1 3534547045 1.48026732e-06 217284033 
42747680.0 0 3534547045 1.480268e-06 1128056158 
42757560.0 0 3534547045 1.480268e-06 817087088 
42890380.0 1 3373526895 1.82462016e-06 740082705 
42981060.0 1 545239233 3.97656078e-06 3071577057 
43356320.0 0 3534547045 1.480268e-06 313359544 
43459580.0 2 3414514926 1.4052320000000002e-08 1494850122 2151269300 1.4e-08 
43465770.0 0 3534547045 1.480268e-06 3696193412 
43470770.0 1 3534547045 1.49429416e-06 188552836 
43484900.0 1 3534547045 1.50832016e-06 474866315 
43554140.0 1 3373526895 1.83864616e-06 438292632 
43695850.0 1 3534547045 1.52234616e-06 817087088 
43933900.0 1 545239233 3.99058616e-06 2312786130 
44200080.0 3 1639799867 1.402616e-08 313359544 3913511150 1.4e-08 
44621090.0 0 1842102965 1.402616e-08 2151269300 
44640240.0 1 3373526895 1.85267216e-06 3869596591 
44688270.0 1 3534547045 1.536346e-06 2151269300 
44778560.0 1 545239233 4.004612160000001e-06 3179285865 
44930250.0 0 3534547045 1.536346e-06 1842102965 
44944180.0 1 3373526895 1.86669916e-06 3187199216 
45088010.0 0 1128056158 1.402616e-08 1639799867 
45224740.0 3 2328232000 1.4052320000000002e-08 1211996162 2962530363 1.4e-08 
45247730.0 1 3373526895 1.88075132e-06 2328232000 
45505990.0 1 3373526895 1.89477716e-06 1842102965 
46005010.0 2 3491092596 1.4078480000000001e-08 3696193412 2063946235 1.4e-08 
46241410.0 0 3373526895 1.894777e-06 3491092596 
46513980.0 1 3373526895 1.9087770000000003e-06 2063946235 
46611570.0 1 3373526895 1.9228554799999997e-06 3491092596 
46695100.0 1 3373526895 1.9368821599999997e-06 1128056158 
47296270.0 1 373638573 1.00000101414605 3314075649 
47386050.0 0 3414514926 1.405232e-08 1035956119 
47557670.0 1 545239233 4.0186391600000005e-06 2029773149 
48304810.0 1 3534547045 1.55037216e-06 1239307652 
48445210.0 1 545239233 4.032639e-06 2962530363 
48554720.0 0 3534547045 1.550372e-06 1026028388 
49148170.0 0 545239233 4.032639e-06 3393811039 
49429840.0 1 3373526895 1.9509081599999998e-06 3393811039 
50879120.0 3 937177227 1.4052320000000002e-08 1639799867 1172086036 1.4e-08 
52435150.0 1 373638573 1.000001014 3687573659 
52547440.0 1 3534547045 1.5643981600000001e-06 1035956119 
52852120.0 1 3534547045 1.57842416e-06 1026028388 
53229420.0 1 545239233 4.046639e-06 4088691616 
54838780.0 1 3534547045 1.592425e-06 3913511150 
56327910.0 1 3373526895 1.9649080000000002e-06 1172086036 
57042460.0 1 373638573 1.00000101429723 1869365069 
62269490.0 0 3534547045 1.592425e-06 3414514926 
67356190.0 1 3373526895 1.9789341599999996e-06 3696843781 
68131380.0 1 545239233 4.060639000000001e-06 2883513480 
75499910.0 1 3373526895 2.00698632e-06 3593732192 
82308750.0 0 545239233 4.060639e-06 2655011401 
87981180.0 0 283080478 1.741e-08 1382686479 
88786840.0 1 373638573 1.0000012791 2555962951 
89326080.0 3 3268335666 2.791e-08 4278040469 690117576 1.4e-08 
98588620.0 1 3373526895 2.02103832e-06 3414514926 
