16.98827 1 545239233 3.0701e-07 2308721517 
83.06338 1 582973675 5.582e-08 925199572 
173.5103 1 3116505811 5.582e-08 2178051842 
196.7535 1 3150846686 3.0701e-07 3232700421 
216.7977 1 4263717482 5.582e-08 2859795595 
290.3328 1 3150846686 3.3492e-07 3326748277 
442.5955 1 2250879299 5.582e-08 2466232951 
470.6447 1 1222799196 3.0701e-07 2205180068 
566.878 1 257754683 5.582e-08 1493201942 
569.1744 1 3373526895 3.0701e-07 3841896594 
1208.19 1 3534547045 3.3492e-07 582973675 
1327.683 1 2984600922 3.0701e-07 3988949870 
1716.091 1 4031050948 3.0701e-07 3268335666 
1856.665 1 2519559028 3.0701e-07 3176785673 
2013.247 1 2340740170 3.0701e-07 1321648343 
2158.461 1 1735432893 5.582e-08 3938221642 
2707.825 1 2235064901 3.0701e-07 4231632140 
3046.345 1 2235064901 3.6283e-07 3116505811 
3216.181 1 3921011129 3.0701e-07 3061883439 
3275.207 1 426576124 3.0701e-07 728028737 
3317.454 0 3384709749 2.791e-08 90391199 
3340.169 1 3774459889 5.582e-08 4122240121 
3447.527 1 1068020906 0.0009543279100000001 501991070 
3656.628 1 3919821980 5.582e-08 3800234335 
3801.945 0 1498734392 2.791e-08 865537991 
3830.777 1 1572835533 3.0701e-07 3241671100 
3973.006 0 257754683 5.582e-08 2737363250 
4162.359 1 3373526895 3.3492e-07 387772665 
4446.151 1 2340740170 3.3492e-07 941534069 
4645.654 1 1572835533 3.3492e-07 197654791 
4675.428 1 1541946641 5.582e-08 1434498202 
4699.212 1 4226750145 5.582e-08 3037779432 
4739.417 1 257754683 8.373e-08 3121047530 
5144.9 1 2235064901 3.9073999999999996e-07 3621383820 
5171.243 1 659524895 5.582e-08 1019134040 
5614.822 1 2984600922 3.3492e-07 732124878 
5853.282 1 2919643181 5.582e-08 741863299 
6120.962 0 1735432893 5.582e-08 3889879026 
6324.75 1 2246051850 3.0701e-07 2932274237 
6434.314 1 3555679070 5.582e-08 259930472 
6467.545 1 2235064901 4.1865e-07 3150420704 
7294.767 1 4259593397 3.0701e-07 3129006749 
7309.178 1 2984600922 3.6283e-07 3382444416 
8112.965 0 3736894086 2.791e-08 1963165541 
8670.984 1 2393342300 5.582e-08 2349140130 
9138.145 1 2919643181 8.373e-08 2263814062 
9257.901 1 1068020906 0.0009543558100000001 4274934102 
10039.87 0 4263717482 5.582e-08 287801793 
10372.44 0 632754209 2.791e-08 2455496064 
10418.13 1 40245973 5.582e-08 1516068388 
10639.34 1 2340740170 3.6283e-07 3732071459 
11042.2 0 2528553283 2.791e-08 3424908067 
11358.32 0 2528553283 2.791e-08 3424908067 
11428.06 1 2528553283 5.582e-08 3424908067 
11549.97 1 3150846686 3.6283e-07 2779686750 
11675.93 1 858320168 5.582e-08 331336395 
12149.28 1 1481166135 5.582e-08 3071234124 
12174.87 1 3150846686 3.9073999999999996e-07 2737363250 
12577.57 1 2246051850 3.3492e-07 770580294 
12780.57 0 858320168 5.582e-08 486050091 
12947.7 1 2340740170 3.9073999999999996e-07 314650893 
13020.3 1 2393342300 8.373e-08 2038493855 
13481.09 0 2455496064 2.791e-08 780264402 
14278.92 2 1572835533 3.3492e-07 1481166135 3687573659 1.4e-08 3196256300 2.091e-08 848448836 2.091e-08 
15789.06 0 2393342300 8.373e-08 3749853089 
16302.19 1 659524895 8.373e-08 790319072 
17164.49 1 179097684 3.0701e-07 1206764858 
17312.64 0 1631081845 2.791e-08 2455496064 
17931.78 0 2235064901 4.1865e-07 3084497907 
19512.8 1 1075699702 3.0701e-07 1458432161 
19801.31 1 3921011129 3.3492e-07 1584276479 
19860.06 0 3737780296 2.791e-07 443746396 
20202.56 2 315200650 4.024173e-08 4061687915 2211003714 1.557827e-08 
22189.19 1 2519559028 3.3492e-07 3475245566 
22991.07 0 1631081845 2.791e-08 1134175585 
23189.04 0 1735432893 5.582e-08 3126241903 
24368.5 1 3150846686 4.1865e-07 725558489 
24885.63 1 1075699702 3.3492e-07 3497999925 
25905.24 1 3921011129 3.6283e-07 3421887303 
26462.12 0 1735432893 5.582e-08 2455496064 
26574.77 0 545239233 3.0701e-07 2409063466 
27220.55 1 2393342300 1.1164e-07 3749853089 
27798.0 0 659524895 8.373e-08 1986278615 
28048.99 1 3373526895 3.9073999999999996e-07 858320168 
28850.67 0 1533953788 2.791e-08 2669757562 
29814.58 0 1738899943 2.791e-08 1731090175 
30481.77 1 3800257563 3.0701e-07 385785803 
30982.57 1 2235064901 4.4656e-07 1379399837 
33674.54 0 3126241903 2.791e-08 780264402 
35849.94 0 1465560917 2.791e-07 242414939 
36795.31 0 1631081845 2.791e-08 1134175585 
39382.58 0 545239233 3.0701e-07 6723929 
39647.68 0 3534547045 3.3492e-07 1731090175 
39733.84 1 2519559028 3.6283e-07 3833318790 
42171.76 1 1075699702 6.419299999999999e-07 4259593397 
42445.86 0 3921011129 3.6283e-07 778035964 
42697.08 0 2235064901 4.4656e-07 778035964 
42802.59 0 3004792470 2.791e-07 2440120768 
43050.47 1 1738899943 5.582e-08 3889879026 
43055.63 0 392861532 2.791e-08 326805806 
43102.84 1 1068020906 0.00095438371 865537991 
43222.85 0 1738899943 5.582e-08 1731090175 
43270.84 0 2451350669 2.791e-08 3196256300 
43397.54 1 1465560917 3.0701e-07 1502094437 
43695.23 0 1222799196 3.0701e-07 511603307 
43709.38 0 1465560917 3.0701e-07 2718413753 
43977.97 0 2555962951 2.791e-07 300193622 
44193.84 1 1075699702 6.698400000000001e-07 1227575429 
44481.71 0 1631081845 2.791e-08 3126241903 
44679.53 1 2480932170 4.1909999999999996e-08 3687573659 
46196.27 0 1866926464 2.791e-08 769686034 
47025.6 1 3150846686 4.7447e-07 40245973 
47151.04 0 2799798816 2.791e-07 838860310 
47832.39 0 3534547045 3.3492e-07 3126241903 
49401.96 1 1738899943 8.373e-08 780264402 
49659.55 0 2235064901 4.4656e-07 2835620284 
50323.92 0 2835620284 2.791e-08 3257166052 
50835.19 1 1735432893 8.373e-08 1134175585 
51014.7 0 1738899943 8.373e-08 1661091397 
51431.19 0 2235064901 4.4656e-07 3257166052 
52877.25 1 2340740170 4.1865e-07 561528368 
54060.57 1 3150846686 5.3029e-07 4263717482 
54392.51 1 2250879299 8.373e-08 1986278615 
56006.71 1 3534547045 3.6283e-07 3126241903 
56040.11 1 2246051850 3.6283e-07 2937387076 
59613.14 0 1465560917 3.0701e-07 3357643131 
59667.58 1 1068020906 0.00095441161 3919026803 
59714.76 1 3736601249 5.582e-08 3823443426 
60988.52 2 3373526895 3.9074e-07 1738899943 2916276788 1.4e-08 3696193412 1.74325e-08 15308464 1.74325e-08 1239307652 1.74325e-08 1945448119 1.74325e-08 
61202.94 1 3373526895 4.081725e-07 1239307652 
61724.12 1 3373526895 4.25605e-07 1945448119 
62227.09 1 3150846686 5.582e-07 2125112500 
62926.21 2 2393342300 1.1164e-07 2528553283 3396227953 1.4e-08 3321237907 2.091e-08 3187199216 2.091e-08 
62952.39 1 2393342300 1.3255e-07 3187199216 
63096.46 1 2246051850 3.8373999999999997e-07 848448836 
63967.61 1 1222799196 6.1402e-07 1465560917 
64021.88 1 3373526895 4.3960499999999997e-07 2916276788 
64572.77 1 3373526895 4.67515e-07 1731090175 
64916.43 0 3114612365 2.791e-08 1425083048 
65393.22 2 3534547045 3.6283e-07 3919821980 3330100144 1.4e-08 310481256 2.091e-08 817087088 2.091e-08 
65742.93 1 2393342300 1.4655e-07 3396227953 
66262.13 1 1075699702 6.9775e-07 598947138 
66513.0 1 817087088 4.182e-08 310481256 
66798.65 0 3921011129 3.6283e-07 870323177 
68622.0 0 3921011129 3.6283e-07 870323177 
68894.86 1 3921011129 3.9073999999999996e-07 870323177 
69628.24 1 2393342300 1.6746e-07 3321237907 
72490.64 0 3373526895 4.67515e-07 3908154577 
73641.76 1 3921011129 4.081725e-07 15308464 
73866.39 1 3150846686 6.4193e-07 257754683 
73963.62 0 2235064901 4.4656e-07 3257166052 
74088.4 0 3373526895 4.67515e-07 3696193412 
76253.31 1 659524895 1.1164e-07 2408568032 
76535.7 1 1572835533 3.6283e-07 717226258 
77420.95 2 3534547045 3.6283e-07 817087088 551137729 1.4e-08 1218250404 2.782e-08 
79100.82 1 3534547045 3.9064999999999997e-07 1218250404 
80835.11 1 2246051850 7.4657e-07 1572835533 
82471.77 1 2246051850 7.7448e-07 482917538 
82994.07 0 3921011129 4.081725e-07 1494141940 
83522.48 0 3519923770 2.791e-08 1434594601 
85610.83 0 2406269022 2.791e-08 862710978 
86299.3 0 2480932170 4.191e-08 2718413753 
88620.54 1 1075699702 7.256600000000001e-07 343742982 
88964.05 1 3921011129 4.360825e-07 3908154577 
96042.33 1 2235064901 4.7447e-07 3257166052 
98091.98 0 862710978 2.791e-08 4252347608 
98237.62 0 688805295 2.791e-08 636961411 
98508.84 1 3150846686 6.698400000000001e-07 3114612365 
102498.0 0 2406269022 2.791e-08 862710978 
104606.1 1 1068020906 0.0009544395100000001 2190522392 
104659.6 1 2235064901 5.0238e-07 1494141940 
106458.0 1 3534547045 4.7438000000000004e-07 1735432893 
106706.4 1 3774459889 8.373e-08 511603307 
107399.3 1 1075699702 7.5357e-07 2542835646 
107851.8 1 545239233 3.3492e-07 211811971 
108460.6 3 3015378843 2.3303739999999998e-08 2710766136 1035956119 1.625813e-08 1211996162 1.625813e-08 
108669.4 1 3800257563 3.3492e-07 911013108 
115604.3 0 3534547045 4.7438e-07 632754209 
119571.8 1 3150846686 6.9775e-07 287801793 
126001.6 0 3534547045 4.7438e-07 1661091397 
126082.6 0 3197676583 2.791e-08 102901530 
126373.4 1 1068020906 0.00095446751 828787466 
129378.0 0 632754209 2.791e-08 1661091397 
131403.0 0 3150846686 6.9775e-07 3084497907 
132152.6 1 2555962951 2.9535813e-07 1035956119 
139462.0 1 2246051850 8.023900000000001e-07 2693713428 
140726.0 1 2235064901 5.302900000000001e-07 3084497907 
141040.7 0 3004792470 2.791e-07 2906924538 
141330.5 0 245436729 2.791e-08 2835620284 
142606.6 1 1222799196 6.4193e-07 1037584679 
142800.0 1 2246051850 8.303e-07 384163328 
142964.3 0 3534547045 4.7438e-07 632754209 
145215.4 1 4031050948 3.3492e-07 300193622 
146660.4 0 2246051850 8.303e-07 1790255658 
148093.6 0 838860310 2.791e-08 1878784256 
149975.9 0 3534547045 4.7438e-07 1661091397 
150101.6 1 659524895 1.3955e-07 164438789 
155173.2 1 1068020906 0.0009544954100000001 2768642543 
155211.8 0 179097684 3.0701e-07 4252347608 
155232.4 1 179097684 3.3492e-07 4252347608 
156309.3 2 3534547045 4.743800099999999e-07 3373526895 188552836 1.361832e-07 2029773149 1.440573e-08 302486611 1.440573e-08 1842102965 1.440573e-08 1285693762 1.440573e-08 1078741991 1.440573e-08 2723643411 1.440573e-08 1804212609 1.440573e-08 438292632 1.440573e-08 2001290253 1.440573e-08 3147695692 1.440573e-08 3179285865 1.440573e-08 2173231515 1.440573e-08 740082705 1.440573e-08 2795063678 1.440573e-08 3642829293 1.440573e-08 2707128518 1.440573e-08 474866315 1.440573e-08 1639799867 1.440573e-08 1026028388 1.440573e-08 1128056158 1.440573e-08 2909632847 1.440573e-08 937177227 1.440573e-08 3393811039 1.440573e-08 
156309.3 1 188552836 1.5058893e-07 3393811039 
156309.3 1 188552836 1.6499463e-07 2029773149 
156355.5 1 3534547045 4.8878573e-07 438292632 
156362.8 1 3534547045 5.031914299999999e-07 1026028388 
156439.7 1 188552836 1.7940033e-07 302486611 
156452.4 1 3534547045 5.175972299999999e-07 2909632847 
156620.4 1 3534547045 5.3200293e-07 2707128518 
156667.8 1 3534547045 5.464086299999999e-07 1639799867 
156791.9 0 188552836 1.794004e-07 2001290253 
156800.7 1 3534547045 5.608144299999999e-07 3147695692 
156966.8 0 188552836 1.794004e-07 2001290253 
157102.1 0 3534547045 5.608144e-07 2001290253 
157338.7 0 3747246174 2.791e-08 862710978 
157540.8 0 3534547045 5.608144e-07 1285693762 
158085.0 1 3534547045 5.7522013e-07 2173231515 
158141.6 0 2340740170 4.1865e-07 2409063466 
158310.9 1 3534547045 5.896258299999999e-07 2795063678 
159535.3 1 3921011129 4.639925e-07 2455496064 
159655.8 1 188552836 1.9380613e-07 1285693762 
160160.4 0 179097684 3.3492e-07 862710978 
160815.8 1 3534547045 6.040316299999999e-07 937177227 
161005.9 1 3534547045 6.1843733e-07 3179285865 
161737.3 1 3534547045 8.122433999999999e-07 188552836 
165269.7 0 3534547045 8.122434e-07 474866315 
168568.9 1 3534547045 8.2664913e-07 1842102965 
169802.2 0 2393342300 1.6746e-07 2406269022 
169854.1 0 1222799196 6.4193e-07 3357643131 
171139.5 1 3737780296 5.582e-07 3004792470 
171551.3 0 3891448235 2.791e-08 3933289935 
175386.3 1 3534547045 8.410548299999999e-07 740082705 
177843.6 1 1068020906 0.00095452331 3392858646 
179298.8 1 4031050948 3.6283e-07 921425487 
179981.1 0 632754209 2.791e-08 1078741991 
182822.3 1 1068020906 0.00095455121 3245569981 
183135.8 0 3534547045 8.410549e-07 1128056158 
185404.4 1 2246051850 8.582100000000001e-07 6723929 
186463.6 1 3534547045 8.554606299999999e-07 2001290253 
189260.3 1 3534547045 8.833706000000001e-07 1661091397 
197431.2 1 4226750145 8.373e-08 888311950 
197694.9 0 474866315 1.440573e-08 1078741991 
201472.6 1 2340740170 4.4656e-07 1123501568 
206911.3 1 2799798816 3.0701e-07 129185354 
210125.6 1 3534547045 8.977763299999999e-07 1804212609 
211067.7 0 2298477853 2.791e-08 2620740164 
211819.7 0 3534547045 8.977763e-07 3642829293 
213561.0 0 4031050948 3.6283e-07 3824069879 
215235.9 1 3534547045 9.117763e-07 3330100144 
215279.4 0 2620740164 2.791e-08 3428193420 
217685.2 0 3704423751 2.791e-08 3020817656 
224255.8 1 2246051850 8.8612e-07 2870037616 
227033.9 1 3534547045 9.2618203e-07 2723643411 
227836.9 1 1222799196 6.698400000000001e-07 873214132 
235144.2 0 3704423751 2.791e-08 3020817656 
235626.8 0 2555962951 2.953581e-07 3709881891 
236236.1 1 3534547045 9.405878299999999e-07 1128056158 
238165.7 1 3534547045 9.684978e-07 1631081845 
241517.0 1 2246051850 9.1403e-07 636961411 
242195.0 0 2480932170 4.191e-08 242414939 
242460.6 1 2246051850 9.419400000000001e-07 688805295 
243792.8 3 3150846686 6.9774993e-07 2235064901 611212867 1.608983e-08 1104410542 1.428334e-08 2328232000 1.428334e-08 2999719241 1.428334e-08 1931993247 1.428334e-08 1494850122 1.428334e-08 3414514926 1.428334e-08 2312786130 1.428334e-08 3537925318 1.428334e-08 1634407402 1.428334e-08 3869596591 1.428334e-08 3375523036 1.428334e-08 772925454 1.428334e-08 2215785330 1.428334e-08 3491092596 1.428334e-08 57770090 1.428334e-08 3071577057 1.428334e-08 1452489764 1.428334e-08 4260098875 1.428334e-08 3696843781 1.428334e-08 2138100036 1.428334e-08 1726701215 1.428334e-08 1412415798 1.428334e-08 375852842 1.428334e-08 3593732192 1.428334e-08 3888264012 1.428334e-08 313359544 1.428334e-08 217284033 1.428334e-08 2151269300 1.428334e-08 3913511150 1.428334e-08 2962530363 1.428334e-08 2063946235 1.428334e-08 1172086036 1.428334e-08 690117576 1.428334e-08 3288380490 1.428334e-08 845665321 1.428334e-08 3122982648 1.428334e-08 
243793.7 1 313359544 2.856668e-08 3593732192 
243794.1 1 2312786130 2.856668e-08 1494850122 
244731.5 1 3150846686 7.1203334e-07 2138100036 
244887.1 1 3150846686 7.2631664e-07 2063946235 
245046.0 1 3150846686 7.4060004e-07 3071577057 
245163.4 0 2151269300 1.428334e-08 375852842 
245533.8 0 3150846686 7.406e-07 3888264012 
245726.5 1 3150846686 7.5488334e-07 1634407402 
246643.6 0 3150846686 7.548834e-07 2215785330 
247118.5 1 3150846686 7.6916674e-07 2999719241 
247253.9 1 3150846686 7.8345004e-07 217284033 
247487.2 1 3150846686 7.9773334e-07 3537925318 
247906.8 1 3150846686 8.120167400000001e-07 4260098875 
248241.2 1 3150846686 8.263000400000001e-07 375852842 
248540.2 1 3150846686 8.405833400000001e-07 3869596591 
248548.2 0 3150846686 8.405834e-07 3122982648 
249513.6 1 313359544 4.285002e-08 2215785330 
250432.6 0 3150846686 8.405834e-07 57770090 
251295.2 1 3150846686 8.5486674e-07 1172086036 
252370.9 1 3150846686 8.6915004e-07 1931993247 
252424.3 0 3888264012 1.428334e-08 3375523036 
254041.5 1 3150846686 8.834334400000001e-07 3414514926 
255628.5 1 2246051850 9.6985e-07 1425083048 
255790.1 0 2870158420 2.791e-08 949068759 
256498.4 1 3150846686 8.977167400000001e-07 2328232000 
257822.3 1 2246051850 9.907599999999999e-07 3196256300 
258374.9 1 3150846686 9.120000400000001e-07 772925454 
261199.9 0 245436729 2.791e-08 1452489764 
262174.7 1 3534547045 9.8290353e-07 1078741991 
262227.0 0 3288380490 1.428334e-08 690117576 
262754.9 1 3534547045 1.0108135e-06 3616865126 
263184.1 3 3197676583 1.5807160000000002e-08 1593850299 1471982444 2.000642e-08 3303338876 2.000642e-08 
263619.9 1 3150846686 9.2628344e-07 3888264012 
264521.0 1 3534547045 1.0252197300000002e-06 474866315 
269808.4 0 126484229 2.791e-08 769686034 
269823.3 0 3921011129 4.639925e-07 551137729 
271560.8 1 2340740170 4.7447e-07 3498415124 
273033.6 1 3150846686 9.4056674e-07 1452489764 
274369.0 1 3150846686 9.5485004e-07 57770090 
277039.4 0 3150846686 9.548501e-07 1726701215 
279089.8 0 3150846686 9.548501e-07 2409063466 
279110.1 1 3921011129 4.7827584e-07 1726701215 
279248.1 1 3150846686 9.6913344e-07 2151269300 
282106.8 0 3800257563 3.3492e-07 126484229 
282323.6 1 3921011129 5.2112581e-07 313359544 
282437.3 1 1068020906 0.00095457911 29350397 
283315.8 0 1458665800 2.791e-08 3357643131 
284247.0 0 3150846686 9.691334e-07 3491092596 
284965.3 2 3737780296 5.582e-07 1541946641 2875471576 1.4e-08 1738909006 2.091e-08 356405251 2.091e-08 
287073.6 0 3150846686 9.691334e-07 611212867 
287607.9 1 3921011129 5.3540924e-07 3913511150 
290289.4 1 1222799196 6.9775e-07 1503861029 
293080.3 1 3921011129 5.4969254e-07 3288380490 
300403.6 0 3737780296 5.582e-07 2875471576 
301100.9 1 2340740170 4.8875334e-07 1104410542 
303785.5 0 1075699702 7.5357e-07 2440120768 
309902.7 0 3555679070 5.582e-08 3707189490 
311075.8 0 1075699702 7.5357e-07 3891448235 
313345.0 2 179097684 3.4784514999999996e-07 862710978 2879167783 1.498485e-08 
313708.1 1 179097684 3.6283005e-07 2879167783 
320728.5 1 3150846686 9.970434e-07 245436729 
325876.3 1 3921011129 5.6397584e-07 690117576 
326040.4 1 3150846686 1.01132674e-06 3122982648 
338856.8 1 3150846686 1.02561034e-06 2962530363 
347866.5 2 2246051850 9.9076e-07 3774459889 3083352544 1.4e-08 4198169764 1.74325e-08 821115011 1.74325e-08 2118016430 1.74325e-08 1945735688 1.74325e-08 
348539.9 1 2393342300 1.8145999999999999e-07 551137729 
355077.3 1 3921011129 5.7825924e-07 1412415798 
359405.1 0 1222799196 6.9775e-07 4198169764 
383958.6 1 1068020906 0.0009546070100000001 1533953788 
386313.1 3 2393342300 1.2192714000000004e-07 3747246174 4093093422 1.457381e-08 2842015324 1.457381e-08 1249238030 1.457381e-08 3214077756 1.457381e-08 879162223 1.457381e-08 3884425642 1.457381e-08 
386597.4 1 2393342300 1.3650091e-07 3214077756 
387888.4 1 2393342300 1.5107471e-07 879162223 
388149.3 1 2393342300 1.6564851e-07 2842015324 
388871.4 2 2799798816 3.0701e-07 2250879299 1149406307 1.4e-08 3528332227 1.74325e-08 4004407106 1.74325e-08 451270221 1.74325e-08 3149440925 1.74325e-08 
389539.3 0 2393342300 1.656486e-07 3884425642 
392651.2 0 843517319 2.791e-08 2545005546 
393154.0 1 2519559028 3.9073999999999996e-07 3108364485 
393167.9 1 2393342300 1.8022241000000002e-07 4093093422 
402373.9 1 3891448235 5.582e-08 4046076794 
403596.2 3 3428193420 2.279514e-08 1945735688 2250775120 2.254736e-08 
405103.3 0 949068759 2.791e-08 2250775120 
408046.3 0 392861532 2.791e-08 1347872676 
409247.9 1 2393342300 1.9479621000000001e-07 3884425642 
415333.0 0 2312786130 2.856668e-08 3696843781 
415993.8 1 3737780296 5.8611e-07 1651612823 
417737.1 0 179097684 3.6283e-07 2406269022 
417940.8 0 179097684 3.6283e-07 2406269022 
424922.2 3 2246051850 9.907599000000001e-07 1222799196 1130108289 3.445051e-07 2177968201 1.41298e-08 2914302410 1.41298e-08 3655816389 1.41298e-08 3485819286 1.41298e-08 1382686479 1.41298e-08 1803925302 1.41298e-08 3293059020 1.41298e-08 378125977 1.41298e-08 2159618959 1.41298e-08 2441325815 1.41298e-08 3401497744 1.41298e-08 4069401935 1.41298e-08 134948105 1.41298e-08 1998372786 1.41298e-08 2455922112 1.41298e-08 3059103076 1.41298e-08 432337108 1.41298e-08 1902671923 1.41298e-08 4209590891 1.41298e-08 77395223 1.41298e-08 3592986772 1.41298e-08 1246511018 1.41298e-08 3986570268 1.41298e-08 174500547 1.41298e-08 4083845756 1.41298e-08 
424922.2 1 1130108289 3.586349e-07 2177968201 
424922.2 1 1130108289 3.727647e-07 4083845756 
424922.3 1 1130108289 3.868944e-07 174500547 
424922.3 1 1130108289 4.010242e-07 2914302410 
426814.6 1 2246051850 1.0048898000000002e-06 3986570268 
427887.4 0 1130108289 4.010242e-07 134948105 
427957.2 1 1130108289 4.15154e-07 4209590891 
432517.4 1 2246051850 1.4200440000000001e-06 1130108289 
433530.3 0 3534547045 1.025219e-06 632754209 
433695.5 1 2246051850 1.4341738e-06 1902671923 
433730.7 0 451270221 1.74325e-08 77395223 
435493.7 1 2246051850 1.4483038000000002e-06 3401497744 
440749.8 0 2409063466 2.791e-08 486050091 
447564.0 0 659524895 1.3955e-07 2250757420 
448163.4 1 1998372786 2.82596e-08 2159618959 
449679.6 0 545239233 3.3492e-07 378125977 
455059.4 0 1790255658 2.791e-08 2835620284 
458121.6 1 3921011129 6.061692e-07 778035964 
458403.9 1 2246051850 1.490213e-06 2480932170 
460954.4 3 3933289935 2.7639960000000002e-08 4198169764 110358663 1.770254e-08 
462542.4 3 3704423751 1.4e-08 3020817656 1370908750 2.091e-08 1837234470 2.091e-08 
463278.9 0 486050091 2.791e-08 3491092596 
464954.2 1 1837234470 4.182e-08 1370908750 
466609.5 0 3707189490 2.791e-08 2455922112 
467985.9 1 1837234470 5.582e-08 3704423751 
468939.2 1 3891448235 8.373e-08 3279231079 
473899.3 0 1998372786 2.82596e-08 1246511018 
480247.8 0 3737780296 5.8611e-07 2487301543 
480541.6 0 3555679070 5.582e-08 1593891639 
486070.8 2 3921011129 6.061692e-07 2312786130 2945849429 1.4e-08 66296937 1.456668e-08 
486479.2 3 1837234470 1.4e-08 2406269022 976558236 1.74325e-08 2438291630 1.74325e-08 906368509 1.74325e-08 3783228500 1.74325e-08 
487415.3 1 3783228500 3.14325e-08 1837234470 
487997.9 1 3783228500 4.8865e-08 2438291630 
488533.5 1 3783228500 6.62975e-08 976558236 
495629.2 0 1128709694 2.791e-08 1382686479 
496315.5 0 3783228500 6.62975e-08 906368509 
499644.8 1 4031050948 3.9073999999999996e-07 4188445920 
502058.1 1 1075699702 7.712725399999999e-07 110358663 
510334.3 0 1075699702 7.712725e-07 290926289 
511753.5 1 545239233 3.5100983e-07 611212867 
512463.2 1 2246051850 1.5043428000000002e-06 2441325815 
516044.4 1 3737780296 6.140200000000001e-07 3953846011 
517361.3 0 3534547045 1.025219e-06 632754209 
518605.0 1 3534547045 1.03962473e-06 3642829293 
520312.0 0 1444500749 2.791e-08 3592986772 
521058.5 1 2246051850 1.5184728000000002e-06 3059103076 
526191.3 1 2246051850 1.546383e-06 869234806 
529146.6 1 2246051850 1.5605128000000002e-06 134948105 
530697.3 1 2393342300 2.0937001e-07 1249238030 
531110.3 1 1068020906 0.00095463491 3384709749 
542488.9 1 2246051850 1.5884230000000001e-06 3707189490 
545207.8 0 2718413753 2.791e-08 3293059020 
549323.9 3 1790255658 2.314039e-08 3592986772 2858952728 1.889941e-08 
555537.2 1 2246051850 1.6112181399999999e-06 3428193420 
555582.7 0 2250775120 2.254736e-08 3293059020 
558366.2 3 1236021306 1.4e-08 3775452048 395113485 2.091e-08 4019363830 2.091e-08 
560425.0 1 2204676502 0.00028572791 2250757420 
560713.8 0 2455922112 1.41298e-08 3485819286 
571868.6 1 1075699702 7.991825000000001e-07 2074240873 
577659.8 1 2246051850 1.639128e-06 242414939 
580213.7 0 3197676583 1.580716e-08 77395223 
583979.2 1 3783228500 8.373e-08 906368509 
585844.8 0 3737780296 6.1402e-07 1586980658 
587423.7 1 3150846686 1.05352e-06 326805806 
588059.1 2 2340740170 8.2016435e-07 545239233 3016084464 1.959875e-08 
591054.3 0 2799798816 3.0701e-07 2211003714 
600026.1 1 2246051850 1.667038e-06 102901530 
608439.8 1 3737780296 6.4193e-07 2440120768 
609625.3 0 2246051850 1.667038e-06 905418128 
609809.2 0 2504591099 2.791e-08 1035492323 
610583.3 0 2340740170 8.201644e-07 1790255658 
618688.5 1 2799798816 3.211398e-07 77395223 
618851.3 1 3534547045 1.067535e-06 1128709694 
620091.6 2 659524895 1.3955e-07 3736601249 921818415 1.4e-08 2892683898 2.091e-08 3697249003 2.091e-08 
652127.2 0 2046083849 2.791e-08 3485819286 
653344.1 0 405521437 2.791e-08 1790255658 
654419.5 1 373638573 1.00000002791 1963165541 
656196.9 1 373638573 1.00000002791 43001897 
659028.6 0 2246051850 1.667038e-06 4004407106 
661674.7 0 2409063466 2.791e-08 66296937 
664012.9 0 2504591099 2.791e-08 811613008 
667442.4 1 1075699702 8.200925e-07 395113485 
670254.2 1 2246051850 1.6811678000000002e-06 3655816389 
677014.4 3 2504591099 2.5282190000000002e-08 845665321 3983774618 1.691115e-08 
679834.4 0 2799798816 3.211398e-07 3983774618 
685556.7 1 2046083849 5.582e-08 1156624510 
696990.2 3 3555679070 1.4000009999999996e-08 3293059020 4187488967 1.864993e-08 898751805 1.864993e-08 3632514288 1.864993e-08 
718324.4 1 3534547045 1.095445e-06 2409063466 
724658.6 1 2246051850 1.6986005e-06 4004407106 
737532.2 1 2246051850 1.72388219e-06 2504591099 
737692.3 1 2246051850 1.751792e-06 905418128 
758293.4 0 838860310 2.791e-08 2118016430 
768773.9 1 2246051850 1.7794319600000002e-06 3933289935 
775688.8 0 3696843781 1.428334e-08 3375523036 
775752.1 1 3737780296 6.593625e-07 2118016430 
781021.8 0 3983774618 1.691115e-08 4069401935 
789364.0 2 2519559028 3.9074002999999997e-07 426576124 410848061 4.322051e-08 2791633391 1.465497e-08 630280293 1.465497e-08 4212779140 1.465497e-08 3459374364 1.465497e-08 2125331604 1.465497e-08 3113062634 1.465497e-08 847040419 1.465497e-08 4240624600 1.465497e-08 1565786989 1.465497e-08 2286860921 1.465497e-08 3707879645 1.465497e-08 2746930994 1.465497e-08 4075596975 1.465497e-08 4283280385 1.465497e-08 538453177 1.465497e-08 3121292019 1.465497e-08 3349724438 1.465497e-08 4253718737 1.465497e-08 
789364.2 1 410848061 5.787548e-08 4253718737 
789364.2 1 410848061 7.253046e-08 2791633391 
796132.9 1 1458665800 5.0457359999999995e-08 2250775120 
799846.0 0 2340740170 8.201644e-07 1593891639 
808586.2 0 2340740170 8.201644e-07 3083352544 
811197.6 1 2246051850 1.8076916e-06 1998372786 
819347.4 0 1434594601 2.791e-08 3357643131 
826236.9 2 2246051850 1.8076921e-06 2799798816 3297362622 1.4e-08 1751902433 1.46257e-08 2878871175 1.46257e-08 3083717413 1.46257e-08 220564665 1.46257e-08 3653734512 1.46257e-08 3815024321 1.46257e-08 1428265047 1.46257e-08 3604532305 1.46257e-08 1869365069 1.46257e-08 965372172 1.46257e-08 607396504 1.46257e-08 2533881277 1.46257e-08 472358284 1.46257e-08 1950077488 1.46257e-08 1820499179 1.46257e-08 4055959668 1.46257e-08 528880979 1.46257e-08 3778036871 1.46257e-08 1405660995 1.46257e-08 3662110242 1.46257e-08 2247026945 1.46257e-08 
828053.0 0 3197676583 1.580716e-08 3662110242 
829401.4 2 898751805 1.927563e-08 220564665 4032129539 1.4e-08 
830049.1 1 2246051850 1.8223177000000002e-06 2878871175 
830990.9 1 2246051850 1.850228e-06 2261252686 
834339.6 2 4031050948 3.9074007999999994e-07 2984600922 4035587434 1.4e-08 3111692719 1.453458e-08 1398579088 1.453458e-08 2501379955 1.453458e-08 3332562587 1.453458e-08 3562383954 1.453458e-08 2521380987 1.453458e-08 4119421155 1.453458e-08 1913762779 1.453458e-08 3678948817 1.453458e-08 2489195127 1.453458e-08 3929228125 1.453458e-08 3160344427 1.453458e-08 3182159117 1.453458e-08 766581564 1.453458e-08 3702894340 1.453458e-08 3532745758 1.453458e-08 1072840122 1.453458e-08 3294683754 1.453458e-08 1676003954 1.453458e-08 4285585893 1.453458e-08 2674988631 1.453458e-08 406745133 1.453458e-08 2883513480 1.453458e-08 783121895 1.453458e-08 
835441.1 1 2246051850 1.86476258e-06 3678948817 
835978.0 1 2246051850 1.88790239e-06 1790255658 
837445.1 0 2919643181 8.373e-08 1913762779 
839491.8 0 3707879645 1.465497e-08 3459374364 
840461.6 1 3534547045 1.1233550000000001e-06 632754209 
841139.3 1 2340740170 8.347901e-07 4055959668 
842521.5 1 3150846686 1.0814300000000001e-06 2835620284 
842682.6 0 2246051850 1.887903e-06 3815024321 
843761.0 0 2246051850 1.887903e-06 1428265047 
847754.1 1 2246051850 1.9025287000000001e-06 472358284 
848164.1 0 4031050948 3.9074e-07 3815024321 
850367.0 1 1075699702 8.3462708e-07 3702894340 
850639.3 2 949068759 2.7948920000000002e-08 847040419 2683944377 1.461605e-08 
851375.1 0 2246051850 1.902528e-06 3490627259 
856169.2 1 2246051850 1.9171537e-06 3083717413 
860673.1 0 4031050948 3.9074e-07 4069401935 
861171.9 0 2246051850 1.917154e-06 1820499179 
864203.1 1 373638573 1.00000002791 1498734392 
867645.8 1 4285585893 2.906916e-08 766581564 
875839.5 0 4240624600 1.465497e-08 406745133 
878008.5 0 1246511018 1.41298e-08 3297362622 
878483.1 2 2286860921 1.518955e-08 3532745758 2961226102 1.4e-08 
885105.8 1 1068020906 0.00095466281 1507417240 
886135.1 0 2246051850 1.917154e-06 1869365069 
887378.0 2 1820499179 1.4755500000000001e-08 1803925302 301219709 1.4e-08 
887580.5 1 1820499179 2.87555e-08 301219709 
888623.4 3 486050091 2.761646e-08 4035587434 1743198400 1.429354e-08 
899469.1 1 3150846686 1.1010287499999998e-06 3016084464 
903626.4 0 528880979 1.46257e-08 607396504 
905831.9 1 4226750145 1.1164e-07 1664502715 
906400.7 1 3150846686 1.1300981700000001e-06 4285585893 
910898.8 0 3604532305 1.46257e-08 1676003954 
911973.4 1 2246051850 1.945064e-06 2718413753 
911993.3 0 1565786989 1.465497e-08 2961226102 
922788.5 1 2246051850 1.9596897e-06 965372172 
924899.9 0 2246051850 1.95969e-06 1405660995 
931231.7 0 1458665800 5.045736e-08 898751805 
936313.6 0 2892683898 2.091e-08 3653734512 
940948.9 3 1035492323 2.4269459999999998e-08 2501379955 3059144981 1.817512e-08 
942729.1 0 2046083849 5.582e-08 1149406307 
945036.6 0 1434594601 2.791e-08 451270221 
945500.4 1 4031050948 4.0527458e-07 783121895 
958350.4 1 838860310 4.20398e-08 2455922112 
959913.5 0 333964007 2.791e-08 2521380987 
963349.3 1 2340740170 8.4932468e-07 3160344427 
970874.3 0 3197676583 1.580716e-08 3653734512 
970971.0 2 2246051850 2.1481399e-06 4031050948 3952655669 1.445498e-08 2848685905 1.445498e-08 1826422368 1.445498e-08 896813269 1.445498e-08 37051273 1.445498e-08 1867247157 1.445498e-08 3633199892 1.445498e-08 1736323711 1.445498e-08 283080478 1.445498e-08 785216844 1.445498e-08 3006103420 1.445498e-08 2898323513 1.445498e-08 1199222225 1.445498e-08 3755198008 1.445498e-08 2795041644 1.445498e-08 
970991.4 1 2246051850 2.1625949800000003e-06 896813269 
973744.7 0 2246051850 2.162595e-06 2848685905 
983042.6 0 2340740170 8.493247e-07 1867247157 
988037.6 1 3150846686 1.1446325799999998e-06 3332562587 
1003665.0 1 2246051850 2.17704998e-06 3633199892 
1004736.0 1 1068020906 0.00095469071 3709881891 
1013218.0 1 2340740170 8.6377968e-07 785216844 
1015788.0 0 949068759 2.794893e-08 1676003954 
1023078.0 0 2393342300 2.0937e-07 3294683754 
1028075.0 0 3737780296 6.593625e-07 1471982444 
1030738.0 1 2246051850 2.1916757e-06 3778036871 
1031144.0 1 2246051850 2.2063007e-06 607396504 
1034433.0 0 1869365069 1.46257e-08 3006103420 
1044076.0 0 2533881277 1.46257e-08 2898323513 
1046696.0 0 4226750145 1.1164e-07 3459374364 
1049317.0 0 3921011129 6.061692e-07 2945849429 
1060147.0 2 2858952728 1.943399e-08 2521380987 3492274228 1.4e-08 
1065355.0 0 179097684 3.6283e-07 2945849429 
1077163.0 0 3891448235 8.373e-08 1434594601 
1079309.0 2 3534547045 1.12335502e-06 2393342300 1420914473 1.4e-08 439844059 1.502846e-08 3802520055 1.502846e-08 3012889883 1.502846e-08 3363823620 1.502846e-08 1086559163 1.502846e-08 3063534263 1.502846e-08 2013640095 1.502846e-08 1461359102 1.502846e-08 2027098952 1.502846e-08 4167430602 1.502846e-08 4096225443 1.502846e-08 781549661 1.502846e-08 907719639 1.502846e-08 
1079589.0 1 3534547045 1.137355e-06 1420914473 
1079773.0 0 3534547045 1.137355e-06 1461359102 
1080057.0 1 3534547045 1.15238346e-06 907719639 
1080319.0 1 3534547045 1.1674114599999999e-06 4167430602 
1081739.0 0 3534547045 1.167412e-06 439844059 
1082315.0 1 3534547045 1.18244046e-06 2027098952 
1082856.0 1 3534547045 1.19746846e-06 3012889883 
1082911.0 1 3534547045 1.21249746e-06 1461359102 
1083753.0 1 3534547045 1.22752546e-06 4096225443 
1084368.0 1 3534547045 1.24255446e-06 781549661 
1085614.0 2 3802520055 1.5563039999999998e-08 3111692719 1906851972 1.4e-08 
1085820.0 0 2519559028 3.9074e-07 1878784256 
1086530.0 0 2013640095 1.502846e-08 439844059 
1086681.0 1 3534547045 1.25758246e-06 2013640095 
1091645.0 1 3534547045 1.285493e-06 1434594601 
1093335.0 1 2340740170 8.7958686e-07 3197676583 
1093613.0 0 3534547045 1.285493e-06 3363823620 
1094078.0 0 3534547045 1.285493e-06 3363823620 
1097525.0 0 3921011129 6.061692e-07 439844059 
1100939.0 0 2246051850 2.206301e-06 3294683754 
1107032.0 0 2533881277 1.46257e-08 1736323711 
1109345.0 3 333964007 2.4320460000000003e-08 1869365069 2597880038 1.821524e-08 
1109582.0 1 2246051850 2.2207559800000004e-06 1199222225 
1120742.0 2 2286860921 1.564453e-08 1826422368 1896745001 1.4e-08 
1123647.0 1 2246051850 2.2353817e-06 3662110242 
1129416.0 0 2298477853 2.791e-08 1867247157 
1129918.0 0 179097684 3.6283e-07 2945849429 
1133626.0 2 4019363830 2.10398e-08 3485819286 2378434411 1.4e-08 
1136843.0 1 1075699702 8.492528e-07 1950077488 
1137444.0 1 3534547045 1.30052146e-06 1086559163 
1137983.0 0 2451350669 2.791e-08 2125331604 
1138956.0 0 3802520055 1.556304e-08 3363823620 
1142067.0 1 2340740170 8.9387014e-07 3375523036 
1151393.0 0 2883513480 1.453458e-08 1072840122 
1154657.0 3 2883513480 1.453458e-08 2945849429 1837088337 1.4e-08 
1155523.0 0 2883513480 1.453458e-08 1837088337 
1163233.0 0 2919643181 8.373e-08 739080713 
1164602.0 0 179097684 3.6283e-07 1906851972 
1165541.0 2 2211003714 1.611285e-08 1676003954 1543523724 1.4e-08 
1197924.0 2 2286860921 1.617911e-08 4119421155 1761715697 1.4e-08 
1200414.0 0 3012070026 2.791e-08 2487301543 
1201503.0 1 3534547045 1.31505558e-06 3929228125 
1207135.0 0 3150846686 1.144633e-06 3632514288 
1208153.0 0 1075699702 8.492528e-07 1543523724 
1221950.0 1 2246051850 2.2500077e-06 2247026945 
1227405.0 0 179097684 3.6283e-07 2883513480 
1230805.0 1 2340740170 9.0832518e-07 2848685905 
1231078.0 3 179097684 3.6189984999999996e-07 2883513480 3099973400 1.546473e-08 
1231218.0 1 179097684 3.7736463e-07 3099973400 
1234066.0 1 3921011129 6.2070378e-07 1398579088 
1248994.0 0 1458665800 5.045736e-08 3491092596 
1249325.0 3 3083352544 1.4e-08 3555679070 2789348510 1.4e-08 
1249688.0 0 1075699702 8.492528e-07 2795041644 
1253523.0 0 2340740170 9.083252e-07 3802520055 
1260056.0 1 3150846686 1.16328293e-06 3632514288 
1263137.0 0 3534547045 1.315056e-06 3063534263 
1266041.0 0 3783228500 8.373e-08 3063534263 
1268473.0 1 1075699702 8.637077799999999e-07 1867247157 
1269388.0 0 432337108 1.41298e-08 1761715697 
1269659.0 0 3363823620 1.502846e-08 1906851972 
1276532.0 0 3783228500 8.373e-08 3063534263 
1277241.0 0 3783228500 8.373e-08 3182159117 
1279909.0 1 1075699702 8.916178e-07 2911053862 
1285084.0 0 2246051850 2.250008e-06 3653734512 
1304998.0 1 3150846686 1.1843228e-06 4019363830 
1311311.0 3 1458665800 1.4e-08 2286860921 1371202285 1.754549e-08 629078091 1.754549e-08 754560055 1.754549e-08 
1311461.0 0 3182159117 1.453458e-08 3491092596 
1311489.0 0 629078091 1.754549e-08 3653734512 
1314579.0 0 2246051850 2.250008e-06 1751902433 
1317871.0 2 179097684 4.3306124e-07 3783228500 1737134642 1.401668e-08 37613351 1.401668e-08 
1318959.0 1 3737780296 6.7381748e-07 2795041644 
1320374.0 1 3534547045 1.33061904e-06 3802520055 
1320438.0 0 754560055 1.754549e-08 1371202285 
1322555.0 3 838860310 1.4000010000000006e-08 898751805 3434666020 1.577181e-08 2369258877 1.577181e-08 3563522875 1.577181e-08 
1324298.0 1 179097684 4.4707788e-07 37613351 
1328527.0 2 3534547045 1.7946882999999999e-06 3921011129 249728555 1.42395e-08 4285226245 1.42395e-08 2707460946 1.42395e-08 2606325002 1.42395e-08 1541925803 1.42395e-08 2024675612 1.42395e-08 1292023300 1.42395e-08 3302973195 1.42395e-08 875106938 1.42395e-08 3314075649 1.42395e-08 2589646060 1.42395e-08 
1328538.0 1 3534547045 1.8089275e-06 2589646060 
1328544.0 1 3534547045 1.8231675e-06 1541925803 
1328629.0 1 3534547045 1.8374064999999998e-06 3302973195 
1328633.0 1 3534547045 1.8516464999999999e-06 2024675612 
1328677.0 1 3534547045 1.8658855e-06 249728555 
1328741.0 1 3534547045 1.8801255e-06 2606325002 
1328844.0 0 2519559028 3.9074e-07 1736323711 
1328857.0 1 3534547045 1.8943645e-06 3314075649 
1329343.0 1 3534547045 1.9086045e-06 2707460946 
1329799.0 1 3534547045 1.9228435e-06 875106938 
1329893.0 1 2246051850 2.2646336999999997e-06 1751902433 
1330132.0 1 3534547045 1.9370835e-06 1292023300 
1333701.0 1 3534547045 1.95161758e-06 3294683754 
1338510.0 0 3534547045 1.951618e-06 4285226245 
1338642.0 1 3534547045 1.9658575e-06 4285226245 
1345960.0 0 3357643131 2.791e-08 4075596975 
1346171.0 0 3534547045 1.965857e-06 66296937 
1350857.0 0 451270221 1.74325e-08 2378434411 
1356536.0 1 2246051850 2.2820655000000004e-06 451270221 
1357907.0 1 2246051850 2.3108215e-06 1820499179 
1360275.0 1 3737780296 7.017275e-07 290926289 
1375769.0 1 3534547045 1.9832895e-06 3696193412 
1379083.0 0 2340740170 9.083252e-07 1236021306 
1380368.0 1 179097684 4.6210636000000003e-07 3063534263 
1396811.0 0 2858952728 1.943399e-08 3983774618 
1397882.0 1 3150846686 1.19935046e-06 439844059 
1400545.0 1 3150846686 1.2168964900000001e-06 629078091 
1404629.0 0 179097684 4.621064e-07 3363823620 
1406016.0 1 1075699702 9.195278000000001e-07 2451350669 
1416916.0 0 179097684 4.621064e-07 3363823620 
1423836.0 0 754869367 2.791e-08 443746396 
1425668.0 1 2519559028 4.0539497000000003e-07 4283280385 
1441130.0 1 179097684 4.761064e-07 1837088337 
1442855.0 2 3363823620 1.53118e-08 3491092596 3433591204 1.4e-08 
1447476.0 0 1075699702 9.195278e-07 3528332227 
1454084.0 1 2246051850 2.324821e-06 1236021306 
1462870.0 1 2246051850 2.34236649e-06 1371202285 
1480578.0 1 373638573 1.00000002091 356405251 
1484812.0 1 3534547045 1.99785668e-06 66296937 
1485319.0 0 2246051850 2.342367e-06 2211003714 
1493598.0 0 2246051850 2.342367e-06 921818415 
1495188.0 0 253808213 2.791e-08 1878784256 
1500850.0 1 3737780296 7.1638247e-07 4240624600 
1508673.0 0 953296898 2.791e-08 921818415 
1522305.0 1 3150846686 1.2344414900000001e-06 754560055 
1523086.0 0 1075699702 9.195278e-07 838860310 
1526512.0 0 1075699702 9.195278e-07 2674988631 
1527424.0 0 1405660995 1.46257e-08 1761715697 
1529828.0 2 2246051850 2.342367e-06 3891448235 1848242772 1.4e-08 250719570 1.74325e-08 2681498831 1.74325e-08 481808867 1.74325e-08 2066612683 1.74325e-08 
1535760.0 1 2246051850 2.3597995e-06 481808867 
1546854.0 3 3983774618 1.691115e-08 2378434411 3458484829 1.4e-08 
1552070.0 1 3737780296 7.3091698e-07 3562383954 
1552852.0 0 2046083849 5.582e-08 405521437 
1563169.0 1 2246051850 2.3742539800000002e-06 2898323513 
1596852.0 2 250719570 2.034365e-08 3983774618 2719204682 1.4e-08 
1619117.0 1 3534547045 2.0131678e-06 3363823620 
1636078.0 0 1471982444 2.000642e-08 3006103420 
1642926.0 2 2211003714 1.656783e-08 3755198008 4256642775 1.4e-08 
1652189.0 1 2246051850 2.395164e-06 3697249003 
1653219.0 1 1075699702 9.335278e-07 1149406307 
1654644.0 1 486050091 4.207144e-08 3952655669 
1661702.0 1 1075699702 9.509603e-07 3528332227 
1705814.0 1 179097684 4.9012308e-07 1737134642 
1712221.0 3 810769555 2.655113e-08 3113062634 2449448537 1.601384e-08 
1725771.0 2 3303338876 2.4221659999999998e-08 2597880038 463844675 1.4e-08 
1729788.0 0 179097684 4.90123e-07 1906851972 
1729893.0 1 179097684 5.04123e-07 1906851972 
1736249.0 3 1738909006 1.961759e-08 3006103420 3167902617 1.574739e-08 
1747754.0 1 2246051850 2.409164e-06 1848242772 
1751332.0 3 1878784256 1.4000000000000001e-08 3696843781 579073438 1.409667e-08 3468130899 1.409667e-08 
1758064.0 0 2340740170 9.083252e-07 528880979 
1775142.0 3 2066612683 1.6841260000000002e-08 2719204682 393090083 1.459124e-08 
1785502.0 0 2246051850 2.409164e-06 579073438 
1794948.0 1 3150846686 1.24853867e-06 3468130899 
1802576.0 1 2246051850 2.42493581e-06 3563522875 
1806489.0 1 2246051850 2.4395617e-06 1428265047 
1806622.0 0 2519559028 4.05395e-07 2870158420 
1808626.0 1 373638573 1.00000001453458 2489195127 
1817206.0 2 3737780296 7.309170199999999e-07 2519559028 2343849308 2.038927e-07 1055469694 1.439302e-08 627452446 1.439302e-08 2014426858 1.439302e-08 2716949832 1.439302e-08 552634658 1.439302e-08 3736523900 1.439302e-08 2213923665 1.439302e-08 1503202005 1.439302e-08 3202152185 1.439302e-08 2622395779 1.439302e-08 3607413901 1.439302e-08 649593533 1.439302e-08 66987975 1.439302e-08 483021244 1.439302e-08 
1817206.0 1 2343849308 2.1828572000000002e-07 483021244 
1817206.0 1 2343849308 2.3267872e-07 1055469694 
1823756.0 3 3357643131 2.5944579999999997e-08 3121292019 3707800333 1.662039e-08 
1824198.0 0 2681498831 1.74325e-08 2789348510 
1838861.0 1 3150846686 1.262538e-06 1878784256 
1841164.0 3 405521437 2.6636029999999997e-08 1405660995 3528190190 1.589967e-08 
1841164.0 1 405521437 4.25357e-08 3528190190 
1847584.0 3 2674988631 1.453458e-08 463844675 2185291493 1.4e-08 
1860005.0 1 2343849308 2.7292053e-07 315200650 
1892593.0 1 3150846686 1.2766678e-06 378125977 
1892818.0 3 3150846686 1.2766678900000015e-06 2340740170 550176535 6.024391e-08 1674415855 1.413469e-08 4287239676 1.413469e-08 3884987045 1.413469e-08 1960974751 1.413469e-08 309459595 1.413469e-08 2348040613 1.413469e-08 3180086772 1.413469e-08 3833074883 1.413469e-08 1462644303 1.413469e-08 4088625113 1.413469e-08 1237914369 1.413469e-08 2733144751 1.413469e-08 1649557018 1.413469e-08 1831065885 1.413469e-08 79461789 1.413469e-08 1621314342 1.413469e-08 2016090987 1.413469e-08 1553963666 1.413469e-08 1002680420 1.413469e-08 734120091 1.413469e-08 2475979558 1.413469e-08 2649056468 1.413469e-08 3381587904 1.413469e-08 175860597 1.413469e-08 1089013536 1.413469e-08 552498239 1.413469e-08 481049431 1.413469e-08 2950407739 1.413469e-08 72955594 1.413469e-08 1771264541 1.413469e-08 2353028958 1.413469e-08 2980075456 1.413469e-08 3449694611 1.413469e-08 1194638860 1.413469e-08 114837353 1.413469e-08 2341758500 1.413469e-08 651046398 1.413469e-08 2780384598 1.413469e-08 1061526795 1.413469e-08 3342541004 1.413469e-08 1577969976 1.413469e-08 695939830 1.413469e-08 229435916 1.413469e-08 1850435983 1.413469e-08 19131048 1.413469e-08 2426951832 1.413469e-08 3089865955 1.413469e-08 3526559023 1.413469e-08 73116178 1.413469e-08 2654473721 1.413469e-08 2564127097 1.413469e-08 3554620561 1.413469e-08 2789301560 1.413469e-08 3201932102 1.413469e-08 3527214469 1.413469e-08 224410298 1.413469e-08 3967778277 1.413469e-08 1759850032 1.413469e-08 2704180049 1.413469e-08 287394855 1.413469e-08 
1892818.0 1 550176535 7.43786e-08 1674415855 
1892818.0 1 550176535 8.851329e-08 287394855 
1892818.0 1 550176535 1.0264798e-07 4287239676 
1892818.0 1 550176535 1.1678269e-07 2704180049 
1892819.0 1 1462644303 2.826938e-08 3833074883 
1892854.0 1 3150846686 1.29080269e-06 1621314342 
1892871.0 1 3150846686 1.3049376900000001e-06 229435916 
1892944.0 1 3150846686 1.31907269e-06 4088625113 
1893505.0 1 3150846686 1.3332066900000001e-06 2950407739 
1893827.0 1 3150846686 1.36147637e-06 1462644303 
1894094.0 1 3150846686 1.37561069e-06 3967778277 
1894120.0 0 3449694611 1.413469e-08 481049431 
1894271.0 1 3150846686 1.3897456900000002e-06 1960974751 
1894312.0 0 3150846686 1.389746e-06 695939830 
1894691.0 1 1771264541 2.826938e-08 1237914369 
1894879.0 0 3303338876 2.422166e-08 3527214469 
1894929.0 0 1759850032 1.413469e-08 2649056468 
1895324.0 1 3150846686 1.41396766e-06 3303338876 
1895896.0 0 550176535 1.167827e-07 481049431 
1896817.0 0 3342541004 1.413469e-08 1089013536 
1897253.0 1 3150846686 1.4281016900000001e-06 19131048 
1897383.0 1 3150846686 1.44223669e-06 2341758500 
1898102.0 1 3150846686 1.4563716900000002e-06 552498239 
1899205.0 1 3150846686 1.47050569e-06 695939830 
1899237.0 0 2649056468 1.413469e-08 2348040613 
1899338.0 1 3150846686 1.4846406900000002e-06 1553963666 
1900577.0 1 3150846686 1.49877569e-06 73116178 
1902266.0 1 3150846686 1.51291069e-06 2980075456 
1903038.0 1 3150846686 1.52704469e-06 1759850032 
1904169.0 1 3526559023 2.826938e-08 2475979558 
1907421.0 1 3150846686 1.54117969e-06 2564127097 
1908862.0 0 1075699702 9.509603e-07 1444500749 
1910536.0 1 550176535 1.3091739e-07 3554620561 
1910595.0 1 3150846686 1.55531469e-06 1194638860 
1912416.0 1 3150846686 1.58358337e-06 3526559023 
1918690.0 0 3150846686 1.583584e-06 3089865955 
1919558.0 0 2733144751 1.413469e-08 2348040613 
1919904.0 0 3150846686 1.583584e-06 1831065885 
1921513.0 0 3150846686 1.583584e-06 3180086772 
1921932.0 1 3737780296 7.58827e-07 2856850640 
1922455.0 0 3150846686 1.583584e-06 2348040613 
1926290.0 1 3150846686 1.59771869e-06 3180086772 
1926477.0 1 3201932102 2.826938e-08 481049431 
1930764.0 3 1736323711 1.445498e-08 4256642775 2670951229 1.4e-08 
1932374.0 0 1577969976 1.413469e-08 651046398 
1933142.0 0 3150846686 1.597718e-06 2649056468 
1933565.0 0 3150846686 1.597718e-06 1061526795 
1933605.0 0 550176535 1.309173e-07 72955594 
1938828.0 2 1736323711 1.458967e-08 2353028958 2367820772 1.4e-08 
1942908.0 0 1850435983 1.413469e-08 838860310 
1944496.0 0 3201932102 2.826937e-08 2733144751 
1944767.0 1 3150846686 1.61185269e-06 3527214469 
1945259.0 0 821115011 1.74325e-08 2426951832 
1945777.0 0 1327969783 2.791e-08 3653734512 
1947085.0 1 3150846686 1.62598769e-06 1831065885 
1948215.0 3 1736323711 1.458966e-08 2670951229 771359632 1.4e-08 
1956231.0 0 2780384598 1.413469e-08 3381587904 
1956387.0 2 2892683898 2.104469e-08 1850435983 4186562710 1.4e-08 
1956530.0 1 2892683898 3.504469e-08 4186562710 
1957120.0 3 250719570 1.732108e-08 3449694611 3211480542 1.715726e-08 
1965853.0 0 2654473721 1.413469e-08 2426951832 
1973033.0 1 3150846686 1.6401226900000001e-06 224410298 
1973473.0 0 3150846686 1.640122e-06 2348040613 
1978804.0 1 1089013536 2.826938e-08 2733144751 
1979237.0 0 3150846686 1.640122e-06 1002680420 
1979291.0 0 3150846686 1.640122e-06 821115011 
1985663.0 1 3150846686 1.6575545e-06 2681498831 
1988333.0 1 3150846686 1.67168969e-06 175860597 
1990756.0 1 3150846686 1.68582469e-06 114837353 
1991831.0 3 309459595 1.413469e-08 2367820772 346987663 1.4e-08 
1993234.0 0 1771264541 2.826937e-08 1002680420 
1995311.0 0 405521437 4.25357e-08 2674988631 
1999049.0 1 550176535 1.4505199e-07 1577969976 
2001468.0 0 1089013536 2.826937e-08 651046398 
2009533.0 1 3150846686 1.69995869e-06 3381587904 
2012444.0 1 3534547045 2.0272978e-06 1382686479 
2012788.0 3 2892683898 1.399999e-08 2066612683 1922039940 1.894298e-08 2110688926 1.894298e-08 
2014324.0 1 3150846686 1.71409369e-06 2016090987 
2016554.0 1 3150846686 1.7423633700000001e-06 3201932102 
2018806.0 3 627452446 1.439302e-08 3492274228 1314810707 1.4e-08 
2020303.0 1 373638573 1.00000002791 2620740164 
2020691.0 0 2426951832 1.413469e-08 579073438 
2025624.0 1 3737780296 1.0317475000000002e-06 2343849308 
2027353.0 0 2426951832 1.413469e-08 734120091 
2027855.0 1 3150846686 1.7564976900000001e-06 309459595 
2031638.0 1 550176535 1.5918669e-07 651046398 
2034083.0 1 1075699702 9.703942899999999e-07 2858952728 
2036940.0 0 2533881277 1.46257e-08 3342541004 
2042998.0 1 373638573 1.00000002791 4028593304 
2056300.0 3 754869367 1.4000000000000001e-08 649593533 2472898255 1.415151e-08 3459912306 1.415151e-08 
2061645.0 3 2919643181 7.476589e-08 1002680420 1598213090 2.30988e-08 
2071144.0 0 2110688926 1.894298e-08 1922039940 
2080073.0 1 550176535 1.7332139e-07 3884987045 
2095171.0 0 3150846686 1.756498e-06 2211003714 
2095521.0 0 3150846686 1.756498e-06 3089865955 
2095533.0 0 3150846686 1.756498e-06 3089865955 
2099106.0 1 3737780296 1.059658e-06 2326007700 
2100975.0 0 3736894086 2.791e-08 2487301543 
2103286.0 1 3534547045 2.04143269e-06 2649056468 
2112865.0 1 1075699702 9.847873199999998e-07 3736523900 
2136646.0 0 1075699702 9.847873e-07 2654473721 
2137274.0 1 2246051850 2.4535620000000003e-06 3083352544 
2137322.0 3 1593891639 1.400001e-08 2683944377 1495382923 1.426302e-08 722767024 1.426302e-08 
2146572.0 2 2211003714 1.670252e-08 2780384598 515125813 1.4e-08 
2158061.0 1 3150846686 1.77063269e-06 2426951832 
2176680.0 1 2246051850 2.4676966899999997e-06 2654473721 
2180191.0 0 811613008 2.791e-08 1211996162 
2220904.0 1 2246051850 2.48235097e-06 2125331604 
2228827.0 3 2533881277 1.46257e-08 3458484829 1298902656 1.4e-08 
2230027.0 0 3089865955 1.413469e-08 579073438 
2243098.0 0 3490627259 2.791e-08 346987663 
2243598.0 0 3150846686 1.770632e-06 2211003714 
2247772.0 0 3490627259 2.791e-08 3342541004 
2256217.0 1 2246051850 2.4964856899999997e-06 79461789 
2278209.0 0 3150846686 1.770632e-06 3089865955 
2287663.0 0 550176535 1.733214e-07 3490627259 
2289912.0 0 1075699702 9.847873e-07 528880979 
2296041.0 2 250719570 2.002358e-08 2211003714 3532628785 1.4e-08 
2297130.0 1 3150846686 1.7989013700000001e-06 1771264541 
2304884.0 1 3150846686 1.812902e-06 515125813 
2319170.0 1 3534547045 2.055433e-06 3433591204 
2320903.0 0 3150846686 1.812902e-06 250719570 
2321885.0 1 3534547045 2.0699675800000002e-06 3182159117 
2322494.0 1 3150846686 1.8270366900000001e-06 3089865955 
2332809.0 1 2185291493 2.8e-08 2892683898 
2349896.0 3 2185291493 1.4e-08 754869367 826924968 1.4e-08 3190311976 1.4e-08 
2354941.0 0 3434666020 1.577181e-08 1458665800 
2385824.0 1 373638573 1.0000000141298 1246511018 
2387357.0 0 4187488967 1.864993e-08 1458665800 
2400437.0 1 2246051850 2.5104860000000004e-06 3532628785 
2400660.0 1 4226750145 1.262657e-07 3653734512 
2401056.0 3 2919643181 3.1072709999999997e-08 3211480542 841878026 1.521261e-08 2747938267 1.521261e-08 3177521820 1.521261e-08 3363025910 1.521261e-08 
2413298.0 0 3434666020 1.577181e-08 1736323711 
2415701.0 3 3434666020 1.577181e-08 838860310 1290268226 1.4e-08 
2420313.0 0 3363025910 1.521261e-08 3297362622 
2442072.0 3 3490627259 1.4000000000000001e-08 2533881277 764400056 1.426785e-08 1517815290 1.426785e-08 
2453756.0 1 3150846686 1.84705959e-06 250719570 
2474552.0 0 1495382923 1.426302e-08 1543523724 
2479489.0 3 283080478 1.445498e-08 1290268226 66064165 1.4e-08 
2484734.0 1 2246051850 2.53480646e-06 333964007 
2495932.0 1 2246051850 2.5488060000000002e-06 826924968 
2496483.0 0 486050091 4.207143e-08 66064165 
2523379.0 2 3177521820 1.5605630000000002e-08 627452446 2766526296 1.4e-08 
2544549.0 0 3462747 2.791e-08 825415804 
2549796.0 2 1075699702 9.957377199999999e-07 405521437 2454553876 1.579264e-08 1923515514 1.579264e-08 
2552021.0 0 3150846686 1.84706e-06 1471982444 
2573302.0 0 486050091 4.207143e-08 4187488967 
2583549.0 1 373638573 1.00000001662039 3707800333 
2584087.0 1 2246051850 2.5908774299999997e-06 486050091 
2612172.0 1 373638573 1.0000000230988 1598213090 
2624013.0 0 2246051850 2.590878e-06 3297362622 
2626011.0 0 1089013536 2.826937e-08 841878026 
2629471.0 0 3177521820 1.560563e-08 734120091 
2660026.0 0 1922039940 1.894298e-08 771359632 
2662420.0 1 3150846686 1.86164966e-06 1736323711 
2668518.0 1 550176535 1.8892702999999998e-07 3177521820 
2671985.0 1 3737780296 1.07405102e-06 66987975 
2683449.0 0 722767024 1.426302e-08 346987663 
2708580.0 0 3150846686 1.86165e-06 4187488967 
2719932.0 0 2674988631 1.453458e-08 579073438 
2738547.0 3 2789348510 1.4e-08 1543523724 3339828518 1.4e-08 
2738740.0 2 1075699702 9.957377e-07 2919643181 105819081 1.4e-08 533433650 1.707271e-08 
2741800.0 1 1075699702 1.01281041e-06 533433650 
2745794.0 0 2906924538 2.791e-08 1327969783 
2753866.0 0 1061526795 1.413469e-08 105819081 
2791880.0 0 1649557018 1.413469e-08 4032129539 
2802931.0 0 2348040613 1.413469e-08 346987663 
2808601.0 1 3150846686 1.87982512e-06 3059144981 
2810325.0 0 841878026 1.521261e-08 1649557018 
2819060.0 1 1075699702 1.0270730199999998e-06 722767024 
2826332.0 1 2246051850 2.604878e-06 1896745001 
2827877.0 1 2246051850 2.6188780000000003e-06 2766526296 
2835569.0 0 2246051850 2.618878e-06 3434666020 
2843835.0 0 764400056 1.426785e-08 1649557018 
2891856.0 0 2014426858 1.439302e-08 3459912306 
2892021.0 0 2246051850 2.618878e-06 37051273 
2938964.0 1 3150846686 1.8950376100000001e-06 841878026 
2944486.0 2 550176535 1.88927e-07 1089013536 1601889739 1.4e-08 381652938 1.426937e-08 
2955506.0 0 3150846686 1.895037e-06 4187488967 
2973132.0 3 37051273 1.445498e-08 1601889739 96665495 1.4e-08 
2996078.0 2 3342541004 1.4269379999999999e-08 2348040613 1342185090 1.4e-08 
3007020.0 0 2246051850 2.618878e-06 734120091 
3009168.0 1 3737780296 1.2003167e-06 4226750145 
3013090.0 1 2246051850 2.6448225899999996e-06 3357643131 
3022900.0 1 3150846686 1.90930002e-06 1495382923 
3037452.0 0 3167902617 1.574739e-08 72955594 
3038105.0 0 3150846686 1.9093e-06 1342185090 
3041968.0 3 2213923665 1.439302e-08 1458665800 149784911 1.4e-08 
3056417.0 1 373638573 1.00000001465497 4075596975 
3060174.0 1 2246051850 2.6592779800000003e-06 283080478 
3061547.0 0 3604532305 1.46257e-08 2674988631 
3062211.0 0 3462747 2.791e-08 3202152185 
3073342.0 3 4187488967 1.75573e-08 1593891639 85224627 1.509263e-08 
3090459.0 1 3150846686 1.92356937e-06 381652938 
3100245.0 0 1517815290 1.426785e-08 1061526795 
3121110.0 0 550176535 1.88927e-07 3736894086 
3122687.0 3 1649557018 1.413469e-08 3297362622 1965662198 1.4e-08 
3144436.0 1 3150846686 1.93772151e-06 2472898255 
3152951.0 1 3462747 4.256497e-08 3459374364 
3153217.0 2 1743198400 1.456291e-08 3342541004 110439229 1.4e-08 
3156168.0 2 2369258877 1.5906499999999998e-08 2789301560 1449522982 1.4e-08 
3156285.0 3 764400056 1.426785e-08 346987663 3279439195 1.4e-08 
3173155.0 1 3534547045 2.0845926999999997e-06 3604532305 
3174924.0 1 3150846686 1.9521759800000002e-06 37051273 
3179170.0 1 3150846686 1.966176e-06 96665495 
3183062.0 1 2246051850 2.67354485e-06 764400056 
3186522.0 0 2110688926 1.894298e-08 1517815290 
3194621.0 2 85224627 1.522243e-08 432337108 360107933 1.4e-08 
3199444.0 2 3607413901 1.452771e-08 734120091 1657444763 1.4e-08 
3216182.0 0 3434666020 1.577181e-08 2213923665 
3216524.0 1 3150846686 1.9801760000000003e-06 771359632 
3219336.0 0 85224627 1.522243e-08 1342185090 
3221985.0 1 550176535 2.02927e-07 360107933 
3230411.0 1 2246051850 2.6875450000000003e-06 1761715697 
3293261.0 1 2246051850 2.701545e-06 1314810707 
3306276.0 0 821115011 1.74325e-08 1965662198 
3307054.0 3 392861532 2.341237e-08 3363025910 58759274 1.971024e-08 
3316321.0 1 373638573 1.000000014 4032129539 
3319112.0 1 2246051850 2.7155450000000003e-06 1342185090 
3319729.0 0 821115011 1.74325e-08 110439229 
3325638.0 1 2246051850 2.73448798e-06 2110688926 
3367301.0 0 3150846686 1.980176e-06 110439229 
3385964.0 1 373638573 1.00000001961758 1738909006 
3406953.0 0 2246051850 2.734488e-06 3190311976 
3415003.0 0 739080713 2.791e-08 1327969783 
3460093.0 1 1068020906 0.0009547186100000001 2681375347 
3484591.0 1 1075699702 1.0429795e-06 2369258877 
3499851.0 1 3150846686 1.994176e-06 2789348510 
3513252.0 1 3150846686 2.00873892e-06 1743198400 
3514663.0 1 3150846686 2.022739e-06 66064165 
3528405.0 0 1471982444 2.000642e-08 821115011 
3551267.0 1 2246051850 2.75028064e-06 1923515514 
3626324.0 1 2246051850 2.7699912399999997e-06 58759274 
3669159.0 1 3150846686 2.0367390000000004e-06 110439229 
3674942.0 0 739080713 2.791e-08 105819081 
3680561.0 2 550176535 2.0536247e-07 4187488967 2135013218 1.512183e-08 
3696694.0 1 2246051850 3.8129710000000004e-06 1075699702 
3705112.0 0 2246051850 3.812971e-06 1327969783 
3712241.0 2 2747938267 1.586758e-08 1565786989 470332523 1.4e-08 
3716890.0 1 2747938267 2.986758e-08 470332523 
3719988.0 1 3150846686 2.2421015e-06 550176535 
3724163.0 3 393090083 1.459124e-08 3279439195 3217169414 1.4e-08 
3748149.0 3 739080713 2.791e-08 105819081 3030801476 1.4e-08 
3814057.0 2 1471982444 2.122885e-08 85224627 2208266878 1.4e-08 
3839218.0 1 3150846686 2.25669324e-06 393090083 
3863282.0 3 2046083849 5.284029e-08 2213923665 3715668764 1.737273e-08 
3968869.0 1 3737780296 1.214316e-06 149784911 
3978992.0 1 1068020906 0.00095479123046 410848061 
3999732.0 0 126484229 2.791e-08 3202152185 
4003941.0 0 3534547045 2.084593e-06 579073438 
4039412.0 1 2246051850 3.83638337e-06 392861532 
4081609.0 0 3737780296 1.214316e-06 2716949832 
4125404.0 0 821115011 1.74325e-08 1061526795 
4343918.0 0 3202152185 1.439302e-08 1449522982 
4393346.0 1 373638573 1.00000001409667 579073438 
4393430.0 0 3150846686 2.256693e-06 821115011 
4393766.0 1 3150846686 2.2741255e-06 821115011 
4411254.0 1 2246051850 3.850384e-06 921818415 
4455405.0 1 2246051850 3.86932698e-06 1922039940 
4460977.0 0 3149440925 1.74325e-08 3202152185 
4531816.0 1 2246051850 3.88346169e-06 1061526795 
4532706.0 1 3534547045 2.098593e-06 2961226102 
4551887.0 1 3150846686 2.2881250000000002e-06 1965662198 
4724751.0 1 3150846686 2.316035e-06 3736894086 
4735956.0 3 552634658 1.439302e-08 1298902656 3418547556 1.4e-08 
4807632.0 1 2246051850 3.89947484e-06 2449448537 
4999202.0 1 3150846686 2.3304280199999997e-06 3202152185 
