285.6746 1 2246051850 3.0701e-07 688805295 
704.3681 1 3373526895 3.0701e-07 632754209 
1326.328 1 3616865126 5.582e-08 3150420704 
1678.957 1 1465560917 3.0701e-07 1790255658 
2200.857 1 3150846686 3.0701e-07 2835620284 
3738.248 1 941534069 5.582e-08 40245973 
7318.001 1 3534547045 3.0701e-07 925199572 
8364.623 1 2455496064 5.582e-08 3938221642 
8702.552 1 2246051850 3.3492e-07 1502094437 
8751.18 1 3534547045 3.3492e-07 1731090175 
9114.352 1 3921011129 3.0701e-07 3908154577 
9488.125 1 2125112500 5.582e-08 3116505811 
11264.67 1 3373526895 3.3492e-07 1738899943 
15948.7 1 3737780296 3.0701e-07 2710766136 
17559.68 1 2859795595 5.582e-08 870323177 
19768.57 1 179097684 3.0701e-07 1206764858 
21634.0 1 545239233 3.0701e-07 3326748277 
25467.06 1 3921011129 3.3492e-07 1134175585 
27948.42 1 1465560917 3.3492e-07 259930472 
28520.01 0 1631081845 2.791e-08 582973675 
29123.22 1 3373526895 3.6283e-07 582973675 
29303.51 0 486050091 2.791e-08 3800234335 
32634.09 0 384163328 2.791e-08 482917538 
32682.32 1 3919821980 5.582e-08 1661091397 
32747.76 1 3150846686 3.3492e-07 636961411 
33522.61 1 869234806 5.582e-08 770580294 
35052.27 1 2246051850 3.6283e-07 2937387076 
38903.68 0 3150846686 3.3492e-07 1425083048 
39435.57 1 4259593397 3.0701e-07 1458432161 
43304.28 1 1068020906 0.0009545791 618276123 
46162.52 1 2246051850 3.9073999999999996e-07 1481166135 
48075.62 1 941534069 8.373e-08 2409063466 
51925.88 1 2235064901 3.0701e-07 2178051842 
52876.9 1 545239233 3.9073999999999996e-07 941534069 
53184.23 1 3921011129 3.6283e-07 3061883439 
55299.2 1 2984600922 3.0701e-07 3891448235 
59407.65 0 3357643131 2.791e-08 1037584679 
61973.63 1 3534547045 3.6283e-07 331336395 
66714.11 1 1068020906 0.0009546070100000001 1128709694 
68956.14 1 426576124 3.0701e-07 3824069879 
72920.92 0 2125112500 5.582e-08 1123501568 
79480.05 1 1572835533 3.0701e-07 2693713428 
79686.94 0 2393342300 2.791e-08 3749853089 
81208.04 1 1068020906 0.00095463491 1768543625 
83636.13 1 2246051850 4.1865e-07 3071234124 
89293.82 0 3534547045 3.6283e-07 1735432893 
92720.0 1 3774459889 5.582e-08 2542835646 
93504.17 1 3534547045 4.1864999999999995e-07 3919821980 
116956.8 0 211811971 2.791e-08 2932274237 
124119.6 1 3921011129 4.1864999999999995e-07 3616865126 
127065.8 1 2246051850 4.4656e-07 6723929 
130579.2 0 2455496064 5.582e-08 387772665 
131374.4 1 2235064901 3.3492e-07 3257166052 
134573.2 0 1123501568 2.791e-08 4263717482 
140758.5 1 3534547045 4.4656e-07 2349140130 
157830.6 0 545239233 3.9074e-07 3114612365 
165248.9 0 3421887303 2.791e-08 1631081845 
166844.4 3 561528368 2.351422e-08 3114612365 3687573659 1.615289e-08 3196256300 1.615289e-08 
168598.2 1 4231632140 5.142421e-08 561528368 
171144.6 1 3921011129 4.4656e-07 4263717482 
177501.1 1 1593850299 5.582e-08 3933289935 
178190.0 0 179097684 3.0701e-07 862710978 
178882.2 0 1035492323 2.791e-08 2046083849 
182899.2 1 2984600922 3.3492e-07 3497999925 
185007.3 1 4259593397 3.3492e-07 102901530 
185872.8 0 3889879026 2.791e-08 3747246174 
186700.7 1 3921011129 4.7447e-07 3841896594 
209023.5 1 179097684 3.3492e-07 862710978 
214875.8 2 3373526895 3.6283e-07 2455496064 848448836 1.4e-08 2211003714 2.091e-08 2916276788 2.091e-08 
215567.3 0 3774459889 5.582e-08 790319072 
310566.9 0 1075699702 2.791e-07 314650893 
312972.6 1 1222799196 3.0701e-07 717226258 
325346.9 0 3747246174 2.791e-08 3020817656 
343132.1 3 3232700421 2.54365e-08 3196256300 3696193412 1.862639e-08 
355648.3 0 2340740170 2.791e-07 211811971 
375962.6 0 545239233 3.9074e-07 725558489 
379555.8 2 545239233 3.9074e-07 2859795595 15308464 1.4e-08 1239307652 2.091e-08 1945448119 2.091e-08 
384410.2 2 545239233 3.9074005999999986e-07 2235064901 3396227953 1.4e-08 3321237907 1.458727e-08 3187199216 1.458727e-08 3330100144 1.458727e-08 310481256 1.458727e-08 817087088 1.458727e-08 551137729 1.458727e-08 1218250404 1.458727e-08 1035956119 1.458727e-08 1211996162 1.458727e-08 188552836 1.458727e-08 2029773149 1.458727e-08 302486611 1.458727e-08 1842102965 1.458727e-08 1285693762 1.458727e-08 1078741991 1.458727e-08 2723643411 1.458727e-08 1804212609 1.458727e-08 438292632 1.458727e-08 2001290253 1.458727e-08 3147695692 1.458727e-08 3179285865 1.458727e-08 2173231515 1.458727e-08 
393878.6 0 2340740170 2.791e-07 1211996162 
398924.3 1 3373526895 4.1864999999999995e-07 2125112500 
399591.3 1 3921011129 4.8847e-07 848448836 
402163.4 0 1227575429 2.791e-08 1458665800 
435427.1 1 2528553283 5.582e-08 3424908067 
435949.2 1 373638573 1.00000002791 326805806 
444305.7 0 3004792470 2.791e-07 2205180068 
454945.4 0 3707189490 2.791e-08 2737363250 
477146.9 1 545239233 4.1865e-07 287801793 
480391.5 1 3150846686 3.5354638999999997e-07 3696193412 
481174.2 1 3921011129 5.1638e-07 1631081845 
509157.9 1 3373526895 4.4656e-07 3421887303 
511889.6 1 373638573 1.00000002791 2190522392 
514143.9 0 3373526895 4.4656e-07 778035964 
546278.6 0 3800234335 2.791e-08 1035956119 
562197.8 0 1878784256 2.791e-08 1327969783 
565790.3 1 545239233 4.3265e-07 15308464 
586234.3 0 905418128 2.791e-08 3121047530 
586903.5 3 245436729 2.463523e-08 188552836 740082705 1.786204e-08 
600988.7 0 905418128 2.791e-08 2308721517 
605000.8 1 1222799196 3.3492e-07 1037584679 
628584.1 1 3921011129 5.6780421e-07 4231632140 
628707.2 3 725558489 1.399999e-08 310481256 2795063678 1.424864e-08 3642829293 1.424864e-08 
636987.4 0 1493201942 2.791e-08 1285693762 
648418.9 0 2519559028 2.791e-07 3988949870 
676234.6 0 3747246174 2.791e-08 3704423751 
681028.0 0 1075699702 2.791e-07 2919643181 
689479.3 3 4122240121 2.517978e-08 3241671100 2707128518 1.532011e-08 474866315 1.532011e-08 
689784.3 0 3534547045 4.4656e-07 1494141940 
691129.2 1 3150846686 3.814564e-07 1379399837 
716669.3 3 164438789 1.399999e-08 438292632 1639799867 1.424864e-08 1026028388 1.424864e-08 
736781.0 0 2956861855 2.791e-08 290926289 
744312.1 0 2528553283 5.582e-08 3889879026 
760263.7 1 3373526895 4.6114727e-07 3187199216 
767422.1 3 1503861029 1.399999e-08 2001290253 1128056158 1.424864e-08 2909632847 1.424864e-08 
809260.1 3 3747246174 1.4e-08 3020817656 937177227 2.091e-08 3393811039 2.091e-08 
811779.9 0 3393811039 2.091e-08 937177227 
818166.2 0 3393811039 2.091e-08 3747246174 
826112.7 3 1075699702 2.6731254e-07 3037779432 611212867 1.984873e-08 1104410542 1.984873e-08 
841794.7 1 3393811039 3.491e-08 3747246174 
849366.0 0 3737780296 3.0701e-07 405521437 
858954.1 1 179097684 3.6283e-07 3704423751 
889827.6 2 3373526895 4.611473900000001e-07 3150846686 2328232000 2.072506e-08 2999719241 1.442925e-08 1931993247 1.442925e-08 1494850122 1.442925e-08 3414514926 1.442925e-08 2312786130 1.442925e-08 3537925318 1.442925e-08 1634407402 1.442925e-08 3869596591 1.442925e-08 3375523036 1.442925e-08 772925454 1.442925e-08 2215785330 1.442925e-08 3491092596 1.442925e-08 57770090 1.442925e-08 3071577057 1.442925e-08 1452489764 1.442925e-08 4260098875 1.442925e-08 3696843781 1.442925e-08 2138100036 1.442925e-08 1726701215 1.442925e-08 1412415798 1.442925e-08 375852842 1.442925e-08 3593732192 1.442925e-08 3888264012 1.442925e-08 313359544 1.442925e-08 217284033 1.442925e-08 
890081.6 1 3537925318 2.88585e-08 3414514926 
891316.4 1 3534547045 4.7447e-07 2308721517 
902398.2 1 373638573 1.00000002791 811613008 
903315.0 1 3373526895 4.7557655e-07 3071577057 
904000.4 1 1726701215 2.88585e-08 772925454 
906470.8 1 1726701215 4.328776e-08 375852842 
916375.2 2 2723643411 1.517454e-08 1035956119 2151269300 1.4e-08 
934545.8 0 343742982 2.791e-08 953296898 
954960.8 3 2737363250 2.175791e-08 3321237907 3913511150 2.073936e-08 
955922.4 0 873214132 2.791e-08 1026028388 
975794.8 0 2246051850 4.4656e-07 1327969783 
977579.3 0 1572835533 3.0701e-07 2956861855 
985157.4 1 3534547045 5.0238e-07 780264402 
989826.5 1 373638573 1.00000002791 315200650 
994452.4 3 443746396 1.4e-08 482917538 2962530363 2.091e-08 2063946235 2.091e-08 
1025303.0 1 373638573 1.00000002791 1986278615 
1071854.0 0 4259593397 3.3492e-07 3382444416 
1072743.0 1 3004792470 3.0701e-07 1651612823 
1078982.0 3 3121047530 2.396497e-08 1412415798 1172086036 1.837428e-08 
1083094.0 1 3121047530 4.233925e-08 1172086036 
1087955.0 0 245436729 2.463523e-08 2029773149 
1108431.0 2 474866315 1.556875e-08 2909632847 690117576 1.4e-08 
1121636.0 3 2779686750 1.4e-08 858320168 3288380490 2.091e-08 845665321 2.091e-08 
1134494.0 3 3462747 2.165054e-08 1347872676 3122982648 1.708473e-08 1471982444 1.708473e-08 
1135305.0 0 3921011129 5.678042e-07 3126241903 
1137695.0 1 373638573 1.00000002791 1458665800 
1148381.0 0 257754683 2.791e-08 1218250404 
1149001.0 1 3921011129 5.957142e-07 1123501568 
1158292.0 1 3373526895 4.964865e-07 1945448119 
1200265.0 0 486050091 2.791e-08 845665321 
1200621.0 3 4259593397 3.349199399999999e-07 1075699702 3303338876 1.4e-08 2875471576 1.407292e-08 1738909006 1.407292e-08 356405251 1.407292e-08 2879167783 1.407292e-08 3083352544 1.407292e-08 4198169764 1.407292e-08 821115011 1.407292e-08 2118016430 1.407292e-08 1945735688 1.407292e-08 4093093422 1.407292e-08 2842015324 1.407292e-08 1249238030 1.407292e-08 3214077756 1.407292e-08 879162223 1.407292e-08 3884425642 1.407292e-08 1149406307 1.407292e-08 3528332227 1.407292e-08 4004407106 1.407292e-08 
1202417.0 0 873214132 2.791e-08 2118016430 
1233655.0 1 3004792470 3.3492e-07 405521437 
1234171.0 0 4259593397 3.3492e-07 4004407106 
1243569.0 1 373638573 1.00000002791 2046083849 
1269779.0 3 1584276479 1.4e-08 3126241903 451270221 2.091e-08 3149440925 2.091e-08 
1292573.0 3 3823443426 2.767459e-08 3147695692 2250775120 1.482268e-08 
1298744.0 1 3534547045 5.302900000000001e-07 2038493855 
1344214.0 0 387772665 2.791e-08 2211003714 
1348127.0 1 1222799196 3.4899292e-07 1738909006 
1361893.0 1 373638573 1.00000002791 3197676583 
1377387.0 1 3534547045 5.582e-07 778035964 
1383763.0 0 1465560917 3.3492e-07 3129006749 
1384735.0 0 905418128 2.791e-08 3621383820 
1407170.0 1 2246051850 4.6212875e-07 474866315 
1443993.0 1 373638573 1.00000002791 873214132 
1459466.0 0 179097684 3.6283e-07 3889879026 
1461183.0 2 3373526895 5.0774001e-07 2870158420 1130108289 1.665649e-08 
1462045.0 1 4259593397 3.4899292e-07 356405251 
1467825.0 0 2718413753 2.791e-08 257754683 
1478539.0 3 1735432893 1.4e-08 3749853089 2177968201 2.091e-08 2914302410 2.091e-08 
1500850.0 3 3393811039 1.400001e-08 3889879026 3655816389 1.627333e-08 3485819286 1.627333e-08 1382686479 1.627333e-08 
1501918.0 0 1382686479 1.627333e-08 3485819286 
1502010.0 0 3485819286 1.627333e-08 3393811039 
1507198.0 2 3921011129 5.9571433e-07 3373526895 1803925302 2.514931e-08 3293059020 1.419384e-08 378125977 1.419384e-08 2159618959 1.419384e-08 2441325815 1.419384e-08 3401497744 1.419384e-08 4069401935 1.419384e-08 134948105 1.419384e-08 1998372786 1.419384e-08 2455922112 1.419384e-08 3059103076 1.419384e-08 432337108 1.419384e-08 1902671923 1.419384e-08 4209590891 1.419384e-08 77395223 1.419384e-08 3592986772 1.419384e-08 1246511018 1.419384e-08 3986570268 1.419384e-08 174500547 1.419384e-08 4083845756 1.419384e-08 110358663 1.419384e-08 1370908750 1.419384e-08 1837234470 1.419384e-08 2945849429 1.419384e-08 66296937 1.419384e-08 976558236 1.419384e-08 2438291630 1.419384e-08 906368509 1.419384e-08 3783228500 1.419384e-08 2858952728 1.419384e-08 395113485 1.419384e-08 4019363830 1.419384e-08 3016084464 1.419384e-08 921818415 1.419384e-08 2892683898 1.419384e-08 
1507198.0 1 1803925302 3.934315e-08 3293059020 
1507198.0 1 1803925302 5.3537e-08 2892683898 
1507725.0 1 3059103076 2.838768e-08 134948105 
1508934.0 1 3921011129 6.0990804e-07 906368509 
1509894.0 2 1842102965 1.501652e-08 3696843781 3697249003 1.4e-08 
1510560.0 1 3921011129 6.2410194e-07 4019363830 
1511416.0 1 3921011129 6.3829574e-07 110358663 
1513209.0 1 3921011129 6.5248954e-07 2438291630 
1514972.0 1 3921011129 6.6668344e-07 1370908750 
1515314.0 0 1382686479 1.627333e-08 3655816389 
1525066.0 1 3921011129 6.8087724e-07 1998372786 
1540743.0 2 3921011129 6.808773e-07 3059103076 3983774618 1.4e-08 4187488967 1.438769e-08 
1541915.0 1 3921011129 6.9507114e-07 395113485 
1551663.0 1 373638573 1.00000002791 129185354 
1551964.0 0 3149440925 2.091e-08 174500547 
1563452.0 0 3149440925 2.091e-08 4187488967 
1576954.0 0 2528553283 5.582e-08 432337108 
1588183.0 1 3921011129 7.0926494e-07 976558236 
1590861.0 3 4252347608 1.3999989999999996e-08 1382686479 898751805 1.509167e-08 3632514288 1.509167e-08 
1596179.0 3 1026028388 1.424864e-08 1735432893 410848061 1.4e-08 
1609562.0 0 3921011129 7.09265e-07 3592986772 
1612811.0 1 373638573 1.00000002791 3555679070 
1613637.0 1 373638573 1.00000002791 790319072 
1619325.0 0 845665321 2.091e-08 3642829293 
1622960.0 0 3632514288 1.509167e-08 4252347608 
1623322.0 1 3921011129 7.2345884e-07 1837234470 
1627055.0 0 3357643131 2.791e-08 1078741991 
1632137.0 1 2246051850 4.8197743e-07 611212867 
1635751.0 0 2340740170 2.791e-07 3357643131 
1655623.0 2 740082705 1.844931e-08 2029773149 2791633391 1.4e-08 
1657869.0 1 3921011129 7.3765264e-07 77395223 
1658974.0 1 373638573 1.00000001407292 4093093422 
1662521.0 1 545239233 4.6056e-07 2074240873 
1681795.0 3 4046076794 1.4e-08 1246511018 630280293 1.405192e-08 4212779140 1.405192e-08 
1693494.0 0 1572835533 3.0701e-07 4046076794 
1695059.0 0 2737363250 2.175792e-08 2779686750 
1699423.0 0 3129006749 2.791e-08 3179285865 
1699438.0 1 1222799196 3.769029e-07 3736894086 
1701572.0 2 245436729 2.482907e-08 921818415 3459374364 1.4e-08 
1707453.0 0 3921011129 7.376527e-07 3707189490 
1712704.0 2 3288380490 2.133925e-08 4260098875 2125331604 1.4e-08 
1721477.0 2 3534547045 5.582e-07 1803925302 3113062634 1.4e-08 847040419 1.97685e-08 4240624600 1.97685e-08 
1721538.0 1 3534547045 5.779685e-07 847040419 
1723077.0 1 3534547045 5.97737e-07 4240624600 
1724066.0 1 3534547045 6.11737e-07 3113062634 
1735128.0 0 486050091 2.791e-08 2999719241 
1749654.0 0 937177227 2.091e-08 4252347608 
1788053.0 0 197654791 2.791e-08 242414939 
1799004.0 3 197654791 1.399999e-08 1931993247 1565786989 1.416963e-08 2286860921 1.416963e-08 
1802500.0 2 3913511150 2.132663e-08 1804212609 3707879645 1.4e-08 
1820801.0 0 911013108 2.791e-08 1963165541 
1825202.0 2 1222799196 3.8372992999999997e-07 2063946235 2746930994 1.408297e-08 
1828428.0 1 3921011129 7.5184654e-07 66296937 
1829924.0 2 2328232000 2.09189e-08 4069401935 4075596975 1.4e-08 
1830096.0 1 179097684 3.8373999999999997e-07 2914302410 
1842058.0 3 3593732192 1.442925e-08 410848061 4283280385 1.4e-08 
1842799.0 1 3921011129 7.6623419e-07 4187488967 
1845687.0 1 1572835533 3.2125864e-07 3642829293 
1854153.0 1 3534547045 6.32647e-07 2177968201 
1860877.0 0 2250879299 2.791e-08 2707128518 
1863547.0 0 1452489764 1.442925e-08 197654791 
1877888.0 2 3330100144 1.501652e-08 2215785330 538453177 1.4e-08 
1887763.0 1 373638573 1.00000002791 953296898 
1893776.0 3 3232700421 2.543651e-08 4046076794 3121292019 1.4e-08 
1912729.0 0 1726701215 4.328776e-08 1321648343 
1915224.0 1 373638573 1.00000001407292 821115011 
1928220.0 0 3534547045 6.32647e-07 3986570268 
1928949.0 1 545239233 4.8847e-07 387772665 
1935575.0 2 3485819286 1.8546659999999998e-08 3655816389 3349724438 1.4e-08 
1936047.0 0 740082705 1.844931e-08 3888264012 
1943071.0 0 3921011129 7.662342e-07 3783228500 
1953022.0 3 898751805 1.509167e-08 3393811039 4253718737 1.4e-08 
1953177.0 0 3485819286 1.854667e-08 3349724438 
1959473.0 1 898751805 2.909167e-08 4253718737 
1963473.0 1 3921011129 7.806634500000001e-07 2999719241 
1967203.0 1 545239233 5.0462289e-07 3687573659 
1980685.0 2 3783228500 1.438768e-08 2159618959 3297362622 1.4e-08 
1985210.0 0 728028737 2.791e-08 4061687915 
2001153.0 1 373638573 1.00000002791 2504591099 
2012278.0 0 2737363250 2.175792e-08 2441325815 
2029213.0 2 2737363250 2.200656e-08 1026028388 1751902433 1.4e-08 
2042873.0 1 3485819286 3.254667e-08 3349724438 
2045534.0 1 3921011129 7.946634e-07 3297362622 
2055554.0 0 3179285865 1.458727e-08 2455922112 
2070072.0 0 2406269022 2.791e-08 4075596975 
2074595.0 2 1842102965 1.544578e-08 1634407402 2878871175 1.4e-08 
2087091.0 0 2945849429 1.419384e-08 2441325815 
2092665.0 1 179097684 3.9883167e-07 3632514288 
2102445.0 1 373638573 1.00000002791 2919643181 
2114479.0 1 3534547045 6.4684084e-07 174500547 
2125412.0 1 1068020906 0.000954914 476505668 
2131503.0 3 451270221 1.866741e-08 3592986772 3083717413 1.643643e-08 
2132828.0 0 3537925318 2.885851e-08 486050091 
2139248.0 2 451270221 1.909666e-08 57770090 220564665 1.4e-08 
2139403.0 1 179097684 4.1326095e-07 2138100036 
2160415.0 1 3921011129 8.225734e-07 1321648343 
2168601.0 1 3534547045 6.608408e-07 220564665 
2176973.0 3 211811971 2.791e-08 4283280385 3653734512 1.4e-08 
2177199.0 3 3537925318 2.811615e-08 257754683 3815024321 1.432618e-08 1428265047 1.432618e-08 
2203197.0 2 1218250404 1.478111e-08 3016084464 3604532305 1.4e-08 
2207475.0 1 3534547045 6.7522849e-07 3783228500 
2207967.0 3 845665321 2.091e-08 3604532305 1869365069 1.4e-08 
2208243.0 0 3534547045 6.752285e-07 1078741991 
2218653.0 0 545239233 5.046229e-07 2286860921 
2235195.0 0 1494141940 2.791e-08 3593732192 
2279550.0 0 1494141940 2.791e-08 2779686750 
2284854.0 1 179097684 4.411709e-07 2406269022 
2285158.0 0 302486611 1.458727e-08 2455922112 
2314673.0 1 373638573 1.00000005582 3774459889 
2365741.0 0 3084497907 2.791e-08 3121292019 
2372685.0 0 1963165541 2.791e-08 3775452048 
2373724.0 0 1494141940 2.791e-08 1902671923 
2375565.0 1 2984600922 3.6283e-07 1434498202 
2383775.0 0 3357643131 2.791e-08 740082705 
2420751.0 1 3921011129 8.392298900000001e-07 1130108289 
2446911.0 0 2799798816 2.791e-07 1494850122 
2448026.0 3 1227575429 2.791e-08 3983774618 965372172 1.4e-08 
2454474.0 2 3534547045 6.752285e-07 2528553283 607396504 1.4e-08 2533881277 2.091e-08 472358284 2.091e-08 
2458366.0 1 3534547045 6.961385e-07 2533881277 
2464713.0 1 3534547045 7.170485e-07 472358284 
2487929.0 1 545239233 5.1881674e-07 3401497744 
2511381.0 1 373638573 1.00000102791 314650893 
2518337.0 1 373638573 1.00000101984873 1104410542 
2522235.0 2 551137729 1.47569e-08 2286860921 1950077488 1.4e-08 
2543701.0 3 3621383820 2.298304e-08 3815024321 1820499179 1.925314e-08 
2553650.0 0 551137729 1.47569e-08 1950077488 
2558342.0 1 3534547045 7.314777500000001e-07 3593732192 
2565971.0 1 3534547045 7.454778e-07 1584276479 
2571441.0 1 373638573 1.00000102791 3775452048 
2572800.0 3 1494141940 1.399999e-08 3491092596 4055959668 1.416963e-08 528880979 1.416963e-08 
2586960.0 2 3149440925 2.110384e-08 1902671923 3778036871 1.4e-08 
2603527.0 0 4212779140 1.405192e-08 2791633391 
2611552.0 0 869234806 5.582e-08 1211996162 
2613921.0 2 4083845756 1.436347e-08 4055959668 1405660995 1.4e-08 
2659252.0 1 3534547045 7.594778e-07 607396504 
2666558.0 1 545239233 5.4649129e-07 3823443426 
2702109.0 0 1019134040 2.791e-08 1593891639 
2706217.0 0 4209590891 1.419384e-08 1950077488 
2709595.0 1 373638573 1.00000102791 3736601249 
2719735.0 0 4259593397 3.489929e-07 3913511150 
2724046.0 1 373638573 1.0000010140829698 2746930994 
2726862.0 0 3534547045 7.594778e-07 1869365069 
2733388.0 0 545239233 5.464913e-07 2480932170 
2735772.0 0 845665321 2.091e-08 3869596591 
2737664.0 1 1465560917 3.4934924999999997e-07 3869596591 
2738231.0 3 3084497907 2.302503e-08 3653734512 3662110242 1.888497e-08 
2742824.0 1 373638573 1.00000102132663 3913511150 
2747418.0 0 1218250404 1.478112e-08 2125331604 
2757720.0 1 3921011129 8.533995299999999e-07 1565786989 
2758810.0 1 3921011129 8.675692299999999e-07 528880979 
2760677.0 1 373638573 1.00000102791 810769555 
2766508.0 3 1963165541 2.791e-08 725558489 2247026945 1.4e-08 
2797808.0 1 373638573 1.00000101405192 4212779140 
2799934.0 1 373638573 1.00000102791 2870037616 
2802737.0 1 2340740170 2.9352925e-07 1452489764 
2827376.0 0 3459374364 1.4e-08 2779686750 
2840898.0 1 373638573 1.00000102791 4188445920 
2880006.0 3 3485819286 1.4000010000000003e-08 937177227 4032129539 1.972833e-08 4035587434 1.972833e-08 
2885859.0 0 3498415124 2.791e-08 4198169764 
2885949.0 0 4035587434 1.972833e-08 3485819286 
2904529.0 1 373638573 1.00000102791 2440120768 
2925418.0 1 2246051850 5.098875000000001e-07 1425083048 
2944238.0 0 2340740170 2.935293e-07 3232700421 
2964251.0 2 1541946641 2.798292e-08 3083352544 3111692719 1.4e-08 
2967566.0 1 373638573 1.00000102791 1444500749 
3008216.0 0 3534547045 7.594778e-07 1842102965 
3025565.0 1 373638573 1.00000102791 2906924538 
3038759.0 1 3921011129 8.815692e-07 1869365069 
3041313.0 3 1222799196 3.5352498e-07 1516068388 1398579088 1.452873e-08 2501379955 1.452873e-08 3332562587 1.452873e-08 3562383954 1.452873e-08 
3056264.0 1 1465560917 3.772593e-07 1963165541 
3066982.0 0 1465560917 3.772593e-07 211811971 
3067308.0 3 1222799196 3.3021492e-07 2779686750 2521380987 1.865504e-08 4119421155 1.865504e-08 
3068589.0 0 3737780296 3.0701e-07 2669757562 
3069299.0 1 1222799196 3.4887004e-07 4119421155 
3075366.0 3 486050091 1.4e-08 2945849429 1913762779 1.405192e-08 3678948817 1.405192e-08 
3079423.0 3 432337108 1.419384e-08 4252347608 2489195127 1.4e-08 
3089039.0 0 1222799196 3.4887e-07 2521380987 
3108463.0 2 2737363250 2.24358e-08 3888264012 3929228125 1.4e-08 
3115402.0 3 3534547045 7.5947769e-07 1222799196 3160344427 1.4e-08 3182159117 1.455957e-08 766581564 1.455957e-08 3702894340 1.455957e-08 3532745758 1.455957e-08 1072840122 1.455957e-08 3294683754 1.455957e-08 1676003954 1.455957e-08 4285585893 1.455957e-08 2674988631 1.455957e-08 406745133 1.455957e-08 2883513480 1.455957e-08 783121895 1.455957e-08 2683944377 1.455957e-08 2961226102 1.455957e-08 301219709 1.455957e-08 1743198400 1.455957e-08 3059144981 1.455957e-08 3952655669 1.455957e-08 2848685905 1.455957e-08 1826422368 1.455957e-08 896813269 1.455957e-08 37051273 1.455957e-08 1867247157 1.455957e-08 
3115403.0 1 1072840122 2.911914e-08 3532745758 
3115403.0 1 3059144981 2.911914e-08 1743198400 
3115412.0 1 3534547045 7.740373700000001e-07 4285585893 
3116246.0 0 3921011129 8.815692e-07 3375523036 
3117849.0 0 3534547045 7.740374e-07 2883513480 
3118741.0 1 3534547045 7.880373999999999e-07 3160344427 
3122923.0 1 3534547045 8.025969700000001e-07 1826422368 
3126398.0 3 3288380490 2.133925e-08 1950077488 3633199892 1.4e-08 
3127928.0 1 3534547045 8.1715647e-07 783121895 
3130115.0 2 2848685905 1.492304e-08 4083845756 1736323711 1.4e-08 
3130614.0 0 3059144981 2.911913e-08 37051273 
3132366.0 0 2312786130 1.442925e-08 3678948817 
3140262.0 1 3921011129 8.961287700000001e-07 3294683754 
3148823.0 1 3921011129 9.1068837e-07 37051273 
3150451.0 2 2669757562 2.798292e-08 1149406307 283080478 1.4e-08 
3151212.0 1 3534547045 8.321730299999999e-07 3330100144 
3162252.0 1 2848685905 2.892304e-08 1494141940 
3165227.0 1 3534547045 8.467325700000001e-07 2961226102 
3165896.0 3 4075596975 1.4e-08 3396227953 785216844 1.4e-08 
3175781.0 3 3059144981 2.588618e-08 3678948817 3006103420 1.728487e-08 
3211250.0 0 3952655669 1.455957e-08 3986570268 
3212272.0 3 898751805 1.399999e-08 432337108 2898323513 1.464276e-08 1199222225 1.464276e-08 
3212392.0 1 1199222225 2.864276e-08 898751805 
3221543.0 0 2246051850 5.098875e-07 1842102965 
3241366.0 3 2898323513 1.464276e-08 2125331604 3755198008 1.4e-08 
3265943.0 2 1211996162 1.4660190000000001e-08 3528332227 2795041644 1.4e-08 
3274345.0 3 2791633391 1.4e-08 3697249003 3492274228 1.4e-08 
3279875.0 1 3707189490 5.273908e-08 245436729 
3284611.0 3 333964007 1.400001e-08 2723643411 1420914473 1.454227e-08 439844059 1.454227e-08 
3285642.0 1 3921011129 9.252478700000001e-07 2683944377 
3286875.0 0 2674988631 1.455957e-08 766581564 
3289189.0 1 373638573 1.00000101452873 3562383954 
3289569.0 1 3492274228 2.8e-08 2791633391 
3292021.0 1 3921011129 9.3980747e-07 3702894340 
3293503.0 0 2340740170 2.935293e-07 253808213 
3293780.0 0 3288380490 2.133925e-08 301219709 
3321877.0 0 2878871175 1.4e-08 443746396 
3327384.0 0 3921011129 9.398074e-07 896813269 
3336761.0 0 302486611 1.458727e-08 3375523036 
3355957.0 1 1465560917 3.9125929999999997e-07 965372172 
3357454.0 1 545239233 5.7167107e-07 4122240121 
3377302.0 1 3921011129 9.5400124e-07 3986570268 
3377847.0 0 598947138 2.791e-08 343742982 
3407228.0 1 3921011129 9.680013e-07 3633199892 
3408749.0 1 373638573 1.00000102791 251961497 
3408789.0 0 2674988631 1.455957e-08 538453177 
3427850.0 2 3952655669 1.50883e-08 2501379955 3802520055 1.4e-08 
3429983.0 3 1199222225 1.4000009999999996e-08 4032129539 3012889883 1.718554e-08 3363823620 1.718554e-08 
3434884.0 1 3363823620 3.118554e-08 1199222225 
3437427.0 3 3537925318 1.4000000000000001e-08 2795063678 1086559163 1.41824e-08 3063534263 1.41824e-08 
3438092.0 1 179097684 4.5573047000000003e-07 2674988631 
3439606.0 0 179097684 4.557305e-07 4035587434 
3448801.0 3 1541946641 2.7075109999999998e-08 1128056158 2013640095 1.515645e-08 
3455588.0 1 373638573 1.00000102791 659524895 
3533616.0 0 2340740170 2.935293e-07 197654791 
3535159.0 3 3363823620 1.4000009999999996e-08 1676003954 1461359102 1.587255e-08 2027098952 1.587255e-08 
3535423.0 1 1461359102 2.987255e-08 3363823620 
3535668.0 1 3534547045 8.6129217e-07 766581564 
3554084.0 0 2263814062 2.791e-08 2932274237 
3576598.0 0 551137729 1.47569e-08 2173231515 
3593458.0 2 179097684 4.6099402999999996e-07 4035587434 4167430602 1.44648e-08 
3597375.0 0 3921011129 9.680013e-07 3802520055 
3617969.0 0 3921011129 9.680013e-07 406745133 
3623112.0 0 3778036871 1.4e-08 3485819286 
3623638.0 0 406745133 1.455957e-08 1736323711 
3623782.0 1 3921011129 9.8910514e-07 3149440925 
3646812.0 0 2848685905 2.892304e-08 3083717413 
3691131.0 1 179097684 4.757509e-07 551137729 
3715073.0 1 1878784256 4.198292e-08 4004407106 
3724239.0 3 3492274228 1.3999999999999996e-08 1493201942 4096225443 2.0955e-08 781549661 2.0955e-08 
3728632.0 3 2328232000 2.091891e-08 4075596975 907719639 1.4e-08 
3730688.0 1 2328232000 3.491891e-08 907719639 
3760505.0 3 3778036871 1.4e-08 3485819286 1906851972 1.4e-08 
3768095.0 0 179097684 4.757509e-07 2027098952 
3782622.0 0 3921011129 9.891051e-07 3288380490 
3789039.0 0 179097684 4.757509e-07 2027098952 
3796608.0 1 3921011129 1.0079900700000001e-06 3662110242 
3801991.0 1 3921011129 1.03710913e-06 1072840122 
3811823.0 2 3012889883 1.9058090000000003e-08 2027098952 2597880038 1.4e-08 
3824126.0 1 3921011129 1.08984808e-06 3707189490 
3836352.0 1 3012889883 3.3058099999999996e-08 2597880038 
3841016.0 3 1327969783 2.142895e-08 785216844 1896745001 2.048105e-08 
3863939.0 1 3921011129 1.10440757e-06 3182159117 
3865997.0 1 2340740170 3.214393e-07 3800234335 
3877218.0 1 179097684 4.897509e-07 1736323711 
3898110.0 3 2451350669 1.4000000000000003e-08 2916276788 2378434411 1.741e-08 1837088337 1.741e-08 
3925859.0 3 211811971 2.791e-08 3459374364 1543523724 1.4e-08 
3937799.0 1 545239233 5.8625837e-07 3179285865 
3958814.0 1 1239307652 3.491e-08 3121292019 
3967216.0 3 3357643131 2.791e-08 3778036871 1761715697 1.4e-08 
3977818.0 1 545239233 6.0759765e-07 3288380490 
3985184.0 0 2898323513 1.464276e-08 3755198008 
4000283.0 3 3012889883 2.908234e-08 2489195127 3099973400 1.797576e-08 
4018076.0 1 1572835533 3.386686e-07 1837088337 
4020104.0 1 373638573 1.0000010140729199 3884425642 
4047205.0 1 179097684 5.042931700000001e-07 1420914473 
4118817.0 2 2898323513 1.510756e-08 4167430602 2789348510 1.4e-08 
4127652.0 0 217284033 1.442925e-08 1086559163 
4169717.0 1 179097684 5.252032e-07 845665321 
4206321.0 3 2211003714 2.079153e-08 1906851972 1371202285 1.411847e-08 
4211822.0 3 211811971 1.4e-08 2521380987 629078091 1.628252e-08 754560055 1.628252e-08 
4211860.0 0 754560055 1.628252e-08 629078091 
4223344.0 0 3012889883 2.908234e-08 1371202285 
4242379.0 2 3083717413 1.6996000000000002e-08 896813269 1737134642 1.4e-08 
4256466.0 0 179097684 5.252032e-07 2789348510 
4265940.0 3 3012889883 1.400001e-08 1371202285 37613351 1.46004e-08 3434666020 1.46004e-08 
4270323.0 0 3434666020 1.46004e-08 37613351 
4278083.0 0 1461359102 2.987255e-08 406745133 
4296612.0 1 3434666020 2.86004e-08 3012889883 
4304320.0 3 3099973400 1.797576e-08 3755198008 2369258877 1.4e-08 
4307761.0 2 3921011129 1.1044081800000004e-06 3534547045 3563522875 2.761484e-08 249728555 1.413012e-08 4285226245 1.413012e-08 2707460946 1.413012e-08 2606325002 1.413012e-08 1541925803 1.413012e-08 2024675612 1.413012e-08 1292023300 1.413012e-08 3302973195 1.413012e-08 875106938 1.413012e-08 3314075649 1.413012e-08 2589646060 1.413012e-08 3433591204 1.413012e-08 1848242772 1.413012e-08 250719570 1.413012e-08 2681498831 1.413012e-08 481808867 1.413012e-08 2066612683 1.413012e-08 3458484829 1.413012e-08 2719204682 1.413012e-08 4256642775 1.413012e-08 2449448537 1.413012e-08 463844675 1.413012e-08 3167902617 1.413012e-08 579073438 1.413012e-08 3468130899 1.413012e-08 393090083 1.413012e-08 2343849308 1.413012e-08 1055469694 1.413012e-08 627452446 1.413012e-08 2014426858 1.413012e-08 2716949832 1.413012e-08 552634658 1.413012e-08 3736523900 1.413012e-08 2213923665 1.413012e-08 1503202005 1.413012e-08 3202152185 1.413012e-08 2622395779 1.413012e-08 3607413901 1.413012e-08 649593533 1.413012e-08 66987975 1.413012e-08 483021244 1.413012e-08 3707800333 1.413012e-08 3528190190 1.413012e-08 2185291493 1.413012e-08 550176535 1.413012e-08 1674415855 1.413012e-08 4287239676 1.413012e-08 3884987045 1.413012e-08 1960974751 1.413012e-08 309459595 1.413012e-08 2348040613 1.413012e-08 3180086772 1.413012e-08 3833074883 1.413012e-08 1462644303 1.413012e-08 4088625113 1.413012e-08 1237914369 1.413012e-08 2733144751 1.413012e-08 1649557018 1.413012e-08 1831065885 1.413012e-08 
4307761.0 1 3563522875 4.174496e-08 249728555 
4307761.0 1 3563522875 5.587508e-08 1831065885 
4307761.0 1 1649557018 2.826024e-08 2733144751 
4307761.0 1 2707460946 2.826024e-08 4285226245 
4307794.0 0 3563522875 5.587508e-08 250719570 
4308116.0 1 2707460946 4.239037e-08 1541925803 
4308347.0 1 3921011129 1.11853812e-06 2622395779 
4309063.0 0 2343849308 1.413012e-08 3468130899 
4311407.0 1 3921011129 1.13266812e-06 875106938 
4311634.0 1 3921011129 1.14679812e-06 2066612683 
4312375.0 0 309459595 1.413012e-08 3167902617 
4313193.0 1 3921011129 1.16092812e-06 649593533 
4313825.0 0 3736523900 1.413012e-08 1751902433 
4314621.0 0 1649557018 2.826025e-08 2681498831 
4314941.0 0 3099973400 1.797576e-08 2369258877 
4315337.0 0 1503202005 1.413012e-08 1055469694 
4317328.0 0 179097684 5.252032e-07 3802520055 
4318899.0 1 1237914369 2.826024e-08 627452446 
4319241.0 1 3921011129 1.1750581199999999e-06 2719204682 
4321775.0 1 3921011129 1.18918912e-06 3707800333 
4324615.0 1 1465560917 4.191693e-07 2250879299 
4324841.0 1 3921011129 1.20331912e-06 1055469694 
4326736.0 0 1674415855 1.413012e-08 2213923665 
4326743.0 0 3332562587 1.452873e-08 2343849308 
4327200.0 3 1593891639 1.399999e-08 817087088 79461789 1.424864e-08 1621314342 1.424864e-08 
4328124.0 3 4088625113 1.413012e-08 2878871175 2016090987 1.4e-08 
4328772.0 1 3921011129 1.21744912e-06 2606325002 
4330738.0 1 3921011129 1.23157912e-06 1462644303 
4331291.0 3 1327969783 2.142895e-08 2247026945 1553963666 1.4e-08 
4331678.0 1 1960974751 2.826024e-08 393090083 
4332920.0 0 3921011129 1.231579e-06 2681498831 
4332992.0 1 373638573 1.00000101442925 1494850122 
4333313.0 2 3921011129 1.231579e-06 3563522875 1002680420 1.4e-08 734120091 2.093754e-08 2475979558 2.093754e-08 
4335680.0 0 37613351 1.46004e-08 3802520055 
4336829.0 1 3921011129 1.24570912e-06 4088625113 
4339668.0 1 3921011129 1.25983912e-06 579073438 
4345701.0 3 3202152185 1.413012e-08 1751902433 2649056468 1.4e-08 
4348967.0 1 3921011129 1.27439857e-06 406745133 
4357836.0 0 483021244 1.413012e-08 3302973195 
4359085.0 1 3921011129 1.28852912e-06 2681498831 
4364812.0 1 3921011129 1.30265912e-06 1848242772 
4365000.0 1 3921011129 1.32359654e-06 2475979558 
4368057.0 1 3921011129 1.33772712e-06 4287239676 
4368401.0 0 2449448537 1.413012e-08 2649056468 
4372673.0 0 1461359102 2.987255e-08 3099973400 
4375736.0 0 3099973400 1.797576e-08 2369258877 
4380137.0 1 3921011129 1.35185712e-06 483021244 
4384556.0 1 3921011129 1.36598712e-06 250719570 
4394442.0 1 3921011129 1.38011712e-06 3180086772 
4402197.0 1 3921011129 1.42245625e-06 3121047530 
4403674.0 1 179097684 5.4599473e-07 2211003714 
4407150.0 0 3084497907 2.302503e-08 781549661 
4409098.0 1 3921011129 1.43658612e-06 4256642775 
4410399.0 2 2883513480 1.468969e-08 1503202005 3381587904 1.4e-08 
4415295.0 1 3921011129 1.45071612e-06 3833074883 
4417342.0 1 3921011129 1.46484712e-06 3468130899 
4422635.0 3 2185291493 1.413012e-08 1761715697 175860597 1.4e-08 
4423290.0 1 3921011129 1.47897712e-06 2213923665 
4425379.0 0 3433591204 1.413012e-08 2016090987 
4426078.0 0 2737363250 2.243581e-08 1405660995 
4431387.0 0 754560055 1.628252e-08 2024675612 
4461578.0 1 3921011129 1.49310712e-06 3528190190 
4471064.0 0 3921011129 1.493107e-06 481808867 
4475845.0 0 3921011129 1.493107e-06 3202152185 
4476934.0 3 3083717413 1.6996e-08 3802520055 1089013536 1.4e-08 
4497222.0 0 629078091 1.628252e-08 3736523900 
4509079.0 3 2393342300 1.4e-08 378125977 552498239 1.405192e-08 481049431 1.405192e-08 
4514790.0 0 3921011129 1.493107e-06 3302973195 
4537330.0 1 2449448537 2.826024e-08 2589646060 
4539890.0 0 545239233 6.075976e-07 1327969783 
4546171.0 1 179097684 5.605951e-07 37613351 
4550798.0 3 2449448537 1.400001e-08 443746396 2950407739 1.413012e-08 72955594 1.413012e-08 
4551730.0 0 1649557018 2.826025e-08 3884987045 
4555719.0 1 3921011129 1.50723712e-06 3167902617 
4559262.0 3 2707460946 3.033903000000001e-08 3314075649 1771264541 2.618146e-08 
4575545.0 0 3921011129 1.507237e-06 1771264541 
4578446.0 1 179097684 5.745951e-07 538453177 
4579535.0 3 3357643131 2.791e-08 2369258877 2353028958 1.4e-08 
4583023.0 0 1960974751 2.826025e-08 175860597 
4588543.0 0 1649557018 2.826025e-08 2649056468 
4591282.0 3 1867247157 1.455957e-08 1002680420 2980075456 1.4e-08 
4594660.0 3 2480932170 1.4e-08 2024675612 3449694611 1.402006e-08 1194638860 1.402006e-08 
4600523.0 3 2911053862 1.4e-08 2378434411 114837353 1.566e-08 2341758500 1.566e-08 
4608220.0 0 734120091 2.093754e-08 3381587904 
4618363.0 3 1960974751 1.399999e-08 1292023300 651046398 1.419519e-08 2780384598 1.419519e-08 
4620963.0 1 2246051850 5.2396042e-07 2879167783 
4625197.0 2 3921011129 1.507237e-06 1237914369 1061526795 1.4e-08 3342541004 1.426025e-08 
4631407.0 1 3921011129 1.5219266899999998e-06 2883513480 
4631884.0 1 3921011129 1.5361872500000001e-06 3342541004 
4639783.0 0 2780384598 1.419519e-08 1061526795 
4651363.0 2 651046398 1.432531e-08 66987975 1577969976 1.4e-08 
4670456.0 1 179097684 5.9087762e-07 754560055 
4676014.0 1 2340740170 3.354393e-07 3707879645 
4691089.0 3 3084497907 2.302503e-08 3381587904 695939830 1.4e-08 
4692912.0 1 3921011129 1.55921203e-06 3084497907 
4697031.0 2 3059144981 2.60163e-08 309459595 229435916 1.4e-08 
4697505.0 3 3122982648 1.708473e-08 3111692719 1850435983 1.4e-08 
4700140.0 0 3059144981 2.601631e-08 3006103420 
4703126.0 1 3921011129 1.57334212e-06 2014426858 
4706268.0 0 734120091 2.093754e-08 695939830 
4710699.0 1 3921011129 1.587342e-06 1960974751 
4714020.0 1 179097684 6.048776e-07 1089013536 
4715710.0 2 651046398 1.437723e-08 552498239 19131048 1.4e-08 
4728963.0 0 2707460946 3.033904e-08 2449448537 
4731635.0 3 3059144981 2.07572e-08 2795041644 2426951832 1.925911e-08 
4761220.0 3 1649557018 1.4e-08 1156624510 3089865955 1.405675e-08 3526559023 1.405675e-08 73116178 1.405675e-08 
4763587.0 0 3921011129 1.587342e-06 3607413901 
4766123.0 0 179097684 6.048776e-07 175860597 
4768694.0 0 734120091 2.093754e-08 2649056468 
4771472.0 3 781549661 2.0955e-08 1405660995 2654473721 1.4e-08 
4777225.0 1 373638573 1.00000101478112 1218250404 
4795270.0 1 179097684 6.188776e-07 175860597 
4798615.0 1 179097684 6.328776e-07 333964007 
4804857.0 3 1461359102 1.3999990000000003e-08 2353028958 2564127097 1.493628e-08 3554620561 1.493628e-08 
4811235.0 0 3357643131 2.791e-08 2898323513 
4813927.0 0 3607413901 1.413012e-08 481049431 
4818283.0 0 2654473721 1.4e-08 3492274228 
4818674.0 0 179097684 6.328776e-07 3357643131 
4821283.0 3 1227575429 2.791e-08 3537925318 2789301560 1.4e-08 
4834796.0 3 3006103420 1.728487e-08 2980075456 3201932102 1.4e-08 
4856042.0 1 179097684 6.478138799999999e-07 3554620561 
4856563.0 0 1771264541 2.618146e-08 2649056468 
4880872.0 1 179097684 6.627501799999999e-07 2564127097 
4882272.0 0 3921011129 1.587342e-06 3201932102 
4889310.0 3 3382444416 2.791e-08 283080478 3527214469 1.4e-08 
4889991.0 1 179097684 6.767502e-07 1461359102 
4930426.0 1 3921011129 1.601342e-06 3201932102 
4937266.0 1 179097684 7.046602e-07 3357643131 
4938377.0 1 373638573 1.00000102543651 3232700421 
4939973.0 0 3433591204 1.413012e-08 2911053862 
4945952.0 0 2173231515 1.458727e-08 3302973195 
4953010.0 0 3921011129 1.601342e-06 463844675 
4966914.0 1 3921011129 1.615342e-06 211811971 
4974670.0 1 179097684 7.1879032e-07 3884987045 
4988689.0 0 3921011129 1.615342e-06 3006103420 
4995004.0 3 2707460946 1.4e-08 3202152185 224410298 1.523458e-08 3967778277 1.523458e-08 
5000546.0 1 2343849308 2.813012e-08 3492274228 
5003487.0 0 2328232000 3.491891e-08 2789301560 
5007421.0 0 2780384598 1.419519e-08 2185291493 
5023323.0 1 179097684 7.338978599999999e-07 2898323513 
5049808.0 3 217284033 1.442925e-08 229435916 1759850032 1.4e-08 
5052974.0 0 3921011129 1.615342e-06 695939830 
5052977.0 1 2340740170 3.4956942e-07 2950407739 
5060988.0 3 2848685905 1.400001e-08 3006103420 2704180049 1.610395e-08 287394855 1.610395e-08 
5061901.0 0 2704180049 1.610395e-08 2848685905 
5069316.0 1 3921011129 1.629342e-06 1759850032 
5072868.0 0 2340740170 3.495694e-07 2704180049 
5089361.0 1 1403705120 2.9476000000000003e-07 2341758500 
5091976.0 1 3921011129 1.64377125e-06 217284033 
5101163.0 2 2455922112 1.432396e-08 3433591204 2670951229 1.4e-08 
5103232.0 3 451270221 1.909667e-08 3929228125 2367820772 1.4e-08 
5108966.0 0 1771264541 2.618146e-08 451270221 
5116408.0 3 301219709 1.455957e-08 1061526795 771359632 1.4e-08 
5138837.0 2 179097684 7.338979e-07 3434666020 4186562710 1.4e-08 3211480542 1.46004e-08 
5140473.0 1 179097684 7.484983e-07 3211480542 
5166406.0 3 301219709 1.455957e-08 2649056468 346987663 1.4e-08 
5180617.0 1 179097684 7.624983e-07 4186562710 
5207038.0 2 2250775120 1.500508e-08 1086559163 1922039940 1.4e-08 
5220814.0 1 1465560917 4.470793e-07 2466232951 
5236020.0 0 2718413753 2.791e-08 1541946641 
5238689.0 0 3921011129 1.643771e-06 734120091 
5253892.0 1 373638573 1.0000010140729199 3214077756 
5277529.0 3 734120091 1.815771e-08 1674415855 2110688926 1.690995e-08 
5304573.0 1 179097684 7.764983e-07 1737134642 
5317226.0 2 4096225443 2.77122e-08 3059144981 1314810707 1.4e-08 
5330623.0 2 545239233 8.857875e-07 2340740170 2472898255 1.42759e-08 3459912306 1.42759e-08 1598213090 1.42759e-08 1495382923 1.42759e-08 722767024 1.42759e-08 
5332861.0 0 179097684 7.764983e-07 2110688926 
5333025.0 1 179097684 7.9340825e-07 2110688926 
5336343.0 0 869234806 5.582e-08 3459912306 
5348255.0 0 179097684 7.934082e-07 734120091 
5360676.0 0 2328232000 3.491891e-08 1285693762 
5371722.0 1 3921011129 1.65790112e-06 3607413901 
5387647.0 0 2016090987 1.4e-08 2449448537 
5396519.0 2 2737363250 2.256593e-08 550176535 515125813 1.4e-08 
5408083.0 2 1842102965 1.598805e-08 439844059 1298902656 1.4e-08 
5411725.0 1 373638573 1.00000102791 3012070026 
5442844.0 3 3952655669 1.508829e-08 2670951229 3532628785 1.4e-08 
5458291.0 1 179097684 8.1156592e-07 734120091 
5473832.0 2 2487301543 2.798292e-08 1945735688 826924968 1.4e-08 
5505458.0 1 1327969783 3.580618e-08 651046398 
5522246.0 1 3921011129 1.671902e-06 2016090987 
5571207.0 0 3921011129 1.671902e-06 3458484829 
5598520.0 1 3921011129 1.685902e-06 1543523724 
5624306.0 0 73116178 1.405675e-08 690117576 
5624788.0 0 2716949832 1.413012e-08 3458484829 
5636621.0 1 545239233 8.999699e-07 3063534263 
5638296.0 0 242414939 2.791e-08 2312786130 
5654615.0 0 179097684 8.11566e-07 2173231515 
5667511.0 0 3921011129 1.685902e-06 1495382923 
5676961.0 1 3921011129 1.70046157e-06 1867247157 
5687386.0 0 545239233 8.999699e-07 3952655669 
5714753.0 1 1068020906 0.0009552087599999999 1403705120 
5729845.0 1 3921011129 1.71459112e-06 2716949832 
5739434.0 0 2173231515 1.458727e-08 1495382923 
5787246.0 1 179097684 8.25566e-07 2789348510 
5787954.0 0 451270221 1.909667e-08 515125813 
5789004.0 3 2737363250 2.256593e-08 486050091 3190311976 1.4e-08 
5796465.0 2 3967778277 1.6322869999999998e-08 3952655669 841878026 1.4e-08 
5814930.0 2 741863299 2.798292e-08 2842015324 2747938267 1.4e-08 
5828152.0 1 545239233 9.190665700000001e-07 451270221 
5829414.0 1 3921011129 1.7371569300000001e-06 2737363250 
5834911.0 1 3921011129 1.75326095e-06 2704180049 
5841777.0 0 2984600922 3.6283e-07 2250775120 
5843677.0 3 2263814062 1.4e-08 72955594 3177521820 1.402006e-08 3363025910 1.402006e-08 
5882745.0 1 3921011129 1.76731292e-06 1913762779 
5911827.0 1 373638573 1.0000010140729199 879162223 
5947117.0 3 3498415124 1.4000000000000003e-08 4096225443 1290268226 2.08111e-08 764400056 2.08111e-08 
5947987.0 0 1290268226 2.08111e-08 3498415124 
5984402.0 1 179097684 8.398419e-07 1495382923 
5992362.0 1 3921011129 1.781313e-06 3190311976 
6003508.0 3 1327969783 1.4e-08 2848685905 1517815290 1.790309e-08 66064165 1.790309e-08 
6009083.0 0 3921011129 1.781313e-06 2312786130 
6041404.0 1 3921011129 1.80944312e-06 2343849308 
6116842.0 1 3921011129 1.82357312e-06 2185291493 
6179410.0 1 1465560917 4.6633244000000003e-07 1820499179 
6200190.0 1 545239233 9.330666e-07 771359632 
6219342.0 3 3302973195 1.413012e-08 2707460946 2766526296 1.4e-08 
6228204.0 2 2984600922 3.628300599999998e-07 3004792470 2454553876 1.4e-08 1923515514 1.458727e-08 3339828518 1.458727e-08 105819081 1.458727e-08 533433650 1.458727e-08 1601889739 1.458727e-08 381652938 1.458727e-08 96665495 1.458727e-08 1342185090 1.458727e-08 149784911 1.458727e-08 85224627 1.458727e-08 1965662198 1.458727e-08 110439229 1.458727e-08 1449522982 1.458727e-08 3279439195 1.458727e-08 360107933 1.458727e-08 1657444763 1.458727e-08 58759274 1.458727e-08 2135013218 1.458727e-08 470332523 1.458727e-08 3217169414 1.458727e-08 3030801476 1.458727e-08 2208266878 1.458727e-08 
6229349.0 0 1465560917 4.663324e-07 1842102965 
6249232.0 1 179097684 8.5507648e-07 224410298 
6283346.0 0 179097684 8.550764e-07 3099973400 
6289095.0 1 373638573 1.00000101452873 1398579088 
6308349.0 1 545239233 9.475953299999999e-07 3332562587 
6329289.0 0 545239233 9.475953e-07 695939830 
6419506.0 3 515125813 1.4e-08 2449448537 3715668764 1.4e-08 
6439884.0 0 110439229 1.458727e-08 3363025910 
6444527.0 0 781549661 2.0955e-08 3736523900 
6451861.0 0 1896745001 2.048105e-08 2455922112 
6470886.0 0 179097684 8.550764e-07 301219709 
6513156.0 1 373638573 1.0000010270750999 1541946641 
6516197.0 0 3921011129 1.823573e-06 841878026 
6534624.0 3 949068759 1.4000000000000003e-08 629078091 3418547556 1.509626e-08 355298688 1.509626e-08 
6542288.0 0 2707128518 1.532011e-08 2151269300 
6557140.0 3 1290268226 2.08111e-08 197654791 4193709834 1.4e-08 
6571486.0 1 179097684 8.6963597e-07 301219709 
6618850.0 3 2151269300 1.4e-08 2911053862 584993009 1.4e-08 
6635514.0 1 373638573 1.00000102791 511603307 
6707303.0 0 3921011129 1.823573e-06 781549661 
6709215.0 0 2328232000 3.491891e-08 741863299 
6720565.0 1 179097684 8.838311900000001e-07 2780384598 
6722785.0 0 2348040613 1.413012e-08 841878026 
6729540.0 0 1239307652 3.491e-08 1601889739 
6737853.0 1 373638573 1.00000102791 1664502715 
6759204.0 1 3921011129 1.84975446e-06 1771264541 
6763538.0 0 1465560917 4.663324e-07 73116178 
6783851.0 0 3921011129 1.849755e-06 584993009 
6789886.0 0 1227575429 2.791e-08 1314810707 
6805130.0 0 781549661 2.0955e-08 3375523036 
6825229.0 1 3921011129 1.8676580900000001e-06 1517815290 
6841561.0 1 373638573 1.00000101442925 2312786130 
6871075.0 1 1465560917 4.872874e-07 781549661 
6910827.0 0 2013640095 1.515645e-08 2654473721 
6916337.0 3 2173231515 1.458727e-08 2151269300 1499007652 1.4e-08 
6943373.0 1 545239233 9.615953000000001e-07 949068759 
6943726.0 0 3375523036 1.442925e-08 695939830 
6948607.0 0 3458484829 1.413012e-08 2747938267 
6961700.0 0 3921011129 1.867658e-06 2766526296 
6961739.0 3 346987663 1.4e-08 2367820772 755060644 1.4e-08 
6980316.0 0 3363025910 1.402006e-08 1922039940 
6990708.0 0 3302973195 1.413012e-08 755060644 
6997305.0 3 2455922112 1.432397e-08 1577969976 3270476896 1.4e-08 
7139318.0 3 3449694611 1.402006e-08 695939830 3934203265 1.4e-08 
7140587.0 1 3921011129 1.881658e-06 346987663 
7157586.0 0 1290268226 2.08111e-08 1601889739 
7225050.0 3 2858952728 1.419384e-08 2789301560 1292024166 1.4e-08 
7253637.0 1 3921011129 1.9046410300000001e-06 3621383820 
7295003.0 3 343742982 1.4e-08 1598213090 1323984060 1.409295e-08 4197927596 1.409295e-08 
7362395.0 0 287394855 1.610395e-08 2455922112 
7370544.0 0 1593850299 5.582e-08 3302973195 
7385603.0 1 3921011129 1.91877112e-06 552634658 
7385750.0 0 470332523 1.458727e-08 110439229 
7389713.0 3 1896745001 2.048105e-08 2747938267 1414892502 1.4e-08 
7403976.0 1 179097684 9.008272e-07 3083717413 
7421169.0 1 825415804 5.582e-08 3988949870 
7441516.0 1 2246051850 5.424097100000001e-07 740082705 
7497527.0 1 1465560917 5.012874e-07 3715668764 
7501498.0 0 1414892502 1.4e-08 2766526296 
7528962.0 1 373638573 1.00000102791 43001897 
7579360.0 2 2962530363 2.2066450000000002e-08 2013640095 4201342597 1.4e-08 
7669865.0 0 2487301543 2.798292e-08 1593891639 
7678599.0 0 179097684 9.008272e-07 3099973400 
7697617.0 2 2173231515 1.517454e-08 302486611 2391696826 1.4e-08 
7730664.0 1 545239233 9.755953e-07 1553963666 
7734886.0 0 1465560917 5.012874e-07 19131048 
7769044.0 0 2348040613 1.413012e-08 1327969783 
7769391.0 0 3921011129 1.918771e-06 1285693762 
7780535.0 1 179097684 9.1495732e-07 3302973195 
7781471.0 3 2118016430 1.407292e-08 2454553876 4138371369 1.4e-08 
7803014.0 2 1285693762 1.471739e-08 481808867 3590332688 1.4e-08 
7821439.0 0 287394855 1.610395e-08 4138371369 
7867660.0 1 3921011129 1.932771e-06 4193709834 
7907706.0 3 755060644 1.4e-08 1593891639 1745749016 1.4e-08 
7911999.0 0 3921011129 1.932771e-06 764400056 
7949189.0 1 1465560917 5.1538035e-07 1323984060 
7971034.0 3 3279439195 1.458727e-08 2766526296 2711965517 1.4e-08 
8067425.0 3 1922039940 1.4e-08 164438789 2933223072 1.4e-08 
8076622.0 1 179097684 9.329330600000001e-07 3099973400 
8141046.0 0 179097684 9.329331e-07 2455922112 
8148769.0 0 1227575429 2.791e-08 3270476896 
8159515.0 1 3921011129 1.9467710000000004e-06 515125813 
8200604.0 0 2984600922 3.6283e-07 3217169414 
8210481.0 3 242414939 2.67483e-08 481049431 1987038079 1.521362e-08 
8229224.0 0 3418547556 1.509626e-08 630280293 
8250661.0 1 1465560917 5.3136835e-07 1842102965 
8260449.0 0 1465560917 5.313684e-07 2455922112 
8273234.0 1 3921011129 1.960771e-06 3532628785 
8280544.0 3 242414939 1.4e-08 764400056 3797386594 1.67797e-08 1280619132 1.67797e-08 
8295716.0 3 905418128 2.791e-08 2391696826 4105879141 1.4e-08 
8317035.0 1 2984600922 3.7682999999999997e-07 2263814062 
8336420.0 1 2246051850 5.564097e-07 4138371369 
8413915.0 1 1465560917 5.453684e-07 242414939 
8477867.0 1 373638573 1.00000102791 3475245566 
8495945.0 0 1465560917 5.453684e-07 1499007652 
8506873.0 1 373638573 1.0000010142759 3459912306 
8516698.0 1 2799798816 2.9618473e-07 3122982648 
8543245.0 1 179097684 9.469331e-07 1499007652 
8560138.0 0 1465560917 5.453684e-07 73116178 
8563978.0 3 545239233 9.755952699999998e-07 4259593397 3088551619 1.4e-08 3443287411 1.456491e-08 3981989558 1.456491e-08 1165174376 1.456491e-08 3467386575 1.456491e-08 4263904522 1.456491e-08 4267941538 1.456491e-08 3372193553 1.456491e-08 3681452412 1.456491e-08 2604064924 1.456491e-08 3458662533 1.456491e-08 762210064 1.456491e-08 570164134 1.456491e-08 2418772576 1.456491e-08 2105330617 1.456491e-08 964813250 1.456491e-08 2039170765 1.456491e-08 4278040469 1.456491e-08 241690685 1.456491e-08 1703904600 1.456491e-08 3814978291 1.456491e-08 118566979 1.456491e-08 894269343 1.456491e-08 932943525 1.456491e-08 
8564176.0 0 932943525 1.456491e-08 964813250 
8572575.0 1 545239233 9.895953e-07 3088551619 
8575384.0 1 3921011129 1.9747910600000003e-06 1194638860 
8592295.0 1 545239233 1.00416021e-06 4263904522 
8604249.0 1 545239233 1.01872491e-06 3372193553 
8614125.0 1 545239233 1.03328991e-06 3681452412 
8628711.0 1 545239233 1.04785491e-06 964813250 
8631865.0 1 3921011129 1.9887910000000003e-06 1414892502 
8665736.0 2 313359544 1.448117e-08 630280293 250347941 1.4e-08 
8686015.0 1 179097684 9.6102605e-07 4197927596 
8702934.0 3 3921011129 1.98879093e-06 1465560917 2292589682 1.4e-08 3971437066 1.436131e-08 2810179169 1.436131e-08 1803012522 1.436131e-08 3940915008 1.436131e-08 3593659676 1.436131e-08 2744143284 1.436131e-08 2002691604 1.436131e-08 3223248356 1.436131e-08 101557930 1.436131e-08 678688578 1.436131e-08 2222966094 1.436131e-08 1301910447 1.436131e-08 2919535035 1.436131e-08 2855048822 1.436131e-08 682911345 1.436131e-08 238807518 1.436131e-08 1840937626 1.436131e-08 1734007597 1.436131e-08 4088691616 1.436131e-08 2087527840 1.436131e-08 2065940037 1.436131e-08 2751602400 1.436131e-08 552380491 1.436131e-08 253656606 1.436131e-08 1254429415 1.436131e-08 481400394 1.436131e-08 2584856907 1.436131e-08 3284371529 1.436131e-08 871205577 1.436131e-08 2655011401 1.436131e-08 4156410056 1.436131e-08 249938527 1.436131e-08 843598278 1.436131e-08 2197427154 1.436131e-08 3690557900 1.436131e-08 3824375258 1.436131e-08 769315986 1.436131e-08 
8703152.0 0 3921011129 1.988791e-06 3284371529 
8703514.0 1 3921011129 2.0031523099999997e-06 3824375258 
8703649.0 1 3921011129 2.01751331e-06 552380491 
8705053.0 0 1987038079 1.521362e-08 1165174376 
8707862.0 1 3921011129 2.03187531e-06 4156410056 
8710412.0 1 3921011129 2.0462363099999998e-06 1254429415 
8712045.0 1 3921011129 2.06059731e-06 481400394 
8712899.0 1 3921011129 2.07495931e-06 2087527840 
8713775.0 1 545239233 1.06244227e-06 85224627 
8715958.0 0 66064165 1.790309e-08 843598278 
8730671.0 1 3921011129 2.08932031e-06 1734007597 
8731296.0 1 3921011129 2.10368131e-06 2919535035 
8732878.0 1 3921011129 2.1180433099999997e-06 238807518 
8735047.0 1 3921011129 2.13240431e-06 3223248356 
8746225.0 1 3921011129 2.1467653099999997e-06 3940915008 
8771971.0 1 3921011129 2.16112631e-06 3971437066 
8776681.0 1 2065940037 2.872262e-08 2855048822 
8778456.0 1 3921011129 2.17548831e-06 2810179169 
8779853.0 1 3921011129 2.1898493099999997e-06 2655011401 
8783534.0 1 3921011129 2.20421031e-06 3690557900 
8785893.0 3 905418128 2.785797e-08 1285693762 1856937876 1.476943e-08 
8794689.0 1 3921011129 2.21857231e-06 3593659676 
8805529.0 1 3921011129 2.2329333099999997e-06 101557930 
8815714.0 0 2246051850 5.564097e-07 1621314342 
8825796.0 0 3921011129 2.232933e-06 249938527 
8834411.0 1 3921011129 2.24729431e-06 769315986 
8838991.0 1 3921011129 2.26165631e-06 843598278 
8840934.0 1 3921011129 2.27601731e-06 2584856907 
8849858.0 1 545239233 1.07700691e-06 3814978291 
8854689.0 2 2426951832 1.968836e-08 3375523036 354497373 1.4e-08 
8858810.0 0 678688578 1.436131e-08 4105879141 
8904305.0 3 66064165 1.790309e-08 2654473721 1230311851 1.4e-08 
8907811.0 1 3921011129 2.29037831e-06 2751602400 
8956024.0 0 2222966094 1.436131e-08 2292589682 
8958490.0 1 3921011129 2.3043790000000004e-06 343742982 
8974438.0 1 3921011129 2.32228209e-06 66064165 
8981500.0 0 1227575429 2.791e-08 3797386594 
8981843.0 0 313359544 1.448118e-08 682911345 
9012160.0 1 3921011129 2.3362820000000003e-06 2292589682 
9022239.0 0 179097684 9.61026e-07 871205577 
9070749.0 1 179097684 9.753873100000001e-07 1301910447 
9077962.0 1 3921011129 2.35676305e-06 1896745001 
9092330.0 2 545239233 1.077007e-06 1593850299 3825172902 1.4e-08 110318614 2.091e-08 176241382 2.091e-08 
9094339.0 1 3921011129 2.37132791e-06 118566979 
9104819.0 2 2173231515 1.5535860000000003e-08 1840937626 1063934737 1.4e-08 
9156062.0 3 545239233 1.0770069099999999e-06 1572835533 2445084109 1.4e-08 1871304206 1.411603e-08 4185666246 1.411603e-08 1905833305 1.411603e-08 3879652638 1.411603e-08 1924091726 1.411603e-08 1629863604 1.411603e-08 698682927 1.411603e-08 855708858 1.411603e-08 3076001680 1.411603e-08 1493833725 1.411603e-08 1450024594 1.411603e-08 1797275806 1.411603e-08 3378187523 1.411603e-08 564959126 1.411603e-08 3356410364 1.411603e-08 2620273024 1.411603e-08 4177016268 1.411603e-08 2480753293 1.411603e-08 3251328182 1.411603e-08 3584287056 1.411603e-08 1661868134 1.411603e-08 3822766993 1.411603e-08 3730019172 1.411603e-08 
9156437.0 3 3732071459 2.6597459999999998e-08 564959126 2217687738 1.542857e-08 
9161115.0 1 545239233 1.091007e-06 2445084109 
9165731.0 1 545239233 1.10512303e-06 3879652638 
9186074.0 1 545239233 1.11923903e-06 1905833305 
9191412.0 2 3467386575 1.463783e-08 2118016430 2328187860 1.4e-08 
9255568.0 0 2002691604 1.436131e-08 1063934737 
9297466.0 1 2799798816 3.1074961e-07 1703904600 
9384791.0 0 1856937876 1.476943e-08 871205577 
9429528.0 3 2065940037 1.4e-08 4209590891 3408999490 1.445823e-08 3438744891 1.445823e-08 
9433066.0 1 3921011129 2.38568931e-06 253656606 
9462664.0 1 2246051850 5.7052573e-07 2480753293 
9476989.0 1 3921011129 2.3996890000000004e-06 2065940037 
9500630.0 0 545239233 1.119239e-06 3458662533 
9509695.0 0 2328232000 3.491891e-08 3967778277 
9524021.0 0 894269343 1.456491e-08 250347941 
9542150.0 1 3921011129 2.41414723e-06 3408999490 
9561264.0 0 1165174376 1.456491e-08 855708858 
9565615.0 1 3921011129 2.42850831e-06 4088691616 
9592185.0 0 3443287411 1.456491e-08 1797275806 
9600946.0 1 545239233 1.13380391e-06 3443287411 
9613679.0 2 2962530363 2.2631359999999998e-08 2039170765 1501621654 1.4e-08 
9639657.0 1 545239233 1.147804e-06 3270476896 
9647213.0 2 3458662533 1.468094e-08 1661868134 2695808785 1.4e-08 
9677770.0 3 2962530363 2.128902e-08 3418547556 399492375 1.64386e-08 
9687426.0 0 3981989558 1.456491e-08 354497373 
9694157.0 0 179097684 9.753873e-07 1227575429 
9699187.0 2 682911345 1.441806e-08 73116178 213831427 1.4e-08 
9706608.0 1 3921011129 2.44292606e-06 682911345 
9708070.0 2 2217687738 1.599348e-08 932943525 2714424842 1.4e-08 
9708093.0 3 3458662533 1.468094e-08 1230311851 2282291379 1.4e-08 
9741296.0 3 3382444416 1.4e-08 722767024 2654714783 1.409295e-08 2993076447 1.409295e-08 
9746356.0 0 3833318790 2.791e-08 905418128 
9747875.0 1 179097684 9.909231499999998e-07 2173231515 
9749489.0 0 871205577 1.436131e-08 678688578 
9759029.0 0 2328232000 3.491891e-08 905418128 
9767219.0 0 2246051850 5.705257e-07 3526559023 
9778408.0 0 3736523900 1.413012e-08 3356410364 
9789150.0 3 1601889739 1.458727e-08 2480932170 2171266278 1.4e-08 
9800036.0 1 179097684 1.00538143e-06 3438744891 
9803465.0 0 598947138 2.791e-08 1850435983 
9814578.0 3 1621314342 1.424864e-08 1327969783 771038762 1.4e-08 
9820509.0 1 2246051850 5.8509061e-07 4278040469 
9823103.0 3 1450024594 1.411603e-08 3590332688 2768208421 1.4e-08 
9865894.0 1 545239233 1.1619200299999999e-06 3076001680 
9890876.0 2 533433650 1.478111e-08 2858952728 3297235373 1.4e-08 
9897382.0 0 110318614 2.091e-08 19131048 
9913033.0 2 2962530363 2.153766e-08 1621314342 776688125 1.4e-08 
9920231.0 0 3921011129 2.442926e-06 2197427154 
9945743.0 0 249938527 1.436131e-08 250347941 
9955782.0 0 2993076447 1.409295e-08 2451350669 
9957981.0 0 287394855 1.610395e-08 1797275806 
9977750.0 0 2246051850 5.850907e-07 841878026 
9986013.0 0 2718413753 2.791e-08 1063934737 
10006560.0 0 545239233 1.16192e-06 3822766993 
10021550.0 1 3921011129 2.4570420299999997e-06 3251328182 
10049370.0 2 2962530363 2.1557720000000004e-08 3363025910 3663377129 1.4e-08 
10073670.0 0 905418128 2.785796e-08 2962530363 
10077980.0 1 3921011129 2.47140431e-06 2197427154 
10078920.0 0 728028737 2.791e-08 1629863604 
10120870.0 0 2455922112 1.432397e-08 1493833725 
10131460.0 1 2246051850 6.130007e-07 384163328 
10160740.0 0 3921011129 2.471404e-06 2002691604 
10166440.0 0 741863299 2.798292e-08 2455922112 
10171060.0 0 1280619132 1.67797e-08 3730019172 
10208940.0 3 2282291379 1.4e-08 3934203265 898071713 1.4e-08 
10216370.0 1 373638573 1.00000102791 1035492323 
10222690.0 1 3921011129 2.4857653099999997e-06 2002691604 
10270350.0 3 1601889739 1.458727e-08 584993009 220748477 1.4e-08 
10332800.0 2 1165174376 1.469503e-08 2348040613 2470646831 1.4e-08 
10334580.0 0 2487301543 2.798292e-08 2282291379 
10336940.0 1 545239233 1.1760360299999999e-06 698682927 
10353590.0 2 3921011129 2.485765e-06 2328232000 1965972368 1.4e-08 1426981231 2.091891e-08 
10362780.0 0 3921011129 2.485765e-06 1965972368 
10367530.0 1 2246051850 6.270007e-07 220748477 
10400990.0 0 3967778277 1.632287e-08 2470646831 
10405600.0 1 179097684 1.033291e-06 1227575429 
10414490.0 1 373638573 1.0000010163228699 3967778277 
10429880.0 0 2217687738 1.599348e-08 533433650 
10481090.0 1 373638573 1.00000101458727 1965662198 
10482310.0 0 3339828518 1.458727e-08 2993076447 
10482870.0 0 3921011129 2.485765e-06 2962530363 
10483470.0 3 3526559023 1.405675e-08 2282291379 1535034065 1.4e-08 
10497210.0 1 3921011129 2.50732272e-06 2962530363 
10516320.0 0 545239233 1.176036e-06 1871304206 
10531220.0 1 373638573 1.000001014 3303338876 
10543950.0 0 2744143284 1.436131e-08 2470646831 
10562040.0 0 2246051850 6.270007e-07 2328187860 
10634900.0 1 545239233 1.190036e-06 2768208421 
10678950.0 3 1280619132 1.67797e-08 4105879141 1483909303 1.4e-08 
10683110.0 1 3921011129 2.52168431e-06 2744143284 
10710120.0 1 3921011129 2.535684e-06 250347941 
10760170.0 3 678688578 1.436131e-08 19131048 846691466 1.4e-08 
10785180.0 3 598947138 2.791e-08 3663377129 3623563876 1.4e-08 
10845730.0 2 249938527 1.472262e-08 3284371529 3872525629 1.4e-08 
10895060.0 1 3921011129 2.5496840000000003e-06 3872525629 
10930240.0 3 762210064 1.4373679999999999e-08 2711965517 3827929005 1.419123e-08 
10937980.0 3 598947138 1.3999999999999996e-08 1290268226 63319263 1.736055e-08 3607398139 1.736055e-08 
10941330.0 0 894269343 1.456491e-08 3584287056 
10947410.0 0 3607398139 1.736055e-08 3730019172 
10995740.0 3 213831427 1.4e-08 1292024166 2574253871 1.4e-08 
11014160.0 1 373638573 1.00000101458727 2135013218 
11033490.0 1 3921011129 2.563684e-06 1965972368 
11034060.0 1 373638573 1.0000013107496 2799798816 
11047820.0 0 771038762 1.4e-08 2714424842 
11061350.0 1 3921011129 2.57824891e-06 2418772576 
11083770.0 1 179097684 1.0476523100000002e-06 2222966094 
11122330.0 1 1726701215 5.792559e-08 3467386575 
11137460.0 1 179097684 1.061653e-06 213831427 
11155650.0 1 3921011129 2.59916791e-06 1426981231 
11169700.0 0 3827929005 1.419123e-08 2714424842 
11172730.0 3 1639799867 1.424864e-08 1649557018 3830801972 1.4e-08 
11178850.0 1 3921011129 2.61386303e-06 1165174376 
11189260.0 1 373638573 1.000002014 826924968 
11198960.0 1 373638573 1.00000201411603 3378187523 
11247220.0 1 3921011129 2.62822431e-06 1803012522 
11364380.0 0 3921011129 2.628224e-06 2718413753 
11427070.0 2 313359544 1.448118e-08 2393342300 3673394291 1.4e-08 
11436180.0 0 545239233 1.190036e-06 2217687738 
11444360.0 1 3921011129 2.64234003e-06 1797275806 
11519540.0 3 2620273024 1.411603e-08 3623563876 2748669076 1.4e-08 
11531110.0 1 545239233 1.20462327e-06 360107933 
11558750.0 1 3921011129 2.65645603e-06 3822766993 
11630150.0 0 3607398139 1.736055e-08 354497373 
11692350.0 3 905418128 2.785796e-08 2470646831 1220275327 1.4e-08 
11756370.0 0 3921011129 2.656456e-06 1856937876 
11772800.0 0 545239233 1.204623e-06 1871304206 
11826420.0 1 545239233 1.8316237e-06 2246051850 
11845430.0 1 179097684 1.08963592e-06 2487301543 
11846380.0 1 3921011129 2.67122543e-06 1856937876 
11872330.0 0 905418128 2.785796e-08 3527214469 
11904210.0 1 3921011129 2.685226e-06 2574253871 
11961380.0 0 855708858 1.411603e-08 3830801972 
11977050.0 3 3673394291 1.4e-08 755060644 4188119649 1.4e-08 
11982960.0 1 3921011129 2.6992260000000002e-06 1483909303 
11990710.0 1 3921011129 2.7135873099999997e-06 678688578 
11999810.0 1 373638573 1.0000020167797001 3797386594 
12012630.0 0 1428265047 1.432618e-08 1450024594 
12036240.0 3 3732071459 2.583718e-08 2620273024 1275089537 1.487631e-08 
12078750.0 0 3921011129 2.713587e-06 3607398139 
12094140.0 1 373638573 1.00000201402006 3449694611 
12095300.0 3 2718413753 2.402298e-08 354497373 3700209637 1.788702e-08 
12101770.0 0 2718413753 2.402298e-08 846691466 
12125220.0 3 3700209637 1.676087e-08 249938527 3320450569 1.584877e-08 
12129200.0 0 399492375 1.64386e-08 1063934737 
12131950.0 1 3921011129 2.73034786e-06 3700209637 
12219600.0 0 545239233 1.831624e-06 4177016268 
12292060.0 1 3921011129 2.74770855e-06 3607398139 
12331650.0 1 545239233 1.84575412e-06 463844675 
12368870.0 0 3921011129 2.747709e-06 690117576 
12374210.0 0 3921011129 2.747709e-06 1639799867 
12456210.0 0 2932274237 2.791e-08 2426951832 
12475370.0 1 545239233 1.8600299e-06 2472898255 
12496240.0 0 1280619132 1.67797e-08 690117576 
12509020.0 0 3921011129 2.747709e-06 690117576 
12510070.0 0 3736523900 1.413012e-08 1501621654 
12529210.0 1 3921011129 2.761709e-06 846691466 
12617740.0 0 253808213 2.791e-08 690117576 
12691330.0 0 545239233 1.86003e-06 3498415124 
12694380.0 0 1239307652 3.491e-08 2217687738 
12782900.0 1 373638573 1.00000204198292 1878784256 
12785090.0 3 1924091726 1.411603e-08 2748669076 4148810631 1.4e-08 
12824250.0 0 110318614 2.091e-08 2604064924 
12828770.0 1 545239233 1.87461727e-06 1449522982 
12843920.0 3 2408568032 2.791e-08 1850435983 1268185054 1.4e-08 
12857980.0 2 533433650 1.489715e-08 4185666246 2900628886 1.4e-08 
12872320.0 0 2208266878 1.458727e-08 1871304206 
12884550.0 2 533433650 1.5462060000000002e-08 570164134 3866772787 1.4e-08 
12929160.0 0 841878026 1.4e-08 598947138 
12993420.0 0 3921011129 2.761709e-06 4188119649 
13014150.0 1 545239233 1.888617e-06 3830801972 
13132020.0 0 545239233 1.888617e-06 3827929005 
13138100.0 0 313359544 1.448118e-08 3177521820 
13146170.0 1 545239233 1.90318191e-06 241690685 
13158000.0 0 3458662533 1.468094e-08 1639799867 
13173860.0 0 3981989558 1.456491e-08 2900628886 
13221820.0 1 3921011129 2.777369e-06 114837353 
13306170.0 0 841878026 1.4e-08 598947138 
13391580.0 0 79461789 1.424864e-08 776688125 
13435890.0 1 545239233 1.91729803e-06 1924091726 
13561330.0 1 3921011129 2.79156023e-06 3827929005 
13592350.0 1 373638573 1.00000201411603 1629863604 
13627310.0 1 3921011129 2.80556e-06 4188119649 
13643510.0 0 2984600922 3.7683e-07 3356410364 
13765880.0 3 855708858 1.411603e-08 2900628886 2056593038 1.4e-08 
13788420.0 0 545239233 1.917298e-06 1493833725 
13868100.0 0 869234806 5.582e-08 3458484829 
13877540.0 1 373638573 1.00000201413012 3736523900 
13903440.0 2 381652938 1.468022e-08 2654714783 1140472632 1.4e-08 
13939940.0 1 3921011129 2.8195600000000002e-06 598947138 
13977560.0 0 545239233 1.917298e-06 3217169414 
13978460.0 0 545239233 1.917298e-06 470332523 
13983840.0 0 1280619132 1.67797e-08 2451350669 
14021580.0 0 110439229 1.458727e-08 762210064 
14203330.0 0 3921011129 2.81956e-06 63319263 
14207230.0 0 3921011129 2.81956e-06 1220275327 
14353260.0 1 545239233 1.93162197e-06 2455922112 
14401240.0 0 871205577 1.436131e-08 1501621654 
14483330.0 3 381652938 1.468022e-08 3527214469 2774448923 1.4e-08 
14537930.0 2 3129006749 2.798292e-08 1249238030 975973597 1.4e-08 
14560350.0 0 3921011129 2.81956e-06 63319263 
14591510.0 1 545239233 1.94573803e-06 855708858 
14596180.0 1 3921011129 2.8369205499999997e-06 63319263 
14635410.0 2 2426951832 1.9804390000000002e-08 1450024594 933412597 1.4e-08 
14646360.0 3 3320450569 1.584877e-08 1220275327 927207199 1.4e-08 
14654710.0 1 3921011129 2.8509200000000002e-06 933412597 
14666520.0 0 2984600922 3.7683e-07 975973597 
14678240.0 1 1068020906 0.00095523045054 3462747 
14833360.0 1 179097684 1.103636e-06 1140472632 
14856510.0 1 3921011129 2.86492e-06 1922039940 
14942560.0 0 3320450569 1.584877e-08 1493833725 
15128950.0 1 545239233 1.95985403e-06 4177016268 
15403580.0 1 545239233 1.9738540000000003e-06 898071713 
15529220.0 2 355298688 1.5344899999999997e-08 1639799867 2231250662 1.4e-08 
15585320.0 0 355298688 1.53449e-08 927207199 
15601940.0 1 545239233 1.987854e-06 2056593038 
15679570.0 1 545239233 2.043674e-06 869234806 
15718210.0 3 149784911 1.458727e-08 3866772787 3085765731 1.4e-08 
15753850.0 1 470332523 2.858727e-08 4148810631 
15773920.0 3 1657444763 1.458727e-08 2933223072 1403954297 1.4e-08 
16046780.0 1 3921011129 2.8789200000000002e-06 927207199 
16075900.0 1 373638573 1.00000202798292 2669757562 
16223210.0 3 1428265047 1.432618e-08 3382444416 102828162 1.4e-08 
16316410.0 1 179097684 1.131546e-06 253808213 
16418730.0 1 3921011129 2.89324618e-06 1428265047 
16437520.0 1 545239233 2.0576740000000004e-06 1403954297 
16498340.0 2 2604064924 1.512982e-08 4267941538 3962269793 1.4e-08 
16629400.0 0 3921011129 2.893246e-06 1503861029 
16853260.0 1 3921011129 2.91305039e-06 2426951832 
16881270.0 0 3921011129 2.913051e-06 3320450569 
16945140.0 0 179097684 1.131546e-06 3458484829 
17039000.0 1 373638573 1.00000201409295 2993076447 
17081800.0 0 179097684 1.131546e-06 3458484829 
17127340.0 1 373638573 1.00000201411603 1871304206 
17197270.0 1 3921011129 2.92763827e-06 3279439195 
17198910.0 1 179097684 1.14566203e-06 1493833725 
17241440.0 0 179097684 1.145662e-06 3458484829 
17263790.0 0 1275089537 1.487631e-08 3030801476 
17316070.0 1 3921011129 2.94348677e-06 3320450569 
17381590.0 1 179097684 1.1596619999999999e-06 2451350669 
17395170.0 3 2217687738 1.599348e-08 841878026 604674024 1.4e-08 
17403970.0 1 179097684 1.1750069e-06 355298688 
17481880.0 2 2208266878 1.478111e-08 2441325815 4175762635 1.4e-08 
17546470.0 0 176241382 2.091e-08 2171266278 
17632480.0 0 1239307652 3.491e-08 3085765731 
17646940.0 0 179097684 1.175007e-06 1745749016 
17795090.0 1 545239233 2.07255031e-06 1275089537 
18111510.0 1 545239233 2.08768082e-06 2604064924 
18266860.0 1 3921011129 2.95807427e-06 1601889739 
18558510.0 0 3921011129 2.958074e-06 1298902656 
18619500.0 3 1239307652 1.4e-08 3458484829 3421068049 1.752006e-08 4106915849 1.752006e-08 
18738850.0 3 470332523 1.4e-08 894269343 3953247145 1.457609e-08 977281884 1.457609e-08 
18831270.0 1 3921011129 2.972074e-06 1239307652 
18874370.0 0 3921011129 2.972074e-06 3421068049 
19048140.0 1 3921011129 2.98643531e-06 871205577 
19154010.0 1 3921011129 3.0039560600000002e-06 3421068049 
19184740.0 3 1019134040 1.4741439999999997e-08 176241382 335748715 1.703928e-08 3863839146 1.703928e-08 
19194300.0 1 545239233 2.10168e-06 102828162 
19197130.0 1 179097684 1.189007e-06 1745749016 
19298880.0 3 3953247145 1.457609e-08 3673394291 2025893757 1.4e-08 
19303980.0 1 3953247145 2.857609e-08 2025893757 
19488560.0 1 3921011129 3.01843718e-06 313359544 
19565250.0 1 373638573 1.00000201456491 2105330617 
19809090.0 3 3863839146 1.703928e-08 3962269793 1090143039 1.4e-08 
19954500.0 3 179097684 1.1827030199999999e-06 3732071459 4013164456 1.607058e-08 253060996 1.607058e-08 
19954820.0 1 179097684 1.19877358e-06 253060996 
19957570.0 1 179097684 1.21484358e-06 4013164456 
20067670.0 1 545239233 2.1156800000000002e-06 771038762 
20667690.0 0 79461789 1.424864e-08 3584287056 
20794890.0 1 2984600922 3.9141727000000004e-07 1342185090 
21009970.0 3 3030801476 1.458727e-08 1090143039 3578947201 1.4e-08 
21135720.0 1 3921011129 3.03268564e-06 79461789 
21295130.0 0 545239233 2.11568e-06 4175762635 
21337100.0 0 545239233 2.11568e-06 470332523 
21338020.0 1 373638573 1.000002014 4201342597 
21384780.0 1 3921011129 3.046685e-06 470332523 
21438650.0 0 4106915849 1.752006e-08 2231250662 
21896420.0 1 3921011129 3.0637242800000004e-06 335748715 
22024830.0 3 399492375 1.64386e-08 3578947201 571790981 1.4e-08 
22031180.0 1 545239233 2.1297960299999997e-06 3730019172 
22053610.0 0 741863299 2.798292e-08 3526559023 
22054730.0 2 2718413753 2.461025e-08 3217169414 517786421 1.4e-08 
22088200.0 2 3863839146 1.760419e-08 3981989558 2308303797 1.4e-08 
22371590.0 1 373638573 1.000002014 776688125 
22429690.0 2 3863839146 1.819146e-08 3339828518 2256454524 1.4e-08 
22677800.0 3 1019134040 1.474145e-08 3297235373 2316491956 1.4e-08 
22694920.0 3 533433650 1.546205e-08 2714424842 921835634 1.4e-08 
22707950.0 1 2984600922 4.193273e-07 3279231079 
22932010.0 0 2308303797 1.4e-08 1535034065 
23252570.0 3 571790981 1.4e-08 604674024 2606270759 1.4e-08 
23272430.0 0 2718413753 2.461025e-08 2316491956 
23313340.0 0 545239233 2.129796e-06 1063934737 
23438850.0 0 105819081 1.458727e-08 2875471576 
23677990.0 0 3921011129 3.063725e-06 2718413753 
23719540.0 1 3921011129 3.08833525e-06 2718413753 
23870030.0 3 2707128518 1.532011e-08 2231250662 4081327903 1.4e-08 
24548280.0 1 373638573 1.00000201468022 381652938 
24615110.0 0 545239233 2.129796e-06 1019134040 
25031810.0 1 3921011129 3.1047736e-06 399492375 
25074660.0 3 2620740164 2.371036e-08 2256454524 3687573659 1.819964e-08 
25415190.0 1 3921011129 3.132684e-06 728028737 
25845060.0 1 3921011129 3.1466840000000003e-06 2328187860 
25856460.0 1 3921011129 3.1746669199999997e-06 3129006749 
25914140.0 1 545239233 2.157706e-06 2932274237 
26291040.0 0 545239233 2.157706e-06 105819081 
26346850.0 1 2984600922 4.3751875999999996e-07 3863839146 
26351700.0 0 3953247145 2.857609e-08 58759274 
26995380.0 0 3953846011 2.791e-08 2606270759 
27387680.0 0 110318614 2.091e-08 571790981 
27392360.0 3 96665495 1.458727e-08 3085765731 3196256300 1.4e-08 
27425460.0 1 1068020906 0.00095525411036 2620740164 
27494750.0 1 179097684 1.2294200899999999e-06 977281884 
27774910.0 0 179097684 1.22942e-06 1280619132 
27830880.0 1 3921011129 3.1892532700000002e-06 96665495 
27850400.0 1 3921011129 3.20524748e-06 2217687738 
28564680.0 1 545239233 2.1731680499999997e-06 533433650 
28786420.0 0 179097684 1.22942e-06 58759274 
28801880.0 0 545239233 2.173169e-06 1657444763 
28836080.0 1 179097684 1.24400727e-06 58759274 
29058940.0 0 571790981 1.4e-08 975973597 
29224700.0 1 179097684 1.2607867e-06 1280619132 
29374930.0 3 1019134040 1.474145e-08 1063934737 848448836 1.4e-08 
29420170.0 3 1987038079 1.521362e-08 1268185054 2211003714 1.4e-08 
29767510.0 0 287394855 1.610395e-08 3177521820 
30169760.0 0 3921011129 3.205247e-06 848448836 
30193420.0 1 3921011129 3.2192470000000003e-06 848448836 
30526990.0 1 3921011129 3.233247e-06 2774448923 
31023560.0 0 921835634 1.4e-08 975973597 
31921940.0 0 3687573659 1.819964e-08 4106915849 
32131750.0 1 373638573 1.00000201610395 287394855 
32150000.0 1 373638573 1.00000201468094 3458662533 
32323870.0 1 3921011129 3.2472470000000003e-06 975973597 
32666440.0 0 545239233 2.173169e-06 2308303797 
33079800.0 0 179097684 1.260787e-06 4175762635 
34339770.0 1 3921011129 3.275157e-06 3953846011 
34614370.0 1 3921011129 3.28917706e-06 3177521820 
35023310.0 1 373638573 1.0000020145872701 3030801476 
35064550.0 1 3921011129 3.3037642700000002e-06 1657444763 
35339410.0 3 2208266878 1.478112e-08 2316491956 2916276788 1.4e-08 
35693150.0 1 3921011129 3.324675e-06 110318614 
35813310.0 1 373638573 1.00000201411603 3584287056 
36072230.0 1 3921011129 3.33879103e-06 3356410364 
36101780.0 1 3921011129 3.3527910000000003e-06 4081327903 
37286830.0 1 373638573 1.0000020153201101 2707128518 
37520490.0 1 3921011129 3.366791e-06 3196256300 
37794280.0 1 3921011129 3.3807910000000003e-06 2606270759 
37924300.0 0 3921011129 3.380791e-06 1211996162 
38309940.0 1 373638573 1.000002014 2211003714 
38811500.0 1 373638573 1.0000020147414501 1019134040 
39147730.0 1 373638573 1.0000020145872701 105819081 
39250250.0 1 373638573 1.000002014 1314810707 
39753440.0 1 3921011129 3.394791e-06 2916276788 
40412610.0 0 179097684 1.260787e-06 3498415124 
40487170.0 1 3921011129 3.4087910000000003e-06 3498415124 
42913690.0 1 3921011129 3.422791e-06 517786421 
43278570.0 1 3921011129 3.45064896e-06 905418128 
43813740.0 0 3921011129 3.450648e-06 1211996162 
43924720.0 1 3921011129 3.4658616200000003e-06 1987038079 
44095300.0 1 179097684 1.27544719e-06 1211996162 
45060540.0 1 373638573 1.00000201405675 3089865955 
45219500.0 2 545239233 2.1731690000000004e-06 2984600922 3696193412 1.4e-08 15308464 1.411729e-08 1239307652 1.411729e-08 1945448119 1.411729e-08 3396227953 1.411729e-08 3321237907 1.411729e-08 3187199216 1.411729e-08 3330100144 1.411729e-08 310481256 1.411729e-08 817087088 1.411729e-08 551137729 1.411729e-08 1218250404 1.411729e-08 1035956119 1.411729e-08 1211996162 1.411729e-08 188552836 1.411729e-08 2029773149 1.411729e-08 302486611 1.411729e-08 1842102965 1.411729e-08 1285693762 1.411729e-08 1078741991 1.411729e-08 2723643411 1.411729e-08 1804212609 1.411729e-08 438292632 1.411729e-08 2001290253 1.411729e-08 3147695692 1.411729e-08 3179285865 1.411729e-08 2173231515 1.411729e-08 740082705 1.411729e-08 2795063678 1.411729e-08 3642829293 1.411729e-08 2707128518 1.411729e-08 
45227340.0 1 545239233 2.18728629e-06 3321237907 
45229910.0 1 545239233 2.2014032899999997e-06 2029773149 
45603250.0 1 545239233 2.21552029e-06 1945448119 
45608520.0 1 2723643411 2.823458e-08 3187199216 
46047230.0 1 545239233 2.2296372899999998e-06 2707128518 
46368590.0 1 545239233 2.24375529e-06 2795063678 
46393000.0 1 373638573 1.000002014 921835634 
46771880.0 1 545239233 2.2578722899999997e-06 817087088 
46795330.0 1 373638573 1.0000020145872701 110439229 
47473640.0 1 3921011129 3.49443809e-06 3953247145 
48316120.0 1 373638573 1.00000201411729 3642829293 
48704870.0 1 545239233 2.27198929e-06 1211996162 
48854000.0 0 2408568032 2.791e-08 149784911 
49431990.0 1 3921011129 3.52242092e-06 741863299 
49861710.0 1 373638573 1.00000201411729 188552836 
49967440.0 1 3921011129 3.5365382899999997e-06 1842102965 
50293800.0 0 179097684 1.275447e-06 149784911 
50303560.0 1 3921011129 3.5505380000000003e-06 3696193412 
51290730.0 0 179097684 1.275447e-06 740082705 
51808010.0 1 373638573 1.00000201411729 1078741991 
52075820.0 1 179097684 1.28956429e-06 740082705 
53255600.0 1 3921011129 3.5646552899999997e-06 551137729 
55626220.0 0 3921011129 3.564656e-06 4106915849 
56104460.0 0 3921011129 3.564656e-06 438292632 
56196910.0 1 3921011129 3.58285564e-06 3687573659 
56555730.0 1 373638573 1.0000020175200601 4106915849 
56635680.0 1 3921011129 3.59763612e-06 2208266878 
57539270.0 1 373638573 1.00000201411729 1239307652 
58911140.0 1 373638573 1.00000201411729 438292632 
60162400.0 1 373638573 1.00000201411729 302486611 
62401620.0 1 373638573 1.00000201411729 2001290253 
62453130.0 1 373638573 1.000002014 1535034065 
63165070.0 1 545239233 2.3299155900000004e-06 1726701215 
63230130.0 1 3921011129 3.6117532899999996e-06 3396227953 
64031260.0 0 545239233 2.329915e-06 1923515514 
74043290.0 1 3921011129 3.6258712899999997e-06 1218250404 
74496920.0 1 179097684 1.30368129e-06 2173231515 
76129220.0 1 373638573 1.0000020145872701 1923515514 
78402800.0 0 545239233 2.329915e-06 310481256 
95105290.0 1 3921011129 3.63998829e-06 310481256 
