179097684 8.4160455e-07 0.46517040290626605
3534547045 2.253368e-06 0.3893650120336157
2235064901 9.296433099999999e-07 0.4021518511020069
3150846686 3.6868100000000003e-06 0.31631519220395793
1572835533 1.83434329e-06 0.2870263735322442
4031050948 3.7736458e-07 0.2852079390179566
259930472 2.791e-08 0.3
3129006749 2.791e-08 0.3
3279231079 1.4e-08 0.3
326805806 1.4e-08 0.3
2261252686 2.791e-08 0.3
911013108 2.791e-08 0.3
4004407106 1.442681e-08 0.30000000000000004
1803925302 1.442681e-08 0.30000000000000004
3293059020 1.442681e-08 0.30000000000000004
439844059 1.446347e-08 0.28277842367794764
3449694611 1.426931e-08 0.16945417794700887
2367820772 1.4e-08 0.30000000826833517
1734007597 2.050458e-08 0.28016843438726113
481400394 2.390646e-08 0.3
871205577 1.407948e-08 0.2988741076333521
110318614 1.4e-08 0.29122124771135877
1063934737 1.4e-08 0.30000000000000004
213831427 1.432965e-08 0.2931834968077971
846691466 1.4e-08 0.2999999857255729
3320450569 1.770952e-08 0.2975695396690152
3866772787 1.4e-08 0.2966687832149217
975973597 1.4e-08 0.30000000826833517
3962269793 1.4e-08 0.3
