3534547045 1.328214e-06 0.47639541792192613
2235064901 2.230688e-06 0.4134168951535842
1465560917 7.53994612e-06 0.27892821639360316
4188445920 1.4000000000000003e-08 0.3
3012070026 2.791e-08 0.3
251961497 2.791e-08 0.1
2545005546 1.399999e-08 0.1
2683944377 1.513536e-08 0.29154267265429346
66987975 1.590535e-08 0.29999996856403666
2016090987 1.448307e-08 0.20395675778685046
3190311976 1.556357e-08 0.15928472537520474
2747938267 1.556357e-08 0.15928472537520474
3177521820 1.556357e-08 0.15928472537520474
1923515514 1.410357e-08 0.32961984971067837
1449522982 1.411269e-08 0.3295621091138111
3279439195 1.410357e-08 0.32961984971067837
4193709834 1.410357e-08 0.32961984971067837
4201342597 1.410357e-08 0.32961984971067837
1987038079 1.410357e-08 0.32961984971067837
4105879141 1.410357e-08 0.32961984971067837
1703904600 1.410357e-08 0.32961984971067837
118566979 1.410357e-08 0.32961984971067837
3593659676 1.410357e-08 0.32961984971067837
3223248356 2.379907e-08 0.32961984971067837
1450024594 5.602737e-08 0.24026946208930688
1501621654 1.400912e-08 0.24026950497361596
2714424842 5.622539e-08 0.2628467651655463
2606270759 1.400912e-08 0.24026950497361596
3152769946 1.406091e-08 0.2850801338315007
1897972748 1.4e-08 0.32961984971067837
156734636 1.410585e-08 0.31184564821709987
2126166399 1.4e-08 0.24026950497361596
947239549 1.4e-08 0.24026950497361596
702973591 1.4e-08 0.24026950497361596
1297296453 1.972762e-08 0.32957854340287224
3805166987 1.4e-08 0.24026950497361596
3745170176 1.4e-08 0.24026950497361596
3201531403 1.419396e-08 0.40041571725818886
4281747617 1.943387e-08 0.24026938133920606
3582615942 2.530662e-08 0.2670631964214228
