179097684 6.819986e-07 0.47010898069913076
2235064901 3.75741571e-06 0.3909603002734764
2246051850 2.56295605e-06 0.29680785620629124
1075699702 2.8802715e-06 0.28777825379932587
4031050948 3.9073999999999996e-07 0.2571428571428572
1403705120 2.791e-07 0.1
1593891639 2.791e-08 0.3
3197676583 1.399999e-08 0.3
4188445920 2.791e-08 0.3
1434594601 2.630732e-08 0.3
3012070026 2.791e-08 0.3
911013108 2.791e-08 0.3
2545005546 1.4e-08 0.1
2729381062 1.4e-08 0.1
1104410542 1.415154e-08 0.3000000008386776
1471982444 1.432679e-08 0.3
356405251 1.432679e-08 0.3
2842015324 1.432679e-08 0.3
378125977 1.58729e-08 0.300000000747726
3815024321 1.4e-08 0.3
2848685905 1.4e-08 0.11428568359310542
3006103420 1.449e-08 0.11428568359310542
1199222225 1.449e-08 0.11428568359310542
2378434411 1.51632e-08 0.292942354654262
1543523724 1.51632e-08 0.292942354654262
2789348510 1.550389e-08 0.2998722034619744
1371202285 1.550389e-08 0.2998722034619744
629078091 1.550389e-08 0.2998722034619744
2369258877 1.580268e-08 0.1268331559983527
2707460946 1.535217e-08 0.3
3607413901 1.412971e-08 0.4200230099818031
649593533 1.4187870000000001e-08 0.42002300998180303
550176535 1.412971e-08 0.4200230099818031
2348040613 1.412971e-08 0.4200230099818031
1061526795 1.412971e-08 0.4200230099818031
3554620561 1.412971e-08 0.4200230099818031
2789301560 1.412971e-08 0.4200230099818031
287394855 1.4e-08 0.42002300998180303
3211480542 1.425942e-08 0.42002300998180303
722767024 2.825942e-08 0.420023009981803
1298902656 1.425942e-08 0.42002300998180303
826924968 1.4e-08 0.3000004826500657
