179097684 6.685202299999999e-07 0.46590922078677116
3921011129 2.8289980000000003e-06 0.4147841281056013
2235064901 4.04706375e-06 0.32485228141749745
3004792470 5.1131788e-07 0.2890852703951831
426576124 2.791e-07 0.1
873214132 2.1508090000000002e-08 0.30042988577381097
1986278615 1.9311060000000003e-08 0.3
1503861029 2.791e-08 0.3
4061687915 2.791e-08 0.3
3988949870 2.791e-08 0.3
1651612823 2.791e-08 0.3
1347872676 2.791e-08 0.3
3833318790 2.791e-08 0.3
825415804 2.791e-08 0.1
300193622 2.791e-08 0.1
266059373 2.1137880000000002e-08 0.11574051402547521
43001897 1.4e-08 0.1
3709881891 2.791e-08 0.1
2768642543 2.791e-08 0.1
302486611 1.402224e-08 0.29999999999999993
1078741991 1.402224e-08 0.29999999999999993
438292632 1.402224e-08 0.29999999999999993
3147695692 1.402224e-08 0.29999999999999993
740082705 1.402224e-08 0.29999999999999993
3288380490 1.668593e-08 0.3025140761429307
2945849429 1.43005e-08 0.3
965372172 1.915567e-08 0.39882940756206703
528880979 1.6227159999999995e-08 0.3226040189972588
2521380987 1.469414e-08 0.3000012185108934
3929228125 1.446479e-08 0.29999998225155444
3702894340 1.446479e-08 0.29999998225155444
4285585893 1.446479e-08 0.29999998225155444
406745133 1.446479e-08 0.29999998225155444
2883513480 1.446479e-08 0.29999998225155444
2707460946 1.439108e-08 0.3030649133178639
627452446 1.453458e-08 0.30000000000000004
1462644303 1.501833e-08 0.30581496750743364
4088625113 1.4e-08 0.30800353518900603
287394855 1.991813e-08 0.23347680535628887
2670951229 2.137479e-08 0.23492333687258213
3211480542 2.133005e-08 0.30743409368482866
1922039940 1.4e-08 0.30000000000000004
1495382923 1.4e-08 0.30554053404157977
2766526296 1.4e-08 0.3095437054306336
470332523 1.418739e-08 0.2999999909522633
3270476896 1.494588e-08 0.3015056229676582
1987038079 1.414624e-08 0.30007994759987644
2039170765 1.414624e-08 0.30007994759987644
2810179169 1.429248e-08 0.30007994759987644
101557930 1.562176e-08 0.3022462586395051
2222966094 1.542799e-08 0.4866841986697724
3284371529 2.140533e-08 0.3122274928224779
871205577 1.4e-08 0.30007994759987644
110318614 1.493005e-08 0.29749431557960476
3076001680 1.619559e-08 0.30128285934384913
1797275806 1.4e-08 0.300172240650733
3730019172 1.4e-08 0.30007994759987644
2714424842 1.4e-08 0.30007994759987644
220748477 1.4e-08 0.3015539484918544
2574253871 1.4e-08 0.29999998225155444
3866772787 1.4e-08 0.3
3085765731 1.4e-08 0.30309555749404266
1403954297 1.4e-08 0.3
102828162 1.4e-08 0.30309555749404266
3962269793 1.922104e-08 0.30258217968842305
4106915849 1.4e-08 0.2999999909522633
977281884 1.4e-08 0.40103025300964795
2025893757 1.4e-08 0.30309555749404266
1090143039 1.4e-08 0.300079187692158
253060996 1.4e-08 0.2999997857142858
571790981 1.4e-08 0.49999999999999994
517786421 1.446147e-08 0.309424720245212
2256454524 1.4e-08 0.30007994759987644
2606270759 1.564654e-08 0.22982555035596797
4081327903 1.564654e-08 0.22982555035596797
3325553423 1.4e-08 0.3152632786554998
4124564224 1.4e-08 0.3
1852572783 1.4e-08 0.3031317174758885
3229926557 1.4e-08 0.304199282368981
2972065009 1.4e-08 0.3076716131276881
4052933330 1.4e-08 0.22982555035596797
3239027265 1.760379e-08 0.30266342294855136
3357191835 1.4e-08 0.30007973327753223
2437059955 1.4e-08 0.30309555749404266
445707895 1.545666e-08 0.29573112057852113
480183180 1.438971e-08 0.4160669176022823
3892593010 1.438971e-08 0.4160669176022823
776375684 1.4e-08 0.304714737346079
1678023283 1.4e-08 0.3365606570264051
