179097684 1.06994e-06 0.44236956907577707
3373526895 3.362108e-06 0.3847989489348431
3921011129 1.029202e-06 0.3883890337868819
1465560917 1.53084393e-06 0.29886265682502594
426576124 8.8721803e-07 0.23297093791531065
636961411 1.4000000000000001e-08 0.3
2932274237 4.141207e-08 0.3021010833584812
717226258 2.719206e-08 0.30001465739620403
1434498202 1.4000000000000001e-08 0.3
2870158420 2.6114309999999998e-08 0.3
315200650 2.791e-08 0.3
3176785673 2.791e-08 0.3
1434594601 1.4658859999999997e-08 0.3
2261252686 2.791e-08 0.3
4226750145 2.791e-08 0.3
199935986 2.791e-08 0.3
3268335666 1.4000000000000003e-08 0.3
2326007700 1.399999e-08 0.3
825415804 2.791e-08 0.1
1134132465 2.791e-08 0.1
15308464 1.492709e-08 0.30001963214836735
3321237907 1.541202e-08 0.3
3330100144 1.5080590000000003e-08 0.3000194317517413
3642829293 1.4e-08 0.3028166152775477
451270221 1.424046e-08 0.2999999999999999
2177968201 1.424046e-08 0.2999999999999999
1382686479 1.424046e-08 0.2999999999999999
4069401935 1.656671e-08 0.30000000000000004
2945849429 1.548272e-08 0.3
3113062634 1.41535e-08 0.2999999442046817
1565786989 1.41535e-08 0.2999999442046817
3121292019 1.41535e-08 0.2999999442046817
3297362622 1.41535e-08 0.2999999442046817
3604532305 1.41535e-08 0.2999999442046817
1820499179 1.41535e-08 0.2999999442046817
1072840122 2.120309e-08 0.4011850513693214
1826422368 1.741e-08 0.30000000000000004
250719570 1.8670420000000003e-08 0.2999999917260741
2066612683 1.573044e-08 0.3045733975319653
1002680420 1.410234e-08 0.30286350249729616
3467386575 2.593194e-08 0.30001085034072655
2744143284 1.594919e-08 0.29999995048657413
399492375 1.4e-08 0.3000001357904514
2748669076 1.407523e-08 0.29999999999999993
933412597 1.506244e-08 0.28210844023580867
2231250662 1.482198e-08 0.2818181818181818
3085765731 1.482198e-08 0.2818181818181818
102828162 1.482198e-08 0.2818181818181818
4175762635 1.556309e-08 0.30054294555845956
2316491956 5.708666e-07 0.30728777078788266
3229926557 1.412193e-08 0.3032688001068135
480183180 2.689884e-08 0.3143324928940838
3892593010 1.412193e-08 0.3032688001068135
2922107309 1.412193e-08 0.3032688001068135
34775558 1.4e-08 0.3028635024972961
1235889872 1.454667e-08 0.40272767339858695
36858200 1.90235e-08 0.4366117935865293
340569875 1.4e-08 0.30000000000000004
4292574364 1.898671e-08 0.362947646256359
3269561540 4.57215e-08 0.306577982443633
2126166399 1.4e-08 0.3
363773044 1.411798e-08 0.30001400925617633
312808672 1.4e-08 0.30286350249729616
1563060474 1.6216849999999997e-08 0.4345655882715534
3790847783 1.424864e-08 0.3
2747516691 1.424864e-08 0.3
1780437574 1.4e-08 0.3032688001068135
1441326850 1.682905e-08 0.30061483348769874
1869505131 1.682905e-08 0.30061483348769874
792228939 1.4e-08 0.30270672650522684
3805166987 1.4e-08 0.30000000000000004
3654632673 1.666401e-08 0.3015806702820909
717671056 1.4e-08 0.362947646256359
3858463531 1.4e-08 0.30286323238020185
1421662397 1.4e-08 0.3003528154493209
2661924784 1.4e-08 0.29999999999999993
1367690675 1.4e-08 0.2999999999999999
3216152648 1.4e-08 0.29999998494637714
