179097684 6.184254999999999e-07 0.47292156128749563
2235064901 2.44319736e-06 0.47319928963557983
545239233 1.6848425e-06 0.3081033049897076
1572835533 2.30188633e-06 0.29688893319824844
1075699702 3.452416e-06 0.26339925750075194
2519559028 5.6206378e-07 0.26741816742659896
2440120768 1.399999e-08 0.3
3414514926 1.472778e-08 0.10000002605777938
1541925803 1.438148e-08 0.2876477609027104
2716949832 1.886455e-08 0.2721224616888623
2704180049 1.639782e-08 0.27959367624797715
2391696826 1.402936e-08 0.47665569144379494
4278040469 2.080476e-08 0.20839000500189397
3814978291 1.490162e-08 0.15752710330975725
