179097684 6.1264934e-07 0.4573590809123061
3373526895 2.4388616600000003e-06 0.42832010031104706
545239233 3.54874513e-06 0.3365434372897899
1222799196 1.528384e-06 0.30163595269064325
2519559028 8.0057092e-07 0.299999976308161
476505668 2.3530419e-07 0.1
3891448235 1.4000009999999996e-08 0.3
392861532 2.791e-08 0.1
3321237907 1.45086e-08 0.3000000008654658
4093093422 2.091e-08 0.3
879162223 1.472778e-08 0.3
1428265047 1.4e-08 0.30000042857142856
4167430602 1.434529e-08 0.2999999145712814
1906851972 1.434529e-08 0.2999999145712814
1837088337 1.438199e-08 0.3
1649557018 1.455515e-08 0.29999997555725955
1553963666 1.4e-08 0.29999997555725955
1449522982 1.4e-08 0.30000000000000004
1301910447 1.431889e-08 0.3
4106915849 1.4e-08 0.2999997857142857
3953247145 1.642238e-08 0.21351265772683373
335748715 1.642238e-08 0.21351265772683373
1090143039 1.496846e-08 0.3166807154262385
4281208133 1.838286e-08 0.3
1852572783 1.4e-08 0.2999999865051908
