3534547045 1.56237102e-06 0.46363643664490417
3373526895 2.821293e-06 0.40214717608292183
2340740170 1.27675902e-06 0.3025267494565423
1572835533 9.8461264e-07 0.30154689608170926
1465560917 1.389556e-06 0.2990736475043925
3004792470 7.1254299e-07 0.2177312795960006
426576124 3.6283e-07 0.13076923076923078
1516068388 2.796249e-08 0.29999999999730975
1481166135 2.791e-08 0.3
2408568032 2.791e-08 0.3
3774459889 2.791e-08 0.3
3933289935 1.497875e-08 0.3017763960009025
511603307 2.791e-08 0.3
1593850299 1.4000009999999996e-08 0.3
598947138 2.791e-08 0.3
659524895 2.1584080000000002e-08 0.3
2466232951 2.791e-08 0.3
333964007 2.791e-08 0.3
3197676583 2.791e-08 0.3
3891448235 2.791e-08 0.3
3823443426 1.4e-08 0.3
164438789 2.791e-08 0.3
1664502715 2.791e-08 0.3
385785803 1.4e-08 0.1
1128709694 1.4e-08 0.1
937177227 1.46505e-08 0.3
2999719241 1.46505e-08 0.3
1931993247 1.46505e-08 0.3
1172086036 1.405249e-08 0.299999998566822
4083845756 1.4e-08 0.49999999999999994
898751805 1.551056e-08 0.3449371267059345
2125331604 1.472778e-08 0.2999999787499498
4240624600 1.472778e-08 0.2999999787499498
3349724438 1.472778e-08 0.2999999787499498
4253718737 1.472778e-08 0.2999999787499498
3815024321 1.4e-08 0.30000000000000004
3604532305 1.545556e-08 0.2999999787499498
2533881277 1.475853e-08 0.3
472358284 1.863232e-08 0.30000008050527255
4055959668 2.091e-08 0.3
2848685905 1.420773e-08 0.48186450507804496
1896745001 1.793336e-08 0.3001995933503445
3099973400 1.430674e-08 0.3
754560055 1.430674e-08 0.3
3563522875 1.4e-08 0.3060305089939671
3302973195 1.403102e-08 0.3060305089939671
2589646060 1.403102e-08 0.3060305089939671
3433591204 1.403102e-08 0.3060305089939671
1237914369 1.403102e-08 0.3060305089939671
2649056468 1.403102e-08 0.3060305089939671
1771264541 1.4e-08 0.299999998566822
3449694611 1.4e-08 0.48263567573971333
1194638860 1.711796e-08 0.3
114837353 1.711796e-08 0.3
