179097684 7.048699099999999e-07 0.456848295373938
3534547045 9.032971799999999e-07 0.47424516796863825
3921011129 1.892998e-06 0.42181435360250163
2246051850 2.5616537699999998e-06 0.3110038384501991
3004792470 3.4873686e-06 0.29141213158657864
426576124 3.4953952e-07 0.14030418076903006
825415804 2.791e-08 0.1
251961497 2.791e-08 0.1
3824069879 2.791e-08 0.1
43001897 2.791e-08 0.1
3059103076 1.435702e-08 0.30000000000000004
766581564 1.461952e-08 0.3
3702894340 1.461952e-08 0.3
2674988631 1.4884280000000001e-08 0.3
3633199892 2.102375e-08 0.3
2013640095 2.013729e-08 0.29999996670022866
3302973195 1.45132e-08 0.2999999765345535
3433591204 1.45132e-08 0.2999999765345535
4256642775 1.45132e-08 0.2999999765345535
2449448537 1.459904e-08 0.29941933269349047
3607413901 1.456033e-08 0.2999998718684123
79461789 1.4e-08 0.30000000000000004
552498239 1.4e-08 0.3
2789301560 1.428292e-08 0.11462290000826261
3459912306 1.428292e-08 0.11462290000826261
841878026 1.900153e-08 0.30000036913349704
3681452412 1.439099e-08 0.10933901529238362
1905833305 1.4e-08 0.2999999382353104
1629863604 1.4e-08 0.2999999765345535
3378187523 1.4e-08 0.35564817947676
