179097684 6.2866793e-07 0.45128200181635636
3534547045 5.21435659e-06 0.37567664101277587
2246051850 3.5768568e-06 0.29830222575113735
949068759 2.791e-08 0.3
1037584679 2.791e-08 0.3
739080713 2.791e-08 0.3
315200650 2.791e-08 0.3
1239791232 2.791e-08 0.3
911013108 1.4000000000000001e-08 0.3
199935986 1.400001e-08 0.3
2326007700 2.791e-08 0.3
825415804 2.791e-08 0.1
265770918 7.018217e-08 0.2204641292795592
3475245566 2.605221e-08 0.1
828787466 9.1975e-08 0.17861918999728188
3708838243 2.791e-08 0.1
1507417240 2.791e-08 0.1
4274934102 2.791e-08 0.1
188552836 1.421444e-08 0.3
976558236 1.40167e-08 0.30000001433177725
1950077488 1.429534e-08 0.30000000690739637
3111692719 1.4374020000000002e-08 0.29989336026192703
2961226102 2.091e-08 0.3
1896745001 1.955513e-08 0.30000001470988663
1737134642 1.481458e-08 0.12169515398079181
2719204682 1.433716e-08 0.2999998723764822
2716949832 1.58786e-08 0.29990346503915183
552634658 1.587512e-08 0.30000000636323676
2649056468 1.942043e-08 0.3000000040207724
3381587904 1.942043e-08 0.3000000040207724
72955594 1.467269e-08 0.11844428179680082
2780384598 1.467269e-08 0.11844428179680082
1577969976 1.467269e-08 0.11844428179680082
229435916 1.467269e-08 0.11844428179680082
19131048 1.467269e-08 0.11844428179680082
2426951832 1.467269e-08 0.11844428179680082
1922039940 1.4e-08 0.30000001433177725
3715668764 1.481924e-08 0.47632073611205306
4138371369 1.4e-08 0.30000001433177725
3590332688 1.4e-08 0.2999575351717495
3797386594 1.461587e-08 0.2999575351717495
3443287411 1.461587e-08 0.2999575351717495
1165174376 1.461587e-08 0.2999575351717495
4267941538 1.461587e-08 0.2999575351717495
3372193553 1.461587e-08 0.2999575351717495
3681452412 1.461587e-08 0.2999575351717495
570164134 1.586621e-08 0.30454573853947237
2418772576 1.461587e-08 0.2999575351717495
1301910447 1.401861e-08 0.3000000209277282
2919535035 1.401861e-08 0.3000000209277282
2217687738 1.418527e-08 0.3000000563725123
3408999490 1.650292e-08 0.4999999999999999
1403954297 1.407868e-08 0.2805167708256886
517786421 1.407868e-08 0.2805167708256886
248584559 1.422864e-08 0.2909423241110367
3152769946 1.4457280000000002e-08 0.2909423241110367
1776728451 2.841391e-08 0.29546418688079695
1897972748 1.3999989999999996e-08 0.2968491383667274
1367591863 1.4e-08 0.3000000563725123
2661924784 1.421496e-08 0.297892956575106
3353888196 3.075732e-08 0.2717932801754646
2711363118 1.593713e-08 0.30000000796267684
1414813075 1.4e-08 0.297892956575106
36058418 1.627623e-08 0.2820440196652825
1595418714 1.4e-08 0.2805167708256886
