179097684 6.297360599999999e-07 0.4945002434829613
3534547045 1.25938163e-06 0.4918813487239018
2235064901 1.26653828e-06 0.4465215792977477
545239233 1.98768796e-06 0.3044989963776494
2246051850 1.99202096e-06 0.2972681254991667
2984600922 2.1818439600000002e-06 0.29195478164663713
426576124 2.16965096e-06 0.20367199998616725
1236021306 2.791e-08 0.1
2757833455 2.791e-08 0.1
3122982648 1.406823e-08 0.3
2177968201 1.403975e-08 0.2846153846153847
3113062634 2.6372180000000004e-08 0.3017501870546934
896813269 2.103744e-08 0.28937270955295114
1867247157 1.4e-08 0.3
785216844 1.792803e-08 0.28402328698817003
2716949832 1.662294e-08 0.29969019854862267
552634658 1.4e-08 0.2996321563615601
3707800333 1.423396e-08 0.2917177137386379
2185291493 1.423396e-08 0.2917177137386379
4287239676 1.423396e-08 0.2917177137386379
1462644303 1.423396e-08 0.2917177137386379
4088625113 1.423396e-08 0.2917177137386379
1237914369 1.4273710000000001e-08 0.29169793488768403
1002680420 1.4e-08 0.2846153846153847
