179097684 6.418314e-07 0.44758308370683186
3534547045 1.261423e-06 0.4232576622917587
2235064901 2.94945536e-06 0.39367481911471514
2799798816 5.194059310000001e-06 0.29750505821455153
2555962951 3.0701e-07 0.10000000000000002
3497999925 2.791e-08 0.3
1347872676 2.791e-08 0.3
4226750145 2.791e-08 0.3
728028737 2.791e-08 0.1
1415695418 2.791e-08 0.1
2729381062 2.791e-08 0.1
3288380490 1.741e-08 0.18015508328546814
1249238030 1.562996e-08 0.1
3214077756 1.562996e-08 0.1
451270221 1.562996e-08 0.1
3160344427 1.422698e-08 0.30000000000000004
3182159117 1.422698e-08 0.30000000000000004
766581564 1.422698e-08 0.30000000000000004
629078091 1.403012e-08 0.300000053927317
1848242772 1.449e-08 0.11428582177407969
3468130899 2.849e-08 0.2055458602143354
3736523900 1.425124e-08 0.3000000747679932
149784911 2.225682e-08 0.299999991534394
1965662198 1.743464e-08 0.11962264247310858
2604064924 1.423522e-08 0.31118654708039717
3458662533 1.423522e-08 0.31118654708039717
2105330617 2.823522e-08 0.3059718167875824
2222966094 1.4745959999999999e-08 0.3025987745333266
3827929005 1.4e-08 0.3006694715762336
3607398139 1.3999989999999998e-08 0.30559482005105304
1140472632 1.4e-08 0.11428582177407969
1090143039 1.630471e-08 0.30002575031839535
1678023283 1.4e-08 0.2999999003370269
2118254765 1.4e-08 0.3006694715762336
3580551846 1.4e-08 0.300000053927317
