179097684 6.6469335e-07 0.46835839961437487
3373526895 2.0874e-06 0.45622119863200855
2246051850 1.89285224e-06 0.3459159563591407
1465560917 2.40254824e-06 0.2973265391406221
2519559028 3.0700996e-07 0.2818181818181818
3498415124 2.442015e-08 0.3068267545358665
3555679070 4.241835e-08 0.3
2408568032 2.791e-08 0.3
1156624510 2.791e-08 0.3
333964007 1.948061e-08 0.3
2250879299 2.791e-08 0.3
1878784256 1.4e-08 0.3
1664502715 2.791e-08 0.3
3176785673 1.7628289999999997e-08 0.29999999996213544
2261252686 2.428462e-08 0.3
199935986 2.791e-08 0.3
3838279446 4.241835e-08 0.3
251961497 2.791e-08 0.1
728028737 2.791e-08 0.1
921425487 2.791e-08 0.1
3245569981 2.791e-08 0.1
2729381062 2.791e-08 0.1
2707128518 1.450835e-08 0.3
2312786130 1.450835e-08 0.3
3375523036 1.450835e-08 0.3
451270221 1.4e-08 0.3
2250775120 2.091e-08 0.3
2159618959 1.466094e-08 0.10000002605777936
3401497744 1.466094e-08 0.10000002605777936
432337108 1.466094e-08 0.10000002605777936
4209590891 1.466094e-08 0.10000002605777936
3986570268 1.466094e-08 0.10000002605777936
174500547 1.466094e-08 0.10000002605777936
1370908750 2.091e-08 0.3
976558236 2.091e-08 0.3
2438291630 2.091e-08 0.3
3121292019 1.912697e-08 0.3
1950077488 1.828632e-08 0.13965130119299785
3111692719 1.6572319999999997e-08 0.3798966111430212
3332562587 1.4e-08 0.4882352941176474
3929228125 1.420918e-08 0.3
766581564 1.409711e-08 0.3
1743198400 1.402176e-08 0.29999999999999843
3952655669 1.402176e-08 0.29999999999999843
896813269 2.804352e-08 0.29999999999999843
1736323711 1.402176e-08 0.29999999999999843
1199222225 1.402176e-08 0.29999999999999843
3492274228 1.402176e-08 0.29999999999999843
1420914473 1.402176e-08 0.29999999999999843
1086559163 1.402176e-08 0.29999999999999843
3063534263 1.402176e-08 0.29999999999999843
4167430602 1.402176e-08 0.29999999999999843
1896745001 1.4e-08 0.29999999999999843
2369258877 1.4e-08 0.29999999999999843
2589646060 1.412929e-08 0.41430238687748766
463844675 1.412929e-08 0.41430238687748766
627452446 2.819153e-08 0.3572871149969847
3202152185 1.412929e-08 0.41430238687748766
2185291493 1.412929e-08 0.41430238687748766
4287239676 1.412929e-08 0.41430238687748766
1237914369 1.425858e-08 0.41430238687748766
1831065885 1.412929e-08 0.41430238687748766
1553963666 1.412929e-08 0.41430238687748766
2649056468 1.412929e-08 0.41430238687748766
552498239 1.425858e-08 0.41430238687748766
114837353 2.825858e-08 0.41430238687748766
1850435983 4.4003140000000005e-08 0.2999999435768233
2426951832 1.406224e-08 0.29999998927388
3089865955 1.406224e-08 0.29999998927388
2654473721 1.406224e-08 0.29999998927388
2704180049 1.406224e-08 0.29999998927388
771359632 1.406224e-08 0.29999998927388
4186562710 1.406224e-08 0.29999998927388
1922039940 1.406224e-08 0.29999998927388
2472898255 1.406224e-08 0.29999998927388
3459912306 1.406224e-08 0.29999998927388
1598213090 1.406224e-08 0.29999998927388
1298902656 1.406224e-08 0.29999998927388
3532628785 1.406224e-08 0.29999998927388
3190311976 2.812448e-08 0.29999998927388005
841878026 1.406224e-08 0.29999998927388
3177521820 1.406224e-08 0.29999998927388
3363025910 1.406224e-08 0.29999998927388
96665495 1.406224e-08 0.29999998927388
149784911 1.406224e-08 0.29999998927388
3279439195 1.716753e-08 0.330316795043198
2208266878 1.4e-08 0.41430238687748766
3715668764 1.791666e-08 0.2999999616686814
3418547556 1.791666e-08 0.2999999616686814
3270476896 1.463615e-08 0.38291891466118605
3934203265 2.081091e-08 0.30081368118315616
1323984060 1.4e-08 0.29999998927388
4197927596 1.4e-08 0.41430238687748766
1414892502 1.4e-08 0.30000000000000004
4201342597 1.4e-08 0.29999998927388
3590332688 1.4e-08 0.29999978571428576
1745749016 1.4e-08 0.35363658282720856
2933223072 1.4e-08 0.41430238687748766
1987038079 1.660898e-08 0.330316795043198
3797386594 1.489992e-08 0.304491812196912
1280619132 1.4e-08 0.4045055867629072
4105879141 1.4e-08 0.41430238687748766
