179097684 4.937466e-07 0.49291425332562716
3534547045 8.061142600000001e-07 0.49002404460478294
3373526895 1.38371945e-06 0.45296245466644697
3150846686 1.041102e-06 0.35729778866550294
1572835533 4.24011099e-06 0.30219312971319195
2799798816 1.48685674e-06 0.28608352556436334
2250879299 3.962001e-08 0.29477385424173813
769686034 5.333092000000001e-08 0.2333333333333333
921425487 1.4e-08 0.1
385785803 2.369999e-08 0.1
2190522392 2.791e-08 0.1
1134132465 2.791e-08 0.1
1035956119 1.506164e-08 0.5
937177227 1.436787e-08 0.30000004422458487
313359544 1.466659e-08 0.30000000000000004
472358284 1.436673e-08 0.28642574462827786
1199222225 1.407932e-08 0.3
3802520055 2.009337e-08 0.3
2013640095 2.270043e-08 0.4327008902617216
2027098952 2.1374660000000002e-08 0.23492514484252663
2707460946 1.757224e-08 0.2852100037711577
2606325002 1.43938e-08 0.2852100037711577
2024675612 1.43938e-08 0.2852100037711577
3314075649 1.43938e-08 0.2852100037711577
3458484829 1.43938e-08 0.2852100037711577
2719204682 1.43938e-08 0.2852100037711577
463844675 1.43938e-08 0.2852100037711577
3167902617 1.43938e-08 0.2852100037711577
3468130899 1.43938e-08 0.2852100037711577
2475979558 1.459172e-08 0.370596514811738
2564127097 1.4e-08 0.10000070403534711
3554620561 1.472778e-08 0.10000070403534711
3967778277 1.472778e-08 0.10000070403534711
1759850032 1.472778e-08 0.10000070403534711
346987663 1.472778e-08 0.10000070403534711
1598213090 1.4e-08 0.30010135681952327
826924968 1.776133e-08 0.2912836071821629
3190311976 1.4e-08 0.2023765776944326
3177521820 1.608305e-08 0.2633580827413461
764400056 1.448414e-08 0.2840548224391536
2766526296 1.4e-08 0.3000627927857058
1923515514 1.675465e-08 0.3000875035845622
3339828518 1.4e-08 0.30000000000000004
105819081 1.4e-08 0.30000021428571433
533433650 1.4e-08 0.286425666600528
