179097684 8.2318908e-07 0.46805182983804117
3534547045 2.32908284e-06 0.4413082524846762
545239233 2.1353453100000004e-06 0.33231023586668773
1222799196 3.21975445e-06 0.2992307180197848
3737780296 1.349516e-06 0.2570409219693226
1403705120 3.3492e-07 0.11666666666666668
3498415124 1.400001e-08 0.3
3953846011 2.791e-08 0.3
1651612823 2.791e-08 0.3
3279231079 1.4e-08 0.3
2956861855 1.4e-08 0.1
253808213 2.791e-08 0.1
754869367 2.791e-08 0.1
217284033 1.646287e-08 0.3
2250775120 1.523127e-08 0.3744561151926993
3016084464 1.453458e-08 0.3
4075596975 1.453458e-08 0.3
220564665 1.741e-08 0.3718694958855586
2027098952 1.4e-08 0.3107156715539678
1543523724 2.091e-08 0.3
72955594 1.402474e-08 0.3
1314810707 1.4e-08 0.3000000000000001
4138371369 1.402397e-08 0.30000000540298055
241690685 1.40672e-08 0.30000021326205645
1871304206 1.427021e-08 0.3000000382998911
3408999490 1.494491e-08 0.3835807044378075
3085765731 1.444316e-08 0.42035055345411315
571790981 1.422158e-08 0.42035055345411315
1852572783 1.4e-08 0.3
