179097684 6.685202299999999e-07 0.587829651921052
3921011129 2.8289980000000003e-06 0.47055213682673963
2235064901 4.04706375e-06 0.3787143132106857
3004792470 5.1131788e-07 0.23144201871100867
426576124 2.791e-07 0.1615568
873214132 2.1508090000000002e-08 0.34600687934494984
1986278615 1.9311060000000003e-08 0.3095025
1503861029 2.791e-08 0.2613777
4061687915 2.791e-08 0.257297
3988949870 2.791e-08 0.2492475
1651612823 2.791e-08 0.2413488
1347872676 2.791e-08 0.213099
3833318790 2.791e-08 0.1821097
825415804 2.791e-08 0.1693635
300193622 2.791e-08 0.1443583
266059373 2.1137880000000002e-08 0.147440801903215
43001897 1.4e-08 0.1322464
3709881891 2.791e-08 0.1271084
2768642543 2.791e-08 0.106907
302486611 1.402224e-08 0.2110096983313851
1078741991 1.402224e-08 0.2110096983313851
438292632 1.402224e-08 0.2110096983313851
3147695692 1.402224e-08 0.2110096983313851
740082705 1.402224e-08 0.2110096983313851
3288380490 1.668593e-08 0.36721078669756707
2945849429 1.43005e-08 0.2671447753574881
965372172 1.915567e-08 0.48179054577518465
528880979 1.6227159999999995e-08 0.3637773250444444
2521380987 1.469414e-08 0.20312007786095826
3929228125 1.446479e-08 0.2001698721271071
3702894340 1.446479e-08 0.2001698721271071
4285585893 1.446479e-08 0.2001698721271071
406745133 1.446479e-08 0.2001698721271071
2883513480 1.446479e-08 0.2001698721271071
2707460946 1.439108e-08 0.39160568726785805
627452446 1.453458e-08 0.17848744615384615
1462644303 1.501833e-08 0.454312777918264
4088625113 1.4e-08 0.38394392010216694
287394855 1.991813e-08 0.2130046056671449
2670951229 2.137479e-08 0.21272551727366484
3211480542 2.133005e-08 0.43585567017237004
1922039940 1.4e-08 0.17848744615384615
1495382923 1.4e-08 0.3480002501199683
2766526296 1.4e-08 0.4234811920266537
470332523 1.418739e-08 0.2581928134542526
3270476896 1.494588e-08 0.3388069291451093
1987038079 1.414624e-08 0.38958986072712365
2039170765 1.414624e-08 0.38958986072712365
2810179169 1.429248e-08 0.38958986072712365
101557930 1.562176e-08 0.33388334354475563
2222966094 1.542799e-08 0.5731592250531806
3284371529 2.140533e-08 0.3589449039885537
871205577 1.4e-08 0.38958986072712365
110318614 1.493005e-08 0.3191403067714543
3076001680 1.619559e-08 0.3384772923447545
1797275806 1.4e-08 0.18509524539460645
3730019172 1.4e-08 0.38958986072712365
2714424842 1.4e-08 0.38958986072712365
220748477 1.4e-08 0.3432566683038332
2574253871 1.4e-08 0.2001698721271071
3866772787 1.4e-08 0.364111025
3085765731 1.4e-08 0.39162638209302403
1403954297 1.4e-08 0.2719573
102828162 1.4e-08 0.39162638209302403
3962269793 1.922104e-08 0.37786624511915934
4106915849 1.4e-08 0.2581928134542526
977281884 1.4e-08 0.4113350720350929
2025893757 1.4e-08 0.39162638209302403
1090143039 1.4e-08 0.38918550797629814
253060996 1.4e-08 0.36746737915995403
571790981 1.4e-08 0.5602373647058824
517786421 1.446147e-08 0.42446503750995523
2256454524 1.4e-08 0.38958986072712365
2606270759 1.564654e-08 0.2019925304479388
4081327903 1.564654e-08 0.2019925304479388
3325553423 1.4e-08 0.40639505183592156
4124564224 1.4e-08 0.2671447753574881
1852572783 1.4e-08 0.3898643408088462
3229926557 1.4e-08 0.425340259965357
2972065009 1.4e-08 0.3979924562815226
4052933330 1.4e-08 0.2019925304479388
3239027265 1.760379e-08 0.3692976384922973
3357191835 1.4e-08 0.38958973071400554
2437059955 1.4e-08 0.39162638209302403
445707895 1.545666e-08 0.2009934903703988
480183180 1.438971e-08 0.4560398021980803
3892593010 1.438971e-08 0.4560398021980803
776375684 1.4e-08 0.2995181267021705
1678023283 1.4e-08 0.2878543420285571
