179097684 4.7894061e-07 0.6157947609246224
3921011129 1.0529590300000002e-06 0.5325075286289944
3150846686 2.63791477e-06 0.47305133014170286
545239233 2.139872e-06 0.34526396203119003
1222799196 3.450772e-06 0.307103439627969
426576124 3.4994260999999996e-07 0.17332627998442843
618276123 3.2426337e-07 0.10720107574407008
905418128 2.2334360000000002e-08 0.43340191752586765
790319072 4.235748e-08 0.27925652554061287
2440120768 2.791e-08 0.2532535
732124878 2.791e-08 0.2512458
1878784256 2.791e-08 0.2355249
290926289 5.582e-08 0.23747574999999999
129185354 2.663349e-08 0.2149142
2261252686 2.791e-08 0.1837474
3833318790 3.22704e-08 0.21385716725502008
2545005546 1.4000000000000003e-08 0.1543144
266059373 2.791e-08 0.1348716
879162223 1.411483e-08 0.12116282727272727
4253718737 2.183063e-08 0.22921443582137882
3653734512 2.091e-08 0.2422685362984218
1405660995 1.404397e-08 0.3858441764022856
250719570 1.4000010000000003e-08 0.41666602102226025
2719204682 1.4e-08 0.3858441764022856
3449694611 1.4e-08 0.3084423552612742
2341758500 1.457958e-08 0.29932081530641513
3967778277 1.464215e-08 0.2511760646270989
2670951229 1.464215e-08 0.2511760646270989
381652938 1.632472e-08 0.42399846420120124
1965662198 2.202734e-08 0.2728237664880848
3279439195 1.4e-08 0.37120156465116033
3284371529 1.415617e-08 0.4090261847053408
2655011401 1.4e-08 0.2294522
3879652638 1.462484e-08 0.2628414730154639
1629863604 1.637141e-08 0.258293233141255
1501621654 1.4e-08 0.4242468684239749
213831427 1.4e-08 0.2021143754620372
4148810631 1.401449e-08 0.2770825726095932
2056593038 1.401449e-08 0.2770825726095932
3863839146 1.401449e-08 0.2770825726095932
834694043 1.4e-08 0.48105360326107055
1972280475 1.4921619999999998e-08 0.1820190862854335
3269595313 1.4e-08 0.17249087679214287
1780437574 1.4e-08 0.2717861180880324
3654632673 1.4e-08 0.3565958519023541
1367591863 1.4e-08 0.2770825726095932
3019838765 1.407809e-08 0.31351586521696706
1411431829 1.4e-08 0.3945659768916592
36058418 1.4e-08 0.39032357609724666
2830063464 1.4e-08 0.2344873851300616
3548864168 1.869811e-08 0.40412163991693295
2983660352 1.4e-08 0.2770825726095932
2299185056 1.719831e-08 0.21551185839754206
3737371746 1.719831e-08 0.21551185839754206
