179097684 7.4108982e-07 0.590119628128841
3373526895 1.640316e-06 0.5149863571676639
2235064901 1.34607433e-06 0.44883800433675686
3150846686 2.52962379e-06 0.4184761678853762
4259593397 2.0141169499999998e-06 0.28214145334156243
2555962951 6.741116e-07 0.1680627553650018
2408568032 1.4e-08 0.37424690000000005
741863299 4.1909999999999996e-08 0.266963938248628
598947138 2.796859e-08 0.2852845419786082
1035492323 1.4e-08 0.2393979
1347872676 2.791e-08 0.213099
57770090 1.521291e-08 0.33543230000000007
3485819286 1.8083e-08 0.3601588633917843
378125977 1.428025e-08 0.47796924873970853
4035587434 2.205229e-08 0.3670288653628404
3952655669 1.444481e-08 0.32188289127743125
3063534263 1.554962e-08 0.12930647727465797
907719639 1.472778e-08 0.12081960398684673
1906851972 1.472778e-08 0.12081960398684673
2597880038 1.472778e-08 0.12081960398684673
1837088337 1.472778e-08 0.12081960398684673
1848242772 1.920672e-08 0.30711689059606484
3449694611 1.417658e-08 0.3865203276255631
3089865955 2.4432100000000002e-08 0.3865203276255631
1759850032 1.417658e-08 0.3865203276255631
1495382923 1.417658e-08 0.3865203276255631
3363025910 1.4353160000000001e-08 0.38652032762556304
1449522982 1.579505e-08 0.36569183508187136
3279439195 1.561847e-08 0.36545635137486515
470332523 1.4e-08 0.3865203276255631
584993009 1.4e-08 0.3865203276255631
3270476896 1.4e-08 0.2713588705146771
3681452412 1.418247e-08 0.38648778216502944
570164134 1.577082e-08 0.2952477031887853
2105330617 1.577082e-08 0.2952477031887853
964813250 1.604882e-08 0.2706298717870021
2039170765 1.604882e-08 0.2706298717870021
932943525 1.4e-08 0.24986326911556306
2292589682 1.404329e-08 0.31365731018906556
3971437066 1.404329e-08 0.31365731018906556
3940915008 1.4e-08 0.32138137711878617
3593659676 1.4e-08 0.2713588705146771
1301910447 1.443033e-08 0.3725857483523925
1734007597 1.443033e-08 0.3725857483523925
2087527840 2.365495e-08 0.3169019709980737
2065940037 1.4e-08 0.2059362529025714
