179097684 6.6469335e-07 0.5962859962188369
3373526895 2.0874e-06 0.529436092272065
2246051850 1.89285224e-06 0.4346954344216855
1465560917 2.40254824e-06 0.3459187688523726
2519559028 3.0700996e-07 0.18997694545454546
3498415124 2.442015e-08 0.42158037481839106
3555679070 4.241835e-08 0.34785839857186596
2408568032 2.791e-08 0.351092
1156624510 2.791e-08 0.2896721
333964007 1.948061e-08 0.267568
2250879299 2.791e-08 0.2634319
1878784256 1.4e-08 0.2355249
1664502715 2.791e-08 0.1972046
3176785673 1.7628289999999997e-08 0.19238763068288856
2261252686 2.428462e-08 0.1837474
199935986 2.791e-08 0.177256
3838279446 4.241835e-08 0.22929135664307804
251961497 2.791e-08 0.1632265
728028737 2.791e-08 0.1617168
921425487 2.791e-08 0.1457517
3245569981 2.791e-08 0.1125783
2729381062 2.791e-08 0.1057992
2707128518 1.450835e-08 0.33246729090909094
2312786130 1.450835e-08 0.33246729090909094
3375523036 1.450835e-08 0.33246729090909094
451270221 1.4e-08 0.2849545
2250775120 2.091e-08 0.2849545
2159618959 1.466094e-08 0.1615568040731123
3401497744 1.466094e-08 0.1615568040731123
432337108 1.466094e-08 0.1615568040731123
4209590891 1.466094e-08 0.1615568040731123
3986570268 1.466094e-08 0.1615568040731123
174500547 1.466094e-08 0.1615568040731123
1370908750 2.091e-08 0.34322820511716884
976558236 2.091e-08 0.34639862443806785
2438291630 2.091e-08 0.34639862443806785
3121292019 1.912697e-08 0.2893389822057545
1950077488 1.828632e-08 0.1659562317688663
3111692719 1.6572319999999997e-08 0.4628471175186675
3332562587 1.4e-08 0.5336062176470593
3929228125 1.420918e-08 0.2831396610839932
766581564 1.409711e-08 0.3131764940149091
1743198400 1.402176e-08 0.2327904204975864
3952655669 1.402176e-08 0.2327904204975864
896813269 2.804352e-08 0.2327904204975864
1736323711 1.402176e-08 0.2327904204975864
1199222225 1.402176e-08 0.2327904204975864
3492274228 1.402176e-08 0.2327904204975864
1420914473 1.402176e-08 0.2327904204975864
1086559163 1.402176e-08 0.2327904204975864
3063534263 1.402176e-08 0.2327904204975864
4167430602 1.402176e-08 0.2327904204975864
1896745001 1.4e-08 0.2327904204975864
2369258877 1.4e-08 0.2327904204975864
2589646060 1.412929e-08 0.48601993714573877
463844675 1.412929e-08 0.48601993714573877
627452446 2.819153e-08 0.3823049321978321
3202152185 1.412929e-08 0.48601993714573877
2185291493 1.412929e-08 0.48601993714573877
4287239676 1.412929e-08 0.48601993714573877
1237914369 1.425858e-08 0.4860199371457388
1831065885 1.412929e-08 0.48601993714573877
1553963666 1.412929e-08 0.48601993714573877
2649056468 1.412929e-08 0.48601993714573877
552498239 1.425858e-08 0.4860199371457388
114837353 2.825858e-08 0.48601993714573877
1850435983 4.4003140000000005e-08 0.27809536260269313
2426951832 1.406224e-08 0.27809540496316626
3089865955 1.406224e-08 0.27809540496316626
2654473721 1.406224e-08 0.27809540496316626
2704180049 1.406224e-08 0.27809540496316626
771359632 1.406224e-08 0.27809540496316626
4186562710 1.406224e-08 0.27809540496316626
1922039940 1.406224e-08 0.27809540496316626
2472898255 1.406224e-08 0.27809540496316626
3459912306 1.406224e-08 0.27809540496316626
1598213090 1.406224e-08 0.27809540496316626
1298902656 1.406224e-08 0.27809540496316626
3532628785 1.406224e-08 0.27809540496316626
3190311976 2.812448e-08 0.27809540496316626
841878026 1.406224e-08 0.27809540496316626
3177521820 1.406224e-08 0.27809540496316626
3363025910 1.406224e-08 0.27809540496316626
96665495 1.406224e-08 0.27809540496316626
149784911 1.406224e-08 0.27809540496316626
3279439195 1.716753e-08 0.36510970351231115
2208266878 1.4e-08 0.48601993714573877
3715668764 1.791666e-08 0.27809537937356915
3418547556 1.791666e-08 0.27809537937356915
3270476896 1.463615e-08 0.47727751907134053
3934203265 2.081091e-08 0.273880420283633
1323984060 1.4e-08 0.27809540496316626
4197927596 1.4e-08 0.48601993714573877
1414892502 1.4e-08 0.4353275000000001
4201342597 1.4e-08 0.27809540496316626
3590332688 1.4e-08 0.23169003450700004
1745749016 1.4e-08 0.46912065533897424
2933223072 1.4e-08 0.48601993714573877
1987038079 1.660898e-08 0.36510970351231115
3797386594 1.489992e-08 0.28848222681009517
1280619132 1.4e-08 0.4798873565679151
4105879141 1.4e-08 0.48601993714573877
