179097684 5.7308668e-07 0.6160661015352527
3534547045 1.0248061300000001e-06 0.5716360271523467
3921011129 8.12997e-07 0.5296910959700686
3150846686 1.119063e-06 0.4552596078652338
2340740170 2.5299084699999997e-06 0.3882996538465944
1572835533 2.7031046700000002e-06 0.2964486546091277
1075699702 1.498037e-06 0.25567039335758157
3800257563 7.964485900000001e-07 0.1755696302040204
4046076794 2.791e-08 0.2717406
315200650 2.4321789999999997e-08 0.2204186
129185354 2.441969e-08 0.2149142
1347872676 2.791e-08 0.213099
3833318790 2.791e-08 0.1821097
2681375347 2.791e-08 0.1283789
828787466 2.791e-08 0.1172761
1498734392 2.791e-08 0.09933466
2013640095 1.407925e-08 0.34619663041841303
2681498831 1.429087e-08 0.17201661402929713
2719204682 1.429087e-08 0.17201661402929713
2343849308 1.429087e-08 0.17201661402929713
2950407739 1.435167e-08 0.17078463450580053
2747938267 1.410861e-08 0.23836836661479527
66064165 1.410861e-08 0.23836836661479527
105819081 2.821722e-08 0.23836836661479527
533433650 1.410861e-08 0.23836836661479527
3217169414 1.410861e-08 0.23836836661479527
3418547556 1.410861e-08 0.23836836661479527
755060644 1.410861e-08 0.23836836661479527
1292024166 1.647772e-08 0.27906876296350486
