179097684 6.8450435e-07 0.6149669288919986
3534547045 1.163219e-06 0.5521831880600538
3921011129 1.12691954e-06 0.5046070429812344
2340740170 1.89569441e-06 0.4249489694383897
2246051850 1.13607157e-06 0.3837456962796822
4259593397 3.45341835e-06 0.2896097035513327
2555962951 1.710271e-06 0.18665936328227156
290926289 2.791e-08 0.2336027
164438789 4.08662e-08 0.24246099241182198
2250757420 2.791e-08 0.109149
1837234470 1.401835e-08 0.36056704574402465
481808867 1.485585e-08 0.21637123333333333
3607413901 1.4e-08 0.35785897785781084
1960974751 1.408392e-08 0.27249026548268873
3180086772 1.408392e-08 0.27249026548268873
79461789 1.408392e-08 0.27249026548268873
72955594 1.408392e-08 0.27249026548268873
1771264541 1.408392e-08 0.27249026548268873
1759850032 1.416805e-08 0.17756439867050572
2472898255 1.416805e-08 0.17756439867050572
3459912306 1.416805e-08 0.17756439867050572
381652938 1.475288e-08 0.6104931993667299
