179097684 5.04123e-07 0.630640959766631
3534547045 2.098593e-06 0.535366343009646
3150846686 2.3304280199999997e-06 0.42170960682760444
2246051850 3.89947484e-06 0.3227253138199702
3737780296 1.214316e-06 0.21393694148251016
953296898 2.791e-08 0.4124495
949068759 2.7948920000000002e-08 0.36277941891010784
2487301543 2.791e-08 0.3346291
810769555 2.655113e-08 0.3072659
2046083849 5.284029e-08 0.2860009
1327969783 2.791e-08 0.2801941
2906924538 2.791e-08 0.2452792
739080713 2.791e-08 0.2241369
1347872676 2.791e-08 0.213099
811613008 2.791e-08 0.209498
3490627259 1.4000000000000001e-08 0.2041703
3012070026 2.791e-08 0.1887197
825415804 2.791e-08 0.1693635
3519923770 2.791e-08 0.1662754
265770918 2.791e-08 0.1647461
251961497 2.791e-08 0.1632265
3462747 4.256497e-08 0.1587353324223182
2545005546 2.791e-08 0.1543144
1415695418 2.791e-08 0.1402355
266059373 2.791e-08 0.1348716
126484229 2.791e-08 0.1208945
1211996162 1.625813e-08 0.18362931818382555
1471982444 2.122885e-08 0.28756758075196026
3149440925 1.74325e-08 0.28086136666666667
528880979 1.46257e-08 0.2677864195252963
2674988631 1.453458e-08 0.2481928384615385
3434666020 1.577181e-08 0.3034383679128643
3167902617 1.574739e-08 0.1884054564408816
2014426858 1.439302e-08 0.18672998477666447
2716949832 1.439302e-08 0.18672998477666447
552634658 1.439302e-08 0.18672998477666447
2622395779 1.439302e-08 0.18672998477666447
3607413901 1.452771e-08 0.18895957035953523
2185291493 1.4e-08 0.29062237065132407
1649557018 1.413469e-08 0.42721385713636206
3459912306 1.415151e-08 0.16321344430701135
3190311976 1.4e-08 0.21475133532566207
2747938267 2.986758e-08 0.2490060871419208
1517815290 1.426785e-08 0.23677613337157058
2454553876 1.579264e-08 0.32089058235908013
3339828518 1.4e-08 0.2481928384615385
1449522982 1.4e-08 0.42721385713636206
1657444763 1.4e-08 0.42721385713636206
2135013218 1.512183e-08 0.35745866703533197
3217169414 1.4e-08 0.42721385713636206
3030801476 1.4e-08 0.3065829666666666
2208266878 1.4e-08 0.3536809835428221
3715668764 1.737273e-08 0.2037565855930085
3418547556 1.4e-08 0.34438379220298576
