179097684 4.937466e-07 0.6417763985022715
3534547045 8.061142600000001e-07 0.5701504335967597
3373526895 1.38371945e-06 0.5068698487479656
3150846686 1.041102e-06 0.46030276733505304
1572835533 4.24011099e-06 0.3593628645517212
2799798816 1.48685674e-06 0.23295730356488495
2250879299 3.962001e-08 0.23478703133206552
769686034 5.333092000000001e-08 0.2156403
921425487 1.4e-08 0.1457517
385785803 2.369999e-08 0.1361984
2190522392 2.791e-08 0.1296587
1134132465 2.791e-08 0.101455
1035956119 1.506164e-08 0.5120375266020003
937177227 1.436787e-08 0.4352410395866404
313359544 1.466659e-08 0.291798405422414
472358284 1.436673e-08 0.345036651499212
1199222225 1.407932e-08 0.30087259451805315
3802520055 2.009337e-08 0.30451401345705903
2013640095 2.270043e-08 0.44967803817228696
2027098952 2.1374660000000002e-08 0.20906433545576816
2707460946 1.757224e-08 0.18236690120912505
2606325002 1.43938e-08 0.18236690120912505
2024675612 1.43938e-08 0.18236690120912505
3314075649 1.43938e-08 0.18236690120912505
3458484829 1.43938e-08 0.18236690120912505
2719204682 1.43938e-08 0.18236690120912505
463844675 1.43938e-08 0.18236690120912505
3167902617 1.43938e-08 0.18236690120912505
3468130899 1.43938e-08 0.18236690120912505
2475979558 1.459172e-08 0.3793510382762043
2564127097 1.4e-08 0.1615573530816808
3554620561 1.472778e-08 0.1615573530816808
3967778277 1.472778e-08 0.1615573530816808
1759850032 1.472778e-08 0.1615573530816808
346987663 1.472778e-08 0.1615573530816808
1598213090 1.4e-08 0.24572444474021748
826924968 1.776133e-08 0.2842913436210649
3190311976 1.4e-08 0.20354406209893247
3177521820 1.608305e-08 0.22916879992573022
764400056 1.448414e-08 0.18223710858230474
2766526296 1.4e-08 0.2533337523251352
1923515514 1.675465e-08 0.24814466214078088
3339828518 1.4e-08 0.19261022500000005
105819081 1.4e-08 0.35347235248007147
533433650 1.4e-08 0.34503654846268883
