179097684 8.2318908e-07 0.5787253288037509
3534547045 2.32908284e-06 0.5002812568411951
545239233 2.1353453100000004e-06 0.4201144520107795
1222799196 3.21975445e-06 0.3289056107263373
3737780296 1.349516e-06 0.19240426744732617
1403705120 3.3492e-07 0.115641275
3498415124 1.400001e-08 0.4175037
3953846011 2.791e-08 0.2918418
1651612823 2.791e-08 0.2413488
3279231079 1.4e-08 0.2699152
2956861855 1.4e-08 0.1587266
253808213 2.791e-08 0.1471547
754869367 2.791e-08 0.1388803
217284033 1.646287e-08 0.3558591
2250775120 1.523127e-08 0.48373458572558686
3016084464 1.453458e-08 0.34470106153846164
4075596975 1.453458e-08 0.34470106153846164
220564665 1.741e-08 0.4722340915496886
2027098952 1.4e-08 0.4849250029917311
1543523724 2.091e-08 0.32321339079387856
72955594 1.402474e-08 0.2385157352876378
1314810707 1.4e-08 0.32275963748701403
4138371369 1.402397e-08 0.25045060171124733
241690685 1.40672e-08 0.28747693549633174
1871304206 1.427021e-08 0.21266066624532515
3408999490 1.494491e-08 0.37228075395974713
3085765731 1.444316e-08 0.47370619223896016
571790981 1.422158e-08 0.47370619223896016
1852572783 1.4e-08 0.28949019090909095
