3534547045 1.94332774e-06 0.5150610818306371
2235064901 2.29946574e-06 0.48753244655587763
2340740170 3.061793e-06 0.34054692830974503
1465560917 1.8243929000000001e-06 0.32123291661436437
3953846011 2.791e-08 0.2918418
1651612823 2.791e-08 0.2413488
1239791232 4.1909999999999996e-08 0.21507492703412076
3037779432 2.791e-08 0.1870524
2261252686 1.3999989999999996e-08 0.1837474
769686034 2.791e-08 0.1602168
3824069879 2.791e-08 0.1557754
916523109 2.791e-08 0.1309479
90391199 2.791e-08 0.1233524
1768543625 2.791e-08 0.1003905
2063946235 1.729087e-08 0.17195660000000001
3149440925 1.42009e-08 0.24557941086220716
3592986772 1.698154e-08 0.26899887255926136
3697249003 3.4413839999999995e-08 0.33497740770123613
4240624600 1.4e-08 0.24557941086220716
1950077488 1.747032e-08 0.2486405720627094
3006103420 1.4e-08 0.26632829460149327
2670951229 1.399999e-08 0.45617922234895886
58759274 1.604317e-08 0.22309057915897193
2135013218 1.604317e-08 0.22309057915897193
470332523 1.4e-08 0.2801273134782331
