179097684 6.7087647e-07 0.6101160791265614
3373526895 1.81970415e-06 0.5286102982079559
3150846686 2.3101002e-06 0.4277647767686017
2340740170 1.56804596e-06 0.3428374332399867
1075699702 4.6958862e-06 0.26695554432820656
3736601249 2.791e-08 0.2260107
251961497 1.3999999999999998e-08 0.1632265
921425487 2.147549e-08 0.14679672054656415
3015378843 2.791e-08 0.1221188
865537991 2.791e-08 0.1080236
438292632 1.545765e-08 0.20983845073507293
2177968201 1.495727e-08 0.1597726696648281
3783228500 1.400916e-08 0.2974700437500001
220564665 1.415349e-08 0.20253039088152533
766581564 1.429791e-08 0.41271730189518674
2606325002 1.453188e-08 0.2411211295244332
1314810707 1.429181e-08 0.25620778483272294
1499007652 1.4e-08 0.2974700437500001
3467386575 1.660873e-08 0.26679154779105124
1703904600 1.414436e-08 0.18307000043097904
1840937626 1.41352e-08 0.18299586604329426
213831427 1.4e-08 0.2569069812802009
846691466 2.82704e-08 0.21959795208794497
3962269793 2.085417e-08 0.2415764903156667
977281884 3.4032429999999995e-08 0.30708126069871955
3578947201 1.461195e-08 0.2717680204390666
571790981 1.461195e-08 0.2717680204390666
2606270759 1.469815e-08 0.5069333424577019
2800683865 1.40226e-08 0.1731905559844527
480183180 1.40226e-08 0.1731905559844527
