179097684 7.048699099999999e-07 0.5798732190515772
3534547045 9.032971799999999e-07 0.5462191684059903
3921011129 1.892998e-06 0.4672593789196636
2246051850 2.5616537699999998e-06 0.40681002744709394
3004792470 3.4873686e-06 0.2871539662937175
426576124 3.4953952e-07 0.16904915028160475
825415804 2.791e-08 0.1693635
251961497 2.791e-08 0.1632265
3824069879 2.791e-08 0.1557754
43001897 2.791e-08 0.1322464
3059103076 1.435702e-08 0.4607595583333334
766581564 1.461952e-08 0.2898465336645796
3702894340 1.461952e-08 0.2898465336645796
2674988631 1.4884280000000001e-08 0.28940900489550786
3633199892 2.102375e-08 0.3776357
2013640095 2.013729e-08 0.25803018081134377
3302973195 1.45132e-08 0.3357508091740063
3433591204 1.45132e-08 0.3357508091740063
4256642775 1.45132e-08 0.3357508091740063
2449448537 1.459904e-08 0.335142497464488
3607413901 1.456033e-08 0.307362183975232
79461789 1.4e-08 0.4607595583333334
552498239 1.4e-08 0.26524953749099156
2789301560 1.428292e-08 0.15353821270227078
3459912306 1.428292e-08 0.15353821270227078
841878026 1.900153e-08 0.3055600776578731
3681452412 1.439099e-08 0.14084224949915908
1905833305 1.4e-08 0.36094408673548367
1629863604 1.4e-08 0.3357508091740063
3378187523 1.4e-08 0.48150778228698327
