179097684 6.881756e-07 0.47048673057400797
3534547045 1.508482e-06 0.42530216672596116
3921011129 2.12168344e-06 0.40345754483478957
2340740170 2.4989098700000003e-06 0.36404514267593885
2246051850 8.157706300000001e-07 0.3779240045587497
3737780296 3.3605125e-07 0.24798299201329096
426576124 3.2132345e-07 0.20833121135457414
1425083048 2.791e-08 0.421016
810769555 2.791e-08 0.3307478
1019134040 1.4e-08 0.3086508
4046076794 2.7969100000000003e-08 0.3056529269240946
732124878 1.4e-08 0.289372
3736601249 1.830203e-08 0.28046866546367044
2620740164 2.791e-08 0.2641855
3012070026 2.791e-08 0.2305469
888311950 4.263778e-08 0.19648991090913956
2326007700 2.791e-08 0.2101853
728028737 1.4000000000000003e-08 0.1988049
1866926464 2.791e-08 0.1872311
300193622 2.791e-08 0.1754638
828787466 2.791e-08 0.1327549
3392858646 2.791e-08 0.1201171
1634407402 5.01687e-08 0.32296751774060745
1726701215 1.419861e-08 0.3229675177406075
432337108 1.40591e-08 0.38193408515556604
4253718737 1.4e-08 0.3228147207703076
2878871175 1.424781e-08 0.29211049820452156
607396504 1.50433e-08 0.31341868574438486
1820499179 1.4e-08 0.38193408515556604
1371202285 1.4e-08 0.21539404545454555
754560055 1.46505e-08 0.21539404545454555
3434666020 1.46505e-08 0.21539404545454555
2369258877 1.46505e-08 0.21539404545454555
2707460946 1.46505e-08 0.21539404545454555
2024675612 1.46505e-08 0.21539404545454555
1292023300 1.46505e-08 0.21539404545454555
3314075649 1.46505e-08 0.21539404545454555
3433591204 1.46505e-08 0.21539404545454555
1848242772 1.46505e-08 0.21539404545454555
463844675 1.405431e-08 0.33407607069354406
393090083 1.454063e-08 0.29834849341773556
3736523900 1.454063e-08 0.29834849341773556
3607413901 1.454063e-08 0.29834849341773556
3833074883 2.760387e-08 0.36205718721295377
552498239 1.493893e-08 0.21665045890913914
114837353 2.036438e-08 0.41009657502557534
2564127097 1.472778e-08 0.1388739091406507
3554620561 1.472778e-08 0.1388739091406507
2789301560 1.472778e-08 0.1388739091406507
3201932102 1.472778e-08 0.1388739091406507
3527214469 1.472778e-08 0.1388739091406507
224410298 1.472778e-08 0.1388739091406507
3967778277 1.472778e-08 0.1388739091406507
1922039940 1.472778e-08 0.1388739091406507
1314810707 1.751566e-08 0.36707211095476844
2472898255 1.426428e-08 0.3501999972060802
1495382923 1.4e-08 0.3229675177406075
764400056 1.431345e-08 0.33012834454607043
2454553876 1.431345e-08 0.33012834454607043
1342185090 1.431345e-08 0.33012834454607043
149784911 1.431345e-08 0.33012834454607043
1965662198 1.431345e-08 0.33012834454607043
1657444763 1.431345e-08 0.33012834454607043
58759274 1.431345e-08 0.33012834454607043
2391696826 1.4e-08 0.32296751774060745
3590332688 1.4e-08 0.33012834454607043
3797386594 1.4e-08 0.3632339272727273
1280619132 1.407638e-08 0.3632339272727273
4105879141 1.4e-08 0.3525472
3088551619 1.4e-08 0.33012834454607043
3443287411 1.476213e-08 0.2098359307239784
3981989558 1.476213e-08 0.2098359307239784
3467386575 1.423656e-08 0.34268851370321673
4267941538 1.4e-08 0.2777688
