179097684 6.988500999999999e-07 0.4550886579483182
3373526895 1.366708e-06 0.43987498997137675
2235064901 1.4114682799999999e-06 0.4060774329496594
3150846686 4.40617969e-06 0.33064371105472984
4031050948 1.8804126e-06 0.26228485565600584
129185354 2.796194e-08 0.2573523910613486
3736894086 2.791e-08 0.2537724
199935986 2.791e-08 0.2176647
2027098952 1.487161e-08 0.3718335568904278
309459595 1.7883000000000002e-08 0.31989374076698707
2704180049 1.450602e-08 0.37155004412367815
515125813 1.44505e-08 0.20046689245881194
2454553876 1.47161e-08 0.20319458669714013
3339828518 1.44505e-08 0.20046689245881194
110318614 1.4e-08 0.20046689245881194
2056593038 1.4e-08 0.304365781940022
3962269793 1.404118e-08 0.31788072338379547
253060996 1.545501e-08 0.261343318581055
486617589 1.4e-08 0.37155004412367815
3132125139 1.42656e-08 0.351600255337808
2937776487 1.42656e-08 0.351600255337808
1972280475 1.4e-08 0.2678084532888602
3790847783 1.422736e-08 0.29070026161052187
1780437574 1.4e-08 0.23717703901632786
1568097097 1.403464e-08 0.2302245571020337
987951561 1.421464e-08 0.32278354480781124
2076479023 1.41627e-08 0.3228510897394523
4033914667 1.4408337e-06 0.31396679353251566
158383826 1.423138e-08 0.32182346235231657
4173667888 1.4e-08 0.30847050777460866
1170376605 1.4e-08 0.304365781940022
937108946 1.508853e-08 0.2922270963989338
2666331198 1.4e-08 0.304365781940022
3029967998 1.4e-08 0.2893722066942857
2974776181 1.4e-08 0.2973416387894849
3365535355 1.4e-08 0.304365781940022
2796062071 1.4e-08 0.304365781940022
