179097684 1.06994e-06 0.43886631378768953
3373526895 3.362108e-06 0.39390131760615527
3921011129 1.029202e-06 0.39162492174280866
1465560917 1.53084393e-06 0.35108308678058275
426576124 8.8721803e-07 0.24586250890690922
636961411 1.4000000000000001e-08 0.4141819
2932274237 4.141207e-08 0.40063670847965055
717226258 2.719206e-08 0.3860756588583829
1434498202 1.4000000000000001e-08 0.3454151
2870158420 2.6114309999999998e-08 0.3102224
315200650 2.791e-08 0.2624634
3176785673 2.791e-08 0.2341792
1434594601 1.4658859999999997e-08 0.2323657
2261252686 2.791e-08 0.2250582
4226750145 2.791e-08 0.2213722
199935986 2.791e-08 0.2176647
3268335666 1.4000000000000003e-08 0.2120632
2326007700 1.399999e-08 0.2101853
825415804 2.791e-08 0.208302
1134132465 2.791e-08 0.1029658
15308464 1.492709e-08 0.4132814549247583
3321237907 1.541202e-08 0.41040816201250174
3330100144 1.5080590000000003e-08 0.4128049251448529
3642829293 1.4e-08 0.4033855333768101
451270221 1.424046e-08 0.3052780980913194
2177968201 1.424046e-08 0.3052780980913194
1382686479 1.424046e-08 0.3052780980913194
4069401935 1.656671e-08 0.34825487499999996
2945849429 1.548272e-08 0.3017879584266847
3113062634 1.41535e-08 0.3664648410254461
1565786989 1.41535e-08 0.3664648410254461
3121292019 1.41535e-08 0.3664648410254461
3297362622 1.41535e-08 0.3664648410254461
3604532305 1.41535e-08 0.3664648410254461
1820499179 1.41535e-08 0.3664648410254461
1072840122 2.120309e-08 0.388848396464306
1826422368 1.741e-08 0.3130900128087306
250719570 1.8670420000000003e-08 0.36077665736318126
2066612683 1.573044e-08 0.3182949550467412
1002680420 1.410234e-08 0.3926037135314722
3467386575 2.593194e-08 0.34014393319798714
2744143284 1.594919e-08 0.36013260791987883
399492375 1.4e-08 0.2575727144584003
2748669076 1.407523e-08 0.35909078479518663
933412597 1.506244e-08 0.23388261795915372
2231250662 1.482198e-08 0.23272435454545456
3085765731 1.482198e-08 0.23272435454545456
102828162 1.482198e-08 0.23272435454545456
4175762635 1.556309e-08 0.26858759050115966
2316491956 5.708666e-07 0.35507987204749497
3229926557 1.412193e-08 0.35995771416123173
480183180 2.689884e-08 0.36472937734239536
3892593010 1.412193e-08 0.35995771416123173
2922107309 1.412193e-08 0.35995771416123173
34775558 1.4e-08 0.3926037135314722
1235889872 1.454667e-08 0.3409118991686104
36858200 1.90235e-08 0.42249563885709895
340569875 1.4e-08 0.3342728083333334
4292574364 1.898671e-08 0.38569662054100406
3269561540 4.57215e-08 0.3733543915367244
2126166399 1.4e-08 0.356762
363773044 1.411798e-08 0.3424599471924901
312808672 1.4e-08 0.3926037135314722
1563060474 1.6216849999999997e-08 0.4223597645967839
3790847783 1.424864e-08 0.3577318590808521
2747516691 1.424864e-08 0.3577318590808521
1780437574 1.4e-08 0.35995771416123173
1441326850 1.682905e-08 0.3093623011007665
1869505131 1.682905e-08 0.3093623011007665
792228939 1.4e-08 0.3918098365638512
3805166987 1.4e-08 0.3342728083333334
3654632673 1.666401e-08 0.37876901466776947
717671056 1.4e-08 0.38569662054100406
3858463531 1.4e-08 0.39260338707096676
1421662397 1.4e-08 0.4133403211594933
2661924784 1.4e-08 0.4134242
1367690675 1.4e-08 0.3052780980913194
3216152648 1.4e-08 0.3137456035366127
