179097684 6.685202299999999e-07 0.45561023332582706
3921011129 2.8289980000000003e-06 0.4081811098081028
2235064901 4.04706375e-06 0.3657133752515032
3004792470 5.1131788e-07 0.26899161927284315
426576124 2.791e-07 0.1986015
873214132 2.1508090000000002e-08 0.35443844217069864
1986278615 1.9311060000000003e-08 0.3322386
1503861029 2.791e-08 0.2974989
4061687915 2.791e-08 0.2942643
3988949870 2.791e-08 0.2877306
1651612823 2.791e-08 0.2811109
1347872676 2.791e-08 0.2555213
3833318790 2.791e-08 0.2232179
825415804 2.791e-08 0.208302
300193622 2.791e-08 0.1754638
266059373 2.1137880000000002e-08 0.17374275076986484
43001897 1.4e-08 0.1574502
3709881891 2.791e-08 0.1493044
2768642543 2.791e-08 0.1137257
302486611 1.402224e-08 0.2534958983012737
1078741991 1.402224e-08 0.2534958983012737
438292632 1.402224e-08 0.2534958983012737
3147695692 1.402224e-08 0.2534958983012737
740082705 1.402224e-08 0.2534958983012737
3288380490 1.668593e-08 0.3664690917515833
2945849429 1.43005e-08 0.3018645886820439
965372172 1.915567e-08 0.3924881593909512
528880979 1.6227159999999995e-08 0.3569304701865018
2521380987 1.469414e-08 0.24379442198015056
3929228125 1.446479e-08 0.24169709943800985
3702894340 1.446479e-08 0.24169709943800985
4285585893 1.446479e-08 0.24169709943800985
406745133 1.446479e-08 0.24169709943800985
2883513480 1.446479e-08 0.24169709943800985
2707460946 1.439108e-08 0.37891709244668426
627452446 1.453458e-08 0.21904808461538464
1462644303 1.501833e-08 0.41001072913188247
4088625113 1.4e-08 0.3670035533140725
287394855 1.991813e-08 0.24658467584887614
2670951229 2.137479e-08 0.2464783965993487
3211480542 2.133005e-08 0.4010773560345212
1922039940 1.4e-08 0.21904808461538464
1495382923 1.4e-08 0.3469577434510477
2766526296 1.4e-08 0.3954755478257972
470332523 1.418739e-08 0.2889799121435983
3270476896 1.494588e-08 0.3377176647938778
1987038079 1.414624e-08 0.376247633916359
2039170765 1.414624e-08 0.376247633916359
2810179169 1.429248e-08 0.376247633916359
101557930 1.562176e-08 0.337407567028521
2222966094 1.542799e-08 0.457055266550258
3284371529 2.140533e-08 0.3559456190343577
871205577 1.4e-08 0.376247633916359
110318614 1.493005e-08 0.33533120729684085
3076001680 1.619559e-08 0.3463967357836369
1797275806 1.4e-08 0.223911375546432
3730019172 1.4e-08 0.376247633916359
2714424842 1.4e-08 0.376247633916359
220748477 1.4e-08 0.34079957145647627
2574253871 1.4e-08 0.24169709943800985
3866772787 1.4e-08 0.36501639999999996
3085765731 1.4e-08 0.37894449757131005
1403954297 1.4e-08 0.3045084
102828162 1.4e-08 0.37894449757131005
3962269793 1.922104e-08 0.3715669898488106
4106915849 1.4e-08 0.2889799121435983
977281884 1.4e-08 0.3758518579780155
2025893757 1.4e-08 0.37894449757131005
1090143039 1.4e-08 0.3760696787245668
253060996 1.4e-08 0.36581668761651964
571790981 1.4e-08 0.4541884823529413
517786421 1.446147e-08 0.39593936997647206
2256454524 1.4e-08 0.376247633916359
2606270759 1.564654e-08 0.24026080188723628
4081327903 1.564654e-08 0.24026080188723628
3325553423 1.4e-08 0.3801558842001023
4124564224 1.4e-08 0.3018645886820439
1852572783 1.4e-08 0.37771222980563535
3229926557 1.4e-08 0.39589477826296593
2972065009 1.4e-08 0.37820175905823067
4052933330 1.4e-08 0.24026080188723628
3239027265 1.760379e-08 0.36286571016957336
3357191835 1.4e-08 0.37624747556137816
2437059955 1.4e-08 0.37894449757131005
445707895 1.545666e-08 0.24201074031609385
480183180 1.438971e-08 0.3833180062869874
3892593010 1.438971e-08 0.3833180062869874
776375684 1.4e-08 0.3062059663959935
1678023283 1.4e-08 0.2921996090751047
