179097684 6.2866793e-07 0.44553761658967717
3534547045 5.21435659e-06 0.3695294395884243
2246051850 3.5768568e-06 0.35843628842227415
949068759 2.791e-08 0.3650466
1037584679 2.791e-08 0.3553625
739080713 2.791e-08 0.2659022
315200650 2.791e-08 0.2624634
1239791232 2.791e-08 0.2413792
911013108 1.4000000000000001e-08 0.2195212
199935986 1.400001e-08 0.2176647
2326007700 2.791e-08 0.2101853
825415804 2.791e-08 0.208302
265770918 7.018217e-08 0.2145398996804113
3475245566 2.605221e-08 0.1833301
828787466 9.1975e-08 0.19659083081815712
3708838243 2.791e-08 0.1285638
1507417240 2.791e-08 0.1072859
4274934102 2.791e-08 0.09644541
188552836 1.421444e-08 0.3487769
976558236 1.40167e-08 0.30319262217183823
1950077488 1.429534e-08 0.32010506045060666
3111692719 1.4374020000000002e-08 0.3197946902658817
2961226102 2.091e-08 0.3239381
1896745001 1.955513e-08 0.34866654777823314
1737134642 1.481458e-08 0.17113569089954267
2719204682 1.433716e-08 0.31853364571085224
2716949832 1.58786e-08 0.3242635184494239
552634658 1.587512e-08 0.3247306938727854
2649056468 1.942043e-08 0.3113303607326436
3381587904 1.942043e-08 0.3113303607326436
72955594 1.467269e-08 0.19137674136231744
2780384598 1.467269e-08 0.19137674136231744
1577969976 1.467269e-08 0.19137674136231744
229435916 1.467269e-08 0.19137674136231744
19131048 1.467269e-08 0.19137674136231744
2426951832 1.467269e-08 0.19137674136231744
1922039940 1.4e-08 0.30319262217183823
3715668764 1.481924e-08 0.44003638349646595
4138371369 1.4e-08 0.30319262217183823
3590332688 1.4e-08 0.25943719202752064
3797386594 1.461587e-08 0.25943719202752064
3443287411 1.461587e-08 0.25943719202752064
1165174376 1.461587e-08 0.25943719202752064
4267941538 1.461587e-08 0.25943719202752064
3372193553 1.461587e-08 0.25943719202752064
3681452412 1.461587e-08 0.25943719202752064
570164134 1.586621e-08 0.2682237369147701
2418772576 1.461587e-08 0.25943719202752064
1301910447 1.401861e-08 0.27955218277028016
2919535035 1.401861e-08 0.27955218277028016
2217687738 1.418527e-08 0.32050624929355587
3408999490 1.650292e-08 0.4917754447843452
1403954297 1.407868e-08 0.26340364658889015
517786421 1.407868e-08 0.26340364658889015
248584559 1.422864e-08 0.31573293061587404
3152769946 1.4457280000000002e-08 0.31573293061587404
1776728451 2.841391e-08 0.31714401286682464
1897972748 1.3999989999999996e-08 0.3425762008730806
1367591863 1.4e-08 0.32050624929355587
2661924784 1.421496e-08 0.34127890097007585
3353888196 3.075732e-08 0.24752100767091006
2711363118 1.593713e-08 0.31885382334434437
1414813075 1.4e-08 0.34127890097007585
36058418 1.627623e-08 0.27992367642091903
1595418714 1.4e-08 0.26340364658889015
