179097684 6.7087647e-07 0.460939795238365
3373526895 1.81970415e-06 0.43594596795105656
3150846686 2.3101002e-06 0.3877885860911649
2340740170 1.56804596e-06 0.3419115245724217
1075699702 4.6958862e-06 0.2909227680920593
3736601249 2.791e-08 0.2676136
251961497 1.3999999999999998e-08 0.2007151
921425487 2.147549e-08 0.1784016834651042
3015378843 2.791e-08 0.1410726
865537991 2.791e-08 0.1158615
438292632 1.545765e-08 0.2510741330189259
2177968201 1.495727e-08 0.19615047805596297
3783228500 1.400916e-08 0.32360569375
220564665 1.415349e-08 0.24332596853584368
766581564 1.429791e-08 0.39130748830599515
2606325002 1.453188e-08 0.27951642600208165
1314810707 1.429181e-08 0.2716418352408857
1499007652 1.4e-08 0.32360569375
3467386575 1.660873e-08 0.2851002004250049
1703904600 1.414436e-08 0.22083817673404094
1840937626 1.41352e-08 0.22077158054467916
213831427 1.4e-08 0.2721276618925295
846691466 2.82704e-08 0.24620401655088725
3962269793 2.085417e-08 0.28066720585075405
977281884 3.4032429999999995e-08 0.3193472217867861
3578947201 1.461195e-08 0.3001337368452325
571790981 1.461195e-08 0.3001337368452325
2606270759 1.469815e-08 0.42904265855936163
2800683865 1.40226e-08 0.2108238659847371
480183180 1.40226e-08 0.2108238659847371
