179097684 6.819986e-07 0.455745005002355
2235064901 3.75741571e-06 0.40597034664140025
2246051850 2.56295605e-06 0.3632191180410751
1075699702 2.8802715e-06 0.2875189063758327
4031050948 3.9073999999999996e-07 0.21083117142857147
1403705120 2.791e-07 0.1178907
1593891639 2.791e-08 0.3595451
3197676583 1.399999e-08 0.2958843
4188445920 2.791e-08 0.2377899
1434594601 2.630732e-08 0.2323657
3012070026 2.791e-08 0.2305469
911013108 2.791e-08 0.2195212
2545005546 1.4e-08 0.1891735
2729381062 1.4e-08 0.1115845
1104410542 1.415154e-08 0.36455857956853505
1471982444 1.432679e-08 0.3484916588017783
356405251 1.432679e-08 0.3484916588017783
2842015324 1.432679e-08 0.3484916588017783
378125977 1.58729e-08 0.3586660126108844
3815024321 1.4e-08 0.35117155362433383
2848685905 1.4e-08 0.1637273538435331
3006103420 1.449e-08 0.1637273538435331
1199222225 1.449e-08 0.1637273538435331
2378434411 1.51632e-08 0.24883675486166795
1543523724 1.51632e-08 0.24883675486166795
2789348510 1.550389e-08 0.29811739984090596
1371202285 1.550389e-08 0.29811739984090596
629078091 1.550389e-08 0.29811739984090596
2369258877 1.580268e-08 0.18188777037644227
2707460946 1.535217e-08 0.34556103075505373
3607413901 1.412971e-08 0.40113953571278066
649593533 1.4187870000000001e-08 0.4011395357127807
550176535 1.412971e-08 0.40113953571278066
2348040613 1.412971e-08 0.40113953571278066
1061526795 1.412971e-08 0.40113953571278066
3554620561 1.412971e-08 0.40113953571278066
2789301560 1.412971e-08 0.40113953571278066
287394855 1.4e-08 0.40113953571278066
3211480542 1.425942e-08 0.40113953571278066
722767024 2.825942e-08 0.40113953571278066
1298902656 1.425942e-08 0.40113953571278066
826924968 1.4e-08 0.2992883918478463
