3534547045 1.70413463e-06 0.44036422919684454
3373526895 3.43315087e-06 0.3871686011219087
2799798816 2.9093520000000004e-06 0.34355295777885936
618276123 2.931e-07 0.10757072286112239
197654791 1.4e-08 0.3744675
3988949870 2.791e-08 0.2877306
315200650 2.791e-08 0.2624634
3736894086 2.295127e-08 0.2537724
3490627259 2.791e-08 0.2467228
911013108 2.791e-08 0.2195212
3475245566 3.598829e-08 0.24568329583734722
3869596591 1.4e-08 0.2572649
879162223 1.438751e-08 0.33130833823714667
3528332227 2.820263e-08 0.3649561425986076
3149440925 1.420263e-08 0.33085656125678375
134948105 1.420263e-08 0.33085656125678375
174500547 1.75631e-08 0.3805950988256886
3678948817 1.907266e-08 0.4151864909077771
3952655669 1.418488e-08 0.36601420850224725
1736323711 1.4680690000000001e-08 0.3652974083188931
781549661 1.4e-08 0.33447399244628756
2597880038 1.405558e-08 0.38221468371643524
4285226245 1.427777e-08 0.3607543775188384
2707460946 1.432938e-08 0.3601323985164099
2719204682 1.44804e-08 0.36033600547737676
1055469694 1.44075e-08 0.36060004638679927
2716949832 1.427777e-08 0.3607543775188384
1061526795 1.4e-08 0.39130654619858196
695939830 1.4e-08 0.41309976000000004
73116178 1.412973e-08 0.3436147353015175
2766526296 1.4e-08 0.3497105
110439229 1.433431e-08 0.32477807462838937
1449522982 1.425753e-08 0.32434122191064996
360107933 1.418121e-08 0.323977556992035
470332523 1.4275090000000001e-08 0.32406050904605377
3217169414 1.418121e-08 0.323977556992035
3418547556 1.4588700000000001e-08 0.32485238893810386
4263904522 1.41531e-08 0.3989277069591884
762210064 1.41531e-08 0.3989277069591884
964813250 1.416939e-08 0.3988267765220173
3971437066 1.41531e-08 0.3989277069591884
2855048822 1.471371e-08 0.3977193670841634
2197427154 1.837396e-08 0.31649889085915256
4185666246 1.4e-08 0.3436147353015175
1924091726 1.4781e-08 0.3446735980396807
3822766993 1.4e-08 0.31113625655115107
3730019172 1.4e-08 0.33447399244628756
1501621654 1.4e-08 0.36601445379246883
3673394291 1.58131e-08 0.37857127764704274
3320450569 1.913994e-08 0.30578897238147124
4148810631 1.4e-08 0.3241555698368998
1140472632 1.4e-08 0.3919058567922426
933412597 2.811668e-08 0.3452472228967032
3962269793 1.40228e-08 0.3539473445506749
604674024 1.4e-08 0.3421050693593856
921835634 1.4e-08 0.3436147353015175
4081327903 1.4e-08 0.3989277069591884
2118254765 1.414142e-08 0.37686350252561157
3580551846 1.414142e-08 0.37686350252561157
3416864524 1.55585e-08 0.37060590243286967
2130045942 1.4e-08 0.3436147353015175
14462253 1.4e-08 0.35476256703257086
1937837823 1.4e-08 0.3436147353015175
2252599940 1.715942e-08 0.38619361767050797
2922107309 1.715942e-08 0.38619361767050797
