179097684 5.7128282e-07 0.46623826956276715
3921011129 2.57670593e-06 0.43652094781785233
2246051850 3.03172993e-06 0.374216176373813
2799798816 3.9259840000000003e-07 0.3059634415962668
2519559028 6.5912785e-07 0.25862716686457493
3071234124 2.791e-08 0.3974838
869234806 1.4e-08 0.3410713
810769555 2.791e-08 0.3307478
790319072 2.791e-08 0.3292515
1458665800 2.791e-08 0.3232127
3176785673 2.791e-08 0.2341792
251961497 2.791e-08 0.2007151
3481866093 2.791e-08 0.1264602
865537991 2.791e-08 0.1158615
2029773149 1.46505e-08 0.35062599541317596
740082705 1.46505e-08 0.35062599541317596
2795063678 1.46505e-08 0.35062599541317596
1412415798 1.457038e-08 0.33498913636363636
3913511150 1.457038e-08 0.33498913636363636
690117576 1.457038e-08 0.33498913636363636
3293059020 1.4891670000000001e-08 0.2625324932524053
2159618959 1.461142e-08 0.2609320967644327
921818415 1.449e-08 0.32199146394252504
4212779140 1.4441939999999999e-08 0.32199146394252504
2521380987 2.006967e-08 0.2952895563370221
3294683754 1.613317e-08 0.265353455561826
2674988631 2.423182e-08 0.29283678383628864
2883513480 1.44061e-08 0.2926289550342712
783121895 1.44061e-08 0.2926289550342712
3059144981 1.449307e-08 0.2929764362871253
3952655669 1.4533030000000001e-08 0.29357100177205286
2848685905 1.44061e-08 0.2926289550342712
1867247157 1.44061e-08 0.2926289550342712
3633199892 1.44061e-08 0.2926289550342712
283080478 1.44061e-08 0.2926289550342712
1199222225 1.449308e-08 0.2929764362871253
3755198008 1.44061e-08 0.2926289550342712
1420914473 1.4e-08 0.33498913636363636
3012889883 3.1787179999999997e-08 0.3203377211031371
2027098952 1.408697e-08 0.3505347860254421
2597880038 1.408697e-08 0.3505347860254421
1761715697 1.408697e-08 0.3505347860254421
629078091 1.408697e-08 0.3505347860254421
3563522875 1.408697e-08 0.3505347860254421
249728555 1.408697e-08 0.3505347860254421
4285226245 1.408697e-08 0.3505347860254421
2024675612 1.408697e-08 0.3505347860254421
1292023300 1.408697e-08 0.3505347860254421
875106938 1.400001e-08 0.3505347860254421
3314075649 1.408697e-08 0.3505347860254421
3458484829 2.421175e-08 0.342105819734228
2449448537 1.409513e-08 0.37752772167519444
3167902617 1.741e-08 0.3179072052986789
579073438 1.4e-08 0.32199146394252504
3468130899 1.4e-08 0.3832560654680673
2343849308 1.4e-08 0.2926289550342712
3528190190 1.4e-08 0.35053466160735
550176535 1.4e-08 0.3422772708778134
3884987045 1.688447e-08 0.3708908177131602
3180086772 1.4e-08 0.3505347860254421
4088625113 1.4e-08 0.3505347860254421
1237914369 1.619883e-08 0.3808085821833228
1649557018 1.4e-08 0.33498913636363636
79461789 1.4e-08 0.3505347860254421
734120091 1.4e-08 0.33498913636363636
552498239 1.3999989999999996e-08 0.3969754861535867
2950407739 1.412693e-08 0.40048992959965
72955594 1.412693e-08 0.40048992959965
1771264541 1.412693e-08 0.40048992959965
2353028958 1.412693e-08 0.40048992959965
2980075456 1.412693e-08 0.40048992959965
1194638860 1.412693e-08 0.40048992959965
2341758500 1.412693e-08 0.40048992959965
651046398 1.412693e-08 0.40048992959965
229435916 1.412693e-08 0.40048992959965
1850435983 1.412693e-08 0.40048992959965
2426951832 1.412693e-08 0.40048992959965
3089865955 1.412693e-08 0.40048992959965
3201932102 1.412693e-08 0.40048992959965
3527214469 1.412693e-08 0.40048992959965
771359632 1.412693e-08 0.40048992959965
4186562710 1.412693e-08 0.40048992959965
346987663 1.412693e-08 0.40048992959965
1314810707 1.412693e-08 0.40048992959965
1598213090 1.412693e-08 0.40048992959965
1298902656 1.412693e-08 0.40048992959965
3190311976 1.412693e-08 0.40048992959965
1517815290 1.412693e-08 0.40048992959965
66064165 1.412693e-08 0.40048992959965
1923515514 1.412693e-08 0.40048992959965
533433650 2.825386e-08 0.40048992959965
381652938 1.412693e-08 0.40048992959965
149784911 1.412693e-08 0.40048992959965
85224627 1.412693e-08 0.40048992959965
58759274 1.4e-08 0.40048992959965
2135013218 1.4e-08 0.3505347860254421
3934203265 1.4e-08 0.40048992959965
1292024166 1.4e-08 0.3505347860254421
1323984060 1.4e-08 0.3962508
4197927596 1.4e-08 0.2926289550342712
4201342597 1.4e-08 0.40048992959965
2391696826 1.4e-08 0.3505347860254421
1745749016 1.483472e-08 0.4004900652195509
2711965517 1.4882780000000001e-08 0.4002888802371575
1987038079 1.483472e-08 0.4004900652195509
3797386594 1.483472e-08 0.4004900652195509
3443287411 1.532472e-08 0.39798011302298597
1165174376 1.4e-08 0.3521602722129538
4263904522 1.4e-08 0.32199146394252504
4267941538 1.4e-08 0.2926287457653881
3372193553 1.4e-08 0.3505347860254421
3681452412 1.4e-08 0.3257816831129521
3458662533 1.4e-08 0.3505347860254421
762210064 1.4e-08 0.37752772167519444
570164134 1.4e-08 0.4004900652195509
2418772576 1.660633e-08 0.3747801689943434
4278040469 1.4e-08 0.3505347860254421
241690685 1.510185e-08 0.38959328325919207
1703904600 1.510185e-08 0.38959328325919207
3814978291 1.510185e-08 0.38959328325919207
