179097684 4.937466e-07 0.4815384085276258
3534547045 8.061142600000001e-07 0.45541928768082324
3373526895 1.38371945e-06 0.4278892865052393
3150846686 1.041102e-06 0.4091591340715068
1572835533 4.24011099e-06 0.3566250850895008
2799798816 1.48685674e-06 0.26886256123012275
2250879299 3.962001e-08 0.271859506048743
769686034 5.333092000000001e-08 0.2541296
921425487 1.4e-08 0.1774384
385785803 2.369999e-08 0.1635031
2190522392 2.791e-08 0.153388
1134132465 2.791e-08 0.1029658
1035956119 1.506164e-08 0.43572403395990106
937177227 1.436787e-08 0.40229211224557937
313359544 1.466659e-08 0.320079212397204
472358284 1.436673e-08 0.35096393060396414
1199222225 1.407932e-08 0.32473392833342474
3802520055 2.009337e-08 0.3284092246778125
2013640095 2.270043e-08 0.4032329471603857
2027098952 2.1374660000000002e-08 0.24630239404183737
2707460946 1.757224e-08 0.22199455965466133
2606325002 1.43938e-08 0.22199455965466133
2024675612 1.43938e-08 0.22199455965466133
3314075649 1.43938e-08 0.22199455965466133
3458484829 1.43938e-08 0.22199455965466133
2719204682 1.43938e-08 0.22199455965466133
463844675 1.43938e-08 0.22199455965466133
3167902617 1.43938e-08 0.22199455965466133
3468130899 1.43938e-08 0.22199455965466133
2475979558 1.459172e-08 0.3627795600849103
2564127097 1.4e-08 0.19860213480752525
3554620561 1.472778e-08 0.19860213480752525
3967778277 1.472778e-08 0.19860213480752525
1759850032 1.472778e-08 0.19860213480752525
346987663 1.472778e-08 0.19860213480752525
1598213090 1.4e-08 0.2817668194600351
826924968 1.776133e-08 0.3127743851093823
3190311976 1.4e-08 0.2233827022116994
3177521820 1.608305e-08 0.26655776269708753
764400056 1.448414e-08 0.22184865719440547
2766526296 1.4e-08 0.28896109575172263
1923515514 1.675465e-08 0.28413698887710526
3339828518 1.4e-08 0.23471275833333335
105819081 1.4e-08 0.3595453568179286
533433650 1.4e-08 0.35096383194145675
