179097684 6.418314e-07 0.45405764818352023
3534547045 1.261423e-06 0.4183699513155884
2235064901 2.94945536e-06 0.4012869419661197
2799798816 5.194059310000001e-06 0.32150197070892755
2555962951 3.0701e-07 0.1804850181818182
3497999925 2.791e-08 0.3425245
1347872676 2.791e-08 0.2555213
4226750145 2.791e-08 0.2213722
728028737 2.791e-08 0.1988049
1415695418 2.791e-08 0.1695076
2729381062 2.791e-08 0.1115845
3288380490 1.741e-08 0.17763430274124065
1249238030 1.562996e-08 0.1593201
3214077756 1.562996e-08 0.1593201
451270221 1.562996e-08 0.1593201
3160344427 1.422698e-08 0.26920176153846154
3182159117 1.422698e-08 0.26920176153846154
766581564 1.422698e-08 0.26920176153846154
629078091 1.403012e-08 0.36191117944332185
1848242772 1.449e-08 0.18953046276541893
3468130899 2.849e-08 0.26894129187332116
3736523900 1.425124e-08 0.36377437203524005
149784911 2.225682e-08 0.29331655037216103
1965662198 1.743464e-08 0.19069109004638923
2604064924 1.423522e-08 0.4049632923568805
3458662533 1.423522e-08 0.4049632923568805
2105330617 2.823522e-08 0.3893748871404184
2222966094 1.4745959999999999e-08 0.24743469346128993
3827929005 1.4e-08 0.37352457444716947
3607398139 1.3999989999999998e-08 0.3906165335368131
1140472632 1.4e-08 0.18953046276541893
1090143039 1.630471e-08 0.3500125401574863
1678023283 1.4e-08 0.3487319750568343
2118254765 1.4e-08 0.37352457444716947
3580551846 1.4e-08 0.36191117944332185
