3534547045 1.94332774e-06 0.4224886872747388
2235064901 2.29946574e-06 0.41979124161872505
2340740170 3.061793e-06 0.3415170460686778
1465560917 1.8243929000000001e-06 0.33619557754805235
3953846011 2.791e-08 0.3201611
1651612823 2.791e-08 0.2811109
1239791232 4.1909999999999996e-08 0.2563127003579098
3037779432 2.791e-08 0.2287227
2261252686 1.3999989999999996e-08 0.2250582
769686034 2.791e-08 0.1968894
3824069879 2.791e-08 0.1911105
916523109 2.791e-08 0.1554218
90391199 2.791e-08 0.1431386
1768543625 2.791e-08 0.1007977
2063946235 1.729087e-08 0.21070575833333335
3149440925 1.42009e-08 0.2838086238026336
3592986772 1.698154e-08 0.30132349589189195
3697249003 3.4413839999999995e-08 0.33794402270413865
4240624600 1.4e-08 0.2838086238026336
1950077488 1.747032e-08 0.28610762162723397
3006103420 1.4e-08 0.3002760204674635
2670951229 1.399999e-08 0.4082598492197018
58759274 1.604317e-08 0.2614015418947906
2135013218 1.604317e-08 0.2614015418947906
470332523 1.4e-08 0.3117356758414025
