3534547045 1.592425e-06 0.43736964410950063
3373526895 2.02103832e-06 0.3846991677031934
545239233 4.060639000000001e-06 0.3740484401321127
1790255658 2.791e-08 0.3664086
3833318790 2.791e-08 0.2232179
3268335666 2.791e-08 0.2120632
2669757562 1.4e-08 0.1852833
3443220506 2.791e-08 0.1348424
1382686479 1.493117e-08 0.28237014485372686
1803925302 1.461228e-08 0.28327014321432503
283080478 1.741e-08 0.3645340457208501
2681498831 1.408825e-08 0.426539517774291
2655011401 1.650843e-08 0.40351134049156906
855708858 1.40578e-08 0.35321047187543025
551137729 1.402616e-08 0.42420121464484967
937177227 1.402616e-08 0.42420121464484967
690117576 1.4e-08 0.3865838415002699
