179097684 5.7382443e-07 0.4767348149709454
3534547045 8.8682118e-07 0.4473614148064994
3921011129 1.1522688300000002e-06 0.4231885324506861
2340740170 1.992716e-06 0.40395506611820037
1572835533 2.23288273e-06 0.357383302840856
2555962951 1.04667e-06 0.22298298534570682
2718413753 2.38759e-08 0.38874
2937387076 1.4e-08 0.3823331
1593891639 2.791e-08 0.3595451
3357643131 2.791e-08 0.3539575
1503861029 2.791e-08 0.2974989
1651612823 2.791e-08 0.2811109
3382444416 2.791e-08 0.2777688
315200650 2.791e-08 0.2624634
3490627259 2.791e-08 0.2467228
4188445920 2.791e-08 0.2377899
199935986 1.4e-08 0.2176647
126484229 2.791e-08 0.1390013
2768642543 2.791e-08 0.1137257
2729381062 2.791e-08 0.1115845
1452489764 1.528496e-08 0.44876103266269585
690117576 2.0377539999999998e-08 0.3649325914634146
821115011 1.437985e-08 0.35912967206260843
4004407106 1.4e-08 0.3070738
1382686479 1.46505e-08 0.3915550608455199
1803925302 1.46505e-08 0.3915550608455199
4209590891 1.46505e-08 0.3915550608455199
395113485 1.424198e-08 0.4155427200101501
4019363830 1.424198e-08 0.4155427200101501
921818415 1.424198e-08 0.4155427200101501
2286860921 1.424198e-08 0.4155427200101501
3653734512 1.518296e-08 0.3906214220789555
1869365069 2.091e-08 0.30787491463414635
1950077488 1.622723e-08 0.3530078027289969
4119421155 1.423543e-08 0.34627967493845463
1913762779 1.423543e-08 0.34627967493845463
3929228125 1.423543e-08 0.34627967493845463
2883513480 1.423543e-08 0.34627967493845463
301219709 2.074068e-08 0.2476237338982771
37051273 1.428025e-08 0.35453457474194394
3633199892 1.4e-08 0.3155433
1199222225 1.402564e-08 0.32634918694803355
439844059 1.4e-08 0.34627967493845463
3012889883 1.732534e-08 0.22493733687735185
4167430602 1.494762e-08 0.3244125135607208
781549661 1.521614e-08 0.36329733825281096
907719639 1.521614e-08 0.36329733825281096
2789348510 1.432177e-08 0.312435447985067
3563522875 1.432177e-08 0.312435447985067
1292023300 1.835587e-08 0.3292050259611281
3314075649 1.98083e-08 0.37535565112344793
2681498831 1.4e-08 0.3464751956415344
463844675 4.324875e-08 0.4711023727577113
2014426858 1.4e-08 0.312435447985067
3607413901 1.4e-08 0.3081658934851229
1674415855 1.459313e-08 0.40404928905113596
1960974751 1.4e-08 0.2537724
309459595 1.4e-08 0.3023107508082143
3180086772 1.545949e-08 0.3566027088994768
3833074883 1.545949e-08 0.3566027088994768
1462644303 1.4e-08 0.2942640898112142
