179097684 6.6469335e-07 0.46047641749824425
3373526895 2.0874e-06 0.43868881155470063
2246051850 1.89285224e-06 0.397924241802143
1465560917 2.40254824e-06 0.3497331930420608
2519559028 3.0700996e-07 0.23150195454545455
3498415124 2.442015e-08 0.395508493081753
3555679070 4.241835e-08 0.35611847867079827
2408568032 2.791e-08 0.3581562
1156624510 2.791e-08 0.3186271
333964007 1.948061e-08 0.3023105
2250879299 2.791e-08 0.2991081
1878784256 1.4e-08 0.2760897
1664502715 2.791e-08 0.2395872
3176785673 1.7628289999999997e-08 0.23444139324626176
2261252686 2.428462e-08 0.2250582
199935986 2.791e-08 0.2176647
3838279446 4.241835e-08 0.2606301936243502
251961497 2.791e-08 0.2007151
728028737 2.791e-08 0.1988049
921425487 2.791e-08 0.1774384
3245569981 2.791e-08 0.1243512
2729381062 2.791e-08 0.1115845
2707128518 1.450835e-08 0.34686534545454545
2312786130 1.450835e-08 0.34686534545454545
3375523036 1.450835e-08 0.34686534545454545
451270221 1.4e-08 0.31519174999999994
2250775120 2.091e-08 0.31519174999999994
2159618959 1.466094e-08 0.19860150471522023
3401497744 1.466094e-08 0.19860150471522023
432337108 1.466094e-08 0.19860150471522023
4209590891 1.466094e-08 0.19860150471522023
3986570268 1.466094e-08 0.19860150471522023
174500547 1.466094e-08 0.19860150471522023
1370908750 2.091e-08 0.3534825545193687
976558236 2.091e-08 0.3543529074127212
2438291630 2.091e-08 0.3543529074127212
3121292019 1.912697e-08 0.31322771952504763
1950077488 1.828632e-08 0.20384671391814
3111692719 1.6572319999999997e-08 0.4142889729322229
3332562587 1.4e-08 0.444133635294118
3929228125 1.420918e-08 0.3105709750977697
766581564 1.409711e-08 0.3342837323697712
1743198400 1.402176e-08 0.27034777229078044
3952655669 1.402176e-08 0.27034777229078044
896813269 2.804352e-08 0.27034777229078044
1736323711 1.402176e-08 0.27034777229078044
1199222225 1.402176e-08 0.27034777229078044
3492274228 1.402176e-08 0.27034777229078044
1420914473 1.402176e-08 0.27034777229078044
1086559163 1.402176e-08 0.27034777229078044
3063534263 1.402176e-08 0.27034777229078044
4167430602 1.402176e-08 0.27034777229078044
1896745001 1.4e-08 0.27034777229078044
2369258877 1.4e-08 0.27034777229078044
2589646060 1.412929e-08 0.4230718022751057
463844675 1.412929e-08 0.4230718022751057
627452446 2.819153e-08 0.36589838375640715
3202152185 1.412929e-08 0.4230718022751057
2185291493 1.412929e-08 0.4230718022751057
4287239676 1.412929e-08 0.4230718022751057
1237914369 1.425858e-08 0.42307180227510566
1831065885 1.412929e-08 0.4230718022751057
1553963666 1.412929e-08 0.4230718022751057
2649056468 1.412929e-08 0.4230718022751057
552498239 1.425858e-08 0.42307180227510566
114837353 2.825858e-08 0.4230718022751057
1850435983 4.4003140000000005e-08 0.30845231035344295
2426951832 1.406224e-08 0.3084523573379942
3089865955 1.406224e-08 0.3084523573379942
2654473721 1.406224e-08 0.3084523573379942
2704180049 1.406224e-08 0.3084523573379942
771359632 1.406224e-08 0.3084523573379942
4186562710 1.406224e-08 0.3084523573379942
1922039940 1.406224e-08 0.3084523573379942
2472898255 1.406224e-08 0.3084523573379942
3459912306 1.406224e-08 0.3084523573379942
1598213090 1.406224e-08 0.3084523573379942
1298902656 1.406224e-08 0.3084523573379942
3532628785 1.406224e-08 0.3084523573379942
3190311976 2.812448e-08 0.3084523573379942
841878026 1.406224e-08 0.3084523573379942
3177521820 1.406224e-08 0.3084523573379942
3363025910 1.406224e-08 0.3084523573379942
96665495 1.406224e-08 0.3084523573379942
149784911 1.406224e-08 0.3084523573379942
3279439195 1.716753e-08 0.3617125732904038
2208266878 1.4e-08 0.4230718022751057
3715668764 1.791666e-08 0.30845232895503133
3418547556 1.791666e-08 0.30845232895503133
3270476896 1.463615e-08 0.4201187588080556
3934203265 2.081091e-08 0.2989047872416753
1323984060 1.4e-08 0.3084523573379942
4197927596 1.4e-08 0.4230718022751057
1414892502 1.4e-08 0.40236220000000006
4201342597 1.4e-08 0.3084523573379942
3590332688 1.4e-08 0.27271520520328574
1745749016 1.4e-08 0.4173636768334821
2933223072 1.4e-08 0.4230718022751057
1987038079 1.660898e-08 0.3617125732904038
3797386594 1.489992e-08 0.3144025380202377
1280619132 1.4e-08 0.42038646339960223
4105879141 1.4e-08 0.4230718022751057
