179097684 8.2318908e-07 0.4522062425517913
3534547045 2.32908284e-06 0.4238207557453097
545239233 2.1353453100000004e-06 0.38889147960396964
1222799196 3.21975445e-06 0.33902910910606743
3737780296 1.349516e-06 0.2325561439813626
1403705120 3.3492e-07 0.12710961666666667
3498415124 1.400001e-08 0.3937687
3953846011 2.791e-08 0.3201611
1651612823 2.791e-08 0.2811109
3279231079 1.4e-08 0.3000372
2956861855 1.4e-08 0.1949685
253808213 2.791e-08 0.1794077
754869367 2.791e-08 0.1675115
217284033 1.646287e-08 0.3609285
2250775120 1.523127e-08 0.4225275453014455
3016084464 1.453458e-08 0.3534686384615385
4075596975 1.453458e-08 0.3534686384615385
220564665 1.741e-08 0.41647079803811526
2027098952 1.4e-08 0.42420908636239985
1543523724 2.091e-08 0.3328614556910569
72955594 1.402474e-08 0.2745456467780598
1314810707 1.4e-08 0.3399854424492156
4138371369 1.402397e-08 0.28831356007882125
241690685 1.40672e-08 0.3170625139739176
1871304206 1.427021e-08 0.2540959840236037
3408999490 1.494491e-08 0.3577288770335807
3085765731 1.444316e-08 0.41350546807320365
571790981 1.422158e-08 0.4135054680732037
1852572783 1.4e-08 0.31848715454545456
