3534547045 1.188637e-06 0.45458427173891125
2235064901 3.3310810000000003e-06 0.40306116121654617
1572835533 5.41263502e-06 0.3202149498235989
2519559028 8.9573568e-07 0.2286497826768873
2620740164 1.3999999999999998e-08 0.2641855
2326007700 1.4e-08 0.2101853
1104410542 1.472778e-08 0.17922930712134136
3869596591 1.498425e-08 0.1835734582941596
2848685905 1.425981e-08 0.386264245316539
3707800333 1.46505e-08 0.1630832443853356
309459595 1.518632e-08 0.16874464565912015
1323984060 1.4e-08 0.3310113797408251
1987038079 1.450596e-08 0.24954456666666666
3797386594 1.450596e-08 0.24954456666666666
241690685 1.76573e-08 0.27925681534938634
2810179169 1.444e-08 0.2410657232677029
213831427 2.091e-08 0.2035696
3320450569 1.4e-08 0.3235398368830018
1268185054 1.4e-08 0.3235398368830018
4108567391 1.1203798000000001e-07 0.47242728305440995
3132125139 1.426768e-08 0.20276392814136093
3242796679 1.426768e-08 0.20276392814136093
444974319 1.426768e-08 0.20276392814136093
3734593757 1.426768e-08 0.20276392814136093
111235536 1.426768e-08 0.20276392814136093
1490861810 1.426768e-08 0.20276392814136093
845186953 1.426768e-08 0.20276392814136093
2279859862 1.426768e-08 0.20276392814136093
1407916447 1.426768e-08 0.20276392814136093
3539250331 2.853536e-08 0.20276392814136093
2929070229 1.426768e-08 0.20276392814136093
368451981 1.426768e-08 0.20276392814136093
2937776487 1.426768e-08 0.20276392814136093
4232177374 1.426768e-08 0.20276392814136093
34775558 1.426768e-08 0.20276392814136093
747443871 1.426768e-08 0.20276392814136093
2640871332 1.426768e-08 0.20276392814136093
1056843563 1.426768e-08 0.20276392814136093
303951786 1.426768e-08 0.20276392814136093
834694043 1.426768e-08 0.20276392814136093
3563967453 1.426768e-08 0.20276392814136093
1235889872 1.990768e-08 0.23743861237428032
3775520932 1.990768e-08 0.23743861237428032
3568714221 1.4e-08 0.20276392814136093
