3534547045 2.4625003399999997e-06 0.29999985746440766
545239233 2.7805920000000003e-06 0.29999995890201775
1572835533 3.00568e-06 0.30000001790816033
2984600922 1.579814e-06 0.29999999409546796
426576124 2.791e-07 0.3
1516068388 1.399999000000001e-08 0.30000001282689637
551137729 1.472778e-08 0.2999999999999999
313359544 2.091e-08 0.3
4187488967 2.1372150000000003e-08 0.3000000013919331
1837088337 1.40069e-08 0.30000000825873285
875106938 1.416714e-08 0.30000000133559374
3468130899 1.4e-08 0.30000000133559374
1803012522 1.469434e-08 0.2999998815519943
238807518 1.538868e-08 0.2999998815519943
1734007597 1.4e-08 0.2999998815519943
