179097684 4.7894061e-07 0.2999999877887623
3921011129 1.0529590300000002e-06 0.2999999783631285
3150846686 2.63791477e-06 0.30000000468826216
545239233 2.139872e-06 0.3019625281037047
1222799196 3.450772e-06 0.3000000342136605
426576124 3.4994260999999996e-07 0.30000000000000004
618276123 3.2426337e-07 0.29999999587794224
905418128 2.2334360000000002e-08 0.30000000000000004
790319072 4.235748e-08 0.3
2440120768 2.791e-08 0.3
732124878 2.791e-08 0.3
1878784256 2.791e-08 0.3
290926289 5.582e-08 0.3
129185354 2.663349e-08 0.3
2261252686 2.791e-08 0.3
3833318790 3.22704e-08 0.30000006926744427
2545005546 1.4000000000000003e-08 0.3
266059373 2.791e-08 0.3
879162223 1.411483e-08 0.3
4253718737 2.183063e-08 0.30000000037984864
3653734512 2.091e-08 0.3
1405660995 1.404397e-08 0.3
250719570 1.4000010000000003e-08 0.30000000899291884
2719204682 1.4e-08 0.3
3449694611 1.4e-08 0.3
2341758500 1.457958e-08 0.30000000288913675
3967778277 1.464215e-08 0.3000000003170584
2670951229 1.464215e-08 0.3000000003170584
381652938 1.632472e-08 0.3000000407122985
1965662198 2.202734e-08 0.30000000093941254
3279439195 1.4e-08 0.3000000139288173
3284371529 1.415617e-08 0.3000000387373925
2655011401 1.4e-08 0.3
3879652638 1.462484e-08 0.3
1629863604 1.637141e-08 0.29999991810804977
1501621654 1.4e-08 0.3000000397900427
213831427 1.4e-08 0.3000000038789351
4148810631 1.401449e-08 0.3000002072142671
2056593038 1.401449e-08 0.3000002072142671
3863839146 1.401449e-08 0.3000002072142671
834694043 1.4e-08 0.3000000423523418
1972280475 1.4921619999999998e-08 0.30000002650797325
3269595313 1.4e-08 0.2999997857142857
1780437574 1.4e-08 0.3000000000297439
3654632673 1.4e-08 0.29999999999999993
1367591863 1.4e-08 0.3000002072142671
3019838765 1.407809e-08 0.30000007679365487
1411431829 1.4e-08 0.29999993508034734
36058418 1.4e-08 0.30000000980556657
2830063464 1.4e-08 0.30000006926744427
3548864168 1.869811e-08 0.2999997906103253
2983660352 1.4e-08 0.3000002072142671
2299185056 1.719831e-08 0.3000000974023415
3737371746 1.719831e-08 0.3000000974023415
