3534547045 1.56237102e-06 0.30000006772895416
3373526895 2.821293e-06 0.29999991689233313
2340740170 1.27675902e-06 0.3000000791097191
1572835533 9.8461264e-07 0.3000000074289419
1465560917 1.389556e-06 0.3000000268884725
3004792470 7.1254299e-07 0.3
426576124 3.6283e-07 0.3
1516068388 2.796249e-08 0.3
1481166135 2.791e-08 0.3
2408568032 2.791e-08 0.3
3774459889 2.791e-08 0.3
3933289935 1.497875e-08 0.30000000044023384
511603307 2.791e-08 0.3
1593850299 1.4000009999999996e-08 0.3
598947138 2.791e-08 0.3
659524895 2.1584080000000002e-08 0.3
2466232951 2.791e-08 0.3
333964007 2.791e-08 0.3
3197676583 2.791e-08 0.3
3891448235 2.791e-08 0.3
3823443426 1.4e-08 0.3
164438789 2.791e-08 0.3
1664502715 2.791e-08 0.3
385785803 1.4e-08 0.3
1128709694 1.4e-08 0.3
937177227 1.46505e-08 0.30000000000000004
2999719241 1.46505e-08 0.30000000000000004
1931993247 1.46505e-08 0.30000000000000004
1172086036 1.405249e-08 0.30000000000000004
4083845756 1.4e-08 0.3
898751805 1.551056e-08 0.3
2125331604 1.472778e-08 0.29999997850233173
4240624600 1.472778e-08 0.29999997850233173
3349724438 1.472778e-08 0.29999997850233173
4253718737 1.472778e-08 0.29999997850233173
3815024321 1.4e-08 0.30000000000000004
3604532305 1.545556e-08 0.29999997850233173
2533881277 1.475853e-08 0.3
472358284 1.863232e-08 0.30000008050527255
4055959668 2.091e-08 0.3
2848685905 1.420773e-08 0.30000004600800484
1896745001 1.793336e-08 0.2999999163570017
3099973400 1.430674e-08 0.3
754560055 1.430674e-08 0.3
3563522875 1.4e-08 0.30000021621014505
3302973195 1.403102e-08 0.30000021621014505
2589646060 1.403102e-08 0.30000021621014505
3433591204 1.403102e-08 0.30000021621014505
1237914369 1.403102e-08 0.30000021621014505
2649056468 1.403102e-08 0.30000021621014505
1771264541 1.4e-08 0.30000000000000004
3449694611 1.4e-08 0.3000000452615343
1194638860 1.711796e-08 0.3
114837353 1.711796e-08 0.3
