179097684 6.685202299999999e-07 0.299999951642398
3921011129 2.8289980000000003e-06 0.3000000247665875
2235064901 4.04706375e-06 0.29999999306222874
3004792470 5.1131788e-07 0.29999994539963876
426576124 2.791e-07 0.3
873214132 2.1508090000000002e-08 0.2999999970214461
1986278615 1.9311060000000003e-08 0.3
1503861029 2.791e-08 0.3
4061687915 2.791e-08 0.3
3988949870 2.791e-08 0.3
1651612823 2.791e-08 0.3
1347872676 2.791e-08 0.3
3833318790 2.791e-08 0.3
825415804 2.791e-08 0.3
300193622 2.791e-08 0.3
266059373 2.1137880000000002e-08 0.2999999995939112
43001897 1.4e-08 0.3
3709881891 2.791e-08 0.3
2768642543 2.791e-08 0.3
302486611 1.402224e-08 0.29999999999999993
1078741991 1.402224e-08 0.29999999999999993
438292632 1.402224e-08 0.29999999999999993
3147695692 1.402224e-08 0.29999999999999993
740082705 1.402224e-08 0.29999999999999993
3288380490 1.668593e-08 0.2999999991501066
2945849429 1.43005e-08 0.3
965372172 1.915567e-08 0.30000000055565107
528880979 1.6227159999999995e-08 0.3000000072187363
2521380987 1.469414e-08 0.29999998099166075
3929228125 1.446479e-08 0.299999984026399
3702894340 1.446479e-08 0.299999984026399
4285585893 1.446479e-08 0.299999984026399
406745133 1.446479e-08 0.299999984026399
2883513480 1.446479e-08 0.299999984026399
2707460946 1.439108e-08 0.30000001647203606
627452446 1.453458e-08 0.30000000000000004
1462644303 1.501833e-08 0.3
4088625113 1.4e-08 0.2999999440809153
287394855 1.991813e-08 0.3
2670951229 2.137479e-08 0.29999999965265767
3211480542 2.133005e-08 0.29999995595843115
1922039940 1.4e-08 0.30000000000000004
1495382923 1.4e-08 0.29999996128940715
2766526296 1.4e-08 0.2999999333200567
470332523 1.418739e-08 0.29999999185703696
3270476896 1.494588e-08 0.29999994932223034
1987038079 1.414624e-08 0.3000000004296687
2039170765 1.414624e-08 0.3000000004296687
2810179169 1.429248e-08 0.3000000004296687
101557930 1.562176e-08 0.2999998885851248
2222966094 1.542799e-08 0.29999998503505154
3284371529 2.140533e-08 0.2999999807917521
871205577 1.4e-08 0.3000000004296687
110318614 1.493005e-08 0.3000000726625659
3076001680 1.619559e-08 0.30000018608084666
1797275806 1.4e-08 0.29999999942241656
3730019172 1.4e-08 0.3000000004296687
2714424842 1.4e-08 0.3000000004296687
220748477 1.4e-08 0.2999999482083543
2574253871 1.4e-08 0.299999984026399
3866772787 1.4e-08 0.3
3085765731 1.4e-08 0.30000001663672976
1403954297 1.4e-08 0.3
102828162 1.4e-08 0.30000001663672976
3962269793 1.922104e-08 0.3000000123295906
4106915849 1.4e-08 0.29999999185703696
977281884 1.4e-08 0.29999999999999993
2025893757 1.4e-08 0.30000001663672976
1090143039 1.4e-08 0.29999978959488066
253060996 1.4e-08 0.2999997857142858
571790981 1.4e-08 0.3
517786421 1.446147e-08 0.2999999354478344
2256454524 1.4e-08 0.3000000004296687
2606270759 1.564654e-08 0.3
4081327903 1.564654e-08 0.3
3325553423 1.4e-08 0.30000000911993335
4124564224 1.4e-08 0.3
1852572783 1.4e-08 0.3000000151964091
3229926557 1.4e-08 0.29999997090438973
2972065009 1.4e-08 0.30000000477480104
4052933330 1.4e-08 0.3
3239027265 1.760379e-08 0.3000001527712059
3357191835 1.4e-08 0.2999997861439542
2437059955 1.4e-08 0.30000001663672976
445707895 1.545666e-08 0.2999999850514416
480183180 1.438971e-08 0.29999997332430534
3892593010 1.438971e-08 0.29999997332430534
776375684 1.4e-08 0.299999967059082
1678023283 1.4e-08 0.3000003766267578
