3921011129 2.52830169e-06 0.299999864691162
545239233 2.473808e-06 0.2999999127122982
1572835533 2.7938394600000002e-06 0.3000000383255881
2555962951 2.2441434600000004e-06 0.30000000920640013
1403705120 3.2792e-07 0.29999998170285447
1239791232 2.791e-08 0.3
3838279446 2.791e-08 0.3
2326007700 2.791e-08 0.3
392861532 2.791e-08 0.3
1134132465 2.791e-08 0.3
1913762779 1.449514e-08 0.2999997418498046
1736323711 1.419113e-08 0.2999999908513311
4096225443 1.627333e-08 0.3
907719639 1.420257e-08 0.299999868265982
1896745001 1.835344e-08 0.2999999994832025
4256642775 1.451546e-08 0.2999999904091959
2449448537 1.466438e-08 0.2999999898872228
3707800333 1.451546e-08 0.2999999904091959
105819081 1.435902e-08 0.2999999300030002
1342185090 1.4e-08 0.2999999908513311
1657444763 1.407446e-08 0.29999993900971145
470332523 1.407446e-08 0.29999993900971145
3217169414 1.407446e-08 0.29999993900971145
2208266878 1.407446e-08 0.29999993900971145
1292024166 1.407446e-08 0.29999993900971145
4201342597 1.407446e-08 0.29999993900971145
762210064 1.407446e-08 0.29999993900971145
570164134 1.407446e-08 0.29999993900971145
2039170765 1.407446e-08 0.29999993900971145
118566979 1.407446e-08 0.29999993900971145
678688578 1.4e-08 0.29999993900971145
2919535035 1.4e-08 0.29999993900971145
3663377129 1.4e-08 0.29999993900971145
1965972368 1.4e-08 0.30000000982362035
3320450569 1.440369e-08 0.2999999594639995
253060996 1.4e-08 0.2999997761234885
