3534547045 1.188637e-06 0.30000001432578993
2235064901 3.3310810000000003e-06 0.2999999822914845
1572835533 5.41263502e-06 0.29999998100548675
2519559028 8.9573568e-07 0.2999999697550972
2620740164 1.3999999999999998e-08 0.3
2326007700 1.4e-08 0.3
1104410542 1.472778e-08 0.2999999999999999
3869596591 1.498425e-08 0.2999999999999999
2848685905 1.425981e-08 0.29999992195279107
3707800333 1.46505e-08 0.2999999511416619
309459595 1.518632e-08 0.29999995089723763
1323984060 1.4e-08 0.3000000140957206
1987038079 1.450596e-08 0.30000000000000004
3797386594 1.450596e-08 0.30000000000000004
241690685 1.76573e-08 0.30000003867145913
2810179169 1.444e-08 0.3000000427020464
213831427 2.091e-08 0.3
3320450569 1.4e-08 0.2999999442141384
1268185054 1.4e-08 0.2999999442141384
4108567391 1.1203798000000001e-07 0.3000000762769219
3132125139 1.426768e-08 0.29999999736947086
3242796679 1.426768e-08 0.29999999736947086
444974319 1.426768e-08 0.29999999736947086
3734593757 1.426768e-08 0.29999999736947086
111235536 1.426768e-08 0.29999999736947086
1490861810 1.426768e-08 0.29999999736947086
845186953 1.426768e-08 0.29999999736947086
2279859862 1.426768e-08 0.29999999736947086
1407916447 1.426768e-08 0.29999999736947086
3539250331 2.853536e-08 0.29999999736947086
2929070229 1.426768e-08 0.29999999736947086
368451981 1.426768e-08 0.29999999736947086
2937776487 1.426768e-08 0.29999999736947086
4232177374 1.426768e-08 0.29999999736947086
34775558 1.426768e-08 0.29999999736947086
747443871 1.426768e-08 0.29999999736947086
2640871332 1.426768e-08 0.29999999736947086
1056843563 1.426768e-08 0.29999999736947086
303951786 1.426768e-08 0.29999999736947086
834694043 1.426768e-08 0.29999999736947086
3563967453 1.426768e-08 0.29999999736947086
1235889872 1.990768e-08 0.3000000554750218
3775520932 1.990768e-08 0.3000000554750218
3568714221 1.4e-08 0.29999999736947086
