179097684 8.286716999999999e-07 0.29999997543208423
3373526895 1.37164392e-06 0.30000006346398894
2235064901 2.3785520300000002e-06 0.30000001932079806
2246051850 4.3417675e-06 0.2999999880940642
4031050948 6.9775e-07 0.3
2263814062 2.791e-08 0.3
333964007 1.465645e-08 0.3
811613008 2.791e-08 0.3
2710766136 2.791e-08 0.3
3176785673 2.791e-08 0.3
3037779432 2.791e-08 0.3
4028593304 2.791e-08 0.3
2533881277 1.472778e-08 0.30000003224650035
2247026945 1.472778e-08 0.30000003224650035
3562383954 1.582008e-08 0.3
1867247157 1.46505e-08 0.3
3633199892 1.46505e-08 0.3
1906851972 1.46505e-08 0.3000000000000001
3099973400 1.46505e-08 0.3000000000000001
1848242772 1.4e-08 0.3000000322465003
2341758500 1.4e-08 0.30000000000000004
651046398 1.4e-08 0.3000000070715257
1850435983 2.091e-08 0.3
4186562710 1.584208e-08 0.2999999074227795
