179097684 9.305832e-07 0.3000000083171131
3150846686 8.10254573e-06 0.30000006649628047
4031050948 4.9538e-07 0.3
426576124 2.791e-07 0.3
211811971 1.4000000000000003e-08 0.3
2298477853 2.791e-08 0.3
3838279446 2.791e-08 0.3
253808213 2.791e-08 0.3
300193622 8.373e-08 0.30000000000000004
2909632847 1.627333e-08 0.3
1382686479 1.607776e-08 0.30000000000000193
110358663 1.449922e-08 0.30000000000000004
406745133 1.466812e-08 0.30000000031181556
3099973400 1.43537e-08 0.3
2789348510 1.469716e-08 0.30000000007689004
3314075649 1.4e-08 0.30000000000000004
579073438 2.116942e-08 0.300000000053382
309459595 1.945303e-08 0.30000000490978374
2348040613 1.741e-08 0.30000000000000004
2353028958 1.4e-08 0.3000000000000001
2980075456 1.807328e-08 0.3000000000000001
1061526795 2.088858e-08 0.29999999999999993
695939830 1.4e-08 0.30000000000000016
2135013218 1.425808e-08 0.29999999999999993
470332523 1.425808e-08 0.29999999999999993
1292024166 1.425808e-08 0.29999999999999993
4105879141 1.4e-08 0.30000002926474056
3981989558 1.720519e-08 0.30000000000000004
3971437066 1.4e-08 0.3000002142857142
101557930 1.4e-08 0.3000000043561226
2222966094 1.511226e-08 0.30000000000000004
871205577 1.407827e-08 0.3000000292177487
2695808785 1.4e-08 0.3000000292177487
213831427 1.4e-08 0.30000002926474056
3297235373 1.6280740000000002e-08 0.3000000138547289
1483909303 1.416043e-08 0.3000002829943021
2279859862 1.651267e-08 0.30000029646485515
2640871332 1.4e-08 0.30000004674927366
2542288242 1.4e-08 0.30000000000000004
303951786 1.4e-08 0.2999999999999999
834694043 1.4e-08 0.3000002461795609
2847894498 1.41873e-08 0.3000002461795609
3548864168 1.4e-08 0.3000000292177487
3031255937 3.558469e-08 0.30000004921181317
251537365 1.5418403e-07 0.3000000492118132
2813706888 4.1020770000000007e-08 0.30000004921181317
1663116443 1.403346e-08 0.30000004921181317
687910112 1.40223e-08 0.30000004921181317
2758596397 1.402509e-08 0.30000004921181317
543650404 1.4e-08 0.30000004921181317
1552816674 1.4e-08 0.30000004921181317
3349800779 1.615403e-08 0.3000001998617825
3312688964 1.932189e-08 0.30000020133216165
1974243393 1.403346e-08 0.30000004921181317
2123043148 1.4e-08 0.30000012350009947
2378665575 1.401673e-08 0.30000004921181317
1605385292 1.452307e-08 0.30000016189304535
2350232122 1.452307e-08 0.30000016189304535
1844403144 1.403346e-08 0.30000004921181317
2798351548 1.4e-08 0.3000000190314474
173807622 2.979402e-08 0.30000018219037566
1286422349 1.4e-08 0.30000024617956084
