179097684 5.2213341e-07 0.2999999789149351
3373526895 2.083557e-06 0.29999993846727324
545239233 2.525004e-06 0.30000011031209267
2246051850 1.247864e-06 0.30000015856851076
1222799196 2.101408e-06 0.29999994296430443
1075699702 2.7569181e-07 0.3000000108817161
3800257563 7.256600000000001e-07 0.3
2932274237 2.791e-08 0.3
873214132 2.791e-08 0.3
790319072 2.791e-08 0.3
1227575429 1.3999990000000001e-08 0.3
1878784256 2.791e-08 0.3
2911053862 2.791e-08 0.3
1239791232 2.791e-08 0.3
3037779432 2.791e-08 0.3
888311950 8.373e-08 0.30000000000000004
2856850640 2.791e-08 0.3
3824069879 2.6035939999999996e-08 0.3
126484229 2.791e-08 0.3
3196256300 4.911934e-08 0.30000000000000004
217284033 1.6404820000000002e-08 0.30000000062713233
3288380490 2.069974e-08 0.3
451270221 1.4e-08 0.30000003922746643
1246511018 1.686505e-08 0.3
3783228500 2.603293e-08 0.30000000000000004
1072840122 2.091e-08 0.3
301219709 1.4e-08 0.29999994307198374
3059144981 1.934906e-08 0.29999994307198374
785216844 1.404951e-08 0.30000000000000004
3802520055 1.420934e-08 0.3
4096225443 1.420934e-08 0.3
1371202285 1.420934e-08 0.3
2369258877 1.420934e-08 0.3
1541925803 1.420934e-08 0.3
1292023300 1.420934e-08 0.3
1848242772 1.420934e-08 0.3
2681498831 1.4e-08 0.30000000000000004
3458484829 2.109901e-08 0.3
1055469694 1.4e-08 0.30000000000000004
627452446 1.60834e-08 0.30000000000000004
2014426858 1.661037e-08 0.30000000000000004
2716949832 1.58931e-08 0.30000000000000027
66987975 1.4e-08 0.30000000000000004
3707800333 3.022916e-08 0.2999999007580759
3528190190 1.622916e-08 0.3
2185291493 1.4e-08 0.3
