179097684 6.184254999999999e-07 0.30000001455308667
2235064901 2.44319736e-06 0.29999996913816945
545239233 1.6848425e-06 0.30000007559635
1572835533 2.30188633e-06 0.29999991754439803
1075699702 3.452416e-06 0.30000002019576955
2519559028 5.6206378e-07 0.2999999883351186
2440120768 1.399999e-08 0.3
3414514926 1.472778e-08 0.2999999999999999
1541925803 1.438148e-08 0.29999998464385047
2716949832 1.886455e-08 0.29999999727039056
2704180049 1.639782e-08 0.30000014003279446
2391696826 1.402936e-08 0.30000000530135656
4278040469 2.080476e-08 0.30000001758290473
3814978291 1.490162e-08 0.2999999915916779
