179097684 5.7382443e-07 0.2999999827017879
3534547045 8.8682118e-07 0.29999997200617506
3921011129 1.1522688300000002e-06 0.30000011928789627
2340740170 1.992716e-06 0.3000000756093705
1572835533 2.23288273e-06 0.29999992078323773
2555962951 1.04667e-06 0.3000000094667426
2718413753 2.38759e-08 0.3
2937387076 1.4e-08 0.3
1593891639 2.791e-08 0.3
3357643131 2.791e-08 0.3
1503861029 2.791e-08 0.3
1651612823 2.791e-08 0.3
3382444416 2.791e-08 0.3
315200650 2.791e-08 0.3
3490627259 2.791e-08 0.3
4188445920 2.791e-08 0.3
199935986 1.4e-08 0.3
126484229 2.791e-08 0.3
2768642543 2.791e-08 0.3
2729381062 2.791e-08 0.3
1452489764 1.528496e-08 0.3
690117576 2.0377539999999998e-08 0.3
821115011 1.437985e-08 0.3
4004407106 1.4e-08 0.3
1382686479 1.46505e-08 0.3000000195433379
1803925302 1.46505e-08 0.3000000195433379
4209590891 1.46505e-08 0.3000000195433379
395113485 1.424198e-08 0.3000000258428811
4019363830 1.424198e-08 0.3000000258428811
921818415 1.424198e-08 0.3000000258428811
2286860921 1.424198e-08 0.3000000258428811
3653734512 1.518296e-08 0.30000001885796124
1869365069 2.091e-08 0.3
1950077488 1.622723e-08 0.3000000007770846
4119421155 1.423543e-08 0.29999999305734926
1913762779 1.423543e-08 0.29999999305734926
3929228125 1.423543e-08 0.29999999305734926
2883513480 1.423543e-08 0.29999999305734926
301219709 2.074068e-08 0.3
37051273 1.428025e-08 0.3000000100250231
3633199892 1.4e-08 0.3
1199222225 1.402564e-08 0.29999999999999993
439844059 1.4e-08 0.29999999305734926
3012889883 1.732534e-08 0.3
4167430602 1.494762e-08 0.30000000021262485
781549661 1.521614e-08 0.3
907719639 1.521614e-08 0.3
2789348510 1.432177e-08 0.3000007077539649
3563522875 1.432177e-08 0.3000007077539649
1292023300 1.835587e-08 0.300000552209702
3314075649 1.98083e-08 0.29999999999999993
2681498831 1.4e-08 0.3
463844675 4.324875e-08 0.29999966124067123
2014426858 1.4e-08 0.3000007077539649
3607413901 1.4e-08 0.3000000110864077
1674415855 1.459313e-08 0.3000000734639997
1960974751 1.4e-08 0.3
309459595 1.4e-08 0.3000002142857143
3180086772 1.545949e-08 0.3000000006396753
3833074883 1.545949e-08 0.3000000006396753
1462644303 1.4e-08 0.2999997857142857
