179097684 6.7087647e-07 0.2999999024410267
3373526895 1.81970415e-06 0.30000002484097
3150846686 2.3101002e-06 0.300000061369931
2340740170 1.56804596e-06 0.2999999132761876
1075699702 4.6958862e-06 0.3000000134638913
3736601249 2.791e-08 0.3
251961497 1.3999999999999998e-08 0.3
921425487 2.147549e-08 0.30000000097227647
3015378843 2.791e-08 0.3
865537991 2.791e-08 0.3
438292632 1.545765e-08 0.30000000000000004
2177968201 1.495727e-08 0.3000000000000001
3783228500 1.400916e-08 0.3
220564665 1.415349e-08 0.2999999761770705
766581564 1.429791e-08 0.3
2606325002 1.453188e-08 0.29999999877243066
1314810707 1.429181e-08 0.3000001070704755
1499007652 1.4e-08 0.3
3467386575 1.660873e-08 0.300000045946738
1703904600 1.414436e-08 0.300000029544165
1840937626 1.41352e-08 0.3000000295633104
213831427 1.4e-08 0.30000010781069286
846691466 2.82704e-08 0.30000006831279236
3962269793 2.085417e-08 0.29999999749387374
977281884 3.4032429999999995e-08 0.3000000007342759
3578947201 1.461195e-08 0.3000009823800071
571790981 1.461195e-08 0.3000009823800071
2606270759 1.469815e-08 0.29999997953602847
2800683865 1.40226e-08 0.3000000149003503
480183180 1.40226e-08 0.3000000149003503
