179097684 6.2866793e-07 0.2999999384372647
3534547045 5.21435659e-06 0.2999999416067196
2246051850 3.5768568e-06 0.29999997507043163
949068759 2.791e-08 0.3
1037584679 2.791e-08 0.3
739080713 2.791e-08 0.3
315200650 2.791e-08 0.3
1239791232 2.791e-08 0.3
911013108 1.4000000000000001e-08 0.3
199935986 1.400001e-08 0.3
2326007700 2.791e-08 0.3
825415804 2.791e-08 0.3
265770918 7.018217e-08 0.30000000000000004
3475245566 2.605221e-08 0.3
828787466 9.1975e-08 0.3
3708838243 2.791e-08 0.3
1507417240 2.791e-08 0.3
4274934102 2.791e-08 0.3
188552836 1.421444e-08 0.3
976558236 1.40167e-08 0.30000001433177725
1950077488 1.429534e-08 0.30000000728479853
3111692719 1.4374020000000002e-08 0.3000000072013503
2961226102 2.091e-08 0.3
1896745001 1.955513e-08 0.30000001470988663
1737134642 1.481458e-08 0.29999940619795384
2719204682 1.433716e-08 0.29999987115200344
2716949832 1.58786e-08 0.30000000628618345
552634658 1.587512e-08 0.30000000636323676
2649056468 1.942043e-08 0.3000000042404569
3381587904 1.942043e-08 0.3000000042404569
72955594 1.467269e-08 0.2999999556147113
2780384598 1.467269e-08 0.2999999556147113
1577969976 1.467269e-08 0.2999999556147113
229435916 1.467269e-08 0.2999999556147113
19131048 1.467269e-08 0.2999999556147113
2426951832 1.467269e-08 0.2999999556147113
1922039940 1.4e-08 0.30000001433177725
3715668764 1.481924e-08 0.2999999800500753
4138371369 1.4e-08 0.30000001433177725
3590332688 1.4e-08 0.30000001055147957
3797386594 1.461587e-08 0.30000001055147957
3443287411 1.461587e-08 0.30000001055147957
1165174376 1.461587e-08 0.30000001055147957
4267941538 1.461587e-08 0.30000001055147957
3372193553 1.461587e-08 0.30000001055147957
3681452412 1.461587e-08 0.30000001055147957
570164134 1.586621e-08 0.3000000042580367
2418772576 1.461587e-08 0.30000001055147957
1301910447 1.401861e-08 0.3000000209277282
2919535035 1.401861e-08 0.3000000209277282
2217687738 1.418527e-08 0.3000000565626776
3408999490 1.650292e-08 0.30000000000000004
1403954297 1.407868e-08 0.299999992039673
517786421 1.407868e-08 0.299999992039673
248584559 1.422864e-08 0.3000000429172725
3152769946 1.4457280000000002e-08 0.3000000429172725
1776728451 2.841391e-08 0.29999995837467763
1897972748 1.3999989999999996e-08 0.29999996133907053
1367591863 1.4e-08 0.3000000565626776
2661924784 1.421496e-08 0.2999999879056074
3353888196 3.075732e-08 0.2999997722023332
2711363118 1.593713e-08 0.30000000811701266
1414813075 1.4e-08 0.2999999879056074
36058418 1.627623e-08 0.2999999515346315
1595418714 1.4e-08 0.299999992039673
