179097684 9.030329e-07 0.29999996982747407
3534547045 3.7741490000000003e-06 0.3000000167876351
1222799196 2.32455244e-06 0.29999988734446115
4259593397 3.775073e-07 0.2999999841062676
2487301543 2.791e-08 0.3
739080713 2.791e-08 0.3
326805806 1.399999e-08 0.3
3384709749 2.791e-08 0.3
3245569981 2.791e-08 0.3
1078741991 1.566419e-08 0.3
4209590891 1.652623e-08 0.3
410848061 1.411141e-08 0.3
2848685905 1.458727e-08 0.30000000000000004
1826422368 1.458727e-08 0.30000000000000004
1906851972 1.458727e-08 0.30000000000000004
1896745001 1.458727e-08 0.30000000000000004
2369258877 1.758997e-08 0.29999999931302046
249728555 1.807835e-08 0.29999999999999993
4285226245 1.4e-08 0.3
2449448537 1.4e-08 0.3
627452446 1.748783e-08 0.30000000736107424
2622395779 1.491488e-08 0.30000003573525896
649593533 1.405857e-08 0.3000000091911103
3707800333 1.969635e-08 0.3
2348040613 1.4e-08 0.3
2733144751 2.4781700000000003e-08 0.29999995388745787
2649056468 1.4000000000000001e-08 0.29999991600454484
2780384598 1.410477e-08 0.2999999541890149
1495382923 1.410477e-08 0.2999999541890149
2747938267 1.4209540000000002e-08 0.2999999541890149
2744143284 1.427114e-08 0.30000000000000415
2751602400 1.4e-08 0.2999999541890149
4156410056 1.4e-08 0.2999998778041498
2197427154 1.4e-08 0.3
3690557900 1.464749e-08 0.3
769315986 1.464749e-08 0.3
1856937876 1.464749e-08 0.3
354497373 1.464749e-08 0.3
1230311851 1.464749e-08 0.3
3825172902 1.464749e-08 0.3
110318614 1.464749e-08 0.3
1063934737 1.464749e-08 0.3
2445084109 1.464749e-08 0.3
1905833305 1.464749e-08 0.3
3879652638 1.464749e-08 0.3
1629863604 1.464749e-08 0.3
3076001680 1.464749e-08 0.3
1493833725 1.464749e-08 0.3
564959126 1.4e-08 0.30000000000000415
3584287056 1.450781e-08 0.29999987828330704
2282291379 1.4e-08 0.29999987780414983
1483909303 1.464067e-08 0.29999999958731577
63319263 1.4e-08 0.30000003573525896
3673394291 1.4e-08 0.30000000000000004
4188119649 1.4e-08 0.2999999541890149
1275089537 1.4e-08 0.3000000000000001
3700209637 1.4e-08 0.2999997857142858
3320450569 1.979096e-08 0.29999981684001986
