159.136 1 2693713428 5.582e-08 1444500749 
160.8153 1 1738899943 5.582e-08 486050091 
376.3373 1 3373526895 3.0701e-07 3919821980 
536.1647 1 1123501568 5.582e-08 636961411 
554.3277 1 3737780296 3.0701e-07 2298477853 
653.8637 1 3150846686 3.0701e-07 2835620284 
809.9501 1 4031050948 3.0701e-07 3838279446 
938.5316 1 3732071459 5.582e-08 314650893 
1092.406 1 3534547045 3.0701e-07 780264402 
2100.464 1 4031050948 3.3492e-07 199935986 
2221.341 1 2451350669 5.582e-08 3241671100 
2317.486 1 1465560917 3.0701e-07 2870037616 
2377.736 1 3534547045 3.3492e-07 1731090175 
3789.421 1 2340740170 3.0701e-07 941534069 
3886.575 1 4259593397 3.0701e-07 2919643181 
3998.642 1 3004792470 3.0701e-07 739080713 
4392.523 1 3114612365 5.582e-08 2308721517 
5464.937 0 1434498202 2.791e-08 4122240121 
5556.315 1 1222799196 3.0701e-07 3933289935 
5810.968 0 1403705120 2.791e-07 2729381062 
6350.011 1 1986278615 5.582e-08 3497999925 
6838.422 1 2326007700 5.582e-08 1239791232 
6929.947 1 2340740170 3.3492e-07 2409063466 
7139.573 1 2856850640 5.582e-08 1434594601 
8211.855 1 1222799196 3.3492e-07 3357643131 
8423.604 1 3373526895 3.3492e-07 1631081845 
8540.119 1 3908154577 5.582e-08 1584276479 
9016.733 0 3061883439 2.791e-08 387772665 
9339.394 1 2984600922 3.0701e-07 732124878 
9399.549 1 1465560917 3.3492e-07 949068759 
9873.737 1 1123501568 8.373e-08 1493201942 
10442.03 0 632754209 2.791e-08 2455496064 
10914.36 1 925199572 5.582e-08 2393342300 
10974.04 1 3736601249 5.582e-08 290926289 
11642.72 0 925199572 5.582e-08 3889879026 
11884.5 1 2519559028 3.0701e-07 4226750145 
12243.41 1 3373526895 3.6283e-07 1134175585 
12772.39 0 925199572 5.582e-08 2349140130 
13275.15 0 2455496064 2.791e-08 3126241903 
13329.25 1 2246051850 3.0701e-07 688805295 
13638.58 1 3534547045 3.6283e-07 582973675 
13950.09 1 3921011129 3.0701e-07 3621383820 
14235.19 0 632754209 2.791e-08 3938221642 
14408.81 1 3534547045 3.9073999999999996e-07 3126241903 
15076.81 0 2693713428 5.582e-08 384163328 
15104.65 1 3534547045 4.1865e-07 2349140130 
15671.6 1 3841896594 5.582e-08 2455496064 
15870.54 1 4122240121 5.582e-08 3775452048 
16515.9 0 1494141940 2.791e-08 858320168 
17268.9 1 3737780296 3.3492e-07 1963165541 
17486.47 0 2205180068 2.791e-08 1037584679 
17890.62 1 2246051850 3.3492e-07 211811971 
18082.57 1 3428193420 5.582e-08 4061687915 
20288.88 1 3150846686 3.3492e-07 3084497907 
20350.87 1 2246051850 3.6283e-07 2937387076 
20661.92 1 2799798816 3.0701e-07 1458432161 
21355.07 1 2340740170 3.6283e-07 40245973 
21459.83 1 2799798816 3.3492e-07 1327969783 
22038.5 1 3428193420 8.373e-08 598947138 
22937.14 1 1481166135 5.582e-08 3071234124 
22970.74 1 925199572 8.373e-08 3749853089 
23490.13 1 717226258 5.582e-08 953296898 
23746.31 0 405521437 2.791e-08 1593891639 
24938.57 1 3150420704 5.582e-08 4263717482 
25041.69 1 3921011129 3.3492e-07 858320168 
25956.02 1 1465560917 3.6283e-07 1593891639 
26889.86 0 3116505811 2.791e-08 1494141940 
27973.59 1 2246051850 3.9073999999999996e-07 6723929 
29531.63 1 3908154577 8.373e-08 331336395 
30884.98 1 2956861855 5.582e-08 3268335666 
31038.47 1 2246051850 4.4656e-07 2693713428 
31487.65 1 2246051850 4.7447e-07 1502094437 
32241.1 1 179097684 3.0701e-07 1206764858 
32272.86 1 3841896594 8.373e-08 387772665 
33962.01 1 3116505811 5.582e-08 3421887303 
37112.0 1 3373526895 3.9073999999999996e-07 3938221642 
37390.35 1 1068020906 0.0009543279100000001 501991070 
38655.32 2 2799798816 6.2670978e-07 2984600922 3687573659 1.522022e-08 
39239.48 1 3534547045 4.4656e-07 632754209 
45643.55 1 3373526895 4.1865e-07 3800234335 
46236.04 1 4031050948 3.6283e-07 2620740164 
47243.15 0 3800257563 2.791e-07 4274934102 
48530.49 0 3373526895 4.1865e-07 1735432893 
48770.52 0 1735432893 2.791e-08 2038493855 
52671.85 1 545239233 3.0701e-07 3707189490 
52749.11 0 1738899943 5.582e-08 1494141940 
56899.67 0 2718413753 2.791e-08 2932274237 
61031.51 1 2235064901 3.0701e-07 4231632140 
62931.75 0 2235064901 3.0701e-07 1379399837 
63977.23 1 545239233 3.3492e-07 482917538 
64673.89 0 2528553283 2.791e-08 3424908067 
65737.28 0 2038493855 2.791e-08 3424908067 
66789.88 0 3150846686 3.3492e-07 2125112500 
67500.33 0 2235064901 3.0701e-07 287801793 
69959.34 1 3534547045 4.7447e-07 1661091397 
70164.27 0 2246051850 4.7447e-07 3498415124 
71388.35 1 3326748277 5.582e-08 2125112500 
72580.48 0 1222799196 3.3492e-07 242414939 
78103.93 0 3921011129 3.3492e-07 287801793 
80000.36 1 102901530 5.582e-08 1434498202 
80470.26 1 1572835533 3.0701e-07 770580294 
80715.71 1 1075699702 3.0701e-07 2487301543 
85775.28 1 3534547045 5.0238e-07 1735432893 
85873.36 0 2528553283 2.791e-08 3747246174 
89433.0 2 3841896594 8.373e-08 1738899943 3196256300 1.4e-08 848448836 2.091e-08 2211003714 2.091e-08 
89497.1 0 3373526895 4.1865e-07 848448836 
92282.95 1 3373526895 4.3956e-07 848448836 
95893.26 0 2038493855 2.791e-08 4252347608 
96528.47 1 2235064901 3.6283e-07 3326748277 
98057.84 2 2038493855 2.92703e-08 4252347608 2916276788 2.65497e-08 
99538.07 0 2406269022 2.791e-08 2916276788 
101995.1 2 2528553283 3.881949e-08 2406269022 3696193412 1.700051e-08 
101995.5 1 2528553283 5.5820000000000006e-08 3696193412 
104042.3 1 2340740170 3.9073999999999996e-07 245436729 
105093.1 1 476505668 3.0701e-07 3462747 
107906.3 1 725558489 5.582e-08 2779686750 
108086.6 1 2340740170 4.1865e-07 1321648343 
108220.9 0 2340740170 4.1865e-07 2932274237 
108769.8 0 1379399837 2.791e-08 2211003714 
111846.5 0 1481166135 5.582e-08 257754683 
116124.9 1 2799798816 6.546198000000001e-07 3988949870 
116726.1 0 3889879026 2.791e-08 3747246174 
118492.8 0 2528553283 5.582e-08 2916276788 
120333.8 1 3373526895 4.6747e-07 3061883439 
125914.6 1 3373526895 5.2329e-07 3150420704 
126178.7 0 2799798816 6.546198e-07 4046076794 
129303.5 1 3150846686 3.6283e-07 2178051842 
129481.1 1 3921011129 3.6283e-07 1425083048 
130706.2 2 1123501568 8.373e-08 3114612365 15308464 1.4e-08 1239307652 2.091e-08 1945448119 2.091e-08 
134790.3 0 4259593397 3.0701e-07 392861532 
135508.9 0 3841896594 8.373e-08 287801793 
136336.9 1 873214132 5.582e-08 2542835646 
137530.8 1 1068020906 0.0009543558100000001 2768642543 
145981.7 1 2204676502 0.00028572791 865537991 
151215.5 0 3116505811 5.582e-08 3232700421 
151403.7 1 2799798816 6.825298e-07 4046076794 
151586.2 3 2528553283 3.812750999999999e-08 3889879026 3396227953 1.520083e-08 3321237907 1.520083e-08 3187199216 1.520083e-08 
153389.6 2 2235064901 3.6283005999999977e-07 3921011129 3330100144 2.000867e-07 310481256 1.479484e-08 817087088 1.479484e-08 551137729 1.479484e-08 1218250404 1.479484e-08 1035956119 1.479484e-08 1211996162 1.479484e-08 188552836 1.479484e-08 2029773149 1.479484e-08 302486611 1.479484e-08 1842102965 1.479484e-08 1285693762 1.479484e-08 
153389.7 1 3330100144 2.1488154e-07 1285693762 
153389.7 1 3330100144 2.2967644e-07 310481256 
153776.5 1 2528553283 5.332835e-08 3187199216 
154006.8 1 2235064901 3.7762484e-07 2029773149 
157501.4 1 3534547045 5.302900000000001e-07 870323177 
161312.6 2 2235064901 3.776248499999998e-07 3150846686 1078741991 1.436654e-07 2723643411 1.461097e-08 1804212609 1.461097e-08 438292632 1.461097e-08 2001290253 1.461097e-08 3147695692 1.461097e-08 3179285865 1.461097e-08 2173231515 1.461097e-08 740082705 1.461097e-08 2795063678 1.461097e-08 3642829293 1.461097e-08 2707128518 1.461097e-08 474866315 1.461097e-08 1639799867 1.461097e-08 1026028388 1.461097e-08 1128056158 1.461097e-08 
161312.6 1 1078741991 1.5827637e-07 2723643411 
161312.6 1 1078741991 1.7288737e-07 1128056158 
162388.9 0 1218250404 1.479484e-08 3147695692 
165030.3 0 817087088 1.479484e-08 1804212609 
166334.9 0 90391199 2.791e-08 392861532 
166356.0 1 1078741991 1.8749837e-07 1804212609 
169263.7 1 3498415124 4.8819999999999996e-08 2211003714 
169959.2 0 4028593304 2.791e-08 2911053862 
172127.6 1 3330100144 2.4447124e-07 1842102965 
172932.8 0 2528553283 5.332834e-08 3321237907 
175582.0 1 2326007700 8.373e-08 728028737 
176127.5 1 1465560917 3.9073999999999996e-07 2932274237 
176264.5 1 3747246174 4.311083e-08 3396227953 
176399.9 3 2235064901 3.7762475e-07 1078741991 2909632847 6.924771e-08 937177227 1.478133e-08 3393811039 1.478133e-08 611212867 1.478133e-08 1104410542 1.478133e-08 2328232000 1.478133e-08 2999719241 1.478133e-08 1931993247 1.478133e-08 1494850122 1.478133e-08 
176445.2 2 3424908067 4.008008e-08 2916276788 3414514926 1.437962e-08 
178309.2 0 3424908067 4.008008e-08 3414514926 
178773.0 2 1123501568 8.635955e-08 717226258 2312786130 1.773015e-08 3537925318 1.773015e-08 1634407402 1.773015e-08 
179065.7 0 3121047530 2.791e-08 2707128518 
180170.8 1 3330100144 2.5908227000000004e-07 1026028388 
180336.2 0 1931993247 1.478133e-08 2001290253 
181381.4 0 1634407402 1.773015e-08 2312786130 
181846.1 1 2246051850 7.814799999999999e-07 1572835533 
182937.2 0 2235064901 3.776248e-07 3393811039 
184397.9 1 2235064901 4.055348e-07 287801793 
185266.2 0 3330100144 2.590822e-07 937177227 
189486.1 0 3116505811 5.582e-08 611212867 
189808.0 1 545239233 3.6283e-07 2859795595 
189901.7 2 3373526895 5.2329e-07 3841896594 3869596591 1.4e-08 3375523036 1.74325e-08 772925454 1.74325e-08 2215785330 1.74325e-08 3491092596 1.74325e-08 
190093.3 1 3373526895 5.3729e-07 3869596591 
192185.3 0 1986278615 5.582e-08 257754683 
192412.9 0 2909632847 6.924771e-08 2328232000 
194204.3 0 3908154577 8.373e-08 3121047530 
194764.8 1 2235064901 6.64617e-07 3330100144 
200525.7 1 545239233 3.7744097e-07 740082705 
201397.9 1 1068020906 0.00095438371 828787466 
207386.4 0 1379399837 2.791e-08 1211996162 
215717.7 1 2235064901 6.792280700000001e-07 3642829293 
217768.6 3 2681375347 2.5507780000000002e-08 300193622 57770090 1.515611e-08 3071577057 1.515611e-08 
218339.6 1 725558489 1.0464e-07 3498415124 
220088.3 1 3373526895 5.652e-07 1494141940 
221806.1 1 725558489 1.1942133e-07 937177227 
222770.6 1 725558489 1.3421614e-07 1218250404 
223495.9 1 3424908067 5.4459699999999996e-08 3414514926 
224547.9 2 2528553283 5.3328350000000005e-08 3747246174 1452489764 1.4e-08 4260098875 1.455541e-08 3696843781 1.455541e-08 
224625.9 2 545239233 3.7744104e-07 725558489 2138100036 1.4e-08 1726701215 1.502702e-08 1412415798 1.502702e-08 375852842 1.502702e-08 3593732192 1.502702e-08 3888264012 1.502702e-08 313359544 1.502702e-08 217284033 1.502702e-08 2151269300 1.502702e-08 
226336.0 1 1211996162 2.9405809999999998e-08 474866315 
226945.8 1 545239233 3.9246802e-07 217284033 
227346.2 1 545239233 4.06468e-07 2138100036 
227537.3 1 2235064901 6.9400933e-07 1494850122 
229885.2 0 3534547045 5.3029e-07 1379399837 
232496.5 1 545239233 4.2149502e-07 1412415798 
233708.2 0 545239233 4.21495e-07 1035956119 
234328.3 0 1931993247 1.478133e-08 2795063678 
239818.0 0 2235064901 6.940094e-07 2328232000 
240837.8 0 2235064901 6.940094e-07 2999719241 
243314.9 1 2799798816 7.104398000000001e-07 1458665800 
245237.3 1 2046083849 5.582e-08 741863299 
247006.3 0 2528553283 5.332834e-08 4260098875 
248497.5 0 2038493855 2.92703e-08 1452489764 
252487.2 0 3116505811 5.582e-08 3257166052 
252782.1 1 2235064901 7.219194000000001e-07 3257166052 
254265.7 0 3232700421 2.791e-08 1726701215 
255406.8 0 2038493855 2.92703e-08 1452489764 
260817.5 1 2235064901 7.3694642e-07 3593732192 
262647.0 1 545239233 4.3610597e-07 2795063678 
266558.2 2 2205180068 4.166615e-08 1037584679 3913511150 1.415385e-08 
273196.3 1 3534547045 5.582e-07 3121047530 
273625.5 0 313359544 1.502702e-08 2328232000 
277799.3 0 3116505811 5.582e-08 3196256300 
282108.9 0 3108364485 2.791e-08 3037779432 
283847.1 1 2235064901 7.5197342e-07 2151269300 
287311.0 0 1211996162 2.940581e-08 778035964 
287804.3 1 2235064901 7.6658437e-07 2001290253 
288087.9 1 1465560917 4.1865e-07 905418128 
290004.4 0 2235064901 7.665844e-07 1104410542 
295051.7 0 2235064901 7.665844e-07 2173231515 
299838.9 1 2235064901 7.8136573e-07 1104410542 
302586.1 2 4259593397 3.0701e-07 873214132 2962530363 1.4e-08 2063946235 2.091e-08 1172086036 2.091e-08 
308217.4 1 545239233 4.5113302e-07 1726701215 
310775.2 0 3491092596 1.74325e-08 188552836 
318071.5 0 817087088 1.479484e-08 3179285865 
327081.0 0 2235064901 7.813657e-07 3196256300 
330150.0 0 2328232000 1.478133e-08 3393811039 
336485.0 1 545239233 4.79043e-07 3616865126 
336535.1 3 862710978 1.400001e-08 3321237907 690117576 1.455541e-08 3288380490 1.455541e-08 
341648.9 0 2250879299 2.791e-08 2063946235 
345620.8 2 1481166135 5.582e-08 3116505811 845665321 1.4e-08 3122982648 2.091e-08 1471982444 2.091e-08 
352333.3 0 3491092596 1.74325e-08 611212867 
361392.6 1 545239233 4.9382433e-07 2328232000 
365137.2 3 2528553283 4.454378e-08 3288380490 3303338876 2.333997e-08 
368494.5 1 2246051850 8.6783954e-07 1123501568 
369702.9 0 1481166135 5.582e-08 1639799867 
370924.8 1 2799798816 7.383498e-07 3774459889 
372554.8 1 2246051850 8.957495e-07 259930472 
377448.4 1 2340740170 4.4656e-07 778035964 
379679.4 2 2408568032 3.7535e-08 561528368 2875471576 1.8285e-08 
385424.1 0 302486611 1.479484e-08 3179285865 
386202.3 1 1465560917 4.4656e-07 2250879299 
388459.0 0 2519559028 3.0701e-07 1503861029 
395061.8 0 4259593397 3.0701e-07 1503861029 
398545.6 1 545239233 5.147343e-07 3122982648 
400966.5 1 1222799196 3.6283e-07 3953846011 
401075.8 1 4122240121 8.373e-08 1347872676 
408352.9 1 197654791 4.564015e-08 2312786130 
420649.6 3 925199572 8.372998999999999e-08 2528553283 1738909006 1.4e-08 356405251 1.52719e-08 2879167783 1.52719e-08 
420721.5 1 925199572 9.90019e-08 2879167783 
421048.5 1 925199572 1.142738e-07 356405251 
422236.0 1 925199572 1.282738e-07 1738909006 
422484.2 0 1503861029 2.791e-08 1471982444 
430975.9 0 925199572 1.282738e-07 1379399837 
431023.4 0 3424908067 5.44597e-08 3303338876 
434922.0 1 1465560917 4.7447e-07 810769555 
435260.7 0 3534547045 5.582e-07 3196256300 
435996.5 1 2235064901 7.987982e-07 772925454 
441846.8 1 2235064901 8.267082000000001e-07 3232700421 
447851.4 2 690117576 1.511082e-08 4260098875 3083352544 1.4e-08 
447972.6 2 3375523036 1.822734e-08 302486611 4198169764 1.4e-08 
454627.7 2 2235064901 8.267082e-07 3908154577 821115011 1.4e-08 2118016430 1.74325e-08 1945735688 1.74325e-08 4093093422 1.74325e-08 2842015324 1.74325e-08 
454668.4 1 2235064901 8.441406999999999e-07 4093093422 
455514.1 0 1211996162 2.940581e-08 3888264012 
458946.6 1 3424908067 6.84597e-08 3083352544 
467538.5 0 925199572 1.282738e-07 690117576 
476297.2 1 3534547045 5.7642734e-07 3375523036 
482209.7 0 3491092596 1.74325e-08 690117576 
486363.1 1 2235064901 8.581407e-07 821115011 
489563.4 1 2235064901 8.7293554e-07 1035956119 
489626.6 0 3534547045 5.764273e-07 4198169764 
491119.6 0 2799798816 7.383498e-07 3197676583 
497196.0 0 3424908067 6.84597e-08 3491092596 
497784.0 3 3424908067 4.0554640000000006e-08 3491092596 1249238030 1.511252e-08 3214077756 1.511252e-08 879162223 1.511252e-08 
504068.5 1 545239233 5.2951563e-07 3393811039 
505830.4 1 2999719241 2.93923e-08 2707128518 
509793.9 0 2340740170 4.4656e-07 2173231515 
513984.9 3 3303338876 2.333997e-08 3196256300 3884425642 1.4e-08 
519153.1 0 2235064901 8.729356e-07 2173231515 
522749.2 0 3373526895 5.652e-07 3884425642 
523451.6 3 1503861029 1.4000000000000003e-08 1945448119 1149406307 1.741e-08 3528332227 1.741e-08 
524057.6 0 3214077756 1.511252e-08 1249238030 
536391.0 1 3373526895 5.826325e-07 2215785330 
538302.3 1 3373526895 6.0597247e-07 3303338876 
539287.3 0 2235064901 8.729356e-07 2173231515 
539998.1 1 3424908067 5.566716e-08 879162223 
547273.2 0 3214077756 1.511252e-08 1249238030 
553015.1 0 3424908067 5.566716e-08 1249238030 
563938.7 0 197654791 4.564015e-08 333964007 
564126.1 1 1465560917 4.896902199999999e-07 3687573659 
564798.5 0 3704423751 2.791e-08 3020817656 
565085.5 2 2118016430 1.822734e-08 188552836 4004407106 1.4e-08 
566194.5 0 384163328 2.791e-08 1149406307 
566277.8 1 2340740170 4.6167083e-07 690117576 
593822.2 3 1379399837 2.791e-08 4004407106 451270221 1.4e-08 
602047.9 2 925199572 1.4253228e-07 3424908067 3149440925 2.070434e-08 2250775120 2.070434e-08 
607010.6 3 2909632847 1.4000010000000016e-08 2870158420 1130108289 1.663154e-08 2177968201 1.663154e-08 2914302410 1.663154e-08 3655816389 1.663154e-08 3485819286 1.663154e-08 
609981.0 3 265770918 1.4e-08 817087088 1382686479 1.435242e-08 1803925302 1.435242e-08 
611079.0 0 3373526895 6.059725e-07 451270221 
611979.9 1 925199572 1.6323664e-07 2250775120 
613639.1 1 1075699702 3.3492e-07 1541946641 
615735.3 1 2235064901 8.8956714e-07 3485819286 
618996.8 3 3704423751 2.1921480000000002e-08 3020817656 3293059020 1.694926e-08 378125977 1.694926e-08 
620582.1 0 3704423751 2.192148e-08 378125977 
620882.6 1 545239233 5.435157e-07 265770918 
623390.5 1 2235064901 9.0459412e-07 375852842 
627750.8 0 378125977 1.694926e-08 3293059020 
631449.9 1 3704423751 3.887074e-08 378125977 
632094.3 0 2038493855 2.92703e-08 3149440925 
633754.2 1 1068020906 0.00095441161 1586980658 
635698.0 0 545239233 5.435157e-07 2737363250 
636149.0 1 3373526895 6.2032492e-07 1382686479 
636934.2 1 2235064901 9.2122564e-07 3655816389 
637896.3 0 545239233 5.435157e-07 2177968201 
641137.0 0 2205180068 4.166615e-08 2063946235 
657763.9 1 2235064901 9.3583667e-07 2173231515 
666725.3 1 3534547045 5.904273e-07 3884425642 
667220.6 0 3534547045 5.904273e-07 451270221 
679900.9 0 426576124 2.791e-07 1035492323 
681357.6 1 2799798816 7.662598e-07 790319072 
682058.3 0 3534547045 5.904273e-07 3214077756 
684070.5 0 2246051850 8.957495e-07 3555679070 
684550.2 1 179097684 3.2101e-07 1452489764 
688160.7 0 2875471576 1.8285e-08 1803925302 
688402.1 0 2235064901 9.358366e-07 611212867 
690039.3 0 2205180068 4.166615e-08 1516068388 
699833.4 0 1379399837 2.791e-08 2842015324 
700141.2 0 2799798816 7.662598e-07 3129006749 
700610.7 0 1465560917 4.896902e-07 333964007 
702243.0 0 2235064901 9.358366e-07 438292632 
703048.3 3 3891448235 1.3999989999999998e-08 3147695692 2159618959 1.426049e-08 2441325815 1.426049e-08 
711418.9 1 2246051850 9.236595000000001e-07 511603307 
719454.1 2 3214077756 1.546494e-08 1803925302 3401497744 1.4e-08 
722423.9 0 3214077756 1.546494e-08 3401497744 
724954.5 3 3373526895 6.2032475e-07 3534547045 4069401935 5.398449e-08 134948105 1.411692e-08 1998372786 1.411692e-08 2455922112 1.411692e-08 3059103076 1.411692e-08 432337108 1.411692e-08 1902671923 1.411692e-08 4209590891 1.411692e-08 77395223 1.411692e-08 3592986772 1.411692e-08 1246511018 1.411692e-08 3986570268 1.411692e-08 174500547 1.411692e-08 4083845756 1.411692e-08 110358663 1.411692e-08 1370908750 1.411692e-08 1837234470 1.411692e-08 2945849429 1.411692e-08 66296937 1.411692e-08 976558236 1.411692e-08 2438291630 1.411692e-08 906368509 1.411692e-08 3783228500 1.411692e-08 2858952728 1.411692e-08 395113485 1.411692e-08 4019363830 1.411692e-08 3016084464 1.411692e-08 921818415 1.411692e-08 2892683898 1.411692e-08 3697249003 1.411692e-08 3983774618 1.411692e-08 4187488967 1.411692e-08 898751805 1.411692e-08 3632514288 1.411692e-08 410848061 1.411692e-08 2791633391 1.411692e-08 630280293 1.411692e-08 4212779140 1.411692e-08 3459374364 1.411692e-08 
724954.5 1 4069401935 6.810141e-08 134948105 
724954.5 1 4069401935 8.221833e-08 3459374364 
724976.1 1 3373526895 6.3444182e-07 174500547 
725452.9 0 4069401935 8.221832e-08 2892683898 
725651.8 0 395113485 1.411692e-08 976558236 
726106.4 1 3373526895 6.4855872e-07 1246511018 
726114.9 0 4187488967 1.411692e-08 976558236 
726132.0 1 3373526895 6.6267562e-07 77395223 
727288.7 1 438292632 2.872789e-08 110358663 
727553.2 0 2858952728 1.411692e-08 3783228500 
728940.0 0 4212779140 1.411692e-08 2945849429 
730188.8 0 4069401935 8.221832e-08 2858952728 
730452.9 0 4069401935 8.221832e-08 898751805 
731884.2 0 4187488967 1.411692e-08 2945849429 
732199.3 1 3373526895 6.7679252e-07 4187488967 
732715.1 0 3704423751 3.887074e-08 3149440925 
732746.8 0 3704423751 3.887074e-08 3149440925 
733045.5 1 4069401935 9.633523999999999e-08 4019363830 
733552.9 1 3373526895 6.909095199999999e-07 4212779140 
734629.6 0 630280293 1.411692e-08 4209590891 
736221.3 1 2799798816 1.1011798000000001e-06 1075699702 
736767.3 0 3986570268 1.411692e-08 1998372786 
737177.3 1 3373526895 7.050264199999999e-07 432337108 
738005.9 0 3016084464 1.411692e-08 395113485 
742023.0 0 545239233 5.435157e-07 1639799867 
742895.2 1 4069401935 1.2506313e-07 438292632 
742986.2 1 3373526895 7.191433199999999e-07 3697249003 
743592.1 1 3823443426 5.582e-08 405521437 
743974.7 0 545239233 5.435157e-07 3537925318 
744094.8 1 1465560917 5.3135635e-07 2205180068 
745721.3 1 3373526895 7.332602199999999e-07 921818415 
747084.9 0 3983774618 1.411692e-08 906368509 
747124.0 0 3632514288 1.411692e-08 898751805 
749400.9 1 3214077756 2.946494e-08 3401497744 
750500.0 1 3373526895 7.473771199999999e-07 2791633391 
753566.0 1 3373526895 7.614940199999999e-07 1998372786 
754350.8 0 4083845756 1.411692e-08 3059103076 
756551.4 1 2858952728 2.823384e-08 906368509 
756987.0 2 1465560917 5.313564e-07 4122240121 2125331604 1.4e-08 3113062634 1.74325e-08 847040419 1.74325e-08 4240624600 1.74325e-08 1565786989 1.74325e-08 
757054.3 0 3373526895 7.614941e-07 2438291630 
757634.9 0 630280293 1.411692e-08 4209590891 
758718.8 1 3373526895 7.7561102e-07 2455922112 
759558.7 0 2038493855 2.92703e-08 395113485 
761809.3 0 4069401935 1.250631e-07 3783228500 
762526.9 1 2438291630 2.823384e-08 3592986772 
763578.2 0 3373526895 7.75611e-07 2945849429 
763743.2 0 2858952728 2.823383e-08 1837234470 
764692.5 1 3373526895 7.8972792e-07 4083845756 
766246.1 1 2737363250 4.1909999999999996e-08 1503861029 
769597.2 1 2246051850 9.376595e-07 2125331604 
770418.0 1 3373526895 9.147910000000001e-07 4069401935 
775389.1 0 3696843781 1.455541e-08 862710978 
777498.5 1 3373526895 9.289079199999999e-07 2945849429 
778787.9 2 3149440925 2.0821260000000002e-08 395113485 2286860921 1.4e-08 
779032.2 0 3149440925 2.082126e-08 2286860921 
780808.0 1 3149440925 3.4821259999999995e-08 2286860921 
784255.1 0 2466232951 2.791e-08 1565786989 
786031.7 1 611212867 2.889825e-08 66296937 
796288.4 1 3373526895 9.430248199999999e-07 1370908750 
797536.7 0 2038493855 2.92703e-08 1837234470 
798296.0 1 1465560917 5.688914e-07 2408568032 
802778.5 1 3373526895 9.5714182e-07 976558236 
806354.1 1 3373526895 9.853756299999998e-07 2438291630 
806437.4 0 2999719241 2.93923e-08 1239307652 
809073.9 1 2246051850 9.655695e-07 3555679070 
812868.1 1 1068020906 0.0009544395100000001 2190522392 
814087.7 0 611212867 2.889825e-08 1379399837 
814252.7 1 2235064901 9.6473485e-07 611212867 
814424.5 1 3373526895 9.994925199999999e-07 1837234470 
816867.6 0 3986570268 1.411692e-08 3059103076 
816888.8 2 3016084464 1.4233839999999999e-08 3783228500 3707879645 1.4e-08 
819705.3 0 3113062634 1.74325e-08 3891448235 
820632.5 0 2999719241 2.93923e-08 2909632847 
821688.4 1 3373526895 1.01612404e-06 2177968201 
822423.9 2 2118016430 1.834426e-08 898751805 2746930994 1.4e-08 
822744.0 1 3373526895 1.0302409199999999e-06 3059103076 
823988.3 2 179097684 3.318235e-07 3214077756 4075596975 1.865144e-08 
825758.8 3 242414939 2.5183379999999997e-08 384163328 4283280385 1.531831e-08 538453177 1.531831e-08 
826341.0 0 2519559028 3.0701e-07 251961497 
827277.1 1 179097684 3.5047494e-07 4075596975 
828905.8 0 2235064901 9.647349e-07 3016084464 
831985.4 0 3519923770 2.791e-08 1878784256 
832108.8 0 3704423751 3.887074e-08 3293059020 
839999.6 0 545239233 5.435157e-07 1239307652 
847358.3 1 545239233 5.6014724e-07 1130108289 
849088.0 0 3149440925 3.482126e-08 1249238030 
855090.4 2 179097684 3.504749e-07 3149440925 3121292019 1.4e-08 3349724438 2.082126e-08 
856112.2 1 179097684 3.6447489999999997e-07 3121292019 
856453.0 2 3373526895 1.03285544e-06 1156624510 4253718737 2.529556e-08 
862308.9 1 179097684 3.8529616000000004e-07 3349724438 
863670.8 0 3373526895 1.032855e-06 630280293 
868659.3 0 2246051850 9.655695e-07 343742982 
874138.4 1 3373526895 1.046855e-06 4198169764 
875379.9 3 2842015324 1.74325e-08 2746930994 3297362622 1.4e-08 
879454.1 3 1211996162 1.3999989999999996e-08 1149406307 1751902433 1.640791e-08 2878871175 1.640791e-08 
881301.7 2 545239233 5.601472e-07 2999719241 3083717413 1.4e-08 220564665 1.53923e-08 
887375.6 3 2340740170 4.6167076000000003e-07 3800257563 3653734512 1.4e-08 3815024321 1.472778e-08 1428265047 1.472778e-08 3604532305 1.472778e-08 1869365069 1.472778e-08 965372172 1.472778e-08 607396504 1.472778e-08 2533881277 1.472778e-08 472358284 1.472778e-08 1950077488 1.472778e-08 1820499179 1.472778e-08 4055959668 1.472778e-08 528880979 1.472778e-08 3778036871 1.472778e-08 1405660995 1.472778e-08 3662110242 1.472778e-08 2247026945 1.472778e-08 4032129539 1.472778e-08 4035587434 1.472778e-08 
888712.9 1 1751902433 3.040791e-08 1211996162 
889413.7 0 472358284 1.472778e-08 3604532305 
890583.0 1 2340740170 4.7639858000000004e-07 4055959668 
890888.4 1 1222799196 3.9073999999999996e-07 1516068388 
893605.5 2 545239233 5.601472e-07 2451350669 3111692719 1.4e-08 1398579088 2.091e-08 2501379955 2.091e-08 
893800.2 1 545239233 5.810572e-07 1398579088 
900588.7 3 343742982 1.3999989999999996e-08 3537925318 3332562587 1.582008e-08 3562383954 1.582008e-08 
902810.1 1 3373526895 1.0609719199999999e-06 1902671923 
903576.9 1 373638573 1.00000002791 1019134040 
905003.2 0 3732071459 5.582e-08 3562383954 
905731.9 0 1986278615 5.582e-08 847040419 
906530.7 0 545239233 5.810572e-07 3111692719 
912033.5 0 2858952728 2.823383e-08 410848061 
913010.2 0 3373526895 1.060972e-06 410848061 
920292.9 0 3983774618 1.411692e-08 4209590891 
927831.9 1 3373526895 1.07508892e-06 3986570268 
929638.7 2 1465560917 9.2822542e-07 1222799196 2521380987 1.570299e-08 4119421155 1.570299e-08 
931224.3 3 1593850299 2.5548079999999997e-08 2521380987 1913762779 1.806491e-08 
931497.5 0 2118016430 1.834426e-08 3016084464 
936454.0 3 3129006749 2.758654e-08 3604532305 3678948817 1.505124e-08 
941325.1 0 3983774618 1.411692e-08 862710978 
947010.6 0 545239233 5.810572e-07 2501379955 
948793.5 1 2799798816 1.11590778e-06 528880979 
957663.2 3 545239233 5.8105719e-07 197654791 2489195127 1.4e-08 3929228125 1.582008e-08 3160344427 1.582008e-08 
960326.2 0 630280293 1.411692e-08 3707879645 
963590.3 0 3704423751 3.887074e-08 3293059020 
966005.3 1 2340740170 4.9112638e-07 1869365069 
966643.3 1 3373526895 1.08920592e-06 630280293 
967397.2 0 925199572 1.632366e-07 3293059020 
967544.6 0 2246051850 9.655695e-07 2718413753 
968641.6 1 3373526895 1.1184763e-06 2038493855 
970449.6 1 2235064901 9.787349e-07 3707879645 
973872.4 1 3373526895 1.13358852e-06 1249238030 
977984.6 0 2956861855 5.582e-08 3490627259 
990068.6 0 3160344427 1.582008e-08 845665321 
993452.0 0 1471982444 2.091e-08 4119421155 
993969.3 3 3696843781 1.455541e-08 862710978 3182159117 1.4e-08 
1000978.0 1 545239233 5.9746511e-07 2878871175 
1011876.0 1 3696843781 2.8555409999999998e-08 3182159117 
1013153.0 1 2340740170 5.190364e-07 1651612823 
1030954.0 0 1565786989 1.74325e-08 538453177 
1033600.0 0 3428193420 8.373e-08 1471982444 
1040626.0 0 1913762779 1.806491e-08 607396504 
1040992.0 1 2235064901 9.9455498e-07 3160344427 
1046696.0 3 164438789 1.4e-08 3332562587 766581564 1.486504e-08 3702894340 1.486504e-08 
1048086.0 0 2118016430 1.834426e-08 2892683898 
1051441.0 2 1405660995 1.496586e-08 3778036871 3532745758 1.44897e-08 
1054293.0 3 2246051850 9.655695e-07 4259593397 1072840122 1.4e-08 3294683754 1.46505e-08 1676003954 1.46505e-08 4285585893 1.46505e-08 2674988631 1.46505e-08 406745133 1.46505e-08 2883513480 1.46505e-08 783121895 1.46505e-08 2683944377 1.46505e-08 2961226102 1.46505e-08 301219709 1.46505e-08 1743198400 1.46505e-08 3059144981 1.46505e-08 3952655669 1.46505e-08 2848685905 1.46505e-08 1826422368 1.46505e-08 896813269 1.46505e-08 37051273 1.46505e-08 1867247157 1.46505e-08 3633199892 1.46505e-08 1736323711 1.46505e-08 
1054690.0 1 2246051850 9.8022e-07 2683944377 
1065898.0 1 2246051850 9.948705000000001e-07 3059144981 
1066532.0 1 1465560917 9.428758999999999e-07 1736323711 
1068721.0 0 925199572 1.632366e-07 315200650 
1069576.0 1 4031050948 4.1864999999999995e-07 2956861855 
1072088.0 1 3373526895 1.14770592e-06 3983774618 
1074022.0 0 3373526895 1.147706e-06 551137729 
1074858.0 1 1465560917 9.575264e-07 1826422368 
1075611.0 1 2204676502 0.00028575580999999997 326805806 
1077843.0 0 2480932170 2.791e-08 1913762779 
1079508.0 0 1465560917 9.575264e-07 333964007 
1081467.0 0 3373526895 1.147706e-06 410848061 
1087254.0 1 3373526895 1.16193983e-06 3016084464 
1088522.0 0 2856850640 5.582e-08 3176785673 
1090139.0 2 179097684 3.852962000000001e-07 925199572 283080478 1.4e-08 785216844 1.492366e-08 3006103420 1.492366e-08 2898323513 1.492366e-08 1199222225 1.492366e-08 3755198008 1.492366e-08 2795041644 1.492366e-08 3492274228 1.492366e-08 1420914473 1.492366e-08 439844059 1.492366e-08 3802520055 1.492366e-08 
1090166.0 0 179097684 3.852962e-07 283080478 
1090170.0 1 179097684 4.0021986000000004e-07 785216844 
1090287.0 1 179097684 4.1514356e-07 3755198008 
1090346.0 1 1420914473 2.984732e-08 3006103420 
1090437.0 1 179097684 4.3006716e-07 3802520055 
1090761.0 0 3492274228 1.492366e-08 283080478 
1092034.0 3 3704423751 3.779103e-08 3293059020 3012889883 1.802897e-08 
1093534.0 0 2235064901 9.94555e-07 220564665 
1096126.0 1 179097684 4.4499086e-07 2898323513 
1098587.0 0 3704423751 3.779103e-08 3012889883 
1099173.0 2 179097684 4.449908e-07 3696843781 3363823620 1.4e-08 1086559163 1.455541e-08 
1099228.0 1 179097684 4.589908e-07 3363823620 
1099720.0 0 1199222225 1.492366e-08 1086559163 
1101444.0 1 2246051850 1.9523969e-06 1465560917 
1102738.0 1 179097684 4.7354621e-07 1086559163 
1104149.0 1 1420914473 4.477098e-08 2795041644 
1107269.0 1 2235064901 1.008555e-06 2489195127 
1108492.0 1 2246051850 1.9670475e-06 406745133 
1109590.0 0 2737363250 4.191e-08 220564665 
1110429.0 1 3373526895 1.17605692e-06 4209590891 
1114294.0 1 179097684 4.875463e-07 283080478 
1114906.0 2 179097684 4.875463e-07 1420914473 3063534263 1.4e-08 2013640095 1.538549e-08 1461359102 1.538549e-08 
1114921.0 1 179097684 5.0293179e-07 1461359102 
1115121.0 1 179097684 5.1785536e-07 1199222225 
1115155.0 1 179097684 5.318554e-07 3063534263 
1125304.0 1 179097684 5.4724089e-07 2013640095 
1127456.0 0 2961226102 1.46505e-08 1072840122 
1134077.0 0 1867247157 1.46505e-08 164438789 
1145805.0 0 538453177 1.531831e-08 3111692719 
1145935.0 0 3373526895 1.176057e-06 551137729 
1150087.0 1 2235064901 1.02267192e-06 410848061 
1150360.0 0 439844059 1.492366e-08 3492274228 
1150964.0 2 2519559028 3.0701e-07 2856850640 2027098952 1.4e-08 4167430602 2.091e-08 4096225443 2.091e-08 
1158610.0 3 2340740170 5.190363999999999e-07 2519559028 781549661 1.4e-08 907719639 1.46505e-08 1906851972 1.46505e-08 2597880038 1.46505e-08 1896745001 1.46505e-08 2378434411 1.46505e-08 1837088337 1.46505e-08 1543523724 1.46505e-08 1761715697 1.46505e-08 3099973400 1.46505e-08 2789348510 1.46505e-08 1371202285 1.46505e-08 629078091 1.46505e-08 754560055 1.46505e-08 1737134642 1.46505e-08 37613351 1.46505e-08 3434666020 1.46505e-08 2369258877 1.46505e-08 3563522875 1.46505e-08 249728555 1.46505e-08 4285226245 1.46505e-08 
1160246.0 1 3373526895 1.19085184e-06 551137729 
1160434.0 1 179097684 5.6216456e-07 439844059 
1160644.0 0 2533881277 1.472778e-08 1867247157 
1163434.0 0 2235064901 1.022672e-06 4253718737 
1165987.0 0 2892683898 1.411692e-08 451270221 
1167525.0 0 1481166135 5.582e-08 2914302410 
1174503.0 1 3704423751 5.582e-08 3012889883 
1174543.0 1 2799798816 1.1305585e-06 2369258877 
1177433.0 0 4031050948 4.1865e-07 2074240873 
1177941.0 0 2246051850 1.967047e-06 1896745001 
1185867.0 1 373638573 1.00000008373 3428193420 
1189441.0 1 2246051850 1.9816975000000003e-06 37051273 
1189683.0 3 1239307652 1.95177e-08 4119421155 2707460946 1.709529e-08 
1190009.0 1 1239307652 3.6613e-08 2707460946 
1193164.0 0 607396504 1.472778e-08 37613351 
1196332.0 0 3563522875 1.46505e-08 896813269 
1198144.0 0 2718413753 2.791e-08 783121895 
1201929.0 1 2799798816 1.14528578e-06 1820499179 
1211769.0 0 2246051850 1.981698e-06 754560055 
1226957.0 3 3382444416 1.4000000000000003e-08 2842015324 2606325002 1.567125e-08 1541925803 1.567125e-08 
1228237.0 1 2246051850 1.99642578e-06 4032129539 
1229166.0 0 1541925803 1.567125e-08 2606325002 
1238174.0 0 1565786989 1.74325e-08 3563522875 
1238721.0 1 2235064901 1.03930354e-06 2914302410 
1238974.0 1 2235064901 1.05435424e-06 3678948817 
1240572.0 3 3704423751 1.4000009999999996e-08 2606325002 2024675612 1.437281e-08 1292023300 1.437281e-08 3302973195 1.437281e-08 875106938 1.437281e-08 
1241036.0 0 875106938 1.437281e-08 2024675612 
1243553.0 1 875106938 2.874562e-08 1292023300 
1250676.0 1 2246051850 2.01103697e-06 1639799867 
1251870.0 0 875106938 2.874563e-08 3302973195 
1262407.0 1 179097684 5.761646e-07 3704423751 
1262539.0 0 220564665 1.53923e-08 3888264012 
1262840.0 2 3373526895 1.190852e-06 1481166135 3314075649 1.4e-08 2589646060 2.091e-08 3433591204 2.091e-08 
1268519.0 0 1379399837 2.791e-08 3433591204 
1270761.0 0 1405660995 1.496586e-08 1837088337 
1273808.0 1 2799798816 1.1599365e-06 2789348510 
1273943.0 1 3373526895 1.204852e-06 3314075649 
1274464.0 1 1068020906 0.00095446751 4274934102 
1275996.0 2 3929228125 1.6785940000000003e-08 1405660995 1848242772 1.4e-08 
1277219.0 1 1737134642 2.9301e-08 783121895 
1280321.0 0 2235064901 1.054355e-06 4253718737 
1282800.0 0 3302973195 1.437281e-08 2024675612 
1293029.0 0 2799798816 1.159936e-06 257754683 
1293503.0 0 2718413753 2.791e-08 1634407402 
1296581.0 0 2263814062 2.791e-08 4167430602 
1300296.0 0 179097684 5.761646e-07 3302973195 
1300318.0 1 179097684 5.9053741e-07 3302973195 
1302962.0 1 179097684 6.045374e-07 3382444416 
1310470.0 0 3633199892 1.46505e-08 1676003954 
1311349.0 1 2799798816 1.1745865e-06 1543523724 
1319261.0 0 1379399837 2.791e-08 3632514288 
1325125.0 0 1239307652 3.661299e-08 3179285865 
1340037.0 0 2263814062 2.791e-08 257754683 
1341412.0 1 545239233 6.1219288e-07 472358284 
1352846.0 0 2799798816 1.174587e-06 781549661 
1354402.0 1 3433591204 3.502692e-08 3632514288 
1356359.0 0 1986278615 5.582e-08 3633199892 
1360391.0 0 2799798816 1.174587e-06 1906851972 
1360813.0 3 875106938 1.400001e-08 3492274228 250719570 1.483464e-08 2681498831 1.483464e-08 
1362107.0 1 250719570 2.8834639999999998e-08 875106938 
1362981.0 1 3433591204 5.593692e-08 2589646060 
1377007.0 1 2340740170 5.340634200000001e-07 313359544 
1388197.0 0 1239307652 3.661299e-08 3434666020 
1403726.0 1 2246051850 2.0255267e-06 3532745758 
1405543.0 0 3297362622 1.4e-08 2909632847 
1411555.0 2 1541925803 1.632175e-08 249728555 481808867 1.4e-08 
1413811.0 0 2799798816 1.174587e-06 2441325815 
1428933.0 0 545239233 6.121929e-07 1913762779 
1457518.0 1 2799798816 1.18884749e-06 2441325815 
1477320.0 3 242414939 1.400001e-08 1945735688 2066612683 1.430794e-08 3458484829 1.430794e-08 
1481204.0 2 1634407402 1.851148e-08 1931993247 2719204682 1.4e-08 
1487020.0 1 2246051850 2.0401765e-06 629078091 
1506952.0 0 659524895 2.791e-08 1950077488 
1517657.0 0 179097684 6.045374e-07 2024675612 
1535618.0 1 179097684 6.1891021e-07 2024675612 
1548910.0 1 3433591204 8.417075e-08 2858952728 
1554994.0 1 2235064901 1.096265e-06 2737363250 
1556494.0 0 1790255658 2.791e-08 3563522875 
1578816.0 2 1541925803 1.6972249999999998e-08 37613351 4256642775 1.4e-08 
1596540.0 0 2118016430 1.834426e-08 1676003954 
1616307.0 1 2799798816 1.209757e-06 1471982444 
1636909.0 1 2235064901 1.110265e-06 3297362622 
1641787.0 1 373638573 1.00000002791 2911053862 
1642729.0 1 2235064901 1.12860926e-06 2118016430 
1668429.0 0 1751902433 3.040791e-08 2962530363 
1676943.0 0 1906851972 1.46505e-08 896813269 
1680261.0 0 1239307652 3.661299e-08 754560055 
1680464.0 1 2246051850 2.0548275e-06 896813269 
1687777.0 1 2204676502 0.00028577052778 607396504 
1706018.0 0 102901530 5.582e-08 538453177 
1713473.0 1 3373526895 1.218852e-06 2719204682 
1716226.0 0 2247026945 1.472778e-08 3952655669 
1717270.0 2 179097684 6.189102e-07 250719570 2449448537 1.4e-08 463844675 1.483464e-08 
1717805.0 1 179097684 6.3374484e-07 463844675 
1721841.0 1 179097684 6.4857944e-07 2681498831 
1728004.0 1 179097684 6.625795e-07 2449448537 
1739131.0 1 2799798816 1.2244075e-06 1761715697 
1743248.0 1 1068020906 0.0009544954100000001 443746396 
1756561.0 1 373638573 1.00000005582 2046083849 
1758190.0 1 2799798816 1.238408e-06 343742982 
1760787.0 3 1986278615 1.4e-08 2440120768 3167902617 1.74325e-08 579073438 1.74325e-08 3468130899 1.74325e-08 393090083 1.74325e-08 
1763489.0 1 545239233 6.2897883e-07 3929228125 
1765407.0 3 1737134642 1.3999999999999996e-08 3434666020 2343849308 1.497575e-08 1055469694 1.497575e-08 
1766776.0 1 2235064901 1.15390456e-06 4253718737 
1776493.0 3 2545005546 2.791e-08 3891448235 627452446 1.4e-08 
1789852.0 1 373638573 1.00000033492 3737780296 
1791263.0 0 579073438 1.74325e-08 1986278615 
1793643.0 0 3167902617 1.74325e-08 2066612683 
1806676.0 3 2892683898 1.411692e-08 451270221 2014426858 1.4e-08 
1817645.0 0 579073438 1.74325e-08 4256642775 
1819055.0 3 3433591204 5.328867e-08 2906924538 2716949832 1.469802e-08 552634658 1.469802e-08 3736523900 1.469802e-08 2213923665 1.469802e-08 
1826303.0 0 3373526895 1.218852e-06 2962530363 
1832243.0 0 1565786989 1.74325e-08 3111692719 
1833185.0 1 545239233 6.4429711e-07 4283280385 
1836163.0 1 2799798816 1.252408e-06 2909632847 
1837625.0 0 1055469694 1.497575e-08 1737134642 
1841599.0 0 2213923665 1.469802e-08 552634658 
1857588.0 0 3528332227 1.741e-08 2597880038 
1880926.0 1 2235064901 1.167904e-06 845665321 
1920873.0 1 3373526895 1.2362845e-06 3468130899 
1931148.0 0 3373526895 1.236284e-06 4256642775 
1947200.0 0 2246051850 2.054827e-06 3913511150 
1947403.0 1 2246051850 2.0694775e-06 3294683754 
1953658.0 0 1379399837 2.791e-08 552634658 
1953799.0 0 3373526895 1.236284e-06 552634658 
1961789.0 1 373638573 1.0000010182849999 2875471576 
1966287.0 2 2213923665 1.539604e-08 2716949832 1503202005 1.4e-08 
1969677.0 3 2718413753 1.400001e-08 2159618959 3202152185 1.408524e-08 2622395779 1.408524e-08 
1983705.0 3 579073438 1.74325e-08 1986278615 3607413901 1.4e-08 
2010087.0 3 3490627259 1.4e-08 1878784256 649593533 2.091e-08 66987975 2.091e-08 
2036508.0 2 393090083 1.8083e-08 907719639 483021244 1.4e-08 
2038594.0 3 888311950 1.4000000000000003e-08 649593533 3707800333 1.741e-08 3528190190 1.741e-08 
2046721.0 0 426576124 2.791e-07 3824069879 
2048180.0 2 2246051850 2.069478e-06 1751902433 2185291493 1.4e-08 550176535 1.640791e-08 
2049322.0 0 2883513480 1.46505e-08 1676003954 
2049782.0 0 2246051850 2.069478e-06 2185291493 
2074573.0 1 373638573 1.00000102791 4188445920 
2079712.0 2 2340740170 5.4041559e-07 251961497 1674415855 2.155781e-08 
2098636.0 0 2246051850 2.069478e-06 550176535 
2103726.0 1 2235064901 1.18260202e-06 552634658 
2110401.0 3 1172086036 2.091e-08 3607413901 4287239676 1.4e-08 
2116229.0 1 2246051850 2.125298e-06 3823443426 
2132023.0 0 545239233 6.442971e-07 1790255658 
2140324.0 0 3373526895 1.236284e-06 1503202005 
2141188.0 2 579073438 1.774044e-08 2066612683 3884987045 1.4e-08 
2143067.0 3 102901530 1.3999989999999996e-08 3083717413 1960974751 1.860667e-08 309459595 1.860667e-08 2348040613 1.860667e-08 
2143987.0 0 869234806 2.791e-08 550176535 
2148706.0 0 3662110242 1.472778e-08 3563522875 
2173802.0 1 2235064901 1.19730002e-06 3736523900 
2174321.0 0 1371202285 1.46505e-08 1848242772 
2181378.0 0 3179285865 1.461097e-08 2892683898 
2185845.0 1 2340740170 5.6197341e-07 1674415855 
2215094.0 1 545239233 6.589475999999999e-07 1676003954 
2217085.0 0 2063946235 2.091e-08 2883513480 
2243265.0 1 2235064901 1.21536591e-06 1913762779 
2268216.0 1 373638573 1.0000010174325 1565786989 
2271163.0 1 2799798816 1.26938025e-06 1541925803 
2372809.0 1 373638573 1.0000010153183099 538453177 
2379093.0 0 2340740170 5.619734e-07 2063946235 
2382023.0 0 2235064901 1.215365e-06 579073438 
2388041.0 1 2246051850 2.1392980000000004e-06 2185291493 
2411404.0 1 3373526895 1.250284e-06 4256642775 
2414098.0 3 4285226245 1.46505e-08 1503202005 3180086772 1.4e-08 
2420063.0 1 2235064901 1.229365e-06 1737134642 
2441210.0 2 4035587434 1.545556e-08 3662110242 3833074883 1.4e-08 
2441698.0 1 373638573 1.00000102791 1415695418 
2445106.0 0 3815024321 1.472778e-08 3458484829 
2446241.0 3 869234806 1.4e-08 754560055 1462644303 1.428025e-08 4088625113 1.428025e-08 
2446911.0 0 4088625113 1.428025e-08 869234806 
2470660.0 0 2533881277 1.472778e-08 481808867 
2480829.0 1 2235064901 1.246775e-06 3707800333 
2493998.0 0 4035587434 1.545556e-08 3833074883 
2531859.0 3 4035587434 1.545556e-08 627452446 1237914369 1.4e-08 
2551721.0 1 545239233 6.729476e-07 102901530 
2554311.0 0 1593850299 2.554808e-08 2027098952 
2557494.0 0 545239233 6.729476e-07 4035587434 
2579384.0 1 2235064901 1.2614255e-06 2961226102 
2601403.0 3 333964007 1.465645e-08 1960974751 2733144751 1.593011e-08 1649557018 1.593011e-08 
2638614.0 1 3373526895 1.2642839999999999e-06 869234806 
2639593.0 0 2235064901 1.261426e-06 1462644303 
2657190.0 1 2235064901 1.27570625e-06 4088625113 
2665499.0 0 550176535 1.640791e-08 481808867 
2686498.0 1 545239233 6.8781264e-07 766581564 
2703222.0 1 1068020906 0.00095452331 2074240873 
2719524.0 2 847040419 1.7750000000000003e-08 2343849308 1831065885 1.465825e-08 
2733797.0 0 3562383954 1.582008e-08 483021244 
2735404.0 2 2246051850 3.35561172e-06 2799798816 79461789 1.768876e-08 1621314342 1.768876e-08 2016090987 1.768876e-08 
2736050.0 0 2235064901 1.275706e-06 2674988631 
2745238.0 1 2246051850 3.37330076e-06 2016090987 
2747142.0 1 2235064901 1.3123189900000002e-06 1239307652 
2751677.0 0 1379399837 2.791e-08 66987975 
2822363.0 0 2340740170 5.619734e-07 4096225443 
2832274.0 2 550176535 1.671585e-08 3458484829 1553963666 1.4e-08 
2845100.0 3 3179285865 1.461097e-08 483021244 1002680420 1.4e-08 
2880837.0 2 1055469694 1.562625e-08 3952655669 734120091 1.4e-08 
2885680.0 1 2246051850 3.39098876e-06 79461789 
2904969.0 1 2235064901 1.326319e-06 4287239676 
2918468.0 1 2235064901 1.3409695e-06 3563522875 
2922998.0 3 3099973400 1.46505e-08 3833074883 2475979558 1.4e-08 
2925842.0 2 179097684 6.6257951e-07 3433591204 2649056468 1.4e-08 3381587904 1.964434e-08 175860597 1.964434e-08 
2925842.0 1 179097684 6.8222384e-07 3381587904 
2925956.0 1 179097684 6.962238e-07 2649056468 
2926503.0 1 179097684 7.1586814e-07 175860597 
2927462.0 2 2348040613 1.888692e-08 1462644303 1089013536 1.4e-08 
2932919.0 0 2235064901 1.34097e-06 1002680420 
2944397.0 3 3815024321 1.472778e-08 15308464 552498239 1.4e-08 
2956339.0 0 2235064901 1.34097e-06 3179285865 
2958852.0 1 2246051850 3.4056395e-06 1837088337 
2971613.0 2 2235064901 1.98912362e-06 545239233 481049431 1.982954e-08 2950407739 1.982954e-08 
2979289.0 1 2235064901 2.00895254e-06 481049431 
2992021.0 3 2545005546 1.4e-08 1371202285 72955594 1.428025e-08 1771264541 1.428025e-08 
3016322.0 0 2950407739 1.982954e-08 2718413753 
3017973.0 1 2246051850 3.41964e-06 3490627259 
3038120.0 3 3888264012 1.502702e-08 2962530363 2353028958 1.4e-08 
3038139.0 0 3888264012 1.502702e-08 4285226245 
3053028.0 1 2246051850 3.4339202500000003e-06 72955594 
3060497.0 1 373638573 1.00000102791 825415804 
3074963.0 3 2501379955 2.091e-08 3180086772 2980075456 1.4e-08 
3111856.0 1 2235064901 2.026703e-06 847040419 
3155603.0 1 2235064901 2.04098325e-06 1771264541 
3161630.0 3 1055469694 1.562625e-08 2353028958 3449694611 1.4e-08 
3176507.0 1 2235064901 2.0549830000000004e-06 3449694611 
3188529.0 3 2622395779 1.408524e-08 3653734512 1194638860 1.4e-08 
3191285.0 1 1068020906 0.00095455121 3833318790 
3193723.0 3 2501379955 2.0366029999999998e-08 220564665 114837353 1.593627e-08 
3194578.0 1 2501379955 3.6302300000000006e-08 114837353 
3247892.0 3 4285226245 1.46505e-08 2014426858 2341758500 1.4e-08 
3256022.0 1 2235064901 2.07358967e-06 309459595 
3279284.0 1 2235064901 2.09913808e-06 1593850299 
3282592.0 0 1621314342 1.768876e-08 4285585893 
3290532.0 2 4167430602 2.284011e-08 2733144751 651046398 1.4e-08 
3292927.0 1 3373526895 1.2796800300000002e-06 2213923665 
3336696.0 0 179097684 7.158682e-07 3129006749 
3352027.0 0 2950407739 1.982954e-08 1194638860 
3357034.0 0 2235064901 2.099138e-06 1055469694 
3370849.0 0 2235064901 2.099138e-06 3888264012 
3373459.0 2 2348040613 1.897216e-08 3202152185 2780384598 1.4e-08 
3379615.0 1 2246051850 3.44792e-06 2545005546 
3434609.0 2 1634407402 1.916198e-08 1743198400 1061526795 1.4e-08 
3437430.0 0 4031050948 4.1865e-07 3176785673 
3438964.0 0 2246051850 3.44792e-06 481808867 
3446303.0 0 1634407402 1.916198e-08 1061526795 
3454223.0 1 373638573 1.000001014 781549661 
3471111.0 1 373638573 1.0000010209099999 4096225443 
3481524.0 1 2246051850 3.4619200000000004e-06 481808867 
3522023.0 0 3129006749 2.758654e-08 2348040613 
3528033.0 1 2235064901 2.11379625e-06 1831065885 
3530661.0 1 2235064901 2.127796e-06 2718413753 
3538164.0 0 2341758500 1.4e-08 734120091 
3541996.0 1 179097684 7.298682e-07 734120091 
3560950.0 1 2235064901 2.14676816e-06 2348040613 
3574479.0 0 2235064901 2.146768e-06 1061526795 
3598056.0 1 2235064901 2.1614185e-06 4285585893 
3619597.0 1 2235064901 2.189329e-06 257754683 
3694911.0 1 3373526895 1.3075900000000001e-06 1379399837 
3726267.0 0 2235064901 2.189329e-06 1237914369 
3747094.0 3 3815024321 1.472778e-08 1061526795 3342541004 1.4e-08 
3807481.0 1 2246051850 3.4765705e-06 1896745001 
3836437.0 1 3373526895 1.3284999999999999e-06 66987975 
3867846.0 0 4285226245 1.46505e-08 3884987045 
3886778.0 0 393090083 1.8083e-08 550176535 
3944023.0 3 1194638860 1.4e-08 1553963666 1577969976 1.4e-08 
3944954.0 1 2235064901 2.20495525e-06 1055469694 
3947015.0 1 2246051850 3.49425876e-06 1621314342 
3963372.0 0 2235064901 2.204955e-06 1089013536 
4022574.0 1 2246051850 3.5082590000000003e-06 164438789 
4023958.0 1 2340740170 5.765843700000001e-07 3179285865 
4064334.0 2 2246051850 3.508259e-06 3732071459 695939830 1.4e-08 229435916 2.091e-08 1850435983 2.091e-08 
4073997.0 0 2246051850 3.508259e-06 229435916 
4148969.0 1 2246051850 3.52599944e-06 579073438 
4181013.0 1 3373526895 1.3425e-06 3342541004 
4198308.0 1 3373526895 1.35752702e-06 3888264012 
4202522.0 0 1634407402 1.916198e-08 301219709 
4222235.0 1 3373526895 1.37164392e-06 2892683898 
4250380.0 1 2235064901 2.218955e-06 1089013536 
4268209.0 1 2246051850 3.5400000000000004e-06 2780384598 
4277646.0 0 2235064901 2.218955e-06 1002680420 
4283903.0 3 4167430602 2.284011e-08 3884987045 19131048 1.4e-08 
4295452.0 0 3373526895 1.371644e-06 1002680420 
4299661.0 0 2340740170 5.765844e-07 242414939 
4360620.0 3 3113062634 1.74325e-08 1002680420 2426951832 1.4e-08 
4378797.0 1 2235064901 2.246865e-06 1790255658 
4405087.0 0 769686034 2.791e-08 1950077488 
4440975.0 3 3129006749 1.4e-08 2674988631 3089865955 1.411852e-08 3526559023 1.411852e-08 
4450493.0 1 3526559023 2.811852e-08 3129006749 
4460469.0 0 179097684 7.298682e-07 659524895 
4497980.0 1 373638573 1.00000102791 2504591099 
4589021.0 2 3815024321 1.537828e-08 4285226245 73116178 1.4e-08 
4609096.0 0 2246051850 3.54e-06 3528190190 
4630003.0 1 2235064901 2.26602698e-06 1634407402 
4706116.0 1 2235064901 2.2800270000000003e-06 1072840122 
4706306.0 1 2340740170 5.905844e-07 2475979558 
4713706.0 1 373638573 1.0000010146504998 2597880038 
4751318.0 0 2235064901 2.280027e-06 3528332227 
4777541.0 1 2235064901 2.2954052799999998e-06 3815024321 
4789161.0 0 2235064901 2.295405e-06 2426951832 
4871836.0 1 2246051850 3.56811852e-06 3526559023 
4928896.0 1 2235064901 2.309405e-06 73116178 
5018885.0 0 2235064901 2.309405e-06 1172086036 
5037972.0 1 373638573 1.00000102791 911013108 
5048541.0 1 373638573 1.00000102791 659524895 
5168714.0 0 2246051850 3.568118e-06 3167902617 
5230711.0 0 3373526895 1.371644e-06 1172086036 
5304093.0 1 373638573 1.00000101741 3528332227 
5317054.0 1 2246051850 3.5855505e-06 4240624600 
5317660.0 3 179097684 7.151493700000001e-07 1035492323 2654473721 1.420961e-08 2564127097 1.420961e-08 3554620561 1.420961e-08 
5317925.0 0 179097684 7.151493e-07 2654473721 
5318016.0 1 179097684 7.293589100000001e-07 2564127097 
5318562.0 1 179097684 7.435685100000001e-07 2654473721 
5335891.0 1 179097684 7.5777821e-07 3554620561 
5473739.0 1 2246051850 3.59963624e-06 2622395779 
5514622.0 0 2246051850 3.599636e-06 1649557018 
5514916.0 1 2246051850 3.6359383e-06 2501379955 
5577734.0 1 2246051850 3.649938e-06 1194638860 
5845809.0 0 2235064901 2.309405e-06 2980075456 
5891335.0 1 2235064901 2.3234050000000004e-06 2980075456 
5913330.0 1 4031050948 6.9775e-07 426576124 
5962016.0 3 179097684 6.8408544e-07 769686034 2789301560 1.451468e-08 3201932102 1.451468e-08 3527214469 1.451468e-08 224410298 1.451468e-08 3967778277 1.451468e-08 1759850032 1.451468e-08 2704180049 1.451468e-08 
5962129.0 1 179097684 6.9860008e-07 1759850032 
5963262.0 1 179097684 7.1311478e-07 2789301560 
5963334.0 1 179097684 7.2762948e-07 2704180049 
5965773.0 1 179097684 7.4214418e-07 224410298 
5970111.0 0 179097684 7.421441e-07 3527214469 
5970228.0 0 179097684 7.421441e-07 3967778277 
5983805.0 2 3201932102 1.46332e-08 3089865955 287394855 1.4e-08 
5984468.0 1 3201932102 2.86332e-08 287394855 
5984541.0 0 3967778277 1.451468e-08 3527214469 
5989384.0 1 179097684 7.566587800000001e-07 3967778277 
6063030.0 1 179097684 7.711734800000001e-07 3527214469 
6114655.0 1 2246051850 3.6645885000000002e-06 301219709 
6359758.0 3 3384709749 2.268409e-08 19131048 2670951229 1.922591e-08 
6377390.0 1 373638573 1.00000101472778 965372172 
6389722.0 1 2246051850 3.682672e-06 393090083 
6452961.0 1 2246051850 3.696672e-06 2426951832 
6478328.0 0 2235064901 2.323405e-06 1850435983 
6692768.0 0 3373526895 1.371644e-06 552498239 
6749837.0 2 179097684 7.711735e-07 3201932102 2367820772 1.4e-08 771359632 1.46332e-08 
6755051.0 1 179097684 7.851735e-07 2367820772 
6803113.0 1 179097684 7.998067e-07 771359632 
6952314.0 1 179097684 8.1467174e-07 3702894340 
6961350.0 0 550176535 1.671585e-08 3562383954 
7019173.0 0 3373526895 1.371644e-06 552498239 
7072153.0 1 373638573 1.00000102791 838860310 
7078026.0 1 373638573 1.0000010146504998 2848685905 
7116120.0 0 179097684 8.146717e-07 1649557018 
7184340.0 1 179097684 8.286716999999999e-07 552498239 
7348766.0 1 373638573 1.000001014 242414939 
7417516.0 1 373638573 1.00000101472778 1950077488 
7418562.0 1 2235064901 2.3408375e-06 3113062634 
7428330.0 1 2340740170 6.1041394e-07 2950407739 
7497521.0 0 2340740170 6.104139e-07 1867247157 
7503212.0 1 2340740170 6.258694600000001e-07 4035587434 
7547592.0 3 4167430602 2.099803e-08 1577969976 4186562710 1.584208e-08 
7553874.0 1 2246051850 3.71589791e-06 2670951229 
8112147.0 1 2235064901 2.3575538499999998e-06 550176535 
8436174.0 0 2340740170 6.258695e-07 3384709749 
8635406.0 1 373638573 1.0000010209099999 229435916 
8761316.0 0 2246051850 3.715898e-06 3099973400 
9109869.0 0 3562383954 1.582008e-08 3099973400 
9420145.0 1 2235064901 2.3785520300000002e-06 4167430602 
9543662.0 1 2246051850 4.3417675e-06 2340740170 
9622466.0 0 2246051850 4.341767e-06 3111692719 
9992153.0 0 2235064901 2.378552e-06 4186562710 
