73.14098 1 2246051850 3.0701e-07 211811971 
161.8216 1 1075699702 3.0701e-07 1986278615 
175.7245 1 869234806 5.582e-08 3774459889 
524.1798 1 1465560917 3.0701e-07 2542835646 
792.665 1 3150846686 3.0701e-07 725558489 
805.0594 1 1075699702 3.3492e-07 810769555 
819.6253 1 4031050948 3.0701e-07 199935986 
891.5468 1 2455496064 5.582e-08 3938221642 
903.2411 1 3129006749 5.582e-08 741863299 
1167.703 1 545239233 3.0701e-07 636961411 
1301.218 1 3621383820 5.582e-08 778035964 
1540.866 1 3921011129 3.0701e-07 3257166052 
1743.286 1 3373526895 3.0701e-07 3841896594 
2688.755 1 1465560917 3.3492e-07 949068759 
3164.38 0 2779686750 2.791e-08 3326748277 
3270.071 1 3707189490 5.582e-08 1425083048 
3374.089 1 3373526895 3.3492e-07 1134175585 
3499.794 1 3737780296 3.0701e-07 1347872676 
3610.976 1 1075699702 3.6283e-07 102901530 
3796.295 1 3373526895 3.6283e-07 632754209 
4002.846 1 1075699702 3.9073999999999996e-07 3933289935 
4525.92 1 545239233 3.3492e-07 245436729 
4816.638 1 1068020906 0.0009543279100000001 501991070 
5312.572 0 2038493855 2.791e-08 2349140130 
5402.468 0 2859795595 2.791e-08 870323177 
7898.807 1 1075699702 4.1865e-07 2487301543 
8922.532 1 2235064901 3.0701e-07 870323177 
9113.432 1 426576124 3.0701e-07 265770918 
9212.303 0 197654791 2.791e-08 688805295 
10079.05 1 4259593397 3.3492e-07 3129006749 
11123.94 1 1068020906 0.0009543558100000001 3919026803 
11464.51 1 1222799196 3.0701e-07 1593891639 
11716.68 1 3534547045 3.0701e-07 582973675 
12153.6 1 2246051850 3.3492e-07 941534069 
12837.8 1 2246051850 3.6283e-07 1481166135 
15203.12 1 2246051850 3.9073999999999996e-07 1444500749 
15588.58 1 2235064901 3.3492e-07 1584276479 
16753.42 0 2038493855 2.791e-08 2349140130 
17944.68 1 3150846686 3.3492e-07 2737363250 
19188.76 1 3749853089 5.582e-08 3424908067 
19764.68 1 3737780296 3.3492e-07 3279231079 
20651.66 0 2859795595 2.791e-08 2178051842 
25839.99 1 3749853089 8.373e-08 2528553283 
26991.8 1 2799798816 3.0701e-07 2046083849 
31132.42 0 1541946641 2.791e-08 3497999925 
32282.77 1 1731090175 5.582e-08 3889879026 
33832.54 1 2235064901 3.6283e-07 4263717482 
34678.47 1 3373526895 3.9073999999999996e-07 387772665 
36031.23 1 1068020906 0.00095438371 1498734392 
36613.8 1 2235064901 4.1864999999999995e-07 3707189490 
37600.61 0 3534547045 3.0701e-07 331336395 
37688.92 1 3150846686 3.6283e-07 2308721517 
39091.23 0 1123501568 2.791e-08 2779686750 
42547.87 1 2235064901 4.4656e-07 2859795595 
44746.88 1 3150846686 3.9073999999999996e-07 3232700421 
47683.03 0 3197676583 2.791e-08 1503861029 
49899.06 1 2799798816 3.3492e-07 1035492323 
50155.53 1 4031050948 3.3492e-07 2504591099 
51138.98 1 1222799196 3.3492e-07 3555679070 
53478.59 1 3823443426 5.582e-08 2870158420 
56163.63 1 1068020906 0.00095441161 4274934102 
58514.89 1 3534547045 3.3492e-07 331336395 
60686.13 1 1068020906 0.0009544395100000001 3015378843 
69366.28 1 1731090175 8.373e-08 2349140130 
70134.55 0 1572835533 2.791e-07 3241671100 
70471.98 1 2340740170 3.0701e-07 2835620284 
70714.37 1 1068020906 0.00095446751 997905375 
72022.99 1 3150846686 4.1865e-07 4231632140 
73879.2 1 2406269022 5.582e-08 1206764858 
77670.35 0 3800234335 2.791e-08 1661091397 
80713.95 1 1731090175 1.1164e-07 1631081845 
83032.31 0 2235064901 4.4656e-07 1494141940 
87326.68 1 545239233 3.6283e-07 3071234124 
88548.08 2 3373526895 3.9074e-07 2455496064 3687573659 1.4e-08 3196256300 2.091e-08 848448836 2.091e-08 
89012.84 2 3921011129 3.0701e-07 3621383820 2211003714 1.4e-08 2916276788 2.091e-08 3696193412 2.091e-08 
90707.19 2 3534547045 3.3492002e-07 1731090175 15308464 1.4e-08 1239307652 1.627333e-08 1945448119 1.627333e-08 3396227953 1.627333e-08 3321237907 1.627333e-08 3187199216 1.627333e-08 3330100144 1.627333e-08 
90784.28 1 3534547045 3.4892e-07 15308464 
91234.02 1 1222799196 3.6283e-07 511603307 
91541.57 1 3534547045 3.6519332999999996e-07 3321237907 
96617.12 1 3921011129 3.2792e-07 2916276788 
98723.63 1 3534547045 3.8146663e-07 3330100144 
100701.5 0 2408568032 2.791e-08 343742982 
100912.1 1 3373526895 4.1165e-07 848448836 
102065.0 1 1068020906 0.0009544954100000001 2768642543 
106129.9 0 405521437 2.791e-08 2480932170 
113748.8 1 3373526895 4.3956e-07 3421887303 
114547.2 1 3534547045 4.0937669999999997e-07 3126241903 
118602.3 1 3737780296 3.6283e-07 1651612823 
118700.1 0 3497999925 2.791e-08 384163328 
126509.8 0 1493201942 2.791e-08 3616865126 
129315.2 0 3534547045 4.093767e-07 3187199216 
130696.5 0 3004792470 2.791e-07 3428193420 
132848.0 2 486050091 3.4050369999999996e-08 2393342300 310481256 2.176963e-08 
134619.0 1 3534547045 4.372867e-07 3919821980 
137166.4 0 3150420704 2.791e-08 1379399837 
140258.4 1 780264402 4.418333e-08 1945448119 
140942.7 1 3737780296 3.9073999999999996e-07 1664502715 
141699.7 0 2235064901 4.4656e-07 3687573659 
142798.0 0 1963165541 2.791e-08 2919643181 
149524.1 0 1503861029 2.791e-08 1593850299 
154335.1 0 3373526895 4.3956e-07 3908154577 
156612.7 1 2246051850 4.1865e-07 905418128 
157192.5 0 3534547045 4.372867e-07 3696193412 
157796.8 0 1572835533 2.791e-07 717226258 
159918.8 0 688805295 2.791e-08 314650893 
163573.3 1 1572835533 3.0701e-07 1434498202 
163993.0 1 3737780296 4.1865e-07 326805806 
164468.1 1 2799798816 3.6283e-07 3197676583 
171743.3 0 2246051850 4.1865e-07 2718413753 
172352.8 1 3534547045 4.5905633e-07 310481256 
183595.6 0 3534547045 4.590563e-07 3696193412 
185590.7 1 1068020906 0.00095452331 2250757420 
185774.2 0 3534547045 4.590563e-07 3696193412 
185845.2 1 3373526895 7.674799999999999e-07 3921011129 
188015.9 0 2235064901 4.4656e-07 1379399837 
193551.2 1 3373526895 7.883900000000001e-07 3196256300 
193953.0 0 3150846686 4.1865e-07 2932274237 
194868.0 1 1572835533 3.3492e-07 3498415124 
197001.7 1 3534547045 4.869663e-07 1735432893 
201790.4 1 1068020906 0.00095455121 3392858646 
206505.7 3 659524895 1.4612639999999998e-08 4122240121 817087088 2.060368e-08 551137729 2.060368e-08 
216923.3 1 3534547045 5.148763e-07 2038493855 
218239.0 0 290926289 2.791e-08 3382444416 
220862.1 1 1465560917 3.6283e-07 3497999925 
220894.5 1 3534547045 5.4892667e-07 486050091 
224289.7 0 545239233 3.6283e-07 40245973 
225516.0 0 1572835533 3.3492e-07 1516068388 
233118.6 0 3084497907 2.791e-08 1738899943 
233394.9 1 3534547045 5.9311003e-07 780264402 
241858.9 1 1465560917 3.9073999999999996e-07 6723929 
242879.7 0 925199572 2.791e-08 2211003714 
248048.6 0 1790255658 2.791e-08 2718413753 
257368.5 1 2799798816 6.419299999999999e-07 3004792470 
266327.8 1 1572835533 3.5552368e-07 817087088 
266832.1 1 2984600922 3.0701e-07 2710766136 
286864.5 0 2340740170 3.0701e-07 3241671100 
289694.7 1 179097684 3.0701e-07 862710978 
304659.4 1 2235064901 4.7447e-07 3061883439 
305098.4 1 2340740170 3.3492e-07 405521437 
308903.1 1 3737780296 7.5357e-07 4031050948 
309260.4 0 598947138 2.791e-08 873214132 
309339.5 1 3534547045 6.0938333e-07 3396227953 
329768.2 3 3084497907 1.4e-08 3908154577 1218250404 2.091e-08 1035956119 2.091e-08 
341964.5 0 1503861029 2.791e-08 551137729 
346396.7 0 3150846686 4.1865e-07 3732071459 
351374.8 1 2799798816 6.698400000000001e-07 2250879299 
382614.4 0 2326007700 2.791e-08 2906924538 
406026.7 1 2799798816 6.9775e-07 1156624510 
419801.7 0 3373526895 7.8839e-07 3696193412 
427739.3 0 2984600922 3.0701e-07 1458432161 
435481.4 0 2693713428 2.791e-08 1321648343 
435851.3 3 2693713428 2.076112e-08 2178051842 1211996162 1.752944e-08 188552836 1.752944e-08 
436244.3 1 426576124 3.3492e-07 1866926464 
436779.8 1 2693713428 3.829056e-08 1211996162 
437819.2 1 1465560917 4.1865e-07 3953846011 
451912.3 0 1458665800 2.791e-08 1037584679 
458279.9 2 2466232951 3.594633e-08 770580294 2029773149 1.987367e-08 
464750.4 0 545239233 3.6283e-07 1502094437 
465697.0 1 3749853089 1.1164e-07 1661091397 
475165.0 1 1465560917 4.4656e-07 2451350669 
476980.0 0 3373526895 7.8839e-07 287801793 
492762.5 0 3696193412 2.091e-08 3084497907 
501538.0 1 1222799196 3.9877633e-07 2466232951 
504520.1 0 911013108 2.791e-08 1458432161 
509876.3 1 3747246174 5.582e-08 4252347608 
512732.4 1 3737780296 1.0326699999999999e-06 2519559028 
525997.6 0 3373526895 7.8839e-07 1218250404 
536206.1 1 2235064901 4.9538e-07 1218250404 
554453.1 0 2235064901 4.9538e-07 3150420704 
555163.6 3 129185354 1.4e-08 2409063466 302486611 2.091e-08 1842102965 2.091e-08 
572826.1 0 598947138 2.791e-08 659524895 
585013.2 0 179097684 3.0701e-07 3704423751 
597832.9 1 3534547045 6.302933000000001e-07 3696193412 
600060.0 1 3737780296 1.0605800000000001e-06 3176785673 
603159.6 1 1068020906 0.00095457911 3481866093 
609797.9 0 1037584679 2.791e-08 3326748277 
611852.0 0 1502094437 2.791e-08 925199572 
619897.4 1 3534547045 6.582033e-07 3150420704 
621562.5 3 3428193420 2.791e-08 129185354 1285693762 1.4e-08 
623025.5 0 2235064901 4.9538e-07 3121047530 
628455.4 0 179097684 3.0701e-07 3704423751 
629442.3 0 179097684 3.0701e-07 3704423751 
632440.4 1 179097684 3.3492e-07 3704423751 
636242.5 0 2235064901 4.9538e-07 858320168 
655091.3 1 2235064901 5.232900000000001e-07 3326748277 
655530.0 1 1075699702 4.4656e-07 1321648343 
657257.5 2 3373526895 1.28186046e-06 2235064901 1078741991 1.490977e-08 2723643411 1.490977e-08 
662751.5 1 2799798816 1.00476e-06 2984600922 
695435.5 1 3373526895 1.2967697699999998e-06 2723643411 
700102.0 0 3373526895 1.29677e-06 1494141940 
703431.1 0 2693713428 3.829056e-08 1379399837 
712849.2 3 1502094437 1.4e-08 2779686750 1804212609 2.091e-08 438292632 2.091e-08 
714483.4 1 1222799196 4.545963e-07 3823443426 
719615.3 3 3116505811 1.8075e-08 1738899943 2001290253 1.88725e-08 3147695692 1.88725e-08 
719807.9 0 1019134040 2.791e-08 2932274237 
733690.2 0 333964007 2.791e-08 197654791 
759915.1 0 3373526895 1.29677e-06 1379399837 
764109.4 1 3150846686 4.4656e-07 1458665800 
773488.6 0 197654791 2.791e-08 257754683 
776119.7 2 2246051850 4.186501000000001e-07 2340740170 3179285865 2.422336e-08 2173231515 1.412257e-08 740082705 1.412257e-08 2795063678 1.412257e-08 3642829293 1.412257e-08 2707128518 1.412257e-08 474866315 1.412257e-08 1639799867 1.412257e-08 1026028388 1.412257e-08 1128056158 1.412257e-08 2909632847 1.412257e-08 937177227 1.412257e-08 3393811039 1.412257e-08 611212867 1.412257e-08 1104410542 1.412257e-08 2328232000 1.412257e-08 2999719241 1.412257e-08 1931993247 1.412257e-08 1494850122 1.412257e-08 3414514926 1.412257e-08 2312786130 1.412257e-08 3537925318 1.412257e-08 1634407402 1.412257e-08 
776123.4 1 3179285865 3.834593e-08 1634407402 
782332.9 0 1494850122 1.412257e-08 2328232000 
782940.2 0 2246051850 4.1865e-07 2909632847 
784748.7 1 2246051850 4.3277257e-07 1128056158 
787747.6 0 3393811039 1.412257e-08 474866315 
797511.4 3 1842102965 2.091e-08 1285693762 3869596591 1.4e-08 
805957.6 0 1035956119 2.091e-08 3084497907 
806535.1 1 545239233 3.9073999999999996e-07 2125112500 
826361.7 2 3150846686 4.5574934e-07 3114612365 3375523036 1.872066e-08 
828633.5 1 3414514926 2.824514e-08 1104410542 
833146.0 3 3747246174 1.4e-08 925199572 772925454 1.74325e-08 2215785330 1.74325e-08 3491092596 1.74325e-08 57770090 1.74325e-08 
848065.3 0 4226750145 2.791e-08 2911053862 
848666.5 3 2693713428 1.4e-08 3084497907 3071577057 1.914528e-08 1452489764 1.914528e-08 
853891.7 1 3150846686 4.697493e-07 1502094437 
858425.3 0 2932274237 2.791e-08 740082705 
859769.4 0 482917538 2.791e-08 3147695692 
861170.3 0 57770090 1.74325e-08 772925454 
865191.2 0 438292632 2.091e-08 3116505811 
883578.5 1 2799798816 1.03267e-06 2620740164 
886611.1 0 611212867 1.412257e-08 2707128518 
893681.3 1 3749853089 1.290725e-07 772925454 
896512.3 1 1068020906 0.0009546070100000001 266059373 
907722.0 0 545239233 3.9074e-07 1239307652 
911662.4 0 3800234335 2.791e-08 2215785330 
915024.3 0 259930472 2.791e-08 551137729 
923286.2 0 545239233 3.9074e-07 1493201942 
927271.4 3 1790255658 1.4e-08 343742982 4260098875 2.091e-08 3696843781 2.091e-08 
934401.9 1 3373526895 1.31167977e-06 1078741991 
938221.9 0 3616865126 2.791e-08 2312786130 
946869.3 3 1493201942 2.3629169999999997e-08 3147695692 2138100036 2.315333e-08 
952996.5 1 3373526895 1.33483333e-06 2138100036 
964397.7 0 3150846686 4.697493e-07 1804212609 
969492.4 0 561528368 2.791e-08 474866315 
981425.3 1 1075699702 4.7447e-07 1415695418 
983178.3 3 873214132 1.4e-08 688805295 1726701215 2.091e-08 1412415798 2.091e-08 
987289.2 1 1572835533 3.834337e-07 3428193420 
1010762.0 0 1037584679 2.791e-08 3869596591 
1023905.0 0 3179285865 3.834593e-08 2263814062 
1037042.0 0 3775452048 2.791e-08 2909632847 
1051239.0 0 384163328 2.791e-08 561528368 
1057222.0 2 3737780296 1.38088039e-06 426576124 375852842 1.461961e-08 
1060704.0 1 3749853089 1.46505e-07 2215785330 
1066265.0 1 1068020906 0.00095463491 4028593304 
1067498.0 1 373638573 1.00000002791 1227575429 
1069056.0 1 1222799196 4.7519998e-07 551137729 
1079180.0 0 438292632 2.091e-08 3375523036 
1080660.0 3 4226750145 1.3999990000000001e-08 474866315 3593732192 1.401629e-08 3888264012 1.401629e-08 
1085135.0 1 1572835533 4.113437e-07 2870037616 
1085926.0 0 40245973 2.791e-08 257754683 
1090653.0 1 1068020906 0.00095466281 728028737 
1093984.0 1 3150846686 4.976593e-07 1379399837 
1099687.0 2 1639799867 1.4245140000000001e-08 2795063678 313359544 1.4e-08 
1100699.0 0 384163328 2.791e-08 3537925318 
1102719.0 0 482917538 2.791e-08 3888264012 
1103484.0 0 3373526895 1.334833e-06 2211003714 
1104089.0 1 40245973 5.1539170000000004e-08 1493201942 
1108972.0 0 561528368 2.791e-08 2693713428 
1116928.0 0 3737780296 1.38088e-06 443746396 
1139707.0 0 3150846686 4.976593e-07 2263814062 
1142120.0 0 1222799196 4.752e-07 1412415798 
1159490.0 1 1075699702 4.9538e-07 3696843781 
1163450.0 1 1465560917 4.7447e-07 790319072 
1169821.0 3 3800234335 1.4000000000000003e-08 1035956119 217284033 1.741e-08 2151269300 1.741e-08 
1169993.0 1 3534547045 6.861133000000001e-07 1494141940 
1176471.0 0 3373526895 1.334833e-06 1239307652 
1178657.0 0 2151269300 1.741e-08 3800234335 
1196288.0 3 1593850299 1.4e-08 1037584679 3913511150 2.091e-08 2962530363 2.091e-08 
1208581.0 0 57770090 1.74325e-08 2151269300 
1244867.0 0 545239233 3.9074e-07 2718413753 
1261447.0 3 3913511150 2.091e-08 3687573659 2063946235 1.4e-08 
1261701.0 1 545239233 4.1865e-07 314650893 
1281883.0 0 257754683 2.791e-08 1593850299 
1285851.0 0 3393811039 1.412257e-08 1026028388 
1288653.0 2 3150846686 8.7061681e-07 545239233 1172086036 1.523083e-08 690117576 1.523083e-08 3288380490 1.523083e-08 
1295459.0 1 3534547045 7.035232999999999e-07 217284033 
1303891.0 1 3150846686 8.985268000000001e-07 290926289 
1304829.0 2 438292632 2.214083e-08 1172086036 845665321 1.4e-08 
1305005.0 0 3150846686 8.985268e-07 3913511150 
1311498.0 1 2799798816 1.0605800000000001e-06 739080713 
1317951.0 0 3150846686 8.985268e-07 690117576 
1363145.0 0 2246051850 4.327726e-07 242414939 
1365173.0 0 1465560917 4.7447e-07 1842102965 
1366573.0 3 3749853089 1.2527286e-07 2151269300 3122982648 1.932107e-08 1471982444 1.932107e-08 
1375462.0 1 1465560917 4.8859257e-07 1026028388 
1390582.0 3 57770090 1.74325e-08 3747246174 3303338876 1.4e-08 
1407756.0 2 1452489764 1.9267850000000003e-08 3393811039 2875471576 1.4e-08 
1412631.0 0 315200650 2.791e-08 384163328 
1425729.0 2 1471982444 2.330539e-08 3122982648 1738909006 1.533675e-08 
1425941.0 1 1471982444 3.864214e-08 1738909006 
1433195.0 1 3150846686 9.1605624e-07 188552836 
1467853.0 0 3534547045 7.035233e-07 3800234335 
1476688.0 3 1123501568 1.3999990000000001e-08 2999719241 356405251 1.401629e-08 2879167783 1.401629e-08 
1496649.0 0 179097684 3.3492e-07 57770090 
1500665.0 2 2962530363 2.251305e-08 3116505811 3083352544 1.647194e-08 
1529679.0 2 4259593397 3.3492e-07 3179285865 4198169764 1.4e-08 821115011 2.434593e-08 
1539457.0 3 2799798816 1.0605799199999996e-06 1075699702 2118016430 5.509855e-08 1945735688 1.420263e-08 4093093422 1.420263e-08 2842015324 1.420263e-08 1249238030 1.420263e-08 3214077756 1.420263e-08 879162223 1.420263e-08 3884425642 1.420263e-08 1149406307 1.420263e-08 3528332227 1.420263e-08 4004407106 1.420263e-08 451270221 1.420263e-08 3149440925 1.420263e-08 2250775120 1.420263e-08 1130108289 1.420263e-08 2177968201 1.420263e-08 2914302410 1.420263e-08 3655816389 1.420263e-08 3485819286 1.420263e-08 1382686479 1.420263e-08 1803925302 1.420263e-08 3293059020 1.420263e-08 378125977 1.420263e-08 2159618959 1.420263e-08 2441325815 1.420263e-08 3401497744 1.420263e-08 4069401935 1.420263e-08 134948105 1.420263e-08 1998372786 1.420263e-08 2455922112 1.420263e-08 3059103076 1.420263e-08 432337108 1.420263e-08 
1539457.0 1 2118016430 6.930118e-08 432337108 
1539457.0 1 2118016430 8.350381e-08 1945735688 
1540322.0 0 1998372786 1.420263e-08 4069401935 
1543314.0 0 2799798816 1.06058e-06 838860310 
1566318.0 1 1068020906 0.00095469071 3037779432 
1573187.0 1 3534547045 7.314333000000001e-07 2718413753 
1580972.0 1 2799798816 1.07478263e-06 4093093422 
1599858.0 1 373638573 1.00000002791 1878784256 
1605120.0 0 3012070026 2.791e-08 1239791232 
1616517.0 1 3528332227 2.820263e-08 4198169764 
1632750.0 2 611212867 1.4245140000000001e-08 2909632847 1902671923 1.4e-08 
1635046.0 1 611212867 2.824515e-08 1902671923 
1635551.0 0 1412415798 2.091e-08 937177227 
1639992.0 0 3150846686 9.160563e-07 1019134040 
1648172.0 0 179097684 3.3492e-07 3020817656 
1654489.0 0 179097684 3.3492e-07 3020817656 
1666024.0 0 3775452048 2.791e-08 3293059020 
1679591.0 0 179097684 3.3492e-07 3020817656 
1683858.0 0 257754683 2.791e-08 2879167783 
1685127.0 0 740082705 1.412257e-08 3888264012 
1686334.0 1 373638573 1.00000002791 4046076794 
1691847.0 3 3616865126 1.400001e-08 3288380490 4209590891 1.457041e-08 77395223 1.457041e-08 
1694991.0 0 3749853089 1.252729e-07 57770090 
1697646.0 0 3373526895 1.334833e-06 287801793 
1705113.0 0 4209590891 1.457041e-08 3642829293 
1709088.0 2 179097684 4.0695606999999997e-07 3749853089 3592986772 1.774561e-08 1246511018 1.774561e-08 3986570268 1.774561e-08 
1709313.0 1 179097684 4.2470161e-07 3986570268 
1716232.0 1 179097684 4.4244721000000004e-07 1246511018 
1723697.0 3 717226258 1.4000000000000003e-08 1412415798 174500547 1.741e-08 4083845756 1.741e-08 
1729203.0 1 179097684 4.6019281e-07 3592986772 
1730607.0 1 3534547045 7.4770663e-07 3187199216 
1733111.0 1 373638573 1.00000002791 921425487 
1753032.0 0 3534547045 7.477067e-07 3303338876 
1762631.0 0 2799798816 1.074783e-06 3382444416 
1773467.0 0 4260098875 2.091e-08 873214132 
1831031.0 1 1222799196 4.8940263e-07 2177968201 
1840662.0 1 3150846686 9.3067591e-07 375852842 
1848380.0 2 3401497744 1.43252e-08 937177227 110358663 1.4e-08 
1852975.0 1 3534547045 7.756167e-07 3121047530 
1859035.0 1 4259593397 3.4904256999999996e-07 1931993247 
1860033.0 0 2246051850 4.327726e-07 77395223 
1864915.0 0 3373526895 1.334833e-06 3838279446 
1884280.0 3 869234806 5.5819989999999996e-08 40245973 1370908750 1.4e-08 1837234470 1.876959e-08 2945849429 1.876959e-08 
1919583.0 0 57770090 1.74325e-08 3303338876 
1922478.0 3 2298477853 1.4000000000000003e-08 1842102965 66296937 1.741e-08 976558236 1.741e-08 
1944478.0 2 3293059020 1.43252e-08 2173231515 2438291630 1.4e-08 
1946140.0 1 3293059020 2.83252e-08 2438291630 
1977070.0 3 1471982444 1.4791959999999998e-08 3303338876 906368509 1.892509e-08 3783228500 1.892509e-08 
1977598.0 1 3373526895 1.348833e-06 2693713428 
1979408.0 0 906368509 1.892509e-08 1471982444 
1987737.0 1 906368509 3.371704e-08 1471982444 
1997102.0 1 2246051850 4.5191787999999997e-07 3071577057 
2005799.0 0 906368509 3.371705e-08 3491092596 
2010914.0 0 3357643131 2.791e-08 1370908750 
2017117.0 1 373638573 1.00000001420263 2159618959 
2024287.0 0 4259593397 3.490426e-07 1541946641 
2035390.0 0 3150846686 9.306759e-07 659524895 
2075026.0 0 2962530363 2.251305e-08 3375523036 
2076295.0 0 438292632 2.214083e-08 110358663 
2079334.0 3 2919643181 1.4e-08 287801793 2858952728 2.091e-08 395113485 2.091e-08 
2097197.0 0 906368509 3.371705e-08 3491092596 
2111889.0 3 3293059020 2.4516320000000002e-08 2328232000 4019363830 1.793145e-08 
2124187.0 3 4004407106 1.420263e-08 4226750145 3016084464 1.4e-08 
2166836.0 3 259930472 2.1517449999999998e-08 356405251 921818415 2.040884e-08 
2182927.0 1 3150846686 9.5519223e-07 3293059020 
2189621.0 0 690117576 1.523083e-08 2919643181 
2189694.0 3 4083845756 1.741e-08 3616865126 2892683898 1.4e-08 
2192680.0 2 482917538 2.792629e-08 2879167783 3697249003 1.4e-08 
2193159.0 1 3534547045 8.314367e-07 2406269022 
2198527.0 2 57770090 1.7757700000000003e-08 3401497744 3983774618 1.4e-08 
2198557.0 1 1572835533 4.253437e-07 313359544 
2202831.0 0 2892683898 1.4e-08 717226258 
2227402.0 0 77395223 1.457041e-08 451270221 
2229861.0 1 179097684 4.939099499999999e-07 906368509 
2245034.0 1 3150846686 9.831022e-07 2937387076 
2250463.0 0 4259593397 3.490426e-07 1452489764 
2389750.0 1 3373526895 1.362833e-06 2919643181 
2390162.0 1 373638573 1.00000001420263 1803925302 
2423365.0 1 2246051850 4.728279e-07 395113485 
2434057.0 0 2246051850 4.728279e-07 3485819286 
2441875.0 3 3697249003 1.4e-08 2875471576 4187488967 1.4e-08 
2453767.0 2 1804212609 2.1032570000000002e-08 2312786130 898751805 1.4e-08 
2472669.0 1 1572835533 4.3954633e-07 1998372786 
2489722.0 1 1222799196 5.103126000000001e-07 4260098875 
2491680.0 1 3373526895 1.38210085e-06 1452489764 
2505967.0 1 373638573 1.0000000835038 2118016430 
2526942.0 1 373638573 1.00000002791 4188445920 
2531705.0 3 4259593397 3.1178393e-07 57770090 3632514288 1.833879e-08 410848061 1.833879e-08 2791633391 1.833879e-08 
2541497.0 1 373638573 1.00000001420263 1382686479 
2542579.0 3 3373526895 1.38210096e-06 2246051850 630280293 1.706282e-08 4212779140 1.424266e-08 3459374364 1.424266e-08 2125331604 1.424266e-08 3113062634 1.424266e-08 847040419 1.424266e-08 4240624600 1.424266e-08 1565786989 1.424266e-08 2286860921 1.424266e-08 3707879645 1.424266e-08 2746930994 1.424266e-08 4075596975 1.424266e-08 4283280385 1.424266e-08 538453177 1.424266e-08 3121292019 1.424266e-08 3349724438 1.424266e-08 4253718737 1.424266e-08 3297362622 1.424266e-08 1751902433 1.424266e-08 2878871175 1.424266e-08 3083717413 1.424266e-08 220564665 1.424266e-08 3653734512 1.424266e-08 3815024321 1.424266e-08 1428265047 1.424266e-08 3604532305 1.424266e-08 1869365069 1.424266e-08 965372172 1.424266e-08 607396504 1.424266e-08 2533881277 1.424266e-08 472358284 1.424266e-08 1950077488 1.424266e-08 1820499179 1.424266e-08 
2542604.0 0 3373526895 1.382101e-06 607396504 
2543933.0 1 3373526895 1.39634366e-06 4253718737 
2545458.0 0 3373526895 1.396344e-06 3707879645 
2545482.0 1 3373526895 1.41058666e-06 4240624600 
2546150.0 1 3373526895 1.42764982e-06 630280293 
2546380.0 0 3373526895 1.427649e-06 538453177 
2549526.0 1 1869365069 2.848532e-08 3121292019 
2553047.0 1 3373526895 1.44189166e-06 538453177 
2558571.0 1 3373526895 1.4561346599999999e-06 3349724438 
2564334.0 0 3491092596 1.74325e-08 1149406307 
2567584.0 0 3373526895 1.456135e-06 472358284 
2567704.0 1 3373526895 1.47037766e-06 847040419 
2568174.0 0 3373526895 1.470377e-06 3113062634 
2568417.0 3 869234806 2.1458229999999993e-08 898751805 4055959668 1.612059e-08 528880979 1.612059e-08 3778036871 1.612059e-08 
2568455.0 1 3373526895 1.4846196599999999e-06 1820499179 
2570739.0 1 3373526895 1.49886266e-06 1428265047 
2571291.0 1 3373526895 1.51310566e-06 2746930994 
2576552.0 0 3414514926 2.824515e-08 2707128518 
2579331.0 0 3373526895 1.513105e-06 3113062634 
2589945.0 0 179097684 4.939099e-07 3020817656 
2590902.0 1 3373526895 1.52734766e-06 4283280385 
2597156.0 1 3373526895 1.54159066e-06 965372172 
2611315.0 1 3778036871 3.224118e-08 528880979 
2611539.0 0 3373526895 1.541591e-06 1565786989 
2613957.0 1 3373526895 1.55583366e-06 2125331604 
2628667.0 0 2441325815 1.420263e-08 1593850299 
2630060.0 3 1541946641 2.595314e-08 3113062634 1405660995 1.619952e-08 
2633167.0 1 3737780296 1.39921879e-06 2791633391 
2639689.0 0 179097684 4.939099e-07 1405660995 
2641581.0 1 179097684 5.081525599999999e-07 2533881277 
2648635.0 1 3373526895 1.57007566e-06 3459374364 
2657251.0 1 3150846686 1.0090553300000002e-06 1541946641 
2658868.0 1 373638573 1.00000001420263 2441325815 
2660719.0 1 3373526895 1.58431866e-06 2286860921 
2664529.0 0 2799798816 1.074783e-06 3490627259 
2687906.0 0 4075596975 1.424266e-08 1123501568 
2689104.0 1 3373526895 1.5985616599999999e-06 3653734512 
2702209.0 1 1465560917 5.0283526e-07 3604532305 
2704507.0 2 3083717413 1.444529e-08 3655816389 3662110242 1.4e-08 
2707418.0 0 220564665 1.424266e-08 3697249003 
2713260.0 0 3373526895 1.598561e-06 410848061 
2727438.0 2 3059103076 1.4405259999999999e-08 4004407106 2247026945 1.4e-08 
2741875.0 3 257754683 1.3999989999999996e-08 3632514288 4032129539 1.61244e-08 4035587434 1.61244e-08 
2758702.0 1 3373526895 1.61280366e-06 607396504 
2761030.0 1 3150846686 1.0300875700000001e-06 1804212609 
2766048.0 0 4035587434 1.61244e-08 257754683 
2766617.0 3 3778036871 1.3999990000000003e-08 4209590891 3111692719 1.64058e-08 1398579088 1.64058e-08 
2768493.0 0 1516068388 2.791e-08 869234806 
2778295.0 1 3373526895 1.62704666e-06 3815024321 
2779621.0 3 4019363830 1.6942360000000003e-08 1950077488 2501379955 1.523175e-08 
2792021.0 3 1869365069 1.3999989999999998e-08 472358284 3332562587 1.436399e-08 3562383954 1.436399e-08 
2813053.0 1 3150846686 1.044088e-06 4187488967 
2815078.0 0 3534547045 8.314367e-07 1239307652 
2833909.0 1 3150846686 1.06622883e-06 438292632 
2847492.0 1 3150846686 1.087139e-06 2858952728 
2849484.0 1 373638573 1.00000002791 858320168 
2856290.0 1 3150846686 1.10138166e-06 3297362622 
2858561.0 1 1465560917 5.168352e-07 3662110242 
2858836.0 2 3491092596 1.7675160000000002e-08 220564665 2521380987 1.4e-08 
2877294.0 1 3373526895 1.641047e-06 717226258 
2878652.0 0 3373526895 1.641047e-06 3888264012 
2884414.0 0 179097684 5.081526e-07 3332562587 
2886377.0 0 3373526895 1.641047e-06 2501379955 
2888176.0 1 373638573 1.00000001420263 3214077756 
2894348.0 1 2799798816 1.088783e-06 1370908750 
2914912.0 1 373638573 1.00000001833879 410848061 
2922360.0 1 3534547045 8.475611000000001e-07 4035587434 
2926692.0 3 3775452048 1.3999990000000001e-08 740082705 4119421155 1.401629e-08 1913762779 1.401629e-08 
2929958.0 3 2932274237 2.2024590000000002e-08 77395223 3678948817 2.045582e-08 
2934265.0 1 3373526895 1.655047e-06 257754683 
2950598.0 0 1465560917 5.168352e-07 4032129539 
2953242.0 0 2945849429 1.876959e-08 1123501568 
2954289.0 1 373638573 1.00000001420263 1149406307 
2960274.0 3 3020817656 1.399999e-08 3783228500 2489195127 1.641755e-08 3929228125 1.641755e-08 
2993526.0 3 3150846686 1.1013809e-06 1572835533 3160344427 1.4e-08 3182159117 1.418488e-08 766581564 1.418488e-08 3702894340 1.418488e-08 3532745758 1.418488e-08 1072840122 1.418488e-08 3294683754 1.418488e-08 1676003954 1.418488e-08 4285585893 1.418488e-08 2674988631 1.418488e-08 406745133 1.418488e-08 2883513480 1.418488e-08 783121895 1.418488e-08 2683944377 1.418488e-08 2961226102 1.418488e-08 301219709 1.418488e-08 1743198400 1.418488e-08 3059144981 1.418488e-08 3952655669 1.418488e-08 2848685905 1.418488e-08 1826422368 1.418488e-08 896813269 1.418488e-08 37051273 1.418488e-08 1867247157 1.418488e-08 3633199892 1.418488e-08 1736323711 1.418488e-08 283080478 1.418488e-08 785216844 1.418488e-08 3006103420 1.418488e-08 2898323513 1.418488e-08 1199222225 1.418488e-08 
2993528.0 1 37051273 2.836976e-08 896813269 
2993632.0 0 3150846686 1.101381e-06 3182159117 
2994143.0 1 3929228125 3.041755e-08 3020817656 
2994566.0 0 3150846686 1.101381e-06 1867247157 
2994651.0 0 3150846686 1.101381e-06 1743198400 
2994966.0 0 2263814062 2.791e-08 110358663 
3002547.0 3 1019134040 1.4000000000000001e-08 3702894340 3755198008 1.404744e-08 2795041644 1.404744e-08 
3006875.0 3 1676003954 1.418488e-08 3697249003 3492274228 1.4e-08 
3007041.0 0 3373526895 1.655047e-06 3562383954 
3022515.0 0 3633199892 1.418488e-08 783121895 
3025027.0 0 66296937 1.741e-08 2961226102 
3028158.0 1 3373526895 1.66928966e-06 1751902433 
3034554.0 3 1869365069 1.4e-08 2298477853 1420914473 1.4e-08 
3036391.0 2 2962530363 2.269793e-08 3294683754 439844059 1.4e-08 
3040840.0 1 3373526895 1.68347388e-06 1826422368 
3044256.0 3 1398579088 1.64058e-08 1790255658 3802520055 1.4e-08 
3046257.0 0 3373526895 1.683474e-06 406745133 
3049328.0 1 1222799196 5.2449748e-07 3059144981 
3052537.0 2 2883513480 1.420117e-08 3888264012 3012889883 1.4e-08 
3059602.0 3 333964007 1.4000000000000001e-08 301219709 3363823620 1.404744e-08 1086559163 1.404744e-08 
3062473.0 2 4019363830 1.718501e-08 3707879645 3063534263 1.4e-08 
3063715.0 3 4285585893 1.418488e-08 333964007 2013640095 1.4e-08 
3064555.0 3 1072840122 1.418488e-08 3775452048 1461359102 1.4e-08 
3067575.0 0 1398579088 1.64058e-08 3755198008 
3070374.0 1 3373526895 1.69765888e-06 1867247157 
3087160.0 2 3373526895 1.697659e-06 3929228125 2027098952 1.4e-08 4167430602 1.641755e-08 
3093958.0 3 1199222225 1.418488e-08 3800234335 4096225443 1.4e-08 
3097588.0 0 1199222225 1.418488e-08 4096225443 
3102957.0 2 378125977 1.425007e-08 1086559163 781549661 1.4e-08 
3103791.0 2 2674988631 1.4307450000000002e-08 1494850122 907719639 1.4e-08 
3104555.0 1 3373526895 1.71184388e-06 4285585893 
3108219.0 0 302486611 2.091e-08 3012889883 
3110653.0 1 3150846686 1.11539729e-06 4119421155 
3127138.0 3 482917538 1.4000010000000001e-08 406745133 1906851972 1.405558e-08 2597880038 1.405558e-08 
3130968.0 2 3083352544 1.874527e-08 1239307652 1896745001 1.4e-08 
3138375.0 1 3373526895 1.72608666e-06 1565786989 
3143938.0 1 1906851972 2.8055580000000002e-08 482917538 
3145385.0 3 4167430602 1.590769e-08 2211003714 2378434411 1.450986e-08 
3146538.0 0 2962530363 2.269793e-08 2683944377 
3158290.0 0 37051273 2.836975e-08 2707128518 
3164126.0 0 3475245566 2.791e-08 953296898 
3167040.0 1 3150846686 1.1374225900000001e-06 2932274237 
3173784.0 3 3732071459 1.3999999999999998e-08 4075596975 1837088337 1.407633e-08 1543523724 1.407633e-08 
3173956.0 0 3534547045 8.475611e-07 2521380987 
3199883.0 0 2898323513 1.418488e-08 2597880038 
3209522.0 0 921818415 2.040884e-08 3884425642 
3226459.0 1 3150846686 1.15154457e-06 3642829293 
3230931.0 3 2263814062 2.229041e-08 1199222225 1761715697 1.980447e-08 
3231955.0 1 3373526895 1.753996e-06 3891448235 
3235352.0 1 3534547045 8.615611e-07 2521380987 
3260599.0 2 1072840122 1.423232e-08 2795041644 3099973400 1.4e-08 
3262605.0 1 3373526895 1.76990368e-06 4167430602 
3265818.0 2 3491092596 1.7860040000000002e-08 2683944377 2789348510 1.4e-08 
3276236.0 0 37051273 2.836975e-08 1896745001 
3276746.0 3 3373526895 1.769904e-06 1906851972 1371202285 1.4e-08 629078091 1.405558e-08 
3277610.0 1 3373526895 1.7839595800000001e-06 629078091 
3287487.0 1 3534547045 8.755611e-07 2027098952 
3292258.0 1 3150846686 1.16572988e-06 783121895 
3297293.0 3 179097684 4.7732733e-07 1405660995 754560055 1.567493e-08 1737134642 1.567493e-08 37613351 1.567493e-08 
3299493.0 1 179097684 4.9300223e-07 37613351 
3301893.0 0 3952655669 1.418488e-08 3099973400 
3307486.0 0 3373526895 1.78396e-06 1503861029 
3307643.0 3 3357643131 2.791e-08 1593850299 3434666020 1.4e-08 
3321264.0 3 4019363830 1.718501e-08 3983774618 2369258877 1.4e-08 
3328715.0 3 2878871175 1.424266e-08 3434666020 3563522875 1.4e-08 
3331254.0 2 2799798816 1.13445179e-06 1465560917 249728555 1.427777e-08 4285226245 1.427777e-08 2707460946 1.427777e-08 2606325002 1.427777e-08 1541925803 1.427777e-08 2024675612 1.427777e-08 1292023300 1.427777e-08 3302973195 1.427777e-08 875106938 1.427777e-08 3314075649 1.427777e-08 2589646060 1.427777e-08 3433591204 1.427777e-08 1848242772 1.427777e-08 250719570 1.427777e-08 2681498831 1.427777e-08 481808867 1.427777e-08 2066612683 1.427777e-08 3458484829 1.427777e-08 2719204682 1.427777e-08 4256642775 1.427777e-08 2449448537 1.427777e-08 463844675 1.427777e-08 3167902617 1.427777e-08 579073438 1.427777e-08 3468130899 1.427777e-08 393090083 1.427777e-08 2343849308 1.427777e-08 1055469694 1.427777e-08 627452446 1.427777e-08 2014426858 1.427777e-08 2716949832 1.427777e-08 552634658 1.427777e-08 3736523900 1.427777e-08 
3331513.0 1 2799798816 1.1487297700000001e-06 3433591204 
3332168.0 0 2480932170 2.791e-08 3375523036 
3334106.0 2 2263814062 2.269566e-08 3059103076 2213923665 1.4e-08 
3334737.0 2 2263814062 2.3205520000000002e-08 2378434411 1503202005 1.4e-08 
3335286.0 1 3373526895 1.8000843999999999e-06 4032129539 
3339102.0 1 3373526895 1.8188535899999999e-06 1837234470 
3342439.0 1 2799798816 1.16291388e-06 3182159117 
3358974.0 3 283080478 1.418488e-08 3563522875 3202152185 1.4e-08 
3359886.0 3 561528368 1.3999999999999998e-08 4212779140 2622395779 1.407633e-08 3607413901 1.407633e-08 
3360466.0 1 2799798816 1.1771917700000001e-06 2066612683 
3361352.0 0 3468130899 1.427777e-08 781549661 
3363252.0 1 179097684 5.0867713e-07 754560055 
3365256.0 1 2799798816 1.19146977e-06 481808867 
3368157.0 1 2799798816 1.20574777e-06 2681498831 
3380615.0 0 283080478 1.418488e-08 3160344427 
3382134.0 0 3475245566 2.791e-08 2956861855 
3385880.0 0 2622395779 1.407633e-08 561528368 
3399734.0 0 463844675 1.427777e-08 2892683898 
3404668.0 0 2024675612 1.427777e-08 249728555 
3413246.0 1 2799798816 1.226657e-06 1726701215 
3415416.0 3 3357643131 2.791e-08 2369258877 649593533 1.4e-08 
3417471.0 1 3373526895 1.8470991500000002e-06 611212867 
3427794.0 1 1222799196 5.3857383e-07 3607413901 
3431578.0 1 2799798816 1.24093477e-06 2589646060 
3431754.0 1 3373526895 1.8659715e-06 2001290253 
3438508.0 0 302486611 2.091e-08 1743198400 
3441532.0 2 869234806 2.150567e-08 3755198008 66987975 1.4e-08 
3450566.0 0 3241671100 2.791e-08 3099973400 
3476092.0 0 3373526895 1.865971e-06 766581564 
3480726.0 0 2263814062 2.320553e-08 845665321 
3489838.0 2 3314075649 1.4462650000000001e-08 2848685905 483021244 1.4e-08 
3493295.0 0 2408568032 2.791e-08 283080478 
3502430.0 2 3534547045 8.755612499999997e-07 179097684 3707800333 1.4e-08 3528190190 1.413363e-08 2185291493 1.413363e-08 550176535 1.413363e-08 1674415855 1.413363e-08 4287239676 1.413363e-08 3884987045 1.413363e-08 1960974751 1.413363e-08 309459595 1.413363e-08 2348040613 1.413363e-08 3180086772 1.413363e-08 3833074883 1.413363e-08 1462644303 1.413363e-08 4088625113 1.413363e-08 1237914369 1.413363e-08 2733144751 1.413363e-08 1649557018 1.413363e-08 1831065885 1.413363e-08 79461789 1.413363e-08 1621314342 1.413363e-08 2016090987 1.413363e-08 1553963666 1.413363e-08 1002680420 1.413363e-08 734120091 1.413363e-08 2475979558 1.413363e-08 2649056468 1.413363e-08 3381587904 1.413363e-08 175860597 1.413363e-08 1089013536 1.413363e-08 552498239 1.413363e-08 481049431 1.413363e-08 2950407739 1.413363e-08 72955594 1.413363e-08 1771264541 1.413363e-08 2353028958 1.413363e-08 2980075456 1.413363e-08 
3502550.0 1 3534547045 8.8969473e-07 1771264541 
3502602.0 1 2980075456 2.826726e-08 2185291493 
3502717.0 1 3534547045 9.0382833e-07 1649557018 
3502763.0 1 3534547045 9.1796193e-07 1553963666 
3502904.0 0 3534547045 9.17962e-07 2353028958 
3503023.0 1 3534547045 9.320956300000001e-07 2353028958 
3503177.0 1 2016090987 2.826726e-08 1960974751 
3503295.0 1 3534547045 9.4622923e-07 4287239676 
3503676.0 1 3534547045 9.6036283e-07 72955594 
3503843.0 1 3534547045 9.7449653e-07 550176535 
3503886.0 0 481049431 1.413363e-08 3884987045 
3505087.0 1 3534547045 9.8863013e-07 2475979558 
3506090.0 1 3534547045 1.0168973700000002e-06 2016090987 
3506124.0 1 3534547045 1.03103063e-06 1002680420 
3506906.0 1 3534547045 1.04516463e-06 79461789 
3507339.0 0 1621314342 1.413363e-08 4088625113 
3507985.0 0 3534547045 1.045165e-06 2733144751 
3509030.0 1 3534547045 1.05929863e-06 3833074883 
3509171.0 0 1462644303 1.413363e-08 3180086772 
3509202.0 1 734120091 2.826726e-08 3884987045 
3509462.0 1 175860597 2.826726e-08 1237914369 
3509654.0 1 3534547045 1.07343163e-06 2348040613 
3509674.0 3 2956861855 1.4000000000000001e-08 2898323513 3449694611 1.404744e-08 1194638860 1.404744e-08 
3509693.0 1 3534547045 1.08756563e-06 2733144751 
3510616.0 2 2962530363 2.2820500000000002e-08 2707128518 114837353 1.4e-08 
3511349.0 0 734120091 2.826727e-08 2649056468 
3511370.0 2 1737134642 1.580856e-08 4088625113 2341758500 1.4e-08 
3511374.0 1 3534547045 1.1016996300000001e-06 1462644303 
3511689.0 1 3534547045 1.11583263e-06 1831065885 
3512012.0 1 3534547045 1.12996663e-06 481049431 
3512529.0 2 175860597 2.8267270000000004e-08 734120091 651046398 1.4e-08 2780384598 1.426727e-08 
3512603.0 0 2780384598 1.426727e-08 651046398 
3515896.0 3 766581564 1.418488e-08 3063534263 1061526795 1.4e-08 
3515977.0 3 2480932170 1.400001e-08 552634658 3342541004 1.409388e-08 1577969976 1.409388e-08 
3517758.0 1 3534547045 1.1582332700000002e-06 2980075456 
3517768.0 1 1737134642 2.980857e-08 2341758500 
3518149.0 2 1398579088 1.7636630000000002e-08 690117576 695939830 1.4e-08 
3518907.0 0 2780384598 1.426727e-08 651046398 
3520849.0 1 3534547045 1.17236763e-06 2950407739 
3521409.0 1 3373526895 1.879971e-06 3160344427 
3523305.0 3 1737134642 2.374559e-08 1621314342 229435916 2.019661e-08 
3524038.0 1 3534547045 1.18663427e-06 2780384598 
3525103.0 1 3534547045 1.20076863e-06 3381587904 
3526161.0 1 3534547045 1.214768e-06 1503202005 
3526319.0 1 3534547045 1.22890163e-06 309459595 
3529872.0 1 3534547045 1.24303563e-06 1674415855 
3530694.0 1 1737134642 4.39422e-08 229435916 
3533293.0 1 3373526895 1.89433499e-06 3562383954 
3534466.0 3 3150846686 1.16572981e-06 1222799196 1850435983 1.577398e-08 19131048 1.412973e-08 2426951832 1.412973e-08 3089865955 1.412973e-08 3526559023 1.412973e-08 73116178 1.412973e-08 2654473721 1.412973e-08 2564127097 1.412973e-08 3554620561 1.412973e-08 2789301560 1.412973e-08 3201932102 1.412973e-08 3527214469 1.412973e-08 224410298 1.412973e-08 3967778277 1.412973e-08 1759850032 1.412973e-08 2704180049 1.412973e-08 287394855 1.412973e-08 2670951229 1.412973e-08 2367820772 1.412973e-08 771359632 1.412973e-08 4186562710 1.412973e-08 3211480542 1.412973e-08 346987663 1.412973e-08 1922039940 1.412973e-08 2110688926 1.412973e-08 1314810707 1.412973e-08 2472898255 1.412973e-08 3459912306 1.412973e-08 1598213090 1.412973e-08 1495382923 1.412973e-08 722767024 1.412973e-08 515125813 1.412973e-08 1298902656 1.412973e-08 3532628785 1.412973e-08 826924968 1.412973e-08 3190311976 1.412973e-08 841878026 1.412973e-08 2747938267 1.412973e-08 
3534490.0 1 3534547045 1.27130327e-06 175860597 
3534812.0 1 3150846686 1.1798597300000002e-06 1495382923 
3535356.0 1 3150846686 1.1939887300000001e-06 826924968 
3535361.0 1 3150846686 1.20811873e-06 224410298 
3540946.0 0 3150846686 1.208119e-06 1850435983 
3541126.0 0 3967778277 1.412973e-08 1869365069 
3543989.0 2 1759850032 1.417717e-08 3449694611 3177521820 1.4e-08 
3545154.0 0 4259593397 3.117839e-07 3177521820 
3548163.0 0 3150846686 1.208119e-06 3554620561 
3559473.0 1 3534547045 1.2854366300000001e-06 3528190190 
3559638.0 1 3373526895 1.908335e-06 2480932170 
3560564.0 1 4259593397 3.2598653000000003e-07 2842015324 
3565394.0 1 2799798816 1.25521277e-06 463844675 
3570559.0 0 3534547045 1.285436e-06 2649056468 
3575070.0 3 1759850032 1.417716e-08 439844059 3363025910 1.4e-08 
3578015.0 1 3150846686 1.22224873e-06 2367820772 
3578215.0 2 1055469694 1.44075e-08 1922039940 1290268226 1.4e-08 
3578723.0 1 3150846686 1.23802298e-06 1850435983 
3581824.0 0 845665321 1.4e-08 1019134040 
3588269.0 1 2799798816 1.26934273e-06 2426951832 
3590176.0 1 2799798816 1.28347273e-06 1314810707 
3596997.0 1 3534547045 1.299436e-06 3707800333 
3600051.0 1 3150846686 1.2521527300000001e-06 3527214469 
3600528.0 0 19131048 1.412973e-08 1420914473 
3601743.0 0 1737134642 4.39422e-08 3180086772 
3603546.0 0 2747938267 1.412973e-08 3459912306 
3605206.0 1 1068020906 0.0009547047 3177521820 
3608828.0 1 3373526895 1.92246473e-06 2110688926 
3613556.0 3 3475245566 2.1988289999999998e-08 1639799867 764400056 2.016686e-08 
3618166.0 3 1461359102 1.4e-08 2892683898 1517815290 1.4e-08 
3621536.0 2 869234806 2.1635400000000003e-08 4186562710 66064165 1.4e-08 
3622106.0 0 3534547045 1.299436e-06 3180086772 
3629121.0 1 3150846686 1.266152e-06 1123501568 
3636127.0 3 3913511150 2.091e-08 873214132 2766526296 1.4e-08 
3637097.0 1 3373526895 1.94410039e-06 869234806 
3638392.0 0 1598213090 1.412973e-08 1061526795 
3639862.0 0 384163328 2.791e-08 1743198400 
3642014.0 0 1676003954 1.418488e-08 66064165 
3648935.0 3 2205180068 2.791e-08 1371202285 2454553876 1.4e-08 
3650643.0 0 3534547045 1.299436e-06 3180086772 
3651236.0 0 3534547045 1.299436e-06 651046398 
3651507.0 1 2799798816 1.29760173e-06 2654473721 
3660226.0 2 1736323711 1.4369760000000002e-08 766581564 1923515514 1.4e-08 
3668986.0 1 3534547045 1.31356963e-06 3180086772 
3680067.0 1 3373526895 1.9669205e-06 2962530363 
3681987.0 0 3314075649 1.446264e-08 2766526296 
3687355.0 1 2799798816 1.311602e-06 114837353 
3700038.0 0 3373526895 1.966921e-06 3314075649 
3708132.0 0 3534547045 1.31357e-06 1761715697 
3716962.0 0 3678948817 2.045582e-08 649593533 
3720644.0 0 1458432161 2.791e-08 3678948817 
3729097.0 2 2719204682 1.44804e-08 2455922112 3339828518 1.4e-08 
3732501.0 1 2799798816 1.32587977e-06 2343849308 
3744868.0 3 3491092596 1.7375359999999997e-08 3332562587 105819081 1.484866e-08 
3749635.0 0 3083352544 1.874527e-08 2489195127 
3750335.0 0 2747938267 1.412973e-08 3967778277 
3754262.0 1 3373526895 1.98138364e-06 3314075649 
3755563.0 1 2799798816 1.34015777e-06 2606325002 
3755681.0 0 3554620561 1.412973e-08 66987975 
3756046.0 2 2501379955 1.540891e-08 1759850032 533433650 1.4e-08 
3758865.0 0 3373526895 1.981384e-06 3732071459 
3768594.0 3 2716949832 1.427777e-08 2454553876 1601889739 1.4e-08 
3781013.0 1 3150846686 1.28028173e-06 3526559023 
3782371.0 1 2799798816 1.35428773e-06 3532628785 
3784409.0 0 3475245566 2.198829e-08 3554620561 
3787821.0 0 2674988631 1.430745e-08 3099973400 
3791478.0 1 3373526895 1.99543144e-06 1194638860 
3793691.0 0 2674988631 1.430745e-08 1072840122 
3802202.0 3 2799798816 1.35428688e-06 4259593397 381652938 1.4e-08 96665495 1.418121e-08 1342185090 1.418121e-08 149784911 1.418121e-08 85224627 1.418121e-08 1965662198 1.418121e-08 110439229 1.418121e-08 1449522982 1.418121e-08 3279439195 1.418121e-08 360107933 1.418121e-08 1657444763 1.418121e-08 58759274 1.418121e-08 2135013218 1.418121e-08 470332523 1.418121e-08 3217169414 1.418121e-08 3030801476 1.418121e-08 2208266878 1.418121e-08 3715668764 1.418121e-08 3418547556 1.418121e-08 355298688 1.418121e-08 4193709834 1.418121e-08 584993009 1.418121e-08 1499007652 1.418121e-08 
3802278.0 0 3534547045 1.31357e-06 2263814062 
3804579.0 3 384163328 2.791e-08 1923515514 755060644 1.4e-08 
3807156.0 1 2799798816 1.36846821e-06 1499007652 
3815225.0 3 3099973400 1.4e-08 1019134040 3270476896 1.4e-08 
3817428.0 1 3373526895 2.0094310000000004e-06 3099973400 
3820000.0 0 2799798816 1.368469e-06 879162223 
3826552.0 0 2766526296 1.4e-08 2013640095 
3850378.0 2 2472898255 1.425946e-08 3554620561 3934203265 1.4e-08 
3856182.0 1 2799798816 1.3826538800000001e-06 785216844 
3861485.0 2 2799798816 1.3826542000000006e-06 3150846686 1292024166 3.744834e-07 1323984060 1.41531e-08 4197927596 1.41531e-08 1414892502 1.41531e-08 4201342597 1.41531e-08 2391696826 1.41531e-08 4138371369 1.41531e-08 3590332688 1.41531e-08 1745749016 1.41531e-08 2711965517 1.41531e-08 2933223072 1.41531e-08 1987038079 1.41531e-08 3797386594 1.41531e-08 1280619132 1.41531e-08 4105879141 1.41531e-08 3088551619 1.41531e-08 3443287411 1.41531e-08 3981989558 1.41531e-08 1165174376 1.41531e-08 3467386575 1.41531e-08 4263904522 1.41531e-08 4267941538 1.41531e-08 3372193553 1.41531e-08 3681452412 1.41531e-08 2604064924 1.41531e-08 3458662533 1.41531e-08 762210064 1.41531e-08 570164134 1.41531e-08 2418772576 1.41531e-08 2105330617 1.41531e-08 964813250 1.41531e-08 2039170765 1.41531e-08 4278040469 1.41531e-08 241690685 1.41531e-08 1703904600 1.41531e-08 3814978291 1.41531e-08 118566979 1.41531e-08 894269343 1.41531e-08 932943525 1.41531e-08 250347941 1.41531e-08 2292589682 1.41531e-08 3971437066 1.41531e-08 2810179169 1.41531e-08 1803012522 1.41531e-08 3940915008 1.41531e-08 3593659676 1.41531e-08 2744143284 1.41531e-08 2002691604 1.41531e-08 3223248356 1.41531e-08 101557930 1.41531e-08 678688578 1.41531e-08 2222966094 1.41531e-08 1301910447 1.41531e-08 2919535035 1.41531e-08 2855048822 1.41531e-08 682911345 1.41531e-08 238807518 1.41531e-08 1840937626 1.41531e-08 1734007597 1.41531e-08 4088691616 1.41531e-08 2087527840 1.41531e-08 2065940037 1.41531e-08 2751602400 1.41531e-08 552380491 1.41531e-08 253656606 1.41531e-08 
3861485.0 1 1292024166 3.8863650000000003e-07 1323984060 
3861485.0 1 1292024166 4.0278959999999995e-07 253656606 
3861485.0 1 1292024166 4.169427e-07 552380491 
3861485.0 1 1292024166 4.310958e-07 4197927596 
3861485.0 1 1292024166 4.4524890000000003e-07 1414892502 
3861485.0 1 1292024166 4.5940199999999995e-07 2751602400 
3861485.0 1 1292024166 4.7355509999999997e-07 4201342597 
3861485.0 1 1292024166 4.877082e-07 2065940037 
3861485.0 1 1292024166 5.018613e-07 2391696826 
3861485.0 1 1292024166 5.160144e-07 2087527840 
3861546.0 0 2799798816 1.382654e-06 2039170765 
3862225.0 1 3373526895 2.02356073e-06 3459912306 
3862560.0 1 2002691604 2.83062e-08 3593659676 
3863574.0 1 1292024166 5.301675000000001e-07 4088691616 
3863891.0 1 2799798816 1.3968070999999998e-06 3372193553 
3872010.0 1 2799798816 1.4109601e-06 2292589682 
3873415.0 1 3534547045 1.32770363e-06 552498239 
3873776.0 1 2799798816 1.4251131e-06 1745749016 
3877101.0 0 2002691604 2.830621e-08 2418772576 
3877585.0 0 964813250 1.41531e-08 561528368 
3878089.0 2 3302973195 1.443087e-08 1734007597 1254429415 1.4e-08 
3884291.0 1 2799798816 1.43929421e-06 149784911 
3884993.0 2 2135013218 1.431094e-08 2564127097 481400394 1.4e-08 
3891529.0 1 2799798816 1.4534470999999999e-06 1301910447 
3892733.0 0 3913511150 2.091e-08 2855048822 
3893153.0 0 2472898255 1.425945e-08 241690685 
3893810.0 1 3373526895 2.044471e-06 3913511150 
3894511.0 0 3373526895 2.044471e-06 3270476896 
3909651.0 1 2799798816 1.4676000999999999e-06 1165174376 
3915488.0 1 2799798816 1.4817530999999999e-06 2418772576 
3916675.0 1 2799798816 1.49588273e-06 841878026 
3926501.0 0 4019363830 1.718501e-08 561528368 
3928432.0 0 2799798816 1.495883e-06 470332523 
3931394.0 3 3241671100 1.4e-08 2744143284 2584856907 1.403155e-08 3284371529 1.403155e-08 
3932215.0 1 3373526895 2.0586241e-06 2105330617 
3935014.0 1 2799798816 1.5100360999999998e-06 3467386575 
3940829.0 0 3971437066 1.41531e-08 964813250 
3943234.0 3 3940915008 1.41531e-08 3202152185 871205577 1.4e-08 
3947594.0 0 3363823620 1.404744e-08 2063946235 
3949360.0 1 2799798816 1.5241891e-06 1987038079 
3950375.0 0 470332523 1.418121e-08 1280619132 
3951197.0 1 3373526895 2.072624e-06 3270476896 
3953617.0 1 3458662533 2.81531e-08 1254429415 
3963922.0 0 4278040469 1.41531e-08 2670951229 
3964794.0 0 2799798816 1.524189e-06 483021244 
3965824.0 1 2799798816 1.5383421e-06 2919535035 
3969016.0 0 2014426858 1.427777e-08 73116178 
3969606.0 0 4069401935 1.420263e-08 755060644 
3969658.0 0 4019363830 1.718501e-08 2878871175 
3977298.0 1 3373526895 2.08803291e-06 2501379955 
3979770.0 0 3468130899 1.427777e-08 3884425642 
3985490.0 0 3006103420 1.418488e-08 2670951229 
3988543.0 1 3373526895 2.10221788e-06 1676003954 
3994651.0 0 964813250 1.41531e-08 3681452412 
3995565.0 1 3534547045 1.34183763e-06 1089013536 
3995602.0 2 1342185090 1.431094e-08 722767024 2655011401 1.4e-08 
4002499.0 2 249728555 1.44075e-08 3201932102 4156410056 1.4e-08 
4009981.0 2 1803012522 1.43062e-08 2933223072 249938527 1.4e-08 
4011572.0 1 3373526895 2.11652545e-06 2674988631 
4016081.0 0 781549661 1.4e-08 1869365069 
4019091.0 1 2799798816 1.5524951e-06 3590332688 
4020469.0 0 2222966094 1.41531e-08 1290268226 
4028722.0 0 2222966094 1.41531e-08 3967778277 
4029190.0 3 1737134642 3.5581740000000004e-08 651046398 843598278 2.236046e-08 
4037160.0 1 3373526895 2.1305250000000002e-06 907719639 
4038423.0 0 627452446 1.427777e-08 875106938 
4039447.0 0 4285226245 1.427777e-08 110439229 
4040917.0 0 678688578 1.41531e-08 3339828518 
4046650.0 3 3736601249 2.373867e-08 4069401935 2197427154 1.837396e-08 
4053405.0 0 3814978291 1.41531e-08 3537925318 
4054599.0 0 3681452412 1.41531e-08 3797386594 
4056669.0 0 4019363830 1.718501e-08 879162223 
4057212.0 2 879162223 1.438751e-08 2961226102 3690557900 1.4e-08 
4058501.0 1 3534547045 1.355837e-06 2213923665 
4060278.0 3 2655011401 1.4e-08 2013640095 3824375258 1.4e-08 
4062358.0 0 1342185090 1.431093e-08 2014426858 
4080343.0 1 2799798816 1.5668022100000002e-06 1803012522 
4085775.0 0 2799798816 1.566802e-06 2029773149 
4088900.0 3 515125813 1.412973e-08 3339828518 769315986 1.4e-08 
4090623.0 3 3279439195 1.418121e-08 2655011401 1856937876 1.4e-08 
4098499.0 1 2799798816 1.58087833e-06 1837088337 
4106896.0 0 2799798816 1.580878e-06 3083717413 
4106977.0 0 921818415 2.040884e-08 346987663 
4112340.0 2 2408568032 2.792629e-08 1913762779 354497373 1.4e-08 
4117303.0 1 1292024166 5.475775e-07 976558236 
4119423.0 3 2789301560 1.412973e-08 769315986 1230311851 1.4e-08 
4123370.0 1 2799798816 1.5950311e-06 3681452412 
4126622.0 1 2799798816 1.609031e-06 481400394 
4138813.0 1 3373526895 2.1446780999999997e-06 3223248356 
4141311.0 1 2799798816 1.63733721e-06 2002691604 
4148163.0 2 678688578 1.428283e-08 2747938267 3825172902 1.4e-08 
4148327.0 0 1737134642 3.558173e-08 843598278 
4156603.0 1 3373526895 2.158678e-06 354497373 
4158016.0 0 238807518 1.41531e-08 3363025910 
4158163.0 1 3534547045 1.3756414699999999e-06 1761715697 
4159535.0 1 3373526895 2.17586301e-06 4019363830 
4159680.0 0 1342185090 1.431093e-08 894269343 
4161734.0 1 3534547045 1.3897645699999998e-06 3537925318 
4165507.0 1 3373526895 2.203773e-06 2205180068 
4165613.0 1 3534547045 1.42534573e-06 1737134642 
4177595.0 0 781549661 1.4e-08 3778036871 
4178161.0 2 105819081 1.500176e-08 932943525 110318614 1.4e-08 
4185355.0 0 3458484829 1.427777e-08 3690557900 
4195613.0 1 2799798816 1.6514900999999999e-06 3088551619 
4197266.0 0 241690685 1.41531e-08 3363025910 
4204294.0 0 2604064924 1.41531e-08 1577969976 
4207233.0 2 1736323711 1.449948e-08 1298902656 176241382 1.4e-08 
4207259.0 1 2799798816 1.6656430999999998e-06 101557930 
4224289.0 0 875106938 1.427777e-08 1230311851 
4224660.0 0 2135013218 1.431093e-08 1657444763 
4226565.0 2 2489195127 1.6602430000000003e-08 3633199892 1063934737 1.4e-08 
4228682.0 0 2263814062 2.320553e-08 2670951229 
4233377.0 1 3737780296 1.41582142e-06 2489195127 
4255731.0 0 66296937 1.741e-08 3532745758 
4257640.0 1 2799798816 1.679644e-06 2247026945 
4266871.0 2 66296937 1.75631e-08 3940915008 2445084109 1.4e-08 
4268440.0 2 2029773149 2.461894e-08 3083352544 1871304206 1.4e-08 
4271108.0 1 3373526895 2.21795421e-06 3030801476 
4272212.0 1 2799798816 1.69382521e-06 3715668764 
4278496.0 2 2855048822 1.428283e-08 2670951229 4185666246 1.4e-08 
4280224.0 1 3373526895 2.23204788e-06 1577969976 
4280519.0 0 3373526895 2.232048e-06 2789301560 
4287633.0 2 2263814062 2.335863e-08 3981989558 1905833305 1.4e-08 
4291701.0 0 2799798816 1.693825e-06 4105879141 
4292642.0 2 2883513480 1.433089e-08 346987663 3879652638 1.4e-08 
4300313.0 0 37051273 2.836975e-08 1342185090 
4302419.0 1 2263814062 3.735863e-08 1905833305 
4309054.0 0 355298688 1.418121e-08 2208266878 
4310304.0 0 579073438 1.427777e-08 2250775120 
4313203.0 1 373638573 1.00000001420263 1249238030 
4327065.0 0 238807518 1.41531e-08 2810179169 
4338925.0 0 3458484829 1.427777e-08 4267941538 
4353670.0 0 2707460946 1.427777e-08 964813250 
4357826.0 3 37051273 1.4000000000000001e-08 2135013218 1924091726 1.434034e-08 1629863604 1.434034e-08 
4358157.0 0 3458484829 1.427777e-08 3190311976 
4359119.0 3 579073438 1.427777e-08 1856937876 698682927 1.4e-08 
4362417.0 1 3373526895 2.24637889e-06 2883513480 
4363839.0 1 3373526895 2.260379e-06 561528368 
4369175.0 3 384163328 2.514112e-08 1840937626 855708858 1.692198e-08 
4370122.0 0 2799798816 1.693825e-06 3879652638 
4382845.0 0 238807518 1.41531e-08 4105879141 
4383066.0 1 2799798816 2.2414025e-06 1292024166 
4383258.0 3 533433650 1.4e-08 110358663 3076001680 1.4e-08 
4386868.0 0 1848242772 1.427777e-08 3802520055 
4391874.0 1 373638573 1.00000002791 2326007700 
4392440.0 0 2878871175 1.424266e-08 110318614 
4398467.0 0 2029773149 2.461894e-08 96665495 
4403941.0 2 4278040469 1.43062e-08 2039170765 1493833725 1.4e-08 
4407237.0 3 4156410056 1.4e-08 1290268226 1450024594 1.4e-08 
4410867.0 3 105819081 1.500176e-08 2956861855 1797275806 1.4e-08 
4416522.0 0 1055469694 1.440749e-08 3443287411 
4419305.0 3 2263814062 1.3999999999999996e-08 2024675612 3378187523 1.88182e-08 564959126 1.88182e-08 
4419638.0 1 3373526895 2.27478649e-06 249728555 
4428652.0 0 1629863604 1.434034e-08 1061526795 
4448367.0 3 1449522982 1.418121e-08 649593533 3356410364 1.4e-08 
4461114.0 3 3083717413 1.444528e-08 3076001680 2620273024 1.4e-08 
4465864.0 1 2799798816 2.255402e-06 483021244 
4468199.0 0 3418547556 1.418121e-08 1230311851 
4470777.0 2 2914302410 1.438751e-08 1743198400 4177016268 1.4e-08 
4472899.0 3 19131048 1.412973e-08 1896745001 2480753293 1.4e-08 
4473880.0 1 3373526895 2.28891673e-06 287394855 
4482374.0 2 283080478 1.4261210000000002e-08 1543523724 3251328182 1.4e-08 
4487934.0 3 2789348510 1.4e-08 3732071459 3584287056 1.4e-08 
4489799.0 1 3534547045 1.43968634e-06 1629863604 
4509586.0 1 2799798816 2.26958321e-06 96665495 
4512085.0 0 2799798816 2.269584e-06 2789301560 
4546226.0 0 771359632 1.412973e-08 1063934737 
4549833.0 3 2945849429 1.876959e-08 4096225443 1661868134 1.4e-08 
4555053.0 2 964813250 1.416939e-08 3593732192 3822766993 1.4e-08 
4556497.0 1 3373526895 2.302916e-06 3778036871 
4568578.0 0 3373526895 2.302916e-06 250347941 
4575598.0 0 2799798816 2.269584e-06 3211480542 
4576331.0 1 3373526895 2.3170691e-06 250347941 
4582427.0 2 570164134 1.420054e-08 3363823620 3730019172 1.4e-08 
4589425.0 2 1449522982 1.4257540000000002e-08 2622395779 2217687738 1.4e-08 
4592891.0 1 3373526895 2.33107e-06 1869365069 
4595985.0 1 3373526895 2.34983959e-06 2945849429 
4610233.0 2 3468130899 1.443087e-08 4105879141 2328187860 1.4e-08 
4612974.0 1 3373526895 2.36387055e-06 3284371529 
4620458.0 0 393090083 1.427777e-08 1493833725 
4624160.0 1 2799798816 2.2837370999999997e-06 241690685 
4624624.0 2 3006103420 1.4314610000000001e-08 3967778277 3408999490 1.4e-08 
4632936.0 1 2799798816 2.2980432099999997e-06 4278040469 
4638948.0 3 1871304206 1.4e-08 3492274228 3438744891 1.4e-08 
4646085.0 0 2799798816 2.298043e-06 381652938 
4653135.0 1 373638573 1.00000002791 2074240873 
4658776.0 0 3408999490 1.4e-08 3241671100 
4665499.0 3 3089865955 1.412973e-08 3363025910 1501621654 1.4e-08 
4667053.0 1 3373526895 2.3780007300000003e-06 19131048 
4672924.0 3 1516068388 1.400001e-08 355298688 2695808785 1.40456e-08 399492375 1.40456e-08 
4679380.0 1 2799798816 2.312043e-06 3802520055 
4679871.0 3 1871304206 1.4e-08 3012889883 213831427 1.4e-08 
4688488.0 3 2878871175 1.424266e-08 66987975 2714424842 1.4e-08 
4691361.0 0 2719204682 1.448039e-08 1342185090 
4695065.0 1 2799798816 2.3262242100000002e-06 2208266878 
4698131.0 0 2799798816 2.326224e-06 2766526296 
4698580.0 0 302486611 2.091e-08 105819081 
4701892.0 3 871205577 1.4e-08 2263814062 2282291379 1.4e-08 
4704873.0 1 2282291379 2.8e-08 871205577 
4709561.0 1 3534547045 1.45386721e-06 85224627 
4734343.0 2 875106938 1.437165e-08 3342541004 2654714783 1.4e-08 
4734446.0 3 911013108 2.791e-08 2063946235 2993076447 1.4e-08 
4740137.0 0 302486611 2.091e-08 2855048822 
4758398.0 0 3373526895 2.378e-06 3006103420 
4760722.0 1 373638573 1.00000002016686 764400056 
4774248.0 1 373638573 1.000000014 755060644 
4781589.0 2 1598213090 1.425946e-08 771359632 2171266278 1.4e-08 
4797683.0 1 2799798816 2.3402240000000003e-06 2171266278 
4802363.0 0 875106938 1.437165e-08 2654714783 
4811198.0 0 3443287411 1.41531e-08 2711965517 
4815230.0 0 3373526895 2.378e-06 3006103420 
4821862.0 1 2799798816 2.36815029e-06 2408568032 
4829709.0 1 2799798816 2.38215e-06 698682927 
4836730.0 0 3357643131 2.791e-08 3408999490 
4839772.0 0 2222966094 1.41531e-08 3089865955 
4844279.0 1 3373526895 2.392e-06 1797275806 
4849915.0 3 584993009 1.418121e-08 2328187860 771038762 1.4e-08 
4864040.0 0 2472898255 1.425945e-08 894269343 
4897148.0 1 3373526895 2.40620263e-06 2250775120 
4898346.0 1 3373526895 2.434113e-06 3357643131 
4903420.0 0 3443287411 1.41531e-08 3211480542 
4907726.0 1 3534547045 1.46800163e-06 2649056468 
4914702.0 1 3373526895 2.448113e-06 3438744891 
4921275.0 1 3373526895 2.4621130000000003e-06 1871304206 
4926025.0 1 2799798816 2.3961500000000003e-06 1450024594 
4926049.0 2 3418547556 1.431094e-08 515125813 2768208421 1.4e-08 
4930917.0 0 3373526895 2.462113e-06 678688578 
4939242.0 0 3373526895 2.462113e-06 3016084464 
4943825.0 0 3373526895 2.462113e-06 2472898255 
4945015.0 1 373638573 1.00000001418488 3532745758 
4947250.0 3 2014426858 1.427777e-08 37051273 3297235373 1.4e-08 
4951652.0 3 66296937 1.645042e-08 2914302410 776688125 1.550018e-08 
4952394.0 3 118566979 1.41531e-08 2217687738 3663377129 1.4e-08 
4957538.0 3 2029773149 2.164183e-08 2654714783 898071713 1.697711e-08 
4968174.0 2 1072840122 1.4432860000000001e-08 570164134 220748477 1.4e-08 
4977800.0 0 2714424842 1.4e-08 2789348510 
4986236.0 0 3083717413 1.444528e-08 110318614 
4986819.0 3 2789301560 1.412973e-08 110318614 2470646831 1.4e-08 
4990530.0 0 1924091726 1.434034e-08 2855048822 
5027547.0 1 2799798816 2.41058087e-06 3302973195 
5034482.0 0 176241382 1.4e-08 249938527 
5035906.0 3 3663377129 1.4e-08 213831427 1965972368 1.4e-08 
5040206.0 0 2029773149 2.164183e-08 776688125 
5043356.0 0 3373526895 2.462113e-06 378125977 
5051343.0 3 894269343 1.41531e-08 3016084464 1426981231 1.4e-08 
5067680.0 1 3534547045 1.49173967e-06 3736601249 
5068049.0 1 3373526895 2.476113e-06 3356410364 
5080468.0 0 3211480542 1.412973e-08 3297235373 
5091975.0 1 2799798816 2.424581e-06 3251328182 
5092629.0 0 3418547556 1.431093e-08 3211480542 
5093523.0 3 3491092596 1.737536e-08 2789348510 1535034065 1.4e-08 
5097799.0 0 1072840122 1.443286e-08 3468130899 
5115429.0 0 3373526895 2.476113e-06 220748477 
5134778.0 1 1068020906 0.0009547326100000001 3824069879 
5151530.0 2 3373526895 2.476113e-06 3414514926 1483909303 1.4e-08 846691466 1.424515e-08 
5151536.0 3 118566979 1.41531e-08 1535034065 3623563876 1.4e-08 
5151626.0 1 3373526895 2.49035815e-06 846691466 
5154616.0 0 879162223 1.43875e-08 845665321 
5161548.0 1 2799798816 2.44972213e-06 384163328 
5163707.0 1 1068020906 0.0009547469777700001 3458484829 
5168896.0 0 2597880038 1.405558e-08 220748477 
5170845.0 3 564959126 1.88182e-08 3879652638 3872525629 1.4e-08 
5171843.0 0 2799798816 2.449722e-06 176241382 
5173957.0 0 2799798816 2.449722e-06 2716949832 
5191327.0 0 3534547045 1.49174e-06 843598278 
5198498.0 1 3373526895 2.50461745e-06 2472898255 
5198509.0 0 579073438 1.427777e-08 176241382 
5216523.0 1 2799798816 2.4637220000000004e-06 1493833725 
5229306.0 2 843598278 2.260312e-08 2878871175 3827929005 1.4e-08 
5231993.0 1 3534547045 1.50574e-06 3408999490 
5238361.0 0 2855048822 1.428283e-08 2704180049 
5256588.0 0 3534547045 1.50574e-06 3827929005 
5266924.0 0 4138371369 1.41531e-08 3211480542 
5272736.0 0 2029773149 2.164183e-08 898071713 
5308992.0 3 3083717413 1.444528e-08 3824375258 63319263 1.4e-08 
5309541.0 1 3083717413 2.8445279999999998e-08 63319263 
5311229.0 1 3373526895 2.5189896500000003e-06 875106938 
5326099.0 1 3373526895 2.546899e-06 1458432161 
5344017.0 1 3373526895 2.560899e-06 1483909303 
5345949.0 1 3373526895 2.5748990000000003e-06 1661868134 
5348094.0 3 3190311976 1.412973e-08 3663377129 3607398139 1.4e-08 
5351400.0 1 3373526895 2.588899e-06 771038762 
5357367.0 0 66296937 1.645043e-08 3241671100 
5368825.0 3 3443287411 1.414023e-08 249938527 2574253871 1.401287e-08 
5373281.0 3 3006103420 1.43146e-08 2620273024 3830801972 1.4e-08 
5376358.0 3 242414939 1.4e-08 4083845756 3673394291 1.566e-08 2748669076 1.566e-08 
5379712.0 0 3373526895 2.588899e-06 1449522982 
5386826.0 3 3190311976 1.412973e-08 2714424842 1220275327 1.4e-08 
5403112.0 2 110439229 1.433431e-08 2222966094 4188119649 1.4e-08 
5403566.0 1 3373526895 2.6028990000000003e-06 3584287056 
5409966.0 1 3534547045 1.5283431200000002e-06 843598278 
5416039.0 0 2597880038 1.405558e-08 2574253871 
5430383.0 1 3534547045 1.542343e-06 1426981231 
5434081.0 0 3458662533 2.81531e-08 302486611 
5438672.0 0 3373526895 2.602899e-06 1736323711 
5454674.0 1 3534547045 1.556343e-06 3827929005 
5458217.0 0 2704180049 1.412973e-08 1420914473 
5458717.0 0 2014426858 1.427777e-08 3884425642 
5463425.0 2 4193709834 1.433431e-08 682911345 1275089537 1.4e-08 
5472033.0 3 2993076447 1.4e-08 3690557900 3700209637 1.4e-08 
5479802.0 3 3736894086 2.295127e-08 1965662198 3320450569 1.913994e-08 
5494710.0 2 1924091726 1.4651270000000002e-08 1342185090 4148810631 1.4e-08 
5508964.0 0 2449448537 1.427777e-08 2597880038 
5519623.0 3 3083717413 1.4e-08 220748477 1268185054 1.422264e-08 2900628886 1.422264e-08 
5541061.0 0 302486611 2.091e-08 4177016268 
5543774.0 0 3373526895 2.602899e-06 1072840122 
5545079.0 0 3373526895 2.602899e-06 3830801972 
5547981.0 2 2855048822 1.443593e-08 894269343 3866772787 1.4e-08 
5561624.0 0 2584856907 1.403155e-08 1965972368 
5561688.0 0 2810179169 1.41531e-08 1965972368 
5568110.0 1 3373526895 2.62027436e-06 3491092596 
5570096.0 3 3006103420 1.43146e-08 3866772787 2056593038 1.4e-08 
5580198.0 1 3373526895 2.6372521100000003e-06 898071713 
5584933.0 0 1072840122 1.443286e-08 238807518 
5598651.0 3 238807518 1.41531e-08 3607398139 1140472632 1.4e-08 
5598894.0 3 3730019172 1.4e-08 1063934737 2774448923 1.4e-08 
5601851.0 0 762210064 1.41531e-08 2584856907 
5618452.0 1 373638573 1.00000001427777 393090083 
5620744.0 0 66296937 1.645043e-08 3468130899 
5621788.0 2 302486611 2.1224599999999998e-08 3006103420 975973597 1.4e-08 
5626089.0 0 66296937 1.645043e-08 176241382 
5628372.0 1 3373526895 2.65139223e-06 3443287411 
5637187.0 1 3373526895 2.665392e-06 975973597 
5637988.0 1 2799798816 2.48523945e-06 259930472 
5655961.0 3 1327969783 1.400001e-08 579073438 933412597 1.409388e-08 927207199 1.409388e-08 
5656206.0 1 2799798816 2.4992400000000004e-06 381652938 
5662947.0 1 2799798816 2.51616198e-06 855708858 
5672853.0 1 373638573 1.000000014 845665321 
5681358.0 0 776688125 1.550018e-08 3623563876 
5684469.0 1 373638573 1.00000101443286 1072840122 
5692509.0 1 3534547045 1.5704960999999999e-06 238807518 
5697709.0 1 2799798816 2.53488266e-06 3375523036 
5705606.0 1 373638573 1.0000010142026299 451270221 
5709705.0 0 2584856907 1.403155e-08 2574253871 
5714545.0 3 3378187523 1.88182e-08 1516068388 2231250662 1.4e-08 
5715406.0 0 3297235373 1.4e-08 3822766993 
5723436.0 3 3797386594 1.41531e-08 1327969783 3085765731 1.4e-08 
5725902.0 1 3534547045 1.5859961799999998e-06 776688125 
5742238.0 1 3373526895 2.6793920000000003e-06 2480753293 
5748792.0 1 373638573 1.00000102791 251961497 
5761945.0 1 373638573 1.00000101428283 678688578 
5765046.0 3 118566979 1.41531e-08 3830801972 1403954297 1.4e-08 
5767036.0 3 2282291379 1.4e-08 2695808785 102828162 1.40228e-08 3962269793 1.40228e-08 
5772711.0 3 927207199 1.409388e-08 2282291379 604674024 1.4e-08 
5778104.0 0 964813250 1.416939e-08 1420914473 
5788545.0 0 250719570 1.427777e-08 4263904522 
5790849.0 3 58759274 1.418121e-08 3872525629 4175762635 1.4e-08 
5794376.0 1 373638573 1.00000101425007 378125977 
5806237.0 1 2799798816 2.54891355e-06 2584856907 
5821668.0 3 2197427154 1.837396e-08 533433650 3421068049 1.4e-08 
5821688.0 3 58759274 1.418121e-08 176241382 4106915849 1.4e-08 
5826218.0 0 3988949870 2.791e-08 4285226245 
5833324.0 3 1268185054 1.422264e-08 3297235373 3953247145 1.4e-08 
5838761.0 3 2574253871 1.401287e-08 3083717413 977281884 1.4e-08 
5878485.0 0 3089865955 1.412973e-08 2470646831 
5879925.0 0 911013108 2.791e-08 399492375 
5886363.0 0 977281884 1.4e-08 1220275327 
5894664.0 0 1398579088 1.763663e-08 1230311851 
5908932.0 1 3373526895 2.6935946299999997e-06 3884425642 
5937594.0 1 2799798816 2.562914e-06 3700209637 
5944257.0 1 3373526895 2.70772473e-06 3190311976 
5962584.0 1 3373526895 2.7217240000000004e-06 2056593038 
5998033.0 1 2799798816 2.5770671e-06 3797386594 
6004677.0 0 618276123 2.791e-07 1275089537 
6027942.0 1 2555962951 2.9337777e-07 4256642775 
6043829.0 0 4267941538 1.41531e-08 4148810631 
6057457.0 1 3373526895 2.735724e-06 3953247145 
6082651.0 0 58759274 1.418121e-08 2993076447 
6094324.0 0 4267941538 1.41531e-08 3421068049 
6096131.0 0 110439229 1.433431e-08 2711965517 
6104118.0 0 3673394291 1.566e-08 3211480542 
6115324.0 1 3373526895 2.7545422000000002e-06 564959126 
6137162.0 1 3373526895 2.7688207700000002e-06 3736523900 
6143925.0 3 2855048822 1.443594e-08 1965972368 335748715 1.4e-08 
6159937.0 1 933412597 2.811668e-08 102828162 
6163734.0 0 3373526895 2.76882e-06 1501621654 
6164794.0 1 3373526895 2.7876382000000003e-06 3378187523 
6166020.0 3 3211480542 1.412973e-08 66064165 3863839146 1.4e-08 
6168657.0 1 3373526895 2.80206987e-06 3468130899 
6183254.0 0 4175762635 1.4e-08 1061526795 
6198338.0 0 2799798816 2.577067e-06 1268185054 
6206389.0 1 2799798816 2.59134477e-06 250719570 
6230704.0 0 1736323711 1.449948e-08 2774448923 
6257309.0 0 3373526895 2.802069e-06 1292023300 
6310519.0 0 927207199 1.409388e-08 3863839146 
6313325.0 1 2799798816 2.6129868299999997e-06 2029773149 
6330490.0 0 762210064 1.41531e-08 3863839146 
6357831.0 0 2799798816 2.612987e-06 2014426858 
6361658.0 1 2799798816 2.6269870000000003e-06 1420914473 
6362154.0 2 2799798816 2.626987e-06 3458662533 2025893757 1.4e-08 1090143039 1.41531e-08 
6368151.0 3 399492375 1.40456e-08 2445084109 4013164456 1.4e-08 
6371492.0 1 2799798816 2.64120964e-06 2900628886 
6389137.0 1 3373526895 2.8160690000000002e-06 2993076447 
6400509.0 0 2711965517 1.41531e-08 3089865955 
6403432.0 1 373638573 1.000001014 1461359102 
6427705.0 1 3373526895 2.83025021e-06 584993009 
6433716.0 1 3373526895 2.844251e-06 4013164456 
6458661.0 1 3373526895 2.85845363e-06 1130108289 
6468699.0 3 3089865955 1.412973e-08 2768208421 253060996 1.4e-08 
6471259.0 3 2197427154 1.837396e-08 2025893757 3578947201 1.4e-08 
6476253.0 1 3373526895 2.87271245e-06 1598213090 
6488784.0 0 3534547045 1.585996e-06 1140472632 
6502546.0 1 2810179169 2.81531e-08 3578947201 
6509481.0 2 3111692719 1.8526390000000002e-08 4055959668 571790981 1.4e-08 
6565129.0 0 1924091726 1.465127e-08 283080478 
6566040.0 2 1924091726 1.4781e-08 3211480542 517786421 1.4e-08 
6568475.0 0 2799798816 2.641209e-06 1703904600 
6618448.0 1 3373526895 2.8868661e-06 118566979 
6641751.0 1 3373526895 2.9008660000000004e-06 1220275327 
6655559.0 3 174500547 1.741e-08 4106915849 2308303797 1.4e-08 
6665785.0 0 2707460946 1.427777e-08 4175762635 
6675326.0 0 3111692719 1.852639e-08 66296937 
6677724.0 1 2799798816 2.65548677e-06 1541925803 
6694128.0 1 3534547045 1.599996e-06 3863839146 
6709676.0 1 373638573 1.0000010141531 1703904600 
6711036.0 0 1268185054 1.422264e-08 2574253871 
6711369.0 3 1268185054 1.422264e-08 517786421 2256454524 1.4e-08 
6739183.0 3 3421068049 1.4e-08 3934203265 2316491956 1.4e-08 
6785025.0 0 2799798816 2.655487e-06 2014426858 
6804306.0 1 2799798816 2.66966821e-06 1657444763 
6805876.0 1 2799798816 2.68394577e-06 2014426858 
6836554.0 1 2799798816 2.69816864e-06 1268185054 
6874051.0 1 3534547045 1.613996e-06 571790981 
6876677.0 0 253060996 1.4e-08 977281884 
6884415.0 0 2748669076 1.566e-08 695939830 
7017268.0 1 2799798816 2.7121690000000003e-06 4188119649 
7047152.0 1 2799798816 2.726169e-06 242414939 
7076679.0 3 1140472632 1.4e-08 4156410056 921835634 1.4e-08 
7095872.0 3 1449522982 1.425753e-08 1403954297 2606270759 1.4e-08 
7101862.0 1 3089865955 2.812973e-08 2774448923 
7154997.0 2 174500547 1.75631e-08 1280619132 4081327903 1.4e-08 
7164969.0 1 3373526895 2.91939239e-06 3111692719 
7173316.0 1 618276123 2.931e-07 1230311851 
7188483.0 0 3373526895 2.919392e-06 4193709834 
7237554.0 1 2799798816 2.7401690000000002e-06 1517815290 
7256891.0 2 2855048822 1.471371e-08 3167902617 4108567391 1.4e-08 
7279509.0 0 1140472632 1.4e-08 4185666246 
7293531.0 0 2711965517 1.41531e-08 3421068049 
7293560.0 2 3373526895 2.97389243e-06 2555962951 4281208133 1.405161e-08 1179141501 1.405161e-08 3325553423 1.405161e-08 4124564224 1.405161e-08 1852572783 1.405161e-08 2233621492 1.405161e-08 3229926557 1.405161e-08 2972065009 1.405161e-08 1823433846 1.405161e-08 4052933330 1.405161e-08 2601128578 1.405161e-08 3239027265 1.405161e-08 3357191835 1.405161e-08 2437059955 1.405161e-08 486617589 1.405161e-08 445707895 1.405161e-08 3750558344 1.405161e-08 
7293742.0 1 3373526895 2.98794461e-06 2437059955 
7293916.0 1 3373526895 3.00199561e-06 1823433846 
7294540.0 0 3373526895 3.001996e-06 2972065009 
7295193.0 1 3373526895 3.01604761e-06 4052933330 
7295552.0 1 3373526895 3.03009861e-06 2233621492 
7296698.0 1 3373526895 3.04415061e-06 4124564224 
7303226.0 1 3373526895 3.05820261e-06 2601128578 
7316271.0 1 3373526895 3.07225361e-06 486617589 
7337319.0 1 3373526895 3.08630561e-06 445707895 
7345238.0 1 3373526895 3.10035661e-06 3325553423 
7359475.0 1 3373526895 3.1285101e-06 2810179169 
7389118.0 0 3373526895 3.12851e-06 1848242772 
7399327.0 1 2799798816 2.754169e-06 3623563876 
7414517.0 1 3373526895 3.1425100000000003e-06 2606270759 
7457089.0 1 3373526895 3.15656161e-06 1179141501 
7458434.0 1 3373526895 3.1706136100000002e-06 1852572783 
7471484.0 0 4281208133 1.405161e-08 4081327903 
7482464.0 1 3373526895 3.18466461e-06 3239027265 
7483073.0 0 3373526895 3.184665e-06 2972065009 
7493373.0 0 1449522982 1.425753e-08 2711965517 
7538201.0 3 3988949870 2.791e-08 4108567391 2800683865 1.4e-08 
7543654.0 0 2799798816 2.754169e-06 2716949832 
7573997.0 1 3373526895 3.19894277e-06 2449448537 
7603171.0 0 911013108 2.791e-08 1398579088 
7619180.0 0 2799798816 2.754169e-06 174500547 
7629409.0 0 3279439195 1.418121e-08 4148810631 
7704342.0 1 3373526895 3.2129430000000003e-06 3421068049 
7717145.0 2 1736323711 1.4680690000000001e-08 58759274 480183180 1.4e-08 
7766896.0 1 3373526895 3.2270961e-06 2711965517 
7802450.0 1 3373526895 3.24114761e-06 3357191835 
7813954.0 3 360107933 1.418121e-08 977281884 3892593010 1.4e-08 
7815289.0 0 2308303797 1.4e-08 3822766993 
7817389.0 0 3373526895 3.241147e-06 2308303797 
7845049.0 1 3373526895 3.255147e-06 2308303797 
7877209.0 1 3373526895 3.2692767300000003e-06 2789301560 
7916662.0 1 3534547045 1.62804761e-06 3750558344 
7937574.0 2 3673394291 1.58131e-08 4267941538 776375684 1.4e-08 
7948924.0 1 2799798816 2.7681690000000002e-06 3085765731 
7949819.0 0 627452446 1.427777e-08 360107933 
7978523.0 0 3373526895 3.269277e-06 2256454524 
8048394.0 1 3534547045 1.642048e-06 2256454524 
8050179.0 0 1924091726 1.4781e-08 1061526795 
8094974.0 2 2707460946 1.432938e-08 4281208133 1678023283 1.4e-08 
8159818.0 1 3373526895 3.284937e-06 2748669076 
8166460.0 3 3089865955 1.399999e-08 1090143039 2118254765 1.414142e-08 3580551846 1.414142e-08 
8216659.0 1 3373526895 3.29919821e-06 283080478 
8236572.0 1 3373526895 3.31324961e-06 3229926557 
8255977.0 1 3373526895 3.32725e-06 4177016268 
8262117.0 0 3580551846 1.414142e-08 4185666246 
8299005.0 2 470332523 1.4275090000000001e-08 927207199 3446120764 1.4e-08 
8308674.0 1 3373526895 3.3415843100000004e-06 4193709834 
8312159.0 1 2799798816 2.782169e-06 3446120764 
8383274.0 0 776375684 1.4e-08 2470646831 
8417248.0 1 2799798816 2.7961690000000002e-06 335748715 
8516095.0 2 3418547556 1.4588700000000001e-08 627452446 248789546 1.4e-08 
8576889.0 1 2799798816 2.8111707599999997e-06 105819081 
8591238.0 1 373638573 1.000001014 2800683865 
8647663.0 1 3373526895 3.35563561e-06 2972065009 
8728496.0 0 2799798816 2.81117e-06 3089865955 
8731323.0 1 2799798816 2.82517e-06 253060996 
8809167.0 1 3373526895 3.369636e-06 4175762635 
8813848.0 1 3475245566 3.598829e-08 3825172902 
8914252.0 1 3373526895 3.38391377e-06 1848242772 
8921091.0 3 3678948817 1.894292e-08 399492375 3416864524 1.55585e-08 
8945391.0 0 3678948817 1.894293e-08 3416864524 
8984250.0 1 3373526895 3.4051386e-06 302486611 
8993463.0 0 3490627259 2.791e-08 1398579088 
8995978.0 0 2799798816 2.82517e-06 480183180 
9016898.0 1 3534547045 1.656048e-06 1678023283 
9062997.0 1 2799798816 2.8391700000000003e-06 1601889739 
9137452.0 1 2799798816 2.85335121e-06 3279439195 
9150872.0 1 2799798816 2.8673520000000002e-06 248789546 
9156940.0 1 2799798816 2.881352e-06 480183180 
9244434.0 1 3373526895 3.4191380000000002e-06 776375684 
9261722.0 2 3678948817 1.907266e-08 2704180049 2130045942 1.4e-08 
9378509.0 1 2799798816 2.895352e-06 2231250662 
9416859.0 1 3534547045 1.6724984299999999e-06 66296937 
9448332.0 3 2574253871 1.401287e-08 3089865955 14462253 1.4e-08 
9464660.0 3 2130045942 1.4e-08 2316491956 1937837823 1.4e-08 
9481214.0 1 3534547045 1.686498e-06 2470646831 
9488152.0 1 2799798816 2.9093520000000004e-06 3892593010 
9504140.0 3 197654791 1.4e-08 921818415 2252599940 1.715942e-08 2922107309 1.715942e-08 
9531990.0 1 3534547045 1.70413463e-06 1398579088 
9539794.0 1 3373526895 3.43315087e-06 2574253871 
9611350.0 1 373638573 1.00000102791 3382444416 
9676285.0 0 1501621654 1.4e-08 3730019172 
9733580.0 0 4081327903 1.4e-08 3730019172 
9971449.0 0 2799798816 2.909352e-06 1055469694 
