285.6743 1 2246051850 3.0701e-07 688805295 
319.4892 1 4259593397 3.0701e-07 1156624510 
418.4511 1 3150420704 5.582e-08 4263717482 
447.8999 1 426576124 3.0701e-07 2669757562 
684.4378 1 3921011129 3.0701e-07 3421887303 
886.7011 1 2737363250 5.582e-08 1493201942 
1233.348 1 3534547045 3.0701e-07 1731090175 
1280.497 1 3534547045 3.3492e-07 582973675 
2117.744 1 1465560917 3.0701e-07 1593891639 
2201.354 1 426576124 3.3492e-07 3462747 
2257.8 1 2340740170 3.0701e-07 941534069 
2303.125 1 3921011129 3.3492e-07 3908154577 
3616.259 0 905418128 2.791e-08 1516068388 
4078.576 1 3534547045 3.6283e-07 925199572 
4535.649 1 3534547045 3.9073999999999996e-07 3889879026 
4637.385 1 2235064901 3.0701e-07 778035964 
4880.666 0 3257166052 2.791e-08 387772665 
5008.186 1 2340740170 3.3492e-07 314650893 
5505.579 1 2393342300 5.582e-08 2349140130 
5523.829 0 717226258 2.791e-08 211811971 
5604.474 0 3126241903 2.791e-08 1661091397 
5672.542 1 2340740170 3.6283e-07 482917538 
5740.467 1 2984600922 3.0701e-07 3428193420 
5970.141 1 3534547045 4.1865e-07 780264402 
6347.99 1 3061883439 5.582e-08 3841896594 
6370.232 1 3534547045 4.4656e-07 1661091397 
6376.517 1 905418128 5.582e-08 3121047530 
7877.131 1 1222799196 3.0701e-07 405521437 
9236.183 1 545239233 3.0701e-07 1123501568 
9496.474 1 3373526895 3.0701e-07 2455496064 
9655.767 1 486050091 5.582e-08 3800234335 
9985.462 1 1465560917 3.3492e-07 2408568032 
12805.88 1 1572835533 3.0701e-07 384163328 
13413.8 1 3150420704 8.373e-08 3232700421 
14480.8 1 545239233 3.3492e-07 2409063466 
14921.2 0 486050091 5.582e-08 1494141940 
16227.16 1 3737780296 3.0701e-07 2298477853 
16350.98 1 2984600922 3.3492e-07 1963165541 
17154.01 1 2340740170 4.1864999999999995e-07 905418128 
18076.5 1 3150846686 3.0701e-07 3326748277 
18097.89 1 3150846686 3.3492e-07 245436729 
18224.1 1 2235064901 3.3492e-07 1584276479 
18224.96 1 3921011129 3.6283e-07 3621383820 
18866.31 1 2737363250 8.373e-08 725558489 
19239.97 0 2542835646 2.791e-08 770580294 
21457.94 0 2480932170 2.791e-08 242414939 
22792.28 1 197654791 5.582e-08 1502094437 
23769.91 1 2340740170 4.4656e-07 2932274237 
24344.19 1 2718413753 5.582e-08 3071234124 
27548.49 0 4061687915 2.791e-08 1227575429 
28365.12 0 3015378843 2.791e-08 3833318790 
28371.02 1 1222799196 3.3492e-07 3775452048 
29682.25 1 545239233 3.6283e-07 1516068388 
32098.28 1 3373526895 3.3492e-07 331336395 
32721.79 1 3373526895 3.9073999999999996e-07 486050091 
33772.04 0 3921011129 3.6283e-07 287801793 
35620.71 1 545239233 3.9073999999999996e-07 2308721517 
37472.29 0 3061883439 5.582e-08 1494141940 
40088.98 0 2393342300 5.582e-08 3126241903 
40896.89 1 3150420704 1.1164e-07 2178051842 
41779.32 1 3921011129 3.9073999999999996e-07 2859795595 
41796.47 1 1465560917 3.6283e-07 949068759 
42401.99 0 3921011129 3.9074e-07 387772665 
43002.94 1 2246051850 3.3492e-07 211811971 
43063.36 1 3921011129 4.1865e-07 1631081845 
45346.22 2 3921011129 4.1865e-07 3061883439 3687573659 1.4e-08 3196256300 2.091e-08 848448836 2.091e-08 
47183.8 1 476505668 3.0701e-07 3838279446 
48639.23 1 1068020906 0.0009543279100000001 3919026803 
51662.91 1 3737780296 3.3492e-07 326805806 
51804.89 1 2340740170 4.7447e-07 3707189490 
52420.47 1 3424908067 5.582e-08 3747246174 
54315.46 1 3824069879 5.582e-08 2261252686 
54757.63 0 3921011129 4.1865e-07 1738899943 
56352.48 0 2835620284 2.791e-08 3116505811 
56958.69 1 1465560917 3.9073999999999996e-07 3555679070 
57195.28 1 2393342300 8.373e-08 2038493855 
57872.67 0 287801793 2.791e-08 1379399837 
58739.35 3 3824069879 1.433252e-08 3443220506 2211003714 1.734937e-08 2916276788 1.734937e-08 3696193412 1.734937e-08 15308464 1.734937e-08 
60291.47 1 3534547045 4.7447e-07 3938221642 
62282.86 1 3424908067 8.373e-08 2406269022 
63649.35 0 838860310 2.791e-08 1227575429 
71027.01 1 3373526895 4.1865e-07 3919821980 
72401.24 1 3373526895 4.4656e-07 1379399837 
78728.35 0 869234806 2.791e-08 242414939 
80650.48 1 3921011129 4.4656e-07 1738899943 
86148.16 1 4259593397 3.3492e-07 1458432161 
91920.76 1 2393342300 1.1164e-07 3749853089 
93034.75 1 3150846686 3.6283e-07 257754683 
93843.04 1 3424908067 1.1164e-07 2528553283 
94108.91 1 2235064901 3.6283e-07 4231632140 
95085.46 1 3373526895 4.7447e-07 632754209 
98514.2 1 545239233 4.1865e-07 40245973 
101147.3 1 1222799196 3.6283e-07 3774459889 
111501.9 0 3357643131 2.791e-08 2693713428 
111591.7 1 3737780296 3.6283e-07 3176785673 
112429.7 1 4259593397 3.6283e-07 511603307 
113687.8 1 618276123 3.0701e-07 3245569981 
114605.2 0 3150846686 3.6283e-07 3084497907 
123940.9 1 3373526895 5.0238e-07 3257166052 
130545.8 1 1068020906 0.0009543558100000001 3475245566 
141564.3 1 3921011129 4.7447e-07 1735432893 
150056.1 0 179097684 2.791e-07 1206764858 
150374.1 0 164438789 2.791e-08 2906924538 
151094.4 1 1068020906 0.00095438371 1236021306 
153015.3 0 287801793 2.791e-08 1494141940 
168066.2 0 2984600922 3.3492e-07 1986278615 
169607.3 1 4259593397 3.9073999999999996e-07 102901530 
180656.6 0 862710978 2.791e-08 4252347608 
182342.8 1 179097684 3.0701e-07 1206764858 
184432.5 0 2340740170 4.7447e-07 259930472 
188314.0 1 2340740170 5.0238e-07 343742982 
190478.4 0 2519559028 2.791e-07 754869367 
194627.1 0 3004792470 2.791e-07 3891448235 
197044.6 1 1068020906 0.00095441161 916523109 
198427.8 2 3921011129 7.964904e-07 2235064901 1239307652 2.04048e-08 1945448119 2.04048e-08 
206126.1 1 545239233 4.4656e-07 2835620284 
216369.7 0 870323177 2.791e-08 1239307652 
217038.1 0 2246051850 3.3492e-07 2779686750 
231924.8 0 1465560917 3.9074e-07 242414939 
234774.3 0 3150420704 1.1164e-07 3616865126 
238394.0 1 3921011129 8.168952e-07 1945448119 
243311.0 1 1572835533 3.3492e-07 2693713428 
249945.8 1 545239233 4.7447e-07 3114612365 
266081.9 1 4259593397 4.1865e-07 2487301543 
282485.6 3 1134175585 1.4000000000000003e-08 848448836 3396227953 1.741e-08 3321237907 1.741e-08 
289502.2 0 4061687915 2.791e-08 3953846011 
292617.0 1 3737780296 6.9775e-07 2984600922 
313448.4 0 1465560917 3.9074e-07 6723929 
316251.5 1 1075699702 3.0701e-07 869234806 
322025.7 1 4031050948 3.0701e-07 2856850640 
327412.6 0 4226750145 2.791e-08 3037779432 
331737.9 0 2046083849 2.791e-08 3933289935 
348416.2 1 545239233 5.0238e-07 2125112500 
350969.2 1 3373526895 5.1979e-07 3396227953 
353676.9 1 2799798816 3.0701e-07 1458665800 
362443.3 0 1227575429 2.791e-08 3732071459 
366040.2 0 2246051850 3.3492e-07 770580294 
399977.5 0 3424908067 1.1164e-07 3126241903 
406554.4 0 1415695418 2.791e-08 2326007700 
411247.8 0 2718413753 5.582e-08 3126241903 
423544.0 3 3129006749 2.5699579999999997e-08 2870037616 3187199216 1.506021e-08 3330100144 1.506021e-08 
425314.5 1 1068020906 0.0009544395100000001 1507417240 
436851.0 0 6723929 2.791e-08 4252347608 
437555.4 0 2919643181 2.791e-08 3357643131 
446683.7 1 545239233 5.302900000000001e-07 6723929 
448098.6 0 2246051850 3.3492e-07 3498415124 
448744.4 2 179097684 3.0701002e-07 3424908067 310481256 1.4e-08 817087088 1.627333e-08 551137729 1.627333e-08 1218250404 1.627333e-08 1035956119 1.627333e-08 1211996162 1.627333e-08 188552836 1.627333e-08 
449681.0 0 179097684 3.0701e-07 310481256 
451364.8 1 179097684 3.2328333e-07 1211996162 
454073.9 1 179097684 3.3955662999999996e-07 188552836 
457645.9 0 179097684 3.395567e-07 551137729 
457948.4 0 179097684 3.395567e-07 310481256 
457959.5 1 3737780296 7.256600000000001e-07 3736601249 
461305.0 1 179097684 3.5583003e-07 1035956119 
461495.9 0 179097684 3.5583e-07 310481256 
462314.2 1 179097684 3.6982999999999997e-07 310481256 
462844.3 1 1068020906 0.00095446751 3709881891 
473744.2 1 179097684 3.8610333e-07 817087088 
475867.4 1 179097684 4.140133e-07 4252347608 
478874.9 1 2519559028 2.9644937000000003e-07 3696193412 
481539.2 3 2074240873 1.8173199999999998e-08 2870158420 2029773149 1.88234e-08 302486611 1.88234e-08 
489687.7 0 545239233 5.3029e-07 561528368 
508828.2 2 3921011129 8.1689522e-07 3150420704 1842102965 1.4e-08 1285693762 1.627333e-08 1078741991 1.627333e-08 2723643411 1.627333e-08 1804212609 1.627333e-08 438292632 1.627333e-08 2001290253 1.627333e-08 
511979.1 1 3921011129 8.3316853e-07 2723643411 
514453.4 0 3921011129 8.331685e-07 438292632 
514866.6 0 3823443426 2.791e-08 790319072 
540597.5 0 3921011129 8.331685e-07 1494141940 
544551.0 1 3921011129 8.4944183e-07 1078741991 
547072.6 3 2620740164 1.4e-08 4061687915 3147695692 2.091e-08 3179285865 2.091e-08 
555855.1 0 1790255658 2.791e-08 259930472 
559198.4 1 179097684 4.3028663e-07 551137729 
561807.1 0 199935986 2.791e-08 3012070026 
562190.3 1 1068020906 0.0009544954100000001 843517319 
581336.7 0 197654791 5.582e-08 1227575429 
584508.9 1 3921011129 8.6571523e-07 1804212609 
587089.9 1 3921011129 8.797152e-07 1842102965 
587130.6 1 3373526895 5.407000000000001e-07 3196256300 
594753.3 1 179097684 4.4656003e-07 1218250404 
594980.4 2 2205180068 4.032589e-08 2779686750 2173231515 1.549411e-08 
599527.2 1 3373526895 5.547e-07 3687573659 
614806.9 1 3150846686 3.9073999999999996e-07 717226258 
614920.7 0 3037779432 2.791e-08 1434498202 
617833.7 0 561528368 2.791e-08 1285693762 
620826.9 1 1075699702 3.3492e-07 1790255658 
624242.3 2 3150846686 3.9074005999999986e-07 2246051850 740082705 1.4e-08 2795063678 1.458727e-08 3642829293 1.458727e-08 2707128518 1.458727e-08 474866315 1.458727e-08 1639799867 1.458727e-08 1026028388 1.458727e-08 1128056158 1.458727e-08 2909632847 1.458727e-08 937177227 1.458727e-08 3393811039 1.458727e-08 611212867 1.458727e-08 1104410542 1.458727e-08 2328232000 1.458727e-08 2999719241 1.458727e-08 1931993247 1.458727e-08 1494850122 1.458727e-08 3414514926 1.458727e-08 2312786130 1.458727e-08 3537925318 1.458727e-08 1634407402 1.458727e-08 3869596591 1.458727e-08 3375523036 1.458727e-08 
624578.8 0 1494850122 1.458727e-08 2999719241 
627303.0 0 1634407402 1.458727e-08 2707128518 
628314.5 1 3150846686 4.0532727000000004e-07 3414514926 
628723.1 1 3393811039 2.917454e-08 1128056158 
632511.3 0 3534547045 4.7447e-07 438292632 
633985.1 0 862710978 2.791e-08 1285693762 
649001.8 0 3150846686 4.053273e-07 1639799867 
649004.0 1 3921011129 8.937152e-07 1134175585 
651834.2 3 4122240121 1.4e-08 3357643131 772925454 2.091e-08 2215785330 2.091e-08 
664778.1 0 3197676583 2.791e-08 2466232951 
671061.9 1 545239233 5.4487727e-07 3869596591 
673598.4 0 1019134040 2.791e-08 2215785330 
678184.3 0 1465560917 3.9074e-07 2215785330 
683055.1 3 2393342300 1.0703768e-07 862710978 3491092596 1.625616e-08 57770090 1.625616e-08 
684914.7 0 3373526895 5.547e-07 2001290253 
708482.6 2 1465560917 7.3918013e-07 1222799196 3071577057 1.438987e-08 
718002.7 0 4259593397 4.1865e-07 3891448235 
721138.8 1 2393342300 1.2329386000000001e-07 3491092596 
722838.8 0 3704423751 2.791e-08 3020817656 
736059.7 0 1465560917 7.391801e-07 3147695692 
742269.5 0 179097684 4.4656e-07 1285693762 
773711.8 0 3534547045 4.7447e-07 1494141940 
774472.0 1 1075699702 3.6283e-07 1227575429 
774472.1 2 3012070026 4.0759300000000004e-08 164438789 1452489764 1.50607e-08 
780076.0 0 953296898 2.791e-08 636961411 
790942.4 0 3373526895 5.547e-07 438292632 
792010.3 1 3373526895 5.8261e-07 3116505811 
795664.9 0 1444500749 2.791e-08 287801793 
797086.8 0 2340740170 5.0238e-07 2911053862 
813992.0 0 870323177 2.791e-08 858320168 
817186.7 0 545239233 5.448773e-07 3642829293 
822436.6 1 3004792470 3.0701e-07 3953846011 
825167.4 0 741863299 2.791e-08 2173231515 
838019.8 0 3393811039 2.917455e-08 474866315 
842593.6 1 618276123 3.3492e-07 3384709749 
858873.7 1 3737780296 7.5357e-07 3519923770 
860651.1 0 266059373 2.791e-08 443746396 
865330.4 0 2215785330 2.091e-08 3537925318 
869326.5 2 1465560917 1.0767983899999999e-06 1075699702 4260098875 2.521171e-08 
874150.8 3 3197676583 1.4e-08 953296898 3696843781 2.091e-08 2138100036 2.091e-08 
885040.0 0 443746396 2.791e-08 3642829293 
898335.4 0 197654791 5.582e-08 790319072 
898593.1 1 3534547045 4.9074333e-07 2001290253 
906097.1 1 3921011129 9.216252e-07 858320168 
913944.2 3 3616865126 2.791e-08 2620740164 1726701215 1.4e-08 
924147.9 0 1634407402 1.458727e-08 1931993247 
928836.6 1 3737780296 7.8148e-07 3490627259 
932155.1 3 3704423751 1.3999989999999996e-08 1285693762 1412415798 1.509167e-08 375852842 1.509167e-08 
938773.0 1 375852842 2.909167e-08 3704423751 
943430.0 1 375852842 4.418334e-08 1412415798 
951538.3 1 2718413753 8.373e-08 3498415124 
965669.7 1 921425487 5.582e-08 911013108 
968103.1 2 1465560917 1.0767981300000002e-06 4259593397 3593732192 2.424999e-08 3888264012 1.408571e-08 313359544 1.408571e-08 217284033 1.408571e-08 2151269300 1.408571e-08 3913511150 1.408571e-08 2962530363 1.408571e-08 2063946235 1.408571e-08 1172086036 1.408571e-08 690117576 1.408571e-08 3288380490 1.408571e-08 845665321 1.408571e-08 3122982648 1.408571e-08 1471982444 1.408571e-08 3303338876 1.408571e-08 2875471576 1.408571e-08 1738909006 1.408571e-08 356405251 1.408571e-08 2879167783 1.408571e-08 3083352544 1.408571e-08 4198169764 1.408571e-08 821115011 1.408571e-08 2118016430 1.408571e-08 1945735688 1.408571e-08 4093093422 1.408571e-08 2842015324 1.408571e-08 1249238030 1.408571e-08 3214077756 1.408571e-08 879162223 1.408571e-08 
968103.3 1 3593732192 3.83357e-08 879162223 
968103.3 1 3593732192 5.2421409999999995e-08 3888264012 
993178.7 1 3921011129 9.362124700000001e-07 3537925318 
1001144.0 0 3187199216 1.506021e-08 3303338876 
1006455.0 0 545239233 5.448773e-07 2328232000 
1008903.0 1 3534547045 5.081533e-07 3321237907 
1024599.0 1 3534547045 5.244266299999999e-07 438292632 
1030172.0 1 2799798816 3.3492e-07 810769555 
1086685.0 0 811613008 2.791e-08 3616865126 
1090497.0 2 1465560917 1.076798e-06 2205180068 3884425642 1.4e-08 1149406307 2.632589e-08 
1098463.0 0 2173231515 1.549411e-08 1639799867 
1107865.0 3 2999719241 1.458727e-08 740082705 3528332227 1.4e-08 
1111665.0 3 2466232951 2.297502e-08 2151269300 4004407106 1.902069e-08 
1125122.0 3 1986278615 1.400001e-08 3330100144 451270221 1.44851e-08 3149440925 1.44851e-08 
1125125.0 0 3737780296 7.8148e-07 1019134040 
1125282.0 1 1572835533 3.6283e-07 3616865126 
1133439.0 1 3921011129 9.5079977e-07 1639799867 
1134949.0 0 3150846686 4.053273e-07 1239307652 
1176917.0 1 2340740170 5.302900000000001e-07 2480932170 
1184476.0 0 3933289935 2.791e-08 2029773149 
1194292.0 3 1321648343 2.14568e-08 3083352544 2250775120 2.053891e-08 
1235211.0 0 4260098875 2.521171e-08 3288380490 
1235956.0 1 2340740170 5.4487727e-07 1494850122 
1254366.0 1 3150846686 4.1991457e-07 2999719241 
1259834.0 1 1068020906 0.00095452331 385785803 
1264867.0 0 2250879299 2.791e-08 4260098875 
1265720.0 0 1239791232 2.791e-08 1239307652 
1292604.0 0 636961411 2.791e-08 1634407402 
1293387.0 0 375852842 4.418333e-08 3020817656 
1320982.0 1 545239233 5.5946457e-07 937177227 
1326121.0 0 3037779432 2.791e-08 1494141940 
1342752.0 0 3393811039 2.917455e-08 356405251 
1362156.0 3 1327969783 2.5050629999999998e-08 3214077756 1130108289 1.694508e-08 
1364180.0 1 2340740170 5.727873e-07 1239791232 
1373182.0 3 790319072 2.6147250000000003e-08 356405251 2177968201 1.584846e-08 
1390347.0 1 373638573 1.00000002791 739080713 
1391778.0 2 1465560917 1.076798e-06 2799798816 2914302410 1.646824e-08 3655816389 1.447508e-08 3485819286 1.447508e-08 1382686479 1.447508e-08 1803925302 1.447508e-08 3293059020 1.447508e-08 378125977 1.447508e-08 2159618959 1.447508e-08 2441325815 1.447508e-08 3401497744 1.447508e-08 4069401935 1.447508e-08 134948105 1.447508e-08 1998372786 1.447508e-08 2455922112 1.447508e-08 3059103076 1.447508e-08 432337108 1.447508e-08 1902671923 1.447508e-08 4209590891 1.447508e-08 77395223 1.447508e-08 3592986772 1.447508e-08 1246511018 1.447508e-08 3986570268 1.447508e-08 174500547 1.447508e-08 
1392001.0 0 1465560917 1.076798e-06 77395223 
1392050.0 1 1465560917 1.09326624e-06 2914302410 
1394524.0 1 1465560917 1.10774208e-06 134948105 
1405359.0 0 2455922112 1.447508e-08 1803925302 
1406987.0 3 1572835533 3.448808e-07 1541946641 4083845756 1.52864e-08 110358663 1.52864e-08 1370908750 1.52864e-08 
1424278.0 1 1465560917 1.1356520000000001e-06 333964007 
1426559.0 0 3179285865 2.091e-08 3303338876 
1440876.0 2 1738909006 1.417142e-08 2962530363 1837234470 1.4e-08 
1451036.0 0 1465560917 1.135652e-06 2842015324 
1452759.0 0 174500547 1.447508e-08 4198169764 
1456067.0 1 545239233 5.873745e-07 741863299 
1485582.0 0 3534547045 5.244267e-07 845665321 
1485849.0 0 1465560917 1.135652e-06 3592986772 
1499685.0 3 179097684 4.4655999e-07 375852842 2945849429 1.4e-08 66296937 1.509167e-08 976558236 1.509167e-08 
1504910.0 1 1465560917 1.163562e-06 1503861029 
1511173.0 1 179097684 4.6165167e-07 66296937 
1522984.0 1 179097684 4.7674336999999996e-07 976558236 
1523345.0 1 373638573 1.00000002791 732124878 
1530316.0 2 1370908750 1.576148e-08 378125977 2438291630 1.4e-08 
1536165.0 1 3737780296 7.955657100000001e-07 217284033 
1542016.0 0 387772665 2.791e-08 2177968201 
1546256.0 0 1998372786 1.447508e-08 2842015324 
1555995.0 2 57770090 1.6843430000000002e-08 1634407402 906368509 1.4e-08 
1557272.0 0 1465560917 1.163562e-06 888311950 
1559497.0 0 2029773149 1.88234e-08 3293059020 
1562074.0 3 4046076794 2.791e-08 3884425642 3783228500 1.4e-08 
1564227.0 1 3373526895 5.9719727e-07 2328232000 
1582924.0 0 3179285865 2.091e-08 3401497744 
1590247.0 0 1533953788 2.791e-08 15308464 
1592835.0 1 2393342300 1.4013724e-07 57770090 
1594431.0 2 1026028388 1.517454e-08 2795063678 2858952728 1.4e-08 
1633603.0 1 3921011129 9.6488541e-07 690117576 
1637190.0 1 373638573 1.00000002791 290926289 
1639592.0 0 1035492323 2.791e-08 313359544 
1660322.0 1 1465560917 1.191472e-06 825415804 
1661099.0 0 2029773149 1.88234e-08 2909632847 
1661216.0 3 2718413753 3.967768e-08 2074240873 395113485 1.555638e-08 4019363830 1.555638e-08 3016084464 1.555638e-08 921818415 1.555638e-08 
1677458.0 1 373638573 1.000000014 4122240121 
1684107.0 0 3921011129 9.648855e-07 2858952728 
1694738.0 0 3373526895 5.971973e-07 3187199216 
1700871.0 0 179097684 4.767433e-07 2945849429 
1706495.0 3 3393811039 1.400001e-08 3401497744 2892683898 1.482481e-08 3697249003 1.482481e-08 
1719724.0 3 873214132 1.4000000000000003e-08 1321648343 3983774618 1.76834e-08 4187488967 1.76834e-08 
1725999.0 1 1572835533 3.5896651e-07 313359544 
1737294.0 2 545239233 9.8788873e-07 3150846686 898751805 1.940027e-08 
1745253.0 1 2340740170 5.868730100000001e-07 821115011 
1750772.0 0 179097684 4.767433e-07 2945849429 
1756308.0 1 3534547045 5.523367e-07 3037779432 
1757811.0 0 1494141940 2.791e-08 1026028388 
1758510.0 0 3534547045 5.523367e-07 3187199216 
1781240.0 0 179097684 4.767433e-07 2945849429 
1785590.0 1 179097684 4.907433000000001e-07 2945849429 
1798310.0 0 1593850299 2.791e-08 2159618959 
1806927.0 3 561528368 1.400001e-08 3187199216 3632514288 1.44851e-08 410848061 1.44851e-08 
1808876.0 3 772925454 2.091e-08 3197676583 2791633391 1.4e-08 
1864145.0 0 838860310 2.791e-08 1382686479 
1869067.0 1 1465560917 1.20594708e-06 3592986772 
1869647.0 1 1465560917 1.219947e-06 2438291630 
1881869.0 2 2440120768 2.799571e-08 3288380490 630280293 1.4e-08 
1900985.0 2 3375523036 1.5072370000000003e-08 410848061 4212779140 1.4e-08 
1906308.0 1 545239233 1.0072890699999998e-06 898751805 
1913769.0 2 3059103076 1.456079e-08 1945735688 3459374364 1.4e-08 
1942897.0 1 373638573 1.00000001408571 845665321 
1943749.0 0 2919643181 2.791e-08 1037584679 
1948535.0 0 545239233 1.007289e-06 770580294 
1952473.0 3 1434594601 1.3999990000000003e-08 1327969783 2125331604 1.948032e-08 3113062634 1.948032e-08 
1955602.0 3 888311950 2.791e-08 3459374364 847040419 1.4e-08 
1961882.0 2 2340740170 7.905899500000001e-07 3004792470 4240624600 1.475615e-08 1565786989 1.475615e-08 2286860921 1.475615e-08 3707879645 1.475615e-08 2746930994 1.475615e-08 4075596975 1.475615e-08 4283280385 1.475615e-08 
1974079.0 1 2340740170 8.053461500000001e-07 2746930994 
1978320.0 3 179097684 4.5793369999999995e-07 1246511018 538453177 1.576156e-08 3121292019 1.576156e-08 3349724438 1.576156e-08 
1978346.0 0 179097684 4.579337e-07 3121292019 
1978440.0 1 179097684 4.7369526e-07 538453177 
1979130.0 0 179097684 4.736953e-07 3121292019 
1979205.0 1 179097684 4.8945686e-07 3349724438 
1982274.0 2 2455922112 1.456079e-08 3122982648 4253718737 1.4e-08 
1982340.0 1 179097684 5.0521846e-07 3121292019 
1990788.0 3 4198169764 1.408571e-08 3783228500 3297362622 1.4e-08 
2005875.0 2 3373526895 5.971974299999999e-07 3534547045 1751902433 1.677939e-08 2878871175 1.409361e-08 3083717413 1.409361e-08 220564665 1.409361e-08 3653734512 1.409361e-08 3815024321 1.409361e-08 1428265047 1.409361e-08 3604532305 1.409361e-08 1869365069 1.409361e-08 965372172 1.409361e-08 607396504 1.409361e-08 2533881277 1.409361e-08 472358284 1.409361e-08 1950077488 1.409361e-08 1820499179 1.409361e-08 4055959668 1.409361e-08 528880979 1.409361e-08 3778036871 1.409361e-08 1405660995 1.409361e-08 3662110242 1.409361e-08 2247026945 1.409361e-08 4032129539 1.409361e-08 4035587434 1.409361e-08 3111692719 1.409361e-08 1398579088 1.409361e-08 2501379955 1.409361e-08 3332562587 1.409361e-08 3562383954 1.409361e-08 2521380987 1.409361e-08 4119421155 1.409361e-08 1913762779 1.409361e-08 3678948817 1.409361e-08 2489195127 1.409361e-08 3929228125 1.409361e-08 3160344427 1.409361e-08 3182159117 1.409361e-08 766581564 1.409361e-08 3702894340 1.409361e-08 3532745758 1.409361e-08 
2005875.0 1 1751902433 3.0873e-08 3532745758 
2005875.0 1 1751902433 4.496661e-08 2878871175 
2005875.0 1 2533881277 2.818722e-08 607396504 
2006419.0 0 3702894340 1.409361e-08 3160344427 
2006685.0 1 3373526895 6.1129091e-07 3653734512 
2006841.0 1 3373526895 6.3947812e-07 2533881277 
2008759.0 0 3662110242 1.409361e-08 472358284 
2008888.0 0 528880979 1.409361e-08 3083717413 
2009584.0 1 3373526895 6.535717100000001e-07 1428265047 
2010597.0 0 3182159117 1.409361e-08 2501379955 
2011493.0 0 1465560917 1.219947e-06 4283280385 
2012992.0 1 3373526895 6.6766531e-07 3332562587 
2013067.0 0 3059103076 1.456079e-08 3303338876 
2013683.0 1 3373526895 6.8175891e-07 4055959668 
2016772.0 0 3182159117 1.409361e-08 2489195127 
2017087.0 1 3373526895 6.9585251e-07 3083717413 
2017477.0 1 3373526895 7.0994621e-07 3662110242 
2018511.0 0 3373526895 7.099462e-07 528880979 
2019461.0 0 2125331604 1.948032e-08 3059103076 
2021528.0 0 766581564 1.409361e-08 3778036871 
2026509.0 0 4032129539 1.409361e-08 847040419 
2026638.0 1 472358284 2.818722e-08 1869365069 
2028549.0 1 3373526895 7.2403981e-07 2521380987 
2030285.0 1 3182159117 2.818722e-08 2501379955 
2033493.0 1 3373526895 7.3813341e-07 1820499179 
2041238.0 1 545239233 1.035199e-06 888311950 
2045955.0 0 3373526895 7.381334e-07 2247026945 
2045988.0 1 3373526895 7.5222701e-07 2247026945 
2048286.0 0 3921011129 9.648855e-07 4119421155 
2052525.0 0 1751902433 4.496662e-08 3702894340 
2053048.0 2 3373526895 7.52227e-07 3182159117 1072840122 1.4e-08 3294683754 1.418722e-08 
2060768.0 1 3373526895 7.6632061e-07 2489195127 
2064117.0 1 3373526895 7.8041421e-07 766581564 
2068248.0 1 3373526895 7.944142e-07 1072840122 
2069949.0 1 3373526895 8.0850781e-07 528880979 
2074056.0 1 3373526895 8.2269502e-07 3294683754 
2082436.0 0 3160344427 1.409361e-08 1398579088 
2083597.0 0 2340740170 8.053461e-07 259930472 
2097143.0 0 3160344427 1.409361e-08 1950077488 
2099760.0 1 373638573 1.00000002791 1878784256 
2100357.0 1 3921011129 9.789791099999999e-07 3160344427 
2104836.0 0 870323177 2.791e-08 3929228125 
2118266.0 0 3921011129 9.789791e-07 847040419 
2123494.0 1 545239233 1.05002381e-06 2892683898 
2136594.0 2 2250775120 2.1013990000000002e-08 1998372786 1676003954 1.4e-08 
2138306.0 1 2340740170 8.193461e-07 1726701215 
2141113.0 1 373638573 1.00000001447508 4069401935 
2143236.0 1 3921011129 9.9307271e-07 1913762779 
2145911.0 1 545239233 1.0641176099999998e-06 3562383954 
2146342.0 0 3921011129 9.930727e-07 4035587434 
2154606.0 1 3373526895 8.3678871e-07 4119421155 
2154940.0 1 373638573 1.00000001447508 432337108 
2155899.0 1 2340740170 8.456719899999999e-07 1149406307 
2156787.0 1 3373526895 8.5088231e-07 1398579088 
2163685.0 0 3373526895 8.508823e-07 847040419 
2171046.0 0 472358284 2.818722e-08 3111692719 
2171313.0 1 373638573 1.000000014 847040419 
2174884.0 1 3921011129 1.0071663099999998e-06 3778036871 
2175966.0 0 4240624600 1.475615e-08 3393811039 
2199843.0 0 3373526895 8.508823e-07 220564665 
2202877.0 3 790319072 2.614726e-08 4212779140 4285585893 1.4e-08 
2210271.0 0 545239233 1.064118e-06 1249238030 
2214883.0 1 3373526895 8.787923000000001e-07 870323177 
2216928.0 3 287801793 1.3999990000000001e-08 3111692719 2674988631 1.400181e-08 406745133 1.400181e-08 
2218956.0 1 3373526895 8.9288591e-07 3702894340 
2220233.0 1 2340740170 8.609584e-07 4083845756 
2242572.0 1 3921011129 1.02116781e-06 406745133 
2242785.0 0 636961411 2.791e-08 4046076794 
2246630.0 0 4032129539 1.409361e-08 3604532305 
2255513.0 1 3373526895 9.0697951e-07 1950077488 
2270202.0 0 3373526895 9.069795e-07 220564665 
2270825.0 0 3373526895 9.069795e-07 3632514288 
2282448.0 1 545239233 1.0782116099999999e-06 3929228125 
2290965.0 1 3921011129 1.03526161e-06 220564665 
2291591.0 0 3373526895 9.069795e-07 4035587434 
2292966.0 0 1593850299 2.791e-08 1738909006 
2307361.0 1 3921011129 1.04935561e-06 965372172 
2329314.0 0 770580294 2.791e-08 636961411 
2348070.0 3 3375523036 1.507238e-08 1676003954 2883513480 1.4e-08 
2358772.0 0 1481166135 2.791e-08 1104410542 
2360515.0 1 373638573 1.00000002791 2326007700 
2360840.0 2 443746396 2.799571e-08 1471982444 783121895 1.4e-08 
2370136.0 2 2173231515 1.5883980000000002e-08 3071577057 2683944377 1.4e-08 
2372080.0 0 2286860921 1.475615e-08 4209590891 
2388532.0 3 3732071459 1.4709719999999997e-08 2138100036 2961226102 1.705514e-08 301219709 1.705514e-08 
2389676.0 0 4035587434 1.409361e-08 3815024321 
2391900.0 3 197654791 4.5621619999999994e-08 2710766136 1743198400 1.905419e-08 3059144981 1.905419e-08 
2419222.0 1 3373526895 9.2107311e-07 1405660995 
2420078.0 1 3921011129 1.063355e-06 561528368 
2435396.0 0 179097684 5.052184e-07 3632514288 
2462364.0 1 3921011129 1.07744861e-06 4032129539 
2466854.0 3 1751902433 1.4000009999999996e-08 2858952728 3952655669 1.498887e-08 2848685905 1.498887e-08 1826422368 1.498887e-08 
2470402.0 2 4240624600 1.484186e-08 3913511150 896813269 1.4e-08 
2476917.0 1 3921011129 1.09145081e-06 2674988631 
2479522.0 3 2046083849 2.791e-08 2683944377 37051273 1.4e-08 
2499739.0 1 2340740170 8.888684e-07 3891448235 
2503555.0 3 387772665 1.4e-08 2125331604 1867247157 1.669516e-08 3633199892 1.669516e-08 
2504662.0 0 3373526895 9.210731e-07 3678948817 
2510786.0 1 3921011129 1.10662555e-06 1026028388 
2514834.0 0 1743198400 1.905419e-08 2312786130 
2515125.0 1 2204676502 0.00028572791 1415695418 
2527298.0 1 3737780296 8.234757000000001e-07 2542835646 
2529544.0 0 3921011129 1.106625e-06 3528332227 
2541825.0 0 790319072 2.614726e-08 3633199892 
2544089.0 1 545239233 1.09230461e-06 3678948817 
2553693.0 1 1465560917 1.23403271e-06 2842015324 
2559905.0 0 3921011129 1.106625e-06 1751902433 
2561420.0 3 1481166135 2.791e-08 2883513480 1736323711 1.4e-08 
2586627.0 1 545239233 1.113215e-06 3696843781 
2590754.0 2 3633199892 1.768403e-08 2848685905 283080478 1.4e-08 
2600487.0 0 545239233 1.113215e-06 4285585893 
2612979.0 1 1572835533 3.742529e-07 110358663 
2613668.0 0 443746396 2.799571e-08 1986278615 
2615801.0 0 3921011129 1.106625e-06 3604532305 
2619340.0 1 2340740170 9.167784000000001e-07 1593850299 
2628410.0 1 3373526895 9.3606197e-07 3952655669 
2631469.0 1 373638573 1.00000002791 1651612823 
2634459.0 1 2340740170 9.3383354e-07 301219709 
2644899.0 1 3737780296 8.513857e-07 3823443426 
2658380.0 0 2046083849 2.791e-08 3147695692 
2668114.0 0 2029773149 1.88234e-08 4198169764 
2670130.0 2 1370908750 1.731786e-08 3016084464 785216844 1.4e-08 
2674087.0 3 3983774618 1.716298e-08 3303338876 3006103420 1.460613e-08 
2678348.0 0 1434498202 2.791e-08 1736323711 
2688486.0 0 2718413753 3.967767e-08 1494141940 
2701800.0 0 545239233 1.113215e-06 1751902433 
2703134.0 0 4240624600 1.484186e-08 3528332227 
2722987.0 1 373638573 1.0000000204048 1239307652 
2729865.0 1 2340740170 9.479192100000001e-07 2875471576 
2740423.0 1 373638573 1.00000001408571 2118016430 
2750475.0 3 2718413753 1.4000010000000003e-08 1370908750 2898323513 1.433184e-08 1199222225 1.433184e-08 3755198008 1.433184e-08 
2763346.0 0 1572835533 3.742529e-07 1743198400 
2766379.0 1 373638573 1.00000002791 1037584679 
2772056.0 2 179097684 5.6940265e-07 2393342300 2795041644 1.519061e-08 3492274228 1.519061e-08 1420914473 1.519061e-08 439844059 1.519061e-08 3802520055 1.519061e-08 
2772074.0 1 179097684 5.8459321e-07 439844059 
2774035.0 1 179097684 5.9978381e-07 3802520055 
2774545.0 0 3492274228 1.519061e-08 2795041644 
2774672.0 1 179097684 6.1497451e-07 3492274228 
2777615.0 1 179097684 6.3016511e-07 1420914473 
2781636.0 1 3921011129 1.12146686e-06 4240624600 
2798815.0 1 179097684 6.453557100000001e-07 2795041644 
2846579.0 3 811613008 1.4000000000000003e-08 2961226102 3012889883 1.548257e-08 3363823620 1.548257e-08 
2854429.0 2 1572835533 3.742529e-07 197654791 1086559163 1.4e-08 3063534263 1.581081e-08 2013640095 1.581081e-08 
2857064.0 0 2250775120 2.101399e-08 2718413753 
2869354.0 0 4046076794 2.791e-08 2718413753 
2895310.0 2 3012889883 1.5957649999999997e-08 77395223 1461359102 1.4e-08 
2904744.0 3 1931993247 1.458727e-08 785216844 2027098952 1.4e-08 
2940476.0 1 545239233 1.127215e-06 283080478 
2943575.0 1 3373526895 9.5161838e-07 921818415 
2960790.0 2 1826422368 1.5320710000000002e-08 3755198008 4167430602 1.4e-08 
2992715.0 3 265770918 1.399999e-08 3063534263 4096225443 1.486041e-08 781549661 1.486041e-08 
3006437.0 0 1826422368 1.532071e-08 3528332227 
3016163.0 1 3373526895 9.659502399999999e-07 1199222225 
3052426.0 1 1465560917 1.24991698e-06 2173231515 
3075356.0 1 1465560917 1.277827e-06 1533953788 
3107240.0 0 2906924538 2.791e-08 1434498202 
3116915.0 1 373638573 1.0000000188234 302486611 
3125023.0 2 3059144981 2.199927e-08 1130108289 907719639 1.4e-08 
3133770.0 0 838860310 2.791e-08 3528332227 
3135783.0 0 1931993247 1.458727e-08 896813269 
3144047.0 1 373638573 1.00000001447508 3485819286 
3144523.0 0 3497999925 2.791e-08 1743198400 
3149006.0 1 3737780296 8.792957000000001e-07 3268335666 
3156126.0 0 3921011129 1.121467e-06 2898323513 
3187729.0 3 3363823620 1.548257e-08 4285585893 1906851972 1.4e-08 
3200667.0 0 3373526895 9.659502e-07 3815024321 
3220461.0 2 3921011129 1.121467e-06 472358284 2597880038 1.4e-08 1896745001 1.418722e-08 
3244655.0 3 1434498202 1.4000000000000003e-08 772925454 2378434411 1.741e-08 1837088337 1.741e-08 
3251682.0 0 3604532305 1.409361e-08 4167430602 
3252010.0 1 373638573 1.00000001905419 1743198400 
3284003.0 3 3497999925 1.3999999999999998e-08 2898323513 1543523724 1.412092e-08 1761715697 1.412092e-08 
3288090.0 1 3921011129 1.13678771e-06 1826422368 
3323069.0 0 545239233 1.127215e-06 1867247157 
3351343.0 3 770580294 2.237888e-08 2013640095 3099973400 2.134193e-08 
3354507.0 2 4283280385 1.523123e-08 1803925302 2789348510 1.4e-08 
3358721.0 2 2215785330 2.782e-08 3179285865 1371202285 1.4e-08 
3360676.0 1 1572835533 3.8932528e-07 3375523036 
3367734.0 1 545239233 1.141215e-06 3497999925 
3383648.0 1 545239233 1.169125e-06 1481166135 
3385986.0 0 4035587434 1.409361e-08 2597880038 
3390576.0 1 1068020906 0.0009545373 1986278615 
3421301.0 0 3921011129 1.136788e-06 3604532305 
3428565.0 1 1572835533 4.0488168e-07 395113485 
3469469.0 1 3373526895 9.800438099999998e-07 3604532305 
3475049.0 1 3373526895 9.940438e-07 2597880038 
3475627.0 2 1465560917 1.2778270200000005e-06 2340740170 629078091 7.195538e-08 754560055 1.412845e-08 1737134642 1.412845e-08 37613351 1.412845e-08 3434666020 1.412845e-08 2369258877 1.412845e-08 3563522875 1.412845e-08 249728555 1.412845e-08 4285226245 1.412845e-08 2707460946 1.412845e-08 2606325002 1.412845e-08 1541925803 1.412845e-08 2024675612 1.412845e-08 1292023300 1.412845e-08 3302973195 1.412845e-08 875106938 1.412845e-08 3314075649 1.412845e-08 2589646060 1.412845e-08 3433591204 1.412845e-08 1848242772 1.412845e-08 250719570 1.412845e-08 2681498831 1.412845e-08 481808867 1.412845e-08 2066612683 1.412845e-08 3458484829 1.412845e-08 2719204682 1.412845e-08 4256642775 1.412845e-08 2449448537 1.412845e-08 463844675 1.412845e-08 3167902617 1.412845e-08 579073438 1.412845e-08 3468130899 1.412845e-08 393090083 1.412845e-08 2343849308 1.412845e-08 1055469694 1.412845e-08 627452446 1.412845e-08 2014426858 1.412845e-08 2716949832 1.412845e-08 552634658 1.412845e-08 3736523900 1.412845e-08 2213923665 1.412845e-08 1503202005 1.412845e-08 3202152185 1.412845e-08 2622395779 1.412845e-08 3607413901 1.412845e-08 649593533 1.412845e-08 66987975 1.412845e-08 483021244 1.412845e-08 3707800333 1.412845e-08 3528190190 1.412845e-08 2185291493 1.412845e-08 550176535 1.412845e-08 1674415855 1.412845e-08 4287239676 1.412845e-08 3884987045 1.412845e-08 1960974751 1.412845e-08 309459595 1.412845e-08 2348040613 1.412845e-08 3180086772 1.412845e-08 3833074883 1.412845e-08 1462644303 1.412845e-08 4088625113 1.412845e-08 1237914369 1.412845e-08 
3475627.0 1 629078091 8.608383e-08 1237914369 
3475627.0 1 629078091 1.0021228e-07 754560055 
3475627.0 1 629078091 1.1434075e-07 1737134642 
3475627.0 1 629078091 1.2846915e-07 4088625113 
3481555.0 1 1465560917 1.29195545e-06 2185291493 
3489235.0 0 1902671923 1.447508e-08 3314075649 
3493989.0 0 1347872676 2.791e-08 2046083849 
3494956.0 0 2046083849 2.791e-08 2014426858 
3495597.0 1 545239233 1.183125e-06 1837234470 
3511466.0 1 545239233 1.21112071e-06 443746396 
3513556.0 1 1465560917 1.30608345e-06 2719204682 
3520240.0 1 1465560917 1.3202114500000001e-06 649593533 
3521790.0 1 1465560917 1.334212e-06 4253718737 
3536187.0 3 2027098952 1.4e-08 1736323711 2733144751 1.4e-08 
3544852.0 0 309459595 1.412845e-08 250719570 
3551831.0 1 3373526895 1.00823102e-06 1896745001 
3552800.0 1 636961411 4.1909999999999996e-08 783121895 
3564831.0 0 627452446 1.412845e-08 481808867 
3576337.0 1 3884987045 2.82569e-08 3302973195 
3587994.0 1 1465560917 1.34834045e-06 4285226245 
3589216.0 0 3006103420 1.460613e-08 1541925803 
3624025.0 1 1465560917 1.36246845e-06 3167902617 
3625374.0 0 636961411 4.191e-08 2919643181 
3627675.0 0 179097684 6.453557e-07 2919643181 
3628080.0 1 179097684 6.732657000000001e-07 2919643181 
3630395.0 3 1035492323 2.791e-08 873214132 1649557018 1.4e-08 
3648043.0 0 1465560917 1.362469e-06 309459595 
3652240.0 3 259930472 1.4e-08 4046076794 1831065885 2.091e-08 79461789 2.091e-08 
3653408.0 1 545239233 1.22512e-06 1906851972 
3659698.0 1 1465560917 1.3765974500000002e-06 3180086772 
3659928.0 0 3707879645 1.475615e-08 2441325815 
3669765.0 0 1465560917 1.376597e-06 3434666020 
3669845.0 0 1465560917 1.376597e-06 3434666020 
3690298.0 0 2213923665 1.412845e-08 3458484829 
3697763.0 3 4256642775 1.412845e-08 1434498202 1621314342 1.4e-08 
3724947.0 0 3241671100 2.791e-08 3468130899 
3725560.0 0 2681498831 1.412845e-08 250719570 
3725747.0 1 1465560917 1.39072545e-06 2369258877 
3727716.0 0 3099973400 2.134193e-08 2909632847 
3734348.0 0 3921011129 1.136788e-06 4035587434 
3735058.0 0 659524895 2.791e-08 1931993247 
3739909.0 2 3632514288 1.4613550000000002e-08 3528190190 2016090987 1.4e-08 
3745712.0 1 3921011129 1.150788e-06 37051273 
3766863.0 1 1572835533 4.3279169999999997e-07 1035492323 
3780782.0 1 545239233 1.2392484500000001e-06 3607413901 
3803141.0 0 2716949832 1.412845e-08 463844675 
3809037.0 1 1465560917 1.40485445e-06 4287239676 
3815042.0 0 1465560917 1.404854e-06 1848242772 
3818539.0 1 1465560917 1.4326740000000002e-06 2215785330 
3818555.0 1 3921011129 1.178698e-06 1494141940 
3824166.0 0 1465560917 1.432674e-06 1086559163 
3841022.0 0 4096225443 1.486041e-08 309459595 
3844528.0 2 3099973400 2.1427640000000003e-08 2063946235 1553963666 1.4e-08 
3863199.0 1 1572835533 4.4995468e-07 3983774618 
3863799.0 0 3099973400 2.142764e-08 265770918 
3864712.0 1 1572835533 4.6442978e-07 4209590891 
3867733.0 0 2378434411 1.741e-08 3202152185 
3878637.0 1 3373526895 1.02284455e-06 3632514288 
3886918.0 0 3382444416 2.791e-08 474866315 
3898304.0 1 3373526895 1.0369386099999998e-06 4035587434 
3903693.0 2 1902671923 1.460353e-08 1462644303 1002680420 1.4e-08 
3915176.0 0 552634658 1.412845e-08 249728555 
3926281.0 0 3921011129 1.178698e-06 1761715697 
3926710.0 3 3147695692 1.8338149999999997e-08 4075596975 734120091 1.7328e-08 
3931022.0 0 1465560917 1.432674e-06 2733144751 
3938944.0 0 3433591204 1.412845e-08 249728555 
3942227.0 1 3921011129 1.19281892e-06 1761715697 
3949487.0 0 1465560917 1.432674e-06 2449448537 
3970467.0 0 2451350669 2.791e-08 1649557018 
3984134.0 0 781549661 1.486041e-08 474866315 
4024237.0 1 1465560917 1.44680245e-06 3833074883 
4048769.0 1 1465560917 1.46139027e-06 2707128518 
4059128.0 2 2589646060 1.4256900000000001e-08 2024675612 2475979558 1.4e-08 
4069882.0 0 3433591204 1.412845e-08 2733144751 
4074322.0 1 1465560917 1.4755184500000001e-06 1055469694 
4074874.0 0 3113062634 1.948032e-08 1960974751 
4089170.0 3 3815024321 1.409361e-08 811613008 2649056468 1.4e-08 
4111988.0 0 1465560917 1.475518e-06 659524895 
4117071.0 1 2737363250 9.772999999999999e-08 1553963666 
4132199.0 3 3012070026 1.3999989999999996e-08 3815024321 3381587904 2.042646e-08 175860597 2.042646e-08 
4183712.0 0 4096225443 1.486041e-08 37613351 
4188439.0 3 4019363830 1.555638e-08 2027098952 1089013536 1.4e-08 
4193505.0 0 179097684 6.732657e-07 2649056468 
4201859.0 0 1465560917 1.475518e-06 3393811039 
4205384.0 1 545239233 1.253249e-06 1089013536 
4209870.0 0 3059144981 2.199927e-08 37613351 
4218415.0 0 3059144981 2.199927e-08 2718413753 
4229071.0 0 483021244 1.412845e-08 875106938 
4230455.0 0 4283280385 1.523123e-08 3655816389 
4248650.0 1 545239233 1.26737745e-06 249728555 
4248947.0 1 1572835533 4.818397e-07 1837088337 
4276272.0 2 309459595 1.4256900000000001e-08 2707460946 552498239 1.4e-08 
4287964.0 3 2286860921 1.475615e-08 552498239 481049431 1.4e-08 
4306622.0 2 3921011129 2.19101482e-06 3373526895 2950407739 1.937109e-08 72955594 1.937109e-08 
4307790.0 0 636961411 4.191e-08 2622395779 
4309466.0 3 2159618959 1.447508e-08 2791633391 1771264541 1.4e-08 
4320118.0 1 3737780296 9.072057e-07 1866926464 
4329673.0 1 3921011129 2.21038609e-06 72955594 
4353572.0 1 3921011129 2.2297570900000002e-06 2950407739 
4358125.0 1 1572835533 5.0421858e-07 770580294 
4371253.0 1 1465560917 1.49136646e-06 2177968201 
4376142.0 1 1465560917 1.519277e-06 2937387076 
4392501.0 3 4096225443 1.464822e-08 3528332227 2353028958 1.421219e-08 
4403258.0 2 3012889883 1.6442750000000003e-08 3149440925 2980075456 1.4e-08 
4417485.0 0 629078091 1.284692e-07 2980075456 
4428476.0 0 2250775120 2.101399e-08 1931993247 
4430332.0 2 3006103420 1.4734580000000001e-08 2213923665 3449694611 1.4e-08 
4435018.0 2 2159618959 1.460353e-08 1674415855 1194638860 1.4e-08 
4450220.0 1 3921011129 2.24423208e-06 2441325815 
4472177.0 1 1465560917 1.533277e-06 2475979558 
4479278.0 3 790319072 2.0714419999999998e-08 1751902433 114837353 1.943284e-08 
4486845.0 0 1572835533 5.042186e-07 781549661 
4499296.0 2 1931993247 1.4715720000000001e-08 4256642775 2341758500 1.4e-08 
4503961.0 0 3921011129 2.244232e-06 781549661 
4555372.0 1 1572835533 5.216286e-07 2378434411 
4561076.0 1 545239233 1.28150545e-06 37613351 
4571416.0 1 1465560917 1.54740545e-06 2681498831 
4595543.0 1 373638573 1.00000001412845 2449448537 
4600295.0 3 179097684 6.586011e-07 3113062634 651046398 1.707246e-08 2780384598 1.707246e-08 
4601216.0 1 179097684 6.7567356e-07 651046398 
4601871.0 1 179097684 6.927459599999999e-07 2780384598 
4615657.0 3 734120091 1.7328e-08 2341758500 1061526795 1.4e-08 
4620945.0 0 2312786130 1.458727e-08 3393811039 
4623316.0 0 4096225443 1.464822e-08 2622395779 
4630366.0 1 1465560917 1.5683149999999999e-06 1831065885 
4633213.0 2 3433591204 1.4256900000000001e-08 1292023300 3342541004 1.4e-08 
4642918.0 3 781549661 1.486041e-08 287801793 1577969976 1.4e-08 
4643417.0 0 2466232951 2.297502e-08 3434666020 
4671524.0 1 3921011129 2.26465846e-06 3381587904 
4672954.0 1 1465560917 1.582315e-06 3012070026 
4677392.0 0 1465560917 1.582315e-06 463844675 
4706685.0 3 393090083 1.412845e-08 1771264541 695939830 1.4e-08 
4716924.0 2 114837353 1.9907920000000003e-08 3655816389 229435916 1.4e-08 
4717116.0 1 114837353 3.390792e-08 229435916 
4722136.0 0 66987975 1.412845e-08 2716949832 
4729628.0 0 3059144981 2.199927e-08 2016090987 
4730544.0 0 2622395779 1.412845e-08 3468130899 
4736569.0 0 838860310 2.791e-08 1425083048 
4739777.0 0 1738909006 1.417143e-08 1541925803 
4740023.0 1 545239233 1.295506e-06 2016090987 
4768094.0 1 1465560917 1.6102250000000001e-06 598947138 
4771102.0 0 3633199892 1.768403e-08 4167430602 
4801822.0 0 3279231079 2.791e-08 2622395779 
4820405.0 1 1465560917 1.62435345e-06 250719570 
4845057.0 3 659524895 1.725136e-08 2466232951 1850435983 1.681683e-08 19131048 1.681683e-08 
4874292.0 0 179097684 6.92746e-07 1577969976 
4881088.0 0 179097684 6.92746e-07 781549661 
4901208.0 1 179097684 7.067459999999999e-07 1577969976 
4909754.0 0 242414939 2.791e-08 3084497907 
4943489.0 1 1465560917 1.6384824500000001e-06 3458484829 
5002614.0 2 2029773149 2.316155e-08 3147695692 2426951832 1.4e-08 
5013243.0 3 3382444416 2.657923e-08 1194638860 3089865955 1.533077e-08 
5025182.0 1 1465560917 1.65403838e-06 4019363830 
5033877.0 3 2046083849 1.400001e-08 3202152185 3526559023 1.401922e-08 73116178 1.401922e-08 
5066371.0 0 1465560917 1.654038e-06 1086559163 
5071151.0 3 611212867 1.458727e-08 3297362622 2654473721 1.4e-08 
5076951.0 0 483021244 1.412845e-08 2046083849 
5077422.0 1 3921011129 2.292569e-06 838860310 
5083028.0 0 3012889883 1.644275e-08 73116178 
5093427.0 0 545239233 1.295506e-06 4167430602 
5094101.0 1 1465560917 1.66816645e-06 3314075649 
5096608.0 0 1061526795 1.4e-08 259930472 
5099527.0 0 1465560917 1.668167e-06 695939830 
5127723.0 1 3921011129 2.30715627e-06 611212867 
5132327.0 0 3988949870 2.791e-08 2451350669 
5135276.0 2 545239233 1.295506e-06 2737363250 2564127097 1.4e-08 3554620561 1.6746e-08 2789301560 1.6746e-08 3201932102 1.6746e-08 3527214469 1.6746e-08 224410298 1.6746e-08 
5145441.0 1 545239233 1.312252e-06 2789301560 
5161342.0 3 1503202005 1.412845e-08 1621314342 3967778277 1.4e-08 
5166527.0 1 545239233 1.326252e-06 2564127097 
5175525.0 1 3921011129 2.3211560000000004e-06 4167430602 
5293431.0 1 545239233 1.340252e-06 2654473721 
5301761.0 3 2589646060 1.42569e-08 1371202285 1759850032 1.4e-08 
5301799.0 0 1465560917 1.668167e-06 242414939 
5304295.0 1 545239233 1.3622512700000001e-06 3059144981 
5330126.0 0 2440120768 2.799571e-08 2606325002 
5353082.0 0 393090083 1.412845e-08 1541925803 
5366996.0 1 1572835533 5.3621587e-07 2312786130 
5377900.0 1 373638573 1.00000002791 2681375347 
5392129.0 0 636961411 4.191e-08 265770918 
5395306.0 0 1434594601 1.4e-08 2046083849 
5435951.0 2 3006103420 1.47538e-08 73116178 2704180049 1.4e-08 
5453717.0 0 3554620561 1.6746e-08 2426951832 
5483095.0 1 3921011129 2.33527692e-06 1543523724 
5500080.0 3 2906924538 1.4e-08 3129006749 287394855 1.980479e-08 2670951229 1.980479e-08 
5504441.0 1 287394855 3.3804789999999997e-08 2906924538 
5509712.0 0 3988949870 2.791e-08 3967778277 
5554103.0 1 1465560917 1.68229545e-06 481808867 
5598806.0 1 373638573 1.000000014 1649557018 
5605484.0 1 1465560917 1.6964234500000001e-06 2014426858 
5628070.0 3 3382444416 1.399999e-08 734120091 2367820772 1.495362e-08 771359632 1.495362e-08 
5651628.0 0 1572835533 5.362159e-07 3527214469 
5662924.0 2 175860597 2.0554910000000002e-08 3563522875 4186562710 1.4e-08 
5672135.0 3 659524895 1.594687e-08 3382444416 3211480542 1.53045e-08 
5673314.0 3 4004407106 1.902069e-08 265770918 346987663 1.4e-08 
5725402.0 0 2451350669 2.791e-08 3697249003 
5759128.0 1 545239233 1.378997e-06 3527214469 
5771720.0 0 3921011129 2.335277e-06 175860597 
5837120.0 1 373638573 1.00000001412845 875106938 
5845118.0 3 2250775120 2.101399e-08 2704180049 1922039940 1.4e-08 
5925085.0 0 3737780296 9.072057e-07 579073438 
5953752.0 0 1444500749 2.791e-08 2789348510 
5990998.0 0 114837353 3.390792e-08 1850435983 
6010831.0 1 373638573 1.00000001412845 2716949832 
6022394.0 0 3633199892 1.768403e-08 1541925803 
6026667.0 0 3099973400 2.142764e-08 259930472 
6039618.0 0 3884987045 2.82569e-08 2622395779 
6042844.0 3 242414939 1.4e-08 3211480542 2110688926 1.460725e-08 1314810707 1.460725e-08 
6044851.0 1 545239233 1.392997e-06 896813269 
6095599.0 0 346987663 1.4e-08 3393811039 
6105170.0 3 636961411 1.3999990000000006e-08 2348040613 2472898255 1.401282e-08 3459912306 1.401282e-08 1598213090 1.401282e-08 
6126457.0 1 3921011129 2.352023e-06 3554620561 
6131072.0 3 1931993247 1.471572e-08 242414939 1495382923 1.4e-08 
6253036.0 1 1465560917 1.71324083e-06 1850435983 
6258016.0 0 1572835533 5.362159e-07 3393811039 
6322054.0 1 373638573 1.00000001475615 3707879645 
6347971.0 0 3633199892 1.768403e-08 1452489764 
6354772.0 0 1503202005 1.412845e-08 387772665 
6382059.0 1 545239233 1.409743e-06 3201932102 
6401626.0 1 373638573 1.00000002791 4226750145 
6413256.0 3 2589646060 1.42569e-08 1922039940 722767024 1.4e-08 
6449840.0 1 545239233 1.43773871e-06 2440120768 
6463402.0 3 3732071459 1.470973e-08 722767024 515125813 1.4e-08 
6569433.0 0 1465560917 1.713241e-06 3967778277 
6594581.0 0 4187488967 1.76834e-08 3468130899 
6642803.0 2 2159618959 1.516432e-08 2455922112 1298902656 1.4e-08 
6644938.0 0 545239233 1.437739e-06 481049431 
6664804.0 1 1465560917 1.727241e-06 2718413753 
6666228.0 3 550176535 1.412845e-08 2980075456 3532628785 1.4e-08 
6673446.0 2 1565786989 1.476897e-08 1598213090 826924968 1.4e-08 
6706737.0 3 4096225443 1.464822e-08 826924968 3190311976 1.4e-08 
6729171.0 0 2159618959 1.516432e-08 393090083 
6735811.0 0 1452489764 1.50607e-08 1461359102 
6743457.0 1 3737780296 9.212057e-07 3342541004 
6756375.0 2 19131048 1.777045e-08 771359632 841878026 1.4e-08 
6762813.0 1 545239233 1.45845341e-06 790319072 
6775690.0 1 1465560917 1.74132671e-06 1172086036 
6785422.0 0 4096225443 1.464822e-08 1002680420 
6799360.0 3 3988949870 2.397726e-08 4004407106 2747938267 2.295343e-08 
6805264.0 0 545239233 1.458453e-06 2451350669 
6835625.0 0 545239233 1.458453e-06 3126241903 
6894137.0 1 1465560917 1.75534522e-06 3526559023 
6897004.0 1 3921011129 2.3660230000000003e-06 2649056468 
6990394.0 0 3988949870 2.397726e-08 2747938267 
6996055.0 0 1314810707 1.460725e-08 1503202005 
7003405.0 0 1572835533 5.362159e-07 4283280385 
7007282.0 1 1465560917 1.77005573e-06 3732071459 
7009762.0 1 545239233 1.48243026e-06 3988949870 
7014327.0 1 545239233 1.49887275e-06 3012889883 
7035517.0 0 841878026 1.4e-08 1061526795 
7057027.0 3 2589646060 1.42569e-08 3532628785 3177521820 1.4e-08 
7058819.0 0 2747938267 2.295343e-08 1759850032 
7072847.0 3 3884987045 1.4e-08 841878026 3363025910 1.412845e-08 1290268226 1.412845e-08 
7105285.0 1 3921011129 2.38015145e-06 463844675 
7118774.0 0 1572835533 5.362159e-07 1461359102 
7148487.0 1 1572835533 5.5093162e-07 1931993247 
7167386.0 1 545239233 1.5130014500000001e-06 1290268226 
7245177.0 2 1444500749 2.791654e-08 1452489764 764400056 1.505416e-08 
7263037.0 3 4186562710 1.4e-08 3393811039 1517815290 1.4e-08 
7265260.0 1 1517815290 2.8e-08 4186562710 
7282765.0 0 552634658 1.412845e-08 1298902656 
7317357.0 0 545239233 1.513002e-06 781549661 
7325675.0 3 552634658 1.412845e-08 636961411 66064165 1.4e-08 
7338126.0 1 1465560917 1.7841834500000001e-06 66987975 
7359043.0 1 3921011129 2.3950114099999996e-06 781549661 
7398875.0 0 1465560917 1.784184e-06 1738909006 
7428602.0 2 1465560917 1.784184e-06 629078091 2766526296 1.4e-08 2454553876 1.430865e-08 1923515514 1.430865e-08 3339828518 1.430865e-08 105819081 1.430865e-08 533433650 1.430865e-08 1601889739 1.430865e-08 381652938 1.430865e-08 96665495 1.430865e-08 
7484394.0 1 4031050948 3.2249257e-07 3363823620 
7485815.0 1 373638573 1.00000001412845 483021244 
7496852.0 0 1572835533 5.509316e-07 387772665 
7497127.0 1 1465560917 1.798184e-06 2766526296 
7511464.0 1 545239233 1.527002e-06 3177521820 
7529425.0 1 545239233 1.541002e-06 387772665 
7529483.0 1 373638573 1.00000002791 2451350669 
7531838.0 1 1572835533 5.651884999999999e-07 3433591204 
7563459.0 2 2367820772 1.5778430000000002e-08 3697249003 1342185090 1.4e-08 
7566757.0 1 1572835533 5.791885e-07 346987663 
7635839.0 1 545239233 1.555002e-06 630280293 
7651454.0 3 105819081 1.430865e-08 3967778277 149784911 1.4e-08 
7702959.0 0 66064165 1.4e-08 1495382923 
7730761.0 0 1572835533 5.791885e-07 2029773149 
7753044.0 1 545239233 1.56960925e-06 1314810707 
7766869.0 1 179097684 7.299075500000001e-07 2029773149 
7777338.0 3 1503202005 1.412845e-08 907719639 85224627 1.4e-08 
7779759.0 1 373638573 1.000001014 1061526795 
7780663.0 1 373638573 1.0000010141284499 2066612683 
7818900.0 0 1444500749 2.791653e-08 533433650 
7841020.0 1 545239233 1.58421625e-06 2110688926 
7858854.0 1 545239233 1.612126e-06 3241671100 
7859370.0 3 2879167783 1.408571e-08 1298902656 1965662198 1.4e-08 
7896491.0 0 545239233 1.612126e-06 1444500749 
7904497.0 1 1465560917 1.81249265e-06 533433650 
7915376.0 3 224410298 1.6746e-08 481049431 110439229 1.4e-08 
7915553.0 1 373638573 1.00000102791 2250879299 
7930437.0 1 545239233 1.62807287e-06 659524895 
7948868.0 0 550176535 1.412845e-08 3468130899 
7963093.0 3 149784911 1.4e-08 259930472 1449522982 1.4e-08 
7963094.0 1 1449522982 2.8e-08 149784911 
8025301.0 1 545239233 1.656073e-06 1449522982 
8052473.0 0 1572835533 5.791885e-07 96665495 
8053074.0 1 1465560917 1.82657771e-06 2879167783 
8070591.0 3 2250775120 1.7999019999999998e-08 1342185090 3279439195 1.701497e-08 
8071426.0 3 1902671923 1.460353e-08 1002680420 360107933 1.4e-08 
8105561.0 1 373638573 1.00000102791 2263814062 
8107173.0 0 4031050948 3.224926e-07 393090083 
8208576.0 1 373638573 1.0000010141284499 1541925803 
8344177.0 0 1572835533 5.791885e-07 1601889739 
8369656.0 1 373638573 1.00000101777044 19131048 
8377322.0 1 373638573 1.00000101401282 3459912306 
8394198.0 1 1465560917 1.8418092300000001e-06 4283280385 
8454710.0 1 3099973400 3.942667e-08 2250775120 
8535594.0 0 515125813 1.4e-08 2426951832 
8604054.0 0 105819081 1.430865e-08 3468130899 
8638207.0 1 373638573 1.000001014 1461359102 
8650167.0 3 1517815290 1.4e-08 110439229 1657444763 1.4e-08 58759274 1.4e-08 
8839742.0 0 179097684 7.299075e-07 58759274 
8842473.0 1 3921011129 2.409012e-06 1657444763 
8853246.0 1 1465560917 1.8757169199999999e-06 114837353 
8856666.0 3 66064165 1.4e-08 3190311976 2135013218 1.4e-08 
8893380.0 1 545239233 1.67020145e-06 3468130899 
8931641.0 0 3921011129 2.409012e-06 224410298 
8954869.0 0 1465560917 1.875717e-06 515125813 
8998155.0 1 1465560917 1.889717e-06 1965662198 
9020304.0 1 1465560917 1.9043205299999999e-06 1902671923 
9023587.0 0 545239233 1.670201e-06 66064165 
9054336.0 0 545239233 1.670201e-06 3986570268 
9107788.0 1 179097684 7.439075e-07 58759274 
9234014.0 1 373638573 1.00000101401282 2472898255 
9263693.0 1 1465560917 1.9185779e-06 2589646060 
9563469.0 0 545239233 1.670201e-06 79461789 
9582864.0 1 1465560917 1.932578e-06 66064165 
9636035.0 3 105819081 1.430865e-08 2046083849 470332523 1.4e-08 
9748900.0 0 3921011129 2.409012e-06 1601889739 
9757419.0 0 545239233 1.670201e-06 1517815290 
9901208.0 0 1465560917 1.932578e-06 2670951229 
