46.34423 1 1444500749 5.582e-08 770580294 
115.7289 1 1075699702 3.0701e-07 1986278615 
228.1389 1 3084497907 5.582e-08 2125112500 
228.5526 1 2519559028 3.0701e-07 3012070026 
280.4639 1 3555679070 5.582e-08 2542835646 
325.1466 1 2246051850 3.0701e-07 953296898 
350.1801 1 1134175585 5.582e-08 632754209 
387.4894 1 3921011129 3.0701e-07 3908154577 
526.9085 1 1222799196 3.0701e-07 1434498202 
666.2671 1 2235064901 3.0701e-07 3116505811 
763.6532 1 4259593397 3.0701e-07 1156624510 
907.9174 1 1222799196 3.3492e-07 2205180068 
1194.364 1 858320168 5.582e-08 387772665 
1250.276 1 2235064901 3.3492e-07 1379399837 
1355.617 1 3534547045 3.0701e-07 582973675 
1408.253 0 941534069 2.791e-08 2932274237 
1420.727 1 1222799196 3.6283e-07 873214132 
1451.499 1 3126241903 5.582e-08 3938221642 
1588.146 0 3841896594 2.791e-08 3800234335 
1597.429 1 3555679070 8.373e-08 259930472 
1657.058 1 732124878 5.582e-08 4061687915 
1776.867 1 1493201942 5.582e-08 2835620284 
1821.85 1 3121047530 5.582e-08 2737363250 
2073.572 1 315200650 5.582e-08 838860310 
2357.48 0 1425083048 2.791e-08 2779686750 
2794.777 0 1661091397 2.791e-08 1731090175 
3149.925 1 2799798816 3.0701e-07 2046083849 
3232.422 1 2799798816 3.3492e-07 1327969783 
3329.384 1 1222799196 3.9073999999999996e-07 405521437 
3411.918 1 1222799196 4.1865e-07 3357643131 
3616.528 1 3373526895 3.0701e-07 3800234335 
4303.055 1 3534547045 3.3492e-07 1661091397 
4814.555 1 688805295 5.582e-08 3732071459 
5191.321 1 545239233 3.0701e-07 1123501568 
5292.052 1 2235064901 3.6283e-07 870323177 
5404.684 1 287801793 5.582e-08 3616865126 
5477.947 1 1222799196 4.4656e-07 3775452048 
5614.309 1 3004792470 3.0701e-07 3736601249 
5628.121 0 2178051842 2.791e-08 1494141940 
5649.315 1 3921011129 3.3492e-07 1584276479 
5714.405 1 1222799196 4.7447e-07 869234806 
6077.932 1 2349140130 5.582e-08 3749853089 
6086.459 0 3708838243 2.791e-08 3015378843 
6491.328 1 1735432893 5.582e-08 780264402 
6935.562 1 2235064901 3.9073999999999996e-07 1494141940 
7239.309 1 2340740170 3.0701e-07 40245973 
7608.185 1 2870037616 5.582e-08 949068759 
7722.456 0 3421887303 2.791e-08 486050091 
7724.789 1 1735432893 8.373e-08 2455496064 
8002.133 1 343742982 5.582e-08 1502094437 
8052.287 1 3373526895 3.3492e-07 1631081845 
8670.75 1 4259593397 3.3492e-07 2870158420 
8769.982 1 3921011129 3.6283e-07 778035964 
8844.776 1 3084497907 8.373e-08 4263717482 
9265.617 0 1866926464 2.791e-08 2326007700 
9331.176 1 179097684 3.0701e-07 1206764858 
9648.806 1 2340740170 3.3492e-07 314650893 
9692.98 1 1037584679 5.582e-08 2408568032 
9765.01 1 6723929 5.582e-08 1321648343 
9842.519 1 384163328 5.582e-08 211811971 
11006.2 1 1075699702 3.3492e-07 3129006749 
11899.84 1 2859795595 5.582e-08 4231632140 
12480.5 0 3114612365 2.791e-08 257754683 
13851.17 0 3084497907 8.373e-08 3232700421 
13901.67 2 2235064901 3.9074e-07 2859795595 3687573659 1.4e-08 3196256300 2.091e-08 848448836 2.091e-08 
13967.2 0 315200650 5.582e-08 290926289 
14042.66 1 1735432893 1.3955e-07 3126241903 
14092.75 1 2799798816 3.6283e-07 3197676583 
14547.64 0 3421887303 2.791e-08 1738899943 
14600.3 0 2235064901 3.9074e-07 3196256300 
14695.26 1 2246051850 3.3492e-07 3071234124 
14758.25 0 2519559028 3.0701e-07 4188445920 
15209.3 1 3004792470 3.3492e-07 2906924538 
15562.46 1 1465560917 3.0701e-07 2451350669 
15805.66 0 2263814062 2.791e-08 3774459889 
16239.86 1 2799798816 3.9073999999999996e-07 2466232951 
16246.96 0 3114612365 2.791e-08 3707189490 
16359.68 0 688805295 5.582e-08 2932274237 
16833.7 1 1465560917 3.3492e-07 2480932170 
17281.04 0 3373526895 3.3492e-07 3061883439 
17407.94 2 1572835533 2.791e-07 1444500749 2211003714 2.635452e-08 2916276788 1.473274e-08 3696193412 1.473274e-08 
17615.25 1 343742982 7.055273999999999e-08 2916276788 
18396.68 0 1498734392 2.791e-08 810769555 
18779.85 1 545239233 3.3492e-07 2779686750 
19045.62 1 1075699702 3.6283e-07 511603307 
19329.21 0 2246051850 3.3492e-07 482917538 
19416.13 1 3921011129 4.1864999999999995e-07 858320168 
19784.65 0 561528368 2.791e-08 2409063466 
19882.17 1 1572835533 3.3492e-07 384163328 
20560.49 1 3921011129 4.4656e-07 331336395 
21119.92 0 287801793 5.582e-08 3687573659 
21188.61 0 1735432893 1.3955e-07 925199572 
21711.7 1 1465560917 4.1865e-07 3555679070 
21850.1 0 3921011129 4.4656e-07 3196256300 
22009.35 0 545239233 3.3492e-07 941534069 
23245.96 0 3241671100 2.791e-08 2693713428 
23369.06 1 545239233 3.6283e-07 257754683 
23580.4 0 3257166052 2.791e-08 848448836 
24133.53 0 2211003714 2.635452e-08 3696193412 
24335.47 0 2246051850 3.3492e-07 1481166135 
25125.36 1 1035492323 5.582e-08 2440120768 
25630.99 1 1731090175 5.582e-08 925199572 
26602.44 1 3004792470 3.6283e-07 1963165541 
26815.12 0 3919821980 2.791e-08 3889879026 
27139.75 0 4031050948 2.791e-07 3279231079 
27345.06 0 3921011129 4.4656e-07 2178051842 
27711.37 0 3921011129 4.4656e-07 3421887303 
27749.38 1 3534547045 3.9073999999999996e-07 1731090175 
27833.16 0 545239233 3.6283e-07 1425083048 
28007.5 1 3373526895 3.6283e-07 3061883439 
28023.22 0 343742982 7.055274e-08 482917538 
28260.52 1 3921011129 4.7447e-07 3421887303 
28660.08 1 1222799196 5.0238e-07 3774459889 
29220.88 1 2235064901 4.4656e-07 287801793 
29751.01 1 3373526895 3.9073999999999996e-07 3841896594 
30479.55 1 1222799196 5.302900000000001e-07 1790255658 
33440.42 1 2178051842 5.582e-08 3621383820 
34041.66 1 3921011129 4.9538e-07 3196256300 
34467.64 0 2349140130 5.582e-08 2038493855 
35730.92 1 1572835533 3.6283e-07 717226258 
35784.55 1 2340740170 3.6283e-07 905418128 
38378.61 0 1516068388 2.791e-08 3707189490 
38394.19 1 2235064901 4.6056e-07 3687573659 
38430.08 1 2178051842 8.373e-08 3257166052 
39363.2 1 2340740170 3.9073999999999996e-07 2718413753 
40608.56 1 2235064901 4.8847e-07 3326748277 
41522.25 1 2349140130 8.373e-08 2038493855 
42874.05 1 3921011129 5.791100000000001e-07 2178051842 
43684.69 1 1222799196 5.582e-07 1227575429 
43772.31 1 3921011129 6.6284e-07 3084497907 
44160.21 1 545239233 3.9073999999999996e-07 3114612365 
44308.65 1 3737780296 3.0701e-07 3490627259 
44354.58 0 1498734392 2.791e-08 4046076794 
44487.22 1 1068020906 0.0009543279100000001 828787466 
46618.28 1 3150846686 3.0701e-07 941534069 
47246.59 0 3737780296 3.0701e-07 290926289 
47264.21 1 2340740170 4.4656e-07 688805295 
47592.07 1 545239233 4.1865e-07 2932274237 
47916.08 0 6723929 5.582e-08 3498415124 
48547.82 1 3424908067 5.582e-08 3747246174 
48650.65 0 1735432893 1.3955e-07 486050091 
48689.69 0 1735432893 1.3955e-07 486050091 
48735.2 1 3373526895 4.1865e-07 1738899943 
49992.09 0 1493201942 5.582e-08 2308721517 
50298.84 0 1222799196 5.582e-07 102901530 
51336.8 0 3534547045 3.9074e-07 3919821980 
51393.03 1 3737780296 3.3492e-07 3736894086 
51497.52 0 545239233 4.1865e-07 636961411 
53481.63 1 1593850299 5.582e-08 1458665800 
54163.85 0 545239233 4.1865e-07 3498415124 
55117.12 0 1572835533 3.6283e-07 3696193412 
55912.28 2 3534547045 3.9074e-07 1134175585 15308464 1.4e-08 1239307652 2.091e-08 1945448119 2.091e-08 
56842.87 0 739080713 2.791e-08 3382444416 
57338.38 0 1945448119 2.091e-08 1239307652 
57941.75 1 2349140130 9.772999999999999e-08 15308464 
58417.94 1 2519559028 3.3492e-07 199935986 
58917.55 1 545239233 4.4656e-07 3707189490 
60794.6 1 2340740170 4.7447e-07 2308721517 
61359.25 0 3534547045 3.9074e-07 1945448119 
63422.93 0 3919821980 2.791e-08 1945448119 
63451.49 0 3534547045 3.9074e-07 3919821980 
63470.59 0 4031050948 2.791e-07 3279231079 
63712.48 0 2519559028 3.3492e-07 3268335666 
64092.65 0 3919821980 2.791e-08 1239307652 
64343.07 1 1068020906 0.0009543558100000001 501991070 
67387.61 0 6723929 5.582e-08 3498415124 
69079.62 0 2984600922 2.791e-07 3823443426 
69771.7 0 3534547045 3.9074e-07 3919821980 
70730.76 0 1945448119 2.091e-08 1239307652 
71826.28 1 545239233 4.7447e-07 245436729 
72729.23 0 545239233 4.7447e-07 1481166135 
73148.75 1 545239233 5.0238e-07 636961411 
73844.53 2 2246051850 3.3492e-07 6723929 3396227953 1.4e-08 3321237907 2.091e-08 3187199216 2.091e-08 
74356.71 0 1035492323 5.582e-08 4188445920 
74840.42 1 3150846686 3.3492e-07 3498415124 
76597.71 0 3241671100 2.791e-08 197654791 
80138.81 0 3737780296 3.3492e-07 1434594601 
80836.81 0 3241671100 2.791e-08 2693713428 
82171.95 1 2340740170 5.0238e-07 1425083048 
82558.97 1 2799798816 4.1865e-07 598947138 
83777.57 1 2799798816 4.7447e-07 315200650 
84481.83 1 2555962951 3.0701e-07 392861532 
85778.64 1 3321237907 3.564274e-08 3696193412 
86347.59 0 3228084226 2.791e-08 2190522392 
88148.2 1 3800257563 3.0701e-07 769686034 
88676.89 1 2555962951 3.3492e-07 2669757562 
89161.88 0 2235064901 4.8847e-07 3150420704 
89441.98 0 2799798816 4.7447e-07 659524895 
90797.24 0 3321237907 3.564274e-08 2211003714 
90803.23 0 790319072 2.791e-08 2263814062 
91508.83 1 3800257563 3.3492e-07 3462747 
92364.16 0 862710978 2.791e-08 4252347608 
93863.38 1 2349140130 1.2564e-07 3889879026 
94343.85 0 2250879299 2.791e-08 790319072 
96901.13 0 3534547045 3.9074e-07 486050091 
97428.35 0 3384709749 2.791e-08 997905375 
97577.72 0 486050091 2.791e-08 1239307652 
97789.14 0 1735432893 1.3955e-07 3919821980 
97995.55 1 862710978 5.582e-08 4252347608 
98743.72 1 2984600922 3.0701e-07 3988949870 
98886.6 2 4259593397 3.3492e-07 1593850299 3330100144 1.687588e-08 310481256 1.947206e-08 817087088 1.947206e-08 
99011.06 1 1465560917 4.4656e-07 741863299 
102965.0 0 3534547045 3.9074e-07 1945448119 
103015.6 0 426576124 2.791e-07 443746396 
104414.1 0 343742982 7.055274e-08 3396227953 
105128.5 1 2799798816 4.939420599999999e-07 310481256 
106705.9 0 3534547045 3.9074e-07 1945448119 
107063.1 1 3534547045 4.1165e-07 1239307652 
107998.4 0 242414939 2.791e-08 2937387076 
112192.7 0 3232700421 2.791e-08 848448836 
114276.0 1 2246051850 3.9073999999999996e-07 1493201942 
116843.2 0 3737780296 3.3492e-07 1498734392 
118869.4 1 3373526895 4.4656e-07 3919821980 
120391.2 1 1068020906 0.00095438371 251961497 
120745.3 0 2393342300 2.791e-08 2528553283 
120804.0 0 2340740170 5.0238e-07 561528368 
122655.4 1 2246051850 4.1865e-07 1481166135 
122678.6 1 3150846686 3.6283e-07 1516068388 
126208.0 1 1075699702 3.9073999999999996e-07 3015378843 
127394.5 1 3737780296 3.6283e-07 3428193420 
128394.6 0 2246051850 4.1865e-07 3187199216 
128718.3 0 1465560917 4.4656e-07 242414939 
128728.0 1 426576124 3.0701e-07 3519923770 
129218.9 2 2340740170 5.0238e-07 3321237907 551137729 1.4e-08 1218250404 2.164274e-08 
129506.1 1 2340740170 5.1638e-07 551137729 
129704.0 2 3921011129 1.051971e-06 3373526895 1035956119 1.435725e-08 1211996162 1.435725e-08 188552836 1.435725e-08 2029773149 1.435725e-08 
130041.8 1 2340740170 5.3802274e-07 1218250404 
130166.3 0 1465560917 4.4656e-07 2937387076 
130259.4 1 3921011129 1.06632825e-06 2029773149 
130311.8 0 3737780296 3.6283e-07 164438789 
132723.4 0 3004792470 3.6283e-07 2298477853 
133922.7 0 3121047530 5.582e-08 3232700421 
135375.8 1 3534547045 4.3956e-07 486050091 
135466.2 0 3534547045 4.3956e-07 2528553283 
137224.3 0 2870037616 5.582e-08 102901530 
138806.3 1 3921011129 1.08068525e-06 188552836 
139123.0 1 2340740170 5.659327000000001e-07 242414939 
139516.1 0 3921011129 1.080686e-06 1035956119 
140178.2 0 4259593397 3.3492e-07 817087088 
142910.9 2 2246051850 4.1865e-07 3121047530 302486611 1.4e-08 1842102965 2.091e-08 1285693762 2.091e-08 
144967.6 1 1222799196 5.8611e-07 3241671100 
145563.1 0 3921011129 1.080686e-06 1035956119 
146202.1 0 2349140130 1.2564e-07 2528553283 
146470.7 0 3150846686 3.6283e-07 1285693762 
147193.9 1 1068020906 0.00095441161 385785803 
148598.5 1 2984600922 3.2648206e-07 817087088 
150630.8 0 2799798816 4.939421e-07 1458432161 
152135.1 0 2555962951 3.3492e-07 4188445920 
152493.1 2 3534547045 4.3956001e-07 2349140130 1078741991 1.4e-08 2723643411 1.594857e-08 1804212609 1.594857e-08 438292632 1.594857e-08 2001290253 1.594857e-08 3147695692 1.594857e-08 3179285865 1.594857e-08 2173231515 1.594857e-08 
152790.4 0 3534547045 4.3956e-07 438292632 
153204.7 3 2799798816 4.9394209e-07 3737780296 740082705 2.602511e-07 2795063678 1.465413e-08 3642829293 1.465413e-08 2707128518 1.465413e-08 474866315 1.465413e-08 1639799867 1.465413e-08 1026028388 1.465413e-08 1128056158 1.465413e-08 
154415.3 0 545239233 5.0238e-07 3232700421 
155669.9 1 2799798816 5.0859623e-07 3642829293 
155830.1 1 3534547045 4.5356e-07 1078741991 
155900.3 3 3004792470 3.6283e-07 1035492323 2909632847 1.63768e-08 937177227 1.97216e-08 3393811039 1.97216e-08 
156032.3 1 3534547045 4.6950857e-07 2723643411 
156380.3 1 3424908067 8.373e-08 2406269022 
156526.5 1 3953846011 5.582e-08 2919643181 
158533.3 1 3150846686 3.9073999999999996e-07 725558489 
158594.2 1 3004792470 3.9073999999999996e-07 754869367 
158924.3 1 3534547045 4.8545717e-07 3179285865 
160027.9 1 2799798816 7.688473e-07 740082705 
161237.5 0 2710766136 2.791e-08 3382444416 
161417.1 0 1503861029 2.791e-08 102901530 
161454.0 0 3150846686 3.9074e-07 1842102965 
161481.4 0 3933289935 2.791e-08 2409063466 
162094.0 0 545239233 5.0238e-07 1842102965 
162428.5 1 2235064901 5.1638e-07 3150420704 
163689.1 1 3921011129 1.1015959999999999e-06 1945448119 
165758.6 1 3147695692 3.189714e-08 2001290253 
165813.7 0 1866926464 2.791e-08 911013108 
166370.1 0 3475245566 2.791e-08 4188445920 
169605.9 0 545239233 5.0238e-07 3933289935 
170802.0 0 3534547045 4.854571e-07 1804212609 
170983.8 2 2340740170 9.979749e-07 1465560917 611212867 1.45178e-08 
171752.3 1 1068020906 0.0009544395100000001 2190522392 
172098.4 0 1222799196 5.8611e-07 1541946641 
172847.9 2 1735432893 1.3955e-07 3147695692 1104410542 1.4e-08 2328232000 1.789714e-08 
173628.5 0 3534547045 4.854571e-07 1104410542 
175849.7 1 3534547045 5.0140567e-07 1804212609 
175870.4 0 2340740170 9.979749e-07 611212867 
176876.7 0 2173231515 1.594857e-08 438292632 
177538.0 1 1222799196 6.140200000000001e-07 2409063466 
178909.3 1 2340740170 1.0685276400000001e-06 343742982 
179773.7 1 2246051850 4.4656e-07 3232700421 
180661.6 1 1222799196 1.00476e-06 1075699702 
184642.5 0 129185354 2.791e-08 810769555 
187647.0 0 659524895 2.791e-08 482917538 
188969.7 0 3187199216 2.091e-08 302486611 
192221.4 1 1572835533 3.9073999999999996e-07 2250879299 
193950.0 0 179097684 3.0701e-07 2528553283 
194758.6 1 1068020906 0.00095446751 1415695418 
196296.2 0 862710978 5.582e-08 2393342300 
196362.5 0 90391199 2.791e-08 1434594601 
198480.8 1 1735432893 1.5355e-07 1104410542 
200790.6 0 2235064901 5.1638e-07 1211996162 
201012.3 0 3921011129 1.101596e-06 2328232000 
201038.9 0 326805806 2.791e-08 1541946641 
201523.0 1 1068020906 0.0009544954100000001 911013108 
204807.9 2 862710978 6.641029e-08 2393342300 2999719241 1.731971e-08 
206434.0 1 862710978 8.373e-08 2999719241 
209805.4 1 426576124 3.3492e-07 2620740164 
211129.3 0 1572835533 3.9074e-07 611212867 
212790.4 1 2340740170 1.0830458e-06 611212867 
218584.8 3 2528553283 1.926284e-08 3704423751 1931993247 1.827858e-08 1494850122 1.827858e-08 
218779.7 1 2528553283 3.754142e-08 1494850122 
218962.6 3 4274934102 2.7033339999999997e-08 1128056158 3414514926 1.553079e-08 
219579.6 0 2528553283 3.754142e-08 1931993247 
219694.8 0 2528553283 3.754142e-08 1931993247 
220847.9 0 2528553283 3.754142e-08 1931993247 
221048.5 0 2528553283 3.754142e-08 1931993247 
221115.7 0 2528553283 3.754142e-08 1931993247 
223785.5 1 2984600922 3.543921e-07 3382444416 
224585.5 0 1434594601 2.791e-08 3823443426 
224708.6 0 1019134040 2.791e-08 1593891639 
226636.1 0 2856850640 2.791e-08 3823443426 
227497.4 1 1222799196 1.03267e-06 197654791 
228295.7 1 265770918 5.582e-08 3823443426 
228604.8 1 2340740170 1.110955e-06 2263814062 
231859.3 2 179097684 3.0701e-07 2528553283 2312786130 1.4e-08 3537925318 2.354142e-08 
232160.6 0 179097684 3.0701e-07 3537925318 
233169.1 1 179097684 3.3055142e-07 3537925318 
235319.8 0 618276123 2.791e-07 3481866093 
240614.8 1 2340740170 1.1388650000000001e-06 2937387076 
242377.1 3 3534547045 5.0140566e-07 1735432893 1634407402 1.4e-08 3869596591 1.550556e-08 3375523036 1.550556e-08 772925454 1.550556e-08 2215785330 1.550556e-08 3491092596 1.550556e-08 57770090 1.550556e-08 3071577057 1.550556e-08 1452489764 1.550556e-08 4260098875 1.550556e-08 
242594.7 0 3071577057 1.550556e-08 2215785330 
243011.6 0 3491092596 1.550556e-08 2215785330 
243014.0 1 3534547045 5.169112600000001e-07 3491092596 
243298.1 0 2173231515 1.594857e-08 3071577057 
243332.3 0 2173231515 1.594857e-08 3071577057 
244647.6 1 3534547045 5.324168599999999e-07 3375523036 
245005.0 0 3921011129 1.101596e-06 1211996162 
245161.8 1 3534547045 5.479223600000001e-07 3869596591 
246408.9 1 3534547045 5.6342796e-07 4260098875 
247597.0 1 3534547045 5.789334599999999e-07 1452489764 
249957.8 1 3534547045 5.9443906e-07 2215785330 
250951.4 0 3071577057 1.550556e-08 1634407402 
254556.0 1 3534547045 6.099445599999999e-07 3071577057 
254847.0 1 2340740170 1.5296049999999999e-06 1572835533 
255920.2 2 1222799196 1.03267e-06 3953846011 3696843781 1.4e-08 2138100036 2.091e-08 1726701215 2.091e-08 
256024.1 0 1222799196 1.03267e-06 2138100036 
256186.7 0 4259593397 3.3492e-07 4122240121 
257527.6 0 2261252686 2.791e-08 290926289 
261888.3 0 2173231515 1.594857e-08 1634407402 
263973.5 2 3891448235 3.4069100000000004e-08 659524895 1412415798 2.17509e-08 
266307.8 0 426576124 3.3492e-07 4226750145 
266811.4 1 2519559028 3.546416e-07 937177227 
273768.6 0 2710766136 2.791e-08 1026028388 
273961.8 1 438292632 3.145413e-08 772925454 
275267.8 0 2326007700 2.791e-08 2504591099 
278721.1 1 3534547045 6.239446e-07 1634407402 
279346.7 1 3921011129 1.11710156e-06 57770090 
280440.5 3 561528368 2.745544e-08 3187199216 375852842 2.136456e-08 
280801.6 0 2340740170 1.529605e-06 790319072 
281021.4 0 3020817656 2.791e-08 1931993247 
281538.5 1 2984600922 3.6992288999999997e-07 3414514926 
281867.5 0 2235064901 5.1638e-07 302486611 
292412.9 0 179097684 3.305514e-07 3020817656 
292657.7 2 179097684 3.4228843e-07 3020817656 3593732192 1.617297e-08 
292917.0 0 179097684 3.422885e-07 3593732192 
293024.4 0 179097684 3.422885e-07 3593732192 
293257.9 0 179097684 3.422885e-07 3593732192 
293895.1 1 179097684 3.5846147e-07 3593732192 
296094.6 0 3800257563 3.3492e-07 2909632847 
296117.0 1 4028593304 5.582e-08 2911053862 
296291.6 1 3150846686 4.0509725e-07 1211996162 
301154.1 0 3921011129 1.117101e-06 848448836 
302767.7 1 2246051850 4.6747e-07 1842102965 
305005.9 1 2340740170 1.5575150000000001e-06 790319072 
305151.5 0 3004792470 3.9074e-07 3393811039 
305733.0 1 2799798816 7.8350143e-07 2707128518 
308825.6 1 1222799196 1.0605800000000001e-06 3228084226 
309600.2 0 1222799196 1.06058e-06 3933289935 
311206.7 2 2235064901 5.2801737e-07 2757833455 3888264012 1.627263e-08 
315137.6 1 2519559028 3.825516e-07 2545005546 
316654.1 1 2799798816 8.114114e-07 739080713 
319372.8 0 3921011129 1.117101e-06 848448836 
321094.0 2 3424908067 8.373e-08 862710978 313359544 1.4e-08 217284033 1.74325e-08 2151269300 1.74325e-08 3913511150 1.74325e-08 2962530363 1.74325e-08 
321616.4 1 3424908067 1.011625e-07 2962530363 
322689.8 1 3424908067 1.1859500000000001e-07 2151269300 
323730.1 0 3424908067 1.18595e-07 3913511150 
323847.9 0 3424908067 1.18595e-07 313359544 
324055.0 1 3424908067 1.32595e-07 313359544 
324647.7 0 997905375 2.791e-08 3824069879 
327003.5 2 4031050948 2.8919772e-07 1586980658 2063946235 1.781228e-08 
328132.0 1 179097684 3.724614e-07 2312786130 
328957.3 1 3424908067 1.500275e-07 217284033 
329431.1 1 3424908067 1.6746000000000002e-07 3913511150 
333062.6 1 3921011129 1.13145825e-06 1035956119 
333330.8 1 2799798816 8.393214000000001e-07 3824069879 
336820.5 1 1068020906 0.00095452331 2429525676 
347773.8 2 3534547045 6.239446e-07 438292632 1172086036 1.4e-08 690117576 1.745413e-08 
348119.5 1 3534547045 6.4139873e-07 690117576 
348149.7 1 3534547045 6.553987e-07 1172086036 
350141.7 3 1236021306 1.4000010000000001e-08 1026028388 3288380490 1.428206e-08 845665321 1.428206e-08 
351107.1 0 2246051850 4.6747e-07 1593891639 
353494.2 0 848448836 2.091e-08 2328232000 
358732.0 2 2246051850 8.5783404e-07 3150846686 3122982648 1.473316e-08 
363303.8 3 3933289935 2.791e-08 3696843781 1471982444 1.4e-08 
367496.6 1 2340740170 1.571515e-06 3396227953 
376147.3 0 4031050948 2.891977e-07 443746396 
377329.3 1 4031050948 3.171077e-07 810769555 
378098.2 2 3004792470 6.8894414e-07 3800257563 3303338876 1.835793e-08 2875471576 1.835793e-08 
390081.1 0 1037584679 5.582e-08 1533953788 
391120.9 0 2799798816 8.393214e-07 29350397 
404031.5 1 2799798816 8.672314e-07 1866926464 
427500.2 0 3888264012 1.627263e-08 3122982648 
428100.5 1 3004792470 7.168541e-07 3268335666 
431270.6 0 326805806 2.791e-08 290926289 
443707.4 1 1068020906 0.00095455121 2326007700 
447100.4 1 2555962951 3.6283e-07 888311950 
451990.8 2 2799798816 8.672315200000001e-07 2984600922 1738909006 2.020652e-07 356405251 1.525978e-08 2879167783 1.525978e-08 3083352544 1.525978e-08 4198169764 1.525978e-08 821115011 1.525978e-08 2118016430 1.525978e-08 1945735688 1.525978e-08 4093093422 1.525978e-08 2842015324 1.525978e-08 1249238030 1.525978e-08 3214077756 1.525978e-08 
456131.9 2 3004792470 7.168541e-07 265770918 879162223 1.4e-08 3884425642 2.091e-08 1149406307 2.091e-08 
458485.0 2 2246051850 8.578341999999997e-07 545239233 3528332227 2.409812e-07 4004407106 1.452215e-08 451270221 1.452215e-08 3149440925 1.452215e-08 2250775120 1.452215e-08 1130108289 1.452215e-08 2177968201 1.452215e-08 2914302410 1.452215e-08 3655816389 1.452215e-08 3485819286 1.452215e-08 1382686479 1.452215e-08 1803925302 1.452215e-08 3293059020 1.452215e-08 378125977 1.452215e-08 2159618959 1.452215e-08 2441325815 1.452215e-08 3401497744 1.452215e-08 4069401935 1.452215e-08 134948105 1.452215e-08 
458485.0 1 3528332227 2.5550335e-07 4004407106 
458485.0 1 3528332227 2.7002555e-07 134948105 
460881.0 1 2246051850 8.7235625e-07 2914302410 
460944.3 1 2246051850 8.868783500000001e-07 451270221 
461041.4 0 1382686479 1.452215e-08 3655816389 
461164.3 0 4259593397 3.3492e-07 482917538 
462699.2 1 2246051850 9.0140055e-07 4069401935 
463539.2 0 3528332227 2.700255e-07 2441325815 
463543.8 1 2235064901 5.427505599999999e-07 3122982648 
465430.9 1 2246051850 1.171426e-06 3528332227 
467444.5 0 2246051850 1.171426e-06 302486611 
467573.3 0 2246051850 1.171426e-06 3293059020 
469824.7 1 2246051850 1.18594815e-06 2250775120 
470566.0 1 2246051850 1.20047015e-06 3485819286 
472037.7 0 2799798816 8.672314e-07 3214077756 
478487.9 3 1878784256 1.4e-08 3083352544 1998372786 1.458489e-08 2455922112 1.458489e-08 
480647.5 1 2487301543 5.536544e-08 561528368 
480988.6 1 2799798816 8.951414000000001e-07 290926289 
489063.6 0 1403705120 2.791e-07 356405251 
489483.3 1 2204676502 0.00028571781228 2063946235 
489982.1 1 2340740170 1.599425e-06 3933289935 
490149.9 0 1738909006 2.020652e-07 3330100144 
492684.4 0 3891448235 3.40691e-08 1236021306 
503475.0 0 2246051850 1.20047e-06 3655816389 
511271.7 1 2235064901 5.5727265e-07 3655816389 
515352.3 0 482917538 2.791e-08 2159618959 
522504.8 0 2235064901 5.572727e-07 378125977 
523259.7 0 2235064901 5.572727e-07 3149440925 
523382.9 1 2246051850 1.22138e-06 1285693762 
528405.4 0 1541946641 2.791e-08 1149406307 
531077.1 0 2340740170 1.599425e-06 1471982444 
531802.9 1 2340740170 1.627335e-06 102901530 
548036.1 1 1651612823 5.582e-08 4046076794 
552704.7 1 2235064901 5.7179485e-07 1130108289 
553297.4 0 2909632847 1.63768e-08 845665321 
558606.4 0 2870037616 5.582e-08 1134132465 
566229.7 1 3921011129 1.145458e-06 302486611 
572296.9 1 2235064901 5.8631695e-07 3149440925 
573048.1 3 333964007 2.588687e-08 2455922112 3059103076 1.660802e-08 
581390.0 1 2246051850 1.24929e-06 1533953788 
590257.9 3 2211003714 2.635452e-08 1471982444 432337108 1.4e-08 
592068.9 0 2235064901 5.86317e-07 378125977 
595771.2 3 1498734392 2.161768e-08 1639799867 1902671923 2.094645e-08 
597010.4 1 4031050948 3.3371572e-07 3059103076 
600562.1 0 2246051850 1.24929e-06 3401497744 
601387.1 1 2246051850 1.26381215e-06 3401497744 
602820.0 1 2246051850 1.27833515e-06 1803925302 
606977.2 1 4259593397 3.9073999999999996e-07 732124878 
607499.0 0 848448836 2.091e-08 2328232000 
614055.8 1 4031050948 3.546257e-07 1149406307 
617210.2 3 2555962951 3.628299400000001e-07 4031050948 4209590891 1.4e-08 77395223 1.419274e-08 3592986772 1.419274e-08 1246511018 1.419274e-08 3986570268 1.419274e-08 174500547 1.419274e-08 4083845756 1.419274e-08 110358663 1.419274e-08 1370908750 1.419274e-08 1837234470 1.419274e-08 2945849429 1.419274e-08 66296937 1.419274e-08 976558236 1.419274e-08 2438291630 1.419274e-08 906368509 1.419274e-08 3783228500 1.419274e-08 2858952728 1.419274e-08 395113485 1.419274e-08 4019363830 1.419274e-08 3016084464 1.419274e-08 921818415 1.419274e-08 2892683898 1.419274e-08 3697249003 1.419274e-08 3983774618 1.419274e-08 4187488967 1.419274e-08 
617214.6 1 395113485 2.838548e-08 2858952728 
623517.4 1 2340740170 1.655245e-06 1134132465 
628520.2 2 3330100144 1.706862e-08 976558236 898751805 1.4e-08 
630879.8 0 4259593397 3.9074e-07 129185354 
630928.5 3 2693713428 1.399999e-08 1382686479 3632514288 1.421608e-08 410848061 1.421608e-08 
631955.2 0 2487301543 5.536544e-08 3497999925 
634564.2 0 906368509 1.419274e-08 1878784256 
635982.3 1 2246051850 1.306245e-06 1593891639 
637121.2 0 1222799196 1.06058e-06 845665321 
655333.1 3 1738909006 1.9988872e-07 1037584679 2791633391 1.449912e-08 630280293 1.449912e-08 4212779140 1.449912e-08 3459374364 1.449912e-08 
657078.0 1 2799798816 9.230514e-07 2074240873 
673473.2 0 2875471576 1.835793e-08 898751805 
678531.4 0 395113485 2.838548e-08 3986570268 
683730.1 1 2799798816 9.3831118e-07 4093093422 
684658.4 0 3497999925 2.791e-08 482917538 
688966.1 1 921818415 2.838548e-08 2438291630 
689862.7 0 2799798816 9.383112e-07 1019134040 
690843.6 0 2519559028 3.825516e-07 1249238030 
691509.3 1 2246051850 1.334155e-06 482917538 
695787.9 0 164438789 2.791e-08 630280293 
696324.3 3 2340740170 1.6552449999999988e-06 1222799196 2125331604 3.161632e-07 3113062634 1.40456e-08 847040419 1.40456e-08 4240624600 1.40456e-08 1565786989 1.40456e-08 2286860921 1.40456e-08 3707879645 1.40456e-08 2746930994 1.40456e-08 4075596975 1.40456e-08 4283280385 1.40456e-08 538453177 1.40456e-08 3121292019 1.40456e-08 3349724438 1.40456e-08 4253718737 1.40456e-08 3297362622 1.40456e-08 1751902433 1.40456e-08 2878871175 1.40456e-08 3083717413 1.40456e-08 220564665 1.40456e-08 3653734512 1.40456e-08 3815024321 1.40456e-08 1428265047 1.40456e-08 3604532305 1.40456e-08 1869365069 1.40456e-08 965372172 1.40456e-08 607396504 1.40456e-08 2533881277 1.40456e-08 472358284 1.40456e-08 1950077488 1.40456e-08 1820499179 1.40456e-08 4055959668 1.40456e-08 528880979 1.40456e-08 3778036871 1.40456e-08 1405660995 1.40456e-08 3662110242 1.40456e-08 2247026945 1.40456e-08 4032129539 1.40456e-08 4035587434 1.40456e-08 3111692719 1.40456e-08 1398579088 1.40456e-08 2501379955 1.40456e-08 3332562587 1.40456e-08 3562383954 1.40456e-08 2521380987 1.40456e-08 4119421155 1.40456e-08 1913762779 1.40456e-08 3678948817 1.40456e-08 2489195127 1.40456e-08 3929228125 1.40456e-08 3160344427 1.40456e-08 3182159117 1.40456e-08 766581564 1.40456e-08 3702894340 1.40456e-08 3532745758 1.40456e-08 
696324.3 1 2125331604 3.3020880000000003e-07 3113062634 
696324.3 1 2125331604 3.442544e-07 3532745758 
696324.3 1 2125331604 3.583e-07 847040419 
696324.3 1 2125331604 3.7234560000000005e-07 3702894340 
696324.4 1 2125331604 3.863912e-07 4240624600 
696324.4 1 2125331604 4.0043680000000004e-07 766581564 
696326.9 1 2125331604 4.144824e-07 3182159117 
696353.9 0 2340740170 1.655245e-06 4253718737 
696381.6 1 2340740170 1.6692906e-06 4119421155 
696471.4 1 1751902433 2.80912e-08 3297362622 
696762.0 1 2125331604 4.2852800000000004e-07 3678948817 
696783.2 1 2125331604 4.425736e-07 2286860921 
696800.9 0 2340740170 1.669291e-06 3778036871 
696993.2 0 3929228125 1.40456e-08 1913762779 
697240.8 2 2340740170 1.6692910099999998e-06 2125331604 1072840122 2.54536e-07 3294683754 1.446443e-08 1676003954 1.446443e-08 4285585893 1.446443e-08 2674988631 1.446443e-08 406745133 1.446443e-08 2883513480 1.446443e-08 783121895 1.446443e-08 2683944377 1.446443e-08 2961226102 1.446443e-08 301219709 1.446443e-08 1743198400 1.446443e-08 3059144981 1.446443e-08 3952655669 1.446443e-08 
697242.9 1 4285585893 2.892886e-08 3294683754 
697517.6 1 2340740170 1.68375543e-06 2683944377 
697610.4 1 2340740170 1.6978016e-06 472358284 
697679.7 0 4285585893 2.892886e-08 528880979 
698143.0 1 2340740170 1.7118466000000001e-06 1950077488 
698243.9 1 4253718737 2.80912e-08 2746930994 
698629.4 1 2340740170 1.7258926000000001e-06 2247026945 
699121.6 0 4055959668 1.40456e-08 2533881277 
700625.4 1 2340740170 1.74035643e-06 2674988631 
701098.2 1 2340740170 1.7544026e-06 1565786989 
703451.9 1 2519559028 4.1046159999999996e-07 997905375 
705429.5 1 2799798816 9.535709799999999e-07 3214077756 
707486.4 1 1072840122 2.826272e-07 4253718737 
708363.3 3 1072840122 2.826271800000001e-07 1738909006 2848685905 1.4e-08 1826422368 1.429914e-08 896813269 1.429914e-08 37051273 1.429914e-08 1867247157 1.429914e-08 3633199892 1.429914e-08 1736323711 1.429914e-08 283080478 1.429914e-08 785216844 1.429914e-08 3006103420 1.429914e-08 2898323513 1.429914e-08 1199222225 1.429914e-08 3755198008 1.429914e-08 2795041644 1.429914e-08 
708419.4 0 2340740170 1.754402e-06 1820499179 
708517.3 1 2340740170 1.7684476e-06 2521380987 
709510.2 1 2340740170 1.7824936e-06 1428265047 
711776.4 2 2211003714 2.663658e-08 3288380490 3492274228 1.4e-08 
713861.3 2 2555962951 3.628300599999998e-07 426576124 1420914473 1.4e-08 439844059 1.458727e-08 3802520055 1.458727e-08 3012889883 1.458727e-08 3363823620 1.458727e-08 1086559163 1.458727e-08 3063534263 1.458727e-08 2013640095 1.458727e-08 1461359102 1.458727e-08 2027098952 1.458727e-08 4167430602 1.458727e-08 4096225443 1.458727e-08 781549661 1.458727e-08 907719639 1.458727e-08 1906851972 1.458727e-08 2597880038 1.458727e-08 1896745001 1.458727e-08 2378434411 1.458727e-08 1837088337 1.458727e-08 1543523724 1.458727e-08 1761715697 1.458727e-08 3099973400 1.458727e-08 2789348510 1.458727e-08 
714322.3 1 2340740170 1.7965396e-06 607396504 
715500.2 1 2340740170 1.8105846000000001e-06 4035587434 
717433.0 1 4285585893 4.297446e-08 1820499179 
719821.0 0 921818415 2.838548e-08 4096225443 
720560.1 1 1072840122 2.966728e-07 2533881277 
721148.3 0 783121895 1.446443e-08 3083717413 
721333.1 0 2487301543 5.536544e-08 1676003954 
723382.9 2 4096225443 1.50517e-08 1676003954 1371202285 1.4e-08 
723612.4 1 2340740170 1.82504943e-06 3952655669 
724981.2 1 1867247157 2.834474e-08 3778036871 
725583.8 0 2340740170 1.825049e-06 4055959668 
728195.0 0 2246051850 1.334155e-06 3293059020 
729073.6 1 2340740170 1.8390946e-06 2878871175 
729422.1 0 2340740170 1.839095e-06 3604532305 
732252.0 2 4096225443 1.50973e-08 3083717413 629078091 1.4e-08 
736374.0 0 1913762779 1.40456e-08 1236021306 
738557.5 1 2340740170 1.8531406e-06 3604532305 
740525.5 0 4285585893 4.297446e-08 3707879645 
741760.5 0 3929228125 1.40456e-08 3111692719 
741824.8 1 4028593304 7.107978e-08 2842015324 
743382.5 1 1072840122 3.1113723000000003e-07 2883513480 
743859.2 1 4028593304 8.566704999999999e-08 3363823620 
744603.5 0 2118016430 1.525978e-08 2892683898 
747780.3 0 3006103420 1.429914e-08 3332562587 
747809.1 1 2340740170 1.8671856e-06 3815024321 
750993.0 1 2340740170 1.88148514e-06 896813269 
752178.5 1 283080478 2.834474e-08 2489195127 
752841.6 0 2340740170 1.881485e-06 3111692719 
754213.3 0 4096225443 1.50973e-08 4055959668 
755580.5 1 2340740170 1.8955306e-06 3707879645 
756755.2 0 2235064901 5.86317e-07 3497999925 
758956.4 0 2340740170 1.895531e-06 4075596975 
759288.5 1 2340740170 1.9095765999999997e-06 4075596975 
759588.5 0 2340740170 1.909576e-06 3755198008 
760517.0 1 1068020906 0.00095457911 1434594601 
763226.6 1 2340740170 1.9236216e-06 3662110242 
763626.7 1 2340740170 1.9376676e-06 4032129539 
767819.1 0 2235064901 5.86317e-07 2177968201 
767921.8 2 2340740170 1.937668e-06 1867247157 754560055 1.4e-08 1737134642 1.434474e-08 
770286.6 0 2340740170 1.937668e-06 3653734512 
771341.7 1 2340740170 1.9517136e-06 3653734512 
772059.2 0 2298477853 2.791e-08 1019134040 
772288.0 0 3121292019 1.40456e-08 538453177 
773433.5 1 3921011129 1.1595036e-06 4055959668 
773537.2 1 2501379955 2.80912e-08 3121292019 
774099.4 2 4226750145 2.79556e-08 528880979 37613351 1.4e-08 
776707.0 0 2487301543 5.536544e-08 2961226102 
777951.6 0 1199222225 1.429914e-08 2848685905 
779600.8 1 373638573 1.000000014 898751805 
779893.1 1 2340740170 1.96601214e-06 1826422368 
782916.9 1 2340740170 1.980012e-06 629078091 
783525.8 1 2340740170 1.9940576e-06 220564665 
789395.1 0 1664502715 2.791e-08 3697249003 
795984.7 1 4259593397 4.0599978e-07 821115011 
799210.1 1 2340740170 2.0220135999999997e-06 4226750145 
799535.3 0 1072840122 3.111372e-07 2898323513 
800359.3 1 2340740170 2.0360586e-06 1869365069 
801768.7 1 1072840122 3.5411166e-07 4285585893 
803575.7 1 4259593397 4.2058707000000005e-07 2789348510 
803763.0 0 3037779432 2.791e-08 4019363830 
805301.7 1 3004792470 7.3144137e-07 1906851972 
812204.1 0 2956861855 2.791e-08 3006103420 
816582.7 0 1072840122 3.541117e-07 37051273 
817934.9 1 2340740170 2.0503581399999997e-06 3755198008 
821499.9 0 3424908067 1.6746e-07 2173231515 
821851.9 0 2961226102 1.446443e-08 1236021306 
821908.3 0 378125977 1.452215e-08 2848685905 
824341.4 0 2340740170 2.050358e-06 1743198400 
825332.2 0 1651612823 5.582e-08 301219709 
828732.6 0 2961226102 1.446443e-08 3160344427 
829933.0 1 3534547045 6.6992085e-07 2177968201 
831414.8 3 253808213 1.4000000000000003e-08 2211003714 3434666020 2.027329e-08 2369258877 2.027329e-08 
836823.0 0 2791633391 1.449912e-08 3492274228 
840395.6 1 2340740170 2.106178e-06 1651612823 
842494.4 1 1072840122 3.681117e-07 754560055 
844723.7 0 2340740170 2.106178e-06 3349724438 
845157.8 0 3534547045 6.699209e-07 2328232000 
847586.9 0 3004792470 7.314414e-07 2795063678 
850626.9 1 2799798816 9.675710000000001e-07 37613351 
850846.0 0 2555962951 3.6283e-07 4083845756 
851782.9 1 2246051850 1.3484997400000002e-06 1737134642 
853391.2 3 1998372786 1.458489e-08 4209590891 3563522875 1.4e-08 
857339.6 1 2799798816 9.826683e-07 4096225443 
859113.8 1 1072840122 3.8646963000000003e-07 2875471576 
860505.1 1 1068020906 0.0009546070100000001 3392858646 
860698.1 0 1664502715 2.791e-08 2892683898 
862733.8 0 3004792470 7.314414e-07 333964007 
870657.9 2 1931993247 2.022715e-08 2173231515 249728555 1.4e-08 
871155.1 1 3004792470 7.456341400000001e-07 3016084464 
877528.4 1 1931993247 3.422715e-08 249728555 
883331.7 0 3349724438 1.40456e-08 253808213 
884068.0 0 2879167783 1.525978e-08 1371202285 
886357.1 1 2340740170 2.1342692e-06 1751902433 
886454.7 3 2956861855 1.4e-08 1370908750 4285226245 1.405137e-08 2707460946 1.405137e-08 
894002.0 1 2340740170 2.148269e-06 3492274228 
897626.1 0 1503861029 2.791e-08 1896745001 
904594.1 2 179097684 3.724614e-07 1931993247 2606325002 1.4e-08 1541925803 2.022715e-08 
905061.8 1 179097684 3.864614e-07 2606325002 
905083.8 1 179097684 4.0668855e-07 1541925803 
906060.5 0 1249238030 1.525978e-08 785216844 
908633.5 0 4122240121 2.791e-08 2879167783 
909726.4 1 3004792470 7.735441000000001e-07 2298477853 
910938.2 1 3004792470 7.8773684e-07 4187488967 
911248.5 1 2340740170 2.17661374e-06 283080478 
911428.7 1 2340740170 2.1906140000000002e-06 2848685905 
912178.3 0 2519559028 4.104616e-07 1726701215 
913051.4 0 825415804 2.791e-08 3563522875 
913880.2 0 2519559028 4.104616e-07 2261252686 
916941.0 1 3004792470 8.0192964e-07 3983774618 
920392.1 1 37051273 2.834474e-08 3562383954 
926241.7 0 2340740170 2.190614e-06 2138100036 
926364.4 1 2340740170 2.2050784299999998e-06 3059144981 
932611.8 1 2340740170 2.232989e-06 3497999925 
933453.8 1 2340740170 2.24745343e-06 783121895 
938217.7 0 1743198400 1.446443e-08 2795041644 
943827.2 0 811613008 2.791e-08 110358663 
943931.9 1 2340740170 2.26197515e-06 378125977 
947149.4 0 375852842 2.136456e-08 965372172 
967122.4 2 1086559163 1.488641e-08 2898323513 2024675612 1.4e-08 
969386.9 1 2487301543 6.941104e-08 4283280385 
972081.7 1 2340740170 2.2760206e-06 538453177 
977520.8 1 2799798816 9.9792808e-07 2118016430 
978070.5 0 3534547045 6.699209e-07 2328232000 
981850.7 0 164438789 2.791e-08 1405660995 
983451.9 0 3481866093 2.791e-08 1086559163 
986105.8 0 3534547045 6.699209e-07 2328232000 
989177.1 0 129185354 2.791e-08 3633199892 
993587.3 1 2340740170 2.29054315e-06 2159618959 
995865.5 0 3921011129 1.159504e-06 2328232000 
996286.8 3 4188445920 1.475356e-08 356405251 1292023300 1.420811e-08 3302973195 1.420811e-08 
999740.6 1 164438789 4.19556e-08 3929228125 
1000345.0 0 333964007 2.588688e-08 1249238030 
1014822.0 0 728028737 2.791e-08 1543523724 
1025088.0 1 2340740170 2.3045886e-06 3332562587 
1028336.0 1 2235064901 6.072634500000001e-07 1902671923 
1051333.0 0 2555962951 3.6283e-07 811613008 
1058636.0 2 2246051850 1.348499e-06 2501379955 875106938 1.4e-08 3314075649 1.40912e-08 
1063309.0 1 2246051850 1.362499e-06 875106938 
1064474.0 0 2246051850 1.362499e-06 3314075649 
1065844.0 0 2246051850 1.362499e-06 3314075649 
1068403.0 0 2961226102 1.446443e-08 3006103420 
1070897.0 0 3632514288 1.421608e-08 3314075649 
1078844.0 1 2340740170 2.33293274e-06 37051273 
1079320.0 2 4188445920 1.496166e-08 1292023300 2589646060 1.4e-08 
1100649.0 0 728028737 2.791e-08 1945735688 
1102704.0 1 3004792470 8.1612234e-07 2945849429 
1102770.0 0 1072840122 3.864696e-07 253808213 
1109937.0 0 375852842 2.136456e-08 2693713428 
1116013.0 0 4083845756 1.419274e-08 1405660995 
1124655.0 1 2555962951 3.7702273999999996e-07 3697249003 
1124931.0 1 2340740170 2.34698437e-06 4285226245 
1126515.0 1 1072840122 4.0096872000000004e-07 630280293 
1137160.0 0 4212779140 1.449912e-08 301219709 
1141431.0 1 3475245566 4.249727e-08 3063534263 
1144315.0 1 2799798816 1.0125153700000001e-06 1896745001 
1144925.0 2 2799798816 1.0125150500000002e-06 4259593397 3433591204 2.297802e-07 1848242772 1.467745e-08 250719570 1.467745e-08 2681498831 1.467745e-08 481808867 1.467745e-08 2066612683 1.467745e-08 3458484829 1.467745e-08 2719204682 1.467745e-08 4256642775 1.467745e-08 2449448537 1.467745e-08 463844675 1.467745e-08 3167902617 1.467745e-08 579073438 1.467745e-08 3468130899 1.467745e-08 
1144925.0 1 3433591204 2.4445765e-07 1848242772 
1144925.0 1 3433591204 2.5913514999999996e-07 3468130899 
1145209.0 1 2799798816 1.02719245e-06 2681498831 
1151896.0 0 2799798816 1.027193e-06 1503861029 
1155272.0 0 811613008 2.791e-08 2024675612 
1156031.0 0 3475245566 4.249727e-08 3802520055 
1157378.0 3 3279231079 1.399999e-08 907719639 393090083 1.424864e-08 2343849308 1.424864e-08 
1158362.0 0 4198169764 1.525978e-08 1398579088 
1164110.0 1 2555962951 3.9170015e-07 481808867 
1166736.0 0 2799798816 1.027193e-06 393090083 
1188053.0 1 2340740170 2.3610306e-06 3160344427 
1197710.0 0 2235064901 6.072634e-07 3293059020 
1201791.0 1 2340740170 2.3751211999999997e-06 3314075649 
1212724.0 0 2246051850 1.362499e-06 2795041644 
1215983.0 1 2799798816 1.0411929999999999e-06 1420914473 
1217473.0 0 410848061 1.421608e-08 432337108 
1217709.0 1 3475245566 5.6690009999999997e-08 174500547 
1218180.0 0 2340740170 2.375121e-06 1405660995 
1222827.0 0 2138100036 2.091e-08 406745133 
1224326.0 1 1249238030 2.9758899999999997e-08 4212779140 
1228358.0 3 3802520055 1.458727e-08 1371202285 1055469694 1.4e-08 
1230684.0 0 2340740170 2.375121e-06 1736323711 
1247558.0 1 3004792470 8.30168e-07 965372172 
1261348.0 0 2340740170 2.375121e-06 906368509 
1272910.0 1 2235064901 6.2178555e-07 3293059020 
1278433.0 1 3921011129 1.17415813e-06 474866315 
1292892.0 0 1019134040 2.791e-08 1945735688 
1300873.0 1 2246051850 1.38277229e-06 2369258877 
1302260.0 0 2246051850 1.382773e-06 1246511018 
1304575.0 2 2066612683 1.4976589999999997e-08 1736323711 627452446 1.4e-08 
1304741.0 0 3534547045 6.699209e-07 1913762779 
1307251.0 3 3891448235 1.8279389999999996e-08 781549661 2014426858 1.518849e-08 2716949832 1.518849e-08 
1309350.0 1 1068020906 0.00095463491 3838279446 
1321362.0 1 2799798816 1.0557802700000001e-06 1837088337 
1332087.0 2 2027098952 1.50517e-08 2961226102 552634658 1.4e-08 
1345295.0 1 3004792470 8.4535649e-07 2014426858 
1351619.0 1 2799798816 1.07027912e-06 2791633391 
1354071.0 0 2519559028 4.104616e-07 579073438 
1354503.0 1 1072840122 4.1521734e-07 2343849308 
1354760.0 0 4274934102 2.703334e-08 2707460946 
1356132.0 1 1072840122 4.3047717999999996e-07 2879167783 
1359548.0 3 2870037616 2.7593009999999998e-08 579073438 3736523900 1.430148e-08 2213923665 1.430148e-08 1503202005 1.430148e-08 
1363943.0 3 1507417240 1.399999e-08 2013640095 3202152185 1.424864e-08 2622395779 1.424864e-08 
1369094.0 1 2799798816 1.084279e-06 627452446 
1369935.0 1 2235064901 6.362500299999999e-07 406745133 
1373319.0 3 2870037616 2.5383650000000002e-08 1726701215 3607413901 2.311934e-08 
1377557.0 0 2235064901 6.3625e-07 3632514288 
1397348.0 1 2340740170 2.38979845e-06 3458484829 
1412483.0 2 4122240121 2.79556e-08 3349724438 649593533 1.4e-08 
1413091.0 0 2799798816 1.084279e-06 2213923665 
1425922.0 2 2340740170 2.7502137600000003e-06 2519559028 66987975 1.668228e-08 483021244 1.668228e-08 3707800333 1.668228e-08 
1426180.0 1 2340740170 2.7668962799999998e-06 483021244 
1429514.0 1 3004792470 8.596579799999999e-07 3736523900 
1434383.0 3 1761715697 1.458727e-08 3563522875 3528190190 1.4e-08 
1441085.0 3 2340740170 2.76689599e-06 2487301543 2185291493 1.4e-08 550176535 1.847035e-08 1674415855 1.847035e-08 4287239676 1.847035e-08 
1441156.0 1 2340740170 2.78536635e-06 4287239676 
1442281.0 1 2340740170 2.80383635e-06 1674415855 
1445171.0 0 1249238030 2.97589e-08 463844675 
1445318.0 1 2340740170 3.2343142e-06 1072840122 
1458454.0 1 2246051850 1.4041375600000001e-06 375852842 
1463881.0 0 326805806 2.791e-08 3099973400 
1471576.0 0 4122240121 2.79556e-08 649593533 
1475229.0 0 1412415798 2.17509e-08 649593533 
1485960.0 1 2340740170 3.25099628e-06 3707800333 
1527038.0 3 3433591204 2.5588154e-07 3279231079 3884987045 1.725356e-08 
1537057.0 0 618276123 2.791e-07 2707460946 
1544284.0 0 4274934102 2.703334e-08 110358663 
1547289.0 0 3921011129 1.174158e-06 848448836 
1568960.0 0 129185354 2.791e-08 432337108 
1583207.0 0 3108364485 2.791e-08 3012889883 
1583700.0 1 2246051850 1.418137e-06 253808213 
1591737.0 2 2799798816 1.0842790399999989e-06 3004792470 1960974751 2.45695e-08 309459595 1.415404e-08 2348040613 1.415404e-08 3180086772 1.415404e-08 3833074883 1.415404e-08 1462644303 1.415404e-08 4088625113 1.415404e-08 1237914369 1.415404e-08 2733144751 1.415404e-08 1649557018 1.415404e-08 1831065885 1.415404e-08 79461789 1.415404e-08 1621314342 1.415404e-08 2016090987 1.415404e-08 1553963666 1.415404e-08 1002680420 1.415404e-08 734120091 1.415404e-08 2475979558 1.415404e-08 2649056468 1.415404e-08 3381587904 1.415404e-08 175860597 1.415404e-08 1089013536 1.415404e-08 552498239 1.415404e-08 481049431 1.415404e-08 2950407739 1.415404e-08 72955594 1.415404e-08 1771264541 1.415404e-08 2353028958 1.415404e-08 2980075456 1.415404e-08 3449694611 1.415404e-08 1194638860 1.415404e-08 114837353 1.415404e-08 2341758500 1.415404e-08 651046398 1.415404e-08 2780384598 1.415404e-08 1061526795 1.415404e-08 3342541004 1.415404e-08 1577969976 1.415404e-08 695939830 1.415404e-08 229435916 1.415404e-08 1850435983 1.415404e-08 19131048 1.415404e-08 2426951832 1.415404e-08 3089865955 1.415404e-08 3526559023 1.415404e-08 73116178 1.415404e-08 2654473721 1.415404e-08 2564127097 1.415404e-08 3554620561 1.415404e-08 2789301560 1.415404e-08 3201932102 1.415404e-08 3527214469 1.415404e-08 224410298 1.415404e-08 3967778277 1.415404e-08 1759850032 1.415404e-08 2704180049 1.415404e-08 287394855 1.415404e-08 2670951229 1.415404e-08 2367820772 1.415404e-08 771359632 1.415404e-08 
1591737.0 1 1960974751 3.872354e-08 771359632 
1591737.0 1 1960974751 5.2877580000000004e-08 309459595 
1591737.0 1 3180086772 2.830808e-08 2348040613 
1591737.0 1 2367820772 2.830808e-08 2670951229 
1592447.0 0 3180086772 2.830808e-08 2341758500 
1593197.0 0 1503202005 1.430148e-08 3632514288 
1593779.0 1 2799798816 1.09843304e-06 1061526795 
1595235.0 0 3554620561 1.415404e-08 3089865955 
1599060.0 0 2799798816 1.098433e-06 3527214469 
1599368.0 1 2799798816 1.11258704e-06 3089865955 
1600416.0 0 4083845756 1.419274e-08 734120091 
1601725.0 1 2340740170 3.26546043e-06 1743198400 
1603166.0 0 1664502715 2.791e-08 1462644303 
1603902.0 0 19131048 1.415404e-08 3381587904 
1603930.0 3 1249238030 2.411083e-08 1461359102 4186562710 2.023534e-08 
1605088.0 3 3534547045 6.5534624e-07 1913762779 3211480542 1.431013e-08 346987663 1.431013e-08 
1605195.0 1 3534547045 6.6965633e-07 346987663 
1605449.0 1 2799798816 1.12674104e-06 2789301560 
1606265.0 1 3534547045 6.839665300000001e-07 3211480542 
1606510.0 1 2066612683 2.9130620000000003e-08 72955594 
1607504.0 1 2799798816 1.14089504e-06 1649557018 
1608338.0 0 250719570 1.467745e-08 2795041644 
1608388.0 1 2799798816 1.15504904e-06 1002680420 
1609556.0 0 2340740170 3.26546e-06 4186562710 
1614455.0 1 2340740170 3.2794600000000003e-06 2185291493 
1614872.0 0 2340740170 3.27946e-06 1199222225 
1616087.0 0 1759850032 1.415404e-08 2649056468 
1616172.0 1 2235064901 6.5055148e-07 2213923665 
1616883.0 1 2340740170 3.29413745e-06 2719204682 
1619299.0 1 3433591204 2.7003564e-07 79461789 
1622627.0 1 2555962951 4.0585423999999997e-07 2649056468 
1623246.0 2 4198169764 1.584705e-08 1761715697 1922039940 1.4e-08 
1624785.0 1 2555962951 4.2000824e-07 2980075456 
1625928.0 0 2799798816 1.155049e-06 2353028958 
1629113.0 1 2799798816 1.1833570800000001e-06 2367820772 
1630674.0 1 2246051850 1.43243614e-06 2795041644 
1630727.0 1 2799798816 1.19751104e-06 2704180049 
1631303.0 1 3433591204 2.8728916e-07 3884987045 
1637413.0 0 4028593304 8.566706e-08 3967778277 
1641186.0 0 2799798816 1.197512e-06 1553963666 
1646640.0 0 3783228500 1.419274e-08 1922039940 
1649250.0 0 4167430602 1.458727e-08 114837353 
1654568.0 0 1199222225 1.429914e-08 2693713428 
1656232.0 1 2340740170 3.30843714e-06 1199222225 
1662348.0 0 333964007 2.588688e-08 2016090987 
1663096.0 2 2654473721 1.430808e-08 651046398 2110688926 1.4e-08 
1666232.0 0 2340740170 3.308437e-06 2707460946 
1670128.0 3 2654473721 1.430808e-08 649593533 1314810707 1.4e-08 
1670711.0 1 2246051850 1.44665208e-06 3632514288 
1673235.0 0 2246051850 1.446652e-06 2138100036 
1678776.0 0 3180086772 2.830808e-08 114837353 
1679557.0 1 2799798816 1.21166604e-06 1553963666 
1679982.0 0 848448836 2.091e-08 2441325815 
1688295.0 1 2799798816 1.225666e-06 2110688926 
1688694.0 3 811613008 2.5334319999999997e-08 1019134040 2472898255 1.524284e-08 3459912306 1.524284e-08 
1689365.0 0 1458432161 2.791e-08 1249238030 
1690861.0 0 2246051850 1.446652e-06 552634658 
1691105.0 0 2654473721 1.430808e-08 224410298 
1692026.0 0 2856850640 2.791e-08 463844675 
1692971.0 1 2799798816 1.23982004e-06 229435916 
1694512.0 0 1960974751 5.287758e-08 2475979558 
1694518.0 1 2340740170 3.33432388e-06 333964007 
1696465.0 0 3433591204 2.872892e-07 552498239 
1699962.0 0 4122240121 2.79556e-08 2138100036 
1713725.0 0 4028593304 8.566706e-08 326805806 
1718105.0 0 2340740170 3.334324e-06 3783228500 
1721860.0 3 2066612683 2.560067e-08 2589646060 1598213090 1.752995e-08 
1724499.0 0 3434666020 2.027329e-08 2027098952 
1726977.0 1 2340740170 3.348324e-06 1055469694 
1737542.0 1 2340740170 3.36351249e-06 2716949832 
1744670.0 1 2555962951 4.3459557e-07 4167430602 
1763279.0 1 618276123 2.931e-07 1922039940 
1766642.0 0 3012889883 1.458727e-08 2353028958 
1766681.0 1 2235064901 6.785071e-07 4122240121 
1769846.0 0 848448836 2.091e-08 4186562710 
1771420.0 1 373638573 1.00000002791 3481866093 
1772257.0 0 1249238030 2.411083e-08 4198169764 
1793203.0 1 373638573 1.000000014 552634658 
1793375.0 2 2449448537 1.483149e-08 3527214469 1495382923 1.4e-08 
1805124.0 2 3891448235 1.857853e-08 785216844 722767024 1.4e-08 
1811673.0 0 3888264012 1.627263e-08 3111692719 
1814028.0 0 66987975 1.668228e-08 1089013536 
1821212.0 0 2341758500 1.415404e-08 481049431 
1821924.0 1 2246051850 1.4608680800000001e-06 410848061 
1825167.0 1 373638573 1.00000002791 129185354 
1828494.0 0 2340740170 3.363512e-06 1236021306 
1830774.0 0 3433591204 2.872892e-07 3891448235 
1849391.0 2 3884425642 2.1587449999999998e-08 463844675 515125813 1.4e-08 
1850542.0 1 2246051850 1.47933935e-06 550176535 
1858485.0 1 2246051850 1.4995743399999999e-06 4186562710 
1859608.0 0 2340740170 3.363512e-06 2353028958 
1869196.0 0 2472898255 1.524284e-08 175860597 
1869770.0 3 3342541004 1.415404e-08 1495382923 1298902656 1.4e-08 
1874131.0 1 1068020906 0.00095464905404 1850435983 
1877464.0 2 1998372786 1.508401e-08 3459374364 3532628785 1.4e-08 
1882080.0 1 2799798816 1.25401274e-06 1246511018 
1895040.0 1 2340740170 3.377512e-06 3532628785 
1898488.0 0 164438789 4.19556e-08 848448836 
1904504.0 1 2799798816 1.26816604e-06 287394855 
1908068.0 0 3434666020 2.027329e-08 2441325815 
1917207.0 0 3554620561 1.415404e-08 2733144751 
1917655.0 1 3921011129 1.19443129e-06 3434666020 
1922396.0 0 3433591204 2.872892e-07 3891448235 
1925513.0 1 2340740170 3.39166604e-06 2353028958 
1927687.0 1 1068020906 0.00095466377745 3167902617 
1930736.0 2 2799798816 1.268166e-06 3180086772 826924968 1.4e-08 3190311976 1.430808e-08 
1940380.0 0 1960974751 5.287758e-08 3967778277 
1948964.0 1 3424908067 1.8161404e-07 175860597 
1949119.0 1 2799798816 1.2823200399999998e-06 4088625113 
1949392.0 0 2555962951 4.345955e-07 1759850032 
1949615.0 3 1347872676 2.2987240000000003e-08 2426951832 841878026 1.90768e-08 
1950162.0 1 1068020906 0.0009546790428399999 2472898255 
1961280.0 2 3190311976 1.4462120000000001e-08 1577969976 2747938267 1.4e-08 
1967732.0 1 2340740170 3.405666e-06 2693713428 
1975191.0 0 2799798816 1.28232e-06 722767024 
1980698.0 0 2340740170 3.405666e-06 2441325815 
1981643.0 3 728028737 1.3999989999999998e-08 301219709 3177521820 1.418722e-08 3363025910 1.418722e-08 
2007552.0 0 1960974751 5.287758e-08 825415804 
2012857.0 1 2246051850 1.51465801e-06 1998372786 
2016068.0 2 2328232000 1.872863e-08 2449448537 1290268226 1.4e-08 
2018889.0 2 1759850032 1.430808e-08 2564127097 764400056 1.4e-08 
2021999.0 0 2261252686 2.791e-08 1239791232 
2024707.0 0 2340740170 3.405666e-06 734120091 
2027324.0 1 2340740170 3.41982004e-06 114837353 
2032028.0 1 2340740170 3.43434215e-06 2441325815 
2040936.0 0 2340740170 3.434343e-06 734120091 
2040966.0 1 2340740170 3.44849704e-06 734120091 
2044628.0 0 3433591204 2.872892e-07 2378434411 
2050421.0 2 1347872676 2.317998e-08 3783228500 1517815290 1.4e-08 
2050633.0 2 250719570 1.483149e-08 1462644303 66064165 1.4e-08 
2051132.0 1 2340740170 3.4637567799999997e-06 1945735688 
2055225.0 1 2340740170 3.4779100399999998e-06 73116178 
2078008.0 1 2246051850 1.53093063e-06 3888264012 
2087915.0 1 2340740170 3.50329366e-06 2870037616 
2095748.0 1 2340740170 3.5223708e-06 841878026 
2096527.0 1 2340740170 3.53990095e-06 1598213090 
2100394.0 2 2246051850 1.530931e-06 164438789 2766526296 1.4e-08 2454553876 2.79556e-08 
2102851.0 1 2246051850 1.5588866000000001e-06 2454553876 
2105315.0 0 2799798816 1.28232e-06 2066612683 
2125634.0 1 2555962951 4.4948191e-07 1086559163 
2126982.0 1 2555962951 4.6363594e-07 2780384598 
2142408.0 1 2246051850 1.572887e-06 2766526296 
2146463.0 1 2246051850 1.59699783e-06 1249238030 
2147273.0 1 2340740170 3.5539466e-06 1405660995 
2148378.0 0 1759850032 1.430808e-08 2733144751 
2180627.0 1 1068020906 0.0009547069100000001 1239791232 
2184588.0 1 3884425642 3.574149e-08 1194638860 
2193713.0 1 2340740170 3.567947e-06 66064165 
2203488.0 0 2799798816 1.28232e-06 19131048 
2210711.0 1 2235064901 6.994171e-07 848448836 
2227471.0 1 2799798816 1.29632e-06 1298902656 
2230912.0 3 1347872676 1.9534859999999998e-08 1089013536 1923515514 1.779916e-08 
2235333.0 0 2340740170 3.567947e-06 3528190190 
2276669.0 1 2246051850 1.610997e-06 432337108 
2293379.0 0 2235064901 6.994171e-07 3528190190 
2325829.0 2 3342541004 1.430808e-08 3833074883 3339828518 1.4e-08 
2327172.0 1 2246051850 1.62582849e-06 250719570 
2328704.0 1 2340740170 3.58240912e-06 3190311976 
2339633.0 0 110358663 1.419274e-08 722767024 
2366173.0 1 2246051850 1.639829e-06 728028737 
2375193.0 2 1068020906 0.0009547069 921818415 105819081 1.4e-08 533433650 1.438548e-08 
2389578.0 3 1503202005 1.430148e-08 1290268226 1601889739 1.4e-08 
2398338.0 0 1759850032 1.430808e-08 3339828518 
2402108.0 1 2340740170 3.596409e-06 3339828518 
2445010.0 0 1960974751 5.287758e-08 515125813 
2447651.0 3 4028593304 1.3999980000000013e-08 4198169764 381652938 1.458569e-08 96665495 1.458569e-08 1342185090 1.458569e-08 149784911 1.458569e-08 85224627 1.458569e-08 1965662198 1.458569e-08 
2448123.0 0 96665495 1.458569e-08 381652938 
2448576.0 0 3342541004 1.430808e-08 224410298 
2463835.0 2 4188445920 1.500727e-08 1398579088 110439229 1.4e-08 
2474065.0 0 2235064901 6.994171e-07 3528190190 
2475495.0 0 2016090987 1.415404e-08 1831065885 
2485804.0 1 2799798816 1.759956e-06 2555962951 
2502520.0 1 373638573 1.00000001415404 1771264541 
2502854.0 0 3554620561 1.415404e-08 1831065885 
2524791.0 0 481049431 1.415404e-08 1601889739 
2531903.0 0 110439229 1.4e-08 1236021306 
2533183.0 1 2340740170 3.61099469e-06 85224627 
2557483.0 1 2856850640 4.206404e-08 3526559023 
2557926.0 1 3534547045 6.979665e-07 4028593304 
2561196.0 1 2340740170 3.62530208e-06 1759850032 
2577165.0 1 2799798816 1.7817068999999999e-06 1412415798 
2609035.0 0 1965662198 1.458569e-08 381652938 
2609858.0 1 373638573 1.00000001415404 1237914369 
2651101.0 1 2799798816 1.80124186e-06 1347872676 
2684778.0 0 3302973195 1.420811e-08 2341758500 
2694450.0 0 1342185090 1.458569e-08 1831065885 
2709453.0 0 2340740170 3.625302e-06 3363025910 
2732338.0 0 2235064901 6.994171e-07 1314810707 
2762600.0 1 3921011129 1.20858504e-06 2950407739 
2765857.0 1 2340740170 3.6396034799999998e-06 1503202005 
2789121.0 1 2340740170 3.653604e-06 764400056 
2805340.0 1 2246051850 1.667739e-06 2261252686 
2809860.0 0 1517815290 1.4e-08 1507417240 
2847657.0 1 3921011129 1.222585e-06 1517815290 
2860249.0 1 2799798816 1.829152e-06 3037779432 
2875738.0 0 2340740170 3.653604e-06 1601889739 
2901265.0 1 3534547045 7.1215924e-07 4083845756 
2901807.0 1 1068020906 0.00095476359001 3475245566 
2904655.0 0 2235064901 6.994171e-07 1314810707 
2928422.0 0 439844059 1.458727e-08 96665495 
2943339.0 0 3111692719 1.40456e-08 722767024 
2946237.0 0 3108364485 2.791e-08 826924968 
2966828.0 0 2340740170 3.653604e-06 66987975 
2968030.0 0 3921011129 1.222585e-06 1601889739 
3007996.0 1 3921011129 1.23673904e-06 2341758500 
3039185.0 1 1068020906 0.00095478217853 3891448235 
3045316.0 2 3459912306 1.5294210000000002e-08 2707460946 1449522982 1.4e-08 
3048814.0 0 2799798816 1.829152e-06 149784911 
3049589.0 1 2340740170 3.6679120800000003e-06 3342541004 
3067252.0 1 2799798816 1.857062e-06 825415804 
3074594.0 2 3554620561 1.430808e-08 695939830 3279439195 1.4e-08 
3087955.0 2 2066612683 2.575471e-08 224410298 360107933 1.4e-08 
3097126.0 1 2340740170 3.69366671e-06 2066612683 
3112596.0 0 179097684 4.066886e-07 1601889739 
3138689.0 2 179097684 4.3372300999999996e-07 3424908067 1657444763 1.405269e-08 58759274 1.405269e-08 2135013218 1.405269e-08 470332523 1.405269e-08 3217169414 1.405269e-08 3030801476 1.405269e-08 2208266878 1.405269e-08 3715668764 1.405269e-08 3418547556 1.405269e-08 355298688 1.405269e-08 4193709834 1.405269e-08 
3138732.0 0 179097684 4.33723e-07 3030801476 
3138742.0 0 179097684 4.33723e-07 2135013218 
3138791.0 1 179097684 4.4777569000000004e-07 2135013218 
3138816.0 1 179097684 4.6182839000000004e-07 3217169414 
3138821.0 1 179097684 4.7588109000000003e-07 2208266878 
3139002.0 1 179097684 4.8993379e-07 3030801476 
3139047.0 1 179097684 5.0398649e-07 1657444763 
3139086.0 1 179097684 5.1803919e-07 4193709834 
3139227.0 0 3418547556 1.405269e-08 470332523 
3139388.0 1 179097684 5.3209189e-07 58759274 
3139822.0 1 179097684 5.4614459e-07 470332523 
3141278.0 0 179097684 5.461445e-07 355298688 
3142170.0 0 179097684 5.461445e-07 355298688 
3142244.0 1 179097684 5.6019719e-07 355298688 
3161232.0 1 179097684 5.7424989e-07 3715668764 
3169927.0 0 2340740170 3.693667e-06 1236021306 
3233343.0 1 2235064901 7.134171e-07 3528190190 
3278894.0 0 1458432161 2.791e-08 3177521820 
3279351.0 3 1960974751 1.4e-08 1342185090 584993009 1.782109e-08 1499007652 1.782109e-08 755060644 1.782109e-08 
3297361.0 1 1068020906 0.0009547962 1507417240 
3327245.0 1 2340740170 3.7076670000000002e-06 826924968 
3330286.0 1 2340740170 3.72185422e-06 3177521820 
3333942.0 1 2340740170 3.73967509e-06 755060644 
3357966.0 1 2799798816 1.87164769e-06 1965662198 
3442318.0 0 110439229 1.4e-08 1236021306 
3455190.0 1 373638573 1.000000014 515125813 
3484364.0 2 2328232000 1.888267e-08 1621314342 3270476896 1.4e-08 
3502198.0 0 2340740170 3.739675e-06 1499007652 
3516300.0 1 373638573 1.00000001419274 110358663 
3538909.0 1 2340740170 3.767585e-06 2504591099 
3578553.0 2 2328232000 1.892827e-08 3111692719 3934203265 1.4e-08 
3607040.0 2 3006103420 1.4507249999999999e-08 3302973195 1292024166 1.4e-08 
3668567.0 1 2340740170 3.78217227e-06 3802520055 
3690103.0 0 2340740170 3.782172e-06 1831065885 
3771226.0 1 2204676502 0.00028574571 2681375347 
3843663.0 3 3554620561 1.430808e-08 110439229 1323984060 1.4e-08 
3859186.0 0 3534547045 7.121592e-07 481049431 
3859540.0 1 3534547045 7.2631324e-07 481049431 
3861575.0 0 2246051850 1.667739e-06 1236021306 
3888343.0 2 3607413901 2.327338e-08 2733144751 4197927596 1.4e-08 
3892760.0 1 1068020906 0.00095482411 300193622 
3910016.0 0 2246051850 1.667739e-06 1236021306 
3917684.0 0 2246051850 1.667739e-06 1236021306 
3960154.0 1 2340740170 3.7961720000000003e-06 3270476896 
4042176.0 1 2340740170 3.810172e-06 3934203265 
4110111.0 0 96665495 1.458569e-08 1449522982 
4114900.0 1 2340740170 3.82517927e-06 4188445920 
4159148.0 2 66987975 1.726797e-08 149784911 1414892502 1.4e-08 
4172644.0 1 2340740170 3.83976569e-06 381652938 
4227464.0 3 3607413901 1.399999e-08 2328232000 4201342597 1.410083e-08 2391696826 1.410083e-08 
4259788.0 3 1458432161 1.4000010000000001e-08 3006103420 4138371369 1.420862e-08 3590332688 1.420862e-08 
4278494.0 0 395113485 2.838548e-08 2747938267 
4278629.0 0 811613008 2.533432e-08 1960974751 
4302172.0 1 2340740170 3.8570329700000005e-06 66987975 
4354135.0 1 2246051850 1.68183983e-06 4201342597 
4397671.0 1 179097684 5.8830259e-07 3418547556 
4408971.0 1 2799798816 1.885648e-06 1323984060 
4410084.0 1 2340740170 3.871033e-06 1292024166 
4431904.0 1 2340740170 3.88522022e-06 3363025910 
4448492.0 0 584993009 1.782109e-08 96665495 
4470608.0 1 2340740170 3.89922e-06 1414892502 
4487130.0 0 2340740170 3.89922e-06 1458432161 
4518149.0 1 1068020906 0.00095483834864 3202152185 
4539060.0 1 2235064901 7.274171e-07 1960974751 
4581655.0 1 2246051850 1.69584e-06 1236021306 
4587484.0 1 2235064901 7.4162572e-07 3590332688 
4602363.0 1 2340740170 3.913320830000001e-06 2391696826 
4605564.0 1 1068020906 0.00095485245404 2016090987 
4731796.0 1 2246051850 1.70984e-06 4197927596 
4750014.0 1 2799798816 1.8999560800000002e-06 3554620561 
4845057.0 1 373638573 1.00000003574149 3884425642 
4870525.0 0 584993009 1.782109e-08 1923515514 
4886104.0 1 2235064901 7.5944679e-07 584993009 
4925389.0 1 2340740170 3.9273210000000004e-06 1458432161 
4937194.0 1 2246051850 1.7276610899999999e-06 1499007652 
