73.14077 1 2246051850 3.0701e-07 211811971 
112.5978 1 3150846686 3.0701e-07 3232700421 
161.8211 1 1075699702 3.0701e-07 1986278615 
423.3483 1 3921011129 3.0701e-07 1584276479 
598.8903 1 2340740170 3.0701e-07 941534069 
762.2878 1 2178051842 5.582e-08 778035964 
769.2487 1 2235064901 3.0701e-07 870323177 
891.1654 1 1075699702 3.3492e-07 102901530 
945.6255 1 3357643131 5.582e-08 405521437 
1043.105 1 2340740170 3.3492e-07 3071234124 
1172.36 1 2519559028 3.0701e-07 2710766136 
1229.488 1 3889879026 5.582e-08 2038493855 
1334.566 1 3357643131 8.373e-08 2408568032 
1353.55 1 331336395 5.582e-08 486050091 
1385.2 1 1494141940 5.582e-08 3257166052 
1449.759 1 1465560917 3.0701e-07 3555679070 
1475.701 1 3150846686 3.3492e-07 2779686750 
1725.891 1 331336395 8.373e-08 1631081845 
1853.081 1 4031050948 3.0701e-07 4226750145 
1909.433 1 3114612365 5.582e-08 2308721517 
1968.689 1 3921011129 3.3492e-07 3908154577 
2431.027 1 3373526895 3.0701e-07 1134175585 
2673.74 1 1222799196 3.0701e-07 1434498202 
2769.7 1 1572835533 3.0701e-07 2937387076 
2800.885 1 1222799196 3.3492e-07 873214132 
3180.252 1 3004792470 3.0701e-07 129185354 
3497.621 1 1075699702 3.6283e-07 3933289935 
3555.264 1 3707189490 5.582e-08 1493201942 
3868.739 1 598947138 5.582e-08 1227575429 
3974.777 1 2340740170 3.6283e-07 905418128 
4139.984 1 3707189490 8.373e-08 2737363250 
4390.362 1 2246051850 3.3492e-07 1481166135 
4391.379 1 1465560917 3.3492e-07 2480932170 
5030.681 1 4259593397 3.0701e-07 1593850299 
5793.312 1 2235064901 3.3492e-07 1379399837 
8020.904 1 3534547045 3.0701e-07 1661091397 
8104.848 1 384163328 5.582e-08 688805295 
9657.693 0 3534547045 3.0701e-07 1731090175 
10533.03 0 3373526895 3.0701e-07 858320168 
10596.53 1 1425083048 5.582e-08 3326748277 
10844.28 1 545239233 3.0701e-07 257754683 
11007.85 1 3534547045 3.3492e-07 582973675 
11412.46 1 4031050948 3.3492e-07 2669757562 
11466.44 1 3921011129 3.6283e-07 1738899943 
11550.13 0 3373526895 3.0701e-07 858320168 
13443.15 0 3373526895 3.0701e-07 858320168 
14589.43 0 3534547045 3.3492e-07 925199572 
15080.84 1 3490627259 5.582e-08 3279231079 
15131.89 0 632754209 2.791e-08 3800234335 
15476.1 0 4259593397 3.0701e-07 1458665800 
15670.77 1 4259593397 3.3492e-07 2919643181 
16126.01 0 725558489 2.791e-08 3150420704 
17309.44 1 3534547045 3.6283e-07 780264402 
18843.05 1 3373526895 3.3492e-07 2455496064 
18854.25 1 4252347608 5.582e-08 1206764858 
19669.41 0 632754209 2.791e-08 3126241903 
20646.18 0 4263717482 2.791e-08 3116505811 
21416.75 0 858320168 2.791e-08 3841896594 
29300.79 1 3373526895 3.6283e-07 3938221642 
29565.73 1 2246051850 3.6283e-07 1321648343 
29852.41 1 331336395 1.1164e-07 387772665 
32079.72 1 545239233 3.3492e-07 1516068388 
33203.96 0 811613008 2.791e-08 3736894086 
33262.87 0 259930472 2.791e-08 1502094437 
33743.21 0 1572835533 3.0701e-07 1593891639 
34016.72 0 2870037616 2.791e-08 3732071459 
35994.16 1 2555962951 3.0701e-07 2856850640 
36430.78 1 3373526895 3.9073999999999996e-07 3841896594 
38015.39 0 3114612365 5.582e-08 1123501568 
38126.35 1 2799798816 3.0701e-07 659524895 
38178.29 1 3889879026 8.373e-08 1735432893 
38368.6 1 3707189490 1.1164e-07 2932274237 
39453.09 1 545239233 3.6283e-07 3121047530 
39515.98 0 3534547045 3.6283e-07 2393342300 
39889.26 0 3534547045 3.6283e-07 2393342300 
42399.18 1 858320168 5.582e-08 3919821980 
42416.25 1 3373526895 4.1865e-07 3126241903 
44495.94 0 2340740170 3.6283e-07 953296898 
45390.39 1 1465560917 3.6283e-07 343742982 
46825.52 1 3150846686 3.9073999999999996e-07 1425083048 
48996.56 0 2519559028 3.0701e-07 443746396 
49644.97 1 3004792470 3.6283e-07 3490627259 
51473.21 1 3150846686 4.1865e-07 3421887303 
54052.85 0 314650893 2.791e-08 40245973 
54439.05 0 3150846686 4.1865e-07 3616865126 
55760.0 0 3919026803 2.791e-08 1651612823 
58622.29 1 3749853089 5.582e-08 2528553283 
59178.66 1 476505668 3.0701e-07 843517319 
59453.5 1 3889879026 1.1164e-07 925199572 
60820.4 1 1075699702 3.9073999999999996e-07 2205180068 
62476.39 1 3889879026 1.3955e-07 632754209 
62899.6 1 2799798816 3.3492e-07 333964007 
64384.71 0 3534547045 3.6283e-07 2393342300 
64949.91 1 2340740170 3.9073999999999996e-07 2409063466 
65084.26 2 545239233 3.6283002e-07 3707189490 3687573659 1.4e-08 3196256300 1.627333e-08 848448836 1.627333e-08 2211003714 1.627333e-08 2916276788 1.627333e-08 3696193412 1.627333e-08 15308464 1.627333e-08 
65313.79 1 545239233 3.7910332999999996e-07 848448836 
66887.56 0 2235064901 3.3492e-07 245436729 
68886.06 2 2235064901 3.3492e-07 2178051842 1239307652 1.4e-08 1945448119 2.091e-08 3396227953 2.091e-08 
69124.23 1 545239233 3.9537663e-07 2211003714 
70288.45 0 4252347608 5.582e-08 862710978 
70418.38 1 545239233 4.1165002999999996e-07 15308464 
71256.69 0 4252347608 5.582e-08 862710978 
76210.16 1 1068020906 0.0009543279100000001 3228084226 
79469.06 0 2235064901 3.3492e-07 3150420704 
81648.37 3 3921011129 3.6282998e-07 2235064901 3321237907 1.391187e-07 3187199216 1.506164e-08 3330100144 1.506164e-08 310481256 1.506164e-08 817087088 1.506164e-08 551137729 1.506164e-08 1218250404 1.506164e-08 1035956119 1.506164e-08 1211996162 1.506164e-08 188552836 1.506164e-08 2029773149 1.506164e-08 302486611 1.506164e-08 1842102965 1.506164e-08 1285693762 1.506164e-08 
81648.41 1 3321237907 1.5418033999999998e-07 1285693762 
81648.41 1 3321237907 1.6924204e-07 3187199216 
88566.69 0 858320168 5.582e-08 1731090175 
89481.19 0 1494141940 5.582e-08 817087088 
90278.59 0 3373526895 4.1865e-07 3084497907 
90615.99 0 3150846686 4.1865e-07 3396227953 
93903.82 2 3534547045 3.6283e-07 3889879026 1078741991 1.4e-08 2723643411 1.569375e-08 1804212609 1.569375e-08 438292632 1.569375e-08 2001290253 1.569375e-08 3147695692 1.569375e-08 3179285865 1.569375e-08 2173231515 1.569375e-08 740082705 1.569375e-08 
93946.77 1 3534547045 3.7852375e-07 1804212609 
94714.33 0 3534547045 3.785237e-07 2723643411 
94789.38 0 2173231515 1.569375e-08 1078741991 
95954.57 3 287801793 1.9943939999999997e-08 2859795595 2795063678 1.793803e-08 3642829293 1.793803e-08 
96460.24 1 3534547045 3.9421745e-07 3179285865 
97149.84 0 3321237907 1.69242e-07 3330100144 
98963.98 0 3921011129 3.6283e-07 1211996162 
100084.1 1 2340740170 4.0701333e-07 3696193412 
103083.3 0 3061883439 2.791e-08 438292632 
105215.3 1 3534547045 4.0821749999999997e-07 1078741991 
105592.3 0 384163328 5.582e-08 1444500749 
105643.6 1 3534547045 4.2391125e-07 2001290253 
106620.2 0 1963165541 2.791e-08 2440120768 
109723.0 1 3749853089 8.373e-08 3424908067 
112896.2 1 3921011129 3.7789163999999997e-07 551137729 
114095.8 0 3747246174 2.791e-08 2173231515 
114236.0 1 3150846686 4.3956e-07 3396227953 
114868.3 0 4263717482 2.791e-08 1945448119 
115888.9 1 3373526895 4.4656e-07 3061883439 
117305.5 0 3150846686 4.3956e-07 4263717482 
123032.6 1 3373526895 5.0238e-07 858320168 
128009.1 1 2799798816 6.1402e-07 2984600922 
130557.7 0 3621383820 2.791e-08 1035956119 
136905.7 1 3921011129 3.9295324e-07 1842102965 
140755.6 0 725558489 2.791e-08 1945448119 
141207.6 1 3373526895 5.302900000000001e-07 3800234335 
142344.9 1 3150846686 4.6747e-07 3150420704 
144480.1 0 3498415124 2.791e-08 40245973 
150566.5 1 2870037616 5.582e-08 6723929 
152016.2 0 3114612365 5.582e-08 2795063678 
153366.6 1 3150846686 4.9538e-07 1123501568 
154151.2 1 3534547045 4.518212e-07 2349140130 
154921.0 0 3534547045 4.518212e-07 2393342300 
156320.0 1 3534547045 4.797312e-07 2393342300 
157750.6 1 2799798816 6.4193e-07 2466232951 
158558.4 1 1572835533 3.3492e-07 2693713428 
162268.9 0 1494141940 5.582e-08 2125112500 
164178.0 0 1945448119 2.091e-08 1218250404 
165964.0 0 4046076794 2.791e-08 949068759 
166878.6 1 3373526895 6.99532e-07 3321237907 
168897.8 1 3373526895 7.27442e-07 3621383820 
169576.5 0 869234806 2.791e-08 1502094437 
175402.2 0 1218250404 1.506164e-08 1239307652 
175730.0 2 1494141940 6.635922e-08 1731090175 2707128518 1.737078e-08 
177151.9 0 2799798816 6.4193e-07 4061687915 
178935.2 1 2555962951 3.3492e-07 199935986 
179655.3 0 3150846686 4.9538e-07 2125112500 
181842.7 1 3373526895 7.4481278e-07 2707128518 
186388.9 1 1572835533 3.9073999999999996e-07 2870037616 
187747.0 1 1068020906 0.0009543558100000001 4274934102 
187749.2 1 3534547045 5.913712999999999e-07 331336395 
188281.0 0 3921011129 3.929533e-07 1945448119 
189055.8 1 3373526895 7.6050655e-07 740082705 
189485.6 0 3534547045 5.913712e-07 3084497907 
194183.0 0 2406269022 2.791e-08 3147695692 
200103.1 0 3150846686 4.9538e-07 1239307652 
200968.4 1 3373526895 7.755681400000001e-07 3330100144 
201220.5 0 3373526895 7.755682e-07 2723643411 
202414.5 3 545239233 4.1164991000000016e-07 2340740170 474866315 1.627596e-07 1639799867 1.436787e-08 1026028388 1.436787e-08 1128056158 1.436787e-08 2909632847 1.436787e-08 937177227 1.436787e-08 3393811039 1.436787e-08 611212867 1.436787e-08 1104410542 1.436787e-08 2328232000 1.436787e-08 2999719241 1.436787e-08 1931993247 1.436787e-08 1494850122 1.436787e-08 3414514926 1.436787e-08 2312786130 1.436787e-08 3537925318 1.436787e-08 1634407402 1.436787e-08 3869596591 1.436787e-08 
202414.5 1 474866315 1.7712746999999998e-07 1639799867 
202414.5 1 474866315 1.9149537e-07 3869596591 
203533.6 0 2312786130 1.436787e-08 1026028388 
205069.8 3 3747246174 1.400001e-08 2173231515 3375523036 1.480187e-08 772925454 1.480187e-08 
205586.3 2 3534547045 5.913712e-07 3749853089 2215785330 1.4e-08 3491092596 1.74325e-08 57770090 1.74325e-08 3071577057 1.74325e-08 1452489764 1.74325e-08 
205920.6 1 3534547045 6.088037e-07 3071577057 
206846.5 0 4263717482 2.791e-08 188552836 
210531.9 0 2681375347 2.791e-08 769686034 
210905.6 0 1634407402 1.436787e-08 2999719241 
211679.1 0 3373526895 7.755682e-07 2723643411 
211686.5 0 3114612365 5.582e-08 287801793 
212488.5 1 3534547045 6.262362e-07 3491092596 
218227.8 1 3373526895 8.4192742e-07 1494141940 
222065.9 3 287801793 1.9182280000000003e-08 2909632847 4260098875 1.512953e-08 
226634.4 0 438292632 1.569375e-08 2215785330 
228270.0 1 3534547045 6.436686999999999e-07 1452489764 
229228.2 0 2046083849 2.791e-08 3129006749 
229785.9 1 769686034 5.582e-08 3382444416 
232896.0 0 2451350669 2.791e-08 561528368 
240214.8 1 1068020906 0.00095438371 3443220506 
241188.6 0 242414939 2.791e-08 3537925318 
244444.7 2 1075699702 7.1058414e-07 1222799196 3696843781 1.507586e-08 
244855.2 1 476505668 3.3492e-07 1128709694 
249487.8 0 1572835533 3.9074e-07 2328232000 
253820.8 2 3004792470 3.628300599999998e-07 4259593397 2138100036 1.4e-08 1726701215 1.458727e-08 1412415798 1.458727e-08 375852842 1.458727e-08 3593732192 1.458727e-08 3888264012 1.458727e-08 313359544 1.458727e-08 217284033 1.458727e-08 2151269300 1.458727e-08 3913511150 1.458727e-08 2962530363 1.458727e-08 2063946235 1.458727e-08 1172086036 1.458727e-08 690117576 1.458727e-08 3288380490 1.458727e-08 845665321 1.458727e-08 3122982648 1.458727e-08 1471982444 1.458727e-08 3303338876 1.458727e-08 2875471576 1.458727e-08 1738909006 1.458727e-08 356405251 1.458727e-08 2879167783 1.458727e-08 
253957.2 1 2246051850 3.9073999999999996e-07 3498415124 
256176.4 1 3534547045 6.611012e-07 57770090 
258996.2 0 2406269022 2.791e-08 3375523036 
269482.5 0 314650893 2.791e-08 1128056158 
270452.4 2 3150846686 4.953800299999999e-07 3921011129 3083352544 2.281415e-08 4198169764 1.423612e-08 821115011 1.423612e-08 2118016430 1.423612e-08 1945735688 1.423612e-08 4093093422 1.423612e-08 2842015324 1.423612e-08 1249238030 1.423612e-08 3214077756 1.423612e-08 879162223 1.423612e-08 3884425642 1.423612e-08 1149406307 1.423612e-08 3528332227 1.423612e-08 4004407106 1.423612e-08 451270221 1.423612e-08 3149440925 1.423612e-08 2250775120 1.423612e-08 1130108289 1.423612e-08 2177968201 1.423612e-08 2914302410 1.423612e-08 3655816389 1.423612e-08 3485819286 1.423612e-08 1382686479 1.423612e-08 1803925302 1.423612e-08 3293059020 1.423612e-08 378125977 1.423612e-08 2159618959 1.423612e-08 
270452.6 1 3083352544 3.705027e-08 2159618959 
270452.6 1 3083352544 5.128639e-08 4198169764 
271299.4 0 287801793 1.918228e-08 3147695692 
271678.4 1 2842015324 2.847224e-08 821115011 
271806.8 1 3150846686 5.0961612e-07 3528332227 
272533.0 0 2842015324 2.847224e-08 3116505811 
274303.5 1 3004792470 3.9073999999999996e-07 2074240873 
274646.2 3 2406269022 1.399999e-08 3375523036 2441325815 1.435594e-08 3401497744 1.435594e-08 
274659.1 1 3108364485 4.249727e-08 2879167783 
274789.6 0 636961411 2.791e-08 245436729 
274910.4 0 245436729 2.791e-08 3116505811 
275043.5 0 3149440925 1.423612e-08 1149406307 
275315.6 1 3150846686 5.2385222e-07 1130108289 
277081.6 1 769686034 8.373e-08 3988949870 
279907.5 0 1211996162 1.506164e-08 3655816389 
280223.5 0 2125112500 2.791e-08 451270221 
280452.2 0 2723643411 1.569375e-08 4004407106 
285885.6 1 179097684 2.9345594e-07 3401497744 
287818.4 1 3150846686 5.3808832e-07 3293059020 
288545.3 0 179097684 2.934559e-07 2441325815 
289087.4 0 3150846686 5.380884e-07 4093093422 
289217.6 0 2177968201 1.423612e-08 451270221 
289411.2 0 3696843781 1.507586e-08 3122982648 
289950.2 1 3373526895 8.5616352e-07 2914302410 
291303.0 0 1075699702 7.105841e-07 732124878 
296805.9 1 3150846686 5.5232452e-07 3485819286 
299428.1 1 3150846686 5.6656062e-07 2118016430 
301443.8 0 438292632 1.569375e-08 302486611 
303943.3 0 825415804 2.791e-08 3176785673 
304504.5 0 3147695692 1.569375e-08 1128056158 
306233.7 0 3150846686 5.665606e-07 1149406307 
312489.3 1 1434594601 5.582e-08 443746396 
315719.3 0 3534547045 6.611012e-07 2029773149 
318246.2 1 3373526895 8.7122514e-07 817087088 
320450.5 0 879162223 1.423612e-08 3687573659 
325361.4 1 3373526895 8.854613199999999e-07 4093093422 
328362.7 1 179097684 3.0781184e-07 2441325815 
330596.0 0 1803925302 1.423612e-08 3149440925 
332504.4 0 2312786130 1.436787e-08 1931993247 
333395.8 1 3150846686 5.8079672e-07 2250775120 
334487.0 0 3884425642 1.423612e-08 3214077756 
337651.6 1 3534547045 6.7679495e-07 438292632 
342876.1 0 2246051850 3.9074e-07 3241671100 
344470.3 1 545239233 4.2601787e-07 2312786130 
347355.4 0 545239233 4.260179e-07 2718413753 
359631.4 1 3150846686 5.9516457e-07 1931993247 
361882.0 0 3004792470 3.9074e-07 949068759 
364671.5 1 3642829293 3.587606e-08 2795063678 
365178.6 1 2799798816 9.2103e-07 3737780296 
365704.1 3 3083352544 1.3999989999999996e-08 1945448119 4069401935 1.45491e-08 134948105 1.45491e-08 1998372786 1.45491e-08 2455922112 1.45491e-08 
365967.0 0 2246051850 3.9074e-07 3116505811 
366847.7 1 1068020906 0.00095441161 997905375 
368805.8 1 3373526895 8.9969742e-07 3884425642 
369518.0 0 3150846686 5.951646e-07 3214077756 
369743.2 1 1068020906 0.0009544395100000001 865537991 
373024.4 1 3004792470 4.0532727000000004e-07 3913511150 
378322.7 0 1998372786 1.45491e-08 2177968201 
378974.4 0 3150846686 5.951646e-07 3147695692 
379077.3 3 725558489 2.390242e-08 451270221 3059103076 1.82437e-08 
381351.8 0 1465560917 3.6283e-07 869234806 
381669.9 0 3084497907 2.791e-08 1998372786 
382277.1 0 3150846686 5.951646e-07 1945735688 
382982.1 0 3519923770 2.791e-08 1035492323 
383344.5 1 2519559028 3.3492e-07 3833318790 
391554.3 0 1541946641 2.791e-08 3593732192 
397357.7 0 474866315 1.914954e-07 2916276788 
409221.1 1 2246051850 4.1865e-07 869234806 
413539.4 0 197654791 2.791e-08 1249238030 
414006.6 1 1068020906 0.00095446751 3708838243 
416770.1 3 2835620284 1.3999989999999996e-08 3196256300 432337108 1.509167e-08 1902671923 1.509167e-08 
417048.4 0 3150846686 5.951646e-07 1218250404 
419527.8 1 179097684 3.357219e-07 862710978 
430259.4 2 1572835533 5.6610168e-07 474866315 4209590891 1.613372e-08 
433533.9 1 3373526895 9.276074000000001e-07 636961411 
434839.1 0 1458665800 2.791e-08 1471982444 
437436.6 0 179097684 3.357219e-07 2406269022 
438655.8 2 1572835533 9.7462664e-07 545239233 77395223 1.749286e-08 
445968.6 0 3150846686 5.951646e-07 3149440925 
446251.8 0 2870158420 2.791e-08 2263814062 
449311.4 0 1128056158 1.436787e-08 1249238030 
451175.6 0 2956861855 2.791e-08 1593891639 
457407.7 0 1075699702 7.105841e-07 1790255658 
462522.2 0 3150846686 5.951646e-07 134948105 
463021.1 1 1572835533 1.0025366000000001e-06 2718413753 
464175.5 0 179097684 3.357219e-07 2406269022 
468432.1 1 2246051850 4.4656e-07 3197676583 
469362.0 1 179097684 3.497219e-07 2406269022 
472705.4 0 2842015324 2.847224e-08 1945735688 
474946.2 1 3150846686 6.094007199999999e-07 1149406307 
478432.4 0 3357643131 8.373e-08 2451350669 
484341.7 3 4231632140 2.4797489999999998e-08 879162223 3592986772 1.734863e-08 
487456.4 1 1465560917 3.9073999999999996e-07 949068759 
489916.2 1 3150846686 6.237685700000001e-07 1128056158 
499761.5 1 3373526895 9.418435199999999e-07 378125977 
500448.5 1 3150846686 6.380047199999999e-07 3149440925 
501437.8 0 1878784256 2.791e-08 2063946235 
503463.3 0 1465560917 3.9074e-07 3732071459 
503841.2 3 1465560917 3.6872226000000003e-07 811613008 1246511018 1.664258e-08 3986570268 1.664258e-08 174500547 1.664258e-08 
513246.6 0 4069401935 1.45491e-08 3655816389 
519654.5 0 3150846686 6.380047e-07 302486611 
521446.9 0 3150846686 6.380047e-07 2029773149 
529703.1 0 3592986772 1.734863e-08 188552836 
531255.9 2 2029773149 1.529776e-08 1249238030 4083845756 1.4e-08 
541290.3 1 1465560917 3.966323e-07 2956861855 
543190.3 0 1866926464 2.791e-08 1790255658 
547961.8 1 179097684 3.6452377e-07 772925454 
548532.7 1 3059103076 3.354146e-08 2029773149 
550785.0 0 1572835533 1.002537e-06 188552836 
560186.0 0 197654791 2.791e-08 3616865126 
562670.5 1 1458432161 4.249727e-08 356405251 
564688.7 0 4122240121 2.791e-08 1444500749 
565149.8 1 2246051850 4.7447e-07 741863299 
566907.9 1 3150846686 6.659147e-07 3129006749 
568085.6 0 1075699702 7.105841e-07 3497999925 
575506.1 0 310481256 1.506164e-08 611212867 
587967.0 0 2799798816 9.2103e-07 290926289 
590481.8 0 1572835533 1.002537e-06 1494850122 
590825.1 2 4209590891 1.668282e-08 4069401935 110358663 1.4e-08 
602297.1 0 245436729 2.791e-08 134948105 
608393.5 1 1572835533 1.01690487e-06 3393811039 
616322.4 1 1572835533 1.0727240000000001e-06 384163328 
619217.1 1 3150846686 6.938247000000001e-07 245436729 
622746.1 1 1075699702 7.384941000000001e-07 717226258 
628632.7 2 1572835533 1.072724e-06 3642829293 1370908750 1.4e-08 1837234470 2.187606e-08 
635370.2 0 790319072 2.791e-08 1444500749 
635389.8 0 1593891639 2.791e-08 77395223 
636196.6 1 2799798816 9.3767258e-07 1246511018 
639084.0 1 1075699702 7.664041e-07 3891448235 
643414.2 2 4209590891 1.723192e-08 1998372786 2945849429 1.4e-08 
647699.4 1 134948105 2.85491e-08 110358663 
650171.3 0 1458432161 4.249727e-08 2487301543 
650893.1 0 1075699702 7.664041e-07 2870158420 
653896.0 0 3059103076 3.354145e-08 302486611 
659763.9 3 4252347608 3.465862e-08 3747246174 66296937 1.758069e-08 976558236 1.758069e-08 
663354.2 0 179097684 3.645237e-07 976558236 
664005.3 1 1572835533 1.0869601199999999e-06 1803925302 
676565.1 1 3373526895 9.5690514e-07 1218250404 
678991.8 0 4263717482 2.791e-08 3084497907 
683965.8 1 3373526895 9.7114122e-07 3655816389 
685256.9 3 4252347608 1.400001e-08 66296937 2438291630 1.911965e-08 906368509 1.911965e-08 
685671.4 0 134948105 2.85491e-08 1211996162 
688371.5 1 3150846686 7.078246999999999e-07 1239307652 
688625.4 1 1068020906 0.0009544954100000001 3245569981 
691977.1 1 3373526895 9.851413e-07 2215785330 
709994.8 1 179097684 3.785237e-07 4252347608 
715083.3 0 1239791232 2.791e-08 315200650 
721237.1 3 810769555 1.4e-08 287801793 3783228500 1.654614e-08 2858952728 1.654614e-08 
723142.6 1 3534547045 6.90795e-07 3083352544 
724764.9 0 1502094437 2.791e-08 1471982444 
732662.2 3 3147695692 1.569375e-08 1370908750 395113485 1.4e-08 
734417.0 0 906368509 1.911965e-08 976558236 
734474.2 0 3373526895 9.851413e-07 2177968201 
742521.8 3 4263717482 2.623111e-08 1382686479 4019363830 1.591501e-08 
742580.3 3 2125112500 1.400001e-08 1902671923 3016084464 1.450083e-08 921818415 1.450083e-08 
745192.5 1 3373526895 1.01137241e-06 4263717482 
745564.4 3 29350397 1.399999e-08 3593732192 2892683898 1.424864e-08 3697249003 1.424864e-08 
749391.5 3 197654791 1.3999999999999998e-08 2177968201 3983774618 1.407306e-08 4187488967 1.407306e-08 
758302.7 0 1593891639 2.791e-08 1211996162 
760543.5 0 906368509 1.911965e-08 2438291630 
763012.8 2 2555962951 3.3492e-07 598947138 898751805 1.4e-08 3632514288 2.091e-08 410848061 2.091e-08 
767250.0 0 3534547045 6.90795e-07 3428193420 
776553.3 2 1211996162 1.51347e-08 3983774618 2791633391 1.4e-08 
783385.3 3 1593891639 1.4000010000000001e-08 1026028388 630280293 1.413893e-08 4212779140 1.413893e-08 
785897.8 1 3150846686 7.2351845e-07 2723643411 
789022.2 1 4031050948 3.6283e-07 3736894086 
791074.4 1 1572835533 1.1013288699999998e-06 1104410542 
799205.6 0 179097684 3.785237e-07 2438291630 
803182.0 0 1019134040 2.791e-08 1327969783 
811689.6 0 179097684 3.785237e-07 2438291630 
812399.6 1 179097684 3.9764335e-07 2438291630 
815555.5 0 1347872676 2.791e-08 1963165541 
818724.0 1 3519923770 5.582e-08 3616865126 
819434.8 0 3519923770 5.582e-08 2487301543 
838271.7 1 179097684 4.1676305e-07 906368509 
838551.4 1 1572835533 1.1292380000000001e-06 242414939 
840383.3 3 3592986772 1.61898e-08 2791633391 3459374364 1.515883e-08 
847805.5 0 725558489 2.390242e-08 3592986772 
859938.2 1 1465560917 4.1121957000000003e-07 217284033 
861700.0 0 134948105 2.85491e-08 3428193420 
872023.6 0 1572835533 1.129238e-06 3537925318 
876272.9 3 3059103076 1.927806e-08 3592986772 2125331604 1.522659e-08 3113062634 1.522659e-08 
877394.6 0 3059103076 1.927808e-08 2125331604 
877573.3 1 1075699702 7.943141000000001e-07 770580294 
878207.0 1 3059103076 3.450467e-08 3113062634 
879927.5 1 2246051850 4.8905727e-07 1471982444 
884840.3 2 3357643131 9.411657e-08 1037584679 847040419 1.752343e-08 
885751.7 2 1075699702 7.943141199999999e-07 3357643131 4240624600 1.4e-08 1565786989 1.602331e-08 2286860921 1.602331e-08 3707879645 1.602331e-08 2746930994 1.602331e-08 4075596975 1.602331e-08 
887256.5 1 1075699702 8.1033741e-07 2286860921 
890198.5 1 1068020906 0.00095452331 1533953788 
896595.5 0 3428193420 2.791e-08 4083845756 
902944.6 0 3116505811 2.791e-08 725558489 
905186.9 0 1837234470 2.187606e-08 2916276788 
922580.3 1 3534547045 7.067100099999999e-07 4019363830 
923222.8 2 3783228500 1.678226e-08 3214077756 4283280385 1.4e-08 
926092.1 0 310481256 1.506164e-08 4004407106 
927359.6 1 3150846686 7.5199064e-07 2842015324 
932392.5 1 3150846686 7.671254e-07 1211996162 
944994.3 3 40245973 1.399999e-08 1726701215 538453177 1.424864e-08 3121292019 1.424864e-08 
948856.7 2 1458432161 5.4097659999999997e-08 953296898 3349724438 1.630961e-08 
955460.6 0 2246051850 4.890573e-07 810769555 
955752.0 3 1963165541 1.4000009999999996e-08 847040419 4253718737 1.571671e-08 3297362622 1.571671e-08 
963563.3 0 3888264012 1.458727e-08 630280293 
971070.7 1 3373526895 1.0399211e-06 134948105 
972590.6 0 3059103076 3.450466e-08 2125331604 
980136.8 0 3373526895 1.039921e-06 2945849429 
996682.8 0 3783228500 1.678226e-08 3414514926 
996890.9 3 838860310 1.399999e-08 3297362622 1751902433 1.481336e-08 2878871175 1.481336e-08 
998032.9 1 3534547045 7.2193659e-07 2125331604 
1013136.0 0 3349724438 1.630961e-08 2878871175 
1018107.0 0 3707879645 1.602331e-08 2138100036 
1023347.0 3 1503861029 1.4e-08 3020817656 3083717413 2.091e-08 220564665 2.091e-08 
1034454.0 0 3083717413 2.091e-08 3537925318 
1042846.0 0 179097684 4.167631e-07 220564665 
1043938.0 0 1458432161 5.409766e-08 1634407402 
1045345.0 3 3953846011 2.791e-08 4283280385 3653734512 1.4e-08 
1065869.0 3 2246051850 4.890571900000001e-07 1465560917 3815024321 1.669852e-07 1428265047 1.436673e-08 3604532305 1.436673e-08 1869365069 1.436673e-08 965372172 1.436673e-08 607396504 1.436673e-08 2533881277 1.436673e-08 472358284 1.436673e-08 1950077488 1.436673e-08 1820499179 1.436673e-08 4055959668 1.436673e-08 528880979 1.436673e-08 3778036871 1.436673e-08 1405660995 1.436673e-08 3662110242 1.436673e-08 2247026945 1.436673e-08 4032129539 1.436673e-08 4035587434 1.436673e-08 
1065869.0 1 3815024321 1.8135193e-07 1428265047 
1065869.0 1 3815024321 1.9571863000000001e-07 4035587434 
1073733.0 3 2246051850 4.890572600000001e-07 3815024321 3111692719 6.014327e-08 1398579088 1.506393e-08 2501379955 1.506393e-08 3332562587 1.506393e-08 3562383954 1.506393e-08 2521380987 1.506393e-08 4119421155 1.506393e-08 1913762779 1.506393e-08 3678948817 1.506393e-08 2489195127 1.506393e-08 
1075251.0 0 3534547045 7.219366e-07 3537925318 
1077519.0 1 2489195127 2.9430659999999998e-08 3662110242 
1077877.0 1 2246051850 5.0412123e-07 2501379955 
1078875.0 1 2246051850 5.1918513e-07 3332562587 
1079749.0 0 3016084464 1.450083e-08 3414514926 
1079901.0 1 2246051850 5.3355183e-07 3778036871 
1087055.0 1 3373526895 1.053921e-06 2945849429 
1087506.0 0 3373526895 1.053921e-06 1503861029 
1088315.0 3 3919026803 2.407765e-08 2916276788 3929228125 2.010568e-08 
1088737.0 1 3919026803 4.418333e-08 3929228125 
1089644.0 0 2246051850 5.335519e-07 2521380987 
1099547.0 1 2440120768 5.582e-08 2870158420 
1113990.0 3 1634407402 1.436787e-08 1503861029 3160344427 1.4e-08 
1114985.0 0 561528368 2.791e-08 3414514926 
1122168.0 1 2246051850 5.6298255e-07 2489195127 
1128729.0 1 1572835533 1.14493175e-06 3147695692 
1136029.0 1 2799798816 9.818559299999999e-07 3919026803 
1137937.0 1 179097684 4.446731e-07 3704423751 
1143040.0 0 3004792470 4.053273e-07 3678948817 
1147099.0 0 611212867 1.436787e-08 4187488967 
1148292.0 0 3519923770 5.582e-08 2746930994 
1153746.0 0 1494850122 1.436787e-08 4032129539 
1162262.0 0 3116505811 2.791e-08 2835620284 
1163574.0 0 3783228500 1.678226e-08 2521380987 
1170368.0 1 1572835533 1.15929987e-06 1494850122 
1173159.0 0 3562383954 1.506393e-08 3604532305 
1173335.0 0 3373526895 1.053921e-06 3459374364 
1173424.0 0 3428193420 2.791e-08 1035956119 
1175209.0 1 3459374364 2.915883e-08 2835620284 
1178185.0 2 2858952728 1.6914009999999998e-08 2999719241 3182159117 1.4e-08 
1187170.0 0 3150846686 7.671254e-07 2455922112 
1196080.0 0 3519923770 5.582e-08 29350397 
1207207.0 1 1572835533 1.1743639300000002e-06 1398579088 
1214527.0 0 1572835533 1.174364e-06 921818415 
1214582.0 0 259930472 2.791e-08 2962530363 
1215599.0 3 188552836 1.506164e-08 197654791 766581564 1.4e-08 
1219466.0 0 3534547045 7.219366e-07 1634407402 
1219675.0 0 2440120768 5.582e-08 3288380490 
1225375.0 1 3373526895 1.067921e-06 3160344427 
1227499.0 0 1458432161 5.409766e-08 1950077488 
1233249.0 2 2246051850 5.629825e-07 3111692719 3702894340 1.4e-08 3532745758 1.538109e-08 1072840122 1.538109e-08 3294683754 1.538109e-08 
1236919.0 0 2521380987 1.506393e-08 3702894340 
1237950.0 2 179097684 4.4726247e-07 77395223 1676003954 1.490349e-08 
1238085.0 1 179097684 4.6216589000000004e-07 1676003954 
1238975.0 1 3373526895 1.0822888699999999e-06 3537925318 
1245338.0 1 3373526895 1.1031989999999998e-06 220564665 
1279535.0 0 3732071459 2.791e-08 482917538 
1286572.0 1 4231632140 4.0178580000000004e-08 3294683754 
1289672.0 0 769686034 8.373e-08 4253718737 
1291777.0 0 2246051850 5.629825e-07 4055959668 
1297628.0 0 2542835646 2.791e-08 528880979 
1304366.0 0 2046083849 2.791e-08 3775452048 
1306728.0 1 3004792470 4.2135061e-07 2746930994 
1314817.0 0 482917538 2.791e-08 810769555 
1320483.0 1 3534547045 7.428466000000001e-07 3083717413 
1328272.0 3 3428193420 1.399999e-08 2151269300 4285585893 1.424864e-08 2674988631 1.424864e-08 
1329882.0 0 1075699702 8.103375e-07 2533881277 
1332535.0 0 179097684 4.621659e-07 976558236 
1333141.0 1 3150846686 7.8149213e-07 1950077488 
1333653.0 1 179097684 4.797465900000001e-07 976558236 
1334038.0 0 2451350669 2.791e-08 3241671100 
1345229.0 0 3150846686 7.814921e-07 3702894340 
1345584.0 0 4046076794 2.791e-08 2521380987 
1356266.0 1 1075699702 8.382475e-07 3953846011 
1357236.0 1 1075699702 8.661575000000001e-07 3497999925 
1361866.0 1 373638573 1.00000002791 739080713 
1363235.0 1 2246051850 5.7734923e-07 2533881277 
1367767.0 0 3774459889 2.791e-08 2674988631 
1368218.0 0 2542835646 2.791e-08 3121292019 
1383947.0 1 2542835646 4.227673e-08 1405660995 
1383996.0 0 1019134040 2.791e-08 2487301543 
1386639.0 0 3632514288 2.091e-08 965372172 
1404515.0 1 2246051850 5.918983000000001e-07 2455922112 
1425369.0 0 3532745758 1.538109e-08 1963165541 
1425715.0 1 1075699702 8.812214299999999e-07 3562383954 
1428652.0 0 3059103076 3.450466e-08 3084497907 
1439851.0 1 3373526895 1.12043092e-06 4209590891 
1446731.0 1 1075699702 8.955881300000001e-07 2247026945 
1463960.0 0 1572835533 1.174364e-06 921425487 
1474673.0 1 2246051850 6.0626503e-07 4055959668 
1478853.0 1 3373526895 1.134431e-06 3702894340 
1484074.0 3 3084497907 2.223399e-08 432337108 406745133 2.076768e-08 
1485000.0 1 1572835533 1.19826642e-06 725558489 
1487574.0 1 3084497907 4.300166e-08 406745133 
1491056.0 1 2799798816 1.0097659e-06 511603307 
1497967.0 1 1068020906 0.00095455121 326805806 
1506510.0 3 728028737 1.4e-08 3736601249 2883513480 2.091e-08 783121895 2.091e-08 
1514647.0 0 3116505811 2.791e-08 302486611 
1524502.0 1 373638573 1.00000002791 3774459889 
1526166.0 2 2246051850 6.062651e-07 3519923770 2683944377 1.4e-08 2961226102 2.091e-08 301219709 2.091e-08 
1527465.0 1 1572835533 1.8045311e-06 2246051850 
1551910.0 0 4032129539 1.436673e-08 1963165541 
1561685.0 1 1572835533 1.818532e-06 3428193420 
1561877.0 3 3084497907 2.7716759999999996e-08 630280293 1743198400 1.471192e-08 3059144981 1.471192e-08 
1583483.0 3 2451350669 1.4000000000000001e-08 538453177 3952655669 1.407932e-08 2848685905 1.407932e-08 
1585020.0 1 1572835533 1.8464420000000001e-06 4046076794 
1594811.0 1 1572835533 1.86102927e-06 845665321 
1602592.0 0 301219709 2.091e-08 2858952728 
1606130.0 1 1572835533 1.87641009e-06 3532745758 
1614097.0 0 3114612365 5.582e-08 1743198400 
1628061.0 3 1866926464 1.399999e-08 3349724438 1826422368 1.510981e-08 896813269 1.510981e-08 
1644486.0 0 2542835646 4.227673e-08 188552836 
1645931.0 1 1572835533 1.90432e-06 314650893 
1646220.0 0 4031050948 3.6283e-07 825415804 
1648743.0 3 2521380987 1.506393e-08 3182159117 37051273 1.4e-08 
1657117.0 1 1572835533 1.91868673e-06 607396504 
1659009.0 0 1565786989 1.602331e-08 3303338876 
1669183.0 0 937177227 1.436787e-08 2138100036 
1676934.0 0 1572835533 1.918687e-06 301219709 
1678546.0 1 1572835533 1.932687e-06 2683944377 
1679826.0 2 3986570268 1.7009310000000003e-08 4032129539 1867247157 1.4e-08 
1681426.0 0 2542835646 4.227673e-08 2858952728 
1683769.0 1 2799798816 1.023766e-06 838860310 
1685845.0 3 1826422368 1.510981e-08 898751805 3633199892 1.4e-08 
1687555.0 1 2521380987 2.977585e-08 3059144981 
1691978.0 0 1572835533 1.932687e-06 37051273 
1699213.0 1 373638573 1.00000001458727 3288380490 
1699219.0 0 1075699702 8.955881e-07 2063946235 
1721878.0 0 1572835533 1.932687e-06 301219709 
1725511.0 1 1572835533 1.953597e-06 301219709 
1737443.0 0 1019134040 2.791e-08 4119421155 
1738292.0 0 259930472 2.791e-08 528880979 
1743266.0 0 1072840122 1.538109e-08 766581564 
1744277.0 1 1572835533 1.9813137699999998e-06 3084497907 
1749503.0 0 2521380987 2.977584e-08 259930472 
1760735.0 1 2555962951 3.6283e-07 2263814062 
1773010.0 3 3114612365 1.4e-08 2878871175 1736323711 1.415834e-08 283080478 1.415834e-08 785216844 1.415834e-08 3006103420 1.415834e-08 
1773235.0 1 283080478 2.815834e-08 3114612365 
1776363.0 0 2250879299 2.791e-08 1869365069 
1780734.0 1 1068020906 0.0009546070199999999 1434594601 
1784600.0 0 3732071459 2.791e-08 2892683898 
1785023.0 1 373638573 1.00000001458727 2962530363 
1799232.0 1 283080478 4.231668e-08 1736323711 
1816577.0 0 3241671100 2.791e-08 1867247157 
1820450.0 0 1572835533 1.981313e-06 766581564 
1824593.0 1 1572835533 2.009223e-06 259930472 
1837872.0 0 3108364485 4.249727e-08 392861532 
1843975.0 0 1572835533 2.009223e-06 2674988631 
1848133.0 3 2487301543 1.4000000000000001e-08 2674988631 2898323513 1.407932e-08 1199222225 1.407932e-08 
1854055.0 3 3986570268 1.700931e-08 3653734512 3755198008 1.4e-08 
1859706.0 1 1572835533 2.02359087e-06 3414514926 
1870701.0 2 3534547045 7.560862499999999e-07 3059103076 2795041644 2.126501e-08 
1892156.0 0 2799798816 1.023766e-06 310481256 
1897032.0 3 1945735688 1.423612e-08 810769555 3492274228 1.4e-08 
1902780.0 1 1945735688 2.823612e-08 3492274228 
1907601.0 1 1572835533 2.051501e-06 482917538 
1919317.0 3 1541946641 1.4000010000000001e-08 528880979 1420914473 1.413836e-08 439844059 1.413836e-08 
1949931.0 0 3004792470 4.213506e-07 3732071459 
1950353.0 1 4031050948 3.7741727e-07 1412415798 
1953184.0 0 3241671100 2.791e-08 1913762779 
1953554.0 3 4122240121 2.24039e-08 1738909006 3802520055 2.009337e-08 
1960005.0 1 3534547045 7.7735121e-07 2795041644 
1965737.0 0 1075699702 8.955881e-07 2620740164 
1975475.0 2 313359544 1.466659e-08 3952655669 3012889883 1.4e-08 
1979377.0 1 1075699702 9.1069791e-07 896813269 
1979731.0 3 766581564 1.4e-08 1963165541 3363823620 1.4e-08 
1985077.0 3 1156624510 2.637667e-08 3888264012 1086559163 1.61206e-08 
1998337.0 1 1075699702 9.248362600000001e-07 439844059 
2004724.0 0 1572835533 2.051501e-06 1826422368 
2008678.0 3 4075596975 1.529264e-08 785216844 3063534263 1.488901e-08 
2015010.0 1 2555962951 3.789506e-07 1086559163 
2035228.0 3 1458432161 4.821304e-08 310481256 2013640095 2.094626e-08 
2035494.0 1 3373526895 1.1486671199999999e-06 4004407106 
2043635.0 0 2519559028 3.3492e-07 4028593304 
2060339.0 0 3150846686 7.814921e-07 2858952728 
2077557.0 1 1572835533 2.06586887e-06 2328232000 
2085080.0 0 2521380987 2.977584e-08 37051273 
2143857.0 1 1572835533 2.0798690000000004e-06 3755198008 
2157855.0 0 1075699702 9.248363e-07 1751902433 
2159324.0 0 2961226102 2.091e-08 3707879645 
2176873.0 0 3363823620 1.4e-08 766581564 
2180106.0 3 921425487 1.4e-08 1035492323 1461359102 2.091e-08 2027098952 2.091e-08 
2181903.0 3 385785803 2.369999e-08 3122982648 4167430602 1.879728e-08 
2201976.0 1 3150846686 7.9655374e-07 188552836 
2211190.0 0 3004792470 4.213506e-07 2848685905 
2211675.0 0 1019134040 2.791e-08 790319072 
2220276.0 3 2883513480 2.091e-08 4083845756 4096225443 1.4e-08 
2229388.0 1 3150846686 8.1346771e-07 2858952728 
2238830.0 0 3004792470 4.213506e-07 3783228500 
2240111.0 3 690117576 1.458727e-08 3012889883 781549661 1.4e-08 
2244274.0 3 561528368 1.4e-08 3006103420 907719639 1.403417e-08 1906851972 1.403417e-08 
2260818.0 0 2961226102 2.091e-08 395113485 
2271453.0 3 4187488967 1.407306e-08 2487301543 2597880038 1.4e-08 
2278227.0 0 4231632140 4.017858e-08 1867247157 
2279310.0 3 2521380987 1.549355e-08 4212779140 1896745001 1.421061e-08 2378434411 1.421061e-08 
2282008.0 1 2799798816 1.03790436e-06 1420914473 
2288823.0 1 373638573 1.00000002791 911013108 
2295424.0 0 1651612823 2.791e-08 4240624600 
2304619.0 0 2799798816 1.037904e-06 1444500749 
2316174.0 0 3802520055 2.009337e-08 4096225443 
2333524.0 0 1837234470 2.187606e-08 302486611 
2355263.0 1 1572835533 2.09493293e-06 3678948817 
2360525.0 0 1572835533 2.094933e-06 3016084464 
2365732.0 0 1075699702 9.248363e-07 2911053862 
2384405.0 0 4231632140 4.017858e-08 2961226102 
2393355.0 0 3150846686 8.134677e-07 1019134040 
2395243.0 1 1572835533 2.11022564e-06 4075596975 
2419008.0 0 3823443426 2.791e-08 1458665800 
2419327.0 1 1572835533 2.1242260000000002e-06 2597880038 
2432648.0 3 4028593304 1.400001e-08 1826422368 1837088337 1.45099e-08 1543523724 1.45099e-08 
2457019.0 0 1572835533 2.124226e-06 1866926464 
2459075.0 3 1634407402 1.436787e-08 2125112500 1761715697 1.4e-08 
2461188.0 0 3004792470 4.213506e-07 2961226102 
2467483.0 0 790319072 2.791e-08 1156624510 
2478310.0 1 1075699702 9.390469099999999e-07 2378434411 
2481134.0 1 3004792470 4.492606e-07 790319072 
2483735.0 2 1572835533 2.1242260099999996e-06 2542835646 3099973400 1.4e-08 2789348510 1.413836e-08 1371202285 1.413836e-08 
2483781.0 1 1572835533 2.1383643599999996e-06 1371202285 
2503629.0 1 373638573 1.00000002791 2906924538 
2504779.0 0 1572835533 2.138364e-06 2789348510 
2505578.0 1 3150846686 8.2754702e-07 2898323513 
2552445.0 1 1572835533 2.15250236e-06 2789348510 
2579489.0 3 1458665800 2.484463e-08 907719639 629078091 1.709954e-08 
2595078.0 2 2521380987 1.57422e-08 4285585893 754560055 1.4e-08 
2612473.0 3 1945735688 1.399999e-08 3016084464 1737134642 1.436848e-08 37613351 1.436848e-08 
2631094.0 0 283080478 4.231668e-08 3732071459 
2633272.0 2 2961226102 2.127848e-08 37613351 3434666020 1.4e-08 
2645760.0 1 1572835533 2.2007150400000003e-06 1458432161 
2645827.0 0 3732071459 2.791e-08 2521380987 
2648350.0 2 1502094437 3.806459e-08 1444500749 2369258877 1.775541e-08 
2683837.0 0 2883513480 2.091e-08 629078091 
2696399.0 1 373638573 1.00000001458727 2875471576 
2696594.0 1 373638573 1.00000002791 732124878 
2710286.0 3 690117576 1.458727e-08 754560055 3563522875 1.4e-08 
2711349.0 1 1572835533 2.2147150000000004e-06 4096225443 
2720961.0 0 2961226102 2.127848e-08 1945735688 
2743723.0 0 1072840122 1.538109e-08 3063534263 
2755449.0 0 1837234470 2.187606e-08 1737134642 
2765024.0 0 1458665800 2.484463e-08 1906851972 
2775145.0 0 1458665800 2.484463e-08 1906851972 
2777822.0 1 3150846686 8.5670593e-07 3459374364 
2781606.0 2 4122240121 2.2772380000000002e-08 1737134642 249728555 1.4e-08 
2784966.0 3 3063534263 1.488901e-08 3363823620 4285226245 1.4e-08 
2793024.0 1 1572835533 2.242625e-06 1019134040 
2795068.0 2 2555962951 3.789506600000001e-07 4031050948 2707460946 1.757224e-08 2606325002 1.43938e-08 1541925803 1.43938e-08 2024675612 1.43938e-08 1292023300 1.43938e-08 3302973195 1.43938e-08 875106938 1.43938e-08 3314075649 1.43938e-08 2589646060 1.43938e-08 3433591204 1.43938e-08 1848242772 1.43938e-08 250719570 1.43938e-08 2681498831 1.43938e-08 481808867 1.43938e-08 2066612683 1.43938e-08 3458484829 1.43938e-08 2719204682 1.43938e-08 4256642775 1.43938e-08 2449448537 1.43938e-08 463844675 1.43938e-08 3167902617 1.43938e-08 579073438 1.43938e-08 3468130899 1.43938e-08 393090083 1.43938e-08 2343849308 1.43938e-08 1055469694 1.43938e-08 
2796640.0 1 3150846686 8.707059e-07 3434666020 
2807433.0 1 2555962951 3.933444e-07 393090083 
2808828.0 1 3373526895 1.1633789200000001e-06 1743198400 
2815170.0 1 373638573 1.00000002791 1664502715 
2825309.0 0 2046083849 2.791e-08 3099973400 
2833310.0 0 769686034 8.373e-08 3121292019 
2835164.0 1 1572835533 2.270535e-06 2620740164 
2836037.0 1 1572835533 2.3085995900000002e-06 1502094437 
2836769.0 2 1913762779 1.5136990000000002e-08 4187488967 627452446 1.4e-08 
2875563.0 1 1075699702 9.5341363e-07 3604532305 
2888964.0 1 1075699702 9.674136e-07 3099973400 
2903917.0 1 1075699702 9.8405618e-07 174500547 
2923062.0 2 375852842 1.50881e-08 921818415 2014426858 1.4e-08 
2936391.0 0 1035956119 1.506164e-08 3687573659 
2937254.0 1 1572835533 2.32296673e-06 965372172 
2944944.0 2 1572835533 3.2288724000000004e-06 1075699702 2716949832 1.563016e-08 552634658 1.563016e-08 3736523900 1.563016e-08 2213923665 1.563016e-08 1503202005 1.563016e-08 
2947326.0 1 1572835533 3.2445021600000002e-06 552634658 
2950777.0 3 2369258877 1.775541e-08 2138100036 3202152185 1.4e-08 
2956104.0 1 1572835533 3.26013216e-06 3736523900 
2957856.0 3 1913762779 1.513699e-08 2014426858 2622395779 1.4e-08 
2960929.0 0 3150846686 8.707059e-07 1761715697 
2984102.0 0 3150846686 8.707059e-07 2961226102 
2988741.0 0 2519559028 3.3492e-07 4119421155 
2992180.0 1 1572835533 3.27576216e-06 1503202005 
3010084.0 3 375852842 1.508811e-08 3633199892 3607413901 1.4e-08 
3015497.0 0 3004792470 4.492606e-07 1869365069 
3021671.0 1 1572835533 3.29139316e-06 2716949832 
3022842.0 1 1572835533 3.305393e-06 2622395779 
3045174.0 3 4061687915 1.4000010000000001e-08 1820499179 649593533 1.413836e-08 66987975 1.413836e-08 
3048896.0 0 3116505811 2.791e-08 1072840122 
3067580.0 2 3986570268 1.759658e-08 690117576 483021244 1.4e-08 
3085968.0 2 1751902433 1.5062e-08 3121292019 3707800333 1.4e-08 
3090408.0 1 1572835533 3.3333030000000002e-06 1327969783 
3100819.0 3 283080478 3.101988e-08 3687573659 3528190190 2.52968e-08 
3102176.0 0 3373526895 1.163379e-06 2961226102 
3102788.0 3 1651612823 2.726966e-08 781549661 2185291493 1.464034e-08 
3113800.0 1 283080478 5.631668e-08 3528190190 
3137136.0 0 283080478 5.631668e-08 249728555 
3151300.0 1 3150846686 8.847059e-07 4285226245 
3158340.0 1 1572835533 3.361213e-06 2046083849 
3174720.0 1 1572835533 3.375213e-06 3563522875 
3174855.0 0 3775452048 2.791e-08 3116505811 
3187014.0 0 3373526895 1.163379e-06 611212867 
3187989.0 2 3150846686 8.847059e-07 283080478 550176535 1.4e-08 1674415855 1.410556e-08 4287239676 1.410556e-08 3884987045 1.410556e-08 
3204323.0 1 1572835533 3.39084316e-06 2213923665 
3205038.0 0 3150846686 8.847059e-07 3884987045 
3224102.0 1 3150846686 8.9881146e-07 4287239676 
3227580.0 1 3004792470 4.6604286e-07 3783228500 
3233781.0 1 2555962951 4.0773819999999995e-07 2449448537 
3239214.0 0 3150846686 8.988115e-07 550176535 
3242410.0 1 3373526895 1.177379e-06 29350397 
3246379.0 3 3607413901 1.4e-08 37051273 1960974751 1.4e-08 
3275855.0 1 3373526895 1.19148456e-06 1674415855 
3300054.0 0 2343849308 1.43938e-08 4028593304 
3311686.0 0 313359544 1.466659e-08 1945735688 
3323764.0 2 2799798816 1.34403052e-06 2519559028 309459595 1.439674e-08 2348040613 1.439674e-08 
3327296.0 0 3534547045 7.773513e-07 1866926464 
3329206.0 1 3373526895 1.21276348e-06 2961226102 
3342794.0 1 1572835533 3.411753e-06 410848061 
3347737.0 1 373638573 1.000000014 1866926464 
3353049.0 0 3150846686 8.988115e-07 3732071459 
3369819.0 1 2799798816 1.358031e-06 3707800333 
3389539.0 0 3373526895 1.212763e-06 550176535 
3402295.0 1 1572835533 3.425753e-06 766581564 
3406377.0 3 1634407402 1.436787e-08 550176535 3180086772 1.4e-08 
3418351.0 1 1068020906 0.00095463491 1347872676 
3501441.0 1 3373526895 1.22697361e-06 1896745001 
3512184.0 1 3150846686 9.1291706e-07 3884987045 
3521721.0 0 3775452048 2.791e-08 3986570268 
3550356.0 3 3004792470 3.756164e-07 2440120768 3833074883 1.462464e-08 1462644303 1.462464e-08 4088625113 1.462464e-08 1237914369 1.462464e-08 2733144751 1.462464e-08 1649557018 1.462464e-08 1831065885 1.462464e-08 79461789 1.462464e-08 1621314342 1.462464e-08 2016090987 1.462464e-08 
3550400.0 0 3004792470 3.756164e-07 79461789 
3564525.0 3 1831065885 1.462464e-08 3180086772 1553963666 1.4e-08 
3585541.0 1 1572835533 3.44037764e-06 79461789 
3588486.0 0 1572835533 3.440378e-06 1237914369 
3611002.0 1 179097684 4.937466e-07 1761715697 
3613283.0 3 4231632140 1.4e-08 3986570268 1002680420 1.459172e-08 734120091 1.459172e-08 2475979558 1.459172e-08 
3623400.0 1 1572835533 3.45496972e-06 1002680420 
3660545.0 0 2883513480 2.091e-08 1831065885 
3662340.0 0 2883513480 2.091e-08 483021244 
3671226.0 0 3150846686 9.12917e-07 1960974751 
3672213.0 1 3150846686 9.2699632e-07 2848685905 
3683547.0 1 2555962951 4.22132e-07 2066612683 
3695396.0 0 1553963666 1.4e-08 1960974751 
3720371.0 1 1572835533 3.4689690000000004e-06 4240624600 
3722216.0 1 3150846686 9.4188531e-07 3063534263 
3732526.0 1 373638573 1.00000002791 3732071459 
3733225.0 1 3150846686 9.558853e-07 1960974751 
3767630.0 1 1572835533 3.4831073599999998e-06 649593533 
3773638.0 1 1572835533 3.497108e-06 3607413901 
3799533.0 0 3150846686 9.558853e-07 1553963666 
3824182.0 0 3004792470 3.756164e-07 3707879645 
3828374.0 1 3373526895 1.24134187e-06 1634407402 
3831893.0 1 3373526895 1.25570987e-06 611212867 
3882526.0 3 1237914369 1.462464e-08 4231632140 2649056468 1.4e-08 
3884426.0 1 373638573 1.000000014 728028737 
3884850.0 1 1237914369 2.8624639999999998e-08 2649056468 
3905885.0 0 3150846686 9.558853e-07 1072840122 
3942735.0 0 3150846686 9.558853e-07 40245973 
4065672.0 1 3150846686 9.704770200000001e-07 734120091 
4167496.0 0 2369258877 1.775541e-08 302486611 
4169667.0 1 1572835533 3.5111080000000004e-06 483021244 
4172960.0 2 2013640095 2.1570900000000003e-08 1462644303 3381587904 1.4e-08 
4270071.0 2 2013640095 2.270043e-08 4260098875 175860597 1.4e-08 
4280473.0 1 3150846686 9.8510174e-07 3833074883 
4336765.0 0 1572835533 3.511108e-06 1837234470 
4356194.0 1 1572835533 3.53298406e-06 1837234470 
4368342.0 1 2799798816 1.37227964e-06 2892683898 
4375109.0 1 1572835533 3.546984e-06 395113485 
4526899.0 1 3373526895 1.26971e-06 1553963666 
4532514.0 3 1572835533 3.5469839e-06 3004792470 1089013536 1.4e-08 552498239 1.446466e-08 481049431 1.446466e-08 2950407739 1.446466e-08 72955594 1.446466e-08 1771264541 1.446466e-08 2353028958 1.446466e-08 2980075456 1.446466e-08 3449694611 1.446466e-08 1194638860 1.446466e-08 114837353 1.446466e-08 2341758500 1.446466e-08 651046398 1.446466e-08 2780384598 1.446466e-08 1061526795 1.446466e-08 3342541004 1.446466e-08 1577969976 1.446466e-08 695939830 1.446466e-08 229435916 1.446466e-08 1850435983 1.446466e-08 19131048 1.446466e-08 2426951832 1.446466e-08 3089865955 1.446466e-08 3526559023 1.446466e-08 73116178 1.446466e-08 2654473721 1.446466e-08 
4532634.0 1 1572835533 3.5614486600000002e-06 3089865955 
4532641.0 1 1572835533 3.57591266e-06 1194638860 
4533069.0 1 1572835533 3.5903776600000002e-06 651046398 
4533786.0 1 1572835533 3.6048426600000004e-06 3449694611 
4536254.0 1 1572835533 3.6193066600000002e-06 2950407739 
4539122.0 0 1572835533 3.619307e-06 2341758500 
4567445.0 0 19131048 1.446466e-08 1850435983 
4572141.0 3 2799798816 1.37227896e-06 426576124 2564127097 1.4e-08 3554620561 1.472778e-08 2789301560 1.472778e-08 3201932102 1.472778e-08 3527214469 1.472778e-08 224410298 1.472778e-08 3967778277 1.472778e-08 1759850032 1.472778e-08 2704180049 1.472778e-08 287394855 1.472778e-08 2670951229 1.472778e-08 2367820772 1.472778e-08 771359632 1.472778e-08 4186562710 1.472778e-08 3211480542 1.472778e-08 346987663 1.472778e-08 1922039940 1.472778e-08 2110688926 1.472778e-08 1314810707 1.472778e-08 
4574224.0 1 1572835533 3.6337716600000004e-06 3526559023 
4580237.0 1 1572835533 3.64823666e-06 2341758500 
4590983.0 1 1572835533 3.66270066e-06 72955594 
4596079.0 0 2780384598 1.446466e-08 1089013536 
4601794.0 0 2063946235 1.458727e-08 2980075456 
4604021.0 1 1068020906 0.0009546492938 3433591204 
4605920.0 0 2733144751 1.462464e-08 875106938 
4612068.0 1 1572835533 3.67716566e-06 73116178 
4613015.0 1 1572835533 3.69163066e-06 2654473721 
4618921.0 0 3150846686 9.851017e-07 175860597 
4629851.0 1 2799798816 1.38700678e-06 2670951229 
4635182.0 0 3241671100 2.791e-08 2016090987 
4635350.0 0 937177227 1.436787e-08 561528368 
4638493.0 1 2799798816 1.40173478e-06 771359632 
4640569.0 0 346987663 1.472778e-08 3211480542 
4654770.0 3 4122240121 2.277238e-08 1089013536 2472898255 1.4e-08 
4668234.0 0 1651612823 2.726966e-08 1771264541 
4672857.0 1 2799798816 1.42900466e-06 1651612823 
4677211.0 1 1572835533 3.70563e-06 175860597 
4691113.0 1 1572835533 3.7200946600000003e-06 552498239 
4701802.0 0 1572835533 3.720095e-06 3381587904 
4734813.0 1 1572835533 3.73455966e-06 2353028958 
4765376.0 1 3534547045 7.9197594e-07 1831065885 
4789866.0 0 3150846686 9.851017e-07 114837353 
4792427.0 0 3381587904 1.4e-08 561528368 
4820310.0 1 1572835533 3.76247e-06 3116505811 
4840062.0 0 2367820772 1.472778e-08 2789301560 
4852203.0 1 3150846686 9.991017e-07 2472898255 
4853409.0 1 1572835533 3.77693466e-06 481049431 
4900526.0 0 2348040613 1.439674e-08 1867247157 
4985983.0 1 3373526895 1.28433464e-06 2733144751 
4991579.0 1 1572835533 3.7915586399999997e-06 1649557018 
5011757.0 1 1572835533 3.80628678e-06 2367820772 
5035310.0 1 1572835533 3.820287e-06 3202152185 
5083283.0 2 1072840122 1.584575e-08 114837353 3459912306 1.4e-08 
5140812.0 2 2027098952 2.1374660000000002e-08 2426951832 1598213090 1.4e-08 
5145475.0 0 4122240121 2.277238e-08 1621314342 
5162871.0 1 1572835533 3.83491164e-06 4088625113 
5187913.0 1 1572835533 3.849375659999999e-06 2780384598 
5277161.0 3 1867247157 1.4e-08 40245973 1495382923 1.4e-08 
5301365.0 0 2555962951 4.22132e-07 2789301560 
5321221.0 1 1572835533 3.8653993100000005e-06 3707879645 
5352380.0 3 1572835533 3.86539899e-06 3108364485 722767024 1.4e-08 515125813 1.424864e-08 1298902656 1.424864e-08 
5360089.0 2 229435916 1.4477579999999999e-08 2348040613 3532628785 1.438382e-08 
5365138.0 1 1572835533 3.87964764e-06 515125813 
5369435.0 0 1621314342 1.462464e-08 2451350669 
5374437.0 1 1572835533 3.89740341e-06 2369258877 
5378843.0 1 1572835533 3.91165164e-06 1298902656 
5390559.0 1 3373526895 1.31295864e-06 1237914369 
5415592.0 3 2883513480 1.879987e-08 2063946235 826924968 1.66974e-08 
5434710.0 1 2799798816 1.44373278e-06 3201932102 
5438007.0 1 1572835533 3.9260457999999995e-06 2343849308 
5483779.0 1 3150846686 1.0131017e-06 3459912306 
5496273.0 1 1068020906 0.000955071432 2555962951 
5628289.0 2 875106938 1.4642440000000001e-08 3697249003 3190311976 1.4e-08 
5637379.0 1 2799798816 1.45845978e-06 3211480542 
5667878.0 1 1572835533 3.94051066e-06 695939830 
5698738.0 1 1572835533 3.95451e-06 1867247157 
5738897.0 1 373638573 1.0000000143938 579073438 
5761306.0 3 769686034 7.103236999999999e-08 1913762779 841878026 2.783462e-08 
5790258.0 1 1572835533 3.9692377799999994e-06 2704180049 
5805276.0 1 1572835533 3.9837026599999996e-06 2980075456 
5814469.0 0 309459595 1.439674e-08 722767024 
5860830.0 0 826924968 1.66974e-08 3342541004 
5924373.0 1 1572835533 3.99834544e-06 875106938 
5941388.0 0 3373526895 1.312959e-06 3241671100 
5945501.0 0 3823443426 2.791e-08 229435916 
5951852.0 1 1068020906 0.0009550859099 1543523724 
5959835.0 3 769686034 5.333092000000001e-08 19131048 2747938267 1.608305e-08 3177521820 1.608305e-08 
5977836.0 1 1572835533 4.012345e-06 1945735688 
5988931.0 0 1759850032 1.472778e-08 2589646060 
6002322.0 1 3150846686 1.027102e-06 4061687915 
6015816.0 0 2027098952 2.137466e-08 313359544 
6025352.0 1 1572835533 4.02707278e-06 2110688926 
6033087.0 1 1572835533 4.054983e-06 3775452048 
6064330.0 0 3696843781 1.507586e-08 1541925803 
6096806.0 1 373638573 1.00000001602331 1565786989 
6133340.0 0 1314810707 1.472778e-08 627452446 
6137762.0 1 373638573 1.000000014 3381587904 
6214270.0 0 1572835533 4.054983e-06 2016090987 
6268690.0 3 1055469694 1.43938e-08 722767024 3363025910 1.4e-08 
6268786.0 0 302486611 1.506164e-08 2016090987 
6281205.0 3 2250879299 2.791e-08 2451350669 1290268226 1.4e-08 
6284940.0 3 1314810707 1.463744e-08 1292023300 764400056 1.448414e-08 
6295941.0 1 1572835533 4.06944766e-06 1061526795 
6304073.0 1 3373526895 1.3280206400000002e-06 302486611 
6331071.0 3 4119421155 1.506393e-08 1290268226 1517815290 1.4e-08 
6344746.0 2 1458665800 2.522845e-08 3532628785 66064165 1.4e-08 
6369887.0 2 1072840122 1.647039e-08 2016090987 2766526296 1.4e-08 
6388515.0 1 3373526895 1.34449139e-06 1072840122 
6455114.0 1 1572835533 4.083448e-06 1517815290 
6459359.0 0 2883513480 1.879987e-08 3190311976 
6462888.0 1 2799798816 1.47246e-06 3363025910 
6491062.0 0 1572835533 4.083448e-06 1495382923 
6513801.0 0 3150846686 1.027102e-06 561528368 
6555041.0 0 1572835533 4.083448e-06 3527214469 
6589726.0 0 3150846686 1.027102e-06 2883513480 
6643252.0 1 1572835533 4.11128262e-06 841878026 
6676126.0 1 1572835533 4.12575957e-06 229435916 
6694307.0 0 1572835533 4.12576e-06 561528368 
6695649.0 1 373638573 1.00000002091 1461359102 
6697119.0 2 2883513480 1.919367e-08 1848242772 2454553876 1.4e-08 
6711707.0 1 3150846686 1.041102e-06 1495382923 
6776716.0 1 1572835533 4.14495367e-06 2883513480 
6777816.0 0 1458665800 2.522845e-08 561528368 
6869224.0 3 2250879299 2.5620009999999997e-08 1577969976 1923515514 1.675465e-08 
7090755.0 1 2250879299 3.962001e-08 2454553876 
7092665.0 1 3373526895 1.358491e-06 561528368 
7118733.0 0 1923515514 1.675465e-08 2766526296 
7126716.0 1 373638573 1.00000001464034 2185291493 
7177143.0 1 1572835533 4.15941866e-06 3342541004 
7292055.0 1 1572835533 4.173811799999999e-06 1541925803 
7361964.0 1 1572835533 4.187812e-06 1541946641 
7394663.0 3 287394855 1.472778e-08 66064165 3339828518 1.4e-08 
7442351.0 1 373638573 1.000000014 627452446 
7767032.0 0 1572835533 4.187812e-06 1850435983 
7792685.0 1 1572835533 4.20227666e-06 1850435983 
7914410.0 1 373638573 1.00000001463744 1314810707 
7960506.0 1 373638573 1.0000000143938 2589646060 
8094391.0 1 373638573 1.00000002791 3823443426 
8249723.0 1 373638573 1.00000001472778 287394855 
8332261.0 0 3150846686 1.041102e-06 1458665800 
8455546.0 3 3339828518 1.4e-08 1593891639 105819081 1.4e-08 
8488576.0 1 373638573 1.00000001472778 3527214469 
8498128.0 2 826924968 1.776133e-08 4119421155 533433650 1.4e-08 
8770099.0 1 3373526895 1.38371945e-06 1458665800 
8993442.0 0 2766526296 1.4e-08 2564127097 
9009206.0 1 373638573 1.00000001472778 2789301560 
9030609.0 0 2013640095 2.270042e-08 826924968 
9181522.0 1 1068020906 0.00095510058727 3303338876 
9441545.0 1 1572835533 4.22504938e-06 4122240121 
9550572.0 1 2799798816 1.48685674e-06 309459595 
9568879.0 1 1572835533 4.24011099e-06 1751902433 
9692920.0 0 1572835533 4.240111e-06 3339828518 
9695559.0 0 3534547045 7.919759e-07 66987975 
9872577.0 1 3534547045 8.061142600000001e-07 66987975 
