1.060878 1 3534547045 3.0701e-07 1731090175 
2.058075 1 561528368 5.582e-08 3498415124 
3.784689 1 3373526895 3.0701e-07 1134175585 
123.4647 1 1790255658 5.582e-08 259930472 
141.6707 0 3919821980 2.791e-08 3841896594 
158.0676 1 3534547045 3.3492e-07 925199572 
191.3578 0 725558489 2.791e-08 3326748277 
273.9671 1 2235064901 3.0701e-07 1379399837 
328.8958 1 2984600922 3.0701e-07 732124878 
336.5559 1 3373526895 3.3492e-07 632754209 
363.3708 1 242414939 5.582e-08 2693713428 
421.8225 1 4259593397 3.0701e-07 598947138 
485.2079 1 2246051850 3.0701e-07 688805295 
533.3895 1 3373526895 3.6283e-07 3841896594 
924.4061 1 1631081845 5.582e-08 3919821980 
935.5798 1 545239233 3.0701e-07 1123501568 
1036.384 1 129185354 5.582e-08 3279231079 
1230.334 1 384163328 5.582e-08 717226258 
1400.856 1 3737780296 3.0701e-07 3736894086 
1402.348 1 3004792470 3.0701e-07 1963165541 
1429.544 1 3004792470 3.3492e-07 164438789 
1440.412 1 1661091397 5.582e-08 780264402 
1453.706 1 3150846686 3.0701e-07 3326748277 
1977.913 1 2235064901 3.3492e-07 870323177 
1983.63 0 2480932170 2.791e-08 3241671100 
2099.322 1 2455496064 5.582e-08 1735432893 
2265.062 0 3800234335 2.791e-08 3126241903 
2339.548 1 1572835533 3.0701e-07 197654791 
2377.838 0 2235064901 3.3492e-07 2125112500 
2590.174 0 2984600922 3.0701e-07 3382444416 
2665.246 0 426576124 2.791e-07 1866926464 
2753.675 1 501991070 5.582e-08 921425487 
3031.468 1 2799798816 3.0701e-07 4046076794 
3040.622 1 1019134040 5.582e-08 2046083849 
3042.798 1 40245973 5.582e-08 1516068388 
3365.929 1 3150846686 3.3492e-07 3150420704 
3479.661 1 4259593397 3.3492e-07 3953846011 
3557.132 1 3921011129 3.0701e-07 3257166052 
3761.035 1 3621383820 5.582e-08 778035964 
4085.013 1 2799798816 3.3492e-07 1503861029 
4421.229 0 2835620284 2.791e-08 2125112500 
4441.049 1 4259593397 3.6283e-07 1156624510 
4486.196 0 2235064901 3.3492e-07 4231632140 
4529.556 1 1572835533 3.6283e-07 242414939 
5138.554 1 1572835533 3.9073999999999996e-07 3241671100 
5170.107 1 3621383820 8.373e-08 2178051842 
5326.416 1 4031050948 3.0701e-07 911013108 
5383.356 1 4259593397 3.9073999999999996e-07 3129006749 
5743.982 1 2235064901 3.6283e-07 3084497907 
5758.032 1 1738899943 5.582e-08 486050091 
5875.191 1 545239233 3.3492e-07 2308721517 
5919.496 1 129185354 8.373e-08 1434594601 
6070.349 0 1661091397 5.582e-08 3938221642 
6363.577 1 561528368 8.373e-08 3732071459 
6780.292 0 3232700421 2.791e-08 725558489 
6893.433 1 1222799196 3.0701e-07 2487301543 
7272.879 0 811613008 2.791e-08 3736601249 
7299.878 1 3737780296 3.3492e-07 3490627259 
8279.267 1 3373526895 4.1864999999999995e-07 1631081845 
8366.874 1 2235064901 3.9073999999999996e-07 3116505811 
8412.578 1 949068759 5.582e-08 2480932170 
8517.686 1 3126241903 5.582e-08 3938221642 
8517.889 1 2340740170 3.0701e-07 314650893 
8917.114 1 2455496064 1.1164e-07 3126241903 
9026.261 3 2455496064 1.1163999999999999e-07 1738899943 3687573659 3.107053e-08 3196256300 2.474947e-08 
9064.583 1 545239233 3.6283e-07 257754683 
9079.211 1 1075699702 3.0701e-07 2263814062 
9134.192 0 2340740170 3.0701e-07 2932274237 
9206.033 1 2455496064 1.4271053e-07 3687573659 
9356.683 1 2349140130 5.582e-08 3749853089 
9768.407 0 905418128 2.791e-08 3114612365 
9951.481 1 4122240121 5.582e-08 1037584679 
10055.05 0 3061883439 2.791e-08 387772665 
10073.44 0 501991070 5.582e-08 754869367 
10197.49 0 3061883439 2.791e-08 387772665 
10216.2 1 3534547045 3.9073999999999996e-07 1661091397 
10300.6 1 287801793 5.582e-08 4263717482 
10472.54 1 4259593397 4.1865e-07 1458665800 
10777.49 1 3150846686 3.6283e-07 725558489 
10981.65 0 1465560917 2.791e-07 3774459889 
11115.17 0 1465560917 2.791e-07 3774459889 
11505.58 0 2235064901 3.9074e-07 4231632140 
11547.58 1 1572835533 4.1865e-07 1502094437 
11901.02 1 3373526895 4.4656e-07 3908154577 
12250.07 1 1068020906 0.0009543279100000001 4274934102 
12251.12 1 1068020906 0.0009543558100000001 1498734392 
12376.08 1 2340740170 3.3492e-07 3114612365 
12413.76 1 3921011129 3.3492e-07 3061883439 
12823.22 0 1327969783 2.791e-08 511603307 
13222.22 1 1222799196 3.3492e-07 1541946641 
13582.19 1 561528368 1.1164e-07 953296898 
14153.97 3 4122240121 5.581999999999999e-08 1790255658 848448836 4.112912e-08 2211003714 1.469088e-08 
14571.04 0 2984600922 3.0701e-07 4061687915 
14587.51 0 3921011129 3.3492e-07 1494141940 
15035.0 1 4259593397 4.4656e-07 1986278615 
15477.49 0 3921011129 3.3492e-07 858320168 
15677.56 1 3150846686 3.9073999999999996e-07 3232700421 
16156.97 1 545239233 3.9073999999999996e-07 2932274237 
16622.07 1 1584276479 5.582e-08 331336395 
16665.51 0 949068759 5.582e-08 2451350669 
16761.2 1 2519559028 3.0701e-07 1533953788 
17149.95 0 3621383820 8.373e-08 387772665 
17257.14 1 1068020906 0.00095441162 501991070 
17290.13 1 561528368 1.3955e-07 2409063466 
17930.81 0 2340740170 3.3492e-07 905418128 
17935.35 1 1572835533 4.4656e-07 770580294 
18127.9 1 2799798816 3.9073999999999996e-07 1019134040 
18595.71 0 4031050948 3.0701e-07 1239791232 
18675.99 1 476505668 3.0701e-07 385785803 
18908.33 1 3004792470 3.6283e-07 3891448235 
19213.12 1 3737780296 3.6283e-07 3736601249 
19775.98 1 1075699702 3.3492e-07 102901530 
20502.12 1 2246051850 3.3492e-07 2718413753 
20838.88 1 1222799196 3.6283e-07 869234806 
21156.21 1 1465560917 3.2022912e-07 848448836 
21623.63 0 2235064901 3.9074e-07 2859795595 
22496.24 0 4122240121 5.582e-08 3774459889 
23705.0 0 3800234335 2.791e-08 3196256300 
23806.77 0 741863299 2.791e-08 3933289935 
23831.21 1 2246051850 3.6283e-07 2937387076 
24046.81 1 2799798816 4.1865e-07 2919643181 
24113.2 1 2235064901 4.1865e-07 2859795595 
24355.0 0 3889879026 2.791e-08 2038493855 
24371.46 0 1444500749 2.791e-08 2779686750 
24404.5 1 4259593397 4.7447e-07 810769555 
24514.32 1 3150846686 4.1865e-07 1493201942 
26905.2 1 2519559028 3.3492e-07 825415804 
28032.56 1 1494141940 5.582e-08 387772665 
29134.88 0 3737780296 3.6283e-07 4061687915 
29501.95 1 3150846686 4.4656e-07 245436729 
29545.66 0 1572835533 4.4656e-07 343742982 
30819.25 0 3921011129 3.3492e-07 3421887303 
31053.15 1 3534547045 4.1865e-07 3800234335 
31203.54 1 1572835533 5.0238e-07 384163328 
32619.17 1 1068020906 0.0009546907 618276123 
33592.75 0 1222799196 3.6283e-07 1327969783 
34599.38 1 4259593397 5.0238e-07 2870158420 
35870.27 1 3373526895 4.7130947e-07 3196256300 
36156.18 1 3921011129 3.6283e-07 3421887303 
36474.92 0 3889879026 2.791e-08 2393342300 
37226.03 0 1222799196 3.6283e-07 3775452048 
38169.97 1 2349140130 8.373e-08 2393342300 
38334.95 0 545239233 3.9074e-07 3707189490 
40711.6 1 3150846686 4.7447e-07 2737363250 
40775.07 0 862710978 2.791e-08 1206764858 
40866.92 1 426576124 3.0701e-07 3384709749 
41217.45 0 862710978 2.791e-08 4252347608 
41488.63 0 2349140130 8.373e-08 2038493855 
42300.8 1 2349140130 1.1164e-07 3889879026 
42328.63 0 545239233 3.9074e-07 3707189490 
42630.53 1 4259593397 5.302900000000001e-07 659524895 
44131.71 1 3833318790 5.582e-08 1347872676 
44921.9 0 3616865126 2.791e-08 2125112500 
45429.73 0 3616865126 2.791e-08 2125112500 
45710.61 0 2870037616 2.791e-08 6723929 
47066.63 1 2406269022 5.582e-08 4252347608 
47182.86 1 2757833455 5.582e-08 126484229 
47195.51 0 179097684 2.791e-07 1206764858 
47619.72 0 2246051850 3.6283e-07 2870037616 
47779.47 1 2799798816 4.4656e-07 838860310 
47866.86 0 179097684 2.791e-07 1206764858 
48115.37 0 179097684 2.791e-07 1206764858 
48125.5 0 2246051850 3.6283e-07 2870037616 
48818.7 2 3621383820 8.373e-08 1494141940 2916276788 1.4e-08 3696193412 2.091e-08 15308464 2.091e-08 
49488.26 1 2235064901 4.3956e-07 15308464 
50189.9 0 2340740170 3.3492e-07 941534069 
51202.09 1 2235064901 4.6747e-07 1425083048 
51248.08 0 2528553283 2.791e-08 3424908067 
51279.56 3 1222799196 3.6282999e-07 949068759 1239307652 2.018793e-08 1945448119 1.781604e-08 3396227953 1.781604e-08 
51462.02 1 2669757562 5.582e-08 2261252686 
51499.45 0 1465560917 3.202291e-07 2542835646 
52037.34 1 1222799196 3.8064604e-07 3396227953 
52336.42 2 3150846686 4.7447e-07 287801793 3321237907 1.4e-08 3187199216 2.091e-08 3330100144 2.091e-08 
54246.31 1 2528553283 5.582e-08 3424908067 
55535.82 0 2246051850 3.6283e-07 343742982 
55697.13 1 3150846686 4.8847e-07 3321237907 
56547.16 1 1068020906 0.0009547186100000001 2729381062 
57417.26 0 3921011129 3.6283e-07 2916276788 
58731.99 1 2340740170 4.7447e-07 561528368 
59620.57 0 3268335666 2.791e-08 3176785673 
61425.47 0 545239233 3.9074e-07 941534069 
62065.79 1 2956861855 5.582e-08 3268335666 
62494.68 0 1465560917 3.202291e-07 2451350669 
62824.89 0 2956861855 5.582e-08 199935986 
62881.95 0 1075699702 3.3492e-07 1227575429 
63098.33 1 2984600922 3.3492e-07 3919026803 
63630.75 1 476505668 3.3492e-07 253808213 
63903.78 0 2340740170 4.7447e-07 2779686750 
64832.22 0 1222799196 3.80646e-07 2408568032 
64900.83 0 3150846686 4.8847e-07 905418128 
69552.87 1 4259593397 5.582e-07 3933289935 
70249.14 0 2340740170 4.7447e-07 2779686750 
71189.45 0 2246051850 3.6283e-07 1321648343 
72325.32 1 3373526895 5.271295e-07 1584276479 
72481.13 1 3621383820 1.0463999999999999e-07 3187199216 
73514.95 1 4122240121 7.363604e-08 1945448119 
74202.96 1 545239233 4.1865e-07 941534069 
74754.35 1 3800257563 3.0701e-07 251961497 
74957.56 0 2519559028 3.3492e-07 3037779432 
75465.29 0 3621383820 1.0464e-07 1444500749 
76079.48 1 1222799196 4.08556e-07 3357643131 
79549.19 0 2455496064 1.427105e-07 582973675 
81647.57 0 3833318790 5.582e-08 4061687915 
82758.55 0 2681375347 2.791e-08 843517319 
85408.44 0 3373526895 5.271295e-07 582973675 
85901.48 1 2455496064 1.706205e-07 582973675 
86075.03 0 265770918 2.791e-08 3382444416 
86136.56 1 2799798816 4.7447e-07 290926289 
88545.7 0 3747246174 2.791e-08 1206764858 
90953.4 1 2349140130 1.6746e-07 2528553283 
91516.17 1 2406269022 8.373e-08 862710978 
92091.52 1 2406269022 1.1164e-07 1206764858 
92233.45 0 1222799196 4.08556e-07 3555679070 
93603.76 0 3004792470 3.6283e-07 739080713 
93654.73 0 1222799196 4.08556e-07 3555679070 
102840.2 0 3616865126 2.791e-08 2125112500 
104080.1 0 905418128 2.791e-08 3330100144 
104328.3 0 3774459889 2.791e-08 1434498202 
105481.0 1 2235064901 4.9538e-07 3707189490 
106780.7 0 545239233 4.1865e-07 905418128 
107670.7 0 888311950 2.791e-08 739080713 
110296.9 1 2984600922 3.6283e-07 3245569981 
113301.3 1 1572835533 5.1707088e-07 2211003714 
117025.1 0 3621383820 1.0464e-07 482917538 
120562.7 3 3534547045 4.1864995000000004e-07 2455496064 310481256 6.798564e-08 817087088 1.466213e-08 551137729 1.466213e-08 1218250404 1.466213e-08 1035956119 1.466213e-08 1211996162 1.466213e-08 188552836 1.466213e-08 2029773149 1.466213e-08 
120585.6 1 3534547045 4.3331213e-07 188552836 
120630.6 1 3534547045 4.4797423e-07 2029773149 
120853.0 0 3534547045 4.479743e-07 817087088 
121275.0 1 3534547045 4.6263643e-07 817087088 
121583.2 1 3534547045 4.7729853e-07 1211996162 
121785.3 1 3373526895 5.480395e-07 3696193412 
122160.9 1 3534547045 4.9196063e-07 1035956119 
123734.7 1 1068020906 0.0009547466100000001 2250757420 
123844.1 0 2349140130 1.6746e-07 2038493855 
124321.1 1 2349140130 1.9536999999999998e-07 2038493855 
125469.0 1 3373526895 5.6270163e-07 1218250404 
126435.3 0 2451350669 2.791e-08 343742982 
128974.4 1 2235064901 5.232900000000001e-07 858320168 
129323.4 0 2406269022 1.1164e-07 3747246174 
130125.0 1 2440120768 5.582e-08 873214132 
130993.5 1 1068020906 0.00095477451 3228084226 
131887.3 0 3004792470 3.6283e-07 3475245566 
133756.3 1 3921011129 3.7682999999999997e-07 2916276788 
134662.6 0 3150846686 4.8847e-07 3616865126 
138589.6 0 2340740170 4.7447e-07 3330100144 
141510.9 2 2799798816 4.7447e-07 2440120768 302486611 1.4e-08 1842102965 2.091e-08 1285693762 2.091e-08 
142717.2 2 2235064901 8.6999228e-07 3921011129 1078741991 1.506386e-08 2723643411 1.506386e-08 
142931.4 0 2779686750 2.791e-08 3616865126 
142940.2 0 2235064901 8.699923e-07 2723643411 
143332.0 1 2235064901 8.850561599999999e-07 2723643411 
144423.4 1 2408568032 5.582e-08 343742982 
144531.6 1 2235064901 9.0011996e-07 1078741991 
146166.5 0 2246051850 3.6283e-07 1481166135 
148680.3 0 2757833455 5.582e-08 1236021306 
149725.0 1 2340740170 5.0238e-07 3071234124 
149728.2 3 3534547045 4.919605600000001e-07 2349140130 1804212609 1.4e-08 438292632 1.511417e-08 2001290253 1.511417e-08 3147695692 1.511417e-08 3179285865 1.511417e-08 2173231515 1.511417e-08 740082705 1.511417e-08 2795063678 1.511417e-08 3642829293 1.511417e-08 2707128518 1.511417e-08 474866315 1.511417e-08 1639799867 1.511417e-08 1026028388 1.511417e-08 
149763.7 0 3534547045 4.919606e-07 438292632 
150142.6 1 3534547045 5.0707477e-07 3147695692 
150167.9 1 3534547045 5.221889700000001e-07 1026028388 
150552.8 0 1465560917 3.202291e-07 3330100144 
150928.4 1 3534547045 5.3730317e-07 2795063678 
151381.9 1 3534547045 5.513031e-07 1804212609 
151588.1 1 3534547045 5.664172700000001e-07 438292632 
152115.7 1 6723929 5.582e-08 2779686750 
152169.2 0 310481256 6.798564e-08 3642829293 
153224.6 1 3534547045 5.8153147e-07 474866315 
153340.1 1 3534547045 5.9664567e-07 2001290253 
153802.0 1 2340740170 6.0702e-07 3621383820 
154261.9 0 1222799196 4.08556e-07 3774459889 
154433.1 1 3373526895 6.3068724e-07 310481256 
156428.8 0 3373526895 6.306872e-07 3642829293 
156929.3 0 2710766136 2.791e-08 811613008 
160284.4 1 3534547045 6.1175977e-07 3642829293 
161716.7 3 2519559028 3.3491996e-07 2555962951 1128056158 1.4e-08 2909632847 1.472778e-08 937177227 1.472778e-08 3393811039 1.472778e-08 611212867 1.472778e-08 1104410542 1.472778e-08 2328232000 1.472778e-08 2999719241 1.472778e-08 1931993247 1.472778e-08 1494850122 1.472778e-08 3414514926 1.472778e-08 2312786130 1.472778e-08 3537925318 1.472778e-08 1634407402 1.472778e-08 3869596591 1.472778e-08 3375523036 1.472778e-08 772925454 1.472778e-08 2215785330 1.472778e-08 3491092596 1.472778e-08 
161824.5 1 2911053862 4.263778e-08 937177227 
163416.6 2 1572835533 5.170709200000002e-07 1222799196 57770090 6.297974e-08 3071577057 1.439901e-08 1452489764 1.439901e-08 4260098875 1.439901e-08 3696843781 1.439901e-08 2138100036 1.439901e-08 1726701215 1.439901e-08 1412415798 1.439901e-08 375852842 1.439901e-08 3593732192 1.439901e-08 3888264012 1.439901e-08 313359544 1.439901e-08 217284033 1.439901e-08 2151269300 1.439901e-08 3913511150 1.439901e-08 2962530363 1.439901e-08 2063946235 1.439901e-08 1172086036 1.439901e-08 690117576 1.439901e-08 3288380490 1.439901e-08 845665321 1.439901e-08 3122982648 1.439901e-08 1471982444 1.439901e-08 3303338876 1.439901e-08 2875471576 1.439901e-08 
163416.6 1 57770090 7.737875e-08 3071577057 
163416.6 1 57770090 9.177776e-08 2875471576 
163963.7 0 1572835533 5.170709e-07 2962530363 
164315.5 1 3534547045 6.2687397e-07 3179285865 
166508.0 1 1572835533 5.3146991e-07 2063946235 
167389.0 1 3373526895 6.4580137e-07 2707128518 
169776.5 3 3150846686 4.8846998e-07 545239233 1738909006 1.846593e-07 356405251 1.462442e-08 2879167783 1.462442e-08 3083352544 1.462442e-08 4198169764 1.462442e-08 821115011 1.462442e-08 2118016430 1.462442e-08 1945735688 1.462442e-08 4093093422 1.462442e-08 2842015324 1.462442e-08 1249238030 1.462442e-08 3214077756 1.462442e-08 879162223 1.462442e-08 3884425642 1.462442e-08 1149406307 1.462442e-08 3528332227 1.462442e-08 4004407106 1.462442e-08 
169776.5 1 1738909006 1.9928372e-07 356405251 
169776.5 1 1738909006 2.1390812e-07 4004407106 
169803.1 0 3150846686 4.8847e-07 3083352544 
169826.6 1 1738909006 2.2853262e-07 3528332227 
169887.5 0 3150846686 4.8847e-07 879162223 
170075.6 1 3150846686 5.0309442e-07 3214077756 
170125.5 1 3150846686 5.1771882e-07 4093093422 
170215.2 1 3150846686 5.3234322e-07 2879167783 
170624.3 0 40245973 5.582e-08 3616865126 
170940.4 1 3150846686 7.608759e-07 1738909006 
171362.0 1 1075699702 3.5510792999999996e-07 1239307652 
171420.2 1 1572835533 5.593799e-07 1434498202 
171575.0 1 1572835533 5.737789100000001e-07 845665321 
172289.4 1 1572835533 5.881779100000001e-07 217284033 
172605.3 0 2118016430 1.462442e-08 821115011 
172837.0 0 2799798816 4.7447e-07 302486611 
173212.7 0 1572835533 5.881779e-07 313359544 
174689.5 1 3150846686 7.7550022e-07 2118016430 
176007.2 1 4259593397 5.8611e-07 1458432161 
177543.5 1 3150846686 7.9012462e-07 879162223 
177649.5 1 1572835533 6.025769100000001e-07 3303338876 
179929.3 0 3737780296 3.6283e-07 1651612823 
182072.2 1 482917538 4.2534420000000004e-08 821115011 
183246.0 0 2842015324 1.462442e-08 1945735688 
184477.1 1 179097684 3.0701e-07 3704423751 
184538.0 0 3737780296 3.6283e-07 2298477853 
186380.0 1 1572835533 6.1697591e-07 1726701215 
187431.1 0 3176785673 2.791e-08 3382444416 
187468.5 1 2340740170 6.2164442e-07 1149406307 
189917.7 0 1465560917 3.202291e-07 2151269300 
191149.7 1 2340740170 6.495544000000001e-07 1444500749 
191571.5 1 4031050948 3.2173778e-07 1634407402 
193649.3 0 1465560917 3.202291e-07 2205180068 
194636.1 2 4259593397 5.861100199999999e-07 3737780296 451270221 2.007639e-07 3149440925 1.473328e-08 2250775120 1.473328e-08 1130108289 1.473328e-08 2177968201 1.473328e-08 2914302410 1.473328e-08 3655816389 1.473328e-08 3485819286 1.473328e-08 1382686479 1.473328e-08 1803925302 1.473328e-08 3293059020 1.473328e-08 378125977 1.473328e-08 
194636.4 1 451270221 2.1549717999999998e-07 378125977 
194636.5 1 451270221 2.3023048e-07 3149440925 
194889.0 0 2406269022 1.1164e-07 3747246174 
197243.6 1 3004792470 3.9073999999999996e-07 2906924538 
198272.1 0 2406269022 1.1164e-07 1639799867 
198526.0 2 1572835533 6.169759e-07 4122240121 2159618959 1.4e-08 2441325815 1.490901e-08 3401497744 1.490901e-08 4069401935 1.490901e-08 134948105 1.490901e-08 
198888.2 0 3392858646 2.791e-08 199935986 
198912.2 1 3004792470 4.1865e-07 3988949870 
199285.9 0 865537991 2.791e-08 1415695418 
199459.8 1 1075699702 3.830179e-07 1327969783 
199721.6 1 4259593397 6.0084328e-07 3655816389 
200380.1 0 811613008 2.791e-08 3869596591 
201994.6 2 1586980658 3.3264720000000004e-08 811613008 1998372786 2.255528e-08 
202530.8 0 3150846686 7.901247e-07 3616865126 
202873.6 2 2246051850 3.6283001e-07 57770090 2455922112 1.4e-08 3059103076 1.555555e-08 432337108 1.555555e-08 1902671923 1.555555e-08 4209590891 1.555555e-08 77395223 1.555555e-08 
203402.1 1 2246051850 3.7838555e-07 77395223 
203665.2 0 2246051850 3.783856e-07 1471982444 
205602.7 1 2519559028 3.6283e-07 3382444416 
212097.8 0 405521437 2.791e-08 211811971 
212795.9 1 179097684 3.2212417e-07 1639799867 
214146.5 0 482917538 4.253442e-08 2835620284 
214621.3 2 2519559028 3.6283e-07 2757833455 3592986772 1.4e-08 1246511018 2.091e-08 3986570268 2.091e-08 
218688.2 1 426576124 3.3492e-07 728028737 
219122.9 1 3150846686 8.180347e-07 636961411 
219728.7 0 2235064901 9.0012e-07 3083352544 
221977.7 1 2246051850 3.9394115000000003e-07 3059103076 
222289.3 1 2235064901 9.1474442e-07 3083352544 
223368.4 1 3534547045 6.4198817e-07 2173231515 
226343.9 0 1572835533 6.169759e-07 1452489764 
229100.5 1 1572835533 6.3137491e-07 1471982444 
230587.4 1 2246051850 4.148511e-07 3330100144 
232667.8 1 1075699702 3.9775118e-07 3485819286 
232697.0 2 3150846686 8.180347e-07 482917538 174500547 1.4e-08 4083845756 1.426721e-08 110358663 1.426721e-08 
233735.0 1 3555679070 4.230901e-08 3288380490 
233810.6 0 3150846686 8.180347e-07 110358663 
234546.7 1 3150846686 8.3265912e-07 3884425642 
234600.1 1 1465560917 3.3462811e-07 3122982648 
234800.4 2 1572835533 6.313750499999999e-07 2246051850 1370908750 2.5309e-07 1837234470 1.470555e-08 2945849429 1.470555e-08 66296937 1.470555e-08 976558236 1.470555e-08 2438291630 1.470555e-08 906368509 1.470555e-08 3783228500 1.470555e-08 2858952728 1.470555e-08 395113485 1.470555e-08 4019363830 1.470555e-08 3016084464 1.470555e-08 
234800.6 1 1370908750 2.6779555e-07 3016084464 
234800.7 1 1370908750 2.8250115e-07 1837234470 
237629.9 1 1370908750 2.9720665e-07 3783228500 
238699.4 1 1572835533 6.453749999999999e-07 2159618959 
240594.6 1 3150846686 8.469263099999999e-07 110358663 
240715.1 1 426576124 3.4964778e-07 3393811039 
241475.0 1 179097684 3.500342e-07 3747246174 
242726.8 3 2984600922 3.6283e-07 1586980658 921818415 1.4e-08 2892683898 1.926472e-08 
246845.3 1 3150846686 8.609263e-07 174500547 
248320.4 1 3373526895 6.6091557e-07 740082705 
248395.9 0 3150846686 8.609263e-07 3616865126 
249160.7 0 2190522392 2.791e-08 2215785330 
251143.1 0 1593891639 2.791e-08 3913511150 
251489.1 0 3121047530 2.791e-08 4198169764 
251889.8 0 40245973 5.582e-08 211811971 
253959.9 0 2408568032 5.582e-08 1803925302 
254274.2 0 1572835533 6.45375e-07 4209590891 
258023.8 0 2250879299 2.791e-08 405521437 
259988.3 0 2519559028 3.6283e-07 769686034 
261146.8 0 1593891639 2.791e-08 1481166135 
261329.7 1 1572835533 6.597740100000001e-07 1452489764 
261855.9 1 2799798816 4.8847e-07 921818415 
262694.4 0 3150846686 8.609263e-07 2835620284 
263148.6 0 1664502715 2.791e-08 1104410542 
265439.6 0 1768543625 2.791e-08 2326007700 
267629.3 1 888311950 4.8819999999999996e-08 1246511018 
271660.1 1 1572835533 6.741730100000001e-07 3593732192 
273500.8 0 1465560917 3.346281e-07 2151269300 
276620.3 1 3555679070 5.670802e-08 375852842 
277457.6 0 2441325815 1.490901e-08 3696843781 
281759.5 0 2984600922 3.6283e-07 772925454 
284998.5 1 1075699702 4.2566119999999997e-07 1593850299 
286073.9 0 4231632140 2.791e-08 4198169764 
286935.7 0 476505668 3.3492e-07 2620740164 
290833.4 3 3616865126 2.4855719999999998e-08 906368509 3697249003 1.775983e-08 
291256.1 1 3616865126 4.261556e-08 3697249003 
292287.9 0 3012070026 2.791e-08 2205180068 
293588.0 1 1465560917 3.7724365e-07 3616865126 
294280.4 0 3150846686 8.609263e-07 2835620284 
294311.8 1 3150846686 8.7532531e-07 2151269300 
298844.9 1 66296937 2.910456e-08 690117576 
300507.0 1 4019363830 2.910456e-08 3913511150 
301364.6 1 2519559028 3.9073999999999996e-07 3462747 
303975.6 3 1572835533 6.7417299e-07 3555679070 3983774618 1.4e-08 4187488967 1.423601e-08 898751805 1.423601e-08 3632514288 1.423601e-08 
305267.2 0 3121047530 2.791e-08 2835620284 
307571.8 1 2842015324 2.889163e-08 4083845756 
307932.1 1 1572835533 6.8840901e-07 898751805 
313789.0 1 1068020906 0.00095480241 769686034 
313862.9 1 2235064901 9.2936882e-07 4198169764 
319598.4 0 3015378843 2.791e-08 3491092596 
319899.3 0 2945849429 1.470555e-08 313359544 
326546.1 3 2799798816 4.8846997e-07 3004792470 410848061 3.534507e-08 2791633391 1.419648e-08 630280293 1.419648e-08 4212779140 1.419648e-08 3459374364 1.419648e-08 2125331604 1.419648e-08 3113062634 1.419648e-08 847040419 1.419648e-08 4240624600 1.419648e-08 1565786989 1.419648e-08 2286860921 1.419648e-08 3707879645 1.419648e-08 2746930994 1.419648e-08 4075596975 1.419648e-08 4283280385 1.419648e-08 538453177 1.419648e-08 3121292019 1.419648e-08 3349724438 1.419648e-08 4253718737 1.419648e-08 3297362622 1.419648e-08 1751902433 1.419648e-08 2878871175 1.419648e-08 3083717413 1.419648e-08 220564665 1.419648e-08 3653734512 1.419648e-08 3815024321 1.419648e-08 1428265047 1.419648e-08 3604532305 1.419648e-08 
326546.2 1 410848061 4.954155e-08 2791633391 
326546.2 1 410848061 6.373803e-08 3604532305 
326549.2 1 1751902433 2.839296e-08 3297362622 
327141.5 1 3150846686 9.032353e-07 3121047530 
327228.5 0 511603307 2.791e-08 2138100036 
327406.9 1 4019363830 4.836929e-08 2892683898 
328410.1 0 3083717413 1.419648e-08 2746930994 
329963.2 1 3150846686 9.311453000000001e-07 2835620284 
330176.8 2 2519559028 3.9074001e-07 410848061 1869365069 1.4e-08 965372172 1.657934e-08 607396504 1.657934e-08 2533881277 1.657934e-08 
331116.5 1 3401497744 2.914502e-08 3632514288 
332579.4 2 1465560917 3.772437e-07 40245973 472358284 1.4e-08 1950077488 2.091e-08 1820499179 2.091e-08 
340005.3 0 3150846686 9.311453e-07 211811971 
340556.5 1 1465560917 3.981537e-07 1820499179 
340834.6 1 1068020906 0.00095481712778 2215785330 
340920.7 0 4259593397 6.008433e-07 4240624600 
341641.5 0 4031050948 3.217378e-07 3824069879 
342623.7 0 3775452048 2.791e-08 3983774618 
344857.9 3 1572835533 6.884089799999998e-07 1075699702 4055959668 1.275721e-07 528880979 1.419472e-08 3778036871 1.419472e-08 1405660995 1.419472e-08 3662110242 1.419472e-08 2247026945 1.419472e-08 4032129539 1.419472e-08 4035587434 1.419472e-08 3111692719 1.419472e-08 1398579088 1.419472e-08 2501379955 1.419472e-08 3332562587 1.419472e-08 3562383954 1.419472e-08 2521380987 1.419472e-08 4119421155 1.419472e-08 1913762779 1.419472e-08 3678948817 1.419472e-08 2489195127 1.419472e-08 3929228125 1.419472e-08 3160344427 1.419472e-08 3182159117 1.419472e-08 766581564 1.419472e-08 
344857.9 1 4055959668 1.4176681999999998e-07 766581564 
344857.9 1 4055959668 1.5596162e-07 528880979 
345173.4 0 1572835533 6.88409e-07 3332562587 
345505.8 0 3443220506 2.791e-08 2681375347 
347681.2 1 4055959668 1.7015632e-07 1405660995 
348082.5 1 1572835533 7.0260372e-07 3332562587 
350249.9 0 1572835533 7.026037e-07 2521380987 
350396.5 1 1572835533 7.1679842e-07 4119421155 
351031.8 3 3015378843 1.3999999999999998e-08 4253718737 3702894340 1.405324e-08 3532745758 1.405324e-08 
352498.9 0 1664502715 2.791e-08 2542835646 
352929.0 0 3774459889 2.791e-08 1950077488 
353551.2 0 4055959668 1.701563e-07 3929228125 
353624.3 0 1321648343 2.791e-08 905418128 
355447.1 1 1572835533 7.3099312e-07 3662110242 
356482.2 0 2489195127 1.419472e-08 472358284 
357169.1 0 3197676583 2.791e-08 1869365069 
359543.2 0 129185354 8.373e-08 1104410542 
360728.1 1 1572835533 7.589031000000001e-07 3775452048 
361966.9 1 451270221 2.581405e-07 2250879299 
363365.7 1 1465560917 4.1234842e-07 3111692719 
364699.3 0 4187488967 1.423601e-08 2489195127 
365665.3 1 1465560917 4.2674740999999995e-07 3888264012 
366299.6 1 1370908750 3.1211570999999997e-07 2441325815 
367392.1 1 1572835533 7.868131e-07 1664502715 
367980.6 0 2799798816 4.8847e-07 1878784256 
369108.9 0 1239791232 2.791e-08 2909632847 
370657.8 1 4055959668 1.8435102e-07 1913762779 
372079.9 0 1465560917 4.267474e-07 2451350669 
373024.8 0 1902671923 1.555555e-08 3182159117 
373796.2 1 4259593397 6.1503978e-07 1428265047 
374713.4 0 1172086036 1.439901e-08 3696843781 
379155.7 2 2466232951 3.9822250000000004e-08 405521437 1072840122 1.599775e-08 
380698.7 0 2962530363 1.439901e-08 2247026945 
380943.9 1 3150846686 9.6003693e-07 2842015324 
382760.4 3 1481166135 2.730706e-08 2125112500 3294683754 1.425647e-08 1676003954 1.425647e-08 
384322.3 0 1172086036 1.439901e-08 3015378843 
384337.5 0 4055959668 1.84351e-07 313359544 
385182.2 1 4019363830 6.2564e-08 1398579088 
385892.2 1 4055959668 1.9854572e-07 2521380987 
389504.0 0 4019363830 6.2564e-08 3815024321 
390080.6 1 4259593397 1.1035098e-06 2799798816 
390621.3 2 2408568032 6.433709e-08 2542835646 4285585893 1.939291e-08 
391956.2 1 511603307 4.210648e-08 3121292019 
393156.5 1 333964007 5.582e-08 741863299 
394575.8 0 6723929 5.582e-08 211811971 
395041.0 1 4031050948 3.7055779999999996e-07 888311950 
396273.6 0 754869367 2.791e-08 607396504 
397244.8 1 1072840122 3.07033e-08 2945849429 
400711.4 0 1481166135 2.730706e-08 395113485 
403282.4 1 1572835533 8.0100782e-07 3929228125 
403666.9 1 1572835533 8.4083015e-07 2466232951 
404514.0 0 2340740170 6.495544e-07 3678948817 
405659.7 1 2340740170 6.637904099999999e-07 4187488967 
406190.9 1 1465560917 4.4114641e-07 2962530363 
408818.4 0 1676003954 1.425647e-08 3294683754 
416904.3 1 1572835533 8.687401e-07 1227575429 
427424.1 0 2519559028 3.9074e-07 2533881277 
431475.0 0 1593891639 2.791e-08 1565786989 
434494.9 0 4259593397 1.10351e-06 847040419 
438523.3 1 1035492323 4.2643280000000003e-08 2177968201 
444908.5 1 1572835533 8.8429565e-07 1902671923 
448230.2 1 790319072 4.210648e-08 2878871175 
451181.0 3 905418128 1.6358080000000002e-08 1950077488 2674988631 1.623096e-08 406745133 1.623096e-08 
452984.9 1 1465560917 4.5750449e-07 905418128 
453446.9 1 1072840122 4.4899779999999994e-08 4075596975 
454286.9 2 1465560917 4.575045e-07 3401497744 2883513480 1.4e-08 783121895 1.514502e-08 
460702.3 1 1465560917 4.7264952e-07 783121895 
461761.7 0 1572835533 8.842957e-07 4260098875 
463435.4 3 2451350669 1.400001e-08 3294683754 2683944377 1.408323e-08 2961226102 1.408323e-08 
470456.0 0 1572835533 8.842957e-07 2205180068 
471091.5 3 1572835533 8.842956999999999e-07 1370908750 301219709 1.695176e-07 1743198400 1.425981e-08 3059144981 1.425981e-08 3952655669 1.425981e-08 2848685905 1.425981e-08 1826422368 1.425981e-08 896813269 1.425981e-08 37051273 1.425981e-08 1867247157 1.425981e-08 3633199892 1.425981e-08 1736323711 1.425981e-08 
471153.7 1 1572835533 8.9855551e-07 896813269 
471160.4 1 1572835533 1.0680731e-06 301219709 
473305.3 1 3373526895 6.888256000000001e-07 326805806 
477058.7 1 1572835533 1.08233281e-06 1867247157 
478695.2 1 1572835533 1.09659281e-06 3059144981 
479928.7 0 4209590891 1.555555e-08 2438291630 
480304.9 0 3653734512 1.419648e-08 302486611 
484048.2 1 1072840122 8.700626e-08 790319072 
484455.1 0 2235064901 9.293688e-07 1481166135 
491401.8 2 451270221 2.581405e-07 333964007 283080478 3.125938e-08 785216844 2.456062e-08 
493433.5 0 4231632140 2.791e-08 1481166135 
493633.8 0 2205180068 2.791e-08 976558236 
493725.1 1 2340740170 6.777904e-07 2451350669 
496118.1 0 432337108 1.555555e-08 3983774618 
503323.5 0 199935986 2.791e-08 2909632847 
506811.0 0 2340740170 6.777904e-07 1321648343 
507362.0 1 2340740170 7.057004e-07 1321648343 
510818.3 0 511603307 4.210648e-08 4231632140 
511982.6 0 1751902433 2.839296e-08 1412415798 
514507.2 1 1651612823 4.8819999999999996e-08 1842102965 
515198.1 1 1572835533 1.11085281e-06 3633199892 
515946.8 1 4259593397 1.11770648e-06 3113062634 
516351.3 1 3497999925 4.216981e-08 1826422368 
517473.0 0 3428193420 2.791e-08 3197676583 
531062.3 1 6723929 7.044442000000001e-08 1249238030 
533041.8 0 476505668 3.3492e-07 3519923770 
535448.8 1 451270221 2.7304951e-07 4069401935 
541528.8 1 426576124 3.705578e-07 1285693762 
543251.1 0 2858952728 1.470555e-08 1676003954 
545382.8 0 1572835533 1.110852e-06 37051273 
548037.4 1 4259593397 1.166526e-06 1651612823 
548710.6 1 1572835533 1.15348978e-06 2911053862 
550246.1 1 451270221 2.8778278e-07 3293059020 
550723.4 1 1465560917 4.8735505e-07 2858952728 
553242.5 3 2205180068 2.3094900000000004e-08 3160344427 3006103420 1.900982e-08 
556023.1 0 3373526895 6.888256e-07 4231632140 
556930.4 1 4055959668 2.1274042e-07 2501379955 
557876.5 1 1068020906 0.00095483115324 3532745758 
559564.0 0 2848685905 1.425981e-08 4212779140 
560931.8 2 313359544 1.459549e-08 3653734512 2898323513 1.4e-08 
568246.4 1 1572835533 1.16774981e-06 37051273 
568295.7 3 4231632140 1.4e-08 2328232000 1199222225 1.431889e-08 3755198008 1.431889e-08 
569601.4 3 1676003954 1.425647e-08 3015378843 2795041644 1.4e-08 
572034.4 3 3176785673 1.4e-08 611212867 3492274228 1.431889e-08 1420914473 1.431889e-08 
572122.2 0 4031050948 3.705578e-07 4212779140 
573703.4 3 3823443426 1.3999999999999998e-08 3349724438 439844059 1.405324e-08 3802520055 1.405324e-08 
575095.3 1 4019363830 8.565889000000001e-08 2205180068 
575770.1 1 2408568032 7.907037e-08 2250775120 
576557.0 3 1572835533 1.1677499800000003e-06 1465560917 3012889883 3.011166e-07 3363823620 1.432604e-08 1086559163 1.432604e-08 3063534263 1.432604e-08 2013640095 1.432604e-08 1461359102 1.432604e-08 2027098952 1.432604e-08 4167430602 1.432604e-08 4096225443 1.432604e-08 781549661 1.432604e-08 907719639 1.432604e-08 1906851972 1.432604e-08 2597880038 1.432604e-08 1896745001 1.432604e-08 
576557.2 1 3012889883 3.1544263999999997e-07 3363823620 
576557.2 1 3012889883 3.2976863999999996e-07 1896745001 
576572.6 1 3012889883 3.4409474e-07 907719639 
577812.7 0 2027098952 1.432604e-08 3063534263 
581749.2 0 451270221 2.877828e-07 439844059 
582764.8 0 406745133 1.623096e-08 472358284 
588043.6 0 4031050948 3.705578e-07 4212779140 
592033.1 0 451270221 2.877828e-07 3012070026 
594967.9 0 1751902433 2.839296e-08 1494850122 
596159.8 1 1572835533 1.1820098099999999e-06 1743198400 
596413.6 1 1572835533 1.19633604e-06 781549661 
597255.2 1 1572835533 1.21066204e-06 1461359102 
598979.5 0 4259593397 1.166526e-06 3702894340 
603100.7 0 1382686479 1.473328e-08 2999719241 
603799.5 0 3373526895 6.888256e-07 551137729 
611393.5 0 443746396 2.791e-08 1494850122 
612984.9 1 2340740170 7.197004e-07 2883513480 
617483.4 0 2669757562 5.582e-08 3802520055 
619600.9 0 3373526895 6.888256e-07 551137729 
619775.7 1 426576124 3.8461104e-07 439844059 
622982.7 0 1572835533 1.210662e-06 3063534263 
628301.6 0 3373526895 6.888256e-07 551137729 
630341.0 0 4055959668 2.127405e-07 432337108 
632223.7 2 451270221 2.877828e-07 1072840122 2378434411 2.38979e-08 1837088337 1.577709e-08 1543523724 1.577709e-08 1761715697 1.577709e-08 3099973400 1.577709e-08 
634031.8 1 1572835533 1.238572e-06 3774459889 
636234.8 0 3012889883 3.440947e-07 3182159117 
636567.8 0 3952655669 1.425981e-08 3182159117 
639620.8 3 1761715697 1.529484e-08 4035587434 2789348510 1.467697e-08 
641018.1 1 1761715697 2.99718e-08 2789348510 
645793.0 1 1572835533 1.2527667199999999e-06 3778036871 
646873.5 1 4055959668 2.2700031e-07 3952655669 
648636.9 1 1572835533 1.2721599100000001e-06 4285585893 
651594.1 1 1572835533 1.28641981e-06 1736323711 
655753.6 2 1035492323 4.264328e-08 511603307 1371202285 1.4e-08 629078091 1.405324e-08 754560055 1.405324e-08 
658314.7 1 2340740170 7.340192900000001e-07 3755198008 
663065.2 0 2340740170 7.340193e-07 395113485 
664345.7 1 1572835533 1.30081801e-06 3696843781 
666323.2 1 1878784256 4.1909999999999996e-08 2898323513 
672912.7 0 3497999925 4.216981e-08 220564665 
683503.8 0 2378434411 2.38979e-08 2138100036 
685639.3 0 2235064901 9.293688e-07 1199222225 
686701.9 1 451270221 3.0197928e-07 2746930994 
687737.8 1 3012889883 3.580947e-07 2795041644 
687743.7 1 1572835533 1.6589127e-06 3012889883 
697374.0 3 2406269022 9.886394e-08 551137729 1737134642 2.743819e-08 
697634.9 1 2406269022 1.2630213e-07 1737134642 
698726.2 1 2669757562 6.982e-08 302486611 
699854.7 1 2340740170 7.4864372e-07 1945735688 
705128.9 0 2074240873 2.791e-08 313359544 
709912.9 1 4259593397 1.18908128e-06 1998372786 
713494.1 0 1035492323 4.264328e-08 2848685905 
714056.0 3 1572835533 1.65891296e-06 451270221 37613351 1.209794e-07 3434666020 1.508332e-08 2369258877 1.508332e-08 3563522875 1.508332e-08 249728555 1.508332e-08 4285226245 1.508332e-08 2707460946 1.508332e-08 2606325002 1.508332e-08 1541925803 1.508332e-08 2024675612 1.508332e-08 1292023300 1.508332e-08 3302973195 1.508332e-08 875106938 1.508332e-08 
716883.5 1 1572835533 1.67399632e-06 3302973195 
718026.7 0 4226750145 2.791e-08 538453177 
718072.2 3 2669757562 6.982e-08 283080478 3314075649 1.4e-08 2589646060 1.725938e-08 
718667.6 1 1572835533 1.68907932e-06 2606325002 
721688.4 1 1572835533 1.7041633199999998e-06 3434666020 
724307.3 1 1572835533 1.71848904e-06 2597880038 
731592.2 1 1572835533 1.73357232e-06 875106938 
732615.7 0 4055959668 2.270003e-07 1292023300 
738295.5 0 1572835533 1.733572e-06 1541925803 
739834.0 0 1572835533 1.733572e-06 1130108289 
740520.6 0 1541925803 1.508332e-08 249728555 
741010.0 3 3678948817 1.419472e-08 472358284 3433591204 1.4e-08 
741580.6 3 2519559028 3.907399500000002e-07 2984600922 1848242772 1.422546e-07 250719570 1.470503e-08 2681498831 1.470503e-08 481808867 1.470503e-08 2066612683 1.470503e-08 3458484829 1.470503e-08 2719204682 1.470503e-08 4256642775 1.470503e-08 2449448537 1.470503e-08 463844675 1.470503e-08 3167902617 1.470503e-08 579073438 1.470503e-08 3468130899 1.470503e-08 393090083 1.470503e-08 2343849308 1.470503e-08 1055469694 1.470503e-08 
741580.6 1 1848242772 1.5695963e-07 1055469694 
741580.6 1 1848242772 1.7166463e-07 250719570 
742224.7 1 3373526895 7.1613266e-07 1481166135 
742551.7 0 1572835533 1.733572e-06 2848685905 
743071.7 1 4256642775 2.890151e-08 847040419 
744932.3 1 1572835533 1.7478980400000001e-06 2013640095 
746804.2 2 4031050948 3.705578e-07 1035492323 627452446 1.4e-08 2014426858 1.432164e-08 2716949832 1.432164e-08 
747930.3 0 4283280385 1.419648e-08 629078091 
752700.9 0 2326007700 2.791e-08 3869596591 
755722.6 3 2519559028 3.9073999999999996e-07 3800257563 552634658 1.4e-08 3736523900 1.46505e-08 2213923665 1.46505e-08 1503202005 1.46505e-08 3202152185 1.46505e-08 2622395779 1.46505e-08 3607413901 1.46505e-08 649593533 1.46505e-08 66987975 1.46505e-08 483021244 1.46505e-08 3707800333 1.46505e-08 3528190190 1.46505e-08 2185291493 1.46505e-08 550176535 1.46505e-08 1674415855 1.46505e-08 4287239676 1.46505e-08 3884987045 1.46505e-08 1960974751 1.46505e-08 309459595 1.46505e-08 2348040613 1.46505e-08 3180086772 1.46505e-08 
755850.2 0 129185354 8.373e-08 649593533 
760162.1 1 1848242772 1.8636963e-07 3458484829 
762664.9 0 1572835533 1.747898e-06 134948105 
763010.7 1 1572835533 1.76222404e-06 3063534263 
765895.0 1 1572835533 1.77730832e-06 2707460946 
767469.0 0 3563522875 1.508332e-08 630280293 
768117.9 1 1572835533 1.819218e-06 1878784256 
772821.9 1 4259593397 1.258902e-06 2669757562 
776681.6 0 4055959668 2.270003e-07 4231632140 
779303.7 0 754560055 1.405324e-08 1869365069 
779379.7 0 4188445920 2.791e-08 393090083 
781622.9 2 4055959668 2.2700031e-07 37613351 3833074883 1.4e-08 1462644303 1.528277e-08 4088625113 1.528277e-08 1237914369 1.528277e-08 2733144751 1.528277e-08 1649557018 1.528277e-08 1831065885 1.528277e-08 79461789 1.528277e-08 
781665.9 0 4055959668 2.270003e-07 1831065885 
781850.7 0 1172086036 1.439901e-08 4283280385 
782465.0 1 1831065885 3.056554e-08 1649557018 
784467.0 2 1761715697 3.410265e-08 865537991 1621314342 2.377916e-08 
792030.2 3 211811971 2.791e-08 3983774618 2016090987 1.4e-08 
792457.5 1 4259593397 1.27398532e-06 3563522875 
803563.2 1 2340740170 7.628401800000001e-07 4283280385 
804247.1 1 1572835533 1.83822782e-06 3006103420 
806390.8 1 4055959668 2.4228307e-07 1462644303 
807904.9 0 476505668 3.3492e-07 1960974751 
808811.0 1 4259593397 1.28838401e-06 1172086036 
810706.1 0 4209590891 1.555555e-08 3678948817 
812106.1 1 6723929 8.552773999999999e-08 2369258877 
816869.8 1 4259593397 1.30308903e-06 3468130899 
819832.3 0 1572835533 1.838228e-06 1541925803 
823148.1 0 2681375347 2.791e-08 265770918 
825065.5 0 4031050948 3.705578e-07 1382686479 
825675.6 1 1831065885 4.564885e-08 1292023300 
830879.4 0 2340740170 7.628402e-07 2016090987 
832525.3 1 3373526895 7.3086038e-07 3537925318 
833040.6 1 1068020906 0.0009548591100000001 266059373 
841112.4 1 1572835533 1.852228e-06 2455922112 
841483.8 0 3167902617 1.470503e-08 3707879645 
842107.0 0 2247026945 1.419472e-08 1869365069 
844963.1 1 2340740170 7.768401999999999e-07 4231632140 
846698.4 1 79461789 3.056554e-08 2733144751 
848082.4 2 179097684 3.592599e-07 3020817656 1553963666 1.86843e-08 
849451.6 3 2074240873 2.687145e-08 1130108289 1002680420 1.577183e-08 
850473.7 0 2674988631 1.623096e-08 1906851972 
850664.6 1 179097684 3.779442e-07 1553963666 
852209.0 0 4167430602 1.432604e-08 3833074883 
852507.0 0 965372172 1.657934e-08 3607413901 
864521.3 1 1572835533 1.86696128e-06 1803925302 
867358.2 0 3709881891 2.791e-08 2348040613 
870256.0 0 443746396 2.791e-08 739080713 
873443.3 2 3869596591 1.498425e-08 1676003954 734120091 1.4e-08 
875702.9 1 2340740170 7.923957500000001e-07 4209590891 
883469.3 0 1086559163 1.432604e-08 2683944377 
885697.8 0 199935986 2.791e-08 2589646060 
886258.9 2 1382686479 1.481651e-08 2683944377 2475979558 1.4e-08 
886460.8 0 1572835533 1.866961e-06 1237914369 
888148.6 1 1382686479 2.881652e-08 2475979558 
889126.4 0 2589646060 1.725938e-08 2716949832 
891799.9 0 481808867 1.470503e-08 552634658 
896306.6 0 2620740164 2.791e-08 1621314342 
897834.1 0 1572835533 1.866961e-06 249728555 
900558.3 1 2681375347 5.582e-08 2190522392 
902752.1 1 1572835533 1.88115748e-06 3815024321 
904338.2 0 1382686479 2.881652e-08 1237914369 
910293.2 0 579073438 1.470503e-08 3592986772 
914397.6 1 426576124 4.1252099999999997e-07 199935986 
920445.7 0 1572835533 1.881157e-06 249728555 
922584.3 2 3375523036 1.506476e-08 2312786130 2649056468 1.43908e-08 
924912.1 0 393090083 1.470503e-08 2125331604 
926770.5 3 2326007700 1.4e-08 3037779432 3381587904 2.091e-08 175860597 2.091e-08 
927190.7 0 1593891639 2.791e-08 538453177 
933170.2 0 2408568032 7.907037e-08 734120091 
938344.2 1 4055959668 2.5660904e-07 1906851972 
938546.4 1 4259593397 1.330999e-06 3197676583 
941032.9 0 4167430602 1.432604e-08 630280293 
942342.0 3 2406269022 8.455311999999999e-08 1382686479 1089013536 1.41131e-08 552498239 1.41131e-08 481049431 1.41131e-08 2950407739 1.41131e-08 72955594 1.41131e-08 
942522.5 1 2406269022 9.866623999999999e-08 72955594 
943861.2 1 481049431 2.82262e-08 1089013536 
945198.7 0 1831065885 4.564885e-08 1621314342 
946457.8 0 2406269022 9.866624e-08 552498239 
946956.1 2 1541925803 1.5279799999999998e-08 1565786989 1771264541 1.4e-08 
949388.3 0 481049431 2.82262e-08 2950407739 
952475.6 1 2406269022 1.2689244e-07 481049431 
952748.8 1 2406269022 1.410055e-07 552498239 
953435.7 0 3150846686 9.600369e-07 406745133 
962681.7 3 3534547045 6.419880299999999e-07 2406269022 2353028958 1.4e-08 2980075456 1.411173e-08 3449694611 1.411173e-08 1194638860 1.411173e-08 114837353 1.411173e-08 2341758500 1.411173e-08 651046398 1.411173e-08 2780384598 1.411173e-08 1061526795 1.411173e-08 3342541004 1.411173e-08 
962712.7 1 3534547045 6.5609983e-07 2341758500 
962738.6 0 2674988631 1.623096e-08 2961226102 
963125.9 0 2780384598 1.411173e-08 2353028958 
963191.4 1 3534547045 6.7021163e-07 114837353 
963248.2 1 3534547045 6.842116e-07 2353028958 
963286.7 1 3534547045 6.9832333e-07 2980075456 
963326.8 1 3534547045 7.1243503e-07 651046398 
963872.8 0 3534547045 7.12435e-07 3342541004 
963966.4 1 3534547045 7.2654673e-07 1061526795 
965228.7 1 3534547045 7.4065853e-07 3449694611 
965617.2 1 3534547045 7.5477023e-07 2780384598 
969169.4 0 309459595 1.46505e-08 2326007700 
972429.7 0 3838279446 2.791e-08 481808867 
978370.8 0 2438291630 1.470555e-08 4240624600 
988711.6 1 1572835533 1.89738796e-06 406745133 
998905.2 0 4055959668 2.566091e-07 1237914369 
1000564.0 1 134948105 2.910373e-08 3182159117 
1007557.0 0 2066612683 1.470503e-08 754560055 
1008191.0 0 1848242772 1.863697e-07 3707879645 
1011096.0 1 3373526895 7.4517929e-07 1199222225 
1017148.0 0 1751902433 2.839296e-08 2848685905 
1020866.0 0 4259593397 1.330999e-06 2649056468 
1021818.0 2 313359544 1.479197e-08 2125331604 1577969976 1.4e-08 
1023274.0 0 1572835533 1.897388e-06 630280293 
1024044.0 0 3519923770 2.791e-08 1869365069 
1025275.0 1 4259593397 1.34608232e-06 249728555 
1030415.0 0 2914302410 1.473328e-08 1577969976 
1041341.0 0 2378434411 2.38979e-08 175860597 
1041858.0 1 476505668 3.495705e-07 1960974751 
1045490.0 2 395113485 1.54111e-08 976558236 695939830 1.4e-08 
1049282.0 1 265770918 5.582e-08 3519923770 
1052509.0 1 4259593397 1.373992e-06 3012070026 
1057102.0 1 2340740170 8.063958e-07 3433591204 
1063930.0 0 2674988631 1.623096e-08 395113485 
1075039.0 3 1761715697 2.432483e-08 3702894340 229435916 2.383106e-08 
1103467.0 0 3475245566 2.791e-08 229435916 
1104321.0 1 3150846686 9.879469e-07 2870037616 
1105063.0 1 1572835533 1.911388e-06 3823443426 
1110564.0 2 2950407739 1.422483e-08 1194638860 1850435983 1.4e-08 
1111457.0 0 2950407739 1.422483e-08 1850435983 
1116408.0 3 6723929 7.384356e-08 2961226102 19131048 2.576741e-08 
1116830.0 1 3534547045 7.689950299999999e-07 2950407739 
1117354.0 2 2519559028 5.958722100000001e-07 4031050948 2426951832 1.503869e-08 3089865955 1.503869e-08 3526559023 1.503869e-08 73116178 1.503869e-08 2654473721 1.503869e-08 2564127097 1.503869e-08 3554620561 1.503869e-08 2789301560 1.503869e-08 3201932102 1.503869e-08 3527214469 1.503869e-08 224410298 1.503869e-08 
1119575.0 1 1572835533 1.9257096400000003e-06 2716949832 
1120929.0 0 3833318790 5.582e-08 2213923665 
1125240.0 1 3201932102 3.007738e-08 3526559023 
1130095.0 0 4167430602 1.432604e-08 1371202285 
1132892.0 1 4259593397 1.4030957300000001e-06 134948105 
1137544.0 0 3534547045 7.689951e-07 1850435983 
1137572.0 1 3534547045 7.829951e-07 1850435983 
1138519.0 1 1068020906 0.00095488293106 229435916 
1145538.0 1 6723929 9.961098e-08 19131048 
1147721.0 0 2074240873 2.687145e-08 3707800333 
1149451.0 0 4055959668 2.566091e-07 4260098875 
1172681.0 3 2620740164 1.3999999999999998e-08 538453177 3967778277 1.405324e-08 1759850032 1.405324e-08 
1179952.0 1 4259593397 1.4177465000000001e-06 1503202005 
1180135.0 3 2674988631 1.5590649999999998e-08 2449448537 2704180049 1.534534e-08 
1180481.0 1 4259593397 1.43245103e-06 393090083 
1182017.0 3 3475245566 1.3999990000000001e-08 1412415798 287394855 1.415451e-08 2670951229 1.415451e-08 
1196829.0 1 4259593397 1.4615555699999999e-06 66296937 
1197805.0 1 1572835533 2.00478037e-06 2408568032 
1202743.0 0 2622395779 1.46505e-08 2670951229 
1205132.0 0 4055959668 2.566091e-07 395113485 
1211168.0 2 1572835533 2.0047800499999993e-06 4259593397 2367820772 6.868353e-07 771359632 1.408583e-08 4186562710 1.408583e-08 3211480542 1.408583e-08 346987663 1.408583e-08 1922039940 1.408583e-08 2110688926 1.408583e-08 1314810707 1.408583e-08 2472898255 1.408583e-08 3459912306 1.408583e-08 1598213090 1.408583e-08 1495382923 1.408583e-08 722767024 1.408583e-08 515125813 1.408583e-08 1298902656 1.408583e-08 3532628785 1.408583e-08 826924968 1.408583e-08 3190311976 1.408583e-08 841878026 1.408583e-08 2747938267 1.408583e-08 3177521820 1.408583e-08 3363025910 1.408583e-08 1290268226 1.408583e-08 764400056 1.408583e-08 1517815290 1.408583e-08 66064165 1.408583e-08 2766526296 1.408583e-08 2454553876 1.408583e-08 1923515514 1.408583e-08 3339828518 1.408583e-08 105819081 1.408583e-08 533433650 1.408583e-08 1601889739 1.408583e-08 381652938 1.408583e-08 96665495 1.408583e-08 1342185090 1.408583e-08 149784911 1.408583e-08 85224627 1.408583e-08 1965662198 1.408583e-08 110439229 1.408583e-08 1449522982 1.408583e-08 3279439195 1.408583e-08 360107933 1.408583e-08 1657444763 1.408583e-08 58759274 1.408583e-08 2135013218 1.408583e-08 470332523 1.408583e-08 3217169414 1.408583e-08 3030801476 1.408583e-08 2208266878 1.408583e-08 3715668764 1.408583e-08 3418547556 1.408583e-08 355298688 1.408583e-08 4193709834 1.408583e-08 584993009 1.408583e-08 1499007652 1.408583e-08 
1211168.0 1 2367820772 7.009211299999999e-07 771359632 
1211168.0 1 2367820772 7.1500693e-07 1499007652 
1211168.0 1 2367820772 7.290927299999999e-07 4186562710 
1211168.0 1 2367820772 7.431786299999999e-07 584993009 
1211168.0 1 2367820772 7.5726443e-07 3211480542 
1211168.0 1 2367820772 7.713502299999999e-07 4193709834 
1211168.0 1 2367820772 7.8543603e-07 355298688 
1211168.0 1 2367820772 7.9952193e-07 346987663 
1211485.0 1 1572835533 2.01886583e-06 3217169414 
1211844.0 2 3562383954 1.4280550000000001e-08 1923515514 755060644 1.4e-08 
1213049.0 1 360107933 2.817166e-08 1601889739 
1215932.0 1 1572835533 2.0329518300000002e-06 1342185090 
1217926.0 1 1572835533 2.04703783e-06 3177521820 
1218767.0 0 1237914369 1.528277e-08 287394855 
1222651.0 1 1572835533 2.06112383e-06 105819081 
1224064.0 1 3532628785 2.817166e-08 722767024 
1224336.0 3 4061687915 1.4e-08 3736523900 3270476896 1.428025e-08 3934203265 1.428025e-08 
1225511.0 0 3030801476 1.408583e-08 1577969976 
1227817.0 1 1572835533 2.07520983e-06 2766526296 
1230373.0 1 1572835533 2.08929583e-06 3363025910 
1232396.0 0 3099973400 1.577709e-08 483021244 
1236225.0 0 1831065885 4.564885e-08 1237914369 
1236836.0 3 965372172 1.657934e-08 3592986772 1292024166 1.4e-08 
1238220.0 2 2589646060 1.7454100000000004e-08 3678948817 1323984060 1.4e-08 
1239596.0 1 1572835533 2.10338083e-06 1495382923 
1241711.0 0 630280293 1.419648e-08 841878026 
1243068.0 2 2719204682 1.498528e-08 3270476896 4197927596 1.4e-08 
1244338.0 0 630280293 1.419648e-08 58759274 
1245101.0 1 2367820772 8.136077299999999e-07 2747938267 
1246785.0 1 2367820772 8.2769353e-07 2110688926 
1247295.0 0 2472898255 1.408583e-08 755060644 
1248005.0 1 1572835533 2.1174668300000002e-06 1290268226 
1250599.0 2 2719204682 1.5690310000000003e-08 2681498831 1414892502 1.4e-08 
1251149.0 1 1572835533 2.1315528300000003e-06 1314810707 
1257723.0 0 4055959668 2.566091e-07 1598213090 
1258174.0 0 1761715697 2.432483e-08 3715668764 
1259332.0 1 1572835533 2.9592466e-06 2367820772 
1259448.0 0 841878026 1.408583e-08 515125813 
1260632.0 2 2622395779 1.4846979999999999e-08 3459374364 4201342597 1.4e-08 
1263432.0 0 463844675 1.470503e-08 1371202285 
1268739.0 0 3339828518 1.408583e-08 2472898255 
1268904.0 0 4055959668 2.566091e-07 395113485 
1271557.0 1 313359544 2.8877799999999998e-08 85224627 
1272899.0 1 2340740170 8.203958e-07 695939830 
1274964.0 1 1572835533 2.97333183e-06 3418547556 
1275939.0 0 1848242772 1.863697e-07 3934203265 
1276520.0 3 432337108 1.555555e-08 2016090987 2391696826 1.4e-08 
1282077.0 0 1541925803 1.52798e-08 1577969976 
1286614.0 0 4256642775 2.890151e-08 2066612683 
1291845.0 0 1572835533 2.973332e-06 1449522982 
1292890.0 1 2340740170 8.5096133e-07 79461789 
1306277.0 1 1068020906 0.00095491081 3481866093 
1307358.0 1 1572835533 2.98741783e-06 3190311976 
1310839.0 0 1572835533 2.987418e-06 533433650 
1314959.0 1 1572835533 3.0014712400000003e-06 3802520055 
1317263.0 0 3030801476 1.408583e-08 470332523 
1319787.0 0 3373526895 7.451793e-07 73116178 
1321075.0 1 1068020906 0.00095493871 2856850640 
1322361.0 0 313359544 2.88778e-08 1965662198 
1323507.0 0 2848685905 1.425981e-08 2208266878 
1339738.0 1 1572835533 3.01555683e-06 841878026 
1342209.0 0 2704180049 1.534534e-08 2649056468 
1345880.0 1 1572835533 3.02964283e-06 1922039940 
1349616.0 1 1572835533 3.04372883e-06 110439229 
1350774.0 0 1298902656 1.408583e-08 4197927596 
1351125.0 0 4055959668 2.566091e-07 2489195127 
1359292.0 0 149784911 1.408583e-08 2472898255 
1359820.0 0 1572835533 3.043729e-06 1657444763 
1363844.0 0 1572835533 3.043729e-06 3381587904 
1366642.0 1 3532628785 4.908166e-08 175860597 
1368341.0 0 3707800333 1.46505e-08 287394855 
1369743.0 1 1572835533 3.05781483e-06 3339828518 
1370512.0 0 3527214469 1.503869e-08 2914302410 
1370805.0 1 1572835533 3.07190083e-06 1657444763 
1374468.0 0 1541925803 1.52798e-08 1598213090 
1381118.0 1 1572835533 3.08598683e-06 533433650 
1387986.0 0 381652938 1.408583e-08 2472898255 
1389099.0 0 2519559028 5.958722e-07 3083717413 
1393278.0 0 4260098875 1.439901e-08 2454553876 
1419363.0 1 2340740170 8.788713e-07 211811971 
1421717.0 1 476505668 3.64221e-07 3607413901 
1424194.0 3 1593891639 1.400001e-08 287394855 4138371369 1.403225e-08 3590332688 1.403225e-08 
1426890.0 0 4138371369 1.403225e-08 1593891639 
1427714.0 0 1965662198 1.408583e-08 3459912306 
1428891.0 2 476505668 3.6422100999999997e-07 129185354 1745749016 2.570615e-08 2711965517 1.450596e-08 2933223072 1.450596e-08 1987038079 1.450596e-08 3797386594 1.450596e-08 
1431153.0 1 2286860921 2.828231e-08 3279439195 
1431968.0 3 2340740170 8.788713e-07 1751902433 1280619132 1.4e-08 4105879141 1.439296e-08 
1432135.0 0 2340740170 8.788713e-07 4105879141 
1438671.0 1 2340740170 9.067813000000001e-07 443746396 
1443497.0 1 1572835533 3.11415766e-06 360107933 
1445539.0 0 4019363830 8.565889e-08 1593891639 
1446894.0 1 1572835533 3.12824383e-06 826924968 
1452204.0 0 1965662198 1.408583e-08 734120091 
1453630.0 1 2519559028 6.109108900000001e-07 2426951832 
1456030.0 0 2074240873 2.687145e-08 2564127097 
1457162.0 0 3373526895 7.451793e-07 1761715697 
1472757.0 0 2340740170 9.067813e-07 4105879141 
1475359.0 1 1572835533 3.1429490299999998e-06 3167902617 
1477059.0 0 3099973400 1.577709e-08 3528190190 
1477085.0 1 1572835533 3.15703483e-06 1449522982 
1477104.0 0 2589646060 1.74541e-08 1237914369 
1479564.0 0 265770918 5.582e-08 4240624600 
1482633.0 1 1068020906 0.0009549528964800001 4240624600 
1485531.0 1 3532628785 6.378669e-08 2343849308 
1485548.0 0 4055959668 2.566091e-07 4285226245 
1493061.0 1 1848242772 2.010202e-07 550176535 
1494701.0 0 6723929 9.961097e-08 4096225443 
1496492.0 1 2340740170 9.2110734e-07 4096225443 
1496892.0 0 2789301560 1.503869e-08 3414514926 
1501957.0 1 1572835533 3.17112083e-06 764400056 
1502893.0 0 3381587904 2.091e-08 149784911 
1508769.0 0 96665495 1.408583e-08 1517815290 
1512958.0 2 3715668764 1.417166e-08 3030801476 3088551619 1.4e-08 
1514160.0 0 2438291630 1.470555e-08 2066612683 
1517271.0 1 3150846686 1.00203273e-06 2135013218 
1519471.0 0 2235064901 9.293688e-07 2438291630 
1520555.0 3 4019363830 7.49682e-08 4197927596 3443287411 2.469069e-08 
1523798.0 1 3150846686 1.0173128e-06 1541925803 
1527704.0 1 1068020906 0.00095496796475 3375523036 
1534035.0 2 3443287411 2.488541e-08 2489195127 3981989558 1.4e-08 
1537740.0 1 3150846686 1.0317059599999998e-06 4105879141 
1538001.0 0 309459595 1.46505e-08 649593533 
1538602.0 1 3443287411 3.88854e-08 3981989558 
1538724.0 0 3497999925 4.216981e-08 755060644 
1541551.0 1 3150846686 1.045706e-06 1577969976 
1545905.0 3 3150846686 1.04570599e-06 1831065885 1165174376 1.4e-08 3467386575 1.582443e-08 4263904522 1.582443e-08 
1546967.0 1 3150846686 1.059706e-06 1165174376 
1548082.0 0 3534547045 7.829951e-07 1761715697 
1549140.0 1 2340740170 9.351931299999999e-07 2454553876 
1549803.0 1 3150846686 1.07553043e-06 4263904522 
1557389.0 0 149784911 1.408583e-08 2326007700 
1560312.0 1 4055959668 2.7169242e-07 2024675612 
1564213.0 1 3150846686 1.0913544300000001e-06 3467386575 
1568251.0 0 2704180049 1.534534e-08 754560055 
1569376.0 0 4055959668 2.716924e-07 1759850032 
1573538.0 1 3534547045 7.977006499999999e-07 2438291630 
1590467.0 0 2235064901 9.293688e-07 1371202285 
1605513.0 0 470332523 1.408583e-08 3590332688 
1608923.0 0 1572835533 3.171121e-06 315200650 
1611141.0 1 2340740170 9.5027652e-07 4285226245 
1630750.0 1 1572835533 3.18531572e-06 2247026945 
1632546.0 0 2789301560 1.503869e-08 4138371369 
1639233.0 1 1572835533 3.19934725e-06 3590332688 
1639473.0 0 2564127097 1.503869e-08 4138371369 
1650216.0 1 2340740170 9.6531519e-07 2789301560 
1655728.0 1 1572835533 3.220258e-06 3381587904 
1658303.0 0 4055959668 2.716924e-07 2589646060 
1666895.0 1 2719204682 2.977614e-08 2472898255 
1669566.0 0 3532628785 6.378669e-08 4061687915 
1677765.0 1 1572835533 3.23434383e-06 470332523 
1680457.0 0 3534547045 7.977006e-07 3707879645 
1692617.0 2 426576124 4.12521e-07 4256642775 4267941538 1.4e-08 3372193553 1.490151e-08 
1730563.0 1 3150846686 1.1060872800000001e-06 2914302410 
1733078.0 0 1572835533 3.234343e-06 3967778277 
1734198.0 1 1848242772 2.568402e-07 2681375347 
1738672.0 2 3150846686 1.106088e-06 3443287411 3681452412 1.4e-08 2604064924 2.48854e-08 
1739370.0 0 3150846686 1.106088e-06 3681452412 
1741871.0 0 3150846686 1.106088e-06 3681452412 
1750170.0 1 3150846686 1.1309734e-06 2604064924 
1756406.0 0 965372172 1.657934e-08 309459595 
1763357.0 3 3528190190 1.46505e-08 3681452412 3458662533 1.4e-08 
1767216.0 2 2378434411 2.567499e-08 3099973400 762210064 1.4e-08 
1773720.0 1 2340740170 9.793152e-07 1280619132 
1776473.0 1 4055959668 2.8710351e-07 395113485 
1779278.0 0 2235064901 9.293688e-07 3934203265 
1783909.0 1 2340740170 9.9364124e-07 4167430602 
1784142.0 2 432337108 1.58358e-08 3934203265 570164134 1.4e-08 
1785135.0 1 426576124 4.4259838e-07 3201932102 
1790519.0 0 3534547045 7.977006e-07 3707879645 
1793448.0 0 313359544 2.88778e-08 3088551619 
1802670.0 3 2286860921 2.325005e-08 4287239676 2418772576 1.968276e-08 
1805491.0 1 2235064901 9.4376781e-07 2138100036 
1812720.0 1 2340740170 1.0076412e-06 570164134 
1829552.0 2 3150846686 1.18178643e-06 4019363830 2105330617 2.415478e-08 
1830019.0 1 2235064901 9.5796428e-07 3083717413 
1848401.0 1 1572835533 3.24842883e-06 66064165 
1852911.0 2 3562383954 1.445221e-08 3715668764 964813250 1.4e-08 
1855848.0 1 3562383954 2.845221e-08 964813250 
1866682.0 0 1572835533 3.248429e-06 4032129539 
1871458.0 0 315200650 2.791e-08 1745749016 
1878713.0 0 649593533 1.46505e-08 2848685905 
1880113.0 1 1068020906 0.0009549959100000001 29350397 
1882767.0 2 2208266878 1.417166e-08 96665495 2039170765 1.4e-08 
1884871.0 1 2340740170 1.02183748e-06 3707879645 
1888183.0 1 2519559028 6.3416095e-07 2286860921 
1890782.0 0 1572835533 3.248429e-06 3833074883 
1897051.0 0 3497999925 4.216981e-08 755060644 
1908294.0 1 2340740170 1.0392921e-06 2589646060 
1910076.0 1 2235064901 9.719643e-07 3088551619 
1913339.0 0 3150846686 1.181786e-06 432337108 
1926893.0 0 4032129539 1.419472e-08 3833074883 
1938874.0 0 1572835533 3.248429e-06 1543523724 
1948590.0 1 1572835533 3.2626006599999998e-06 2208266878 
1955358.0 0 4055959668 2.871035e-07 1543523724 
1959745.0 1 3150846686 1.1976218e-06 432337108 
1975175.0 0 6723929 9.961097e-08 220564665 
1978582.0 0 3497999925 4.216981e-08 965372172 
1979194.0 1 3150846686 1.22607421e-06 3562383954 
1980474.0 1 3150846686 1.24015983e-06 1965662198 
1982938.0 1 1848242772 2.7243085e-07 2674988631 
2007007.0 0 1572835533 3.262601e-06 2039170765 
2008213.0 0 1987038079 1.450596e-08 1420914473 
2017813.0 1 3534547045 8.118123299999999e-07 3342541004 
2019133.0 0 3373526895 7.451793e-07 2105330617 
2054761.0 1 3373526895 7.5937402e-07 4032129539 
2057545.0 0 426576124 4.425984e-07 3372193553 
2060447.0 0 1931993247 1.472778e-08 1517815290 
2073075.0 1 1572835533 3.2766010000000003e-06 762210064 
2082129.0 1 1848242772 3.003408e-07 1239791232 
2082486.0 0 2340740170 1.039292e-06 315200650 
2085527.0 1 373638573 1.00000001528277 1237914369 
2095788.0 0 3869596591 1.498425e-08 649593533 
2101758.0 1 2340740170 1.0539425e-06 649593533 
2127735.0 1 373638573 1.00000001419648 4212779140 
2162366.0 2 2340740170 1.053942e-06 2719204682 4278040469 1.4e-08 241690685 1.577614e-08 
2165103.0 1 2340740170 1.0680278300000001e-06 149784911 
2166497.0 0 3150846686 1.24016e-06 315200650 
2173616.0 1 2340740170 1.09218278e-06 2105330617 
2180931.0 1 3373526895 7.7345983e-07 1598213090 
2182634.0 2 241690685 1.712148e-08 2704180049 1703904600 1.4e-08 
2210869.0 1 3150846686 1.25424583e-06 58759274 
2212079.0 1 1068020906 0.0009550105505 3202152185 
2215630.0 1 1068020906 0.00095506632 3833318790 
2222425.0 2 2519559028 6.341609e-07 1848242772 3814978291 1.559408e-07 118566979 1.444e-08 894269343 1.444e-08 932943525 1.444e-08 250347941 1.444e-08 2292589682 1.444e-08 3971437066 1.444e-08 2810179169 1.444e-08 1803012522 1.444e-08 3940915008 1.444e-08 3593659676 1.444e-08 
2226492.0 1 2519559028 7.901017000000001e-07 3814978291 
2231080.0 3 3497999925 1.3999989999999996e-08 2378434411 2744143284 1.794827e-08 2002691604 1.794827e-08 3223248356 1.794827e-08 
2239947.0 1 1572835533 3.34038769e-06 3532628785 
2243020.0 1 4055959668 3.01754e-07 3528190190 
2297173.0 1 3534547045 8.275841300000001e-07 1002680420 
2303156.0 1 2340740170 1.1068335000000001e-06 483021244 
2308439.0 0 220564665 1.419648e-08 381652938 
2313330.0 1 4055959668 3.1583983e-07 381652938 
2324756.0 1 2519559028 8.045417e-07 1803012522 
2327955.0 0 2519559028 8.045417e-07 1128056158 
2359617.0 0 476505668 3.64221e-07 3593659676 
2359939.0 0 1572835533 3.340388e-06 1292024166 
2371278.0 1 3373526895 7.8830688e-07 2622395779 
2378206.0 0 313359544 2.88778e-08 2074240873 
2385697.0 3 3459912306 1.408583e-08 3458662533 101557930 1.4e-08 
2389639.0 0 3459912306 1.408583e-08 101557930 
2397922.0 0 476505668 3.64221e-07 3797386594 
2406331.0 1 1572835533 3.3547870099999997e-06 4260098875 
2408664.0 1 1572835533 3.3727352699999997e-06 2744143284 
2424249.0 0 2933223072 1.450596e-08 3314075649 
2429571.0 1 373638573 1.00000001472778 3491092596 
2431645.0 1 373638573 1.00000001405324 754560055 
2445313.0 0 630280293 1.419648e-08 3459912306 
2449420.0 1 373638573 1.00000001503869 2654473721 
2454623.0 0 3150846686 1.254246e-06 2670951229 
2470444.0 0 250347941 1.444e-08 4138371369 
2485973.0 0 1572835533 3.372735e-06 2620740164 
2498798.0 1 2235064901 9.998743000000001e-07 315200650 
2514652.0 0 313359544 2.88778e-08 3223248356 
2528704.0 1 1572835533 3.386735e-06 1703904600 
2558810.0 0 3373526895 7.883068e-07 1759850032 
2581500.0 3 66987975 1.46505e-08 3497999925 678688578 1.4e-08 
2608272.0 3 2039170765 1.4e-08 1414892502 2222966094 1.4e-08 
2608812.0 3 179097684 3.7652806e-07 1759850032 1301910447 1.546938e-08 
2613372.0 3 2235064901 9.998740500000005e-07 3373526895 2919535035 1.4e-08 2855048822 1.407831e-08 682911345 1.407831e-08 238807518 1.407831e-08 1840937626 1.407831e-08 1734007597 1.407831e-08 4088691616 1.407831e-08 2087527840 1.407831e-08 2065940037 1.407831e-08 2751602400 1.407831e-08 552380491 1.407831e-08 253656606 1.407831e-08 1254429415 1.407831e-08 481400394 1.407831e-08 2584856907 1.407831e-08 3284371529 1.407831e-08 871205577 1.407831e-08 2655011401 1.407831e-08 4156410056 1.407831e-08 249938527 1.407831e-08 843598278 1.407831e-08 2197427154 1.407831e-08 3690557900 1.407831e-08 3824375258 1.407831e-08 769315986 1.407831e-08 1856937876 1.407831e-08 354497373 1.407831e-08 1230311851 1.407831e-08 3825172902 1.407831e-08 110318614 1.407831e-08 176241382 1.407831e-08 1063934737 1.407831e-08 2445084109 1.407831e-08 1871304206 1.407831e-08 4185666246 1.407831e-08 1905833305 1.407831e-08 3879652638 1.407831e-08 1924091726 1.407831e-08 1629863604 1.407831e-08 698682927 1.407831e-08 855708858 1.407831e-08 3076001680 1.407831e-08 1493833725 1.407831e-08 1450024594 1.407831e-08 1797275806 1.407831e-08 3378187523 1.407831e-08 564959126 1.407831e-08 3356410364 1.407831e-08 2620273024 1.407831e-08 4177016268 1.407831e-08 2480753293 1.407831e-08 3251328182 1.407831e-08 3584287056 1.407831e-08 1661868134 1.407831e-08 3822766993 1.407831e-08 3730019172 1.407831e-08 
2613373.0 1 1629863604 2.815662e-08 1924091726 
2613373.0 1 1493833725 2.815662e-08 3076001680 
2613373.0 1 552380491 2.815662e-08 2751602400 
2613373.0 1 2584856907 2.815662e-08 481400394 
2613439.0 1 253656606 2.815662e-08 2065940037 
2613444.0 1 249938527 2.815662e-08 4156410056 
2613478.0 1 2235064901 1.0280309099999998e-06 2584856907 
2613806.0 1 2235064901 1.04210931e-06 3378187523 
2613979.0 1 2235064901 1.05618731e-06 1905833305 
2613998.0 0 2235064901 1.056188e-06 110318614 
2614024.0 1 2235064901 1.0702663100000001e-06 1254429415 
2614098.0 1 2235064901 1.0843443100000002e-06 1871304206 
2614162.0 0 110318614 1.407831e-08 2919535035 
2614164.0 2 2235064901 1.084344e-06 249938527 2217687738 1.4e-08 2328187860 1.415661e-08 
2614205.0 1 2235064901 1.0984223100000002e-06 2620273024 
2614315.0 1 2235064901 1.11250031e-06 2197427154 
2614319.0 0 2235064901 1.112501e-06 1063934737 
2614344.0 1 2235064901 1.126501e-06 2217687738 
2614360.0 1 2235064901 1.15465761e-06 1629863604 
2614448.0 1 2235064901 1.18281361e-06 1493833725 
2614471.0 0 2235064901 1.182814e-06 3284371529 
2615241.0 1 2235064901 1.1968923100000002e-06 2480753293 
2615405.0 0 2235064901 1.196892e-06 3730019172 
2615540.0 1 2235064901 1.2250486099999999e-06 253656606 
2615848.0 1 2235064901 1.23912731e-06 354497373 
2616048.0 1 2235064901 1.2532053100000001e-06 3584287056 
2616209.0 1 3356410364 2.815662e-08 843598278 
2616351.0 0 2235064901 1.253206e-06 1797275806 
2616460.0 1 2235064901 1.2672843100000002e-06 1797275806 
2617299.0 0 110318614 1.407831e-08 1230311851 
2617526.0 1 2235064901 1.28136231e-06 3825172902 
2617539.0 1 2235064901 1.29544031e-06 3824375258 
2617782.0 1 2235064901 1.30951831e-06 1840937626 
2619020.0 1 2235064901 1.3235973100000001e-06 2445084109 
2619340.0 1 2235064901 1.3376753100000001e-06 682911345 
2619509.0 1 179097684 3.9199738e-07 1301910447 
2619789.0 1 2235064901 1.3517533100000002e-06 2087527840 
2619997.0 0 552380491 2.815661e-08 4177016268 
2620171.0 0 1661868134 1.407831e-08 2919535035 
2620501.0 0 2235064901 1.351754e-06 564959126 
2620694.0 1 2235064901 1.36583231e-06 2855048822 
2620913.0 1 2235064901 1.37991031e-06 2655011401 
2620943.0 1 2235064901 1.39398831e-06 3879652638 
2621363.0 0 2328187860 1.415661e-08 564959126 
2621390.0 0 552380491 2.815661e-08 698682927 
2621610.0 0 2235064901 1.393989e-06 3284371529 
2621944.0 0 1661868134 1.407831e-08 4177016268 
2622066.0 1 2235064901 1.4080673100000001e-06 110318614 
2624072.0 0 871205577 1.407831e-08 238807518 
2625120.0 1 2235064901 1.4221453100000002e-06 4088691616 
2626199.0 1 2235064901 1.4362233100000002e-06 3690557900 
2626746.0 1 2235064901 1.45030231e-06 4177016268 
2627741.0 0 2235064901 1.450302e-06 3822766993 
2628643.0 1 3251328182 2.815662e-08 1230311851 
2629283.0 1 2235064901 1.46438031e-06 238807518 
2630559.0 1 2235064901 1.47845831e-06 564959126 
2630947.0 1 2292589682 2.888e-08 118566979 
2630982.0 1 2235064901 1.4925363100000001e-06 176241382 
2632104.0 1 2235064901 1.5066153100000002e-06 4185666246 
2635018.0 1 2235064901 1.5206933100000002e-06 3284371529 
2635508.0 0 2039170765 1.4e-08 3314075649 
2637415.0 0 2235064901 1.520693e-06 3730019172 
2637872.0 1 2235064901 1.53477131e-06 3730019172 
2642715.0 1 3150846686 1.26832431e-06 3822766993 
2649339.0 1 2235064901 1.54885031e-06 1734007597 
2653628.0 0 552380491 2.815661e-08 2328187860 
2655324.0 1 3251328182 4.223492e-08 1661868134 
2658802.0 1 2235064901 1.56292831e-06 855708858 
2663319.0 1 426576124 4.5724890000000003e-07 3180086772 
2664289.0 0 1063934737 1.407831e-08 871205577 
2667095.0 1 2204676502 0.00028572791 3709881891 
2674865.0 0 1063934737 1.407831e-08 871205577 
2676653.0 0 3356410364 2.815661e-08 1063934737 
2680876.0 1 3251328182 7.039153e-08 552380491 
2683243.0 3 3459912306 1.408583e-08 3833074883 3408999490 1.4e-08 
2690736.0 1 3150846686 1.2824023100000001e-06 1063934737 
2699638.0 1 2235064901 1.5770063100000001e-06 1856937876 
2700843.0 1 3150846686 1.3820139700000001e-06 6723929 
2703235.0 1 3150846686 1.3960923100000001e-06 1450024594 
2721730.0 2 426576124 4.572489e-07 313359544 3438744891 1.4e-08 1501621654 1.48778e-08 
2726658.0 1 476505668 3.8080034e-07 965372172 
2733063.0 0 2328187860 1.415661e-08 2919535035 
2734566.0 0 2328187860 1.415661e-08 2919535035 
2736814.0 1 2235064901 1.591007e-06 2919535035 
2737697.0 1 2340740170 1.12088624e-06 3967778277 
2739707.0 0 476505668 3.808003e-07 2564127097 
2754392.0 1 1572835533 3.4007350000000002e-06 2391696826 
2759253.0 2 4055959668 3.158398e-07 265770918 2695808785 1.4e-08 399492375 2.091e-08 213831427 2.091e-08 
2762959.0 0 1572835533 3.400735e-06 2710766136 
2767210.0 3 3251328182 5.35216e-08 2328187860 2714424842 1.551327e-08 2282291379 1.551327e-08 
2778599.0 1 3150846686 1.410092e-06 3475245566 
2780467.0 1 2235064901 1.60652027e-06 2714424842 
2788536.0 0 1086559163 1.432604e-08 1128056158 
2790459.0 1 1068020906 0.00095509431 2710766136 
2793891.0 1 1572835533 3.414735e-06 3408999490 
2795832.0 1 1572835533 3.42882083e-06 3459912306 
2799915.0 1 373638573 1.00000001794827 2002691604 
2803287.0 1 2235064901 1.6346766099999998e-06 3356410364 
2816598.0 1 2235064901 1.648676e-06 678688578 
2830127.0 3 1543523724 1.577709e-08 2222966094 2654714783 1.4e-08 
2836497.0 1 2235064901 1.7021976e-06 3251328182 
2848603.0 1 2235064901 1.7177112699999999e-06 2282291379 
2859331.0 0 3534547045 8.275842e-07 698682927 
2878044.0 0 2340740170 1.120887e-06 213831427 
2878152.0 1 3150846686 1.4241703100000001e-06 871205577 
2879737.0 0 1068020906 0.0009550943 250347941 
2885805.0 1 1572835533 3.44290683e-06 1517815290 
2897561.0 1 2519559028 8.189816999999999e-07 3593659676 
2901446.0 2 3534547045 8.3436363e-07 1761715697 2993076447 1.75454e-08 
2903955.0 1 2235064901 1.73178931e-06 769315986 
2904197.0 1 3534547045 8.51909e-07 2993076447 
2907932.0 1 373638573 1.00000002791 3838279446 
2952924.0 0 3150846686 1.42417e-06 1128056158 
2956124.0 0 1572835533 3.442906e-06 734120091 
2998614.0 0 2340740170 1.120887e-06 4138371369 
2999844.0 0 1572835533 3.442906e-06 2039170765 
3043045.0 1 3150846686 1.43889778e-06 2999719241 
3061403.0 1 2340740170 1.134887e-06 3314075649 
3066251.0 1 3150846686 1.452898e-06 734120091 
3075675.0 1 3534547045 8.6598731e-07 698682927 
3080585.0 1 2340740170 1.155797e-06 399492375 
3121606.0 0 4055959668 3.158398e-07 630280293 
3156029.0 1 4055959668 3.3378807e-07 3223248356 
3162081.0 1 2340740170 1.17083569e-06 2564127097 
3162651.0 0 1572835533 3.442906e-06 1086559163 
3172800.0 0 2340740170 1.170835e-06 1771264541 
3172913.0 1 481808867 2.8790859999999998e-08 1298902656 
3206746.0 3 179097684 3.8279424000000003e-07 2670951229 2171266278 2.335767e-08 
3210854.0 0 179097684 3.827942e-07 2171266278 
3210870.0 1 179097684 4.0615187e-07 2171266278 
3223966.0 1 476505668 3.948003e-07 1869365069 
3234814.0 2 1543523724 1.6427589999999998e-08 2213923665 771038762 1.4e-08 
3256145.0 3 66987975 1.46505e-08 771038762 2768208421 1.4e-08 
3269317.0 1 2340740170 1.184835e-06 4278040469 
3283615.0 0 2340740170 1.184835e-06 1543523724 
3302989.0 1 2340740170 1.198835e-06 2654714783 
3384654.0 1 2340740170 1.21411777e-06 4088625113 
3385102.0 1 1572835533 3.8377063e-06 476505668 
3386088.0 1 1068020906 0.00095512318001 2292589682 
3407899.0 1 373638573 1.000000014 4201342597 
3412498.0 1 1572835533 3.851707e-06 2768208421 
3423938.0 1 1572835533 3.865707e-06 2039170765 
3451073.0 2 1572835533 3.86570706e-06 4055959668 3297235373 1.4e-08 776688125 1.453582e-08 3663377129 1.453582e-08 898071713 1.453582e-08 220748477 1.453582e-08 2470646831 1.453582e-08 1965972368 1.453582e-08 1426981231 1.453582e-08 1535034065 1.453582e-08 1483909303 1.453582e-08 846691466 1.453582e-08 3623563876 1.453582e-08 3872525629 1.453582e-08 3827929005 1.453582e-08 63319263 1.453582e-08 3607398139 1.453582e-08 2574253871 1.453582e-08 3830801972 1.453582e-08 3673394291 1.453582e-08 2748669076 1.453582e-08 1220275327 1.453582e-08 4188119649 1.453582e-08 1275089537 1.453582e-08 
3451088.0 0 3673394291 1.453582e-08 3623563876 
3453061.0 1 1572835533 3.8802428200000005e-06 2574253871 
3454489.0 1 1572835533 3.89477882e-06 3623563876 
3455818.0 1 1572835533 3.9093138200000006e-06 1220275327 
3456569.0 0 1572835533 3.909314e-06 846691466 
3458957.0 0 1572835533 3.909314e-06 3827929005 
3474386.0 1 1572835533 3.92384982e-06 3830801972 
3480842.0 1 2340740170 1.22865382e-06 3663377129 
3483281.0 1 1572835533 3.93855503e-06 463844675 
3484736.0 1 1572835533 3.9530908200000005e-06 4188119649 
3489088.0 0 1572835533 3.953091e-06 898071713 
3491813.0 1 2235064901 1.74623e-06 3971437066 
3497665.0 0 481808867 2.879086e-08 894269343 
3514952.0 0 3827929005 1.453582e-08 630280293 
3518411.0 2 309459595 1.518632e-08 220748477 3700209637 1.4e-08 
3533539.0 0 1572835533 3.953091e-06 3297235373 
3553138.0 2 241690685 1.76573e-08 2748669076 3320450569 1.4e-08 
3559982.0 2 2418772576 2.0218580000000002e-08 1426981231 4148810631 1.4e-08 
3578716.0 1 1572835533 5.181745e-06 2340740170 
3580671.0 3 3872525629 1.453582e-08 3700209637 1268185054 1.4e-08 
3594185.0 2 3872525629 1.5071640000000002e-08 1965972368 2900628886 1.4e-08 
3598973.0 1 2235064901 1.7626575900000002e-06 1543523724 
3600249.0 1 3534547045 8.805231200000001e-07 3827929005 
3603125.0 2 2235064901 2.8236964400000004e-06 3150846686 3866772787 1.451328e-08 2056593038 1.451328e-08 1140472632 1.451328e-08 2774448923 1.451328e-08 975973597 1.451328e-08 933412597 1.451328e-08 927207199 1.451328e-08 2231250662 1.451328e-08 3085765731 1.451328e-08 1403954297 1.451328e-08 102828162 1.451328e-08 3962269793 1.451328e-08 604674024 1.451328e-08 4175762635 1.451328e-08 3421068049 1.451328e-08 4106915849 1.451328e-08 3953247145 1.451328e-08 977281884 1.451328e-08 335748715 1.451328e-08 3863839146 1.451328e-08 2025893757 1.451328e-08 1090143039 1.451328e-08 4013164456 1.451328e-08 253060996 1.451328e-08 3578947201 1.451328e-08 571790981 1.451328e-08 517786421 1.451328e-08 
3603170.0 1 2235064901 2.83821028e-06 3085765731 
3603177.0 1 2235064901 2.85272328e-06 975973597 
3603234.0 1 2235064901 2.8672362799999997e-06 2056593038 
3603269.0 1 2235064901 2.8817502799999997e-06 3953247145 
3603275.0 0 2235064901 2.88175e-06 4013164456 
3603380.0 1 2235064901 2.89626328e-06 977281884 
3603407.0 0 2235064901 2.896263e-06 2231250662 
3603495.0 1 3578947201 2.902656e-08 2025893757 
3603774.0 1 2235064901 2.91077628e-06 1403954297 
3604235.0 1 2235064901 2.92528928e-06 1140472632 
3604510.0 1 2235064901 2.93980328e-06 2231250662 
3604780.0 1 2235064901 2.95431628e-06 3866772787 
3604815.0 1 2235064901 2.9688292799999998e-06 335748715 
3604929.0 1 2235064901 2.9833432799999998e-06 3421068049 
3605112.0 0 2235064901 2.983343e-06 3863839146 
3605780.0 1 2235064901 2.99785628e-06 253060996 
3605906.0 1 373638573 1.00000001453582 1535034065 
3606572.0 0 2235064901 2.997856e-06 3962269793 
3607551.0 3 3872525629 1.507165e-08 2695808785 2308303797 1.4e-08 
3609896.0 1 2235064901 3.01236928e-06 3863839146 
3610350.0 0 1090143039 1.451328e-08 933412597 
3611105.0 1 2235064901 3.02688228e-06 927207199 
3615978.0 1 2235064901 3.04139628e-06 4175762635 
3617250.0 1 2235064901 3.05590928e-06 102828162 
3617805.0 0 2235064901 3.055909e-06 4013164456 
3618091.0 1 2235064901 3.07042228e-06 571790981 
3630822.0 1 2235064901 3.0849362799999998e-06 604674024 
3644794.0 1 2235064901 3.09944928e-06 4013164456 
3645420.0 0 4106915849 1.451328e-08 2774448923 
3649378.0 1 2235064901 3.1139622799999997e-06 933412597 
3650837.0 0 2235064901 3.113962e-06 517786421 
3656003.0 1 2235064901 3.12847528e-06 4106915849 
3656588.0 1 1572835533 5.19628082e-06 776688125 
3657618.0 1 2235064901 3.14298928e-06 517786421 
3659986.0 0 846691466 1.453582e-08 3797386594 
3666257.0 1 2235064901 3.15750228e-06 1090143039 
3675935.0 0 220564665 1.419648e-08 2308303797 
3679163.0 3 3578947201 1.4000000000000003e-08 63319263 2256454524 1.478119e-08 2316491956 1.478119e-08 
3700364.0 0 2235064901 3.157502e-06 2774448923 
3708263.0 1 1572835533 5.210816820000001e-06 1483909303 
3708549.0 1 2235064901 3.171502e-06 3578947201 
3710097.0 1 2235064901 3.18601528e-06 2774448923 
3716748.0 1 2235064901 3.20108765e-06 3872525629 
3717920.0 1 2519559028 8.3920029e-07 2418772576 
3733650.0 1 2519559028 8.532003e-07 3176785673 
3738768.0 1 2519559028 8.672003e-07 755060644 
3744658.0 0 1104410542 1.472778e-08 2470646831 
3750110.0 1 2235064901 3.2157375e-06 66987975 
3751904.0 0 2235064901 3.215738e-06 2256454524 
3755710.0 2 3673394291 1.5071640000000002e-08 2470646831 921835634 1.4e-08 
3757197.0 1 2235064901 3.23051919e-06 2256454524 
3765001.0 1 2235064901 3.24530019e-06 2316491956 
3794842.0 0 921835634 1.4e-08 2900628886 
3806760.0 0 2235064901 3.2453e-06 4148810631 
3807719.0 1 1572835533 5.2254675e-06 3884987045 
3836997.0 1 2235064901 3.2594964800000002e-06 220564665 
3874025.0 0 1572835533 5.225467e-06 2900628886 
3892244.0 1 1572835533 5.239467e-06 2900628886 
3900896.0 3 3534547045 8.8052296e-07 179097684 2606270759 1.4e-08 4081327903 1.400543e-08 4108567391 1.400543e-08 4281208133 1.400543e-08 1179141501 1.400543e-08 3325553423 1.400543e-08 4124564224 1.400543e-08 1852572783 1.400543e-08 2233621492 1.400543e-08 3229926557 1.400543e-08 2972065009 1.400543e-08 1823433846 1.400543e-08 4052933330 1.400543e-08 2601128578 1.400543e-08 3239027265 1.400543e-08 3357191835 1.400543e-08 2437059955 1.400543e-08 486617589 1.400543e-08 445707895 1.400543e-08 3750558344 1.400543e-08 2800683865 1.400543e-08 480183180 1.400543e-08 3892593010 1.400543e-08 776375684 1.400543e-08 1678023283 1.400543e-08 2118254765 1.400543e-08 3580551846 1.400543e-08 3446120764 1.400543e-08 248789546 1.400543e-08 
3900896.0 1 3325553423 2.801086e-08 1179141501 
3900900.0 0 3580551846 1.400543e-08 480183180 
3900906.0 1 3534547045 8.9452853e-07 3357191835 
3900909.0 1 3534547045 9.2253935e-07 3325553423 
3900939.0 1 3534547045 9.3654483e-07 2972065009 
3900960.0 0 3534547045 9.365448e-07 480183180 
3900982.0 1 4108567391 2.801086e-08 4081327903 
3900987.0 0 248789546 1.400543e-08 776375684 
3900989.0 1 3534547045 9.5055023e-07 480183180 
3901015.0 1 3534547045 9.6455563e-07 4124564224 
3901025.0 1 4108567391 4.201628e-08 3446120764 
3901027.0 0 3534547045 9.645557e-07 3239027265 
3901061.0 1 3534547045 9.7856113e-07 445707895 
3901327.0 0 3534547045 9.785611e-07 3229926557 
3901435.0 0 3534547045 9.785611e-07 4281208133 
3901518.0 1 3534547045 9.9256653e-07 4281208133 
3901845.0 1 2437059955 2.801086e-08 2233621492 
3902018.0 0 2437059955 2.801085e-08 486617589 
3902106.0 1 3750558344 2.800543e-08 2606270759 
3902627.0 1 3534547045 1.00657193e-06 2118254765 
3902729.0 1 3534547045 1.02057743e-06 1852572783 
3903120.0 1 3534547045 1.03458243e-06 3229926557 
3903233.0 1 3534547045 1.04858843e-06 486617589 
3903455.0 2 4108567391 4.201628e-08 2437059955 3416864524 1.4e-08 2130045942 1.401085e-08 
3903482.0 0 3534547045 1.048588e-06 248789546 
3903487.0 1 3534547045 1.06259343e-06 2601128578 
3903921.0 0 3534547045 1.062594e-06 3892593010 
3903944.0 1 3534547045 1.07659943e-06 3892593010 
3905131.0 0 4108567391 4.201628e-08 2130045942 
3905157.0 1 3534547045 1.09060443e-06 1823433846 
3906018.0 0 4108567391 4.201628e-08 776375684 
3906339.0 1 3534547045 1.10461043e-06 776375684 
3906793.0 0 3580551846 1.400543e-08 3239027265 
3906922.0 0 3534547045 1.10461e-06 248789546 
3907375.0 1 3534547045 1.11861543e-06 4052933330 
3907603.0 0 3534547045 1.118615e-06 248789546 
3908731.0 1 2235064901 3.2734970000000002e-06 2308303797 
3911674.0 1 3534547045 1.13262043e-06 248789546 
3911978.0 1 4108567391 5.6021710000000004e-08 3239027265 
3917941.0 0 4108567391 5.60217e-08 3416864524 
3918128.0 1 1572835533 5.25366348e-06 630280293 
3919189.0 1 1572835533 5.28053545e-06 2074240873 
3924999.0 1 4108567391 7.00217e-08 3416864524 
3931659.0 1 3750558344 4.201086e-08 1678023283 
3932342.0 1 2235064901 3.287497e-06 4148810631 
3933485.0 1 373638573 1.00000001453582 1275089537 
3938367.0 1 1572835533 5.294535e-06 101557930 
3951064.0 0 4108567391 7.00217e-08 3580551846 
3962883.0 3 4108567391 7.002169e-08 3750558344 14462253 1.4e-08 1937837823 1.400543e-08 2252599940 1.400543e-08 
3963610.0 1 4108567391 8.40217e-08 14462253 
3965656.0 1 2130045942 2.801628e-08 2252599940 
3967481.0 0 1837088337 1.577709e-08 1104410542 
3973006.0 1 4108567391 1.1203798000000001e-07 2130045942 
3974452.0 1 3534547045 1.14662643e-06 3580551846 
3977303.0 1 1572835533 5.308861039999999e-06 2027098952 
3979394.0 1 3534547045 1.16063143e-06 2800683865 
3982504.0 0 4108567391 1.12038e-07 1937837823 
3987619.0 0 4108567391 1.12038e-07 1937837823 
4002322.0 0 1572835533 5.308861e-06 1837088337 
4004856.0 0 4108567391 1.12038e-07 1937837823 
4005803.0 0 3534547045 1.160632e-06 1937837823 
4007159.0 1 3534547045 1.17463743e-06 1937837823 
4035213.0 2 3673394291 1.558493e-08 3962269793 2922107309 1.4e-08 
4035727.0 1 3673394291 2.958493e-08 2922107309 
4070116.0 1 2235064901 3.301497e-06 1771264541 
4084562.0 1 1572835533 5.3233968200000005e-06 898071713 
4089327.0 1 3534547045 1.188637e-06 3297235373 
4102596.0 1 373638573 1.00000001453582 3607398139 
4105019.0 2 2235064901 3.301497e-06 3673394291 3961635192 1.4e-08 917430777 1.558493e-08 
4105913.0 1 373638573 1.00000001431889 3492274228 
4106042.0 1 2235064901 3.3170819300000003e-06 917430777 
4106928.0 1 2235064901 3.3310810000000003e-06 3961635192 
4165327.0 3 2519559028 8.672002700000001e-07 426576124 3767002695 4.348621e-08 4078497741 1.426768e-08 3132125139 1.426768e-08 3242796679 1.426768e-08 444974319 1.426768e-08 3734593757 1.426768e-08 759964359 1.426768e-08 111235536 1.426768e-08 1490861810 1.426768e-08 845186953 1.426768e-08 2279859862 1.426768e-08 1407916447 1.426768e-08 3539250331 1.426768e-08 2929070229 1.426768e-08 368451981 1.426768e-08 3340012098 1.426768e-08 3876565829 1.426768e-08 2937776487 1.426768e-08 4232177374 1.426768e-08 34775558 1.426768e-08 747443871 1.426768e-08 2640871332 1.426768e-08 2542288242 1.426768e-08 1056843563 1.426768e-08 303951786 1.426768e-08 834694043 1.426768e-08 3563967453 1.426768e-08 2046636587 1.426768e-08 248584559 1.426768e-08 2069589902 1.426768e-08 
4165327.0 1 3767002695 5.775389e-08 4078497741 
4165327.0 1 3767002695 7.202156e-08 2069589902 
4185579.0 1 3539250331 2.853536e-08 759964359 
4195802.0 0 2810179169 1.444e-08 3340012098 
4207106.0 0 2519559028 8.672003e-07 834694043 
4208740.0 0 3539250331 2.853536e-08 4232177374 
4243720.0 0 1572835533 5.323397e-06 3320450569 
4269367.0 0 481808867 2.879086e-08 1056843563 
4282807.0 1 1068020906 0.00095515199086 481808867 
4323529.0 1 373638573 1.00000002791 3428193420 
4341879.0 3 3767002695 4.6292030000000005e-08 515125813 1235889872 1.990768e-08 3775520932 1.990768e-08 
4343767.0 1 2519559028 8.814679799999999e-07 2046636587 
4349155.0 1 373638573 1.0000000148778 1501621654 
4367910.0 3 2933223072 1.450596e-08 921835634 3189348033 1.4e-08 
4411075.0 1 1572835533 5.33790296e-06 2933223072 
4438815.0 1 1572835533 5.352343e-06 894269343 
4445105.0 1 2519559028 8.9573568e-07 3340012098 
4476074.0 1 1572835533 5.366343e-06 3189348033 
4541014.0 2 846691466 1.4803500000000001e-08 248584559 3568714221 1.4e-08 
4724300.0 3 1572835533 5.36634299e-06 3767002695 1972280475 1.4e-08 1620253739 1.614602e-08 36858200 1.614602e-08 
4724770.0 1 1572835533 5.38248902e-06 36858200 
4725377.0 0 1572835533 5.382489e-06 1972280475 
4734137.0 1 1572835533 5.396489e-06 1972280475 
4737994.0 1 1572835533 5.41263502e-06 1620253739 
4743046.0 0 845186953 1.426768e-08 3132125139 
4823883.0 0 2542288242 1.426768e-08 3568714221 
4931473.0 0 1572835533 5.412635e-06 213831427 
4989456.0 1 373638573 1.0000000148035 846691466 
