1.062176 1 3534547045 3.0701e-07 1731090175 
143.6441 1 486050091 5.582e-08 1631081845 
169.2723 1 1572835533 3.0701e-07 242414939 
214.3463 1 1572835533 3.3492e-07 197654791 
408.1868 1 4031050948 3.0701e-07 3833318790 
478.6194 1 3921011129 3.0701e-07 1584276479 
500.0709 1 1572835533 3.6283e-07 1502094437 
589.6036 1 3534547045 3.3492e-07 925199572 
630.7719 1 1465560917 3.0701e-07 3555679070 
631.3872 1 3373526895 3.0701e-07 3841896594 
928.8784 1 3150846686 3.0701e-07 725558489 
2969.909 1 3373526895 3.3492e-07 3919821980 
3048.659 1 3150846686 3.3492e-07 2835620284 
3092.471 0 1379399837 2.791e-08 778035964 
4206.606 1 3534547045 3.6283e-07 582973675 
4977.178 1 1572835533 3.9073999999999996e-07 688805295 
5361.239 1 545239233 3.0701e-07 1123501568 
5896.018 1 1465560917 3.3492e-07 2693713428 
6133.656 0 3326748277 2.791e-08 3116505811 
7390.164 1 211811971 5.582e-08 3114612365 
8906.018 1 1572835533 4.1865e-07 259930472 
10284.21 1 1075699702 3.0701e-07 1541946641 
10734.24 1 3373526895 3.6283e-07 3800234335 
10989.9 1 3373526895 3.9073999999999996e-07 331336395 
12760.94 1 1465560917 3.6283e-07 2480932170 
13893.26 1 4031050948 3.3492e-07 3176785673 
13924.1 1 3534547045 3.9073999999999996e-07 3126241903 
15813.39 1 3737780296 3.0701e-07 2298477853 
15876.4 1 3534547045 4.1865e-07 632754209 
15878.36 0 211811971 5.582e-08 2718413753 
16563.42 1 2718413753 5.582e-08 257754683 
17492.04 0 2235064901 2.791e-07 3116505811 
18243.39 1 1494141940 5.582e-08 3421887303 
18753.13 1 4031050948 3.6283e-07 3824069879 
20514.41 0 287801793 2.791e-08 3150420704 
21263.77 1 1075699702 3.3492e-07 790319072 
22177.61 0 780264402 2.791e-08 2393342300 
23823.92 1 1465560917 3.9073999999999996e-07 770580294 
26046.76 1 179097684 3.0701e-07 1206764858 
26221.5 1 245436729 5.582e-08 1493201942 
28439.26 1 426576124 3.0701e-07 2326007700 
28504.44 0 3084497907 2.791e-08 3621383820 
28532.45 0 3150846686 3.3492e-07 4263717482 
29798.16 0 1516068388 2.791e-08 3707189490 
30618.39 0 3257166052 2.791e-08 2455496064 
31753.59 1 545239233 3.3492e-07 2308721517 
32979.26 1 2340740170 3.0701e-07 953296898 
37120.04 0 3889879026 2.791e-08 2038493855 
41468.97 0 545239233 3.3492e-07 3707189490 
41594.91 1 2555962951 3.0701e-07 3838279446 
43376.33 0 2669757562 2.791e-08 2856850640 
43619.13 1 3150846686 3.6283e-07 287801793 
43783.6 0 2870037616 2.791e-08 717226258 
44084.33 0 3921011129 3.0701e-07 3621383820 
44670.67 0 545239233 3.3492e-07 482917538 
45268.3 0 4259593397 2.791e-07 1986278615 
46114.25 1 4259593397 3.0701e-07 1156624510 
52083.61 1 2235064901 3.0701e-07 870323177 
56769.95 0 3616865126 2.791e-08 1379399837 
56978.23 0 1415695418 2.791e-08 3736894086 
57832.84 1 2487301543 5.582e-08 1037584679 
61494.44 1 1425083048 5.582e-08 4231632140 
63004.12 1 1661091397 5.582e-08 2038493855 
63727.51 1 1068020906 0.0009543279100000001 3015378843 
65230.34 0 2125112500 2.791e-08 387772665 
66191.06 1 4031050948 3.9073999999999996e-07 921425487 
67688.34 1 2235064901 3.6283e-07 1494141940 
68636.57 1 2235064901 3.9073999999999996e-07 387772665 
69381.48 0 3616865126 2.791e-08 858320168 
70799.62 1 2799798816 3.0701e-07 1503861029 
73911.59 0 3921011129 3.0701e-07 1738899943 
76381.1 1 2246051850 3.0701e-07 2870037616 
80996.91 0 3889879026 2.791e-08 2393342300 
81497.49 1 2799798816 3.3492e-07 2250879299 
82061.04 2 1572835533 7.1134042e-07 2246051850 3687573659 1.431958e-08 
82710.97 1 2799798816 3.6283e-07 3953846011 
84177.94 0 2125112500 2.791e-08 1738899943 
84627.41 1 3373526895 4.4656e-07 486050091 
84650.77 0 1465560917 3.9074e-07 941534069 
85694.3 1 3004792470 3.0701e-07 3490627259 
86105.27 0 1465560917 3.9074e-07 2451350669 
87228.34 1 3373526895 4.7447e-07 3938221642 
87968.59 1 2340740170 3.3492e-07 2737363250 
90029.84 1 1465560917 4.1865e-07 3357643131 
92710.79 0 862710978 2.791e-08 4252347608 
109427.3 1 3534547045 4.4656e-07 1134175585 
116000.8 1 1572835533 7.392504e-07 3241671100 
127787.3 1 1068020906 0.0009543558100000001 916523109 
136579.4 0 2349140130 2.791e-08 2406269022 
138817.6 1 3150846686 3.9073999999999996e-07 636961411 
139080.1 1 1068020906 0.00095438371 3228084226 
139182.0 0 3988949870 2.791e-08 2440120768 
140052.2 0 3373526895 4.7447e-07 2125112500 
145773.3 0 3004792470 3.0701e-07 164438789 
148376.8 1 1075699702 3.6283e-07 384163328 
151123.1 0 2349140130 2.791e-08 862710978 
153389.6 1 2542835646 5.582e-08 1444500749 
161680.0 2 3150846686 7.0818013e-07 545239233 3196256300 1.747987e-08 
161940.4 1 1661091397 8.373e-08 2393342300 
166833.5 3 2409063466 2.586874e-08 2779686750 848448836 1.497563e-08 2211003714 1.497563e-08 
168170.7 1 1572835533 7.671604000000001e-07 3497999925 
168764.9 0 3534547045 4.4656e-07 3061883439 
174779.9 1 3373526895 5.0238e-07 2455496064 
177003.3 1 40245973 5.582e-08 905418128 
180042.5 1 179097684 3.3492e-07 2349140130 
184132.2 0 2235064901 3.9074e-07 1379399837 
185809.1 0 2718413753 5.582e-08 314650893 
187887.7 0 3150846686 7.081801e-07 1321648343 
210732.7 1 3373526895 5.302900000000001e-07 3326748277 
211854.7 0 1465560917 4.1865e-07 2937387076 
212264.8 0 2235064901 3.9074e-07 2178051842 
213228.6 0 3800257563 2.791e-07 253808213 
213764.3 0 2440120768 2.791e-08 810769555 
224439.7 0 2178051842 2.791e-08 3908154577 
225748.5 2 3373526895 5.3029e-07 40245973 2916276788 1.4e-08 3696193412 2.091e-08 15308464 2.091e-08 
227771.7 0 2235064901 3.9074e-07 3150420704 
241268.2 1 1068020906 0.00095441161 3392858646 
258095.6 0 2718413753 5.582e-08 2409063466 
259853.3 0 3121047530 2.791e-08 1738899943 
262226.7 1 4031050948 4.1865e-07 3919026803 
262802.2 3 3373526895 5.302899699999999e-07 2235064901 1239307652 9.366479e-08 1945448119 1.414644e-08 3396227953 1.414644e-08 3321237907 1.414644e-08 3187199216 1.414644e-08 3330100144 1.414644e-08 310481256 1.414644e-08 817087088 1.414644e-08 551137729 1.414644e-08 1218250404 1.414644e-08 1035956119 1.414644e-08 1211996162 1.414644e-08 188552836 1.414644e-08 2029773149 1.414644e-08 302486611 1.414644e-08 1842102965 1.414644e-08 1285693762 1.414644e-08 1078741991 1.414644e-08 2723643411 1.414644e-08 1804212609 1.414644e-08 438292632 1.414644e-08 2001290253 1.414644e-08 
262802.2 1 1239307652 1.0781123e-07 1945448119 
262802.2 1 1239307652 1.2195764e-07 2001290253 
265750.7 1 3373526895 6.522477e-07 1239307652 
267231.0 1 3373526895 6.6639414e-07 2029773149 
267562.6 0 2340740170 3.3492e-07 405521437 
275708.0 0 3121047530 2.791e-08 310481256 
278437.7 2 3534547045 4.4656e-07 1661091397 3147695692 1.4e-08 3179285865 1.74325e-08 2173231515 1.74325e-08 740082705 1.74325e-08 2795063678 1.74325e-08 
278487.8 1 3534547045 4.639925e-07 740082705 
278917.2 1 3534547045 4.81425e-07 3179285865 
279033.2 1 3534547045 4.988575e-07 2795063678 
279379.0 1 3534547045 5.1629e-07 2173231515 
285743.5 3 3061883439 1.3999999999999998e-08 551137729 3642829293 1.402822e-08 2707128518 1.402822e-08 
285946.4 3 1866926464 1.4e-08 1035492323 474866315 2.091e-08 1639799867 2.091e-08 
288457.8 0 858320168 2.791e-08 1285693762 
298669.0 1 3373526895 6.8054054e-07 2723643411 
300703.2 0 2984600922 2.791e-07 1227575429 
300966.4 1 3373526895 6.9468694e-07 302486611 
302702.7 0 3921011129 3.0701e-07 2707128518 
305089.3 1 2799798816 3.9073999999999996e-07 1434594601 
306206.3 1 1068020906 0.0009544395100000001 2681375347 
308072.1 0 3534547045 5.1629e-07 2125112500 
311023.5 1 3150846686 7.2232654e-07 310481256 
311494.1 1 3921011129 3.3492e-07 780264402 
312388.9 0 778035964 2.791e-08 15308464 
312698.7 0 253808213 2.791e-08 2261252686 
314967.8 1 3921011129 3.4892e-07 3147695692 
317038.3 3 426576124 3.0700999999999994e-07 3737780296 1026028388 1.4e-08 1128056158 1.46505e-08 2909632847 1.46505e-08 937177227 1.46505e-08 3393811039 1.46505e-08 611212867 1.46505e-08 1104410542 1.46505e-08 2328232000 1.46505e-08 2999719241 1.46505e-08 1931993247 1.46505e-08 1494850122 1.46505e-08 3414514926 1.46505e-08 2312786130 1.46505e-08 3537925318 1.46505e-08 1634407402 1.46505e-08 3869596591 1.46505e-08 3375523036 1.46505e-08 772925454 1.46505e-08 2215785330 1.46505e-08 3491092596 1.46505e-08 57770090 1.46505e-08 
324450.6 0 3373526895 6.94687e-07 3187199216 
326456.9 0 4122240121 2.791e-08 3707189490 
328321.5 0 3197676583 2.791e-08 1458432161 
329865.9 0 2440120768 2.791e-08 343742982 
333208.1 0 3696193412 2.091e-08 817087088 
334476.6 0 858320168 2.791e-08 1735432893 
334586.3 1 4263717482 4.205644e-08 188552836 
340866.7 1 3373526895 7.0883344e-07 1285693762 
345720.5 0 2340740170 3.3492e-07 6723929 
346353.0 1 3373526895 7.2297984e-07 817087088 
350123.4 0 1465560917 4.1865e-07 3129006749 
350220.5 1 1465560917 4.4656e-07 741863299 
360258.4 0 3373526895 7.229799e-07 2916276788 
365419.1 0 4263717482 4.205644e-08 1211996162 
369783.2 0 3373526895 7.229799e-07 3084497907 
377223.8 0 3121047530 2.791e-08 1738899943 
381350.6 0 3709881891 2.791e-08 2906924538 
381546.8 1 3373526895 7.3712634e-07 3396227953 
385838.5 0 1035956119 1.414644e-08 2916276788 
386271.3 1 2340740170 3.6283e-07 3071234124 
395109.1 0 1075699702 3.6283e-07 2408568032 
396281.0 1 2340740170 3.9073999999999996e-07 3707189490 
396532.5 3 3621383820 1.4e-08 2528553283 3071577057 2.091e-08 1452489764 2.091e-08 
398685.9 1 2984600922 3.0496875000000003e-07 2409063466 
410122.9 1 373638573 1.00000002791 300193622 
411514.8 0 245436729 5.582e-08 1379399837 
417156.0 1 3534547045 5.442e-07 2125112500 
433377.9 0 3747246174 2.791e-08 1452489764 
444398.7 1 3373526895 7.650363e-07 3084497907 
448616.3 1 2984600922 3.328787e-07 717226258 
450265.1 0 3116505811 2.791e-08 1735432893 
455362.6 0 3373526895 7.650363e-07 1842102965 
455936.2 0 4263717482 4.205644e-08 1218250404 
459160.8 1 2340740170 4.1865e-07 1963165541 
471693.5 1 3373526895 7.791827400000001e-07 3321237907 
475540.3 1 3921011129 3.6291999999999997e-07 2916276788 
487285.7 0 1379399837 2.791e-08 3696193412 
487312.1 0 1790255658 2.791e-08 3687573659 
497998.2 2 3921011129 3.6292e-07 1425083048 4260098875 1.4e-08 3696843781 2.091e-08 2138100036 2.091e-08 
498714.3 0 3921011129 3.6292e-07 2138100036 
503056.2 0 2718413753 5.582e-08 2859795595 
503412.9 3 3704423751 1.4e-08 3020817656 1726701215 2.091e-08 1412415798 2.091e-08 
503979.9 1 1412415798 3.491e-08 3704423751 
505461.6 0 1412415798 3.491e-08 1726701215 
506373.4 1 3373526895 8.070927000000001e-07 1738899943 
510738.8 1 1412415798 5.582e-08 1726701215 
514201.9 3 1452489764 2.091e-08 4260098875 375852842 1.4e-08 
518884.4 0 3534547045 5.442e-07 2138100036 
526155.5 1 3921011129 3.9083e-07 858320168 
528244.3 1 245436729 8.373e-08 3121047530 
529741.1 3 4031050948 4.1864999e-07 2519559028 3593732192 2.615519e-08 3888264012 1.405249e-08 313359544 1.405249e-08 217284033 1.405249e-08 2151269300 1.405249e-08 3913511150 1.405249e-08 2962530363 1.405249e-08 2063946235 1.405249e-08 1172086036 1.405249e-08 690117576 1.405249e-08 3288380490 1.405249e-08 845665321 1.405249e-08 3122982648 1.405249e-08 1471982444 1.405249e-08 3303338876 1.405249e-08 2875471576 1.405249e-08 1738909006 1.405249e-08 356405251 1.405249e-08 2879167783 1.405249e-08 
532532.0 1 373638573 1.00000002791 2440120768 
534091.1 1 2984600922 3.475292e-07 57770090 
536670.5 1 3534547045 5.651100000000001e-07 2138100036 
539778.8 0 3921011129 3.9083e-07 1452489764 
542101.1 1 1572835533 7.8130684e-07 1804212609 
542693.3 0 1465560917 4.4656e-07 561528368 
550074.3 1 2542835646 7.013958e-08 3687573659 
552341.3 0 997905375 2.791e-08 251961497 
555298.2 0 862710978 2.791e-08 4252347608 
555398.3 0 1572835533 7.813069e-07 949068759 
558696.9 1 3004792470 3.2101e-07 1866926464 
560232.8 1 3150846686 7.3647304e-07 1842102965 
579079.3 0 3869596591 1.46505e-08 845665321 
593416.8 0 129185354 2.791e-08 1458432161 
605549.5 3 253808213 1.850436e-08 3736601249 3083352544 1.865782e-08 4198169764 1.865782e-08 
622239.1 0 3037779432 2.791e-08 3012070026 
622685.1 1 3921011129 4.0485822e-07 2707128518 
630189.5 1 1878784256 4.25605e-08 1104410542 
633972.2 1 3004792470 3.4892e-07 2911053862 
648642.6 3 2859795595 1.4e-08 2178051842 821115011 2.091e-08 2118016430 2.091e-08 
659984.1 0 3373526895 8.070927e-07 3889879026 
661486.8 3 1412415798 1.579048e-08 3129006749 1945735688 1.698488e-08 4093093422 1.698488e-08 2842015324 1.698488e-08 1249238030 1.698488e-08 
661488.5 0 3534547045 5.6511e-07 3749853089 
661697.9 0 4093093422 1.698488e-08 1412415798 
663291.6 0 3534547045 5.6511e-07 3749853089 
663363.6 1 3534547045 5.9302e-07 3749853089 
664309.5 1 3534547045 6.0704822e-07 3642829293 
667687.0 3 3889879026 2.3734880000000002e-08 2842015324 3214077756 2.116e-08 
668838.1 3 3747246174 1.4e-08 1412415798 879162223 1.485024e-08 3884425642 1.485024e-08 
669078.2 2 3373526895 8.070927e-07 245436729 1149406307 1.4e-08 3528332227 1.74325e-08 4004407106 1.74325e-08 451270221 1.74325e-08 3149440925 1.74325e-08 
669110.5 1 3373526895 8.210927e-07 1149406307 
675171.5 0 3884425642 1.485024e-08 3747246174 
675366.7 0 3373526895 8.210927e-07 3616865126 
682484.7 1 3921011129 4.222907e-07 3528332227 
683114.9 0 3534547045 6.070482e-07 3214077756 
687526.6 0 3498415124 2.791e-08 2859795595 
689709.9 0 3498415124 2.791e-08 451270221 
689920.3 0 3537925318 1.46505e-08 2962530363 
694653.7 1 3534547045 6.282082e-07 3214077756 
705546.4 3 3373526895 8.210927e-07 4263717482 2250775120 1.4e-08 1130108289 1.402822e-08 2177968201 1.402822e-08 
707176.9 0 2118016430 2.091e-08 3187199216 
709257.9 1 3373526895 8.351209199999999e-07 1130108289 
710778.4 1 2340740170 4.4656e-07 1327969783 
712102.6 0 3373526895 8.35121e-07 3149440925 
716381.5 1 3149440925 3.146072e-08 2177968201 
737990.9 1 3373526895 8.6658172e-07 3149440925 
738947.0 1 3373526895 8.8072814e-07 1211996162 
745574.0 0 3534547045 6.282082e-07 3071577057 
751268.4 1 2542835646 9.104958e-08 1639799867 
753333.9 0 3921011129 4.222907e-07 3889879026 
767551.5 1 3373526895 9.086381e-07 3616865126 
768497.0 1 2340740170 7.5357e-07 4259593397 
773227.4 0 1222799196 2.791e-07 3891448235 
774787.6 0 3908154577 2.791e-08 1218250404 
807323.3 3 1945735688 1.698488e-08 3747246174 2914302410 1.4e-08 
807704.6 3 3696843781 1.962131e-08 1218250404 3655816389 1.543513e-08 
813187.1 2 1249238030 1.783512e-08 3884425642 3485819286 1.4e-08 
814803.7 1 1249238030 3.183512e-08 3485819286 
819295.5 1 1572835533 7.962825299999999e-07 2211003714 
825619.3 0 3534547045 6.282082e-07 438292632 
835117.1 0 879162223 1.485024e-08 438292632 
852711.0 1 2340740170 7.8148e-07 1434498202 
852848.5 1 179097684 3.5190488e-07 1945735688 
859579.2 3 3257166052 1.3999999999999998e-08 3187199216 1382686479 1.402822e-08 1803925302 1.402822e-08 
867277.5 0 179097684 3.519049e-07 2914302410 
867294.9 1 179097684 3.659049e-07 2914302410 
870144.2 1 426576124 3.3492e-07 825415804 
874256.4 1 3534547045 6.422082e-07 3257166052 
892528.6 1 3373526895 9.365481e-07 3498415124 
894069.3 0 3424908067 2.791e-08 879162223 
911006.3 0 405521437 2.791e-08 15308464 
911908.4 0 179097684 3.659049e-07 3424908067 
914075.2 0 3150846686 7.36473e-07 314650893 
917331.5 3 941534069 2.166298e-08 848448836 3293059020 2.122265e-08 
920298.0 0 3373526895 9.365481e-07 879162223 
920346.7 1 179097684 3.938149e-07 3424908067 
923329.6 0 2984600922 3.475292e-07 1593891639 
924148.9 0 3232700421 2.791e-08 1382686479 
924944.5 1 1465560917 8.0939e-07 1075699702 
932983.0 0 1249238030 3.183512e-08 438292632 
945558.0 1 1068020906 0.00095446751 3268335666 
949129.1 1 3921011129 4.362907e-07 2859795595 
955845.2 1 3373526895 9.539806e-07 451270221 
979671.4 1 4031050948 4.4656e-07 4061687915 
983800.4 0 1465560917 8.0939e-07 2074240873 
996865.6 3 754869367 2.571269e-08 3083352544 378125977 2.085513e-08 
997671.9 1 179097684 4.1754977999999997e-07 3889879026 
1004249.0 1 1572835533 8.171925000000001e-07 15308464 
1007114.0 0 1382686479 1.402822e-08 375852842 
1008242.0 0 3908154577 2.791e-08 879162223 
1008522.0 0 2718413753 5.582e-08 290926289 
1018240.0 3 778035964 2.791e-08 3621383820 2159618959 1.4e-08 
1019739.0 0 3293059020 2.122265e-08 3196256300 
1020573.0 0 3655816389 1.543513e-08 3061883439 
1025595.0 0 1593850299 2.791e-08 1790255658 
1038467.0 2 179097684 4.175498e-07 1249238030 2441325815 1.4e-08 3401497744 1.783512e-08 
1040430.0 1 179097684 4.3538492e-07 3401497744 
1045738.0 0 3534547045 6.422082e-07 2312786130 
1047054.0 1 373638573 1.00000002791 1239791232 
1049013.0 1 2340740170 7.9548e-07 2250775120 
1049876.0 1 179097684 4.632949e-07 4252347608 
1054940.0 1 1068020906 0.0009544954100000001 2504591099 
1062616.0 0 2340740170 7.9548e-07 1593850299 
1080792.0 0 3373526895 9.539806e-07 3696193412 
1086410.0 1 3004792470 6.559299999999999e-07 2555962951 
1094252.0 1 3373526895 9.714131e-07 4004407106 
1108295.0 0 179097684 4.632949e-07 2441325815 
1116292.0 0 179097684 4.632949e-07 2441325815 
1117930.0 0 179097684 4.632949e-07 438292632 
1148529.0 3 2870158420 2.504032e-08 1128056158 4069401935 1.752018e-08 
1148668.0 0 862710978 2.791e-08 1452489764 
1169060.0 1 3373526895 9.993231e-07 1379399837 
1173710.0 1 3534547045 6.562082e-07 2159618959 
1177191.0 0 314650893 2.791e-08 1035956119 
1184617.0 3 3116505811 2.232337e-08 879162223 134948105 2.043687e-08 
1219743.0 1 179097684 4.772949e-07 2441325815 
1248776.0 1 373638573 1.00000001405249 2879167783 
1256801.0 0 314650893 2.791e-08 821115011 
1258273.0 1 373638573 1.00000001405249 3888264012 
1258961.0 1 2340740170 8.233900000000001e-07 290926289 
1267476.0 0 2406269022 2.791e-08 2118016430 
1273588.0 0 211811971 5.582e-08 314650893 
1279606.0 1 3921011129 4.5172583e-07 3655816389 
1281778.0 3 2937387076 1.4e-08 1321648343 1998372786 2.091e-08 2455922112 2.091e-08 
1298657.0 1 3004792470 6.705805e-07 2909632847 
1301943.0 0 3534547045 6.562082e-07 3116505811 
1330078.0 0 3534547045 6.562082e-07 3061883439 
1346177.0 1 3150846686 7.64383e-07 2932274237 
1347220.0 1 373638573 1.00000001405249 313359544 
1356036.0 2 3373526895 1.4197068e-06 3921011129 3059103076 1.567105e-08 432337108 1.567105e-08 
1368037.0 0 3373526895 1.419707e-06 3059103076 
1369707.0 1 1068020906 0.00095452331 828787466 
1374962.0 0 3373526895 1.419707e-06 3059103076 
1377188.0 0 3373526895 1.419707e-06 3059103076 
1380361.0 1 2455922112 3.491e-08 2937387076 
1383662.0 0 3373526895 1.419707e-06 821115011 
1383696.0 1 3373526895 1.4406169999999999e-06 821115011 
1401417.0 0 2340740170 8.2339e-07 2263814062 
1405447.0 1 3373526895 1.45628805e-06 3059103076 
1408073.0 1 2799798816 4.1865e-07 1593891639 
1408487.0 1 3373526895 1.484198e-06 3232700421 
1423696.0 0 4093093422 1.698488e-08 438292632 
1425219.0 1 3373526895 1.49986905e-06 432337108 
1429901.0 0 1572835533 8.171925e-07 2451350669 
1440297.0 0 1790255658 2.791e-08 1481166135 
1470728.0 0 3150846686 7.64383e-07 873214132 
1478656.0 1 3373526895 1.51401544e-06 1078741991 
1478999.0 3 862710978 2.791e-08 3061883439 1902671923 1.4e-08 
1480806.0 0 1452489764 2.091e-08 375852842 
1481128.0 1 862710978 4.1909999999999996e-08 1902671923 
1495678.0 0 2620740164 2.791e-08 1494850122 
1496369.0 1 3373526895 1.52804322e-06 1803925302 
1505723.0 3 3293059020 1.399999e-08 2118016430 4209590891 1.406633e-08 77395223 1.406633e-08 
1510186.0 1 1465560917 9.0043958e-07 2542835646 
1536997.0 0 2455922112 3.491e-08 405521437 
1550796.0 0 3197676583 2.791e-08 1593850299 
1557665.0 1 3534547045 6.841182e-07 314650893 
1562583.0 1 373638573 1.0000000146505 2312786130 
1570045.0 1 1068020906 0.00095455121 728028737 
1578104.0 1 3373526895 1.555954e-06 873214132 
1597376.0 0 2487301543 5.582e-08 4188445920 
1608918.0 1 373638573 1.00000002791 315200650 
1617731.0 1 179097684 4.982049e-07 1452489764 
1629450.0 0 3071577057 2.091e-08 3696843781 
1653473.0 0 4122240121 2.791e-08 3293059020 
1657408.0 0 1465560917 9.004396e-07 2063946235 
1661964.0 2 179097684 4.982049e-07 862710978 3592986772 1.4e-08 1246511018 2.791e-08 
1669367.0 0 179097684 4.982049e-07 1246511018 
1669447.0 0 179097684 4.982049e-07 1246511018 
1670936.0 0 179097684 4.982049e-07 1246511018 
1673858.0 0 3696843781 1.962131e-08 3592986772 
1681144.0 0 3534547045 6.841182e-07 3696193412 
1684492.0 0 179097684 4.982049e-07 1246511018 
1700824.0 0 3775452048 2.791e-08 482917538 
1700846.0 1 1068020906 0.0009545658505 3375523036 
1702902.0 1 1068020906 0.0009545804505000001 3393811039 
1706242.0 1 373638573 1.00000002504032 2870158420 
1714340.0 1 1465560917 9.353496e-07 2455922112 
1745047.0 1 179097684 5.261149000000001e-07 1246511018 
1752175.0 0 869234806 2.791e-08 6723929 
1768974.0 0 1465560917 9.353496e-07 1481166135 
1770812.0 0 2984600922 3.475292e-07 1790255658 
1781081.0 0 3534547045 6.841182e-07 134948105 
1794449.0 3 3908154577 1.4e-08 2406269022 3986570268 2.091e-08 174500547 2.091e-08 
1830757.0 2 3071577057 2.734687e-08 134948105 4083845756 1.4e-08 
1853701.0 0 3373526895 1.555954e-06 3330100144 
1865905.0 1 373638573 1.00000002791 732124878 
1877495.0 3 385785803 1.4e-08 102901530 110358663 2.091e-08 1370908750 2.091e-08 
1888660.0 1 3150846686 7.92293e-07 838860310 
1911848.0 3 3071577057 1.7494010000000004e-08 3986570268 1837234470 1.538143e-08 2945849429 1.538143e-08 
1916210.0 1 3373526895 1.57133543e-06 1837234470 
1956201.0 1 3534547045 7.050282e-07 174500547 
1959942.0 0 778035964 2.791e-08 375852842 
1990995.0 3 3696193412 2.091e-08 3908154577 66296937 1.4e-08 
2000167.0 0 179097684 5.261149e-07 3696843781 
2012916.0 0 3373526895 1.571335e-06 3071577057 
2019331.0 3 778035964 1.3999999999999998e-08 438292632 976558236 1.402822e-08 2438291630 1.402822e-08 
2025475.0 0 1222799196 2.791e-07 3537925318 
2027907.0 1 3373526895 1.599245e-06 405521437 
2038849.0 1 373638573 1.00000001865782 4198169764 
2047573.0 1 2340740170 8.513e-07 2620740164 
2078449.0 0 2799798816 4.1865e-07 1019134040 
2078719.0 1 3373526895 1.6146264300000001e-06 2945849429 
2186847.0 0 3534547045 7.050282e-07 66296937 
2187537.0 1 3373526895 1.6286542200000001e-06 1382686479 
2217569.0 0 3150420704 2.791e-08 2063946235 
2221610.0 1 3150846686 8.48113e-07 2718413753 
2244959.0 0 3534547045 7.050282e-07 3696193412 
2247710.0 1 3373526895 1.64270749e-06 2063946235 
2260825.0 1 3373526895 1.670617e-06 4122240121 
2263049.0 0 3373526895 1.670617e-06 3330100144 
2268284.0 1 373638573 1.00000002791 3709881891 
2292562.0 0 2340740170 8.513e-07 1172086036 
2307728.0 1 373638573 1.0000000146505 1494850122 
2315584.0 1 426576124 3.6283e-07 888311950 
2335009.0 1 1068020906 0.0009545951505 3414514926 
2339203.0 2 1572835533 8.1877558e-07 1458432161 906368509 2.632692e-08 
2342999.0 0 3373526895 1.670617e-06 3330100144 
2347783.0 3 343742982 1.4000000000000003e-08 3696193412 3783228500 1.741e-08 2858952728 1.741e-08 
2349651.0 0 2984600922 3.475292e-07 3537925318 
2368483.0 0 1593850299 2.791e-08 1516068388 
2376233.0 1 3534547045 7.273515700000001e-07 3116505811 
2416170.0 0 179097684 5.261149e-07 4093093422 
2429287.0 0 4031050948 4.4656e-07 2466232951 
2538951.0 1 1068020906 0.0009546091524899999 356405251 
2570014.0 1 3534547045 7.4137982e-07 2438291630 
2610977.0 1 4031050948 4.7227268e-07 754869367 
2611591.0 1 3373526895 1.69147213e-06 378125977 
2631264.0 2 2340740170 1.15753182e-06 2984600922 395113485 2.064869e-08 4019363830 2.064869e-08 
2635518.0 1 373638573 1.00000002791 4046076794 
2639423.0 3 2919643181 1.3999999999999996e-08 4069401935 3016084464 1.571509e-08 921818415 1.571509e-08 
2653639.0 0 3373526895 1.691472e-06 3150420704 
2675768.0 0 3823443426 2.791e-08 2858952728 
2679418.0 0 1878784256 4.25605e-08 2858952728 
2684840.0 1 179097684 5.4573621e-07 3696843781 
2703788.0 3 3330100144 1.414644e-08 375852842 2892683898 1.4e-08 
2717200.0 1 3373526895 1.7193820000000001e-06 1735432893 
2735755.0 3 3330100144 1.414644e-08 343742982 3697249003 1.4e-08 
2770226.0 3 4093093422 1.698488e-08 2892683898 3983774618 1.4e-08 
2773742.0 1 179097684 5.597362e-07 3983774618 
2776090.0 1 179097684 5.7672108e-07 4093093422 
2793187.0 1 3373526895 1.7335284399999998e-06 3330100144 
2810017.0 1 2340740170 1.17818069e-06 4019363830 
2917470.0 3 211811971 2.335465e-08 4209590891 4187488967 1.551056e-08 898751805 1.551056e-08 3632514288 1.551056e-08 
2926022.0 0 2340740170 1.178181e-06 3823443426 
2948885.0 3 129185354 1.4e-08 2074240873 410848061 2.091e-08 2791633391 2.091e-08 
2978027.0 1 3373526895 1.754439e-06 2791633391 
2995241.0 3 1572835533 8.1877556e-07 1222799196 630280293 1.4e-08 4212779140 1.472778e-08 3459374364 1.472778e-08 2125331604 1.472778e-08 3113062634 1.472778e-08 847040419 1.472778e-08 4240624600 1.472778e-08 1565786989 1.472778e-08 2286860921 1.472778e-08 3707879645 1.472778e-08 2746930994 1.472778e-08 4075596975 1.472778e-08 4283280385 1.472778e-08 538453177 1.472778e-08 3121292019 1.472778e-08 3349724438 1.472778e-08 4253718737 1.472778e-08 3297362622 1.472778e-08 1751902433 1.472778e-08 
2995327.0 1 3121292019 2.945556e-08 3459374364 
3002834.0 1 1572835533 8.3350338e-07 4075596975 
3004420.0 1 373638573 1.00000001405249 3913511150 
3008326.0 1 1572835533 8.482310800000001e-07 1751902433 
3039347.0 0 1019134040 2.791e-08 3732071459 
3042021.0 0 1593850299 2.791e-08 1565786989 
3058264.0 1 1572835533 8.629588800000001e-07 4212779140 
3064469.0 3 1128709694 1.4e-08 2746930994 2878871175 1.431889e-08 3083717413 1.431889e-08 
3064724.0 1 3534547045 7.5540802e-07 976558236 
3082969.0 0 179097684 5.767211e-07 810769555 
3143177.0 0 410848061 2.091e-08 3113062634 
3168450.0 1 2340740170 1.206091e-06 2046083849 
3196706.0 0 3150846686 8.48113e-07 1593850299 
3201353.0 1 3004792470 6.984905e-07 1651612823 
3237916.0 1 3534547045 7.69408e-07 66296937 
3245429.0 0 3632514288 1.551056e-08 4253718737 
3496321.0 0 2799798816 4.1865e-07 921818415 
3506672.0 0 1465560917 9.353496e-07 2906924538 
3536757.0 0 911013108 2.791e-08 1128709694 
3540917.0 1 1572835533 8.7768668e-07 2286860921 
3555199.0 1 1068020906 0.00095463711 1347872676 
3629688.0 1 3534547045 7.8690202e-07 3071577057 
3658527.0 1 3534547045 8.00902e-07 3592986772 
3666552.0 3 3933289935 1.483306e-08 4187488967 220564665 1.429375e-08 3653734512 1.429375e-08 
3720960.0 1 4031050948 4.869231999999999e-07 772925454 
3730919.0 1 373638573 1.00000002791 2906924538 
3755841.0 3 511603307 2.791e-08 3697249003 3815024321 1.4e-08 
3770518.0 0 3150846686 8.48113e-07 1593850299 
3799349.0 0 3150846686 8.48113e-07 3774459889 
3822708.0 1 1572835533 8.985967000000001e-07 410848061 
3855782.0 2 3150846686 8.48113e-07 3121292019 1428265047 1.4e-08 3604532305 1.545556e-08 
3890881.0 0 426576124 3.6283e-07 3593732192 
3922086.0 1 1465560917 9.527596e-07 3783228500 
3940472.0 0 3150846686 8.48113e-07 3604532305 
3949161.0 0 3150846686 8.48113e-07 3604532305 
4005866.0 0 3534547045 8.00902e-07 90391199 
4117947.0 1 373638573 1.00000002791 2669757562 
4164200.0 1 3373526895 1.76850533e-06 77395223 
4198832.0 0 906368509 2.632692e-08 3632514288 
4248701.0 1 2340740170 1.22081878e-06 4283280385 
4291059.0 1 373638573 1.00000001850437 253808213 
4297705.0 0 1572835533 8.985967e-07 3604532305 
4370647.0 1 3150846686 8.760230000000001e-07 3732071459 
4383913.0 1 179097684 5.9144888e-07 847040419 
4385053.0 0 598947138 2.791e-08 941534069 
4447001.0 1 1572835533 9.160765699999999e-07 3196256300 
4597888.0 0 869234806 2.791e-08 949068759 
4606341.0 0 2487301543 5.582e-08 1035956119 
4615249.0 1 3373526895 1.782505e-06 2919643181 
4622185.0 0 659524895 2.791e-08 3349724438 
4780828.0 0 3150846686 8.76023e-07 1998372786 
4819419.0 0 3373526895 1.782505e-06 1593850299 
4827642.0 1 1465560917 9.6748738e-07 3707879645 
4848259.0 0 1572835533 9.160765e-07 1458665800 
4928907.0 3 90391199 2.791e-08 778035964 1869365069 1.4e-08 
4951723.0 0 3534547045 8.00902e-07 90391199 
4966499.0 1 1465560917 9.953974000000001e-07 2205180068 
4975382.0 3 1878784256 1.4e-08 921818415 965372172 1.475853e-08 607396504 1.475853e-08 2533881277 1.475853e-08 
5083155.0 1 1572835533 9.300765e-07 1428265047 
5110411.0 0 2340740170 1.220818e-06 3774459889 
5200514.0 0 911013108 2.791e-08 395113485 
5396366.0 0 3534547045 8.00902e-07 1869365069 
5479443.0 1 1465560917 1.0101559299999999e-06 965372172 
5605376.0 1 1068020906 0.00095465115249 217284033 
5617393.0 0 1572835533 9.300765e-07 906368509 
5638173.0 1 3373526895 1.810415e-06 3150420704 
5779141.0 1 2340740170 1.2487280000000001e-06 482917538 
6031815.0 3 3988949870 1.4e-08 211811971 472358284 1.863232e-08 1950077488 1.863232e-08 
6038660.0 2 3534547045 8.0354504e-07 395113485 1820499179 1.800565e-08 
6042493.0 1 3373526895 1.82517353e-06 607396504 
6107318.0 1 3534547045 8.215507500000001e-07 1820499179 
6119474.0 1 3004792470 7.1254299e-07 845665321 
6121177.0 3 3823443426 1.4e-08 1458665800 4055959668 2.091e-08 528880979 2.091e-08 
6184493.0 1 373638573 1.00000002791 561528368 
6189743.0 3 3534547045 6.491322399999995e-07 179097684 3778036871 1.414569e-08 1405660995 1.414569e-08 3662110242 1.414569e-08 2247026945 1.414569e-08 4032129539 1.414569e-08 4035587434 1.414569e-08 3111692719 1.414569e-08 1398579088 1.414569e-08 2501379955 1.414569e-08 3332562587 1.414569e-08 3562383954 1.414569e-08 2521380987 1.414569e-08 4119421155 1.414569e-08 1913762779 1.414569e-08 3678948817 1.414569e-08 2489195127 1.414569e-08 3929228125 1.414569e-08 3160344427 1.414569e-08 3182159117 1.414569e-08 766581564 1.414569e-08 3702894340 1.414569e-08 3532745758 1.414569e-08 1072840122 1.414569e-08 3294683754 1.414569e-08 1676003954 1.414569e-08 4285585893 1.414569e-08 2674988631 1.414569e-08 406745133 1.414569e-08 2883513480 1.414569e-08 783121895 1.414569e-08 2683944377 1.414569e-08 2961226102 1.414569e-08 301219709 1.414569e-08 1743198400 1.414569e-08 3059144981 1.414569e-08 3952655669 1.414569e-08 2848685905 1.414569e-08 1826422368 1.414569e-08 896813269 1.414569e-08 37051273 1.414569e-08 1867247157 1.414569e-08 3633199892 1.414569e-08 1736323711 1.414569e-08 283080478 1.414569e-08 785216844 1.414569e-08 3006103420 1.414569e-08 2898323513 1.414569e-08 1199222225 1.414569e-08 3755198008 1.414569e-08 2795041644 1.414569e-08 3492274228 1.414569e-08 1420914473 1.414569e-08 439844059 1.414569e-08 3802520055 1.414569e-08 
6189743.0 1 283080478 2.829138e-08 1736323711 
6189743.0 1 2247026945 2.829138e-08 3662110242 
6189743.0 1 2683944377 2.829138e-08 783121895 
6189743.0 1 3929228125 2.829138e-08 2489195127 
6189743.0 1 2247026945 4.2437060000000004e-08 4032129539 
6189743.0 1 3802520055 2.829138e-08 1420914473 
6189768.0 1 3534547045 6.632782900000001e-07 1199222225 
6189796.0 1 3534547045 6.774239900000001e-07 2898323513 
6189851.0 1 3534547045 6.915695900000001e-07 3702894340 
6189944.0 0 406745133 1.414569e-08 4035587434 
6190040.0 1 3534547045 7.057152900000001e-07 1676003954 
6190145.0 1 3534547045 7.1986099e-07 1826422368 
6190209.0 1 3633199892 2.829138e-08 1913762779 
6190213.0 1 3534547045 7.4815237e-07 3929228125 
6190231.0 1 4285585893 2.829138e-08 766581564 
6190233.0 0 3534547045 7.481524e-07 4119421155 
6190404.0 1 3534547045 7.6229809e-07 3006103420 
6190775.0 1 3534547045 7.7644379e-07 896813269 
6190784.0 0 3534547045 7.764437e-07 3492274228 
6190800.0 1 1867247157 2.829138e-08 1072840122 
6190820.0 1 3534547045 7.9058939e-07 3160344427 
6191078.0 0 2795041644 1.414569e-08 3755198008 
6191322.0 1 3534547045 8.0473509e-07 439844059 
6191478.0 1 785216844 2.829138e-08 37051273 
6191752.0 1 3534547045 8.1888079e-07 3755198008 
6192297.0 1 785216844 4.2437060000000004e-08 3294683754 
6192318.0 0 3534547045 8.188808e-07 3492274228 
6192959.0 1 3534547045 8.6131786e-07 2247026945 
6193282.0 0 3534547045 8.613179e-07 1743198400 
6193803.0 1 3534547045 8.754635900000001e-07 2795041644 
6193992.0 0 3534547045 8.754635e-07 1743198400 
6194106.0 0 2683944377 2.829137e-08 3111692719 
6194793.0 1 3534547045 8.8960919e-07 3678948817 
6194939.0 1 3534547045 9.179005700000001e-07 3802520055 
6195387.0 1 3534547045 9.3204629e-07 2501379955 
6196205.0 1 3534547045 9.4619199e-07 3532745758 
6197209.0 1 2674988631 2.829138e-08 1398579088 
6197974.0 1 3534547045 9.6033769e-07 3562383954 
6197993.0 1 3534547045 9.8862907e-07 3633199892 
6199232.0 2 785216844 4.2437060000000004e-08 2674988631 3012889883 1.4e-08 3363823620 1.429137e-08 
6199721.0 0 2683944377 2.829137e-08 3492274228 
6200053.0 1 3534547045 1.0027746899999998e-06 3332562587 
6200156.0 0 785216844 4.243706e-08 3182159117 
6200236.0 0 2683944377 2.829137e-08 3363823620 
6200907.0 1 3534547045 1.0169206899999998e-06 2961226102 
6200958.0 0 3534547045 1.01692e-06 2883513480 
6201284.0 0 4285585893 2.829137e-08 3492274228 
6202015.0 1 3534547045 1.03106569e-06 1743198400 
6202035.0 1 3534547045 1.04521169e-06 2883513480 
6204852.0 2 283080478 2.8291370000000004e-08 2683944377 1086559163 1.4e-08 3063534263 1.429137e-08 
6205288.0 1 3534547045 1.0595033700000001e-06 3363823620 
6212477.0 0 283080478 2.829137e-08 3778036871 
6212556.0 0 2848685905 1.414569e-08 3182159117 
6212603.0 0 785216844 4.243706e-08 3952655669 
6214811.0 1 3534547045 1.07364869e-06 3059144981 
6215130.0 1 3534547045 1.08779469e-06 4035587434 
6215889.0 1 3952655669 2.829138e-08 4119421155 
6217231.0 0 1867247157 2.829137e-08 2521380987 
6224759.0 1 3534547045 1.11608637e-06 1867247157 
6224780.0 3 2848685905 1.414569e-08 1869365069 2013640095 1.4e-08 
6224865.0 0 3534547045 1.116086e-06 2013640095 
6225665.0 0 3534547045 1.116086e-06 301219709 
6227539.0 1 3534547045 1.130086e-06 2013640095 
6229078.0 1 3534547045 1.14423169e-06 2521380987 
6230169.0 1 3534547045 1.18666906e-06 785216844 
6231094.0 1 3534547045 1.20081469e-06 3182159117 
6243920.0 1 3534547045 1.22910537e-06 3952655669 
6258245.0 2 906368509 2.647261e-08 301219709 1461359102 1.4e-08 
6264405.0 0 3111692719 1.414569e-08 3778036871 
6271642.0 0 333964007 2.791e-08 3113062634 
6283290.0 1 283080478 4.2437060000000004e-08 1405660995 
6285723.0 1 3534547045 1.243106e-06 1086559163 
6293634.0 1 3534547045 1.25725169e-06 406745133 
6294425.0 0 2848685905 1.414569e-08 3778036871 
6294714.0 0 1465560917 1.010156e-06 3933289935 
6300225.0 0 1465560917 1.010156e-06 3113062634 
6303240.0 0 2340740170 1.248728e-06 898751805 
6303600.0 0 3150846686 8.76023e-07 3113062634 
6306486.0 0 906368509 2.647261e-08 3111692719 
6316922.0 0 3534547045 1.257251e-06 2848685905 
6320903.0 0 4240624600 1.472778e-08 630280293 
6324831.0 0 3150846686 8.76023e-07 3113062634 
6348434.0 1 3150846686 8.90023e-07 129185354 
6364792.0 1 1465560917 1.02488378e-06 3297362622 
6369172.0 2 283080478 4.2437060000000004e-08 4285585893 2027098952 1.4e-08 4167430602 1.429137e-08 
6381081.0 0 4167430602 1.429137e-08 3492274228 
6390362.0 1 3534547045 1.271251e-06 3012889883 
6422864.0 0 3428193420 2.791e-08 1878784256 
6449915.0 1 3534547045 1.28554237e-06 3063534263 
6461995.0 3 1465560917 1.0107867999999999e-06 90391199 4096225443 1.40024e-08 781549661 1.40024e-08 907719639 1.40024e-08 
6482724.0 0 1471982444 1.405249e-08 1128709694 
6494286.0 3 528880979 2.091e-08 630280293 1906851972 1.4e-08 
6498758.0 0 283080478 4.243706e-08 3113062634 
6504115.0 2 941534069 2.195672e-08 3653734512 2597880038 1.4e-08 
6509135.0 1 528880979 3.491e-08 1906851972 
6618070.0 1 3534547045 1.299543e-06 1461359102 
6635941.0 0 1465560917 1.010786e-06 949068759 
6654275.0 1 3534547045 1.31383437e-06 4167430602 
6682096.0 1 3150846686 9.24933e-07 528880979 
6686214.0 1 1572835533 9.4439539e-07 2878871175 
6706228.0 1 3534547045 1.3279796899999998e-06 3778036871 
6710107.0 0 3534547045 1.32798e-06 3113062634 
6718956.0 1 3150846686 9.52843e-07 949068759 
6737651.0 1 3534547045 1.3421256899999998e-06 3492274228 
6803196.0 0 898751805 1.551056e-08 4083845756 
6921190.0 1 1572835533 9.7055059e-07 3593732192 
7003699.0 0 3150846686 9.52843e-07 1986278615 
7006616.0 1 1465560917 1.02941832e-06 1950077488 
7047443.0 0 3534547045 1.342125e-06 2027098952 
7049131.0 0 3534547045 1.342125e-06 2027098952 
7049229.0 0 3534547045 1.342125e-06 2027098952 
7053563.0 1 3534547045 1.356125e-06 2027098952 
7104029.0 0 1465560917 1.029419e-06 2125331604 
7112776.0 0 906368509 2.647261e-08 2848685905 
7132751.0 3 1593850299 1.4000009999999996e-08 941534069 1896745001 1.793336e-08 2378434411 1.793336e-08 
7289401.0 1 1465560917 1.043419e-06 1878784256 
7326758.0 2 1465560917 1.2903881199999999e-06 2799798816 1837088337 1.430674e-08 1543523724 1.430674e-08 1761715697 1.430674e-08 3099973400 1.430674e-08 2789348510 1.430674e-08 1371202285 1.430674e-08 629078091 1.430674e-08 754560055 1.430674e-08 1737134642 1.430674e-08 37613351 1.430674e-08 3434666020 1.430674e-08 2369258877 1.430674e-08 
7331771.0 1 1465560917 1.30469474e-06 629078091 
7332525.0 1 3373526895 1.853084e-06 6723929 
7365720.0 1 1465560917 1.31900174e-06 37613351 
7445918.0 1 3534547045 1.39856206e-06 283080478 
7453479.0 0 2848685905 1.414569e-08 4096225443 
7484673.0 1 3150846686 9.6713675e-07 220564665 
7544076.0 0 907719639 1.40024e-08 1593850299 
7596113.0 1 3534547045 1.4250356100000001e-06 906368509 
7671875.0 0 2378434411 1.793336e-08 3988949870 
7698983.0 1 1465560917 1.33330774e-06 1837088337 
7733477.0 1 3150846686 9.8186458e-07 538453177 
7799894.0 1 3150846686 9.9617124e-07 1543523724 
7801142.0 1 3373526895 1.86739074e-06 1371202285 
7883271.0 3 3373526895 1.8673899000000005e-06 3150846686 3563522875 1.4e-08 249728555 1.403102e-08 4285226245 1.403102e-08 2707460946 1.403102e-08 2606325002 1.403102e-08 1541925803 1.403102e-08 2024675612 1.403102e-08 1292023300 1.403102e-08 3302973195 1.403102e-08 875106938 1.403102e-08 3314075649 1.403102e-08 2589646060 1.403102e-08 3433591204 1.403102e-08 1848242772 1.403102e-08 250719570 1.403102e-08 2681498831 1.403102e-08 481808867 1.403102e-08 2066612683 1.403102e-08 3458484829 1.403102e-08 2719204682 1.403102e-08 4256642775 1.403102e-08 2449448537 1.403102e-08 463844675 1.403102e-08 3167902617 1.403102e-08 579073438 1.403102e-08 3468130899 1.403102e-08 393090083 1.403102e-08 2343849308 1.403102e-08 1055469694 1.403102e-08 627452446 1.403102e-08 2014426858 1.403102e-08 2716949832 1.403102e-08 552634658 1.403102e-08 3736523900 1.403102e-08 2213923665 1.403102e-08 1503202005 1.403102e-08 3202152185 1.403102e-08 2622395779 1.403102e-08 3607413901 1.403102e-08 649593533 1.403102e-08 66987975 1.403102e-08 483021244 1.403102e-08 3707800333 1.403102e-08 3528190190 1.403102e-08 2185291493 1.403102e-08 550176535 1.403102e-08 1674415855 1.403102e-08 4287239676 1.403102e-08 3884987045 1.403102e-08 1960974751 1.403102e-08 309459595 1.403102e-08 2348040613 1.403102e-08 3180086772 1.403102e-08 3833074883 1.403102e-08 1462644303 1.403102e-08 4088625113 1.403102e-08 1237914369 1.403102e-08 2733144751 1.403102e-08 1649557018 1.403102e-08 1831065885 1.403102e-08 79461789 1.403102e-08 1621314342 1.403102e-08 2016090987 1.403102e-08 1553963666 1.403102e-08 1002680420 1.403102e-08 734120091 1.403102e-08 2475979558 1.403102e-08 2649056468 1.403102e-08 3381587904 1.403102e-08 175860597 1.403102e-08 1089013536 1.403102e-08 
7883271.0 1 4285226245 2.806204e-08 249728555 
7883273.0 1 649593533 2.806204e-08 3607413901 
7883275.0 1 1462644303 2.806204e-08 579073438 
7883279.0 1 627452446 2.806204e-08 481808867 
7883296.0 1 3373526895 1.89545204e-06 4285226245 
7883302.0 0 1848242772 1.403102e-08 3314075649 
7883303.0 1 3373526895 1.90948302e-06 3314075649 
7883307.0 0 3884987045 1.403102e-08 2449448537 
7883434.0 1 3373526895 1.92351402e-06 175860597 
7883454.0 1 3373526895 1.93754502e-06 1553963666 
7883610.0 1 3373526895 1.95157602e-06 2475979558 
7883701.0 1 3373526895 1.96560702e-06 1541925803 
7883781.0 0 3884987045 1.403102e-08 3468130899 
7883808.0 0 2213923665 1.403102e-08 3433591204 
7883817.0 0 3373526895 1.965607e-06 1292023300 
7884000.0 1 3373526895 1.97963802e-06 2719204682 
7884774.0 0 393090083 1.403102e-08 2681498831 
7885178.0 0 3180086772 1.403102e-08 393090083 
7886297.0 1 3373526895 1.99366902e-06 2449448537 
7886802.0 2 2185291493 1.403342e-08 781549661 552498239 1.4e-08 
7887372.0 0 3373526895 1.99367e-06 2606325002 
7887419.0 1 3373526895 2.00770102e-06 2213923665 
7887592.0 1 3373526895 2.02173202e-06 483021244 
7888351.0 1 3373526895 2.03576302e-06 2707460946 
7888424.0 0 2649056468 1.403102e-08 4287239676 
7889877.0 1 3373526895 2.04979402e-06 2348040613 
7892090.0 1 3373526895 2.06382502e-06 4088625113 
7892449.0 1 3373526895 2.07785602e-06 3833074883 
7892955.0 1 3373526895 2.09188702e-06 3528190190 
7893279.0 1 3373526895 2.10591802e-06 1674415855 
7894275.0 1 3373526895 2.11994902e-06 875106938 
7894403.0 0 2343849308 1.403102e-08 3433591204 
7896284.0 0 3373526895 2.119949e-06 552634658 
7896902.0 1 3373526895 2.13398002e-06 2016090987 
7899419.0 1 3373526895 2.14801102e-06 79461789 
7900663.0 1 3373526895 2.16204202e-06 3180086772 
7902179.0 1 3373526895 2.17607302e-06 2733144751 
7904740.0 0 734120091 1.403102e-08 1831065885 
7904957.0 1 3373526895 2.19010402e-06 3202152185 
7904981.0 1 3373526895 2.20413502e-06 463844675 
7905808.0 1 3373526895 2.21816602e-06 1503202005 
7906322.0 1 1089013536 2.806204e-08 4287239676 
7907870.0 1 3373526895 2.23219702e-06 2606325002 
7909845.0 0 2185291493 1.403342e-08 4256642775 
7910594.0 1 3373526895 2.24622802e-06 1292023300 
7911090.0 1 3373526895 2.26025902e-06 3381587904 
7912979.0 1 3373526895 2.27429002e-06 3884987045 
7918786.0 1 3373526895 2.28832102e-06 2024675612 
7920177.0 1 3373526895 2.30235202e-06 550176535 
7921292.0 1 3373526895 2.31638302e-06 393090083 
7922353.0 0 3373526895 2.316383e-06 3167902617 
7923247.0 1 2340740170 1.262728e-06 2597880038 
7927787.0 1 3373526895 2.33041402e-06 250719570 
7928386.0 1 3373526895 2.34444502e-06 2014426858 
7932273.0 1 3373526895 2.3725070400000003e-06 1089013536 
7933792.0 1 3373526895 2.38653802e-06 3707800333 
7943606.0 2 1621314342 1.406204e-08 1831065885 481049431 1.4e-08 
7945059.0 1 3373526895 2.4005690200000002e-06 2622395779 
7946759.0 1 3373526895 2.428479e-06 1986278615 
7970270.0 1 3468130899 2.806204e-08 4256642775 
7972552.0 1 3373526895 2.4425100200000003e-06 734120091 
7991590.0 1 3373526895 2.4565410200000003e-06 3736523900 
8012736.0 1 1465560917 1.34733902e-06 2066612683 
8045893.0 0 1848242772 1.403102e-08 481049431 
8071715.0 1 3373526895 2.47057442e-06 2185291493 
8130206.0 2 552634658 1.406204e-08 2343849308 2950407739 1.4e-08 
8153119.0 1 3534547045 1.45309704e-06 1462644303 
8180493.0 1 3373526895 2.49863604e-06 3468130899 
8217068.0 1 3373526895 2.52669904e-06 627452446 
8220310.0 1 3373526895 2.54073002e-06 1960974751 
8225726.0 0 1572835533 9.705506e-07 1737134642 
8240169.0 0 1465560917 1.347339e-06 3016084464 
8255949.0 1 3373526895 2.59655e-06 2487301543 
8290058.0 0 3373526895 2.59655e-06 2681498831 
8373941.0 0 1621314342 1.406204e-08 552634658 
8383936.0 1 3373526895 2.6105500000000004e-06 2950407739 
8392555.0 1 3534547045 1.47103036e-06 2378434411 
8396415.0 1 3373526895 2.62461204e-06 552634658 
8400951.0 2 309459595 1.406204e-08 3458484829 72955594 1.4e-08 
8413603.0 1 3373526895 2.6386144e-06 4096225443 
8425763.0 0 3775452048 2.791e-08 907719639 
8434583.0 0 2649056468 1.403102e-08 3823443426 
8475489.0 1 3373526895 2.65292074e-06 1761715697 
8481098.0 1 3373526895 2.66695202e-06 2716949832 
8542330.0 0 2858952728 1.741e-08 1237914369 
8548706.0 0 3373526895 2.666952e-06 72955594 
8561562.0 1 3373526895 2.68098302e-06 1055469694 
8566221.0 1 3534547045 1.485031e-06 72955594 
8576173.0 2 1516068388 2.796249e-08 1471982444 1771264541 1.4e-08 
8587565.0 1 3373526895 2.69528974e-06 2369258877 
8625148.0 0 1572835533 9.705506e-07 110358663 
8648329.0 1 1465560917 1.36164574e-06 1737134642 
8668625.0 0 309459595 1.406204e-08 3433591204 
8681714.0 1 3534547045 1.505941e-06 110358663 
8769307.0 1 1465560917 1.389556e-06 2451350669 
8770479.0 3 2589646060 1.403102e-08 552498239 2353028958 1.4e-08 
8832601.0 0 649593533 2.806204e-08 3775452048 
8891922.0 1 3534547045 1.51997202e-06 3167902617 
8980727.0 1 373638573 1.00000001741 2858952728 
9034354.0 2 2848685905 1.420773e-08 309459595 2980075456 1.4e-08 
9050765.0 1 373638573 1.00000001405249 2151269300 
9067067.0 1 3373526895 2.70929e-06 2980075456 
9148359.0 1 373638573 1.000000014 3988949870 
9153829.0 1 3373526895 2.7232900000000004e-06 481049431 
9214064.0 0 3534547045 1.519972e-06 3933289935 
9247426.0 1 2340740170 1.27675902e-06 1002680420 
9260206.0 1 3534547045 1.53400302e-06 66987975 
9317649.0 0 2340740170 1.276759e-06 3604532305 
9332528.0 1 3373526895 2.73732102e-06 2681498831 
9388567.0 1 373638573 1.00000002791 1019134040 
9465106.0 2 3933289935 1.497875e-08 3111692719 3449694611 1.4e-08 
9480090.0 0 3933289935 1.497874e-08 3449694611 
9548037.0 0 1649557018 1.403102e-08 2353028958 
9597161.0 0 3373526895 2.737321e-06 1237914369 
9620681.0 3 659524895 2.1584080000000002e-08 1790255658 1194638860 1.711796e-08 114837353 1.711796e-08 
9679204.0 1 3373526895 2.751321e-06 2353028958 
9691763.0 1 1572835533 9.8461264e-07 1621314342 
9724402.0 0 3434666020 1.430674e-08 2789348510 
9774230.0 1 3373526895 2.7792310000000002e-06 3775452048 
9774725.0 0 3534547045 1.534003e-06 1848242772 
9790522.0 2 2789348510 1.433776e-08 1848242772 2341758500 1.4e-08 
9834822.0 1 3534547045 1.54834076e-06 2789348510 
9842498.0 1 373638573 1.00000101472778 1565786989 
9854201.0 1 373638573 1.00000102791 869234806 
9874005.0 0 3534547045 1.54834e-06 2341758500 
9874005.0 1 373638573 1.000001014 2341758500 
9876451.0 1 3534547045 1.56237102e-06 1649557018 
9890387.0 0 3534547045 1.562371e-06 333964007 
9911256.0 1 3373526895 2.80729304e-06 649593533 
9993253.0 1 3373526895 2.821293e-06 3293059020 
9999545.0 0 3373526895 2.821293e-06 2589646060 
