27.77144 1 3534547045 3.0701e-07 1731090175 
125.3534 1 1222799196 3.0701e-07 2205180068 
174.2652 1 3373526895 3.0701e-07 3841896594 
274.1935 1 4259593397 3.0701e-07 598947138 
291.6441 1 3921011129 3.0701e-07 1584276479 
832.3166 1 3279231079 5.582e-08 315200650 
965.4543 1 2799798816 3.0701e-07 2074240873 
1093.843 1 1465560917 3.0701e-07 1790255658 
1279.001 0 1134175585 2.791e-08 3126241903 
1628.195 1 426576124 3.0701e-07 3462747 
1641.519 1 1222799196 3.3492e-07 1434498202 
1894.11 0 2340740170 2.791e-07 2932274237 
1904.272 1 3534547045 3.3492e-07 582973675 
2042.594 1 2799798816 3.3492e-07 1019134040 
2071.672 0 1493201942 2.791e-08 2835620284 
2217.272 1 1222799196 3.6283e-07 3774459889 
2571.672 1 2340740170 3.0701e-07 40245973 
2818.248 1 405521437 5.582e-08 2408568032 
3016.237 1 4263717482 5.582e-08 2859795595 
3255.003 1 3373526895 3.3492e-07 1631081845 
3483.89 0 925199572 2.791e-08 2038493855 
3607.843 1 953296898 5.582e-08 3732071459 
3608.811 1 3921011129 3.3492e-07 387772665 
3721.853 1 1572835533 3.0701e-07 197654791 
4199.317 1 3150846686 3.0701e-07 3326748277 
4854.193 1 1222799196 3.9073999999999996e-07 1593891639 
5012.028 0 925199572 2.791e-08 2393342300 
5078.992 1 2519559028 3.0701e-07 2710766136 
5134.38 1 257754683 5.582e-08 1493201942 
5141.276 1 3737780296 3.0701e-07 1239791232 
5142.483 1 3150846686 3.3492e-07 3150420704 
5501.176 1 1068020906 0.0009543279100000001 3919026803 
5832.881 1 4259593397 3.3492e-07 2919643181 
5946.59 0 3257166052 2.791e-08 3908154577 
6342.699 1 3889879026 5.582e-08 2393342300 
6345.251 1 290926289 5.582e-08 1651612823 
6352.665 1 2906924538 5.582e-08 3891448235 
6601.779 1 3736601249 5.582e-08 164438789 
7502.012 1 1075699702 3.0701e-07 741863299 
7662.539 1 2340740170 3.3492e-07 1123501568 
8538.463 1 1572835533 3.3492e-07 3241671100 
8731.995 0 486050091 2.791e-08 632754209 
9342.7 1 3737780296 3.3492e-07 3490627259 
9438.813 1 1465560917 3.3492e-07 4122240121 
9527.7 1 3889879026 8.373e-08 925199572 
10001.22 0 211811971 2.791e-08 2409063466 
10368.55 0 3443220506 2.791e-08 43001897 
10415.01 0 4252347608 2.791e-08 1206764858 
10434.86 0 3150846686 3.3492e-07 1425083048 
10925.65 1 3534547045 3.6283e-07 780264402 
11045.01 1 1572835533 3.6283e-07 688805295 
11199.57 1 3150846686 3.6283e-07 287801793 
11549.91 1 1572835533 3.9073999999999996e-07 242414939 
11608.73 1 476505668 3.0701e-07 1128709694 
11676.54 0 3126241903 2.791e-08 3938221642 
12322.35 1 2235064901 3.0701e-07 1494141940 
13527.63 1 2246051850 3.0701e-07 3498415124 
13596.02 1 3150846686 3.9073999999999996e-07 636961411 
13678.37 1 3908154577 5.582e-08 3061883439 
14234.27 0 3800234335 2.791e-08 1735432893 
14442.82 0 4263717482 5.582e-08 778035964 
14658.26 1 1465560917 3.6283e-07 343742982 
15009.71 1 953296898 8.373e-08 2937387076 
15411.37 1 4263717482 8.373e-08 2125112500 
15681.46 0 3373526895 3.3492e-07 331336395 
16051.99 1 1572835533 4.1865e-07 1502094437 
16496.66 1 3481866093 5.582e-08 385785803 
17661.27 0 3921011129 3.3492e-07 3421887303 
18027.07 1 1572835533 4.4656e-07 2870037616 
19183.22 1 3534547045 3.9073999999999996e-07 1735432893 
19200.33 1 1075699702 3.3492e-07 1541946641 
19447.15 1 3534547045 4.1865e-07 1134175585 
19569.52 0 2451350669 2.791e-08 384163328 
20048.97 1 2340740170 3.6283e-07 3121047530 
20656.15 0 2835620284 2.791e-08 3616865126 
21322.12 0 2451350669 2.791e-08 2480932170 
21376.49 1 6723929 5.582e-08 314650893 
21552.52 1 2246051850 3.3492e-07 482917538 
22005.4 1 3908154577 8.373e-08 3919821980 
23335.08 1 2984600922 3.0701e-07 1503861029 
24944.76 1 3921011129 4.1865e-07 3908154577 
26335.84 0 2038493855 2.791e-08 2528553283 
26426.87 0 486050091 2.791e-08 1661091397 
26737.75 0 2038493855 2.791e-08 2528553283 
27028.28 1 545239233 3.3492e-07 257754683 
27048.59 0 3373526895 3.3492e-07 3126241903 
28788.21 0 3129006749 2.791e-08 3555679070 
29468.74 0 4231632140 2.791e-08 1379399837 
29686.16 1 3534547045 4.4656e-07 3938221642 
30783.93 1 426576124 3.3492e-07 265770918 
31900.18 1 4259593397 3.6283e-07 1986278615 
35130.97 1 545239233 3.6283e-07 2308721517 
36322.71 1 2246051850 3.6283e-07 2693713428 
36831.69 1 4259593397 3.9073999999999996e-07 1227575429 
37968.15 1 2038493855 5.582e-08 2349140130 
40562.14 1 3150846686 4.1865e-07 725558489 
43321.36 2 331336395 4.126114e-08 632754209 3687573659 1.455886e-08 
43392.79 1 3534547045 4.7447e-07 3800234335 
43787.87 1 2519559028 3.3492e-07 3382444416 
43950.87 1 1572835533 4.7447e-07 1321648343 
44354.19 0 2038493855 5.582e-08 3749853089 
45231.87 1 2718413753 5.582e-08 2409063466 
46938.28 1 870323177 5.582e-08 3116505811 
48915.14 0 3150846686 4.1865e-07 3616865126 
50033.76 0 4231632140 2.791e-08 1379399837 
50177.38 0 6723929 5.582e-08 778035964 
50695.36 0 3921011129 4.1865e-07 3621383820 
52888.8 0 2235064901 3.0701e-07 3621383820 
53481.89 1 1572835533 5.0238e-07 1481166135 
53783.68 1 2263814062 5.582e-08 3555679070 
55310.17 0 2870158420 2.791e-08 810769555 
57655.6 0 253808213 2.791e-08 4188445920 
58864.56 0 870323177 5.582e-08 2835620284 
60286.52 0 2799798816 3.3492e-07 838860310 
60805.64 2 2246051850 3.6283e-07 953296898 3196256300 2.561072e-08 848448836 1.452982e-08 2211003714 1.452982e-08 2916276788 1.452982e-08 3696193412 1.452982e-08 
63282.08 0 4252347608 2.791e-08 1206764858 
66399.71 0 486050091 2.791e-08 3126241903 
69410.29 0 4231632140 2.791e-08 1379399837 
71984.43 0 331336395 4.126114e-08 3421887303 
72983.6 0 4263717482 8.373e-08 2835620284 
73069.57 0 4252347608 2.791e-08 1206764858 
74227.18 1 3150846686 4.4656e-07 2737363250 
75124.64 0 3373526895 3.3492e-07 486050091 
75279.83 1 3921011129 4.4656e-07 1738899943 
75348.81 2 3534547045 4.7447e-07 2038493855 15308464 1.4e-08 1239307652 2.091e-08 1945448119 2.091e-08 
76035.35 1 3373526895 3.6283e-07 486050091 
76712.47 0 3534547045 4.7447e-07 15308464 
76769.95 0 3534547045 4.7447e-07 15308464 
80108.74 1 862710978 5.582e-08 4252347608 
80464.86 0 1075699702 3.3492e-07 869234806 
80533.06 0 3534547045 4.7447e-07 1945448119 
83260.06 0 858320168 2.791e-08 1661091397 
85749.31 0 3889879026 8.373e-08 3749853089 
86941.74 1 545239233 4.4655999999999994e-07 4263717482 
87237.3 1 3534547045 4.9538e-07 1945448119 
87811.63 0 3534547045 4.9538e-07 15308464 
89288.74 0 3150846686 4.4656e-07 778035964 
90028.73 0 870323177 5.582e-08 3257166052 
90974.76 0 4259593397 3.9074e-07 3357643131 
94560.93 0 862710978 5.582e-08 3424908067 
95420.59 0 3424908067 2.791e-08 2406269022 
95784.59 0 3424908067 2.791e-08 2406269022 
100682.8 1 4259593397 4.1865e-07 2620740164 
101179.7 0 3747246174 2.791e-08 2406269022 
104900.2 1 2246051850 3.9073999999999996e-07 941534069 
106679.0 0 862710978 5.582e-08 2406269022 
109948.3 0 3424908067 2.791e-08 2406269022 
110896.6 1 3373526895 4.0409113999999997e-07 331336395 
114011.0 0 3004792470 2.791e-07 1035492323 
116136.9 0 2340740170 3.6283e-07 717226258 
116274.2 0 869234806 2.791e-08 905418128 
118629.6 2 2528553283 3.036066e-08 1206764858 3396227953 2.545934e-08 
120271.3 0 3921011129 4.4656e-07 1239307652 
120630.4 1 3737780296 3.6283e-07 2190522392 
120726.3 0 3889879026 8.373e-08 3749853089 
122645.6 0 862710978 5.582e-08 3396227953 
124690.5 1 545239233 4.7447e-07 3616865126 
126215.2 1 1222799196 7.5357e-07 1465560917 
126649.9 1 1075699702 3.6283e-07 1458432161 
126890.9 1 2235064901 3.3492e-07 4231632140 
127445.0 0 3921011129 4.4656e-07 1239307652 
128164.5 1 3150846686 4.7447e-07 2779686750 
128312.5 2 179097684 2.791e-07 862710978 3321237907 1.4e-08 3187199216 2.091e-08 3330100144 2.091e-08 
128457.6 1 179097684 2.931e-07 3321237907 
128474.5 1 179097684 3.1401e-07 3187199216 
129072.1 1 3424908067 5.582e-08 2406269022 
129667.9 0 2455496064 2.791e-08 15308464 
131563.6 1 3373526895 4.3200109999999997e-07 2455496064 
131708.2 1 179097684 3.3492e-07 3330100144 
133619.1 1 1068020906 0.0009543558100000001 828787466 
133915.8 0 659524895 2.791e-08 1458665800 
135751.7 1 1068020906 0.00095438371 2768642543 
136375.0 2 3889879026 9.933546e-08 3424908067 310481256 2.010727e-08 817087088 2.010727e-08 
136465.5 1 3889879026 1.1944274e-07 310481256 
137085.6 1 3534547045 5.232900000000001e-07 1661091397 
137160.0 1 3921011129 4.7447e-07 3126241903 
139235.2 0 2718413753 5.582e-08 3232700421 
141656.5 0 3373526895 4.320011e-07 858320168 
142400.9 0 3737780296 3.6283e-07 1347872676 
149690.1 1 2235064901 3.6283e-07 3621383820 
152539.9 1 1572835533 5.302900000000001e-07 1516068388 
153891.8 0 3257166052 2.791e-08 3421887303 
154239.3 1 2542835646 5.352072e-08 3196256300 
155137.7 1 3150846686 5.3029e-07 870323177 
155420.6 0 3921011129 4.7447e-07 1239307652 
156246.4 0 102901530 2.791e-08 3696193412 
157064.7 2 3012070026 3.148087e-08 811613008 551137729 2.433913e-08 
161131.5 1 3534547045 5.512e-07 778035964 
161186.2 1 1068020906 0.00095441161 3392858646 
161986.0 1 3534547045 5.791100000000001e-07 3749853089 
163597.9 2 3534547045 5.791101000000002e-07 3373526895 1218250404 2.170233e-08 1035956119 1.414823e-08 1211996162 1.414823e-08 188552836 1.414823e-08 2029773149 1.414823e-08 302486611 1.414823e-08 1842102965 1.414823e-08 1285693762 1.414823e-08 1078741991 1.414823e-08 2723643411 1.414823e-08 1804212609 1.414823e-08 438292632 1.414823e-08 2001290253 1.414823e-08 3147695692 1.414823e-08 3179285865 1.414823e-08 2173231515 1.414823e-08 740082705 1.414823e-08 2795063678 1.414823e-08 3642829293 1.414823e-08 2707128518 1.414823e-08 474866315 1.414823e-08 1639799867 1.414823e-08 1026028388 1.414823e-08 1128056158 1.414823e-08 2909632847 1.414823e-08 937177227 1.414823e-08 3393811039 1.414823e-08 611212867 1.414823e-08 1104410542 1.414823e-08 2328232000 1.414823e-08 
163598.0 1 1218250404 3.585056e-08 1035956119 
163598.0 1 1218250404 4.999879e-08 2328232000 
163617.9 0 3642829293 1.414823e-08 3179285865 
163620.2 1 474866315 2.829646e-08 1842102965 
163680.2 1 1222799196 7.8148e-07 259930472 
163729.7 1 3534547045 5.9325823e-07 1211996162 
163822.6 1 3534547045 6.0740643e-07 1026028388 
163931.6 1 3534547045 6.2155473e-07 1639799867 
163941.0 1 3534547045 6.3570293e-07 2029773149 
164321.5 0 2795063678 1.414823e-08 1804212609 
164338.5 1 3534547045 6.498511300000001e-07 3179285865 
164462.7 1 1239307652 3.5058229999999996e-08 1804212609 
164723.0 1 3534547045 6.639994300000001e-07 3147695692 
166124.3 2 2799798816 3.3492e-07 2263814062 2999719241 1.4e-08 1931993247 2.091e-08 1494850122 2.091e-08 
166422.8 0 1104410542 1.414823e-08 15308464 
167143.8 1 4259593397 4.4656e-07 326805806 
167731.8 1 3534547045 6.7814763e-07 3393811039 
167993.5 0 2909632847 1.414823e-08 2173231515 
168308.9 1 3534547045 6.9229583e-07 188552836 
168503.3 1 3534547045 7.0644413e-07 438292632 
168637.5 1 2173231515 2.829646e-08 302486611 
169040.5 1 1068020906 0.0009544395100000001 865537991 
169042.3 1 3534547045 7.205923300000001e-07 2909632847 
169380.1 1 3534547045 7.3474053e-07 1078741991 
169442.2 1 3534547045 7.6303707e-07 2173231515 
171002.1 1 3534547045 7.913335700000001e-07 474866315 
171418.4 1 3534547045 8.054817300000001e-07 2723643411 
172048.6 1 3737780296 6.9775e-07 2519559028 
174853.5 0 1572835533 5.3029e-07 211811971 
177111.3 1 3534547045 8.1963003e-07 1128056158 
178799.8 0 3534547045 8.1963e-07 611212867 
181214.7 1 3534547045 8.337782300000001e-07 611212867 
182781.8 1 3534547045 8.4792643e-07 2001290253 
185113.4 1 1075699702 3.9073999999999996e-07 3823443426 
185196.9 2 3534547045 8.479265e-07 1218250404 3414514926 1.4e-08 2312786130 1.79994e-08 3537925318 1.79994e-08 
185677.3 1 3534547045 8.659259e-07 3537925318 
186665.7 1 3534547045 8.799259e-07 3414514926 
189987.8 1 1075699702 4.1865e-07 949068759 
191539.6 2 3150846686 5.302901000000001e-07 2235064901 1634407402 6.46635e-08 3869596591 1.41984e-08 3375523036 1.41984e-08 772925454 1.41984e-08 2215785330 1.41984e-08 3491092596 1.41984e-08 57770090 1.41984e-08 3071577057 1.41984e-08 1452489764 1.41984e-08 4260098875 1.41984e-08 3696843781 1.41984e-08 2138100036 1.41984e-08 1726701215 1.41984e-08 1412415798 1.41984e-08 375852842 1.41984e-08 3593732192 1.41984e-08 3888264012 1.41984e-08 313359544 1.41984e-08 217284033 1.41984e-08 2151269300 1.41984e-08 3913511150 1.41984e-08 2962530363 1.41984e-08 
191539.7 1 1634407402 7.88619e-08 2962530363 
191539.7 1 1634407402 9.30603e-08 3869596591 
191540.8 1 3593732192 2.83968e-08 375852842 
192829.5 1 3150846686 5.444884e-07 4260098875 
194718.4 1 3150846686 5.586868e-07 3913511150 
194743.6 1 4259593397 4.7447e-07 4188445920 
194776.9 1 3150846686 5.728852e-07 2151269300 
195647.3 1 3150846686 5.870836000000001e-07 3696843781 
197188.3 0 3150846686 5.870836e-07 1412415798 
197552.1 0 2178051842 2.791e-08 3257166052 
198170.0 0 4259593397 4.7447e-07 1156624510 
198870.2 1 3150846686 6.01282e-07 217284033 
199688.6 1 1068020906 0.00095446751 1507417240 
200264.8 0 290926289 5.582e-08 3037779432 
206768.9 1 3737780296 7.256600000000001e-07 3709881891 
206791.6 1 888311950 5.582e-08 1664502715 
207602.4 3 545239233 4.7446995e-07 2340740170 2063946235 1.49727e-07 1172086036 1.420687e-08 690117576 1.420687e-08 3288380490 1.420687e-08 845665321 1.420687e-08 3122982648 1.420687e-08 1471982444 1.420687e-08 3303338876 1.420687e-08 2875471576 1.420687e-08 1738909006 1.420687e-08 356405251 1.420687e-08 2879167783 1.420687e-08 3083352544 1.420687e-08 4198169764 1.420687e-08 821115011 1.420687e-08 2118016430 1.420687e-08 
207602.5 1 2063946235 1.6393387e-07 1172086036 
207602.5 1 2063946235 1.7814067e-07 2118016430 
207659.6 1 545239233 4.8867687e-07 845665321 
208413.2 0 356405251 1.420687e-08 3288380490 
208863.4 0 545239233 4.886769e-07 2875471576 
208921.7 1 3150846686 6.154804e-07 772925454 
209629.4 0 3150846686 6.154804e-07 3071577057 
210106.1 0 545239233 4.886769e-07 4198169764 
210593.3 1 545239233 5.028837700000001e-07 3303338876 
210933.3 1 545239233 5.170905700000001e-07 3288380490 
211894.1 0 2875471576 1.420687e-08 1471982444 
211952.3 1 618276123 3.0701e-07 2250757420 
212245.2 2 3888264012 1.4346629999999999e-08 3642829293 1945735688 1.4e-08 
212780.1 1 3150846686 6.296788e-07 313359544 
213548.7 0 3534547045 8.799259e-07 2707128518 
214269.6 1 3534547045 9.078359e-07 2178051842 
215635.0 1 3921011129 4.8861823e-07 2795063678 
218107.2 1 3150846686 6.5807561e-07 3593732192 
220461.6 1 3534547045 9.357459000000001e-07 3257166052 
220835.2 0 1634407402 9.306031e-08 2875471576 
220883.5 1 545239233 5.3129747e-07 356405251 
221489.9 1 3150846686 6.72274e-07 1452489764 
227752.0 2 2906924538 5.582e-08 3012070026 4093093422 1.4e-08 2842015324 1.748087e-08 
227985.6 1 3921011129 5.027664300000001e-07 1104410542 
228187.6 0 2932274237 2.791e-08 821115011 
229006.2 0 2246051850 3.9074e-07 690117576 
230325.9 0 3921011129 5.027665e-07 1285693762 
231329.3 1 3921011129 5.3782473e-07 1239307652 
232779.6 1 545239233 5.455043700000001e-07 1738909006 
233550.2 0 2138100036 1.41984e-08 3071577057 
234930.5 0 937177227 1.414823e-08 740082705 
237103.2 0 3150846686 6.72274e-07 937177227 
242050.3 1 1593850299 4.1909999999999996e-08 2999719241 
242058.7 1 4259593397 5.0238e-07 3988949870 
244547.0 1 2246051850 4.0494687e-07 3083352544 
244912.8 1 3150846686 6.864724000000001e-07 2138100036 
250190.1 1 3150846686 7.006709e-07 2215785330 
250310.2 2 3737780296 7.256600099999999e-07 476505668 1249238030 1.235172e-07 3214077756 1.411483e-08 879162223 1.411483e-08 3884425642 1.411483e-08 1149406307 1.411483e-08 3528332227 1.411483e-08 4004407106 1.411483e-08 451270221 1.411483e-08 3149440925 1.411483e-08 2250775120 1.411483e-08 1130108289 1.411483e-08 2177968201 1.411483e-08 2914302410 1.411483e-08 3655816389 1.411483e-08 
250310.5 1 1249238030 1.3763203e-07 3214077756 
250310.5 1 1249238030 1.5174683e-07 3655816389 
250909.0 1 3534547045 9.537452999999999e-07 2312786130 
255240.8 0 126484229 2.791e-08 3037779432 
258412.0 0 545239233 5.455043e-07 2932274237 
262622.7 1 2246051850 4.191453e-07 1726701215 
263383.6 1 2246051850 4.3335217e-07 3122982648 
271743.9 0 3150846686 7.006709e-07 3707189490 
272138.7 0 1222799196 7.8148e-07 333964007 
272418.2 0 405521437 5.582e-08 2250879299 
277294.9 0 3497999925 2.791e-08 2487301543 
278718.3 0 3084497907 2.791e-08 858320168 
280581.9 1 3150846686 7.148191300000001e-07 2707128518 
285790.2 0 2063946235 1.781407e-07 245436729 
286930.2 3 545239233 5.455041599999997e-07 2246051850 3485819286 7.329349e-08 1382686479 1.440235e-08 1803925302 1.440235e-08 3293059020 1.440235e-08 378125977 1.440235e-08 2159618959 1.440235e-08 2441325815 1.440235e-08 3401497744 1.440235e-08 4069401935 1.440235e-08 134948105 1.440235e-08 1998372786 1.440235e-08 2455922112 1.440235e-08 3059103076 1.440235e-08 432337108 1.440235e-08 1902671923 1.440235e-08 4209590891 1.440235e-08 77395223 1.440235e-08 3592986772 1.440235e-08 1246511018 1.440235e-08 3986570268 1.440235e-08 174500547 1.440235e-08 4083845756 1.440235e-08 110358663 1.440235e-08 1370908750 1.440235e-08 1837234470 1.440235e-08 2945849429 1.440235e-08 
286930.2 1 3485819286 8.769584e-08 1382686479 
286930.2 1 3485819286 1.0209818e-07 2945849429 
287999.1 0 717226258 2.791e-08 1998372786 
288327.3 1 1837234470 2.88047e-08 77395223 
289262.0 1 6723929 7.022235e-08 3986570268 
290414.4 1 1837234470 4.333451e-08 848448836 
291336.8 0 6723929 7.022235e-08 905418128 
291364.7 0 545239233 5.455043e-07 3592986772 
292079.7 0 2718413753 5.582e-08 3592986772 
294949.1 0 2063946235 1.781407e-07 1803925302 
296032.9 1 3485819286 1.4543271e-07 1837234470 
298056.2 1 545239233 5.5990665e-07 378125977 
298353.9 2 4083845756 1.455058e-08 937177227 66296937 1.4e-08 
304501.0 0 3921011129 5.378247e-07 858320168 
308303.5 3 3704423751 1.4e-08 3020817656 976558236 2.091e-08 2438291630 2.091e-08 
308444.2 1 2438291630 4.182e-08 976558236 
309117.5 0 2914302410 1.411483e-08 3149440925 
309392.2 0 905418128 2.791e-08 1902671923 
314494.0 0 545239233 5.599067e-07 3071234124 
315279.7 1 4083845756 2.875745e-08 2879167783 
315624.4 3 2063946235 1.7814069e-07 3485819286 906368509 2.991887e-08 3783228500 1.443923e-08 2858952728 1.443923e-08 395113485 1.443923e-08 4019363830 1.443923e-08 3016084464 1.443923e-08 921818415 1.443923e-08 2892683898 1.443923e-08 3697249003 1.443923e-08 
316319.0 1 2063946235 1.9257993e-07 3697249003 
316845.7 0 2063946235 1.925799e-07 3783228500 
319875.6 1 3150846686 7.290175e-07 3491092596 
320170.1 1 1068020906 0.0009544954100000001 1768543625 
320947.6 1 3150846686 7.569275e-07 3114612365 
322804.1 0 2480932170 2.791e-08 1444500749 
323683.7 1 3921011129 5.6818536e-07 2528553283 
324518.8 2 4259593397 5.023800000000001e-07 3004792470 3983774618 7.683528e-08 4187488967 1.444748e-08 898751805 1.444748e-08 3632514288 1.444748e-08 410848061 1.444748e-08 2791633391 1.444748e-08 630280293 1.444748e-08 4212779140 1.444748e-08 3459374364 1.444748e-08 2125331604 1.444748e-08 3113062634 1.444748e-08 847040419 1.444748e-08 4240624600 1.444748e-08 1565786989 1.444748e-08 2286860921 1.444748e-08 
324519.2 1 3983774618 9.128276e-08 4187488967 
324519.2 1 3983774618 1.0573024e-07 2286860921 
325252.1 0 2063946235 1.925799e-07 3232700421 
329267.4 0 545239233 5.599067e-07 2441325815 
331388.6 2 3150846686 7.569275100000001e-07 1634407402 3707879645 1.4e-08 2746930994 1.581206e-08 4075596975 1.581206e-08 4283280385 1.581206e-08 538453177 1.581206e-08 3121292019 1.581206e-08 
332536.0 1 3150846686 7.848375000000001e-07 2835620284 
332976.5 0 3121292019 1.581206e-08 3707879645 
333559.7 0 561528368 2.791e-08 2159618959 
337546.4 0 3150846686 7.848375e-07 3707879645 
344030.0 1 545239233 5.886641499999999e-07 4083845756 
346557.6 0 3953846011 2.791e-08 2791633391 
348804.4 0 545239233 5.886641e-07 2441325815 
352300.3 0 4019363830 1.443923e-08 1370908750 
356187.7 1 2063946235 2.0701913e-07 395113485 
357669.6 0 3421887303 2.791e-08 921818415 
359368.9 2 2799798816 3.3492e-07 3736601249 3349724438 1.4e-08 4253718737 2.091e-08 3297362622 2.091e-08 
362259.8 0 6723929 7.022235e-08 3293059020 
363339.3 1 3150846686 8.0064956e-07 538453177 
367099.8 2 821115011 1.4405269999999999e-08 3375523036 1751902433 1.4e-08 
367256.6 0 1075699702 4.1865e-07 3459374364 
368585.3 0 3150846686 8.006496e-07 245436729 
369425.0 1 3150846686 8.164616600000001e-07 4075596975 
369451.4 1 905418128 4.243982e-08 2916276788 
370239.7 1 1075699702 4.4656e-07 2487301543 
371486.6 0 1379399837 2.791e-08 15308464 
372906.1 1 3150846686 8.304616e-07 1751902433 
374766.8 0 179097684 3.3492e-07 3747246174 
375129.1 1 4259593397 9.4894e-07 1075699702 
376641.5 0 3059103076 1.440235e-08 690117576 
378569.9 3 2480932170 2.734393e-08 3401497744 2878871175 1.496842e-08 
389449.6 1 869234806 4.231235e-08 174500547 
392496.7 0 3783228500 1.443923e-08 2159618959 
401291.7 1 545239233 6.0310333e-07 3783228500 
408635.8 0 1249238030 1.517469e-07 1130108289 
410568.5 0 2480932170 2.734392e-08 2455922112 
410726.6 3 561528368 1.3999990000000001e-08 821115011 3083717413 1.415764e-08 220564665 1.415764e-08 
411781.8 3 253808213 1.4e-08 1156624510 3653734512 2.091e-08 3815024321 2.091e-08 
412111.1 0 4259593397 9.4894e-07 1878784256 
415942.9 1 220564665 2.8157639999999997e-08 561528368 
418658.5 0 1572835533 5.3029e-07 1370908750 
419173.2 1 1222799196 8.093900000000001e-07 770580294 
421049.3 0 2504591099 2.791e-08 847040419 
421795.6 0 3534547045 9.537453e-07 15308464 
422279.4 0 3534547045 9.537453e-07 1412415798 
427600.3 0 659524895 2.791e-08 873214132 
429946.9 0 1444500749 2.791e-08 1412415798 
437317.8 0 220564665 2.815764e-08 3083717413 
441892.8 0 3534547045 9.537453e-07 740082705 
447908.4 1 2063946235 2.3517684e-07 220564665 
448693.3 0 921818415 1.443923e-08 3016084464 
450747.1 3 3707189490 2.3883929999999998e-08 3121292019 1428265047 1.983813e-08 
460701.1 0 3150846686 8.304616e-07 3707879645 
462008.5 1 2799798816 3.4936748e-07 847040419 
465603.6 1 1249238030 1.7965689999999999e-07 3475245566 
465985.0 0 3150846686 8.304616e-07 3707879645 
466018.9 0 3150846686 8.304616e-07 3707879645 
472743.6 1 1572835533 5.4429e-07 3349724438 
475764.7 1 4031050948 3.0701e-07 1963165541 
476079.2 1 3534547045 9.679437e-07 57770090 
476103.1 1 3534547045 9.8209193e-07 740082705 
479334.0 0 2211003714 1.452982e-08 2858952728 
486652.2 3 2932274237 2.709426e-08 2875471576 3604532305 1.502261e-08 
491516.1 0 545239233 6.031034e-07 1803925302 
493751.7 1 2204676502 0.00028572791 4028593304 
496847.9 0 6723929 7.022235e-08 3071234124 
497865.3 1 4259593397 9.6338748e-07 3632514288 
501244.3 0 3534547045 9.820919e-07 3604532305 
501819.5 0 410848061 1.444748e-08 4093093422 
503831.1 1 1222799196 8.303e-07 1494850122 
507128.3 0 6723929 7.022235e-08 2455922112 
514014.0 1 545239233 6.1750575e-07 2441325815 
514050.9 1 3921011129 5.8233363e-07 1285693762 
514326.2 0 2542835646 5.352072e-08 3071234124 
514453.9 1 3921011129 6.102436000000001e-07 1379399837 
518913.7 2 1222799196 8.3030003e-07 1572835533 1869365069 2.493666e-07 965372172 1.404397e-08 607396504 1.404397e-08 2533881277 1.404397e-08 472358284 1.404397e-08 1950077488 1.404397e-08 1820499179 1.404397e-08 4055959668 1.404397e-08 528880979 1.404397e-08 3778036871 1.404397e-08 1405660995 1.404397e-08 3662110242 1.404397e-08 2247026945 1.404397e-08 4032129539 1.404397e-08 4035587434 1.404397e-08 3111692719 1.404397e-08 1398579088 1.404397e-08 2501379955 1.404397e-08 3332562587 1.404397e-08 3562383954 1.404397e-08 2521380987 1.404397e-08 4119421155 1.404397e-08 
518913.7 1 1869365069 2.6341057e-07 4119421155 
518913.7 1 1869365069 2.7745457e-07 965372172 
521675.3 0 333964007 2.791e-08 110358663 
521818.7 0 2440120768 2.791e-08 4212779140 
522320.9 0 3111692719 1.404397e-08 4032129539 
526129.1 1 4259593397 9.7783498e-07 3459374364 
527335.9 0 3662110242 1.404397e-08 607396504 
530155.8 1 3150846686 8.444616e-07 3707879645 
532559.8 1 1222799196 8.443439700000001e-07 2521380987 
541736.0 0 3737780296 7.2566e-07 4046076794 
552439.7 1 3197676583 5.582e-08 3953846011 
553810.8 0 4032129539 1.404397e-08 528880979 
555390.2 0 3497999925 2.791e-08 2892683898 
555981.0 1 2063946235 2.491768e-07 66296937 
556612.2 1 1222799196 8.5838797e-07 1398579088 
564173.9 0 545239233 6.175057e-07 921818415 
567668.8 0 3150846686 8.444616e-07 3736894086 
567682.0 0 1246511018 1.440235e-08 2455922112 
569749.1 0 1869365069 2.774546e-07 3293059020 
569993.5 3 1425083048 1.4e-08 2746930994 1913762779 1.486103e-08 3678948817 1.486103e-08 
571251.8 0 1370908750 1.440235e-08 1412415798 
571785.1 0 2063946235 2.491768e-07 4198169764 
573142.2 0 4259593397 9.77835e-07 443746396 
574760.8 1 1068020906 0.00095452331 2681375347 
574793.0 0 1222799196 8.583879e-07 528880979 
578866.9 0 858320168 2.791e-08 1412415798 
579925.7 1 4259593397 1.0057450000000001e-06 443746396 
582818.0 0 2063946235 2.491768e-07 3232700421 
584454.1 1 4212779140 2.8491449999999998e-08 2501379955 
587113.8 0 4212779140 2.849145e-08 1902671923 
592318.6 1 3150846686 8.6834553e-07 3707189490 
597092.0 0 4019363830 1.443923e-08 690117576 
597974.5 1 2799798816 3.772775e-07 3497999925 
598496.5 1 3534547045 9.969529299999999e-07 1913762779 
601615.1 0 1444500749 2.791e-08 1803925302 
603893.9 0 3428193420 2.791e-08 1037584679 
606039.2 1 2799798816 4.051875e-07 3129006749 
606464.8 1 2063946235 2.6338367e-07 4198169764 
610689.0 0 3534547045 9.969529e-07 858320168 
610762.8 0 3534547045 9.969529e-07 858320168 
614699.2 1 4259593397 1.033655e-06 1458665800 
620242.3 1 3150846686 8.8269224e-07 3888264012 
623123.6 1 545239233 6.7102642e-07 2542835646 
627323.8 2 1246511018 1.455999e-08 3083717413 2489195127 1.4e-08 
627687.2 0 1869365069 2.774546e-07 528880979 
628337.2 2 1931993247 2.1312349999999998e-08 3293059020 3929228125 1.4e-08 
633028.8 0 179097684 3.3492e-07 3747246174 
633218.9 3 1370908750 1.440235e-08 3929228125 3160344427 1.4e-08 
634412.5 3 333964007 2.735603e-08 4283280385 3182159117 1.636603e-08 
634463.5 1 4259593397 1.061565e-06 511603307 
635229.4 1 333964007 4.372206e-08 3182159117 
653619.0 1 3534547045 1.0109529e-06 1945735688 
655276.0 1 3534547045 1.0258140299999998e-06 3678948817 
660741.8 0 4212779140 2.849145e-08 110358663 
662552.6 0 3933289935 2.791e-08 879162223 
667271.6 0 1222799196 8.583879e-07 211811971 
671064.0 0 3604532305 1.502261e-08 3071577057 
671258.6 1 3150846686 9.106022000000001e-07 1444500749 
671624.9 0 102901530 2.791e-08 2533881277 
673955.1 2 2858952728 1.484158e-08 134948105 766581564 1.4e-08 
676965.3 0 3332562587 1.404397e-08 3778036871 
677096.8 3 551137729 1.400073e-08 3297362622 3702894340 1.56242e-08 3532745758 1.56242e-08 
680567.1 1 3150846686 9.248006e-07 1412415798 
682399.2 0 1222799196 8.583879e-07 3778036871 
683242.2 0 2489195127 1.4e-08 1425083048 
685529.6 1 545239233 6.989364e-07 3071234124 
685975.8 1 3428193420 4.1953970000000003e-08 472358284 
686016.4 2 179097684 3.4317605e-07 3396227953 1072840122 1.720329e-08 
686221.2 0 179097684 3.43176e-07 1072840122 
687296.2 1 179097684 3.6037928999999997e-07 1072840122 
687806.0 1 659524895 5.582e-08 1037584679 
688828.9 0 2799798816 4.051875e-07 3778036871 
691818.6 0 906368509 2.991887e-08 2878871175 
696349.9 0 1869365069 2.774546e-07 873214132 
704774.6 0 4046076794 2.791e-08 873214132 
707920.0 1 1068020906 0.00095455121 2504591099 
708748.9 0 3150846686 9.248006e-07 2932274237 
713878.3 1 3921011129 6.242436e-07 1425083048 
714536.0 1 3737780296 7.5357e-07 2729381062 
725730.0 1 3662110242 2.808794e-08 607396504 
732946.2 2 869234806 4.231235000000001e-08 906368509 3294683754 1.4e-08 1676003954 1.591887e-08 
736996.1 0 2799798816 4.051875e-07 4032129539 
740312.7 3 873214132 1.4000009999999998e-08 4209590891 4285585893 1.415617e-08 2674988631 1.415617e-08 
740330.7 0 1869365069 2.774546e-07 4069401935 
747580.8 1 4259593397 1.0755657300000001e-06 551137729 
751990.4 3 2911053862 1.4e-08 2046083849 406745133 2.091e-08 2883513480 2.091e-08 
756715.9 0 333964007 4.372206e-08 690117576 
761109.1 0 2984600922 3.0701e-07 4061687915 
768146.2 0 3197676583 5.582e-08 2451350669 
768280.6 1 4259593397 1.103476e-06 3037779432 
777679.1 0 1902671923 1.440235e-08 4285585893 
794195.8 1 1222799196 8.725863e-07 3071577057 
796701.2 1 4285585893 2.820014e-08 3111692719 
797800.1 1 3534547045 1.039814e-06 15308464 
808599.8 3 2438291630 1.399999e-08 817087088 783121895 1.597576e-08 2683944377 1.597576e-08 2961226102 1.597576e-08 
809368.9 0 2961226102 1.597576e-08 783121895 
809689.2 1 545239233 7.268464e-07 3357643131 
812938.1 1 2204676502 0.00028575580999999997 126484229 
816799.6 3 2870158420 2.599099e-08 1950077488 301219709 1.596298e-08 
816966.0 2 110358663 1.460922e-08 1471982444 1743198400 1.4e-08 
817626.0 1 2906924538 8.373e-08 1327969783 
822279.7 1 3737780296 7.7340813e-07 1428265047 
825082.8 1 1222799196 9.004963e-07 102901530 
825945.1 0 2961226102 1.597576e-08 2438291630 
829614.2 2 3889879026 1.2119822e-07 3747246174 3059144981 2.615448e-08 
832696.1 0 3534547045 1.039814e-06 3604532305 
832826.9 1 1068020906 0.00095457911 3708838243 
832932.5 0 3534547045 1.039814e-06 3604532305 
836164.1 1 2961226102 3.195152e-08 2683944377 
837694.3 2 2799798816 4.051875e-07 4285585893 3952655669 1.4e-08 2848685905 1.420014e-08 
841510.7 1 1222799196 1.1779509e-06 1869365069 
842142.9 1 1222799196 1.21990497e-06 3428193420 
847330.4 0 545239233 7.268464e-07 384163328 
847958.5 0 1878784256 2.791e-08 3775452048 
849574.1 0 179097684 3.603793e-07 783121895 
853095.6 0 179097684 3.603793e-07 783121895 
853557.0 2 3921011129 7.1714384e-07 3889879026 1826422368 1.414903e-08 896813269 1.414903e-08 
853851.3 1 3921011129 7.3129283e-07 1826422368 
855330.1 0 2799798816 4.051875e-07 2848685905 
856795.0 0 1246511018 1.455998e-08 921818415 
857267.1 0 179097684 3.603793e-07 2438291630 
861473.7 0 179097684 3.603793e-07 2438291630 
863845.4 0 2063946235 2.633837e-07 110358663 
872443.0 1 3921011129 7.5744728e-07 3059144981 
873720.2 3 869234806 3.0147210000000006e-08 2480932170 37051273 1.975453e-08 1867247157 1.975453e-08 
877686.1 1 4259593397 1.117476e-06 253808213 
878345.1 0 3534547045 1.039814e-06 2932274237 
883295.7 0 2799798816 4.051875e-07 2848685905 
884128.2 2 1222799196 1.2199051599999996e-06 3737780296 3633199892 1.4e-08 1736323711 1.406311e-08 283080478 1.406311e-08 785216844 1.406311e-08 3006103420 1.406311e-08 2898323513 1.406311e-08 1199222225 1.406311e-08 3755198008 1.406311e-08 2795041644 1.406311e-08 3492274228 1.406311e-08 1420914473 1.406311e-08 439844059 1.406311e-08 3802520055 1.406311e-08 3012889883 1.406311e-08 3363823620 1.406311e-08 1086559163 1.406311e-08 3063534263 1.406311e-08 2013640095 1.406311e-08 1461359102 1.406311e-08 2027098952 1.406311e-08 4167430602 1.406311e-08 4096225443 1.406311e-08 781549661 1.406311e-08 907719639 1.406311e-08 1906851972 1.406311e-08 2597880038 1.406311e-08 1896745001 1.406311e-08 2378434411 1.406311e-08 1837088337 1.406311e-08 1543523724 1.406311e-08 1761715697 1.406311e-08 3099973400 1.406311e-08 2789348510 1.406311e-08 1371202285 1.406311e-08 629078091 1.406311e-08 754560055 1.406311e-08 1737134642 1.406311e-08 37613351 1.406311e-08 3434666020 1.406311e-08 2369258877 1.406311e-08 3563522875 1.406311e-08 249728555 1.406311e-08 4285226245 1.406311e-08 2707460946 1.406311e-08 2606325002 1.406311e-08 1541925803 1.406311e-08 2024675612 1.406311e-08 1292023300 1.406311e-08 3302973195 1.406311e-08 875106938 1.406311e-08 3314075649 1.406311e-08 2589646060 1.406311e-08 3433591204 1.406311e-08 1848242772 1.406311e-08 250719570 1.406311e-08 
884131.9 1 2707460946 2.812622e-08 4285226245 
884187.6 1 1222799196 1.2339681100000001e-06 1848242772 
885082.2 1 1222799196 1.24803111e-06 2789348510 
885970.3 2 2159618959 1.446546e-08 249728555 2681498831 1.4e-08 
885973.4 1 1222799196 1.26209411e-06 1541925803 
886164.2 1 1222799196 1.27615711e-06 3563522875 
886486.6 0 3433591204 1.406311e-08 3063534263 
886619.6 1 1222799196 1.29022011e-06 2024675612 
889478.3 1 1222799196 1.30428311e-06 875106938 
891837.8 1 1222799196 1.31834711e-06 907719639 
892791.1 0 2063946235 2.633837e-07 3232700421 
893621.8 1 2799798816 4.1971731999999997e-07 3696193412 
894036.7 0 905418128 4.243982e-08 2870158420 
896354.6 2 384163328 2.797311e-08 3302973195 481808867 1.4e-08 
899338.8 0 1222799196 1.318347e-06 3012889883 
899669.2 1 1222799196 1.33241011e-06 3012889883 
899962.1 0 2681498831 1.4e-08 1743198400 
901386.4 0 2606325002 1.406311e-08 2369258877 
907368.1 1 3921011129 7.8454156e-07 2932274237 
911934.2 2 4069401935 1.446546e-08 1461359102 2066612683 1.4e-08 
914874.5 3 783121895 1.597576e-08 2438291630 3458484829 1.4e-08 
915945.5 1 1222799196 1.36053623e-06 2707460946 
917456.0 0 250719570 1.406311e-08 3433591204 
919508.4 1 3150846686 9.527106e-07 245436729 
919670.6 0 1222799196 1.360536e-06 2466232951 
920035.9 1 3150846686 9.667106000000001e-07 3294683754 
922391.5 0 1222799196 1.360536e-06 3433591204 
928468.3 1 1068020906 0.0009546070100000001 1415695418 
932021.8 1 1222799196 1.37459911e-06 2795041644 
932062.9 0 2545005546 2.791e-08 3775452048 
936013.4 1 1222799196 1.38866211e-06 3433591204 
937471.4 2 1543523724 1.4107080000000001e-08 3778036871 2719204682 1.4e-08 
940069.8 3 3662110242 1.399999e-08 3434666020 4256642775 1.407553e-08 2449448537 1.407553e-08 
946906.8 1 4167430602 2.812622e-08 3363823620 
947721.2 0 732124878 2.791e-08 4240624600 
953255.6 0 2858952728 1.484157e-08 2489195127 
954578.9 0 3736894086 2.791e-08 1743198400 
955350.6 3 905418128 3.3454699999999994e-08 1998372786 463844675 2.338747e-08 
957119.8 0 545239233 7.268464e-07 790319072 
959352.2 0 3421887303 2.791e-08 301219709 
965477.3 0 179097684 3.603793e-07 3704423751 
968102.4 1 2063946235 2.7744681e-07 1737134642 
968434.7 0 2063946235 2.774468e-07 785216844 
968761.0 0 3063534263 1.406311e-08 3802520055 
970872.9 1 3150846686 9.8077371e-07 2378434411 
971895.7 1 3150846686 9.951760500000002e-07 1902671923 
972579.3 1 3150846686 1.00978532e-06 110358663 
976394.1 0 1222799196 1.388662e-06 766581564 
976574.4 1 4031050948 3.2112483e-07 3528332227 
978056.6 1 1068020906 0.00095463491 911013108 
979377.4 0 2369258877 1.406311e-08 439844059 
979616.8 1 2799798816 4.3378041e-07 3802520055 
983736.2 0 4004407106 1.411483e-08 481808867 
983827.2 1 179097684 3.7635506e-07 783121895 
988778.1 1 3534547045 1.0540208699999999e-06 690117576 
989285.0 2 37051273 2.16734e-08 1676003954 3167902617 1.4e-08 
990614.6 0 858320168 2.791e-08 921818415 
990779.8 1 2589646060 2.812622e-08 1292023300 
997496.9 0 869234806 3.01472e-08 463844675 
1001059.0 3 37051273 2.066492e-08 4096225443 579073438 1.507159e-08 
1004154.0 1 1068020906 0.00095466281 4226750145 
1004592.0 0 463844675 2.338747e-08 3492274228 
1005015.0 0 4019363830 1.443923e-08 3006103420 
1009958.0 3 2674988631 1.415617e-08 873214132 3468130899 1.4e-08 
1011266.0 3 6723929 2.534722e-08 579073438 393090083 1.498668e-08 2343849308 1.498668e-08 1055469694 1.498668e-08 627452446 1.498668e-08 
1013058.0 1 6723929 4.0333900000000004e-08 393090083 
1013917.0 1 6723929 5.5320579999999995e-08 627452446 
1014261.0 0 2848685905 1.420014e-08 3006103420 
1014819.0 3 2718413753 2.399295e-08 2449448537 2014426858 1.530086e-08 2716949832 1.530086e-08 552634658 1.530086e-08 
1017991.0 1 2674988631 2.815617e-08 3468130899 
1018036.0 1 2718413753 3.92938e-08 2716949832 
1020667.0 1 3921011129 7.985416e-07 3704423751 
1020867.0 0 1222799196 1.388662e-06 481808867 
1021543.0 1 1068020906 0.00095467691483 3884425642 
1023848.0 3 545239233 7.268462900000003e-07 2799798816 3736523900 1.4e-08 2213923665 1.447519e-08 1503202005 1.447519e-08 3202152185 1.447519e-08 2622395779 1.447519e-08 3607413901 1.447519e-08 649593533 1.447519e-08 66987975 1.447519e-08 483021244 1.447519e-08 3707800333 1.447519e-08 3528190190 1.447519e-08 2185291493 1.447519e-08 550176535 1.447519e-08 1674415855 1.447519e-08 4287239676 1.447519e-08 3884987045 1.447519e-08 1960974751 1.447519e-08 309459595 1.447519e-08 2348040613 1.447519e-08 3180086772 1.447519e-08 3833074883 1.447519e-08 1462644303 1.447519e-08 4088625113 1.447519e-08 1237914369 1.447519e-08 2733144751 1.447519e-08 1649557018 1.447519e-08 1831065885 1.447519e-08 79461789 1.447519e-08 1621314342 1.447519e-08 2016090987 1.447519e-08 
1023896.0 1 545239233 7.413215900000001e-07 3884987045 
1024345.0 0 545239233 7.413216e-07 1462644303 
1024381.0 1 545239233 7.5579679e-07 483021244 
1027546.0 1 545239233 7.7027199e-07 1649557018 
1029197.0 0 3180086772 1.447519e-08 1743198400 
1032503.0 3 659524895 3.184772e-08 3736523900 1553963666 1.898614e-08 1002680420 1.898614e-08 
1032581.0 0 4167430602 2.812623e-08 3314075649 
1036844.0 0 1761715697 1.406311e-08 3167902617 
1039258.0 1 1674415855 2.85383e-08 1086559163 
1041967.0 2 405521437 5.582e-08 4167430602 734120091 1.4e-08 2475979558 1.412623e-08 
1042655.0 1 1222799196 1.40313719e-06 1621314342 
1044250.0 1 373638573 1.00000002791 843517319 
1044704.0 1 545239233 7.847471900000001e-07 1960974751 
1048585.0 1 1222799196 1.41718097e-06 2247026945 
1051132.0 2 3592986772 1.446546e-08 2369258877 2649056468 1.4e-08 
1052188.0 0 2622395779 1.447519e-08 1896745001 
1053981.0 2 858320168 2.797311e-08 785216844 3381587904 1.4e-08 
1054930.0 0 3592986772 1.446546e-08 2649056468 
1054976.0 2 921818415 1.458826e-08 896813269 175860597 1.4e-08 
1055159.0 1 545239233 7.9882273e-07 4256642775 
1055846.0 1 921818415 2.858826e-08 175860597 
1057965.0 0 1222799196 1.417181e-06 309459595 
1058005.0 1 545239233 8.1329789e-07 3202152185 
1060636.0 0 2733144751 1.447519e-08 66987975 
1069500.0 0 810769555 2.791e-08 439844059 
1073705.0 0 426576124 3.3492e-07 3314075649 
1074160.0 0 2014426858 1.530086e-08 3059103076 
1075032.0 0 4240624600 1.444748e-08 766581564 
1076742.0 3 2842015324 1.748087e-08 3167902617 1089013536 1.4e-08 
1076880.0 0 2063946235 2.774468e-07 463844675 
1076924.0 0 251961497 2.791e-08 3653734512 
1081442.0 1 2984600922 3.2148518999999997e-07 3707800333 
1081667.0 2 1896745001 1.4126220000000001e-08 2898323513 552498239 1.4e-08 
1084720.0 1 1222799196 1.43314398e-06 301219709 
1086633.0 3 3099973400 1.406311e-08 1089013536 481049431 1.4e-08 
1086655.0 2 2733144751 1.45383e-08 2597880038 2950407739 1.4e-08 
1089153.0 1 3150846686 1.02384811e-06 283080478 
1090694.0 2 2858952728 1.531676e-08 1503202005 72955594 1.4e-08 
1091705.0 0 4253718737 2.091e-08 4088625113 
1095649.0 1 1068020906 0.00095470481 3824069879 
1096083.0 1 2733144751 2.85383e-08 2950407739 
1096918.0 0 4069401935 1.446546e-08 3755198008 
1102313.0 0 1222799196 1.433144e-06 2348040613 
1105949.0 0 405521437 5.582e-08 1867247157 
1109592.0 0 2733144751 2.85383e-08 2211003714 
1109814.0 0 6723929 5.532058e-08 2622395779 
1110301.0 1 1222799196 1.44761919e-06 2016090987 
1111519.0 3 3421887303 1.4000009999999998e-08 2455922112 1771264541 1.415617e-08 2353028958 1.415617e-08 
1115413.0 1 3150846686 1.0379111100000001e-06 1371202285 
1115703.0 0 3197676583 5.582e-08 3702894340 
1117216.0 1 2063946235 2.9811172e-07 37051273 
1121270.0 3 2589646060 2.7685590000000002e-08 3421887303 2980075456 1.444064e-08 
1122531.0 2 2906924538 8.373e-08 1593850299 3449694611 1.4e-08 1194638860 2.791e-08 
1127271.0 0 790319072 2.791e-08 2606325002 
1129293.0 0 3592986772 1.446546e-08 1761715697 
1130100.0 0 1055469694 1.498668e-08 3607413901 
1132140.0 0 2211003714 1.452982e-08 1237914369 
1132525.0 1 3833074883 2.8582269999999998e-08 1543523724 
1133817.0 1 1222799196 1.46168311e-06 439844059 
1144902.0 3 4287239676 1.447519e-08 766581564 114837353 1.4e-08 
1147384.0 3 333964007 1.3999999999999996e-08 2733144751 2341758500 1.456509e-08 651046398 1.456509e-08 2780384598 1.456509e-08 1061526795 1.456509e-08 
1148571.0 1 3921011129 8.2712986e-07 921818415 
1148931.0 0 552634658 1.530086e-08 2014426858 
1149374.0 1 3150846686 1.05197411e-06 2027098952 
1149392.0 2 1061526795 1.512507e-08 1246511018 3342541004 1.4e-08 
1149831.0 0 4287239676 1.447519e-08 4019363830 
1151161.0 0 858320168 2.797311e-08 4088625113 
1160282.0 1 1222799196 1.4761236400000001e-06 2980075456 
1165225.0 1 1222799196 1.49059819e-06 79461789 
1166432.0 0 2674988631 2.815617e-08 3528190190 
1167044.0 0 550176535 1.447519e-08 3332562587 
1167276.0 0 1771264541 1.415617e-08 528880979 
1172639.0 0 1222799196 1.490599e-06 2348040613 
1177769.0 3 1462644303 1.447519e-08 2489195127 1577969976 1.4e-08 
1179388.0 0 2674988631 2.815617e-08 3736894086 
1182822.0 0 552634658 1.530086e-08 309459595 
1184095.0 0 550176535 1.447519e-08 3607413901 
1186418.0 1 4259593397 1.1316022300000001e-06 2475979558 
1186820.0 0 3702894340 1.56242e-08 734120091 
1195383.0 2 4259593397 1.13160205e-06 2984600922 695939830 1.4e-08 229435916 1.464215e-08 1850435983 1.464215e-08 19131048 1.464215e-08 2426951832 1.464215e-08 3089865955 1.464215e-08 3526559023 1.464215e-08 73116178 1.464215e-08 2654473721 1.464215e-08 2564127097 1.464215e-08 3554620561 1.464215e-08 2789301560 1.464215e-08 3201932102 1.464215e-08 3527214469 1.464215e-08 224410298 1.464215e-08 3967778277 1.464215e-08 1759850032 1.464215e-08 2704180049 1.464215e-08 287394855 1.464215e-08 2670951229 1.464215e-08 2367820772 1.464215e-08 771359632 1.464215e-08 
1196065.0 1 545239233 8.2777309e-07 66987975 
1197151.0 1 4259593397 1.14624415e-06 2426951832 
1197217.0 2 545239233 8.277731999999999e-07 2063946235 4186562710 1.4e-08 3211480542 1.420558e-08 346987663 1.420558e-08 1922039940 1.420558e-08 2110688926 1.420558e-08 1314810707 1.420558e-08 2472898255 1.420558e-08 3459912306 1.420558e-08 1598213090 1.420558e-08 1495382923 1.420558e-08 722767024 1.420558e-08 515125813 1.420558e-08 1298902656 1.420558e-08 3532628785 1.420558e-08 826924968 1.420558e-08 3190311976 1.420558e-08 841878026 1.420558e-08 2747938267 1.420558e-08 3177521820 1.420558e-08 3363025910 1.420558e-08 1290268226 1.420558e-08 
1197227.0 0 3190311976 1.420558e-08 346987663 
1197405.0 1 545239233 8.417731e-07 4186562710 
1197785.0 1 545239233 8.5597868e-07 1314810707 
1200823.0 1 545239233 8.7018428e-07 1598213090 
1203795.0 0 1462644303 1.447519e-08 1495382923 
1204053.0 1 545239233 8.8438988e-07 2747938267 
1204890.0 0 2211003714 1.452982e-08 2185291493 
1205054.0 1 545239233 8.9859538e-07 1290268226 
1205211.0 1 4259593397 1.1608861500000001e-06 3554620561 
1207531.0 1 790319072 4.235748e-08 2125331604 
1208306.0 1 545239233 9.1280098e-07 3532628785 
1210279.0 2 1002680420 1.904925e-08 3099973400 764400056 1.4e-08 
1212035.0 3 3833074883 1.4e-08 1931993247 1517815290 1.794731e-08 66064165 1.794731e-08 
1220996.0 1 1517815290 3.194731e-08 3833074883 
1221683.0 1 1222799196 1.5048045799999999e-06 515125813 
1221951.0 0 545239233 9.12801e-07 2472898255 
1223418.0 3 2589646060 2.543833e-08 841878026 2766526296 1.645284e-08 
1226440.0 1 3150846686 1.06727586e-06 552634658 
1226861.0 1 545239233 9.2700658e-07 2472898255 
1233497.0 1 1222799196 1.51886711e-06 1420914473 
1233920.0 2 2159618959 1.467104e-08 3363025910 2454553876 1.4e-08 
1234858.0 0 722767024 1.420558e-08 37613351 
1235092.0 1 4259593397 1.17552815e-06 2367820772 
1235925.0 0 2858952728 1.531676e-08 1736323711 
1239389.0 0 2858952728 1.531676e-08 1199222225 
1240108.0 1 1222799196 1.532867e-06 3342541004 
1248252.0 0 4259593397 1.175528e-06 3059103076 
1250953.0 0 3150846686 1.067275e-06 1462644303 
1252512.0 0 3921011129 8.271298e-07 1803925302 
1256525.0 2 629078091 1.4126220000000001e-08 3492274228 1923515514 1.4e-08 
1257527.0 1 4259593397 1.1945772599999998e-06 1002680420 
1261665.0 0 3190311976 1.420558e-08 1922039940 
1265473.0 3 384163328 1.399999e-08 2848685905 3339828518 1.408663e-08 105819081 1.408663e-08 
1270070.0 0 1061526795 1.512507e-08 552498239 
1272435.0 1 4259593397 1.2102022e-06 3532745758 
1274544.0 0 858320168 2.797311e-08 2892683898 
1274570.0 1 4259593397 1.22484415e-06 771359632 
1276064.0 1 3983774618 1.2037235e-07 2654473721 
1276275.0 2 3016084464 1.4565460000000001e-08 629078091 533433650 1.4e-08 
1279129.0 3 3190311976 1.420558e-08 2649056468 1601889739 1.4e-08 
1279193.0 1 1222799196 1.54691097e-06 3562383954 
1279620.0 0 3534547045 1.054021e-06 1803925302 
1282597.0 0 2589646060 2.543834e-08 72955594 
1285230.0 1 3150846686 1.081275e-06 533433650 
1290165.0 1 1222799196 1.56138619e-06 309459595 
1294850.0 0 3604532305 1.502261e-08 3381587904 
1296099.0 0 3592986772 1.446546e-08 4032129539 
1296877.0 3 463844675 2.126833e-08 3177521820 381652938 1.632472e-08 
1298439.0 1 3534547045 1.06849619e-06 4088625113 
1300115.0 3 2674988631 1.3999980000000003e-08 858320168 96665495 1.40431e-08 1342185090 1.40431e-08 149784911 1.40431e-08 
1300176.0 0 1342185090 1.40431e-08 96665495 
1308152.0 2 1222799196 1.561386e-06 3197676583 85224627 1.4e-08 1965662198 2.091e-08 110439229 2.091e-08 
1313263.0 2 2858952728 1.6303440000000002e-08 2343849308 1449522982 1.4e-08 
1315088.0 1 1249238030 2.075669e-07 3108364485 
1315678.0 2 110439229 2.189668e-08 1055469694 3279439195 1.4e-08 
1317099.0 1 1222799196 1.575386e-06 114837353 
1320047.0 1 545239233 9.4121218e-07 346987663 
1322098.0 1 4259593397 1.23931919e-06 2185291493 
1322511.0 3 250719570 1.406311e-08 2681498831 360107933 1.4e-08 
1328815.0 0 405521437 5.582e-08 1736323711 
1334733.0 3 1674415855 1.4e-08 2211003714 1657444763 1.453406e-08 58759274 1.453406e-08 
1341751.0 0 1061526795 1.512507e-08 3662110242 
1342791.0 1 4031050948 3.3518791e-07 1837088337 
1344027.0 2 4069401935 1.467104e-08 2110688926 2135013218 1.4e-08 
1344681.0 0 2589646060 2.543834e-08 333964007 
1346575.0 1 4259593397 1.267229e-06 251961497 
1347843.0 2 3150846686 1.0812753200000002e-06 3534547045 470332523 1.606128e-07 3217169414 1.418567e-08 3030801476 1.418567e-08 2208266878 1.418567e-08 3715668764 1.418567e-08 3418547556 1.418567e-08 355298688 1.418567e-08 4193709834 1.418567e-08 584993009 1.418567e-08 1499007652 1.418567e-08 755060644 1.418567e-08 3270476896 1.418567e-08 3934203265 1.418567e-08 1292024166 1.418567e-08 1323984060 1.418567e-08 4197927596 1.418567e-08 1414892502 1.418567e-08 4201342597 1.418567e-08 2391696826 1.418567e-08 4138371369 1.418567e-08 3590332688 1.418567e-08 1745749016 1.418567e-08 2711965517 1.418567e-08 2933223072 1.418567e-08 1987038079 1.418567e-08 3797386594 1.418567e-08 1280619132 1.418567e-08 4105879141 1.418567e-08 3088551619 1.418567e-08 3443287411 1.418567e-08 3981989558 1.418567e-08 1165174376 1.418567e-08 3467386575 1.418567e-08 4263904522 1.418567e-08 4267941538 1.418567e-08 3372193553 1.418567e-08 3681452412 1.418567e-08 2604064924 1.418567e-08 3458662533 1.418567e-08 762210064 1.418567e-08 570164134 1.418567e-08 2418772576 1.418567e-08 2105330617 1.418567e-08 964813250 1.418567e-08 2039170765 1.418567e-08 4278040469 1.418567e-08 241690685 1.418567e-08 1703904600 1.418567e-08 3814978291 1.418567e-08 118566979 1.418567e-08 894269343 1.418567e-08 932943525 1.418567e-08 250347941 1.418567e-08 2292589682 1.418567e-08 3971437066 1.418567e-08 2810179169 1.418567e-08 1803012522 1.418567e-08 3940915008 1.418567e-08 3593659676 1.418567e-08 2744143284 1.418567e-08 2002691604 1.418567e-08 3223248356 1.418567e-08 101557930 1.418567e-08 678688578 1.418567e-08 2222966094 1.418567e-08 
1347843.0 1 470332523 1.7479847e-07 3217169414 
1347843.0 1 470332523 1.8898416999999997e-07 2222966094 
1347843.0 1 470332523 2.0316987e-07 678688578 
1347843.0 1 470332523 2.1735557e-07 3030801476 
1347843.0 1 470332523 2.3154116999999998e-07 101557930 
1347843.0 1 470332523 2.4572687e-07 2208266878 
1347843.0 1 3467386575 2.837134e-08 1165174376 
1347843.0 1 3467386575 4.2557019999999995e-08 4263904522 
1347844.0 1 470332523 2.5991257e-07 3223248356 
1347968.0 1 3150846686 1.3411876e-06 470332523 
1348122.0 1 3150846686 1.35537367e-06 1499007652 
1348124.0 1 3150846686 1.36955967e-06 241690685 
1348145.0 1 3150846686 1.3837446699999998e-06 894269343 
1348511.0 1 3150846686 1.3979306699999999e-06 3372193553 
1348525.0 1 3150846686 1.41211667e-06 1987038079 
1348563.0 0 1222799196 1.575386e-06 4287239676 
1348595.0 0 3150846686 1.412116e-06 3443287411 
1348653.0 1 3150846686 1.42630167e-06 3270476896 
1348739.0 1 3150846686 1.46885902e-06 3467386575 
1349022.0 1 3150846686 1.4830446699999999e-06 3590332688 
1349099.0 1 3150846686 1.49723067e-06 1414892502 
1349132.0 2 898751805 1.453411e-08 105819081 1301910447 1.4e-08 
1349251.0 1 3150846686 1.51141567e-06 3934203265 
1349256.0 1 3150846686 1.52560167e-06 1292024166 
1349384.0 0 3797386594 1.418567e-08 4197927596 
1349563.0 0 1703904600 1.418567e-08 4278040469 
1349930.0 0 1703904600 1.418567e-08 2391696826 
1350160.0 0 3150846686 1.525602e-06 3443287411 
1350290.0 0 3150846686 1.525602e-06 2418772576 
1350408.0 1 1222799196 1.589386e-06 85224627 
1350560.0 0 1222799196 1.589386e-06 2766526296 
1350674.0 0 3443287411 1.418567e-08 755060644 
1351282.0 1 3150846686 1.5397876699999998e-06 3940915008 
1351569.0 1 3150846686 1.5539726699999998e-06 584993009 
1352202.0 1 3150846686 1.5681586699999999e-06 570164134 
1352421.0 0 3150846686 1.568159e-06 2418772576 
1352651.0 0 3593659676 1.418567e-08 355298688 
1352662.0 0 762210064 1.418567e-08 4197927596 
1352772.0 1 3150846686 1.58234467e-06 3814978291 
1353195.0 0 3593659676 1.418567e-08 96665495 
1353915.0 0 932943525 1.418567e-08 4267941538 
1354205.0 1 3150846686 1.59652967e-06 4197927596 
1354253.0 1 3150846686 1.61071567e-06 3797386594 
1354869.0 0 2292589682 1.418567e-08 3458662533 
1354965.0 0 3150846686 1.610716e-06 3681452412 
1355352.0 1 3150846686 1.6249016699999998e-06 3443287411 
1355956.0 1 3150846686 1.6390876699999999e-06 2418772576 
1356270.0 0 659524895 3.184772e-08 2674988631 
1356407.0 1 3150846686 1.6532726699999999e-06 755060644 
1357219.0 1 3150846686 1.66745867e-06 3458662533 
1357292.0 1 3150846686 1.68164467e-06 1803012522 
1358337.0 1 3150846686 1.69582967e-06 1323984060 
1358665.0 0 545239233 9.412122e-07 764400056 
1359207.0 0 3150846686 1.69583e-06 2002691604 
1359552.0 1 2105330617 2.837134e-08 4201342597 
1361091.0 1 3150846686 1.7100156699999998e-06 3681452412 
1361460.0 2 2933223072 1.434184e-08 1771264541 2919535035 1.4e-08 
1361603.0 1 3150846686 1.7242016699999999e-06 1745749016 
1362723.0 3 3084497907 2.791e-08 2454553876 2855048822 1.4e-08 
1363002.0 0 2105330617 2.837135e-08 3981989558 
1363080.0 0 2878871175 1.496842e-08 4035587434 
1363152.0 1 4259593397 1.2818711500000001e-06 1759850032 
1363930.0 0 3150846686 1.724201e-06 932943525 
1363981.0 1 3150846686 1.7383866699999999e-06 4193709834 
1364264.0 0 250347941 1.418567e-08 4138371369 
1364536.0 3 2766526296 1.645284e-08 2066612683 682911345 1.4e-08 
1364560.0 0 810769555 2.791e-08 4069401935 
1364987.0 1 3150846686 1.75257267e-06 932943525 
1365636.0 0 1280619132 1.418567e-08 2391696826 
1365665.0 1 3150846686 1.76675867e-06 3971437066 
1365761.0 1 3150846686 1.78094367e-06 964813250 
1367278.0 1 3150846686 1.7951296699999998e-06 2002691604 
1367418.0 1 3150846686 1.8093156699999999e-06 4105879141 
1368085.0 0 211811971 2.791e-08 1965662198 
1370667.0 1 3150846686 1.82347117e-06 2353028958 
1374044.0 3 905418128 2.6935169999999997e-08 2711965517 238807518 2.070519e-08 
1376237.0 0 405521437 5.582e-08 2766526296 
1378921.0 0 4278040469 1.418567e-08 4267941538 
1379113.0 0 2105330617 2.837135e-08 1577969976 
1379801.0 1 3150846686 1.83765667e-06 355298688 
1381236.0 0 3150846686 1.837657e-06 2744143284 
1381821.0 0 3921011129 8.271298e-07 3593659676 
1384232.0 1 2105330617 4.2557019999999995e-08 2039170765 
1384706.0 0 2105330617 4.255702e-08 96665495 
1386115.0 1 1222799196 1.61128268e-06 110439229 
1386925.0 0 1703904600 1.418567e-08 3981989558 
1387959.0 0 1222799196 1.611283e-06 3527214469 
1391401.0 0 3268335666 2.791e-08 3662110242 
1391419.0 3 659524895 1.5212349999999997e-08 4032129539 1840937626 1.533967e-08 1734007597 1.533967e-08 
1392358.0 0 4046076794 2.791e-08 1237914369 
1392615.0 0 3150846686 1.837657e-06 3981989558 
1395436.0 0 905418128 2.693518e-08 2744143284 
1395867.0 1 3150846686 1.85184267e-06 3088551619 
1396589.0 1 3150846686 1.8660286699999998e-06 3981989558 
1396590.0 1 3921011129 8.4131547e-07 4278040469 
1399647.0 0 3633199892 1.4e-08 1743198400 
1400349.0 3 1867247157 1.975453e-08 481049431 4088691616 1.4e-08 
1402853.0 1 3921011129 8.5550117e-07 3593659676 
1403291.0 3 869234806 1.3999990000000003e-08 3063534263 2087527840 1.510516e-08 2065940037 1.510516e-08 
1404133.0 1 3150846686 1.8802136699999998e-06 2292589682 
1406707.0 0 1906851972 1.406311e-08 149784911 
1407044.0 0 1553963666 1.898614e-08 2087527840 
1408174.0 0 1222799196 1.611283e-06 3755198008 
1408718.0 0 3150846686 1.880214e-06 3604532305 
1414145.0 0 3268335666 2.791e-08 1237914369 
1417294.0 0 1222799196 1.611283e-06 2451350669 
1418224.0 1 545239233 9.552122e-07 1674415855 
1419072.0 1 3150846686 1.894214e-06 1577969976 
1421461.0 0 1517815290 3.194731e-08 2704180049 
1423068.0 2 66064165 1.8010420000000002e-08 754560055 2751602400 1.4e-08 
1425560.0 1 545239233 9.7151564e-07 2858952728 
1432330.0 0 1298902656 1.420558e-08 37613351 
1432808.0 2 3528190190 1.487754e-08 1370908750 552380491 1.4e-08 
1434714.0 2 1703904600 1.424878e-08 781549661 253656606 1.4e-08 
1435687.0 0 2604064924 1.418567e-08 4267941538 
1438311.0 1 426576124 3.4994260999999996e-07 3604532305 
1438425.0 0 211811971 2.791e-08 3016084464 
1438925.0 0 287394855 1.464215e-08 224410298 
1439461.0 3 1061526795 1.512507e-08 4088691616 1254429415 1.4e-08 
1442516.0 2 463844675 2.1312310000000002e-08 3332562587 481400394 1.4e-08 
1444516.0 3 717226258 1.4000009999999998e-08 432337108 2584856907 1.415617e-08 3284371529 1.415617e-08 
1444660.0 0 3201932102 1.464215e-08 1820499179 
1445329.0 2 3528190190 1.492063e-08 96665495 871205577 1.4e-08 
1445716.0 2 3089865955 1.508963e-08 630280293 2655011401 1.4e-08 
1446574.0 3 659524895 1.521234e-08 1923515514 4156410056 1.4e-08 
1448259.0 0 1831065885 1.447519e-08 2622395779 
1449692.0 2 1237914369 1.466086e-08 3418547556 249938527 1.4e-08 
1450384.0 0 3921011129 8.555012e-07 2391696826 
1452549.0 3 552380491 1.4e-08 764400056 843598278 1.4e-08 
1453309.0 1 3921011129 8.6990355e-07 1803925302 
1454110.0 0 3687573659 1.455886e-08 1820499179 
1455586.0 1 3150846686 1.90839967e-06 2810179169 
1459067.0 2 2933223072 1.452752e-08 2391696826 2197427154 1.4e-08 
1462503.0 2 4287239676 1.472398e-08 1703904600 3690557900 1.4e-08 
1463499.0 1 3150846686 1.95095702e-06 2105330617 
1464733.0 0 2589646060 2.543834e-08 250347941 
1465436.0 2 1965662198 2.138519e-08 649593533 3824375258 1.4e-08 
1468481.0 0 2348040613 1.447519e-08 2892683898 
1471643.0 0 3921011129 8.699035e-07 3381587904 
1472950.0 1 545239233 9.8557871e-07 37613351 
1475197.0 1 3150846686 1.96514267e-06 4138371369 
1479401.0 0 3150846686 1.965143e-06 1449522982 
1479814.0 3 229435916 1.464215e-08 734120091 769315986 1.4e-08 
1480169.0 0 3084497907 2.791e-08 1342185090 
1480946.0 3 3687573659 1.455886e-08 249938527 1856937876 1.4e-08 
1481478.0 0 2250879299 2.791e-08 2013640095 
1481667.0 0 6723929 5.532058e-08 3279439195 
1488134.0 0 2341758500 1.456509e-08 4156410056 
1488169.0 1 250719570 2.810621e-08 149784911 
1492442.0 0 129185354 2.791e-08 1831065885 
1497051.0 1 1222799196 1.625283e-06 72955594 
1497339.0 1 3150846686 1.97967052e-06 2933223072 
1499710.0 2 1495382923 1.426869e-08 3006103420 354497373 1.4e-08 
1503524.0 1 545239233 1.00358912e-06 66064165 
1504037.0 1 4259593397 1.29631848e-06 2791633391 
1508147.0 0 545239233 1.003589e-06 463844675 
1520831.0 0 3921011129 8.699035e-07 118566979 
1523538.0 0 3150846686 1.97967e-06 1280619132 
1524885.0 0 2159618959 1.467104e-08 2751602400 
1528472.0 3 481400394 1.4e-08 253656606 1230311851 1.4e-08 
1529969.0 1 3150846686 1.99385567e-06 1280619132 
1533246.0 1 2213923665 2.847519e-08 717226258 
1535335.0 0 2341758500 1.456509e-08 3381587904 
1535691.0 2 1657444763 1.4739640000000001e-08 1922039940 3825172902 1.4e-08 
1539295.0 0 73116178 1.464215e-08 1405660995 
1545390.0 0 1249238030 2.075669e-07 3314075649 
1547097.0 0 545239233 1.003589e-06 1495382923 
1550347.0 1 179097684 3.9035509999999997e-07 3381587904 
1550604.0 1 3921011129 8.8408917e-07 118566979 
1551213.0 0 1517815290 3.194731e-08 3690557900 
1553606.0 0 1222799196 1.625283e-06 2911053862 
1557047.0 2 1237914369 1.486644e-08 3459912306 110318614 1.4e-08 
1558087.0 1 1222799196 1.6397581900000001e-06 550176535 
1566427.0 1 1222799196 1.6544001500000001e-06 229435916 
1566828.0 1 1222799196 1.66907104e-06 4069401935 
1567027.0 2 2014426858 1.5569560000000002e-08 1495382923 176241382 1.4e-08 
1571524.0 0 905418128 2.693518e-08 2014426858 
1571571.0 0 1761715697 1.406311e-08 2919535035 
1573437.0 1 545239233 1.01803648e-06 3113062634 
1574071.0 2 1061526795 1.533065e-08 722767024 1063934737 1.4e-08 
1576737.0 0 1237914369 1.486645e-08 481400394 
1578884.0 1 4259593397 1.3109611500000001e-06 224410298 
1581573.0 1 3150846686 2.0078560000000003e-06 2197427154 
1582272.0 0 3592986772 1.446546e-08 682911345 
1586983.0 0 2014426858 1.556956e-08 4287239676 
1587596.0 0 2213923665 2.847519e-08 3528190190 
1590325.0 0 4019363830 1.443923e-08 3284371529 
1594840.0 3 2718413753 3.129237e-08 3592986772 2445084109 2.246689e-08 
1596532.0 0 4287239676 1.472398e-08 1761715697 
1597146.0 0 2622395779 1.447519e-08 4156410056 
1597541.0 1 1222799196 1.68360506e-06 58759274 
1598005.0 3 2604064924 1.418567e-08 2919535035 1871304206 1.4e-08 
1598546.0 0 3921011129 8.840892e-07 1449522982 
1602817.0 0 2065940037 1.510516e-08 4267941538 
1607091.0 2 1462644303 1.466086e-08 2744143284 4185666246 1.4e-08 
1608718.0 3 3268335666 1.399999e-08 1840937626 1905833305 1.462484e-08 3879652638 1.462484e-08 
1612601.0 3 3983774618 5.246803999999999e-08 1194638860 1924091726 1.596906e-08 1629863604 1.596906e-08 698682927 1.596906e-08 855708858 1.596906e-08 3076001680 1.596906e-08 1493833725 1.596906e-08 
1617483.0 2 1850435983 1.508963e-08 1565786989 1450024594 1.4e-08 
1619122.0 0 381652938 1.632472e-08 2014426858 
1620926.0 0 2766526296 1.645284e-08 1063934737 
1621092.0 3 1517815290 1.4000010000000003e-08 2855048822 1797275806 1.597365e-08 3378187523 1.597365e-08 
1621632.0 0 545239233 1.018037e-06 1850435983 
1622995.0 0 545239233 1.018037e-06 73116178 
1623752.0 0 2622395779 1.447519e-08 1230311851 
1625611.0 1 3150846686 2.02204167e-06 2604064924 
1627455.0 0 1298902656 1.420558e-08 1896745001 
1630326.0 1 179097684 4.0507908e-07 4287239676 
1632627.0 2 898751805 1.464894e-08 4004407106 564959126 1.4e-08 
1638281.0 0 1347872676 2.791e-08 1301910447 
1638750.0 2 2780384598 1.504028e-08 1831065885 3356410364 1.4e-08 
1640663.0 0 545239233 1.018037e-06 769315986 
1643857.0 1 2780384598 2.904028e-08 3356410364 
1645670.0 2 4240624600 1.453411e-08 3339828518 2620273024 1.4e-08 
1647656.0 0 2014426858 1.556956e-08 1856937876 
1650134.0 1 4259593397 1.33945245e-06 4212779140 
1652092.0 1 1222799196 1.697606e-06 3824375258 
1653581.0 0 3150846686 2.022041e-06 1871304206 
1666759.0 0 2780384598 2.904028e-08 1237914369 
1667148.0 1 545239233 1.032037e-06 354497373 
1668628.0 1 3921011129 8.980892e-07 1871304206 
1668840.0 3 6723929 4.352334e-08 869234806 4177016268 2.579724e-08 
1669770.0 0 2261252686 2.791e-08 879162223 
1670417.0 0 4267941538 1.418567e-08 481400394 
1675247.0 3 2622395779 1.447519e-08 1449522982 2480753293 1.4e-08 
1675512.0 3 405521437 1.3999989999999996e-08 2751602400 3251328182 1.860667e-08 3584287056 1.860667e-08 1661868134 1.860667e-08 
1676272.0 1 545239233 1.04667915e-06 2564127097 
1680507.0 0 4031050948 3.351879e-07 3833318790 
1681076.0 1 1222799196 1.71621267e-06 3584287056 
1681572.0 0 1661868134 1.860667e-08 2789301560 
1682883.0 0 381652938 1.632472e-08 1924091726 
1692643.0 1 698682927 3.129972e-08 1061526795 
1695212.0 0 3150846686 2.022041e-06 176241382 
1703649.0 0 1657444763 1.473965e-08 1601889739 
1719738.0 0 1820499179 1.404397e-08 2674988631 
1721808.0 0 3150846686 2.022041e-06 762210064 
1722404.0 3 2892683898 1.443923e-08 1601889739 3822766993 1.4e-08 
1723012.0 2 545239233 1.046679e-06 698682927 3730019172 1.4e-08 2217687738 1.729972e-08 
1724685.0 1 3150846686 2.03700942e-06 2878871175 
1725357.0 0 6723929 4.352334e-08 2159618959 
1726214.0 1 4259593397 1.35542106e-06 1493833725 
1726978.0 0 3232700421 2.791e-08 3607413901 
1728004.0 0 545239233 1.046679e-06 2065940037 
1729633.0 1 545239233 1.060679e-06 3730019172 
1730240.0 0 898751805 1.464894e-08 3526559023 
1731740.0 1 545239233 1.07515419e-06 3180086772 
1732090.0 1 3150846686 2.0510531e-06 1342185090 
1736884.0 2 651046398 1.4770670000000001e-08 826924968 2328187860 1.4e-08 
1739265.0 3 3232700421 1.4e-08 2065940037 3408999490 1.450758e-08 3438744891 1.450758e-08 
1741043.0 2 3251328182 1.881225e-08 1298902656 1501621654 1.4e-08 
1741067.0 2 1867247157 1.986936e-08 2177968201 2695808785 1.4e-08 
1741393.0 0 211811971 2.791e-08 1856937876 
1742562.0 1 545239233 1.089154e-06 552498239 
1745619.0 0 2906924538 8.373e-08 410848061 
1745693.0 0 3921011129 8.980892e-07 176241382 
1751070.0 0 179097684 4.050791e-07 3458484829 
1751147.0 1 179097684 4.190791e-07 3458484829 
1757338.0 0 6723929 4.352334e-08 2589646060 
1762254.0 0 2250879299 2.791e-08 3933289935 
1765820.0 0 1850435983 1.508963e-08 1063934737 
1766697.0 3 2328187860 1.4e-08 3662110242 399492375 1.4e-08 
1770883.0 0 3408999490 1.450758e-08 3232700421 
1775348.0 0 2213923665 2.847519e-08 3251328182 
1781287.0 0 399492375 1.4e-08 2328187860 
1781730.0 3 1797275806 1.597365e-08 843598278 213831427 1.4e-08 
1788267.0 3 2718413753 2.7845619999999998e-08 3822766993 2714424842 1.744675e-08 
1793576.0 3 3983774618 1.400000999999999e-08 3952655669 2282291379 1.748933e-08 2654714783 1.748933e-08 2993076447 1.748933e-08 
1794982.0 0 2670951229 1.464215e-08 2250775120 
1797509.0 0 451270221 1.411483e-08 695939830 
1800554.0 0 4177016268 2.579724e-08 238807518 
1803979.0 0 3076001680 1.596906e-08 2348040613 
1804562.0 0 1237914369 1.486645e-08 2892683898 
1805571.0 3 1896745001 1.412623e-08 695939830 2171266278 1.4e-08 
1807781.0 0 1222799196 1.716212e-06 1501621654 
1811935.0 3 238807518 2.070519e-08 4185666246 771038762 1.4e-08 
1813520.0 0 545239233 1.089154e-06 905418128 
1813840.0 1 545239233 1.1038250400000001e-06 2159618959 
1815152.0 3 1222799196 1.7162114799999978e-06 4259593397 2768208421 4.024362e-07 3297235373 1.401449e-08 776688125 1.401449e-08 3663377129 1.401449e-08 898071713 1.401449e-08 220748477 1.401449e-08 2470646831 1.401449e-08 1965972368 1.401449e-08 1426981231 1.401449e-08 1535034065 1.401449e-08 1483909303 1.401449e-08 846691466 1.401449e-08 3623563876 1.401449e-08 3872525629 1.401449e-08 3827929005 1.401449e-08 63319263 1.401449e-08 3607398139 1.401449e-08 2574253871 1.401449e-08 3830801972 1.401449e-08 3673394291 1.401449e-08 2748669076 1.401449e-08 1220275327 1.401449e-08 4188119649 1.401449e-08 1275089537 1.401449e-08 3700209637 1.401449e-08 3320450569 1.401449e-08 4148810631 1.401449e-08 1268185054 1.401449e-08 2900628886 1.401449e-08 3866772787 1.401449e-08 2056593038 1.401449e-08 1140472632 1.401449e-08 2774448923 1.401449e-08 975973597 1.401449e-08 933412597 1.401449e-08 927207199 1.401449e-08 2231250662 1.401449e-08 3085765731 1.401449e-08 1403954297 1.401449e-08 102828162 1.401449e-08 3962269793 1.401449e-08 604674024 1.401449e-08 4175762635 1.401449e-08 3421068049 1.401449e-08 4106915849 1.401449e-08 3953247145 1.401449e-08 977281884 1.401449e-08 335748715 1.401449e-08 3863839146 1.401449e-08 2025893757 1.401449e-08 1090143039 1.401449e-08 4013164456 1.401449e-08 253060996 1.401449e-08 3578947201 1.401449e-08 571790981 1.401449e-08 517786421 1.401449e-08 2308303797 1.401449e-08 2256454524 1.401449e-08 2316491956 1.401449e-08 921835634 1.401449e-08 2606270759 1.401449e-08 4081327903 1.401449e-08 4108567391 1.401449e-08 4281208133 1.401449e-08 1179141501 1.401449e-08 3325553423 1.401449e-08 4124564224 1.401449e-08 1852572783 1.401449e-08 2233621492 1.401449e-08 
1815152.0 1 2768208421 4.1645068999999996e-07 3297235373 
1815152.0 1 2768208421 4.3046509e-07 2233621492 
1815152.0 1 2768208421 4.4447958999999996e-07 1852572783 
1815152.0 1 2768208421 4.5849409e-07 776688125 
1815152.0 1 2768208421 4.7250859e-07 4124564224 
1815152.0 1 2768208421 4.8652309e-07 3663377129 
1815152.0 1 2768208421 5.0053759e-07 3325553423 
1815152.0 1 2768208421 5.145520900000001e-07 898071713 
1815152.0 1 2768208421 5.2856659e-07 220748477 
1815152.0 1 2768208421 5.4258109e-07 1179141501 
1815179.0 1 4108567391 2.802898e-08 4081327903 
1815246.0 3 2766526296 1.645284e-08 3690557900 3229926557 1.4e-08 
1815314.0 3 1230311851 1.4e-08 682911345 2972065009 1.4e-08 
1815332.0 1 545239233 1.11783949e-06 2470646831 
1816494.0 1 3833318790 4.192449e-08 2231250662 
1817970.0 1 545239233 1.13184e-06 3633199892 
1820220.0 2 1797275806 1.663451e-08 1462644303 1823433846 1.4e-08 
1820256.0 0 238807518 2.070519e-08 1063934737 
1820474.0 1 1222799196 1.7302264900000001e-06 933412597 
1821049.0 0 1222799196 1.730227e-06 253060996 
1821105.0 0 571790981 1.401449e-08 3607398139 
1821687.0 1 1222799196 1.7446662300000001e-06 2892683898 
1822662.0 1 2606270759 2.802898e-08 3872525629 
1823558.0 1 3953247145 2.802898e-08 3962269793 
1826120.0 3 3830801972 1.401449e-08 1301910447 4052933330 1.4e-08 
1830002.0 1 1222799196 1.75868049e-06 3320450569 
1832347.0 0 3866772787 1.401449e-08 3673394291 
1832403.0 1 1222799196 1.7726944900000001e-06 1426981231 
1833299.0 1 4108567391 4.204347e-08 2025893757 
1833455.0 1 3150846686 2.06662256e-06 2014426858 
1833786.0 2 2013640095 1.4107080000000001e-08 1820499179 2601128578 1.4e-08 
1834913.0 2 211811971 2.795397e-08 4035587434 3239027265 1.4e-08 
1836724.0 0 238807518 2.070519e-08 2972065009 
1836967.0 1 545239233 1.14584e-06 2328187860 
1839978.0 1 2768208421 5.565955900000001e-07 846691466 
1841982.0 1 3150846686 2.0806220000000002e-06 481400394 
1842591.0 0 1629863604 1.596906e-08 360107933 
1843450.0 1 1222799196 1.78670949e-06 2774448923 
1844028.0 1 1222799196 1.80072349e-06 4175762635 
1844031.0 0 1347872676 2.791e-08 2013640095 
1844717.0 0 3825172902 1.4e-08 552380491 
1844850.0 2 1734007597 1.535416e-08 517786421 3357191835 1.4e-08 
1845134.0 0 1734007597 1.535416e-08 1823433846 
1845893.0 0 4019363830 1.443923e-08 213831427 
1846826.0 1 1222799196 1.81473849e-06 3700209637 
1847456.0 1 1222799196 1.82875249e-06 604674024 
1847921.0 3 3279231079 1.3999989999999996e-08 1268185054 2437059955 1.86115e-08 486617589 1.86115e-08 445707895 1.86115e-08 
1849761.0 1 545239233 1.16048215e-06 73116178 
1850844.0 0 545239233 1.160482e-06 2766526296 
1854333.0 1 3089865955 2.973178e-08 2789301560 
1855437.0 3 1450024594 1.4e-08 2674988631 3750558344 1.4e-08 
1857938.0 1 1222799196 1.842753e-06 2695808785 
1859972.0 0 3921011129 8.980892e-07 2171266278 
1862198.0 1 3750558344 2.8e-08 1450024594 
1862903.0 0 1222799196 1.842753e-06 769315986 
1863339.0 3 2256454524 1.401449e-08 769315986 2800683865 1.4e-08 
1864270.0 1 1222799196 1.85676749e-06 4013164456 
1864369.0 1 1222799196 1.8707814900000001e-06 3085765731 
1864811.0 1 3150846686 2.0992334999999997e-06 2437059955 
1866602.0 0 2056593038 1.401449e-08 1483909303 
1867302.0 0 1222799196 1.870782e-06 3578947201 
1867595.0 0 406745133 2.091e-08 2719204682 
1867984.0 3 1797275806 1.663452e-08 552380491 480183180 1.4e-08 
1868403.0 1 1797275806 3.063452e-08 480183180 
1869793.0 2 2256454524 1.402898e-08 3607398139 3892593010 1.4e-08 
1870261.0 3 2718413753 1.400001e-08 1657444763 776375684 1.429263e-08 1678023283 1.429263e-08 
1871720.0 1 1222799196 1.8847964900000001e-06 3866772787 
1874528.0 0 3150846686 2.099234e-06 1896745001 
1874880.0 3 6723929 4.0962240000000004e-08 1063934737 2118254765 1.65611e-08 
1876410.0 0 545239233 1.160482e-06 3229926557 
1878367.0 3 2213923665 1.400001e-08 1743198400 3580551846 1.423759e-08 3446120764 1.423759e-08 
1878471.0 3 2250879299 2.791e-08 871205577 248789546 1.4e-08 
1879930.0 2 3150846686 2.099234e-06 6723929 3416864524 1.4e-08 2130045942 2.696224e-08 
1880246.0 1 3150846686 2.113234e-06 3416864524 
1880772.0 0 426576124 3.499426e-07 3653734512 
1881004.0 1 3150846686 2.14019624e-06 2130045942 
1881838.0 3 1867247157 1.807039e-08 1856937876 14462253 1.579897e-08 
1882377.0 0 4019363830 1.443923e-08 1230311851 
1886020.0 0 545239233 1.160482e-06 1965972368 
1887920.0 2 1661868134 1.9248819999999998e-08 19131048 1937837823 1.4e-08 
1889934.0 0 2714424842 1.744675e-08 3580551846 
1890078.0 1 545239233 1.17693484e-06 2766526296 
1891135.0 3 406745133 2.091e-08 399492375 2252599940 1.4e-08 
1894952.0 3 2480753293 1.4e-08 176241382 2922107309 1.4e-08 
1896955.0 1 2768208421 5.707025799999999e-07 2013640095 
1900575.0 0 2972065009 1.4e-08 3232700421 
1902138.0 1 3150846686 2.1543816700000003e-06 762210064 
1905902.0 1 1222799196 1.89881049e-06 2900628886 
1906047.0 1 3953247145 4.204347e-08 102828162 
1906593.0 0 3446120764 1.423759e-08 3239027265 
1907699.0 1 1222799196 1.9174225e-06 486617589 
1908094.0 1 1222799196 1.93143649e-06 927207199 
1909360.0 1 1222799196 1.94545149e-06 1220275327 
1909948.0 3 2213923665 1.4e-08 3232700421 3961635192 1.4e-08 
1910534.0 1 545239233 1.19117159e-06 3580551846 
1913239.0 0 410848061 1.444748e-08 3160344427 
1915185.0 0 4031050948 3.351879e-07 3775452048 
1918740.0 2 4240624600 1.459722e-08 3755198008 917430777 1.4e-08 
1920133.0 1 2316491956 2.801449e-08 3229926557 
1922723.0 1 1222799196 1.95946549e-06 1090143039 
1922740.0 3 3833318790 3.875702e-08 1275089537 3767002695 1.718196e-08 
1928250.0 1 1222799196 1.97348049e-06 4281208133 
1929169.0 3 406745133 1.912996e-08 250347941 4078497741 1.596571e-08 
1932196.0 0 1222799196 1.97348e-06 1553963666 
1934596.0 1 373638573 1.000000014 2171266278 
1943091.0 1 2768208421 5.8650157e-07 14462253 
1943749.0 1 1222799196 1.98749449e-06 3827929005 
1956294.0 0 2972065009 1.4e-08 1501621654 
1958104.0 0 63319263 1.401449e-08 1254429415 
1962217.0 1 3767002695 3.1181959999999995e-08 2800683865 
1963169.0 1 2584856907 2.815617e-08 3961635192 
1969931.0 2 1629863604 1.637141e-08 3059103076 3132125139 1.4e-08 
1970516.0 0 3150846686 2.154382e-06 1678023283 
1970616.0 3 179097684 4.1279368e-07 3775452048 3242796679 1.709771e-08 444974319 1.709771e-08 
1970722.0 1 179097684 4.2989141e-07 444974319 
1973898.0 0 3528190190 1.492063e-08 651046398 
1974282.0 1 3150846686 2.16924845e-06 1237914369 
1974945.0 1 179097684 4.4698911e-07 3242796679 
1980563.0 1 545239233 1.205172e-06 2718413753 
1984502.0 0 651046398 1.477068e-08 4148810631 
1986805.0 3 2714424842 1.620112e-08 3438744891 3734593757 1.575321e-08 
1988316.0 1 1222799196 2.01867696e-06 3767002695 
1996794.0 1 3150846686 2.183248e-06 110318614 
1997428.0 0 1965972368 1.401449e-08 1230311851 
1997769.0 0 4108567391 4.204347e-08 1965972368 
1998524.0 1 1347872676 4.192449e-08 3421068049 
2004306.0 1 545239233 1.22763889e-06 2445084109 
2005583.0 0 810769555 2.791e-08 3160344427 
2007342.0 1 250719570 4.229188e-08 4267941538 
2018655.0 0 1222799196 2.018677e-06 1906851972 
2020030.0 3 2250775120 1.411483e-08 1823433846 759964359 1.4e-08 
2021128.0 1 2768208421 6.0051609e-07 977281884 
2023545.0 2 1661868134 2.0019500000000003e-08 651046398 111235536 1.4e-08 
2024483.0 3 248789546 1.4e-08 2601128578 1490861810 1.4e-08 
2025128.0 0 1678023283 1.429263e-08 3715668764 
2032572.0 1 179097684 4.7894061e-07 2961226102 
2034510.0 0 381652938 1.632472e-08 1230311851 
2039867.0 1 3150846686 2.20237797e-06 406745133 
2047010.0 3 2606270759 1.4e-08 3016084464 845186953 1.429722e-08 2279859862 1.429722e-08 
2055629.0 1 3150846686 2.2189391e-06 2118254765 
2056626.0 1 1222799196 2.03403116e-06 1734007597 
2060310.0 1 1222799196 2.6345471e-06 2768208421 
2064219.0 2 3734593757 1.6260790000000002e-08 3408999490 1407916447 1.4e-08 
2073111.0 3 1254429415 1.4e-08 3983774618 3539250331 1.4e-08 
2077815.0 0 4019363830 1.443923e-08 3357191835 
2082570.0 0 1222799196 2.634547e-06 3892593010 
2083935.0 0 1850435983 1.508963e-08 2348040613 
2084620.0 0 3378187523 1.597365e-08 2135013218 
2085748.0 1 545239233 1.2418445799999998e-06 3211480542 
2088507.0 0 250719570 4.229188e-08 1553963666 
2090243.0 1 1222799196 2.6491891500000002e-06 3527214469 
2091127.0 1 3150846686 2.2329390000000003e-06 2213923665 
2091558.0 0 2316491956 2.801449e-08 4188119649 
2092833.0 3 211811971 1.399999e-08 1553963666 2929070229 1.647006e-08 368451981 1.647006e-08 
2093616.0 1 368451981 3.047006e-08 211811971 
2093945.0 0 545239233 1.241845e-06 1254429415 
2094337.0 1 545239233 1.2558594900000001e-06 1965972368 
2098849.0 1 3921011129 9.120892e-07 3239027265 
2100907.0 1 1222799196 2.6632179799999998e-06 2256454524 
2102238.0 0 2087527840 1.510516e-08 111235536 
2109929.0 1 3150846686 2.24741419e-06 2622395779 
2113657.0 1 3921011129 9.2855926e-07 2929070229 
2114833.0 1 1222799196 2.67843034e-06 659524895 
2118107.0 1 545239233 1.2704178600000001e-06 3687573659 
2119697.0 3 3251328182 1.881225e-08 917430777 3340012098 1.4e-08 
2131765.0 1 545239233 1.284418e-06 111235536 
2138317.0 0 129185354 2.791e-08 3863839146 
2143559.0 1 545239233 1.3030295e-06 445707895 
2146126.0 2 3314075649 1.40776e-08 2574253871 3876565829 1.4e-08 
2147170.0 1 545239233 1.317029e-06 1490861810 
2150702.0 3 2780384598 1.399999e-08 1761715697 2937776487 1.45517e-08 4232177374 1.45517e-08 
2156125.0 0 545239233 1.317029e-06 3734593757 
2161740.0 0 2316491956 2.801449e-08 3378187523 
2170182.0 0 2252599940 1.4e-08 3357191835 
2177475.0 1 3921011129 9.4285193e-07 1678023283 
2179594.0 1 2326007700 4.202483e-08 1130108289 
2181735.0 1 545239233 1.34504349e-06 2316491956 
2183680.0 1 545239233 1.359044e-06 3539250331 
2184355.0 0 2440120768 2.791e-08 3201932102 
2185156.0 0 1483909303 1.401449e-08 1517815290 
2185476.0 0 3736894086 2.791e-08 921835634 
2186498.0 1 1222799196 2.70634e-06 3736894086 
2187077.0 1 545239233 1.37305849e-06 4188119649 
2187768.0 1 1222799196 2.73697452e-06 1797275806 
2190819.0 0 1347872676 4.192449e-08 360107933 
2199379.0 0 2937776487 1.45517e-08 771038762 
2204299.0 1 545239233 1.38717283e-06 2250775120 
2205317.0 0 238807518 2.070519e-08 2252599940 
2205461.0 1 1068020906 0.00095472086906 3076001680 
2212550.0 1 3921011129 9.6355709e-07 238807518 
2213532.0 1 1222799196 2.75098949e-06 2308303797 
2215942.0 0 2842015324 1.748087e-08 3201932102 
2216207.0 0 253060996 1.401449e-08 1937837823 
2216433.0 3 810769555 1.399999e-08 3446120764 34775558 1.40738e-08 747443871 1.40738e-08 
2218835.0 0 3150846686 2.247415e-06 771038762 
2220985.0 0 2937776487 1.45517e-08 771038762 
2226598.0 0 921835634 1.401449e-08 1230311851 
2226883.0 1 3150846686 2.2619667e-06 2937776487 
2230811.0 0 34775558 1.40738e-08 1501621654 
2236820.0 0 3653734512 2.091e-08 3879652638 
2250727.0 0 3150846686 2.261966e-06 4232177374 
2252981.0 0 776375684 1.429263e-08 1483909303 
2254194.0 0 1867247157 1.807039e-08 3623563876 
2255985.0 0 1661868134 2.001949e-08 384163328 
2260730.0 0 3750558344 2.8e-08 1140472632 
2263138.0 2 1905833305 1.463933e-08 975973597 2640871332 1.4e-08 
2266531.0 3 3830801972 1.401449e-08 2911053862 2542288242 1.4e-08 
2271584.0 1 545239233 1.401173e-06 3357191835 
2280713.0 3 3830801972 1.401449e-08 564959126 1056843563 1.4e-08 
2286835.0 0 1661868134 2.001949e-08 1483909303 
2287688.0 1 1222799196 2.76546419e-06 2348040613 
2289870.0 1 3150846686 2.2759660000000002e-06 771038762 
2297576.0 1 1222799196 2.7794650000000003e-06 1056843563 
2297656.0 1 1222799196 2.80545599e-06 2870158420 
2300712.0 0 3150846686 2.275966e-06 4078497741 
2306236.0 0 1535034065 1.401449e-08 1254429415 
2307860.0 1 545239233 1.415173e-06 759964359 
2320962.0 0 2883513480 2.091e-08 1483909303 
2321125.0 1 1222799196 2.8194560000000003e-06 2606270759 
2325485.0 3 3132125139 1.4e-08 810769555 303951786 1.4e-08 
2326397.0 1 1222799196 2.833456e-06 3132125139 
2332340.0 1 545239233 1.429173e-06 1517815290 
2333147.0 1 1222799196 2.8474560000000003e-06 303951786 
2335846.0 1 1068020906 0.00095474871 2298477853 
2343225.0 0 2341758500 1.456509e-08 1937837823 
2356582.0 0 2842015324 1.748087e-08 3623563876 
2360318.0 0 4019363830 1.443923e-08 1937837823 
2360677.0 3 63319263 1.401449e-08 248789546 834694043 1.4e-08 
2366760.0 1 1222799196 2.8649453299999998e-06 2993076447 
2368691.0 0 4240624600 1.459722e-08 213831427 
2372438.0 1 545239233 1.4466538699999998e-06 2842015324 
2372670.0 1 545239233 1.460654e-06 2640871332 
2377618.0 2 545239233 1.5176410500000001e-06 4031050948 3563967453 1.464215e-08 2046636587 1.464215e-08 248584559 1.464215e-08 2069589902 1.464215e-08 1235889872 1.464215e-08 3775520932 1.464215e-08 3189348033 1.464215e-08 3568714221 1.464215e-08 1972280475 1.464215e-08 1620253739 1.464215e-08 36858200 1.464215e-08 3600207777 1.464215e-08 2738098750 1.464215e-08 896341566 1.464215e-08 2503507209 1.464215e-08 471811031 1.464215e-08 3064549276 1.464215e-08 1863970860 1.464215e-08 1149964213 1.464215e-08 
2380685.0 1 545239233 1.53228315e-06 1235889872 
2381364.0 3 2217687738 1.729972e-08 2135013218 3152769946 1.4e-08 
2383641.0 1 545239233 1.5469251500000001e-06 248584559 
2385790.0 1 545239233 1.56156715e-06 1863970860 
2386728.0 0 1222799196 2.864945e-06 1403954297 
2388119.0 1 3150846686 2.29222679e-06 3734593757 
2388214.0 1 545239233 1.57621015e-06 3775520932 
2398040.0 0 1222799196 2.864945e-06 3623563876 
2398830.0 1 545239233 1.59022449e-06 1140472632 
2399369.0 0 855708858 1.596906e-08 34775558 
2401447.0 0 1965662198 2.138519e-08 896341566 
2404254.0 1 3921011129 9.7975821e-07 2714424842 
2404736.0 0 896341566 1.464215e-08 2738098750 
2407633.0 1 545239233 1.604224e-06 3876565829 
2416073.0 2 4177016268 2.643939e-08 1620253739 988314595 1.4e-08 
2417998.0 3 3201932102 1.464215e-08 3268335666 497778995 1.4e-08 
2422176.0 3 2451350669 2.791e-08 4156410056 1776728451 1.4e-08 
2428862.0 1 3150846686 2.30624149e-06 921835634 
2437585.0 0 2738098750 1.464215e-08 1906851972 
2438099.0 1 545239233 1.6188661500000001e-06 1149964213 
2438335.0 3 3084497907 1.3999989999999998e-08 3568714221 1897972748 1.427608e-08 340569875 1.427608e-08 
2438510.0 0 1897972748 1.427608e-08 3084497907 
2438804.0 2 545239233 1.632866e-06 3750558344 4292574364 1.4e-08 
2451827.0 0 340569875 1.427608e-08 3279231079 
2456184.0 1 1222799196 2.892855e-06 1035492323 
2473256.0 1 545239233 1.63350815e-06 2738098750 
2479929.0 3 129185354 2.663349e-08 1535034065 760568606 1.5291e-08 
2480367.0 3 2250879299 1.3999989999999996e-08 3378187523 3168933829 1.494183e-08 3269561540 1.494183e-08 
2481847.0 1 373638573 1.000000014 3279231079 
2493003.0 3 1867247157 1.807039e-08 4052933330 2567419240 1.4e-08 
2494434.0 1 1222799196 2.90729423e-06 4019363830 
2497580.0 1 1222799196 2.92130849e-06 3578947201 
2503854.0 2 3815024321 2.09838e-08 747443871 156734636 1.4e-08 
2505375.0 1 545239233 1.65352849e-06 1661868134 
2505582.0 0 3600207777 1.464215e-08 1230311851 
2521295.0 0 545239233 1.653528e-06 2533881277 
2524183.0 1 3150846686 2.320242e-06 1230311851 
2528419.0 1 1222799196 2.93594833e-06 1905833305 
2530677.0 0 2451350669 2.791e-08 2046636587 
2541080.0 1 373638573 1.000000014 481808867 
2547859.0 3 4055959668 1.404397e-08 988314595 1998405125 1.4e-08 
2552338.0 0 1222799196 2.935948e-06 3340012098 
2552879.0 0 4078497741 1.596571e-08 2480753293 
2555572.0 0 1222799196 2.935948e-06 3251328182 
2557167.0 3 1924091726 1.596906e-08 1937837823 2067231467 1.4e-08 
2557601.0 3 335748715 1.401449e-08 2972065009 1175631744 1.4e-08 
2561993.0 0 2906924538 8.373e-08 1501621654 
2562669.0 3 1867247157 1.807039e-08 2067231467 797182755 1.4e-08 
2566132.0 0 4177016268 2.643939e-08 3064549276 
2569054.0 0 3715668764 1.418567e-08 1407916447 
2569725.0 0 36858200 1.464215e-08 335748715 
2576423.0 3 776375684 1.429263e-08 384163328 2126166399 1.4e-08 
2581461.0 2 4232177374 1.4827780000000002e-08 340569875 947239549 1.4e-08 
2586795.0 2 1924091726 1.6611210000000003e-08 896341566 363773044 1.4e-08 
2601289.0 2 4253718737 2.183063e-08 3528190190 2269474534 1.4e-08 
2604132.0 0 3953247145 4.204347e-08 3673394291 
2610038.0 1 4108567391 5.668562e-08 471811031 
2618873.0 1 3150846686 2.3342420000000003e-06 3084497907 
2622497.0 3 3064549276 1.464215e-08 497778995 3269595313 1.4e-08 
2624968.0 3 4177016268 2.5098499999999998e-08 3526559023 113847314 1.598304e-08 
2626365.0 0 1924091726 1.661122e-08 3269561540 
2648258.0 0 790319072 4.235748e-08 3149440925 
2649549.0 1 545239233 1.6681701500000001e-06 3189348033 
2651705.0 2 545239233 1.66817e-06 4108567391 2262899028 1.4e-08 533303172 1.422854e-08 3088767360 1.422854e-08 3148243291 1.422854e-08 
2651744.0 1 545239233 1.68239854e-06 3148243291 
2657212.0 3 2451350669 1.4e-08 845186953 1560482238 1.410361e-08 3480422963 1.410361e-08 
2658364.0 1 3921011129 9.9572391e-07 4078497741 
2669574.0 3 3600207777 1.464215e-08 3892593010 312808672 1.4e-08 
2670193.0 0 1347872676 4.192449e-08 3251328182 
2670501.0 1 545239233 1.69704115e-06 3064549276 
2673415.0 1 545239233 1.71126954e-06 3088767360 
2676849.0 1 545239233 1.72656e-06 760568606 
2680024.0 1 545239233 1.74056e-06 363773044 
2680982.0 3 4232177374 1.482777e-08 2780384598 1563060474 1.4e-08 
2682715.0 1 545239233 1.75456e-06 2262899028 
2689774.0 0 3269561540 1.494183e-08 533303172 
2705359.0 1 545239233 1.76857449e-06 571790981 
2705689.0 0 3314075649 1.40776e-08 4292574364 
2707328.0 2 2282291379 1.8431160000000003e-08 3168933829 3296634473 1.4e-08 
2713315.0 1 3150846686 2.34844758e-06 3190311976 
2713627.0 0 3480422963 1.410361e-08 3152769946 
2715173.0 3 1563060474 1.4e-08 3152769946 1366354821 1.4e-08 
2723764.0 1 1222799196 2.9499480000000004e-06 2542288242 
2724227.0 0 4240624600 1.459722e-08 1403954297 
2731197.0 0 2503507209 1.464215e-08 1998405125 
2731679.0 1 4177016268 3.90985e-08 1175631744 
2753824.0 0 4106915849 1.401449e-08 2056593038 
2758671.0 3 3933289935 1.4000000000000001e-08 898751805 2272534990 1.427947e-08 2900348596 1.427947e-08 
2768332.0 1 545239233 1.7898873100000001e-06 463844675 
2789483.0 1 545239233 1.8073763300000002e-06 2654714783 
2796981.0 2 410848061 1.474011e-08 776375684 3828169649 1.4e-08 
2799122.0 0 3715668764 1.418567e-08 2126166399 
2806911.0 3 368451981 1.4e-08 2480753293 3867217197 1.523503e-08 466180878 1.523503e-08 
2807658.0 2 1222799196 2.94994801e-06 3953247145 3790847783 1.4e-08 2747516691 1.402173e-08 3261492807 1.402173e-08 
2815075.0 1 545239233 1.821377e-06 797182755 
2819258.0 3 2282291379 1.843116e-08 3828169649 702973591 1.4e-08 
2838020.0 0 3261492807 1.402173e-08 405521437 
2839407.0 1 1222799196 2.96396973e-06 2747516691 
2841098.0 2 2883513480 2.109567e-08 3715668764 1297296453 1.4e-08 
2841191.0 2 1924091726 1.725337e-08 3563967453 4013438285 1.4e-08 
2842473.0 0 3815024321 2.09838e-08 34775558 
2844764.0 0 3201932102 1.464215e-08 1998405125 
2846823.0 0 3150846686 2.348447e-06 1560482238 
2847168.0 1 1222799196 2.97797e-06 3296634473 
2847339.0 1 3150846686 2.3624470000000003e-06 1407916447 
2852521.0 1 3921011129 1.0097239e-06 2922107309 
2859126.0 3 3269561540 1.494183e-08 3825172902 199297112 1.4e-08 
2875200.0 0 1965662198 2.138519e-08 2126166399 
2879860.0 2 1972280475 1.4921619999999998e-08 2900348596 1780437574 1.4e-08 
2880077.0 1 1222799196 2.99219854e-06 533303172 
2880482.0 0 1222799196 2.992198e-06 3830801972 
2881586.0 0 545239233 1.821377e-06 4055959668 
2905516.0 1 373638573 1.00000002791 4046076794 
2908189.0 1 1222799196 3.00621249e-06 3830801972 
2920303.0 1 545239233 1.8424726700000001e-06 2883513480 
2923577.0 2 545239233 1.842472e-06 3089865955 1441326850 1.4e-08 1869505131 1.573178e-08 
2927314.0 0 2906924538 8.373e-08 1780437574 
2928497.0 0 2584856907 2.815617e-08 1560482238 
2947328.0 2 1965662198 2.202734e-08 2069589902 792228939 1.4e-08 
2948370.0 0 905418128 2.693518e-08 381652938 
2949946.0 0 545239233 1.842472e-06 1869505131 
2955806.0 0 545239233 1.842472e-06 2533881277 
2970881.0 1 3150846686 2.376447e-06 368451981 
2980917.0 3 855708858 1.5928770000000003e-08 335748715 3805166987 1.405478e-08 
2982984.0 0 1869505131 1.573178e-08 1441326850 
2983450.0 1 1222799196 3.02131816e-06 2087527840 
2985504.0 0 3150846686 2.376447e-06 792228939 
2987572.0 3 1897972748 1.427608e-08 2126166399 3673152909 1.4e-08 
2996618.0 0 3314075649 1.40776e-08 156734636 
2999782.0 0 2906924538 8.373e-08 3815024321 
3005890.0 3 381652938 1.632472e-08 333964007 3654632673 1.4e-08 
3006021.0 0 3150846686 2.376447e-06 792228939 
3007205.0 0 4240624600 1.459722e-08 156734636 
3021505.0 0 3269561540 1.494183e-08 1441326850 
3026348.0 3 3863839146 1.401449e-08 1563060474 717671056 1.4e-08 
3028895.0 1 1222799196 3.0354328299999996e-06 3149440925 
3028900.0 0 3150846686 2.376447e-06 792228939 
3035732.0 0 3879652638 1.462484e-08 3863839146 
3041890.0 1 545239233 1.85840078e-06 855708858 
3042868.0 1 1222799196 3.0745315e-06 4177016268 
3055270.0 2 1897972748 1.4379690000000001e-08 3480422963 3858463531 1.4e-08 
3055325.0 1 545239233 1.872401e-06 702973591 
3058918.0 3 717671056 1.4e-08 1998405125 1421662397 1.4e-08 
3059860.0 3 1403954297 1.401449e-08 312808672 1367591863 1.4e-08 
3063870.0 3 3673152909 1.4e-08 1441326850 2661924784 1.4e-08 
3075826.0 0 3150846686 2.376447e-06 792228939 
3078420.0 1 1222799196 3.08947283e-06 3269561540 
3095449.0 1 1222799196 3.10790416e-06 2282291379 
3107492.0 0 4106915849 1.401449e-08 3623563876 
3111193.0 2 2217687738 1.928276e-08 113847314 1367690675 1.4e-08 
3120347.0 1 3150846686 2.3905208e-06 34775558 
3127105.0 1 545239233 1.88813278e-06 1869505131 
3130735.0 3 253060996 1.401449e-08 1421662397 3216152648 1.4e-08 
3140894.0 1 3150846686 2.4048182200000003e-06 2279859862 
3144629.0 0 3150846686 2.404818e-06 253060996 
3162669.0 3 3269595313 1.4e-08 4093093422 1435514413 1.4e-08 
3177474.0 1 545239233 1.902133e-06 3340012098 
3180617.0 1 545239233 1.91677515e-06 36858200 
3194230.0 3 1965662198 2.202734e-08 2252599940 2121820831 1.4e-08 
3197598.0 1 3150846686 2.418818e-06 3216152648 
3213348.0 2 466180878 1.5279e-08 2533881277 3220794704 1.4e-08 
3218537.0 1 2217687738 3.328277e-08 1367690675 
3229554.0 3 199297112 1.4e-08 1254429415 1221536794 1.4e-08 
3234773.0 0 545239233 1.916775e-06 2620273024 
3238704.0 3 3833318790 3.22704e-08 3790847783 3353888196 2.048662e-08 
3242669.0 1 3150846686 2.4329216100000003e-06 1560482238 
3246624.0 0 545239233 1.916775e-06 4240624600 
3247587.0 1 545239233 1.93137222e-06 4240624600 
3251135.0 0 717671056 1.4e-08 1297296453 
3263117.0 1 3150846686 2.448201e-06 466180878 
3279686.0 1 1222799196 3.12192573e-06 3261492807 
3283990.0 0 3150846686 2.448201e-06 2046636587 
3288951.0 0 1297296453 1.4e-08 2451350669 
3298789.0 1 3673394291 2.801449e-08 717671056 
3303899.0 1 3921011129 1.023724e-06 1297296453 
3315402.0 0 2503507209 1.464215e-08 4292574364 
3321699.0 3 3815024321 2.09838e-08 3858463531 710454819 1.4e-08 
3323402.0 0 3150846686 2.448201e-06 4232177374 
3325422.0 0 2906924538 8.373e-08 3654632673 
3326428.0 1 545239233 1.94611211e-06 410848061 
3330711.0 3 2046636587 1.464215e-08 2121820831 3453311365 1.4e-08 
3345154.0 0 3833318790 3.22704e-08 1367591863 
3349346.0 1 1068020906 0.00095477661 3176785673 
3350217.0 0 3150846686 2.448201e-06 1776728451 
3356359.0 1 3921011129 1.037724e-06 3220794704 
3379774.0 3 1403954297 1.401449e-08 2269474534 1936824197 1.4e-08 
3384976.0 0 545239233 1.946112e-06 2451350669 
3432792.0 0 545239233 1.946112e-06 129185354 
3435858.0 2 1222799196 3.121926e-06 3673394291 3745170176 1.4e-08 2847894498 1.401449e-08 
3440494.0 0 3150846686 2.448201e-06 2272534990 
3448720.0 1 1222799196 3.13656815e-06 2503507209 
3448734.0 3 2584856907 1.399999e-08 792228939 3223888393 1.407809e-08 3019838765 1.407809e-08 
3448792.0 1 1222799196 3.15058249e-06 2847894498 
3456055.0 0 2670951229 1.464215e-08 3805166987 
3469785.0 1 1222799196 3.1645830000000003e-06 3745170176 
3470869.0 0 2272534990 1.427947e-08 3453311365 
3485812.0 1 1068020906 0.0009547906776 3314075649 
3505695.0 0 905418128 2.693518e-08 2056593038 
3529432.0 1 373638573 1.00000001464215 3201932102 
3531339.0 1 3150846686 2.46221549e-06 253060996 
3535909.0 1 1222799196 3.178583e-06 710454819 
3540583.0 1 1222799196 3.1925830000000003e-06 1936824197 
3555161.0 1 545239233 1.960112e-06 1221536794 
3566065.0 0 4148810631 1.401449e-08 3623563876 
3567500.0 1 1222799196 3.206583e-06 2451350669 
3570682.0 0 3150846686 2.462215e-06 3453311365 
3584596.0 1 1222799196 3.22059749e-06 1403954297 
3584803.0 1 545239233 1.97417511e-06 1736323711 
3603587.0 1 373638573 1.000000014 1776728451 
3634571.0 0 3815024321 2.09838e-08 4292574364 
3665934.0 1 3150846686 2.4762150000000003e-06 1366354821 
3677195.0 0 1483909303 1.401449e-08 156734636 
3688217.0 0 1347872676 4.192449e-08 199297112 
3696937.0 3 947239549 1.4e-08 4292574364 2711363118 1.4e-08 
3698376.0 3 3673152909 1.4e-08 2584856907 276540503 1.4e-08 
3723595.0 0 545239233 1.974175e-06 4232177374 
3724411.0 1 3150846686 2.490215e-06 3453311365 
3734096.0 0 545239233 1.974175e-06 405521437 
3747268.0 3 3879652638 1.462484e-08 2250879299 151854524 1.4e-08 
3750828.0 1 3150846686 2.50429309e-06 3223888393 
3755812.0 1 1222799196 3.2394092499999997e-06 3251328182 
3769534.0 1 2906924538 9.778478e-08 3805166987 
3772204.0 1 1222799196 3.2550332e-06 3702894340 
3777288.0 3 250719570 1.4000010000000003e-08 405521437 3875551727 1.409729e-08 4064271206 1.409729e-08 1414813075 1.409729e-08 
3790046.0 0 1222799196 3.255034e-06 1483909303 
3812306.0 1 545239233 1.9881750000000002e-06 4013438285 
3844006.0 0 1897972748 1.437969e-08 1414813075 
3860724.0 1 3150846686 2.5185724699999998e-06 2272534990 
3862701.0 0 3600207777 1.464215e-08 947239549 
3876579.0 1 3150846686 2.532573e-06 3673152909 
3908670.0 2 2046636587 1.473944e-08 4064271206 1411431829 1.4e-08 
3910052.0 1 545239233 2.0062453899999996e-06 1867247157 
3928638.0 0 3150846686 2.532573e-06 2046636587 
3952145.0 1 3150846686 2.56585577e-06 2217687738 
3994245.0 3 2661924784 1.4e-08 2567419240 36058418 1.4e-08 
3994248.0 0 545239233 2.006246e-06 1435514413 
4031030.0 2 1222799196 3.255034e-06 1347872676 2830063464 1.4e-08 2072167855 2.792449e-08 
4035632.0 1 1222799196 3.26904849e-06 63319263 
4044496.0 1 1222799196 3.29697249e-06 2072167855 
4050937.0 3 905418128 2.2334360000000002e-08 3875551727 3548864168 1.869811e-08 
4062907.0 1 1222799196 3.31098749e-06 3623563876 
4064353.0 1 3150846686 2.57995329e-06 1414813075 
4065929.0 0 1222799196 3.310987e-06 3269595313 
4096639.0 1 3921011129 1.0529590300000002e-06 3867217197 
4099770.0 1 545239233 2.020246e-06 2661924784 
4102961.0 1 3150846686 2.59469245e-06 2046636587 
4105804.0 0 1405660995 1.404397e-08 1483909303 
4110150.0 1 545239233 2.03488815e-06 3600207777 
4114880.0 2 2341758500 1.457958e-08 4106915849 2983660352 1.4e-08 
4124539.0 1 3150846686 2.60907169e-06 1897972748 
4138984.0 0 1411431829 1.4e-08 276540503 
4168227.0 1 545239233 2.048888e-06 156734636 
4253760.0 0 545239233 2.048888e-06 2830063464 
4269541.0 0 3548864168 1.869811e-08 3933289935 
4316144.0 0 916523109 2.791e-08 2261252686 
4334000.0 0 1222799196 3.310987e-06 1972280475 
4342412.0 1 545239233 2.0698718e-06 3815024321 
4375279.0 1 545239233 2.083872e-06 947239549 
4406034.0 3 151854524 1.4e-08 3933289935 1565378304 1.4e-08 
4444953.0 0 3967778277 1.464215e-08 2830063464 
4531197.0 0 1222799196 3.310987e-06 36058418 
4559649.0 1 545239233 2.0978720000000004e-06 276540503 
4581488.0 0 151854524 1.4e-08 250719570 
4615098.0 1 545239233 2.111872e-06 2711363118 
4648372.0 0 4148810631 1.401449e-08 213831427 
4649515.0 1 1222799196 3.324987e-06 199297112 
4653298.0 1 3150846686 2.62308649e-06 2748669076 
4692555.0 1 618276123 3.2426337e-07 1924091726 
4697554.0 0 1222799196 3.324987e-06 3967778277 
4742591.0 0 4253718737 2.183063e-08 3863839146 
4743003.0 3 2545005546 1.4000000000000003e-08 3353888196 2299185056 1.719831e-08 3737371746 1.719831e-08 
4755407.0 1 3150846686 2.63791477e-06 4232177374 
4757378.0 1 1222799196 3.42277178e-06 2906924538 
4778061.0 1 1068020906 0.00095483272483 2326007700 
4809096.0 1 1222799196 3.4367720000000004e-06 1565378304 
4829041.0 1 545239233 2.1258720000000003e-06 1435514413 
4860423.0 1 1222799196 3.450772e-06 151854524 
4991544.0 1 545239233 2.139872e-06 2620273024 
