77.8486 1 858320168 5.582e-08 387772665 
116.3475 1 545239233 3.0701e-07 636961411 
141.7536 1 2235064901 3.0701e-07 1379399837 
181.1734 0 3921011129 2.791e-07 3908154577 
234.0645 1 2263814062 5.582e-08 1541946641 
260.7877 1 3373526895 3.0701e-07 632754209 
267.1125 1 2246051850 3.0701e-07 953296898 
838.9876 1 2340740170 3.0701e-07 941534069 
893.1814 1 1790255658 5.582e-08 343742982 
989.5191 1 3004792470 3.0701e-07 1963165541 
1157.99 1 2937387076 5.582e-08 384163328 
1161.18 1 3736894086 5.582e-08 315200650 
1210.472 0 3800234335 2.791e-08 1735432893 
1519.868 1 2340740170 3.3492e-07 314650893 
1600.781 1 2519559028 3.0701e-07 1664502715 
2092.233 1 1465560917 3.0701e-07 3555679070 
2201.663 1 2984600922 3.0701e-07 732124878 
2378.256 1 3116505811 5.582e-08 778035964 
2505.397 1 1425083048 5.582e-08 725558489 
2583.655 1 1572835533 3.0701e-07 770580294 
2763.089 1 1661091397 5.582e-08 780264402 
2975.709 1 1434498202 5.582e-08 3775452048 
3021.784 1 1222799196 3.0701e-07 2487301543 
3055.586 1 2870037616 5.582e-08 3241671100 
3437.637 1 3326748277 5.582e-08 3150420704 
3604.74 0 3373526895 3.0701e-07 3919821980 
3609.891 0 1494141940 2.791e-08 3908154577 
3717.504 1 2519559028 3.3492e-07 1239791232 
3879.041 1 3084497907 5.582e-08 2125112500 
3995.676 1 1075699702 3.0701e-07 511603307 
4234.728 1 2246051850 3.3492e-07 2718413753 
4378.489 1 3534547045 3.3492e-07 1661091397 
4759.608 1 40245973 5.582e-08 905418128 
4852.304 1 2799798816 3.0701e-07 2046083849 
5349.066 1 3800234335 5.582e-08 3938221642 
5492.361 0 3921011129 2.791e-07 1584276479 
5981.411 1 1572835533 3.3492e-07 242414939 
5986.841 0 925199572 2.791e-08 2393342300 
6293.642 1 333964007 5.582e-08 2870158420 
6475.354 1 2235064901 3.3492e-07 870323177 
6864.682 1 2937387076 8.373e-08 3498415124 
7121.922 1 1037584679 5.582e-08 2408568032 
7164.149 1 3921011129 3.3492e-07 858320168 
7710.11 1 3373526895 3.3492e-07 3841896594 
7763.894 1 3373526895 3.6283e-07 1735432893 
8095.11 1 2519559028 3.6283e-07 443746396 
8262.338 0 4263717482 2.791e-08 4231632140 
8703.047 1 1572835533 3.6283e-07 2693713428 
8703.919 1 1425083048 8.373e-08 2308721517 
9095.039 0 3373526895 3.6283e-07 3919821980 
9268.292 0 3257166052 2.791e-08 1584276479 
9610.972 1 2340740170 3.6283e-07 482917538 
9758.126 1 257754683 5.582e-08 2835620284 
10083.16 1 4031050948 3.0701e-07 265770918 
10785.82 0 257754683 5.582e-08 3232700421 
10795.31 1 2235064901 3.6283e-07 3616865126 
10804.77 1 3373526895 3.9073999999999996e-07 1631081845 
11867.51 1 2519559028 3.9073999999999996e-07 2504591099 
12078.01 1 4259593397 3.0701e-07 741863299 
12146.08 1 545239233 3.3492e-07 2737363250 
13715.38 0 3061883439 2.791e-08 1134175585 
15015.47 1 1075699702 3.6283e-07 2263814062 
15375.31 1 3150846686 3.0701e-07 4231632140 
15858.47 1 3373526895 4.1865e-07 3126241903 
16045.98 1 4061687915 5.582e-08 2074240873 
16266.21 1 1068020906 0.0009543279100000001 3919026803 
16538.23 1 545239233 3.6283e-07 2779686750 
17483.45 0 1494141940 2.791e-08 3421887303 
17487.91 1 426576124 3.0701e-07 199935986 
18295.6 0 3257166052 2.791e-08 1584276479 
18395.24 0 3800234335 5.582e-08 582973675 
18663.18 0 2937387076 8.373e-08 688805295 
18762.94 1 1075699702 3.9073999999999996e-07 873214132 
18769.4 1 3534547045 3.6283e-07 1731090175 
19851.44 1 1425083048 1.1164e-07 1493201942 
20484.5 1 3424908067 5.582e-08 3747246174 
20489.9 1 3921011129 3.6283e-07 486050091 
20983.51 2 1465560917 3.0701e-07 2870037616 3687573659 1.4e-08 3196256300 2.091e-08 848448836 2.091e-08 
21449.78 0 2038493855 2.791e-08 2393342300 
21571.96 1 3373526895 4.4656e-07 1738899943 
21724.05 1 1068020906 0.0009543558100000001 501991070 
21727.79 0 3800234335 5.582e-08 331336395 
22015.49 1 3373526895 4.7447e-07 3061883439 
22550.76 1 3004792470 3.3492e-07 2466232951 
22962.92 0 3889879026 2.791e-08 2038493855 
23787.4 0 2038493855 2.791e-08 2393342300 
24010.37 1 2799798816 3.6283e-07 4061687915 
24563.67 1 1068020906 0.00095438371 3384709749 
25299.53 1 3534547045 3.9073999999999996e-07 582973675 
25308.56 0 545239233 3.6283e-07 245436729 
25519.43 0 561528368 2.791e-08 3071234124 
26317.73 1 426576124 3.3492e-07 300193622 
27666.23 1 1458432161 5.582e-08 790319072 
28022.83 0 3707189490 2.791e-08 4263717482 
28610.67 0 545239233 3.6283e-07 3232700421 
29001.96 1 2799798816 3.9073999999999996e-07 2440120768 
29682.99 0 245436729 2.791e-08 3707189490 
30095.95 0 3534547045 3.9074e-07 331336395 
30136.13 0 3129006749 2.791e-08 1986278615 
30254.55 1 1068020906 0.00095441161 4274934102 
30345.51 1 3534547045 4.1865e-07 331336395 
30821.03 1 1465560917 3.2792e-07 3196256300 
32435.51 1 1425083048 1.6746e-07 3326748277 
33792.26 1 1425083048 1.9536999999999998e-07 3232700421 
34544.9 0 925199572 2.791e-08 2038493855 
34579.62 1 3150846686 3.3492e-07 3908154577 
36035.18 0 4252347608 2.791e-08 1206764858 
36360.43 0 810769555 2.791e-08 4122240121 
36631.84 0 2406269022 2.791e-08 862710978 
37506.06 0 2235064901 3.6283e-07 3621383820 
38088.63 1 4252347608 5.582e-08 1206764858 
38505.07 1 2799798816 6.9775e-07 2984600922 
39920.66 1 3150846686 3.6283e-07 287801793 
39924.56 1 2393342300 5.582e-08 2349140130 
41236.13 0 2340740170 3.6283e-07 688805295 
41749.35 1 2235064901 3.9073999999999996e-07 3621383820 
42526.55 0 2406269022 2.791e-08 862710978 
43262.13 0 1465560917 3.2792e-07 949068759 
43547.48 0 2937387076 8.373e-08 211811971 
44904.46 0 2406269022 2.791e-08 862710978 
47295.13 0 2451350669 2.791e-08 717226258 
47361.21 2 3534547045 4.1865e-07 3800234335 2211003714 1.4e-08 2916276788 2.091e-08 3696193412 2.091e-08 
49096.52 1 2393342300 8.373e-08 925199572 
49571.59 1 2246051850 3.6283e-07 561528368 
49906.39 0 1502094437 2.791e-08 717226258 
50918.8 0 3534547045 4.1865e-07 2455496064 
53388.38 1 1075699702 6.9775e-07 4259593397 
54839.22 1 1465560917 3.5583e-07 2451350669 
56516.75 1 3534547045 4.3956e-07 2916276788 
58748.02 0 3534547045 4.3956e-07 2455496064 
58762.24 1 3737780296 3.0701e-07 3382444416 
59627.15 1 3534547045 4.5356e-07 2211003714 
59997.12 1 1572835533 3.9073999999999996e-07 1481166135 
60580.27 0 3921011129 3.6283e-07 3257166052 
60656.86 1 3921011129 3.9073999999999996e-07 3257166052 
60960.46 1 3534547045 4.8147e-07 2455496064 
61011.42 1 3737780296 3.3492e-07 3490627259 
61248.73 1 3737780296 3.6283e-07 3176785673 
63527.14 3 2757833455 1.4e-08 290926289 15308464 2.091e-08 1239307652 2.091e-08 
63646.6 0 3749853089 2.791e-08 2528553283 
64537.92 1 2393342300 1.1164e-07 3889879026 
65051.77 0 1465560917 3.5583e-07 2205180068 
65298.99 1 545239233 3.9073999999999996e-07 3114612365 
68892.67 1 4031050948 3.3492e-07 911013108 
70755.52 0 3421887303 2.791e-08 3696193412 
71245.18 1 1572835533 4.1865e-07 3732071459 
72142.21 0 6723929 2.791e-08 1516068388 
73169.96 1 3921011129 4.1865e-07 1494141940 
76912.69 1 1572835533 4.4656e-07 197654791 
77422.12 1 2393342300 1.3955e-07 2528553283 
78292.94 1 2235064901 4.1865e-07 2178051842 
79067.77 2 1425083048 1.9537e-07 40245973 1945448119 1.4e-08 3396227953 2.091e-08 3321237907 2.091e-08 
80171.89 0 754869367 2.791e-08 251961497 
85137.81 0 1465560917 3.5583e-07 810769555 
85810.85 0 1075699702 6.9775e-07 659524895 
86231.16 1 2393342300 1.6746e-07 3749853089 
86922.9 1 2235064901 4.4656e-07 2859795595 
89106.76 1 1068020906 0.0009544395100000001 1498734392 
90852.31 2 3921011129 4.1865e-07 3084497907 3187199216 1.4e-08 3330100144 2.091e-08 310481256 2.091e-08 
94648.66 1 426576124 3.6283e-07 1768543625 
95413.44 0 1465560917 3.5583e-07 3687573659 
98685.89 1 1425083048 2.0937e-07 1945448119 
102917.1 3 1134175585 2.73722e-08 2038493855 817087088 1.42239e-08 551137729 1.42239e-08 
103216.5 0 3921011129 4.1865e-07 3919821980 
103220.8 0 1075699702 6.9775e-07 4046076794 
105867.6 0 3421887303 2.791e-08 310481256 
109558.0 0 6723929 2.791e-08 3396227953 
109571.3 1 1068020906 0.00095446751 90391199 
112346.5 1 3921011129 4.3956e-07 3330100144 
112550.7 1 545239233 4.1865e-07 245436729 
112675.0 1 3534547045 4.956939e-07 817087088 
113325.1 0 2340740170 3.6283e-07 3396227953 
115016.9 0 2205180068 2.791e-08 1444500749 
116203.6 0 1790255658 5.582e-08 3357643131 
117469.9 1 2340740170 3.9073999999999996e-07 211811971 
120986.0 2 2235064901 4.465600300000001e-07 3150846686 1218250404 3.480788e-08 1035956119 1.426183e-08 1211996162 1.426183e-08 188552836 1.426183e-08 2029773149 1.426183e-08 302486611 1.426183e-08 1842102965 1.426183e-08 1285693762 1.426183e-08 1078741991 1.426183e-08 2723643411 1.426183e-08 1804212609 1.426183e-08 438292632 1.426183e-08 2001290253 1.426183e-08 3147695692 1.426183e-08 3179285865 1.426183e-08 2173231515 1.426183e-08 740082705 1.426183e-08 2795063678 1.426183e-08 3642829293 1.426183e-08 2707128518 1.426183e-08 474866315 1.426183e-08 1639799867 1.426183e-08 1026028388 1.426183e-08 1128056158 1.426183e-08 
120986.1 1 1218250404 4.9069709999999996e-08 1128056158 
120986.1 1 1218250404 6.333154e-08 1035956119 
121186.3 0 438292632 1.426183e-08 1078741991 
121247.6 0 1321648343 2.791e-08 2932274237 
122844.7 1 2235064901 4.6082183e-07 438292632 
124137.3 1 3373526895 4.886939e-07 551137729 
125097.0 0 1218250404 6.333154e-08 2723643411 
125354.2 1 2235064901 4.7508363e-07 1026028388 
126275.9 1 2235064901 4.8934553e-07 3642829293 
127966.6 1 2173231515 2.852366e-08 3147695692 
129018.3 1 2235064901 5.0360733e-07 2707128518 
129468.9 1 1572835533 4.7447e-07 6723929 
129978.7 1 3921011129 4.5382183e-07 1842102965 
130676.3 3 3919821980 2.1452529999999996e-08 1285693762 2909632847 2.07193e-08 
133260.2 1 3116505811 7.008183e-08 188552836 
138174.5 1 1068020906 0.0009544954100000001 3443220506 
138772.1 0 1218250404 6.333154e-08 1804212609 
139088.8 0 3823443426 2.791e-08 598947138 
139471.5 1 3534547045 5.230661e-07 1134175585 
142485.9 0 1037584679 5.582e-08 3774459889 
143880.6 1 2235064901 5.178691300000001e-07 2723643411 
144221.2 1 1425083048 2.3028e-07 3396227953 
144635.5 2 3534547045 6.1169335e-07 2393342300 937177227 1.576655e-08 3393811039 1.576655e-08 611212867 1.576655e-08 1104410542 1.576655e-08 2328232000 1.576655e-08 
144811.6 1 3534547045 6.2745995e-07 1104410542 
145019.1 0 3953846011 2.791e-08 3774459889 
145629.5 1 3534547045 6.432264500000001e-07 937177227 
147759.0 1 2937387076 1.1164e-07 717226258 
148689.7 0 1403705120 2.791e-07 3245569981 
148818.3 1 2235064901 5.321310300000001e-07 740082705 
156462.5 1 2799798816 7.256600000000001e-07 1503861029 
157601.5 0 3179285865 1.426183e-08 3187199216 
158855.3 0 1465560917 3.5583e-07 1227575429 
160020.2 0 3373526895 4.886939e-07 3919821980 
160330.6 2 1465560917 3.5583008e-07 1222799196 2999719241 1.41452e-07 1931993247 1.505072e-08 1494850122 1.505072e-08 3414514926 1.505072e-08 2312786130 1.505072e-08 3537925318 1.505072e-08 1634407402 1.505072e-08 3869596591 1.505072e-08 3375523036 1.505072e-08 772925454 1.505072e-08 2215785330 1.505072e-08 3491092596 1.505072e-08 
160330.8 1 2999719241 1.5650272e-07 3491092596 
160330.8 1 2999719241 1.7155352e-07 1931993247 
161487.4 1 2937387076 1.2669072e-07 1494850122 
165084.1 1 3534547045 6.639458e-07 2909632847 
165708.5 1 3373526895 5.0295573e-07 2029773149 
166347.4 1 3534547045 6.7971235e-07 611212867 
166768.7 3 2246051850 3.628299799999999e-07 1425083048 57770090 9.391148e-08 3071577057 1.515206e-08 1452489764 1.515206e-08 4260098875 1.515206e-08 3696843781 1.515206e-08 2138100036 1.515206e-08 1726701215 1.515206e-08 1412415798 1.515206e-08 375852842 1.515206e-08 3593732192 1.515206e-08 
166863.7 1 57770090 1.0906354e-07 3593732192 
168748.9 0 57770090 1.090635e-07 375852842 
169479.2 1 3921011129 4.6808363e-07 1211996162 
169842.5 0 2406269022 2.791e-08 862710978 
169989.4 3 2246051850 3.6282995e-07 57770090 3888264012 2.900235e-08 313359544 1.601224e-08 217284033 1.601224e-08 2151269300 1.601224e-08 3913511150 1.601224e-08 2962530363 1.601224e-08 
171524.7 0 474866315 1.426183e-08 1078741991 
171731.7 3 2235064901 5.32131e-07 2173231515 2063946235 1.4e-08 1172086036 1.452366e-08 
175477.4 1 2235064901 5.46131e-07 2063946235 
176872.2 1 1465560917 3.7088071999999996e-07 3869596591 
177163.6 0 2340740170 3.9074e-07 1452489764 
177957.5 0 2138100036 1.515206e-08 1804212609 
178322.6 1 2235064901 5.6039283e-07 3179285865 
179212.7 1 1075699702 7.256600000000001e-07 4046076794 
181251.2 1 1068020906 0.00095452331 3708838243 
183944.1 0 2932274237 2.791e-08 4260098875 
185583.2 3 29350397 1.4000000000000003e-08 15308464 690117576 1.741e-08 3288380490 1.741e-08 
187292.4 3 2340740170 3.9073999999999986e-07 2246051850 845665321 2.109805e-07 3122982648 1.518495e-08 1471982444 1.518495e-08 3303338876 1.518495e-08 2875471576 1.518495e-08 1738909006 1.518495e-08 356405251 1.518495e-08 2879167783 1.518495e-08 3083352544 1.518495e-08 4198169764 1.518495e-08 821115011 1.518495e-08 
187292.5 1 845665321 2.2616544999999998e-07 3122982648 
187292.5 1 845665321 2.4135035e-07 821115011 
187413.5 0 2340740170 3.9074e-07 356405251 
187582.4 1 1572835533 5.0238e-07 2205180068 
188238.1 1 2235064901 5.7465463e-07 1639799867 
188998.6 1 1465560917 3.8606565e-07 3083352544 
190043.2 1 845665321 2.5653535e-07 356405251 
190449.3 0 2875471576 1.518495e-08 375852842 
191101.1 1 2799798816 7.5357e-07 2906924538 
193087.1 0 1434498202 5.582e-08 848448836 
194577.9 0 3534547045 6.797123e-07 3919821980 
195445.3 0 545239233 4.1865e-07 2409063466 
196184.3 2 2235064901 1.01913966e-06 3921011129 2118016430 2.359874e-08 
196351.9 0 3534547045 6.797123e-07 2328232000 
203427.8 1 2340740170 4.1865e-07 1516068388 
204085.5 2 4252347608 5.773503e-08 2406269022 1945735688 2.599497e-08 
205966.8 1 1075699702 7.5357e-07 1593850299 
206367.7 1 259930472 4.309495e-08 3303338876 
208084.4 0 4252347608 5.773503e-08 1945735688 
208282.6 0 3534547045 6.797123e-07 2328232000 
209720.1 1 2235064901 1.03340183e-06 2001290253 
210619.8 0 2932274237 2.791e-08 2962530363 
210756.6 0 1434498202 5.582e-08 3953846011 
212156.0 1 4252347608 8.373e-08 1945735688 
212600.6 0 2235064901 1.033401e-06 1584276479 
213379.5 1 3534547045 6.9547885e-07 2328232000 
213684.1 1 2932274237 4.306206e-08 1452489764 
214712.3 1 2340740170 4.3380206e-07 1726701215 
214762.7 0 253808213 2.791e-08 4226750145 
216200.1 3 2932274237 4.132221e-08 2151269300 4093093422 1.775209e-08 
216248.1 1 1502094437 4.306206e-08 2138100036 
220083.1 0 1321648343 2.791e-08 3121047530 
220306.3 1 1075699702 7.8148e-07 1327969783 
221030.9 1 2235064901 1.089221e-06 257754683 
223412.8 1 1572835533 5.302900000000001e-07 869234806 
227627.5 2 4031050948 3.3492002e-07 3800257563 2842015324 1.540603e-07 1249238030 1.562996e-08 3214077756 1.562996e-08 879162223 1.562996e-08 3884425642 1.562996e-08 1149406307 1.562996e-08 3528332227 1.562996e-08 4004407106 1.562996e-08 451270221 1.562996e-08 
227656.0 1 2235064901 1.117131e-06 1584276479 
233639.2 1 2799798816 1.1164e-06 3737780296 
236820.9 0 1218250404 6.333154e-08 302486611 
242847.6 1 2799798816 1.14431e-06 838860310 
247315.9 0 259930472 4.309495e-08 4093093422 
248314.7 1 2340740170 4.6171209999999996e-07 1123501568 
251558.6 0 2235064901 1.117131e-06 4260098875 
253428.1 0 3709881891 2.791e-08 1149406307 
253932.7 1 2932274237 5.637292e-08 1634407402 
254432.5 1 845665321 2.7254754e-07 2962530363 
262101.5 1 326805806 5.582e-08 739080713 
269121.0 1 3373526895 5.169557e-07 3187199216 
277377.9 1 2235064901 1.1316546600000002e-06 1172086036 
281409.0 1 3888264012 4.41873e-08 2875471576 
283219.7 0 3988949870 2.791e-08 1239307652 
286973.6 0 3116505811 7.008183e-08 3421887303 
289912.5 2 1465560917 3.860657e-07 1434498202 3149440925 1.4e-08 2250775120 2.091e-08 1130108289 2.091e-08 
291163.8 0 405521437 2.791e-08 1444500749 
292185.6 1 3373526895 5.4055444e-07 2118016430 
297320.7 1 1465560917 4.069757e-07 1130108289 
303360.0 1 2235064901 1.14591683e-06 474866315 
304763.5 0 845665321 2.725476e-07 810769555 
306733.3 0 2261252686 2.791e-08 3037779432 
314125.5 1 2235064901 1.173827e-06 2409063466 
315578.5 1 1465560917 4.2097569999999997e-07 3149440925 
317044.5 1 2340740170 4.7946419e-07 4093093422 
318785.4 1 545239233 4.3466224000000003e-07 217284033 
319262.0 1 333964007 8.373e-08 3129006749 
319577.8 1 772925454 3.010144e-08 3414514926 
324865.9 1 2340740170 5.225591499999999e-07 259930472 
327150.8 1 2235064901 1.194737e-06 310481256 
327316.8 0 659524895 2.791e-08 1593891639 
330421.8 0 3534547045 6.954789e-07 3919821980 
334429.6 0 3071234124 2.791e-08 2795063678 
338813.3 0 1239307652 2.091e-08 2312786130 
347463.4 0 949068759 2.791e-08 2879167783 
350418.7 2 3534547045 7.4658313e-07 3116505811 2177968201 1.89776e-08 
350518.9 1 3534547045 7.655607e-07 2177968201 
351177.5 1 3534547045 7.8701323e-07 3919821980 
359751.8 0 1465560917 4.209757e-07 3687573659 
383501.0 1 1465560917 4.418857e-07 848448836 
386625.8 0 3012070026 2.791e-08 3279231079 
387537.3 2 426576124 3.6283e-07 3736894086 2914302410 1.4e-08 3655816389 2.091e-08 3485819286 2.091e-08 
388101.0 2 845665321 2.7254761000000005e-07 2999719241 1382686479 3.343211e-08 1803925302 1.534682e-08 3293059020 1.534682e-08 378125977 1.534682e-08 2159618959 1.534682e-08 2441325815 1.534682e-08 3401497744 1.534682e-08 4069401935 1.534682e-08 134948105 1.534682e-08 1998372786 1.534682e-08 
388152.7 0 845665321 2.725476e-07 3293059020 
391544.4 1 1572835533 8.028376e-07 845665321 
391605.3 1 1465560917 5.685764e-07 2937387076 
400138.9 0 2542835646 2.791e-08 1412415798 
416752.5 0 2441325815 1.534682e-08 3293059020 
419217.1 3 1075699702 7.8148e-07 772925454 2455922112 1.4e-08 3059103076 1.610145e-08 
419313.6 1 1075699702 7.9758145e-07 3059103076 
419463.5 1 810769555 5.582e-08 2480932170 
419487.5 0 3424908067 5.582e-08 862710978 
419952.1 0 1037584679 5.582e-08 4198169764 
434222.7 1 1572835533 8.307476e-07 598947138 
434747.4 0 3401497744 1.534682e-08 1471982444 
435546.0 1 373638573 1.00000001741 690117576 
436586.3 0 1321648343 2.791e-08 375852842 
444169.8 1 1068020906 0.00095455121 769686034 
445950.6 0 2235064901 1.194737e-06 302486611 
446104.8 0 2235064901 1.194737e-06 3696193412 
446640.5 0 3534547045 7.870132e-07 862710978 
449126.7 2 2235064901 1.19473701e-06 3373526895 432337108 1.603899e-07 1902671923 1.408017e-08 4209590891 1.408017e-08 77395223 1.408017e-08 3592986772 1.408017e-08 1246511018 1.408017e-08 3986570268 1.408017e-08 174500547 1.408017e-08 4083845756 1.408017e-08 110358663 1.408017e-08 1370908750 1.408017e-08 1837234470 1.408017e-08 2945849429 1.408017e-08 66296937 1.408017e-08 976558236 1.408017e-08 2438291630 1.408017e-08 906368509 1.408017e-08 3783228500 1.408017e-08 2858952728 1.408017e-08 395113485 1.408017e-08 4019363830 1.408017e-08 3016084464 1.408017e-08 921818415 1.408017e-08 2892683898 1.408017e-08 3697249003 1.408017e-08 3983774618 1.408017e-08 4187488967 1.408017e-08 898751805 1.408017e-08 
449126.7 1 432337108 1.7447007000000002e-07 1902671923 
449126.7 1 432337108 1.8855027e-07 898751805 
449127.8 1 174500547 2.816034e-08 3986570268 
449144.1 1 174500547 4.2240510000000003e-08 1246511018 
449157.6 1 2235064901 1.20881717e-06 2438291630 
449187.8 0 2235064901 1.208817e-06 2858952728 
449200.1 1 2235064901 1.22289717e-06 3016084464 
449235.3 0 2235064901 1.222897e-06 77395223 
449340.7 1 432337108 2.0263037e-07 3697249003 
449389.0 1 2235064901 1.2369771700000002e-06 2858952728 
449647.4 1 2235064901 1.25105717e-06 4019363830 
450028.9 1 2235064901 1.2651381700000001e-06 110358663 
450781.3 1 2235064901 1.293048e-06 862710978 
451311.1 1 2235064901 1.30712817e-06 3983774618 
451971.1 0 2235064901 1.307128e-06 4209590891 
452474.5 1 2235064901 1.3212081700000001e-06 1837234470 
452742.8 1 2235064901 1.33528817e-06 77395223 
453128.0 1 2235064901 1.34936817e-06 3783228500 
453496.9 0 2235064901 1.349368e-06 66296937 
455331.1 1 2235064901 1.36344817e-06 3592986772 
455510.1 0 921818415 1.408017e-08 2945849429 
461438.8 0 688805295 2.791e-08 3707189490 
462127.5 0 2892683898 1.408017e-08 976558236 
462462.2 0 2892683898 1.408017e-08 2945849429 
462688.5 1 1465560917 5.8392322e-07 2159618959 
464203.7 1 2235064901 1.37752917e-06 66296937 
466505.7 0 4263717482 2.791e-08 4187488967 
469685.3 1 2235064901 1.3916091700000002e-06 921818415 
470892.6 1 2235064901 1.40568917e-06 1370908750 
471980.1 0 395113485 1.408017e-08 976558236 
478793.1 1 2340740170 5.3774405e-07 1738909006 
479710.0 0 2340740170 5.377441e-07 2215785330 
480931.5 0 432337108 2.026304e-07 906368509 
484045.2 1 545239233 4.4981425999999997e-07 3071577057 
484936.7 3 1790255658 1.4e-08 43001897 3632514288 1.74325e-08 410848061 1.74325e-08 2791633391 1.74325e-08 630280293 1.74325e-08 
486855.9 0 2235064901 1.405689e-06 3696193412 
487261.3 1 1502094437 5.7323889999999996e-08 1804212609 
487393.2 0 3888264012 4.418731e-08 3121047530 
487472.2 0 3704423751 2.791e-08 3020817656 
489376.5 1 1068020906 0.00095457911 1586980658 
490945.8 3 3704423751 2.711182e-08 3020817656 4212779140 1.435409e-08 3459374364 1.435409e-08 
491092.8 1 3704423751 4.146591e-08 4212779140 
491122.6 0 3704423751 4.146591e-08 3459374364 
493470.7 1 3704423751 5.582e-08 3459374364 
495088.6 0 3833318790 2.791e-08 29350397 
502179.5 0 3891448235 2.791e-08 2312786130 
506650.5 0 2235064901 1.405689e-06 302486611 
511930.6 1 2235064901 1.4197691700000001e-06 4083845756 
517373.7 0 3534547045 7.870132e-07 3393811039 
518315.3 2 432337108 2.0263041000000001e-07 174500547 2125331604 1.4e-08 3113062634 1.412025e-08 847040419 1.412025e-08 
519355.4 0 1572835533 8.307476e-07 378125977 
521261.1 1 2235064901 1.43403083e-06 302486611 
522313.7 1 1465560917 6.118332000000001e-07 1651612823 
525008.8 2 179097684 2.791e-07 4252347608 4240624600 1.4e-08 1565786989 1.74325e-08 2286860921 1.74325e-08 3707879645 1.74325e-08 2746930994 1.74325e-08 
525143.6 1 179097684 2.965325e-07 1565786989 
525162.3 0 179097684 2.965325e-07 2286860921 
525386.3 1 179097684 3.105325e-07 4240624600 
526548.9 1 2235064901 1.44811117e-06 906368509 
526644.4 0 1572835533 8.307476e-07 4069401935 
527210.9 0 129185354 2.791e-08 164438789 
527709.3 1 4031050948 3.6283e-07 2620740164 
528165.9 1 179097684 3.2796499999999996e-07 2286860921 
535328.6 1 1218250404 7.741171e-08 2892683898 
537740.6 0 1572835533 8.307476e-07 378125977 
538425.1 1 432337108 2.166304e-07 2125331604 
545204.5 3 3696193412 1.874377e-08 4209590891 4075596975 1.62464e-08 
549310.3 3 949068759 1.555042e-08 3071234124 4283280385 2.013479e-08 538453177 2.013479e-08 
550802.5 1 2799798816 1.17222e-06 3891448235 
553491.3 0 179097684 3.27965e-07 3707879645 
554043.5 1 179097684 3.453975e-07 3707879645 
555126.2 1 3004792470 3.6283e-07 3838279446 
557719.0 1 2340740170 5.5309092e-07 378125977 
558856.8 1 2235064901 1.4621911700000001e-06 395113485 
559447.4 1 1037584679 7.100495e-08 1471982444 
560346.2 2 179097684 3.453975e-07 3424908067 3121292019 1.4e-08 3349724438 2.091e-08 4253718737 2.091e-08 
560346.5 0 179097684 3.453975e-07 3349724438 
560489.3 1 179097684 3.663075e-07 4253718737 
561557.4 1 2340740170 5.810009e-07 2542835646 
561858.8 1 179097684 3.803075e-07 3121292019 
562864.3 1 179097684 4.0121749999999997e-07 3349724438 
563752.6 0 1227575429 2.791e-08 2312786130 
563969.9 0 1075699702 7.975814e-07 134948105 
569109.4 1 4283280385 3.568521e-08 949068759 
570046.5 0 1998372786 1.534682e-08 375852842 
570420.1 1 1218250404 9.149188e-08 2945849429 
572277.6 2 4069401935 1.546707e-08 3113062634 3297362622 1.4e-08 
573587.3 1 3534547045 8.0277975e-07 3393811039 
576144.5 1 432337108 2.445404e-07 4263717482 
577009.6 0 1465560917 6.118332e-07 1803925302 
579930.2 0 1572835533 8.307476e-07 2215785330 
583493.9 1 3534547045 8.215235699999999e-07 3696193412 
588626.2 1 432337108 2.5988722e-07 1998372786 
599137.9 1 1572835533 8.586576000000001e-07 405521437 
605463.3 0 545239233 4.498143e-07 3707189490 
605595.6 1 545239233 4.638143e-07 3297362622 
607492.4 0 3037779432 2.791e-08 451270221 
615841.2 2 2799798816 1.93677664e-06 1075699702 1751902433 1.651238e-08 2878871175 1.651238e-08 
621482.4 0 3357643131 2.791e-08 2455922112 
622189.9 0 2799798816 1.936777e-06 2710766136 
622457.5 2 2799798816 1.936777e-06 326805806 3083717413 1.4e-08 220564665 2.091e-08 3653734512 2.091e-08 
623292.4 1 2799798816 1.95328938e-06 1751902433 
635825.3 1 2799798816 1.974199e-06 3653734512 
640545.1 0 1382686479 3.343211e-08 3401497744 
640856.3 1 2799798816 1.99071138e-06 2878871175 
641428.4 0 179097684 4.012175e-07 2746930994 
641461.4 1 179097684 4.1865e-07 2746930994 
644501.7 1 432337108 2.7400744999999996e-07 847040419 
658866.1 1 545239233 4.9724641e-07 1382686479 
660903.4 0 2250879299 2.791e-08 3696843781 
690050.0 1 2204676502 0.00028572791 2681375347 
707418.8 1 2340740170 5.9605162e-07 2215785330 
713452.3 1 2519559028 4.1865e-07 129185354 
716650.8 1 2340740170 6.100516e-07 2757833455 
719584.3 3 1502094437 5.732388e-08 2932274237 3815024321 1.4e-08 1428265047 1.412431e-08 3604532305 1.412431e-08 1869365069 1.412431e-08 
723702.6 0 1533953788 2.791e-08 2856850640 
725869.5 1 2235064901 1.7361984999999998e-06 432337108 
727656.5 0 545239233 4.972464e-07 1869365069 
734338.5 0 3888264012 4.418731e-08 4075596975 
748224.7 2 2441325815 1.5438260000000002e-08 4198169764 965372172 1.509351e-08 
766532.5 1 545239233 5.134928000000001e-07 4075596975 
769774.5 0 2250879299 2.791e-08 2441325815 
790132.8 1 2340740170 6.379616e-07 1444500749 
794715.0 0 2799798816 1.990711e-06 2914302410 
813961.1 3 333964007 8.274314999999999e-08 1149406307 607396504 1.661681e-08 
821151.6 0 545239233 5.134928e-07 1428265047 
821540.6 0 333964007 8.274316e-08 2856850640 
823588.4 1 1068020906 0.0009546070100000001 825415804 
836089.9 0 1572835533 8.586576e-07 3736601249 
838478.5 1 1068020906 0.00095463491 253808213 
841927.2 0 3632514288 1.74325e-08 2441325815 
843106.9 1 2799798816 2.00605782e-06 1803925302 
848328.0 0 4283280385 3.568521e-08 3421887303 
850257.9 1 2235064901 1.75135106e-06 4260098875 
871727.3 1 1068020906 0.000954914 476505668 
883765.7 0 2340740170 6.379616e-07 3083717413 
894507.6 0 630280293 1.74325e-08 3083717413 
901911.8 0 426576124 3.6283e-07 2710766136 
917623.2 1 2340740170 6.658716000000001e-07 3736601249 
918810.1 0 179097684 4.1865e-07 4188445920 
932846.4 1 2555962951 3.0701e-07 3462747 
948930.7 1 1572835533 8.726576e-07 3083717413 
962419.8 1 2235064901 1.76547531e-06 3604532305 
967089.4 1 2340740170 6.798715999999999e-07 1790255658 
976603.4 1 2799798816 2.0269679999999998e-06 220564665 
979243.9 2 2340740170 6.9909e-07 1458432161 2533881277 1.83008e-08 472358284 1.83008e-08 
979631.4 1 2340740170 7.173908000000001e-07 472358284 
982096.1 0 3004792470 3.6283e-07 2919643181 
997754.7 0 1412415798 1.515206e-08 2795063678 
1018469.0 0 2555962951 3.0701e-07 3392858646 
1020627.0 3 3774459889 1.3999989999999998e-08 2795063678 1950077488 1.408592e-08 1820499179 1.408592e-08 
1021019.0 3 1218250404 1.400000999999999e-08 1019134040 4055959668 1.505741e-08 528880979 1.505741e-08 3778036871 1.505741e-08 1405660995 1.505741e-08 3662110242 1.505741e-08 2247026945 1.505741e-08 4032129539 1.505741e-08 
1021788.0 0 4031050948 3.6283e-07 1412415798 
1029186.0 0 2799798816 2.026968e-06 1533953788 
1029359.0 0 2247026945 1.505741e-08 3662110242 
1030457.0 0 1405660995 1.505741e-08 3778036871 
1036427.0 0 3888264012 4.418731e-08 2247026945 
1039877.0 0 3534547045 8.215235e-07 4188445920 
1040369.0 1 373638573 1.000000014 2914302410 
1044055.0 3 3121047530 1.6995299999999997e-08 3421887303 4035587434 1.941235e-08 3111692719 1.941235e-08 
1045128.0 1 2235064901 1.78053241e-06 4032129539 
1046002.0 3 3357643131 1.4e-08 3121047530 1398579088 1.545265e-08 2501379955 1.545265e-08 
1053676.0 0 2501379955 1.545265e-08 3357643131 
1065073.0 0 3888264012 4.418731e-08 528880979 
1065389.0 3 4122240121 1.4000000000000003e-08 3632514288 3332562587 1.567125e-08 3562383954 1.567125e-08 
1070722.0 0 2799798816 2.026968e-06 3537925318 
1079074.0 0 545239233 5.134928e-07 688805295 
1082427.0 1 2235064901 1.79559041e-06 3662110242 
1085125.0 1 1068020906 0.00095494191 2298477853 
1091434.0 1 2235064901 1.8235e-06 1878784256 
1101883.0 1 2235064901 1.83855741e-06 4055959668 
1113317.0 0 1572835533 8.726576e-07 134948105 
1122716.0 1 2235064901 1.85797035e-06 3111692719 
1128488.0 0 1465560917 6.118332e-07 2533881277 
1135779.0 2 426576124 3.6283002e-07 3004792470 2521380987 2.063332e-07 4119421155 1.422698e-08 1913762779 1.422698e-08 3678948817 1.422698e-08 2489195127 1.422698e-08 3929228125 1.422698e-08 3160344427 1.422698e-08 3182159117 1.422698e-08 766581564 1.422698e-08 3702894340 1.422698e-08 3532745758 1.422698e-08 1072840122 1.422698e-08 
1135780.0 1 2521380987 2.2056018e-07 4119421155 
1135780.0 1 2521380987 2.3478718e-07 1072840122 
1135783.0 0 1502094437 5.732389e-08 3321237907 
1136913.0 1 426576124 3.9073999999999996e-07 4028593304 
1143088.0 0 179097684 4.1865e-07 3321237907 
1144519.0 0 2521380987 2.347872e-07 3279231079 
1147412.0 3 1820499179 1.408592e-08 3774459889 3294683754 1.4e-08 
1152888.0 0 3888264012 4.418731e-08 4035587434 
1155242.0 1 2519559028 4.4656e-07 3833318790 
1163490.0 1 3534547045 8.3560367e-07 976558236 
1167336.0 3 3888264012 3.993982999999999e-08 3778036871 1676003954 1.930489e-08 
1168720.0 1 2799798816 2.0548780000000003e-06 2261252686 
1184884.0 1 1572835533 9.005676e-07 1321648343 
1185741.0 0 545239233 5.134928e-07 102901530 
1186261.0 0 2235064901 1.85797e-06 2247026945 
1186493.0 1 2340740170 7.3340304e-07 3913511150 
1188194.0 0 2235064901 1.85797e-06 2247026945 
1193853.0 0 2340740170 7.33403e-07 3696843781 
1193885.0 3 1458665800 2.791e-08 3357643131 4285585893 1.4e-08 
1205157.0 0 2521380987 2.347872e-07 3702894340 
1211789.0 0 1676003954 1.930489e-08 2247026945 
1212905.0 1 2235064901 1.87197e-06 4285585893 
1215887.0 3 3823443426 2.7115309999999998e-08 3532745758 2674988631 1.502167e-08 
1229988.0 1 2799798816 2.07033065e-06 1398579088 
1251729.0 1 179097684 4.3370741e-07 2247026945 
1260054.0 0 2340740170 7.33403e-07 1227575429 
1262926.0 0 1156624510 2.791e-08 2791633391 
1265727.0 1 1572835533 9.1591442e-07 3293059020 
1277722.0 0 2674988631 1.502167e-08 1913762779 
1285915.0 0 2235064901 1.87197e-06 3294683754 
1298732.0 3 3279231079 1.399999e-08 4035587434 406745133 1.666118e-08 2883513480 1.666118e-08 
1304331.0 3 4283280385 1.400001e-08 313359544 783121895 1.884872e-08 2683944377 1.884872e-08 
1315567.0 0 2235064901 1.87197e-06 1820499179 
1317045.0 1 179097684 4.5461739999999997e-07 3321237907 
1317371.0 0 1227575429 2.791e-08 3707189490 
1336591.0 0 3534547045 8.356037e-07 1218250404 
1339933.0 0 3534547045 8.356037e-07 1218250404 
1355342.0 2 1676003954 2.03623e-08 528880979 2961226102 1.4e-08 
1366028.0 0 3534547045 8.356037e-07 4188445920 
1366028.0 1 373638573 1.00000002791 4188445920 
1376964.0 2 1465560917 6.1729498e-07 2911053862 301219709 2.244822e-08 
1382595.0 1 2235064901 1.89210479e-06 538453177 
1386169.0 0 2683944377 1.884872e-08 1405660995 
1393965.0 0 1227575429 2.791e-08 1820499179 
1399813.0 0 3933289935 2.791e-08 3823443426 
1401395.0 1 1572835533 9.310079100000001e-07 965372172 
1408220.0 0 810769555 5.582e-08 3537925318 
1410114.0 2 2501379955 1.553857e-08 1950077488 1743198400 1.4e-08 
1412427.0 1 2235064901 1.90716241e-06 1405660995 
1425071.0 1 545239233 5.274928e-07 3687573659 
1428622.0 2 2683944377 1.989944e-08 3537925318 3059144981 1.4e-08 
1428830.0 1 1572835533 9.589179e-07 1227575429 
1432680.0 1 2340740170 7.489415700000001e-07 2501379955 
1433525.0 1 373638573 1.00000001502167 2674988631 
1435577.0 1 2799798816 2.098241e-06 1434594601 
1445247.0 1 2235064901 1.9275243e-06 1676003954 
1458302.0 0 3707189490 2.791e-08 1218250404 
1461578.0 3 333964007 5.7661109999999985e-08 810769555 3952655669 1.618041e-08 2848685905 1.618041e-08 1826422368 1.618041e-08 896813269 1.618041e-08 37051273 1.618041e-08 
1470666.0 1 2856850640 4.353996e-08 4004407106 
1475445.0 1 2235064901 1.9449565e-06 630280293 
1488452.0 0 1465560917 6.17295e-07 3933289935 
1490616.0 0 333964007 5.766112e-08 3952655669 
1502835.0 1 1068020906 0.0009549698100000001 3015378843 
1503391.0 1 1572835533 9.729179e-07 3059144981 
1521144.0 0 2340740170 7.489416e-07 2879167783 
1547484.0 1 2235064901 1.972867e-06 3707189490 
1552064.0 0 1465560917 6.17295e-07 1035492323 
1554142.0 3 1572835533 9.729177400000002e-07 1465560917 1867247157 1.4e-08 3633199892 1.403012e-08 1736323711 1.403012e-08 283080478 1.403012e-08 785216844 1.403012e-08 3006103420 1.403012e-08 2898323513 1.403012e-08 1199222225 1.403012e-08 3755198008 1.403012e-08 2795041644 1.403012e-08 3492274228 1.403012e-08 1420914473 1.403012e-08 439844059 1.403012e-08 3802520055 1.403012e-08 3012889883 1.403012e-08 3363823620 1.403012e-08 1086559163 1.403012e-08 3063534263 1.403012e-08 2013640095 1.403012e-08 1461359102 1.403012e-08 2027098952 1.403012e-08 4167430602 1.403012e-08 4096225443 1.403012e-08 781549661 1.403012e-08 907719639 1.403012e-08 1906851972 1.403012e-08 2597880038 1.403012e-08 1896745001 1.403012e-08 2378434411 1.403012e-08 1837088337 1.403012e-08 1543523724 1.403012e-08 1761715697 1.403012e-08 3099973400 1.403012e-08 2789348510 1.403012e-08 1371202285 1.403012e-08 629078091 1.403012e-08 754560055 1.403012e-08 1737134642 1.403012e-08 37613351 1.403012e-08 3434666020 1.403012e-08 2369258877 1.403012e-08 3563522875 1.403012e-08 249728555 1.403012e-08 4285226245 1.403012e-08 
1554398.0 1 3492274228 2.806024e-08 2795041644 
1554422.0 1 1572835533 9.8694802e-07 2378434411 
1556422.0 0 1572835533 9.86948e-07 283080478 
1556572.0 1 1572835533 1.00097812e-06 3563522875 
1557259.0 1 1572835533 1.01500812e-06 2027098952 
1558354.0 1 1572835533 1.02903812e-06 1736323711 
1560866.0 0 1572835533 1.029038e-06 781549661 
1572681.0 1 1572835533 1.04306812e-06 439844059 
1575569.0 1 1572835533 1.05709812e-06 1896745001 
1578400.0 1 2340740170 7.6297172e-07 249728555 
1578988.0 0 2250879299 2.791e-08 4069401935 
1579661.0 1 2799798816 2.1122711200000004e-06 4285226245 
1579748.0 0 907719639 1.403012e-08 3802520055 
1583123.0 1 2235064901 1.9871288299999998e-06 1078741991 
1592097.0 1 1906851972 2.806024e-08 3063534263 
1598062.0 1 1572835533 1.071099e-06 1867247157 
1599834.0 0 785216844 1.403012e-08 283080478 
1600005.0 1 373638573 1.0000000183008 2533881277 
1601975.0 1 1572835533 1.08512912e-06 3633199892 
1605108.0 0 2340740170 7.629717e-07 1458665800 
1606303.0 0 1037584679 7.100495e-08 1461359102 
1608971.0 0 2789348510 1.403012e-08 1461359102 
1609884.0 3 2799798816 2.112271e-06 426576124 2707460946 1.4e-08 2606325002 1.449e-08 1541925803 1.449e-08 2024675612 1.449e-08 1292023300 1.449e-08 3302973195 1.449e-08 875106938 1.449e-08 3314075649 1.449e-08 2589646060 1.449e-08 3433591204 1.449e-08 1848242772 1.449e-08 250719570 1.449e-08 2681498831 1.449e-08 481808867 1.449e-08 2066612683 1.449e-08 3458484829 1.449e-08 2719204682 1.449e-08 4256642775 1.449e-08 2449448537 1.449e-08 463844675 1.449e-08 3167902617 1.449e-08 579073438 1.449e-08 3468130899 1.449e-08 393090083 1.449e-08 2343849308 1.449e-08 1055469694 1.449e-08 627452446 1.449e-08 
1611287.0 1 579073438 2.898e-08 3302973195 
1615403.0 1 2799798816 2.12630112e-06 785216844 
1615805.0 0 1572835533 1.085129e-06 2789348510 
1631876.0 0 2340740170 7.629717e-07 2013640095 
1636492.0 2 2340740170 7.629717e-07 3492274228 2014426858 1.4e-08 2716949832 1.406023e-08 
1638907.0 1 2340740170 7.7700182e-07 3802520055 
1642586.0 3 2340740170 7.7700179e-07 1037584679 552634658 1.4e-08 3736523900 1.425124e-08 2213923665 1.425124e-08 1503202005 1.425124e-08 3202152185 1.425124e-08 
1646182.0 0 3202152185 1.425124e-08 1503202005 
1651373.0 1 2340740170 7.910018e-07 552634658 
1654287.0 1 3534547045 8.7554353e-07 3888264012 
1659951.0 0 3012889883 1.403012e-08 283080478 
1661976.0 3 3475245566 1.4e-08 2919643181 2622395779 2.091e-08 3607413901 2.091e-08 
1668040.0 0 2799798816 2.126301e-06 2789348510 
1668924.0 1 1572835533 1.1131892299999999e-06 1906851972 
1674673.0 0 406745133 1.666118e-08 875106938 
1676291.0 0 3434666020 1.403012e-08 2455922112 
1679166.0 3 3468130899 1.449e-08 4122240121 649593533 1.4e-08 
1680247.0 1 1572835533 1.12834106e-06 3696843781 
1681366.0 0 3099973400 1.403012e-08 907719639 
1686434.0 3 179097684 4.0945253e-07 3704423751 66987975 1.442641e-08 483021244 1.442641e-08 3707800333 1.442641e-08 3528190190 1.442641e-08 2185291493 1.442641e-08 550176535 1.442641e-08 1674415855 1.442641e-08 
1686441.0 1 179097684 4.2387901e-07 66987975 
1686461.0 1 179097684 4.3830541e-07 483021244 
1686477.0 2 1035492323 2.7940120000000003e-08 1371202285 4287239676 1.4e-08 
1686783.0 0 179097684 4.383054e-07 3528190190 
1687247.0 0 179097684 4.383054e-07 1674415855 
1687274.0 1 179097684 4.5273181e-07 1674415855 
1687698.0 1 179097684 4.6715821000000003e-07 3707800333 
1688572.0 0 2710766136 2.791e-08 3099973400 
1689813.0 1 3468130899 2.849e-08 649593533 
1694251.0 1 2340740170 8.054918e-07 3167902617 
1694425.0 0 179097684 4.671582e-07 2185291493 
1695349.0 0 1543523724 1.403012e-08 1218250404 
1695675.0 1 179097684 4.815846099999999e-07 2185291493 
1695914.0 2 2799798816 2.41618905e-06 4031050948 3884987045 1.458839e-08 1960974751 1.458839e-08 309459595 1.458839e-08 2348040613 1.458839e-08 3180086772 1.458839e-08 
1697969.0 1 179097684 4.9601101e-07 550176535 
1703975.0 1 373638573 1.00000001449 2343849308 
1707846.0 0 3884425642 1.562996e-08 1055469694 
1712609.0 0 659524895 2.791e-08 1848242772 
1716760.0 2 3755198008 1.4060240000000002e-08 2898323513 3833074883 1.4e-08 
1719398.0 1 373638573 1.00000001449 1541925803 
1721785.0 2 2589646060 1.4716979999999999e-08 3929228125 1462644303 1.4e-08 
1725245.0 0 2235064901 1.987129e-06 2710766136 
1740369.0 0 2213923665 1.425124e-08 1199222225 
1746608.0 2 2799798816 2.4161891800000004e-06 1572835533 4088625113 1.4e-08 1237914369 1.410558e-08 2733144751 1.410558e-08 1649557018 1.410558e-08 1831065885 1.410558e-08 79461789 1.410558e-08 1621314342 1.410558e-08 2016090987 1.410558e-08 1553963666 1.410558e-08 1002680420 1.410558e-08 734120091 1.410558e-08 2475979558 1.410558e-08 2649056468 1.410558e-08 3381587904 1.410558e-08 175860597 1.410558e-08 1089013536 1.410558e-08 552498239 1.410558e-08 481049431 1.410558e-08 2950407739 1.410558e-08 72955594 1.410558e-08 1771264541 1.410558e-08 2353028958 1.410558e-08 2980075456 1.410558e-08 3449694611 1.410558e-08 1194638860 1.410558e-08 114837353 1.410558e-08 2341758500 1.410558e-08 651046398 1.410558e-08 2780384598 1.410558e-08 1061526795 1.410558e-08 3342541004 1.410558e-08 1577969976 1.410558e-08 695939830 1.410558e-08 229435916 1.410558e-08 1850435983 1.410558e-08 19131048 1.410558e-08 2426951832 1.410558e-08 3089865955 1.410558e-08 3526559023 1.410558e-08 73116178 1.410558e-08 2654473721 1.410558e-08 2564127097 1.410558e-08 3554620561 1.410558e-08 2789301560 1.410558e-08 3201932102 1.410558e-08 3527214469 1.410558e-08 224410298 1.410558e-08 3967778277 1.410558e-08 1759850032 1.410558e-08 2704180049 1.410558e-08 287394855 1.410558e-08 2670951229 1.410558e-08 2367820772 1.410558e-08 771359632 1.410558e-08 4186562710 1.410558e-08 3211480542 1.410558e-08 346987663 1.410558e-08 1922039940 1.410558e-08 2110688926 1.410558e-08 1314810707 1.410558e-08 2472898255 1.410558e-08 3459912306 1.410558e-08 1598213090 1.410558e-08 1495382923 1.410558e-08 722767024 1.410558e-08 515125813 1.410558e-08 1298902656 1.410558e-08 3532628785 1.410558e-08 826924968 1.410558e-08 3190311976 1.410558e-08 841878026 1.410558e-08 2747938267 1.410558e-08 3177521820 1.410558e-08 3363025910 1.410558e-08 1290268226 1.410558e-08 764400056 1.410558e-08 1517815290 1.410558e-08 66064165 1.410558e-08 2766526296 1.410558e-08 2454553876 1.410558e-08 
1746608.0 1 2733144751 2.821116e-08 1237914369 
1746608.0 1 2454553876 2.821116e-08 2766526296 
1746658.0 1 2799798816 2.43029458e-06 2649056468 
1746672.0 1 2799798816 2.44440058e-06 1089013536 
1746672.0 1 2799798816 2.4585055799999998e-06 1194638860 
1746675.0 1 2799798816 2.47261158e-06 2016090987 
1746882.0 1 2799798816 2.48671758e-06 3089865955 
1746902.0 1 2704180049 2.821116e-08 3967778277 
1746967.0 0 1761715697 1.403012e-08 2013640095 
1747007.0 2 375852842 1.525764e-08 2353028958 1923515514 1.4e-08 
1747058.0 1 2799798816 2.51492816e-06 2454553876 
1747195.0 1 545239233 5.554028e-07 1986278615 
1747558.0 0 2799798816 2.514928e-06 73116178 
1747778.0 0 3554620561 1.410558e-08 1837088337 
1748027.0 1 1314810707 2.821116e-08 346987663 
1748127.0 0 2799798816 2.514928e-06 2747938267 
1748136.0 0 2799798816 2.514928e-06 2564127097 
1749002.0 1 2799798816 2.52903358e-06 1298902656 
1749036.0 0 37051273 1.618041e-08 1002680420 
1749272.0 0 4256642775 1.449e-08 3363025910 
1749389.0 1 2799798816 2.54313958e-06 2980075456 
1749791.0 0 2799798816 2.543139e-06 2426951832 
1750008.0 1 2799798816 2.5572445799999998e-06 1759850032 
1750419.0 1 2799798816 2.57135058e-06 2670951229 
1750569.0 1 2799798816 2.58545658e-06 481049431 
1751063.0 1 2799798816 2.59956158e-06 841878026 
1753116.0 0 3736523900 1.425124e-08 2455922112 
1754633.0 1 545239233 5.6950838e-07 3363025910 
1754969.0 3 1035492323 1.4e-08 1922039940 3339828518 1.402285e-08 105819081 1.402285e-08 
1755690.0 0 2704180049 2.821116e-08 734120091 
1756428.0 0 1290268226 1.410558e-08 3475245566 
1759357.0 1 2799798816 2.61359212e-06 754560055 
1761431.0 1 373638573 1.00000001449 627452446 
1761780.0 1 2799798816 2.62769758e-06 229435916 
1762474.0 1 2799798816 2.64180258e-06 1517815290 
1764951.0 0 545239233 5.695084e-07 3815024321 
1767433.0 1 2799798816 2.65590858e-06 1495382923 
1771245.0 0 1960974751 1.458839e-08 1035492323 
1771873.0 0 2348040613 1.458839e-08 3177521820 
1772054.0 0 175860597 1.410558e-08 907719639 
1772205.0 1 2235064901 2.0011290000000004e-06 2707460946 
1772469.0 1 2799798816 2.67001458e-06 224410298 
1773152.0 1 2799798816 2.6841195799999997e-06 3527214469 
1773466.0 1 2799798816 2.69822558e-06 19131048 
1774130.0 2 2622395779 2.099592e-08 1820499179 533433650 1.4e-08 
1779586.0 1 2799798816 2.71233058e-06 4186562710 
1782565.0 0 2606325002 1.449e-08 3449694611 
1785035.0 1 2799798816 2.740241e-06 659524895 
1787382.0 1 2799798816 2.75434658e-06 515125813 
1787527.0 1 2235064901 2.01523458e-06 1850435983 
1791958.0 0 2340740170 8.054918e-07 3375523036 
1794938.0 3 2710766136 1.4e-08 2564127097 1601889739 1.400779e-08 381652938 1.400779e-08 
1798968.0 0 764400056 1.410558e-08 1553963666 
1799118.0 3 1292023300 1.449e-08 1035492323 96665495 1.4e-08 
1799493.0 1 545239233 5.8353852e-07 1737134642 
1801228.0 2 1292023300 1.452012e-08 37613351 1342185090 1.4e-08 
1804024.0 1 2799798816 2.7684525799999998e-06 2110688926 
1807060.0 3 3037779432 1.4e-08 3953846011 149784911 2.091e-08 85224627 2.091e-08 
1807204.0 0 3534547045 8.755435e-07 2961226102 
1810356.0 1 2235064901 2.029234e-06 1342185090 
1813824.0 0 114837353 1.410558e-08 734120091 
1813849.0 0 545239233 5.835385e-07 2622395779 
1815761.0 0 3755198008 1.406023e-08 1199222225 
1817163.0 3 1533953788 2.5675149999999998e-08 2681498831 1965662198 1.672485e-08 
1818712.0 1 2340740170 8.194918e-07 2961226102 
1819119.0 1 2799798816 2.78245979e-06 381652938 
1823956.0 0 4256642775 1.449e-08 2747938267 
1827220.0 2 1290268226 1.41357e-08 1461359102 110439229 1.4e-08 
1827306.0 3 2704180049 2.607674e-08 1649557018 1449522982 1.624e-08 
1828782.0 3 3012070026 1.4e-08 2472898255 3279439195 1.400779e-08 360107933 1.400779e-08 
1830683.0 2 2683944377 1.9979620000000002e-08 4187488967 1657444763 1.4e-08 
1830953.0 3 2716949832 1.406023e-08 1218250404 58759274 1.4e-08 
1831552.0 0 3534547045 8.755435e-07 37051273 
1838444.0 0 3211480542 1.410558e-08 1923515514 
1842021.0 1 2799798816 2.79912118e-06 406745133 
1842867.0 0 2340740170 8.194918e-07 2589646060 
1842934.0 2 3459912306 1.4211159999999999e-08 1621314342 2135013218 1.4e-08 
1844149.0 0 2683944377 1.997962e-08 1657444763 
1851547.0 1 2235064901 2.0432340000000003e-06 96665495 
1852560.0 2 3459912306 1.431674e-08 3201932102 470332523 1.4e-08 
1852981.0 0 2799798816 2.799121e-06 2426951832 
1856992.0 2 552498239 1.41357e-08 3434666020 3217169414 1.4e-08 
1857144.0 2 3532628785 1.41357e-08 3363823620 3030801476 1.4e-08 
1857567.0 1 2235064901 2.0572568499999997e-06 105819081 
1858518.0 1 2519559028 4.6056e-07 58759274 
1860499.0 1 2340740170 8.3359738e-07 734120091 
1861438.0 3 2950407739 1.410558e-08 3030801476 2208266878 1.4e-08 
1866629.0 0 375852842 1.525764e-08 1869365069 
1868374.0 0 179097684 4.96011e-07 3528190190 
1871587.0 0 2799798816 2.799121e-06 3562383954 
1871746.0 1 373638573 1.00000001449 3314075649 
1871867.0 1 373638573 1.00000001449 393090083 
1875499.0 1 373638573 1.00000001449 250719570 
1875937.0 2 114837353 1.4211159999999999e-08 2475979558 3715668764 1.4e-08 
1876632.0 1 3534547045 8.8964908e-07 287394855 
1877033.0 3 2716949832 1.406023e-08 3294683754 3418547556 1.4e-08 
1877035.0 2 3933289935 2.797023e-08 3755198008 355298688 1.4e-08 
1877036.0 0 3933289935 2.797023e-08 355298688 
1878288.0 1 545239233 5.9764408e-07 79461789 
1879745.0 1 3534547045 9.041391e-07 481808867 
1880939.0 1 2235064901 2.0712570000000003e-06 355298688 
1883703.0 1 2340740170 8.475974e-07 110439229 
1885634.0 2 2799798816 2.79912108e-06 545239233 4193709834 1.4e-08 584993009 1.423522e-08 1499007652 1.423522e-08 755060644 1.423522e-08 3270476896 1.423522e-08 3934203265 1.423522e-08 1292024166 1.423522e-08 1323984060 1.423522e-08 4197927596 1.423522e-08 1414892502 1.423522e-08 4201342597 1.423522e-08 2391696826 1.423522e-08 4138371369 1.423522e-08 3590332688 1.423522e-08 1745749016 1.423522e-08 2711965517 1.423522e-08 2933223072 1.423522e-08 1987038079 1.423522e-08 3797386594 1.423522e-08 1280619132 1.423522e-08 4105879141 1.423522e-08 3088551619 1.423522e-08 3443287411 1.423522e-08 3981989558 1.423522e-08 1165174376 1.423522e-08 3467386575 1.423522e-08 4263904522 1.423522e-08 4267941538 1.423522e-08 3372193553 1.423522e-08 3681452412 1.423522e-08 2604064924 1.423522e-08 3458662533 1.423522e-08 762210064 1.423522e-08 570164134 1.423522e-08 2418772576 1.423522e-08 2105330617 1.423522e-08 964813250 1.423522e-08 2039170765 1.423522e-08 4278040469 1.423522e-08 241690685 1.423522e-08 1703904600 1.423522e-08 3814978291 1.423522e-08 
1885687.0 1 2799798816 2.81335622e-06 3443287411 
1888568.0 0 2799798816 2.813356e-06 1414892502 
1888583.0 1 2799798816 2.82759122e-06 1987038079 
1889413.0 1 2799798816 2.84182722e-06 570164134 
1889451.0 3 579073438 1.4000010000000003e-08 1826422368 118566979 1.55802e-08 894269343 1.55802e-08 
1890034.0 0 2933223072 1.423522e-08 584993009 
1890122.0 0 1314810707 2.821116e-08 2013640095 
1890942.0 1 2799798816 2.8560622200000002e-06 3590332688 
1891582.0 3 3933289935 1.4000010000000001e-08 1837088337 932943525 1.400017e-08 250347941 1.400017e-08 
1893274.0 0 2799798816 2.856062e-06 1414892502 
1894204.0 1 2799798816 2.87029722e-06 4201342597 
1894497.0 1 2799798816 2.884297e-06 4193709834 
1896064.0 0 2799798816 2.884297e-06 3952655669 
1898351.0 0 2799798816 2.884297e-06 3270476896 
1898738.0 1 2799798816 2.8985322200000003e-06 1499007652 
1900067.0 1 2799798816 2.91276722e-06 1414892502 
1902199.0 1 3534547045 9.1872749e-07 3884987045 
1903686.0 0 2716949832 1.406023e-08 3339828518 
1905125.0 0 1703904600 1.423522e-08 1420914473 
1905842.0 0 2883513480 1.666118e-08 579073438 
1907185.0 0 3607413901 2.091e-08 3012070026 
1910565.0 3 2719204682 1.449e-08 4283280385 2292589682 1.4e-08 
1911973.0 1 2799798816 2.927258e-06 463844675 
1912711.0 1 2340740170 8.617029800000001e-07 695939830 
1914263.0 0 4105879141 1.423522e-08 3933289935 
1915194.0 0 2235064901 2.071257e-06 1703904600 
1916341.0 2 2799798816 2.92725804e-06 2519559028 3971437066 1.4e-08 2810179169 1.440516e-08 1803012522 1.440516e-08 3940915008 1.440516e-08 3593659676 1.440516e-08 2744143284 1.440516e-08 2002691604 1.440516e-08 3223248356 1.440516e-08 101557930 1.440516e-08 678688578 1.440516e-08 2222966094 1.440516e-08 1301910447 1.440516e-08 2919535035 1.440516e-08 2855048822 1.440516e-08 682911345 1.440516e-08 238807518 1.440516e-08 1840937626 1.440516e-08 1734007597 1.440516e-08 4088691616 1.440516e-08 2087527840 1.440516e-08 2065940037 1.440516e-08 2751602400 1.440516e-08 552380491 1.440516e-08 253656606 1.440516e-08 1254429415 1.440516e-08 481400394 1.440516e-08 2584856907 1.440516e-08 3284371529 1.440516e-08 871205577 1.440516e-08 2655011401 1.440516e-08 4156410056 1.440516e-08 249938527 1.440516e-08 
1916834.0 2 241690685 1.43408e-08 651046398 843598278 1.4e-08 
1920457.0 1 373638573 1.00000001410558 1577969976 
1920784.0 0 238807518 1.440516e-08 2105330617 
1921156.0 1 2799798816 2.94166316e-06 2087527840 
1921678.0 0 2655011401 1.440516e-08 552380491 
1921750.0 2 2789301560 1.41357e-08 2013640095 2197427154 1.4e-08 
1921838.0 1 373638573 1.00000001410558 2367820772 
1922828.0 1 2789301560 2.8135699999999998e-08 2197427154 
1923457.0 0 2799798816 2.941663e-06 2950407739 
1925122.0 1 2799798816 2.9558982200000003e-06 4267941538 
1925928.0 0 1280619132 1.423522e-08 3934203265 
1926093.0 1 2799798816 2.97013322e-06 4138371369 
1926397.0 1 2235064901 2.08525717e-06 250347941 
1926484.0 1 2799798816 2.98453816e-06 101557930 
1926787.0 1 2235064901 2.0992570000000003e-06 3279231079 
1927772.0 1 2065940037 2.864038e-08 3088551619 
1928297.0 2 2622395779 2.3235919999999998e-08 1449522982 3690557900 1.4e-08 
1929880.0 1 2799798816 2.99894316e-06 1803012522 
1930383.0 1 2799798816 3.01334916e-06 2751602400 
1932057.0 0 2919535035 1.440516e-08 678688578 
1932771.0 1 2799798816 3.02745458e-06 1831065885 
1936080.0 1 2799798816 3.04168922e-06 1745749016 
1937145.0 1 2799798816 3.0559252200000003e-06 2711965517 
1937896.0 0 3433591204 1.449e-08 629078091 
1938112.0 1 2799798816 3.0701519799999997e-06 2489195127 
1938116.0 2 2879167783 1.5320650000000003e-08 3532628785 3824375258 1.4e-08 
1940028.0 3 722767024 1.410558e-08 2710766136 769315986 1.4e-08 
1942469.0 3 333964007 1.4000010000000003e-08 932943525 1856937876 1.441532e-08 354497373 1.441532e-08 1230311851 1.441532e-08 3825172902 1.441532e-08 
1944712.0 0 1502094437 5.732389e-08 470332523 
1946176.0 1 2340740170 8.7593822e-07 3681452412 
1948217.0 0 678688578 1.440516e-08 3971437066 
1948302.0 0 2799798816 3.070152e-06 3526559023 
1949199.0 0 3177521820 1.410558e-08 1601889739 
1949583.0 3 2250879299 2.599983e-08 3459912306 110318614 1.622692e-08 
1950269.0 0 3190311976 1.410558e-08 283080478 
1951442.0 0 179097684 4.96011e-07 3528190190 
1952185.0 0 2799798816 3.070152e-06 678688578 
1952404.0 0 2799798816 3.070152e-06 3467386575 
1952625.0 0 2799798816 3.070152e-06 2655011401 
1953695.0 3 2622395779 2.323592e-08 843598278 176241382 1.4e-08 
1956582.0 1 2799798816 3.08438722e-06 3981989558 
1957701.0 1 2879167783 2.9350770000000002e-08 907719639 
1957724.0 1 2799798816 3.09862222e-06 2039170765 
1959931.0 1 2235064901 2.113257e-06 176241382 
1962551.0 3 1502094437 5.636467e-08 1734007597 1063934737 1.536438e-08 
1966164.0 2 783121895 1.89543e-08 2654473721 2445084109 1.4e-08 
1966420.0 0 3534547045 9.187275e-07 533433650 
1967349.0 0 2235064901 2.113257e-06 3418547556 
1968843.0 0 481400394 1.440516e-08 4088691616 
1969931.0 1 2799798816 3.11285722e-06 3270476896 
1970577.0 2 1840937626 1.474596e-08 241690685 1871304206 1.4e-08 
1970652.0 0 2799798816 3.112857e-06 73116178 
1973324.0 1 2235064901 2.13649292e-06 2622395779 
1973525.0 0 149784911 2.091e-08 4278040469 
1973704.0 0 2340740170 8.759382e-07 755060644 
1978399.0 2 375852842 1.536322e-08 826924968 4185666246 1.4e-08 
1979192.0 1 179097684 5.1043741e-07 3528190190 
1979445.0 3 2135013218 1.4e-08 3012070026 1905833305 1.4e-08 
1979587.0 1 1905833305 2.8e-08 2135013218 
1982343.0 1 2799798816 3.12727232e-06 354497373 
1984367.0 3 4105879141 1.423522e-08 1871304206 3879652638 1.4e-08 
1986082.0 0 2799798816 3.127273e-06 552498239 
1987933.0 1 2235064901 2.150493e-06 3690557900 
1991249.0 3 3797386594 1.423522e-08 1923515514 1924091726 1.4e-08 
1992279.0 0 3534547045 9.187275e-07 2791633391 
1992768.0 1 2340740170 8.9017342e-07 1292024166 
1992823.0 1 2235064901 2.16472822e-06 3372193553 
1996442.0 2 1960974751 1.482361e-08 755060644 1629863604 1.4e-08 
1998794.0 1 2340740170 9.0427908e-07 1771264541 
1998985.0 0 2799798816 3.127273e-06 3006103420 
1999103.0 0 1905833305 2.8e-08 1199222225 
2003031.0 0 85224627 2.091e-08 2312786130 
2004868.0 2 2222966094 1.4640380000000001e-08 762210064 698682927 1.4e-08 
2005872.0 1 2799798816 3.141273e-06 1657444763 
2009739.0 0 2235064901 2.164728e-06 1199222225 
2012613.0 2 1292023300 1.46257e-08 1553963666 855708858 1.4e-08 
2012639.0 2 375852842 1.585322e-08 2066612683 3076001680 1.4e-08 
2013049.0 0 2733144751 2.821116e-08 1292023300 
2016206.0 3 4156410056 1.440516e-08 2292589682 1493833725 1.4e-08 
2017821.0 1 2235064901 2.1787280000000003e-06 3217169414 
2017837.0 2 3223248356 1.451074e-08 2950407739 1450024594 1.4e-08 
2017954.0 2 2791633391 1.75682e-08 552498239 1797275806 1.4e-08 
2019201.0 0 2235064901 2.178728e-06 3197676583 
2019635.0 1 2799798816 3.15567816e-06 2744143284 
2021293.0 2 481400394 1.4810320000000001e-08 2855048822 3378187523 1.4e-08 
2021753.0 1 3534547045 9.327275e-07 3933289935 
2022543.0 0 2683944377 1.997962e-08 2024675612 
2023559.0 2 896813269 1.6304720000000003e-08 1428265047 564959126 1.4e-08 
2023892.0 0 179097684 5.104374e-07 3197676583 
2025116.0 1 2235064901 2.19275812e-06 3006103420 
2029308.0 1 2235064901 2.206759e-06 4185666246 
2031131.0 3 1199222225 1.403012e-08 3815024321 3356410364 1.4e-08 
2034146.0 1 3534547045 9.6093866e-07 2733144751 
2035119.0 3 678688578 1.440516e-08 564959126 2620273024 1.4e-08 
2036170.0 1 2799798816 3.169678e-06 769315986 
2039648.0 0 134948105 1.534682e-08 552380491 
2040610.0 0 4263904522 1.423522e-08 1462644303 
2041372.0 2 134948105 1.558204e-08 4197927596 4177016268 1.4e-08 
2044276.0 2 2810179169 1.451074e-08 3190311976 2480753293 1.4e-08 
2051043.0 2 871205577 1.4435280000000001e-08 1086559163 3251328182 1.4e-08 
2054535.0 1 373638573 1.000000014 3475245566 
2058737.0 1 2799798816 3.1978137000000003e-06 2789301560 
2058949.0 3 2606325002 1.449e-08 698682927 3584287056 1.4e-08 
2059809.0 3 1703904600 1.423522e-08 3076001680 1661868134 1.4e-08 
2060706.0 0 4069401935 1.546707e-08 552380491 
2062565.0 1 2799798816 3.22381383e-06 2250879299 
2063545.0 0 2235064901 2.206759e-06 1598213090 
2066539.0 1 2235064901 2.22117432e-06 3825172902 
2068095.0 0 3202152185 1.425124e-08 3012889883 
2068733.0 0 3534547045 9.609387e-07 1199222225 
2070953.0 1 2799798816 3.23791858e-06 2747938267 
2071425.0 0 2799798816 3.237919e-06 1924091726 
2072270.0 2 1703904600 1.435953e-08 1869365069 3822766993 1.4e-08 
2074144.0 2 1960974751 1.5228770000000003e-08 682911345 3730019172 1.4e-08 
2078187.0 0 2799798816 3.237919e-06 2584856907 
2081224.0 0 2065940037 2.864038e-08 1533953788 
2084534.0 1 3534547045 9.750442799999999e-07 3526559023 
2084646.0 0 2799798816 3.237919e-06 3012889883 
2086716.0 2 1703904600 1.4389650000000001e-08 4096225443 2217687738 1.4e-08 
2092744.0 1 2235064901 2.23527958e-06 1002680420 
2093746.0 0 3554620561 1.410558e-08 470332523 
2093748.0 3 1905833305 1.4000000000000001e-08 3814978291 2328187860 1.411761e-08 3408999490 1.411761e-08 
2094326.0 3 2328187860 1.411761e-08 3822766993 3438744891 1.4e-08 
2098767.0 1 179097684 5.244675199999999e-07 2369258877 
2099639.0 0 1280619132 1.423522e-08 2217687738 
2099657.0 0 410848061 1.74325e-08 3202152185 
2099659.0 1 373638573 1.00000004353996 2856850640 
2099852.0 3 3332562587 1.567125e-08 3833074883 1501621654 1.4e-08 
2101009.0 0 3534547045 9.750443e-07 2445084109 
2103100.0 3 3730019172 1.4e-08 2455922112 2695808785 1.4e-08 
2110247.0 1 2799798816 3.2568733099999996e-06 783121895 
2113653.0 0 2065940037 2.864038e-08 2348040613 
2116002.0 3 2879167783 1.4000000000000003e-08 3952655669 399492375 1.576559e-08 213831427 1.576559e-08 
2116374.0 3 1061526795 1.410558e-08 4088625113 2714424842 1.4e-08 
2117101.0 1 373638573 1.00000002791 3519923770 
2120832.0 1 2235064901 2.24938458e-06 764400056 
2127014.0 2 213831427 1.617075e-08 3284371529 2282291379 1.4e-08 
2128940.0 1 2799798816 3.270873e-06 3971437066 
2130337.0 0 3534547045 9.750443e-07 1420914473 
2131439.0 2 3180086772 1.4618510000000001e-08 283080478 2654714783 1.4e-08 
2132198.0 3 3401497744 1.534682e-08 333964007 2993076447 1.4e-08 
2139375.0 2 114837353 1.4241280000000002e-08 1543523724 2171266278 1.4e-08 
2144415.0 3 149784911 2.091e-08 1905833305 771038762 1.4e-08 
2145464.0 2 301219709 2.4628630000000003e-08 2848685905 2768208421 1.4e-08 
2154990.0 2 375852842 1.5861010000000002e-08 360107933 3297235373 1.4e-08 
2155197.0 0 2719204682 1.449e-08 470332523 
2155633.0 1 2340740170 9.217115e-07 410848061 
2155943.0 1 2235064901 2.2780253799999998e-06 2065940037 
2157943.0 1 2235064901 2.29226022e-06 964813250 
2160511.0 0 3534547045 9.750443e-07 1797275806 
2161096.0 2 309459595 1.4618510000000001e-08 2597880038 776688125 1.4e-08 
2164948.0 3 2654714783 1.4e-08 1743198400 3663377129 1.4e-08 
2165017.0 1 3534547045 1.0029543e-06 3197676583 
2165150.0 0 2222966094 1.464038e-08 72955594 
2165719.0 3 1593891639 1.4000000000000001e-08 1280619132 898071713 1.407261e-08 220748477 1.407261e-08 
2167193.0 0 2235064901 2.292261e-06 3251328182 
2173049.0 0 2799798816 3.270873e-06 3797386594 
2174247.0 2 3408999490 1.414773e-08 1761715697 2470646831 1.4e-08 
2178319.0 1 2235064901 2.30649622e-06 2391696826 
2179330.0 1 2235064901 2.3207472400000003e-06 3202152185 
2181974.0 0 688805295 2.791e-08 3378187523 
2182613.0 3 3297235373 1.4e-08 2282291379 1965972368 1.4e-08 
2184145.0 0 1063934737 1.536438e-08 3663377129 
2187946.0 0 2810179169 1.451074e-08 2919535035 
2191125.0 1 3534547045 1.016954e-06 3356410364 
2192157.0 0 2235064901 2.320747e-06 1156624510 
2194026.0 3 2780384598 1.410558e-08 1493833725 1426981231 1.4e-08 
2197197.0 3 2791633391 1.75682e-08 2445084109 1535034065 1.4e-08 
2197413.0 1 2799798816 3.2848730000000004e-06 3824375258 
2197765.0 0 66064165 1.410558e-08 1661868134 
2198500.0 3 1856937876 1.441532e-08 4287239676 1483909303 1.4e-08 
2200081.0 0 2799798816 3.284873e-06 678688578 
2202911.0 1 2799798816 3.29927816e-06 678688578 
2205017.0 2 1965662198 1.734336e-08 3180086772 846691466 1.4e-08 
2206455.0 2 2213923665 1.435682e-08 1061526795 3623563876 1.4e-08 
2209213.0 3 894269343 1.55802e-08 3730019172 3872525629 1.4e-08 
2215308.0 1 2235064901 2.34682374e-06 2704180049 
2220042.0 3 3584287056 1.4e-08 1450024594 3827929005 1.4e-08 
2221515.0 1 2235064901 2.36118082e-06 2213923665 
2223064.0 0 2780384598 1.410558e-08 2879167783 
2223463.0 0 1856937876 1.441532e-08 2620273024 
2229390.0 1 2799798816 3.31368316e-06 4156410056 
2230255.0 3 1239307652 2.091e-08 3378187523 63319263 1.4e-08 
2233363.0 1 2521380987 2.4927720000000003e-07 2449448537 
2236812.0 1 2799798816 3.32808916e-06 249938527 
2237647.0 0 3623563876 1.4e-08 3418547556 
2240843.0 0 1156624510 2.791e-08 1462644303 
2247228.0 0 3593659676 1.440516e-08 2105330617 
2248331.0 0 2683944377 1.997962e-08 66064165 
2253373.0 1 2235064901 2.37685225e-06 3332562587 
2254365.0 1 2340740170 9.3611666e-07 2002691604 
2255156.0 0 3534547045 1.016954e-06 2879167783 
2258193.0 0 73116178 1.410558e-08 1501621654 
2258481.0 0 1502094437 5.636467e-08 1856937876 
2260753.0 3 1629863604 1.4e-08 2879167783 3607398139 1.4e-08 
2261180.0 1 3607398139 2.8e-08 1629863604 
2264549.0 0 114837353 1.424128e-08 3408999490 
2265840.0 2 3381587904 1.41357e-08 3012889883 2574253871 1.4e-08 
2266131.0 0 3940915008 1.440516e-08 3381587904 
2266745.0 0 1533953788 2.567515e-08 776688125 
2268156.0 1 2235064901 2.3908520000000002e-06 1483909303 
2268180.0 1 373638573 1.00000001422698 1913762779 
2269242.0 0 3428193420 2.791e-08 3497999925 
2275519.0 2 2883513480 1.706634e-08 2584856907 3830801972 1.4e-08 
2276122.0 2 1230311851 1.448793e-08 898071713 3673394291 1.4e-08 
2283031.0 1 179097684 5.420357e-07 2791633391 
2283414.0 0 4278040469 1.423522e-08 1290268226 
2285691.0 0 3223248356 1.451074e-08 253656606 
2288727.0 0 2799798816 3.328089e-06 3879652638 
2289853.0 0 213831427 1.617075e-08 253656606 
2289906.0 0 3534547045 1.016954e-06 2719204682 
2290379.0 1 373638573 1.00000001449 875106938 
2291662.0 0 179097684 5.420357e-07 1420914473 
2292398.0 1 896813269 3.030471e-08 2654714783 
2294153.0 1 2799798816 3.3424941599999998e-06 2655011401 
2294226.0 0 3534547045 1.016954e-06 2716949832 
2295405.0 0 3534547045 1.016954e-06 2719204682 
2295598.0 1 2799798816 3.3564940000000002e-06 3879652638 
2295787.0 3 1165174376 1.423522e-08 846691466 2748669076 1.4e-08 
2298870.0 1 2799798816 3.3723550099999997e-06 375852842 
2299876.0 1 2235064901 2.4052571599999997e-06 1254429415 
2307018.0 0 2235064901 2.405257e-06 3251328182 
2308174.0 1 3534547045 1.03101423e-06 2716949832 
2308466.0 3 3607398139 1.3999989999999998e-08 1230311851 1220275327 1.424397e-08 4188119649 1.424397e-08 
2309609.0 3 688805295 1.4000000000000001e-08 1165174376 1275089537 1.407261e-08 3700209637 1.407261e-08 
2317373.0 2 66064165 1.4211159999999999e-08 73116178 3320450569 1.4e-08 
2317860.0 1 2799798816 3.386355e-06 4177016268 
2332115.0 0 3458662533 1.423522e-08 3339828518 
2334977.0 0 2799798816 3.386355e-06 2105330617 
2336476.0 0 301219709 2.462863e-08 2695808785 
2339889.0 1 3534547045 1.045014e-06 2714424842 
2342529.0 1 2799798816 3.40086574e-06 2810179169 
2343634.0 0 2235064901 2.405257e-06 66064165 
2344617.0 1 3534547045 1.06048107e-06 4069401935 
2345249.0 0 2235064901 2.405257e-06 1703904600 
2346939.0 3 1965972368 1.4e-08 470332523 4148810631 1.4e-08 
2348811.0 3 114837353 1.424128e-08 4148810631 1268185054 1.4e-08 
2349660.0 3 1323984060 1.423522e-08 2620273024 2900628886 1.4e-08 
2352622.0 2 3467386575 1.4370920000000001e-08 3381587904 3866772787 1.4e-08 
2354031.0 3 1502094437 5.258753e-08 4188119649 2056593038 1.802111e-08 
2354124.0 1 2235064901 2.419257e-06 3320450569 
2354486.0 3 451270221 1.562996e-08 1661868134 1140472632 1.4e-08 
2355813.0 0 1426981231 1.4e-08 2480753293 
2356658.0 0 2799798816 3.400866e-06 3797386594 
2358721.0 2 118566979 1.598536e-08 253656606 2774448923 1.4e-08 
2359145.0 1 2799798816 3.41510122e-06 3797386594 
2363807.0 1 2235064901 2.4336466500000003e-06 1703904600 
2368911.0 1 2799798816 3.429101e-06 3297235373 
2370004.0 1 3534547045 1.0745875799999999e-06 175860597 
2370082.0 1 2235064901 2.4476771200000003e-06 4167430602 
2372151.0 0 781549661 1.403012e-08 3339828518 
2375113.0 0 179097684 5.420357e-07 1797275806 
2381677.0 3 220748477 1.407261e-08 1501621654 975973597 1.4e-08 
2386065.0 0 1268185054 1.4e-08 3872525629 
2386434.0 0 134948105 1.558204e-08 855708858 
2386708.0 1 2799798816 3.45372963e-06 301219709 
2388238.0 1 179097684 5.560357e-07 1797275806 
2390772.0 1 2340740170 9.5148108e-07 1063934737 
2396063.0 0 2235064901 2.447677e-06 2328187860 
2404357.0 0 2235064901 2.447677e-06 3623563876 
2410290.0 1 2235064901 2.4619209699999997e-06 1220275327 
2417520.0 0 894269343 1.55802e-08 1426981231 
2431316.0 1 3534547045 1.09456662e-06 2683944377 
2433647.0 1 373638573 1.00000002791 3988949870 
2436894.0 1 373638573 1.00000001567125 3562383954 
2436903.0 0 2574253871 1.4e-08 3418547556 
2448429.0 1 2799798816 3.4677300000000003e-06 1965972368 
2450228.0 3 1462644303 1.4e-08 2014426858 933412597 1.4e-08 
2450670.0 2 114837353 1.445244e-08 66064165 927207199 1.4e-08 
2451664.0 1 2799798816 3.48196522e-06 1323984060 
2455550.0 1 2799798816 3.495965e-06 2217687738 
2458246.0 1 2105330617 2.823522e-08 2480753293 
2458388.0 0 3223248356 1.451074e-08 4105879141 
2469498.0 0 975973597 1.4e-08 3584287056 
2471688.0 3 2340740170 9.514810899999999e-07 1502094437 2231250662 1.4e-08 3085765731 1.929377e-08 1403954297 1.929377e-08 
2476015.0 0 894269343 1.55802e-08 2780384598 
2483979.0 0 2799798816 3.495965e-06 894269343 
2490515.0 1 2799798816 3.5099650000000004e-06 2231250662 
2497624.0 1 2799798816 3.52447574e-06 3223248356 
2506568.0 2 2919535035 1.451074e-08 3554620561 102828162 1.4e-08 
2506650.0 0 2235064901 2.461921e-06 3623563876 
2512628.0 0 2799798816 3.524476e-06 102828162 
2513105.0 0 1403954297 1.929377e-08 894269343 
2517207.0 0 896813269 3.030471e-08 3715668764 
2522983.0 0 2574253871 1.4e-08 1593891639 
2526140.0 2 2441325815 1.589072e-08 114837353 3962269793 1.4e-08 
2526816.0 3 2312786130 1.505072e-08 3584287056 604674024 1.4e-08 
2527275.0 2 149784911 2.225682e-08 3401497744 4175762635 1.4e-08 
2528492.0 0 4278040469 1.423522e-08 2933223072 
2535911.0 2 2056593038 1.809372e-08 220748477 3421068049 1.4e-08 
2537170.0 0 2312786130 1.505072e-08 1426981231 
2538233.0 1 2799798816 3.53862373e-06 3408999490 
2543275.0 2 1965662198 1.744894e-08 2341758500 4106915849 1.4e-08 
2557070.0 1 373638573 1.00000001423522 2933223072 
2567539.0 0 2235064901 2.461921e-06 1462644303 
2567631.0 1 2799798816 3.55299392e-06 3467386575 
2579135.0 3 1292023300 1.46257e-08 3421068049 3953247145 1.4e-08 
2580333.0 2 607396504 1.672239e-08 2426951832 977281884 1.4e-08 
2593201.0 0 1503202005 1.425124e-08 4106915849 
2594388.0 3 552380491 1.440516e-08 3830801972 335748715 1.4e-08 
2594724.0 1 3534547045 1.108567e-06 3962269793 
2603937.0 1 2235064901 2.4759210000000002e-06 977281884 
2605368.0 2 1503202005 1.435682e-08 771359632 3863839146 1.4e-08 
2608086.0 1 2235064901 2.49015622e-06 4278040469 
2609032.0 2 2799798816 3.552994e-06 896813269 2025893757 1.4e-08 1090143039 1.630471e-08 
2617042.0 3 3866772787 1.4e-08 3663377129 4013164456 1.4e-08 
2618506.0 0 2340740170 9.514811e-07 213831427 
2620516.0 3 179097684 5.338511799999999e-07 1420914473 253060996 1.810732e-08 3578947201 1.810732e-08 
2621662.0 0 179097684 5.338512e-07 3578947201 
2622089.0 1 179097684 5.5195852e-07 253060996 
2623486.0 0 2799798816 3.552994e-06 1090143039 
2625424.0 0 2799798816 3.552994e-06 3715668764 
2630902.0 3 3339828518 1.402285e-08 63319263 571790981 1.4e-08 
2632196.0 1 2799798816 3.56971639e-06 607396504 
2634827.0 1 2799798816 3.5837170000000004e-06 2774448923 
2641131.0 1 3534547045 1.122567e-06 571790981 
2643460.0 0 2799798816 3.583717e-06 72955594 
2644222.0 0 2799798816 3.583717e-06 552380491 
2646991.0 0 238807518 1.440516e-08 3940915008 
2651286.0 0 2340740170 9.514811e-07 72955594 
2651565.0 1 2799798816 3.598207e-06 3458484829 
2651676.0 1 2235064901 2.50426158e-06 72955594 
2657330.0 3 2056593038 1.809372e-08 3715668764 517786421 1.4e-08 
2667381.0 3 3342541004 1.410558e-08 4106915849 2308303797 1.4e-08 
2669848.0 1 2235064901 2.52132834e-06 2883513480 
2672826.0 0 1503202005 1.435682e-08 3211480542 
2673172.0 1 2799798816 3.61256382e-06 1503202005 
2674443.0 1 179097684 5.700658199999999e-07 3578947201 
2675967.0 1 2235064901 2.54062177e-06 3085765731 
2677644.0 1 3534547045 1.13659712e-06 1199222225 
2680263.0 3 1268185054 1.4e-08 2470646831 2256454524 1.4e-08 
2686054.0 0 2235064901 2.540622e-06 4013164456 
2701146.0 0 2418772576 1.423522e-08 2748669076 
2702054.0 1 2799798816 3.62696816e-06 552380491 
2706578.0 0 2328187860 1.411761e-08 3607398139 
2707530.0 3 4088691616 1.440516e-08 1426981231 2316491956 1.4e-08 
2709343.0 0 517786421 1.4e-08 3827929005 
2712850.0 0 517786421 1.4e-08 927207199 
2713996.0 3 1090143039 1.630471e-08 3623563876 921835634 1.4e-08 
2714970.0 0 2799798816 3.626969e-06 3593659676 
2715090.0 0 2799798816 3.626969e-06 2316491956 
2717730.0 1 2235064901 2.55464485e-06 3339828518 
2718572.0 3 2328187860 1.411761e-08 1924091726 2606270759 1.4e-08 
2718896.0 1 2799798816 3.64104161e-06 1275089537 
2722314.0 0 894269343 1.55802e-08 3438744891 
2724162.0 0 1239307652 2.091e-08 309459595 
2726442.0 0 1090143039 1.630471e-08 3953247145 
2730714.0 3 894269343 1.55802e-08 2308303797 4081327903 1.4e-08 
2733885.0 2 2250775120 2.152851e-08 309459595 4108567391 1.4e-08 
2735188.0 1 2799798816 3.65514658e-06 3449694611 
2736085.0 3 3428193420 2.791e-08 3953247145 4281208133 1.4e-08 
2738484.0 3 2250775120 1.8528389999999997e-08 3700209637 1179141501 1.707273e-08 
2739091.0 1 2799798816 3.6693822200000003e-06 4263904522 
2746469.0 0 2105330617 2.823522e-08 3593659676 
2746551.0 0 2235064901 2.554645e-06 3418547556 
2749288.0 1 2235064901 2.57393877e-06 1403954297 
2752193.0 0 4108567391 1.4e-08 4175762635 
2755907.0 1 3534547045 1.150597e-06 3418547556 
2756814.0 1 2235064901 2.587938e-06 2025893757 
2757386.0 1 2799798816 3.683382e-06 2900628886 
2765303.0 2 110318614 1.8117630000000002e-08 2441325815 3325553423 1.4e-08 
2767112.0 1 179097684 5.840658e-07 4013164456 
2773314.0 3 1965662198 1.743463e-08 1179141501 4124564224 1.708704e-08 
2773867.0 1 2799798816 3.70149963e-06 110318614 
2779509.0 1 2340740170 9.6588626e-07 238807518 
2792155.0 0 2256454524 1.4e-08 3866772787 
2792421.0 0 3342541004 1.410558e-08 781549661 
2797944.0 1 2799798816 3.7155000000000003e-06 4108567391 
2798179.0 1 179097684 5.980658e-07 1535034065 
2798904.0 1 2340740170 9.798862e-07 1268185054 
2800446.0 1 2340740170 9.938862e-07 771038762 
2807884.0 3 2256454524 1.4e-08 933412597 1852572783 1.4e-08 
2808293.0 1 2235064901 2.6019380000000002e-06 3866772787 
2812503.0 1 2799798816 3.7295e-06 4175762635 
2822812.0 1 3534547045 1.1647025799999999e-06 2780384598 
2827826.0 0 1598213090 1.410558e-08 3251328182 
2842381.0 3 3593659676 1.440516e-08 3325553423 2233621492 1.4e-08 
2844048.0 1 2799798816 3.7435000000000002e-06 335748715 
2845917.0 1 3534547045 1.1795123200000001e-06 481400394 
2870627.0 1 2799798816 3.7575e-06 1852572783 
2889412.0 0 399492375 1.576559e-08 4088691616 
2891552.0 0 2799798816 3.7575e-06 3673394291 
2900831.0 1 2799798816 3.77173522e-06 4105879141 
2903768.0 2 894269343 1.601548e-08 871205577 3229926557 1.4e-08 
2908362.0 1 2235064901 2.615938e-06 2768208421 
2919766.0 0 2799798816 3.771735e-06 134948105 
2927272.0 0 584993009 1.423522e-08 102828162 
2930527.0 0 894269343 1.601548e-08 4081327903 
2933303.0 1 2799798816 3.7857350000000004e-06 2256454524 
2935570.0 0 1840937626 1.474597e-08 3251328182 
2961014.0 3 2606270759 1.4e-08 2171266278 2972065009 1.4e-08 
2969427.0 3 3863839146 1.4e-08 2993076447 1823433846 1.4e-08 
2972804.0 1 2799798816 3.799735e-06 3229926557 
2976861.0 1 2799798816 3.8137350000000003e-06 4081327903 
2982686.0 1 2340740170 1.00946824e-06 134948105 
2985015.0 3 1965662198 1.743464e-08 2233621492 4052933330 1.4e-08 
2986901.0 0 1533953788 2.567515e-08 1239307652 
2987189.0 0 2235064901 2.615938e-06 2574253871 
2989828.0 2 3342541004 1.411337e-08 3279439195 2601128578 1.4e-08 
2991690.0 0 4124564224 1.708704e-08 2418772576 
2994335.0 1 2799798816 3.827735e-06 1823433846 
2996603.0 0 3342541004 1.411337e-08 1598213090 
3012179.0 3 1598213090 1.410558e-08 927207199 3239027265 1.4e-08 
3018950.0 1 2235064901 2.63004358e-06 1598213090 
3029530.0 1 2799798816 3.841848369999999e-06 3342541004 
3031293.0 1 3534547045 1.2051881500000001e-06 1533953788 
3033036.0 1 2799798816 3.85625316e-06 1301910447 
3045227.0 3 2222966094 1.464038e-08 3673394291 3357191835 1.4e-08 
3047173.0 1 3534547045 1.21942322e-06 2418772576 
3060769.0 0 2919535035 1.451074e-08 975973597 
3071392.0 0 3534547045 1.219423e-06 1462644303 
3073845.0 1 2340740170 1.023468e-06 3357191835 
3085368.0 1 179097684 6.120658e-07 1462644303 
3085407.0 0 2235064901 2.630044e-06 2606270759 
3089776.0 1 2799798816 3.87028312e-06 781549661 
3091354.0 3 2919535035 1.451074e-08 2748669076 2437059955 1.4e-08 
3099169.0 1 2235064901 2.6440440000000004e-06 3239027265 
3118455.0 0 149784911 2.225682e-08 2208266878 
3118904.0 1 2235064901 2.658044e-06 2606270759 
3131384.0 3 2604064924 1.423522e-08 3438744891 486617589 1.4e-08 
3138188.0 0 2235064901 2.658044e-06 4052933330 
3139884.0 1 2799798816 3.891193e-06 1239307652 
3141640.0 1 2340740170 1.04156172e-06 2056593038 
3143781.0 0 2312786130 1.505072e-08 2316491956 
3145439.0 1 2799798816 3.90720848e-06 894269343 
3150164.0 0 2235064901 2.658044e-06 921835634 
3169329.0 1 2235064901 2.6720440000000004e-06 2437059955 
3171578.0 1 2235064901 2.686044e-06 4052933330 
3184265.0 1 373638573 1.00000001449 3433591204 
3189647.0 1 2235064901 2.7000440000000004e-06 3251328182 
3208982.0 2 2312786130 1.51563e-08 3211480542 445707895 1.4e-08 
3221745.0 0 2235064901 2.700044e-06 2574253871 
3235748.0 0 2235064901 2.700044e-06 2719204682 
3249575.0 1 2235064901 2.714044e-06 2972065009 
3269006.0 1 2235064901 2.741954e-06 3428193420 
3276076.0 0 2799798816 3.907209e-06 399492375 
3290243.0 1 2235064901 2.75718277e-06 1960974751 
3300798.0 0 2799798816 3.907209e-06 102828162 
3300903.0 1 2799798816 3.921209e-06 4281208133 
3313159.0 0 486617589 1.4e-08 3863839146 
3335922.0 0 2235064901 2.757183e-06 688805295 
3362646.0 1 2799798816 3.93829604e-06 4124564224 
3370274.0 0 2235064901 2.757183e-06 2574253871 
3387246.0 1 1068020906 0.0009549838 102828162 
3394293.0 1 1840937626 2.8745970000000002e-08 2316491956 
3399959.0 0 2235064901 2.757183e-06 85224627 
3411037.0 1 2235064901 2.771183e-06 688805295 
3411745.0 1 2235064901 2.7858087e-06 1292023300 
3436545.0 1 2799798816 3.95280674e-06 2919535035 
3487421.0 3 2601128578 1.4e-08 604674024 3750558344 1.4e-08 
3513395.0 0 149784911 2.225682e-08 3940915008 
3515195.0 1 1068020906 0.00095499820516 4088691616 
3531290.0 1 373638573 1.00000001617075 213831427 
3537234.0 1 2340740170 1.0556675799999998e-06 3177521820 
3598277.0 0 2235064901 2.785808e-06 921835634 
3639794.0 3 1840937626 1.400001e-08 517786421 2800683865 1.437298e-08 480183180 1.437298e-08 
3647690.0 1 179097684 6.2783139e-07 399492375 
3658321.0 1 2340740170 1.0699032200000002e-06 3934203265 
3675560.0 1 2799798816 3.96717998e-06 2800683865 
3675938.0 1 2340740170 1.097813e-06 1156624510 
3722249.0 0 2606325002 1.449e-08 480183180 
3747390.0 1 2235064901 2.799808e-06 1593891639 
3787770.0 0 3702894340 1.422698e-08 1601889739 
3789602.0 3 3593659676 1.440516e-08 3037779432 3892593010 1.4e-08 
3808911.0 1 2340740170 1.11222832e-06 1856937876 
3825140.0 1 3534547045 1.233423e-06 3872525629 
3840913.0 1 2799798816 3.9815851600000005e-06 3940915008 
3840996.0 3 2328187860 1.411761e-08 3750558344 776375684 1.4e-08 
3849292.0 1 2235064901 2.8138080000000003e-06 776375684 
3852763.0 3 2604064924 1.423522e-08 2695808785 1678023283 1.4e-08 
3867115.0 1 2235064901 2.827808e-06 2601128578 
3892884.0 0 2604064924 1.423522e-08 1678023283 
3958948.0 0 118566979 1.598536e-08 1840937626 
3988585.0 1 2340740170 1.126228e-06 1840937626 
4001907.0 1 2235064901 2.84192561e-06 2328187860 
4087322.0 1 3534547045 1.247423e-06 921835634 
4093528.0 1 2235064901 2.8564160000000003e-06 2719204682 
4107738.0 1 179097684 6.418314e-07 486617589 
4111508.0 0 118566979 1.598536e-08 722767024 
4121443.0 2 2222966094 1.4745959999999999e-08 722767024 2118254765 1.4e-08 
4141374.0 0 480183180 1.437298e-08 3892593010 
4150018.0 0 3534547045 1.247423e-06 3892593010 
4150457.0 1 1068020906 0.0009550122 3892593010 
4192647.0 0 149784911 2.225682e-08 3593659676 
4244022.0 1 2799798816 3.99595798e-06 480183180 
4270229.0 1 2799798816 4.010447999999999e-06 2606325002 
4287266.0 1 373638573 1.00000001423522 584993009 
4315447.0 0 2799798816 4.010448e-06 2208266878 
4329614.0 1 2235064901 2.870906e-06 1055469694 
4364654.0 1 2799798816 5.1366760000000005e-06 2340740170 
4385845.0 0 2235064901 2.870906e-06 3593659676 
4492016.0 1 2235064901 2.8849060000000003e-06 3863839146 
4588303.0 1 2235064901 2.90343438e-06 2250775120 
4600315.0 1 2799798816 5.150676e-06 445707895 
4627490.0 1 2799798816 5.16490298e-06 3702894340 
4632707.0 1 2235064901 2.9190639600000003e-06 3884425642 
4658384.0 1 2799798816 5.178903e-06 855708858 
4672185.0 0 2235064901 2.919064e-06 3593659676 
4705647.0 1 2235064901 2.93346916e-06 3593659676 
4708163.0 1 3534547045 1.261423e-06 2208266878 
4887036.0 0 2799798816 5.178903e-06 766581564 
4941961.0 1 2799798816 5.194059310000001e-06 2312786130 
4962720.0 3 3458662533 1.423522e-08 975973597 3580551846 1.4e-08 
4973923.0 1 2235064901 2.94945536e-06 118566979 
