67.59261 1 725558489 5.582e-08 3326748277 
197.4679 0 3919821980 2.791e-08 3800234335 
322.8376 1 632754209 5.582e-08 3800234335 
701.8086 1 3889879026 5.582e-08 2038493855 
900.1111 1 3373526895 3.3492e-07 632754209 
922.1499 1 3084497907 5.582e-08 2125112500 
955.3309 1 1465560917 3.0701e-07 1593891639 
1014.836 1 179097684 3.0701e-07 1206764858 
1870.888 1 2455496064 5.582e-08 1735432893 
1873.073 1 2519559028 3.0701e-07 2710766136 
1902.775 1 2246051850 3.0701e-07 561528368 
2030.094 1 1068020906 0.0009543279100000001 2757833455 
2100.53 1 3037779432 5.582e-08 1434594601 
2222.067 1 1790255658 5.582e-08 2451350669 
2407.677 1 725558489 8.373e-08 3616865126 
2429.994 1 3921011129 3.0701e-07 3061883439 
2863.119 1 4259593397 3.0701e-07 3953846011 
3550.528 1 4259593397 3.3492e-07 1458432161 
3907.398 1 2235064901 3.0701e-07 2859795595 
4696.067 1 486050091 5.582e-08 1631081845 
4797.417 1 3084497907 8.373e-08 3908154577 
5439.76 1 1572835533 3.0701e-07 770580294 
5643.855 1 3150846686 3.0701e-07 2779686750 
6905.368 1 2455496064 8.373e-08 3126241903 
7027.26 1 3084497907 1.1164e-07 1379399837 
7549.171 1 3257166052 5.582e-08 387772665 
7637.309 1 2246051850 3.3492e-07 1321648343 
8082.411 0 2250879299 2.791e-08 659524895 
8449.411 1 3921011129 3.3492e-07 1584276479 
8801.8 0 2393342300 2.791e-08 2349140130 
8954.507 1 3084497907 1.3955e-07 3621383820 
9895.811 1 2984600922 3.0701e-07 1593850299 
9929.993 0 2455496064 8.373e-08 3841896594 
11588.95 1 1465560917 3.3492e-07 2542835646 
12638.33 1 3037779432 8.373e-08 888311950 
12800.34 1 3534547045 3.0701e-07 1661091397 
13681.46 0 582973675 2.791e-08 3749853089 
14394.36 1 1075699702 3.0701e-07 102901530 
14506.35 1 3004792470 3.0701e-07 2440120768 
15096.72 1 2799798816 3.0701e-07 659524895 
15203.13 0 3889879026 5.582e-08 1731090175 
15346.44 1 326805806 5.582e-08 164438789 
15352.73 1 426576124 3.0701e-07 199935986 
15760.83 1 4031050948 3.0701e-07 2261252686 
15806.86 0 2835620284 2.791e-08 3232700421 
19135.05 1 3150846686 3.9073999999999996e-07 725558489 
19578.85 1 1572835533 3.6283e-07 1790255658 
20311.44 1 2235064901 4.4656e-07 3084497907 
20764.16 1 3424908067 5.582e-08 3747246174 
21823.59 0 4231632140 2.791e-08 3116505811 
22796.2 1 3373526895 3.9073999999999996e-07 486050091 
23256.8 1 2519559028 3.3492e-07 3279231079 
23411.48 0 3988949870 2.791e-08 333964007 
23500.76 1 905418128 5.582e-08 1123501568 
23951.67 1 2235064901 4.7447e-07 778035964 
24161.74 0 3071234124 2.791e-08 2932274237 
24577.19 0 3150846686 3.9074e-07 3232700421 
24734.99 1 2235064901 5.0238e-07 1494141940 
25065.19 1 3257166052 8.373e-08 1134175585 
25832.05 1 1572835533 3.9073999999999996e-07 384163328 
26735.78 0 3150846686 3.9074e-07 3232700421 
28327.17 1 3919821980 5.582e-08 780264402 
30878.11 0 1731090175 2.791e-08 2393342300 
31789.32 0 2393342300 2.791e-08 2349140130 
33333.81 1 1572835533 4.1865e-07 1502094437 
33668.72 1 2246051850 3.6283e-07 941534069 
33714.94 1 2984600922 3.3492e-07 3428193420 
34917.82 1 1458665800 5.582e-08 3129006749 
35448.22 0 3257166052 8.373e-08 331336395 
36699.23 1 3150846686 4.1865e-07 287801793 
36849.76 0 2406269022 2.791e-08 862710978 
37273.51 0 2408568032 2.791e-08 259930472 
38093.5 0 1572835533 4.1865e-07 688805295 
38456.45 0 1481166135 2.791e-08 6723929 
40986.92 1 3150846686 4.4656e-07 1425083048 
43065.41 0 2349140130 2.791e-08 3749853089 
43104.37 1 3534547045 3.6283e-07 3919821980 
43897.02 1 3150846686 4.7447e-07 3707189490 
46828.79 1 2408568032 5.582e-08 1481166135 
50046.35 0 1037584679 2.791e-08 2870037616 
51520.27 1 545239233 3.3492e-07 905418128 
56111.86 1 3004792470 3.3492e-07 838860310 
56285.82 0 3889879026 5.582e-08 3841896594 
56636.8 0 2984600922 3.3492e-07 3708838243 
56792.42 1 2519559028 3.6283e-07 825415804 
60424.95 0 3921011129 3.3492e-07 1738899943 
61630.92 0 3921011129 3.3492e-07 3150420704 
61720.43 0 3841896594 2.791e-08 2528553283 
62399.5 0 582973675 2.791e-08 2528553283 
62594.44 1 43001897 5.582e-08 300193622 
67568.67 1 1465560917 3.6283e-07 1434498202 
79661.58 0 3737780296 2.791e-07 443746396 
83337.26 0 769686034 2.791e-08 3176785673 
84023.55 1 4259593397 3.6283e-07 3497999925 
84646.28 0 1572835533 4.1865e-07 259930472 
85396.8 1 1068020906 0.0009543558100000001 2768642543 
85955.55 1 2519559028 4.4655999999999994e-07 3037779432 
89204.28 0 2718413753 2.791e-08 2409063466 
89756.69 0 3373526895 3.9074e-07 3150420704 
94153.5 1 245436729 5.582e-08 2835620284 
95184.39 1 3373526895 4.1865e-07 3938221642 
97130.68 0 925199572 2.791e-08 2349140130 
98057.43 1 3004792470 3.6283e-07 1651612823 
98952.45 1 3534547045 3.9073999999999996e-07 1738899943 
99921.82 0 2870158420 2.791e-08 1156624510 
100162.3 1 1068020906 0.00095438371 3245569981 
103550.1 0 3424908067 5.582e-08 862710978 
105090.3 1 3004792470 3.9073999999999996e-07 2870158420 
106086.5 1 3534547045 4.1865e-07 582973675 
107751.8 1 1664502715 5.582e-08 3382444416 
115896.5 1 1664502715 8.373e-08 290926289 
118012.8 0 545239233 3.3492e-07 2932274237 
121458.9 3 1731090175 2.3705280000000003e-08 2528553283 3687573659 1.605736e-08 3196256300 1.605736e-08 
122221.4 1 3534547045 4.4656e-07 858320168 
123952.3 1 1458665800 8.373e-08 2693713428 
124469.3 1 2340740170 3.0701e-07 2308721517 
125404.4 1 2235064901 5.302900000000001e-07 870323177 
130394.0 0 2340740170 3.0701e-07 3114612365 
131723.0 1 3737780296 3.0701e-07 2429525676 
133191.1 1 1068020906 0.00095441161 1586980658 
133990.8 0 3921011129 3.3492e-07 3421887303 
146990.8 1 1075699702 3.3492e-07 3357643131 
147688.8 0 3749853089 2.791e-08 3196256300 
148597.0 0 211811971 2.791e-08 482917538 
151406.3 0 4259593397 3.6283e-07 1227575429 
155811.8 1 3373526895 4.4656e-07 2393342300 
159240.1 0 2406269022 2.791e-08 862710978 
159497.8 1 3373526895 4.7447e-07 3232700421 
162020.1 0 3424908067 5.582e-08 1731090175 
165787.5 1 1458665800 1.1164e-07 511603307 
166006.3 3 3424908067 3.027502e-08 3687573659 848448836 2.080117e-08 2211003714 2.080117e-08 
167317.7 1 1068020906 0.0009544395100000001 843517319 
168313.4 3 3841896594 1.4e-08 2349140130 2916276788 2.091e-08 3696193412 2.091e-08 
169022.9 1 3373526895 5.582e-07 2455496064 
173054.2 0 343742982 2.791e-08 6723929 
174102.3 0 3373526895 5.582e-07 3150420704 
175233.0 0 3424908067 3.027502e-08 2211003714 
181135.7 0 3732071459 2.791e-08 636961411 
181188.2 1 1572835533 4.4656e-07 1037584679 
182002.9 2 3373526895 9.6823568e-07 3534547045 15308464 1.826216e-08 1239307652 1.826216e-08 
183745.7 2 545239233 3.3492e-07 3257166052 1945448119 1.4e-08 3396227953 1.74325e-08 3321237907 1.74325e-08 3187199216 1.74325e-08 3330100144 1.74325e-08 
184075.9 1 3373526895 9.8649786e-07 1239307652 
186865.7 1 1075699702 3.6283e-07 790319072 
188823.3 2 3150846686 4.7447e-07 245436729 310481256 1.4e-08 817087088 2.091e-08 551137729 2.091e-08 
192620.9 1 179097684 3.3071528e-07 1731090175 
192690.7 1 2211003714 4.160234e-08 848448836 
199681.3 2 3150846686 7.928196699999999e-07 545239233 1218250404 1.657033e-08 
200420.8 0 3150846686 7.928197e-07 3187199216 
203689.0 1 3150846686 8.093900300000001e-07 1218250404 
206732.2 1 1068020906 0.00095446751 3384709749 
207620.6 0 4259593397 3.6283e-07 1503861029 
210134.4 0 3696193412 2.091e-08 2916276788 
216061.3 0 3498415124 2.791e-08 314650893 
217491.9 0 551137729 2.091e-08 1945448119 
218548.2 1 1572835533 4.7447e-07 953296898 
219058.1 3 3889879026 5.2784919999999994e-08 925199572 1035956119 1.547254e-08 1211996162 1.547254e-08 
224661.2 1 3150846686 8.373e-07 2737363250 
224926.6 0 4259593397 3.6283e-07 501991070 
225229.2 0 2916276788 2.091e-08 3841896594 
227643.9 0 3736601249 2.791e-08 1035492323 
227966.5 1 3373526895 1.0144078000000001e-06 3150420704 
228861.4 0 2246051850 3.6283e-07 949068759 
235700.6 0 2916276788 2.091e-08 3196256300 
236611.5 1 179097684 3.5862529999999997e-07 4252347608 
240525.4 0 3732071459 2.791e-08 3396227953 
244840.0 1 1465560917 3.9073999999999996e-07 1444500749 
256095.3 0 3150846686 8.373e-07 40245973 
257474.3 1 3933289935 5.582e-08 688805295 
259132.5 1 3921011129 3.6283e-07 331336395 
261562.5 1 1572835533 8.373e-07 2246051850 
262399.3 0 2340740170 3.0701e-07 2718413753 
263661.2 0 3498415124 2.791e-08 3114612365 
266039.5 1 2235064901 5.477224999999999e-07 3396227953 
268706.0 1 4061687915 5.582e-08 1227575429 
271516.4 3 862710978 1.4e-08 1211996162 188552836 1.469127e-08 2029773149 1.469127e-08 
271632.8 0 3373526895 1.014408e-06 3749853089 
271723.2 1 188552836 2.8691270000000002e-08 862710978 
274787.3 1 3373526895 1.02988054e-06 1035956119 
281035.3 0 1572835533 8.373e-07 40245973 
281362.0 0 4031050948 3.0701e-07 3823443426 
288939.2 0 4259593397 3.6283e-07 2870037616 
291242.1 1 3150846686 8.513e-07 310481256 
312383.4 0 3889879026 5.278492e-08 3749853089 
313102.5 0 3708838243 2.791e-08 2956861855 
319473.9 2 1222799196 2.791e-07 4061687915 302486611 1.4e-08 1842102965 2.091e-08 1285693762 2.091e-08 
320235.2 0 1465560917 3.9074e-07 2937387076 
321537.2 1 3737780296 3.3492e-07 3833318790 
332734.6 2 179097684 3.6104299e-07 3749853089 1078741991 2.549231e-08 
333750.9 1 179097684 3.8653531e-07 1078741991 
339124.2 3 3421887303 1.4000000000000003e-08 3187199216 2723643411 1.567125e-08 1804212609 1.567125e-08 
344525.7 0 2340740170 3.0701e-07 1493201942 
345469.9 0 2984600922 3.3492e-07 4122240121 
348015.9 0 3921011129 3.6283e-07 1804212609 
350048.2 0 40245973 2.791e-08 551137729 
357638.2 2 3481866093 2.9788559999999998e-08 4028593304 438292632 2.603144e-08 
358916.0 0 2799798816 3.0701e-07 2870037616 
358942.5 0 1465560917 3.9074e-07 259930472 
361859.3 0 873214132 2.791e-08 314650893 
364940.5 3 1465560917 3.9073999999999996e-07 2340740170 2001290253 1.4e-08 3147695692 1.46505e-08 3179285865 1.46505e-08 2173231515 1.46505e-08 740082705 1.46505e-08 2795063678 1.46505e-08 3642829293 1.46505e-08 2707128518 1.46505e-08 474866315 1.46505e-08 1639799867 1.46505e-08 1026028388 1.46505e-08 1128056158 1.46505e-08 2909632847 1.46505e-08 937177227 1.46505e-08 3393811039 1.46505e-08 611212867 1.46505e-08 1104410542 1.46505e-08 2328232000 1.46505e-08 2999719241 1.46505e-08 1931993247 1.46505e-08 1494850122 1.46505e-08 
365428.9 1 1465560917 4.053905e-07 2909632847 
366572.0 0 1465560917 4.053905e-07 3147695692 
366779.8 0 315200650 2.791e-08 2074240873 
377925.4 1 2984600922 3.6283e-07 2870037616 
379821.3 0 1403705120 2.791e-07 636961411 
381766.8 1 1465560917 4.20041e-07 3393811039 
384935.6 1 3373526895 1.05079e-06 2916276788 
391463.9 0 188552836 2.869127e-08 3841896594 
392486.3 1 1465560917 4.47951e-07 1516068388 
392523.9 1 2799798816 3.3492e-07 4046076794 
400235.1 1 1465560917 4.626015e-07 937177227 
405620.7 0 4231632140 2.791e-08 2707128518 
409064.1 2 315200650 4.076252e-08 1156624510 3414514926 1.505748e-08 
420624.9 0 3321237907 1.74325e-08 1804212609 
427233.9 0 1128056158 1.46505e-08 474866315 
439575.3 1 3150846686 8.7921e-07 482917538 
441923.9 1 2555962951 3.0701e-07 265770918 
448315.1 1 4259593397 3.9073999999999996e-07 2487301543 
448885.7 0 2235064901 5.477225e-07 817087088 
450408.6 0 4231632140 2.791e-08 3330100144 
452918.6 0 1128709694 2.791e-08 2504591099 
457263.3 1 2519559028 4.7447e-07 2906924538 
465445.2 1 1572835533 8.652100000000001e-07 314650893 
468071.9 0 3921011129 3.6283e-07 3121047530 
469531.1 1 1458665800 1.3955e-07 3774459889 
480164.6 3 3498415124 2.211881e-08 3421887303 2312786130 1.979119e-08 
484702.0 1 3800257563 3.0701e-07 2326007700 
491906.7 1 3150846686 9.001200000000001e-07 817087088 
495403.0 0 1465560917 4.626015e-07 740082705 
496323.7 0 188552836 2.869127e-08 3841896594 
498346.4 0 3555679070 2.791e-08 717226258 
499513.9 0 259930472 2.791e-08 2795063678 
501015.9 0 1465560917 4.626015e-07 740082705 
516504.1 1 3373526895 1.10357492e-06 3889879026 
519283.4 0 3150846686 9.0012e-07 2707128518 
522878.4 0 3498415124 2.211881e-08 2312786130 
530139.3 1 3004792470 4.1865e-07 869234806 
535473.6 1 2984600922 3.9073999999999996e-07 811613008 
537390.7 3 3704423751 1.4e-08 3020817656 3537925318 2.091e-08 1634407402 2.091e-08 
538723.8 0 1634407402 2.091e-08 3537925318 
540845.3 0 1634407402 2.091e-08 3704423751 
545857.5 2 3537925318 2.296736e-08 3196256300 3869596591 1.4e-08 
547411.0 3 2211003714 1.8758480000000002e-08 15308464 3375523036 2.055301e-08 772925454 2.055301e-08 
549670.8 0 3537925318 2.296736e-08 3869596591 
554465.5 1 2984600922 4.1865e-07 2504591099 
554859.4 3 2984600922 4.1864999999999995e-07 1222799196 2215785330 1.269709e-07 3491092596 1.521291e-08 57770090 1.521291e-08 3071577057 1.521291e-08 1452489764 1.521291e-08 4260098875 1.521291e-08 3696843781 1.521291e-08 2138100036 1.521291e-08 1726701215 1.521291e-08 1412415798 1.521291e-08 375852842 1.521291e-08 
556861.4 1 4259593397 4.0595291e-07 375852842 
560728.0 0 3150846686 9.0012e-07 2718413753 
562951.9 0 1458665800 1.3955e-07 2911053862 
563761.6 1 3921011129 3.9073999999999996e-07 257754683 
564099.7 0 405521437 2.791e-08 1494850122 
567832.9 0 3537925318 2.296736e-08 3869596591 
574459.4 0 732124878 2.791e-08 1452489764 
577373.4 0 2718413753 2.791e-08 3116505811 
585020.2 2 188552836 3.276436e-08 3375523036 3593732192 1.647992e-08 
587271.8 1 188552836 4.924428e-08 3593732192 
591394.4 3 1634407402 2.091e-08 3704423751 3888264012 1.4e-08 
592842.0 1 1075699702 3.9073999999999996e-07 3555679070 
594070.7 1 1634407402 3.491e-08 3888264012 
595497.0 3 40245973 2.707551e-08 3179285865 313359544 1.548499e-08 
597796.9 1 1572835533 8.798604999999999e-07 3642829293 
609853.3 0 3933289935 5.582e-08 313359544 
621909.9 1 3150846686 9.2803e-07 2409063466 
623733.3 3 2911053862 1.4e-08 2718413753 217284033 2.091e-08 2151269300 2.091e-08 
630955.3 3 188552836 3.839748e-08 3696193412 3913511150 1.58784e-08 2962530363 1.58784e-08 
631193.0 3 2406269022 2.791e-08 3841896594 2063946235 1.4e-08 
638766.7 0 2707128518 1.46505e-08 1945448119 
639541.0 1 4263717482 4.25605e-08 2707128518 
640332.1 1 1465560917 4.766015e-07 2911053862 
640490.1 1 2406269022 4.1909999999999996e-08 2063946235 
641067.1 0 188552836 3.839747e-08 2962530363 
648730.4 1 3150846686 9.426805e-07 2999719241 
667089.4 1 3373526895 1.11924625e-06 1804212609 
675257.4 1 188552836 5.427587e-08 2962530363 
677745.3 1 3150846686 9.647993099999999e-07 3498415124 
679698.3 3 2956861855 1.4e-08 1494850122 1172086036 1.428025e-08 690117576 1.428025e-08 
680440.5 1 188552836 7.015427000000001e-08 3913511150 
695039.3 0 405521437 2.791e-08 3114612365 
696247.8 0 3241671100 2.791e-08 2328232000 
697982.6 1 1986278615 4.1909999999999996e-08 302486611 
705715.7 3 2235064901 5.477224200000001e-07 3921011129 3288380490 8.133186e-08 845665321 1.406401e-08 3122982648 1.406401e-08 1471982444 1.406401e-08 3303338876 1.406401e-08 2875471576 1.406401e-08 1738909006 1.406401e-08 356405251 1.406401e-08 2879167783 1.406401e-08 3083352544 1.406401e-08 4198169764 1.406401e-08 821115011 1.406401e-08 2118016430 1.406401e-08 1945735688 1.406401e-08 4093093422 1.406401e-08 2842015324 1.406401e-08 1249238030 1.406401e-08 3214077756 1.406401e-08 879162223 1.406401e-08 3884425642 1.406401e-08 1149406307 1.406401e-08 3528332227 1.406401e-08 4004407106 1.406401e-08 
705715.7 1 3288380490 9.539587e-08 4004407106 
705715.7 1 3288380490 1.0945987999999999e-07 845665321 
705868.3 1 2235064901 5.6178651e-07 3083352544 
706382.4 1 2235064901 5.7585051e-07 356405251 
707403.9 0 2235064901 5.758505e-07 821115011 
707444.0 0 2235064901 5.758505e-07 2842015324 
709548.1 0 4263717482 4.25605e-08 3732071459 
710643.8 1 2235064901 5.8991451e-07 4198169764 
721657.1 0 2235064901 5.899145e-07 1249238030 
729242.8 0 3116505811 2.791e-08 3303338876 
731433.4 0 3737780296 3.3492e-07 3519923770 
736018.7 0 3884425642 1.406401e-08 2879167783 
742477.1 1 3288380490 1.2352391e-07 2842015324 
743789.2 3 1634407402 1.3999989999999996e-08 3537925318 451270221 1.462579e-08 3149440925 1.462579e-08 2250775120 1.462579e-08 
743911.6 3 2263814062 2.791e-08 2956861855 1130108289 1.4e-08 
743914.4 1 2263814062 4.1909999999999996e-08 1130108289 
745071.0 1 810769555 5.582e-08 343742982 
747201.1 0 2250775120 1.462579e-08 451270221 
749280.0 1 2250775120 2.925158e-08 3149440925 
757171.3 0 211811971 2.791e-08 1639799867 
760727.4 0 3214077756 1.406401e-08 2879167783 
765879.1 1 3373526895 1.1380054800000001e-06 2211003714 
767748.8 1 2250775120 4.387736e-08 451270221 
779099.8 3 3933289935 1.4e-08 405521437 2177968201 1.74325e-08 2914302410 1.74325e-08 3655816389 1.74325e-08 3485819286 1.74325e-08 
781519.8 1 3150846686 9.794498000000001e-07 1931993247 
790301.6 0 873214132 2.791e-08 3933289935 
790383.3 0 2235064901 5.899145e-07 2178051842 
793446.0 1 373638573 1.00000002791 3891448235 
794106.8 2 4259593397 7.1745542e-07 3737780296 1382686479 2.341748e-08 
797433.6 0 2235064901 5.899145e-07 3116505811 
802294.5 2 3150846686 9.794498e-07 4263717482 1803925302 1.4e-08 3293059020 1.428025e-08 378125977 1.428025e-08 
803622.5 1 373638573 1.00000002791 3228084226 
806669.2 1 3150846686 9.934498e-07 1803925302 
809375.2 1 179097684 4.005353e-07 3869596591 
815098.1 0 3288380490 1.235239e-07 2118016430 
821840.1 1 3288380490 1.3758791e-07 821115011 
822267.2 1 3150846686 1.00751381e-06 3528332227 
827428.8 1 3214077756 2.812802e-08 1945735688 
828040.2 0 4259593397 7.174554e-07 3838279446 
833164.9 1 1465560917 4.91252e-07 474866315 
845603.9 0 2937387076 2.791e-08 2001290253 
846685.1 3 2235064901 5.899145e-07 3214077756 2159618959 1.4e-08 2441325815 1.412801e-08 
869088.4 0 4188445920 2.791e-08 2480932170 
878954.3 1 3373526895 1.1520690100000002e-06 1738909006 
879633.4 3 2074240873 1.5476199999999997e-08 2919643181 3401497744 2.01719e-08 4069401935 2.01719e-08 
884235.5 1 3150846686 1.021514e-06 2001290253 
935964.6 3 732124878 1.399999e-08 4260098875 134948105 1.456146e-08 1998372786 1.456146e-08 
946602.7 1 1572835533 9.077705e-07 3732071459 
947330.1 1 2235064901 6.0397851e-07 2879167783 
949777.0 0 3293059020 1.428025e-08 2875471576 
958239.4 1 373638573 1.00000047447 2519559028 
965596.5 3 3116505811 2.737598e-08 879162223 2455922112 1.459803e-08 
973427.8 0 2235064901 6.039785e-07 3121047530 
974276.4 1 3150846686 1.0355780100000002e-06 1471982444 
974855.9 1 717226258 4.247146e-08 134948105 
978413.2 0 3288380490 1.375879e-07 3303338876 
988596.7 1 4259593397 7.3266831e-07 2138100036 
997064.3 1 1465560917 5.0553225e-07 3293059020 
998281.9 1 2235064901 6.1964975e-07 2723643411 
1002142.0 1 3150846686 1.063488e-06 3121047530 
1003097.0 3 611212867 1.46505e-08 732124878 3059103076 1.4e-08 
1011852.0 0 3373526895 1.152069e-06 501991070 
1029427.0 1 3288380490 1.5165191e-07 4093093422 
1037840.0 1 4259593397 7.535784000000001e-07 1842102965 
1041424.0 0 1452489764 1.521291e-08 3071577057 
1043247.0 3 4188445920 1.4e-08 2046083849 432337108 2.091e-08 1902671923 2.091e-08 
1059189.0 0 3288380490 1.516519e-07 2875471576 
1077099.0 1 3150846686 1.0781385e-06 3147695692 
1078653.0 2 2178051842 2.797401e-08 3884425642 4209590891 1.4e-08 
1090365.0 1 3150846686 1.0922020100000002e-06 1149406307 
1101992.0 0 3288380490 1.516519e-07 2441325815 
1105057.0 0 197654791 2.791e-08 217284033 
1108579.0 1 3288380490 1.7962591e-07 2178051842 
1108719.0 1 1465560917 5.334423000000001e-07 4231632140 
1115484.0 3 2235064901 6.196497899999999e-07 3288380490 77395223 1.487077e-08 3592986772 1.497774e-08 1246511018 1.497774e-08 3986570268 1.497774e-08 174500547 1.497774e-08 4083845756 1.497774e-08 110358663 1.497774e-08 1370908750 1.497774e-08 1837234470 1.497774e-08 2945849429 1.497774e-08 66296937 1.497774e-08 976558236 1.497774e-08 
1115497.0 1 2235064901 6.3462754e-07 976558236 
1115660.0 3 3116505811 2.648055e-08 2159618959 2438291630 1.489543e-08 
1117856.0 0 2235064901 6.346275e-07 66296937 
1120534.0 1 2235064901 6.4960524e-07 1246511018 
1127621.0 2 2441325815 1.419202e-08 3122982648 906368509 1.4e-08 
1128131.0 1 2235064901 6.6458304e-07 110358663 
1134129.0 1 2235064901 6.7945377e-07 77395223 
1137069.0 1 2235064901 6.9443154e-07 4083845756 
1148919.0 1 2235064901 7.1422269e-07 2312786130 
1153830.0 2 4259593397 7.535784e-07 810769555 3783228500 1.4e-08 2858952728 2.091e-08 395113485 2.091e-08 
1158880.0 0 174500547 1.497774e-08 2441325815 
1160041.0 1 2235064901 7.2920044e-07 1837234470 
1183456.0 0 2914302410 1.74325e-08 2173231515 
1209015.0 0 3986570268 1.497774e-08 3592986772 
1211718.0 0 3116505811 2.648054e-08 740082705 
1218122.0 0 2250775120 4.387736e-08 1634407402 
1227796.0 1 1465560917 5.613523e-07 242414939 
1247418.0 1 3150846686 1.1068525e-06 1104410542 
1254613.0 0 2250775120 4.387736e-08 1634407402 
1256790.0 1 1075699702 4.053905e-07 2795063678 
1262127.0 1 2235064901 7.4417814e-07 3592986772 
1263184.0 1 1465560917 5.760028e-07 2328232000 
1278819.0 3 4259593397 7.535782899999999e-07 3004792470 4019363830 2.429587e-08 3016084464 1.408408e-08 921818415 1.408408e-08 2892683898 1.408408e-08 3697249003 1.408408e-08 3983774618 1.408408e-08 4187488967 1.408408e-08 898751805 1.408408e-08 3632514288 1.408408e-08 410848061 1.408408e-08 2791633391 1.408408e-08 630280293 1.408408e-08 4212779140 1.408408e-08 3459374364 1.408408e-08 2125331604 1.408408e-08 3113062634 1.408408e-08 847040419 1.408408e-08 4240624600 1.408408e-08 1565786989 1.408408e-08 2286860921 1.408408e-08 3707879645 1.408408e-08 2746930994 1.408408e-08 4075596975 1.408408e-08 4283280385 1.408408e-08 538453177 1.408408e-08 3121292019 1.408408e-08 3349724438 1.408408e-08 4253718737 1.408408e-08 3297362622 1.408408e-08 
1278819.0 1 4019363830 3.837995e-08 3297362622 
1278819.0 1 4019363830 5.246402e-08 3016084464 
1284663.0 1 1565786989 2.816816e-08 630280293 
1300229.0 0 2799798816 3.3492e-07 2858952728 
1300435.0 0 551137729 2.091e-08 174500547 
1303701.0 0 1726701215 1.521291e-08 4212779140 
1304162.0 0 1458665800 1.3955e-07 1412415798 
1305920.0 0 1075699702 4.053905e-07 3071234124 
1310932.0 2 1458665800 1.5260627e-07 2681375347 1751902433 1.485373e-08 
1314205.0 1 4259593397 7.954884e-07 2263814062 
1315396.0 1 3736601249 4.199408e-08 921818415 
1319762.0 0 1370908750 1.497774e-08 1249238030 
1322405.0 0 2480932170 2.791e-08 1902671923 
1323748.0 1 4259593397 8.0957248e-07 3121292019 
1327468.0 1 3150846686 1.12091701e-06 2875471576 
1333848.0 0 188552836 7.015428e-08 501991070 
1341208.0 3 2250775120 1.4000019999999993e-08 3424908067 2878871175 1.503809e-08 3083717413 1.503809e-08 220564665 1.503809e-08 3653734512 1.503809e-08 
1343914.0 0 220564665 1.503809e-08 2878871175 
1345917.0 2 179097684 4.005353e-07 2406269022 3815024321 1.4e-08 1428265047 2.791e-08 
1346080.0 0 179097684 4.005353e-07 1428265047 
1346161.0 1 179097684 4.284453e-07 1428265047 
1346897.0 1 326805806 8.373e-08 2620740164 
1346968.0 0 3653734512 1.503809e-08 2250775120 
1347168.0 1 3653734512 2.903809e-08 2250775120 
1348742.0 3 2029773149 1.469127e-08 1634407402 3604532305 1.4e-08 
1352412.0 0 3653734512 2.903809e-08 220564665 
1352641.0 0 179097684 4.284453e-07 3815024321 
1352746.0 1 179097684 4.424453e-07 3815024321 
1358670.0 1 373638573 1.00000102791 385785803 
1362024.0 1 2984600922 4.4206748e-07 1382686479 
1367872.0 1 2029773149 2.8691270000000002e-08 3604532305 
1368585.0 0 179097684 4.424453e-07 220564665 
1396314.0 3 2029773149 1.400001e-08 551137729 1869365069 1.780063e-08 965372172 1.780063e-08 
1396345.0 0 1869365069 1.780063e-08 2029773149 
1399350.0 1 965372172 3.180063e-08 2029773149 
1414651.0 0 739080713 2.791e-08 598947138 
1421097.0 3 1493201942 2.567273e-08 906368509 607396504 1.623727e-08 
1427509.0 1 1465560917 6.039128e-07 211811971 
1430503.0 0 1869365069 1.780063e-08 2878871175 
1433765.0 0 2235064901 7.441782e-07 4209590891 
1459642.0 0 1075699702 4.053905e-07 1370908750 
1463891.0 1 2235064901 7.5824221e-07 2118016430 
1482180.0 0 220564665 1.503809e-08 2878871175 
1483847.0 2 3116505811 2.6672560000000002e-08 2441325815 2533881277 1.4e-08 
1494724.0 1 373638573 1.0000010150574798 3414514926 
1497952.0 3 188552836 6.70041e-08 220564665 472358284 1.818827e-08 
1498127.0 1 1869365069 3.283872e-08 2878871175 
1510362.0 3 188552836 4.541843e-08 3303338876 1950077488 1.782484e-08 1820499179 1.782484e-08 
1515026.0 0 2799798816 3.3492e-07 3459374364 
1522858.0 0 188552836 4.541843e-08 1820499179 
1527835.0 0 179097684 4.424453e-07 1950077488 
1536488.0 0 1458665800 1.526063e-07 847040419 
1539303.0 2 4122240121 2.7994079999999998e-08 3697249003 4055959668 1.4e-08 
1541952.0 1 373638573 1.00000102791 1128709694 
1544635.0 0 472358284 1.818827e-08 1820499179 
1547873.0 1 179097684 4.6063357e-07 472358284 
1548369.0 2 1869365069 3.283873e-08 965372172 528880979 1.4e-08 3778036871 1.780063e-08 
1548630.0 1 1869365069 5.063936e-08 3778036871 
1555940.0 1 4259593397 8.236564799999999e-07 4253718737 
1565758.0 2 1458665800 1.526063e-07 717226258 1405660995 1.4e-08 3662110242 1.423573e-08 2247026945 1.423573e-08 
1567569.0 0 3653734512 2.903809e-08 1950077488 
1581231.0 1 4031050948 3.3492e-07 3824069879 
1587320.0 1 1068020906 0.00095449728856 3481866093 
1594339.0 0 1869365069 5.063936e-08 528880979 
1597344.0 1 373638573 1.00000102791 3114612365 
1603920.0 3 772925454 2.055301e-08 4209590891 4032129539 1.4e-08 
1604186.0 1 772925454 3.455301e-08 4032129539 
1612399.0 1 2235064901 7.8391493e-07 1493201942 
1613515.0 3 3241671100 2.411729e-08 3933289935 4035587434 1.779271e-08 
1617494.0 1 3150846686 1.13551503e-06 2455922112 
1620888.0 0 2799798816 3.3492e-07 4075596975 
1643159.0 0 179097684 4.606336e-07 528880979 
1645987.0 1 1465560917 6.1880823e-07 2438291630 
1647361.0 1 179097684 4.746336e-07 528880979 
1670450.0 0 1465560917 6.188082e-07 217284033 
1675794.0 1 1869365069 6.567745e-08 3083717413 
1676684.0 2 3696843781 1.5296989999999998e-08 2791633391 3111692719 1.4e-08 
1677296.0 3 4069401935 2.01719e-08 3111692719 1398579088 1.4e-08 
1680198.0 2 1869365069 6.567746e-08 772925454 2501379955 1.4e-08 3332562587 2.055301e-08 
1680714.0 1 373638573 1.00000102791 501991070 
1682061.0 1 1869365069 7.967746000000001e-08 2501379955 
1689568.0 3 1869365069 1.58669e-08 1950077488 3562383954 1.632708e-08 2521380987 1.632708e-08 4119421155 1.632708e-08 1913762779 1.632708e-08 3678948817 1.632708e-08 
1691751.0 0 4119421155 1.632708e-08 2521380987 
1692569.0 0 3678948817 1.632708e-08 1913762779 
1693494.0 0 179097684 4.746336e-07 1913762779 
1694419.0 0 3150846686 1.135515e-06 197654791 
1695432.0 1 179097684 4.9096068e-07 3562383954 
1708230.0 1 4259593397 8.3774058e-07 3113062634 
1720273.0 0 40245973 2.707551e-08 3116505811 
1726354.0 3 3653734512 1.399999e-08 4119421155 2489195127 1.568259e-08 3929228125 1.568259e-08 
1729270.0 1 179097684 5.0728768e-07 1913762779 
1740594.0 0 179097684 5.072877e-07 2521380987 
1741671.0 0 179097684 5.072877e-07 3678948817 
1745781.0 0 179097684 5.072877e-07 3678948817 
1748762.0 1 179097684 5.2361478e-07 2521380987 
1757038.0 1 2235064901 8.1058746e-07 3116505811 
1772207.0 0 188552836 4.541843e-08 2489195127 
1781374.0 1 179097684 5.392973899999999e-07 2489195127 
1797618.0 0 1458665800 1.526063e-07 4212779140 
1797886.0 0 1465560917 6.188082e-07 313359544 
1810452.0 0 179097684 5.392974e-07 1820499179 
1826598.0 0 188552836 4.541843e-08 3678948817 
1828821.0 0 217284033 2.091e-08 3485819286 
1836851.0 1 179097684 5.549799899999999e-07 3929228125 
1851007.0 3 188552836 1.4868100000000003e-08 3653734512 3160344427 1.485011e-08 3182159117 1.485011e-08 766581564 1.485011e-08 
1856021.0 1 179097684 5.708469e-07 1869365069 
1863907.0 0 2914302410 1.74325e-08 378125977 
1877658.0 0 179097684 5.708469e-07 1820499179 
1887104.0 1 2204676502 0.00028572791 2250757420 
1905423.0 1 4259593397 9.647115e-07 2215785330 
1912282.0 0 2799798816 3.3492e-07 1172086036 
1915628.0 0 1820499179 1.782484e-08 3182159117 
1925172.0 1 179097684 5.8571502e-07 188552836 
1926249.0 1 1465560917 6.467182e-07 2932274237 
1945945.0 0 179097684 5.85715e-07 3332562587 
1950834.0 2 395113485 2.212291e-08 1726701215 3702894340 1.4e-08 
1957382.0 0 3702894340 1.4e-08 4055959668 
1961339.0 2 1572835533 9.0777054e-07 1075699702 3532745758 2.241841e-08 1072840122 1.418415e-08 3294683754 1.418415e-08 1676003954 1.418415e-08 4285585893 1.418415e-08 2674988631 1.418415e-08 406745133 1.418415e-08 2883513480 1.418415e-08 783121895 1.418415e-08 2683944377 1.418415e-08 2961226102 1.418415e-08 301219709 1.418415e-08 1743198400 1.418415e-08 3059144981 1.418415e-08 3952655669 1.418415e-08 2848685905 1.418415e-08 1826422368 1.418415e-08 896813269 1.418415e-08 37051273 1.418415e-08 1867247157 1.418415e-08 3633199892 1.418415e-08 1736323711 1.418415e-08 283080478 1.418415e-08 785216844 1.418415e-08 3006103420 1.418415e-08 2898323513 1.418415e-08 1199222225 1.418415e-08 3755198008 1.418415e-08 
1964103.0 0 1572835533 9.077705e-07 2683944377 
1964230.0 3 769686034 2.131547e-08 2247026945 2795041644 2.083026e-08 
1970663.0 1 373638573 1.00000102791 90391199 
1971457.0 0 1572835533 9.077705e-07 2674988631 
1975367.0 0 1572835533 9.077705e-07 301219709 
1979047.0 0 4019363830 5.246402e-08 3532745758 
1982363.0 0 1572835533 9.077705e-07 301219709 
1982707.0 0 6723929 2.791e-08 1751902433 
1983442.0 0 2205180068 2.791e-08 432337108 
1985556.0 2 3485819286 1.8083e-08 740082705 3492274228 1.4e-08 
2003142.0 0 3373526895 1.152069e-06 197654791 
2012103.0 1 1465560917 6.6169594e-07 3986570268 
2015037.0 3 2555962951 3.0700996e-07 476505668 1420914473 1.4e-08 439844059 1.472778e-08 3802520055 1.472778e-08 3012889883 1.472778e-08 3363823620 1.472778e-08 1086559163 1.472778e-08 3063534263 1.472778e-08 2013640095 1.472778e-08 1461359102 1.472778e-08 2027098952 1.472778e-08 4167430602 1.472778e-08 4096225443 1.472778e-08 781549661 1.472778e-08 907719639 1.472778e-08 1906851972 1.472778e-08 2597880038 1.472778e-08 1896745001 1.472778e-08 2378434411 1.472778e-08 1837088337 1.472778e-08 
2019864.0 0 2480932170 2.791e-08 3059144981 
2020557.0 0 3150846686 1.135515e-06 313359544 
2023054.0 3 3490627259 1.399999e-08 1412415798 1543523724 1.456146e-08 1761715697 1.456146e-08 
2024083.0 0 179097684 5.85715e-07 3160344427 
2024100.0 1 3373526895 1.179979e-06 197654791 
2026281.0 1 1572835533 9.219546500000001e-07 301219709 
2029091.0 1 2555962951 3.2173778e-07 2013640095 
2030693.0 0 1572835533 9.219547e-07 1543523724 
2038095.0 1 1572835533 9.3613885e-07 2883513480 
2047008.0 0 3401497744 2.01719e-08 1461359102 
2047535.0 0 1998372786 1.456146e-08 1072840122 
2057779.0 2 1285693762 2.1094149999999998e-08 1736323711 3099973400 1.4e-08 
2059620.0 3 1902671923 2.091e-08 3702894340 2789348510 1.4e-08 
2068278.0 1 1572835533 9.5032295e-07 37051273 
2078110.0 1 179097684 6.062680099999999e-07 3332562587 
2083425.0 1 1465560917 6.791284e-07 2914302410 
2091792.0 0 607396504 1.623727e-08 4212779140 
2092670.0 3 333964007 2.264002e-08 781549661 1371202285 1.999776e-08 
2095912.0 3 4122240121 1.4000000000000001e-08 4283280385 629078091 1.403908e-08 754560055 1.403908e-08 
2097394.0 1 1572835533 9.71233e-07 432337108 
2121765.0 1 1572835533 9.854171499999999e-07 1676003954 
2122926.0 1 3150846686 1.1503651099999999e-06 3182159117 
2138646.0 0 1452489764 1.521291e-08 1405660995 
2149039.0 0 1533953788 2.791e-08 3268335666 
2166618.0 1 1572835533 9.996012499999998e-07 896813269 
2169186.0 3 2937387076 1.3999989999999998e-08 2674988631 1737134642 1.404708e-08 37613351 1.404708e-08 
2169717.0 0 3373526895 1.179979e-06 1998372786 
2170591.0 0 2984600922 4.420675e-07 3802520055 
2200465.0 0 1503861029 2.791e-08 2795041644 
2212096.0 0 174500547 1.497774e-08 3059103076 
2212939.0 0 1465560917 6.791284e-07 3330100144 
2225008.0 1 373638573 1.00000102791 3775452048 
2226794.0 1 2984600922 4.5615158000000003e-07 2125331604 
2242947.0 1 3373526895 1.1974115e-06 3321237907 
2243005.0 1 373638573 1.00000105246402 4019363830 
2243976.0 1 3373526895 1.21226211e-06 3160344427 
2250383.0 0 3059144981 1.418415e-08 2961226102 
2250519.0 1 741863299 4.1909999999999996e-08 4188445920 
2255350.0 2 4259593397 1.32245287e-06 2984600922 3434666020 1.405859e-08 2369258877 1.405859e-08 3563522875 1.405859e-08 249728555 1.405859e-08 4285226245 1.405859e-08 2707460946 1.405859e-08 2606325002 1.405859e-08 
2267014.0 0 2555962951 3.217378e-07 3736894086 
2300581.0 1 4259593397 1.336453e-06 1405660995 
2301857.0 0 598947138 2.791e-08 754560055 
2311937.0 1 1465560917 6.937788999999999e-07 1128056158 
2319794.0 1 1465560917 7.1590181e-07 395113485 
2323135.0 1 4259593397 1.35051159e-06 4285226245 
2352554.0 0 2235064901 8.105875e-07 3678948817 
2356089.0 3 2250879299 1.400001e-08 3532745758 1541925803 1.81642e-08 2024675612 1.81642e-08 
2356921.0 1 754560055 2.807816e-08 629078091 
2358281.0 0 2027098952 1.472778e-08 3063534263 
2358504.0 1 373638573 1.000001014 3783228500 
2379072.0 0 1370908750 1.497774e-08 1026028388 
2403719.0 1 1465560917 7.3008595e-07 785216844 
2406878.0 0 3662110242 1.423573e-08 2898323513 
2419266.0 2 4035587434 1.844321e-08 2173231515 1292023300 1.4e-08 
2420603.0 0 1572835533 9.996013e-07 3059144981 
2429642.0 1 2235064901 8.2514896e-07 1998372786 
2431708.0 3 2074240873 1.5214640000000002e-08 4096225443 3302973195 1.498935e-08 
2452717.0 0 1465560917 7.30086e-07 378125977 
2453339.0 2 174500547 1.562824e-08 1026028388 875106938 1.4e-08 
2460674.0 1 2235064901 8.453207999999999e-07 4069401935 
2472738.0 1 4259593397 1.3686752e-06 1541925803 
2501386.0 1 406745133 2.83683e-08 3294683754 
2517646.0 1 4259593397 1.3834037800000001e-06 1086559163 
2520891.0 0 1543523724 1.456146e-08 4187488967 
2524997.0 0 3150846686 1.150365e-06 443746396 
2565170.0 0 1465560917 7.30086e-07 259930472 
2588863.0 1 426576124 3.2810415e-07 1285693762 
2599157.0 1 3150846686 1.1644235899999998e-06 2369258877 
2601197.0 2 174500547 1.635602e-08 1461359102 3314075649 1.4e-08 
2616643.0 1 3150846686 1.17940174e-06 2945849429 
2622609.0 0 3071234124 2.791e-08 2286860921 
2629528.0 0 3150846686 1.179401e-06 3633199892 
2643075.0 2 898751805 1.413116e-08 1737134642 2589646060 1.4e-08 
2652057.0 1 4259593397 1.397403e-06 3099973400 
2657510.0 0 4259593397 1.397403e-06 3563522875 
2659101.0 1 898751805 2.813115e-08 2589646060 
2661399.0 2 1199222225 1.423123e-08 37613351 3433591204 1.4e-08 
2662572.0 1 1458665800 1.6781921000000002e-07 3491092596 
2665990.0 0 4259593397 1.397403e-06 410848061 
2678421.0 3 3197676583 2.41413e-08 1743198400 1848242772 1.795285e-08 
2679458.0 1 1458665800 1.8200335000000002e-07 2848685905 
2683607.0 0 1452489764 1.521291e-08 3063534263 
2696147.0 3 873214132 2.196014e-08 66296937 250719570 2.09276e-08 
2722659.0 0 40245973 2.707551e-08 174500547 
2766665.0 0 1465560917 7.30086e-07 283080478 
2804672.0 2 4035587434 2.187571e-08 3655816389 2681498831 1.4e-08 
2834454.0 1 3150846686 1.19488599e-06 313359544 
2834461.0 0 2799798816 3.3492e-07 2898323513 
2841661.0 0 3823443426 2.791e-08 1639799867 
2846344.0 1 1572835533 1.01416276e-06 1543523724 
2888850.0 0 2151269300 2.091e-08 1199222225 
2895705.0 2 3063534263 1.500803e-08 1172086036 481808867 1.4e-08 
2933288.0 1 2235064901 8.593208e-07 1945448119 
2943188.0 1 3150846686 1.21684614e-06 873214132 
2960998.0 3 1820499179 1.6792590000000002e-08 766581564 2066612683 1.588236e-08 
2961422.0 1 1820499179 3.267495e-08 2066612683 
2968592.0 1 373638573 1.00000102791 1533953788 
3104038.0 0 4240624600 1.408408e-08 2892683898 
3110541.0 1 4259593397 1.41158715e-06 3006103420 
3130503.0 1 3150846686 1.2331730799999999e-06 3678948817 
3137855.0 0 259930472 2.791e-08 769686034 
3149083.0 1 3373526895 1.2269125e-06 1639799867 
3180499.0 0 2555962951 3.217378e-07 3462747 
3190123.0 3 179097684 6.0413312e-07 3696843781 3458484829 1.743187e-08 
3190880.0 1 179097684 6.2156497e-07 3458484829 
3216656.0 1 2799798816 3.6299814999999997e-07 754560055 
3250083.0 1 1068020906 0.00095452511 443746396 
3264141.0 0 3736601249 4.199408e-08 250719570 
3288159.0 0 3150846686 1.233174e-06 4212779140 
3298581.0 1 2235064901 8.802484000000001e-07 250719570 
3300171.0 0 1565786989 2.816815e-08 2533881277 
3324325.0 0 378125977 1.428025e-08 2937387076 
3332686.0 0 2235064901 8.802484e-07 333964007 
3347031.0 1 373638573 1.0000010140840798 4075596975 
3382544.0 0 2235064901 8.802484e-07 333964007 
3387085.0 0 4259593397 1.411588e-06 598947138 
3389016.0 0 426576124 3.281042e-07 2856850640 
3400226.0 3 2298477853 1.3999989999999998e-08 3633199892 2719204682 1.404708e-08 4256642775 1.404708e-08 
3440341.0 0 3150846686 1.233174e-06 40245973 
3441058.0 2 1572835533 1.01416304e-06 2799798816 2449448537 1.4e-08 463844675 1.454159e-08 3167902617 1.454159e-08 579073438 1.454159e-08 3468130899 1.454159e-08 393090083 1.454159e-08 2343849308 1.454159e-08 1055469694 1.454159e-08 627452446 1.454159e-08 2014426858 1.454159e-08 2716949832 1.454159e-08 552634658 1.454159e-08 3736523900 1.454159e-08 2213923665 1.454159e-08 1503202005 1.454159e-08 3202152185 1.454159e-08 2622395779 1.454159e-08 3607413901 1.454159e-08 649593533 1.454159e-08 66987975 1.454159e-08 483021244 1.454159e-08 3707800333 1.454159e-08 3528190190 1.454159e-08 2185291493 1.454159e-08 550176535 1.454159e-08 
3449636.0 0 259930472 2.791e-08 550176535 
3451589.0 0 1035492323 2.791e-08 1541946641 
3460184.0 2 2205180068 2.796859e-08 2707460946 1674415855 1.4e-08 
3463684.0 0 579073438 1.454159e-08 3952655669 
3492407.0 1 2235064901 8.9546131e-07 1452489764 
3548238.0 2 3063534263 1.554962e-08 2343849308 4287239676 1.4e-08 
3584562.0 0 378125977 1.428025e-08 2250879299 
3585699.0 1 4259593397 1.43572931e-06 3197676583 
3588631.0 1 373638573 1.0000010208302599 2795041644 
3590842.0 0 406745133 2.83683e-08 550176535 
3598547.0 1 3150846686 1.2472210800000001e-06 4256642775 
3633961.0 1 4259593397 1.45071835e-06 3302973195 
3639074.0 0 3150846686 1.247221e-06 579073438 
3642651.0 0 3150846686 1.247221e-06 1292023300 
3656011.0 0 3373526895 1.226912e-06 1249238030 
3658087.0 1 2622395779 2.877732e-08 3662110242 
3660527.0 0 259930472 2.791e-08 2177968201 
3668938.0 1 2235064901 9.2253681e-07 40245973 
3677517.0 0 1465560917 7.30086e-07 3736523900 
3681968.0 1 373638573 1.00000102791 1503861029 
3704686.0 1 3373526895 1.24314927e-06 607396504 
3706480.0 1 373638573 1.00000102791 3988949870 
3743317.0 0 3150846686 1.247221e-06 2205180068 
3774161.0 0 3755198008 1.418415e-08 4285585893 
3794006.0 1 2555962951 3.3627939e-07 3468130899 
3803646.0 0 3755198008 1.418415e-08 2298477853 
3807356.0 1 373638573 1.00000101472778 3363823620 
3814922.0 3 898751805 1.3999989999999996e-08 2480932170 3884987045 1.401372e-08 1960974751 1.401372e-08 309459595 1.401372e-08 
3817086.0 0 2205180068 2.796859e-08 3330100144 
3824149.0 0 636961411 2.791e-08 3241671100 
3830527.0 1 3150846686 1.261221e-06 2937387076 
3835390.0 3 2408568032 3.956064e-08 2151269300 2348040613 1.858468e-08 3180086772 1.858468e-08 
3843855.0 1 3150846686 1.275221e-06 4122240121 
3859820.0 0 1465560917 7.30086e-07 3241671100 
3868370.0 1 373638573 1.00000102791 3071234124 
3886491.0 0 2235064901 9.225369e-07 1292023300 
3891173.0 0 326805806 8.373e-08 1072840122 
3891308.0 0 259930472 2.791e-08 217284033 
3909500.0 1 4259593397 1.46525959e-06 2185291493 
3935748.0 0 949068759 2.791e-08 3884987045 
3938739.0 2 598947138 2.796859e-08 2606325002 3833074883 1.4e-08 
3990391.0 1 373638573 1.000001014 1398579088 
3992412.0 1 3373526895 1.26726629e-06 3241671100 
3999833.0 0 4259593397 1.46526e-06 3202152185 
4012984.0 0 2024675612 1.81642e-08 611212867 
4035201.0 1 179097684 6.5423995e-07 1820499179 
4051534.0 0 1867247157 1.418415e-08 847040419 
4057703.0 1 373638573 1.000001014 3490627259 
4059628.0 0 3150846686 1.275221e-06 1902671923 
4066193.0 3 3707800333 1.454159e-08 3833074883 1462644303 1.4e-08 
4123088.0 1 373638573 1.00000102791 636961411 
4136815.0 1 4259593397 1.47927372e-06 3884987045 
4142489.0 3 2408568032 1.4e-08 3607413901 4088625113 2.005111e-08 1237914369 2.005111e-08 
4159077.0 3 1199222225 1.423123e-08 2298477853 2733144751 1.4e-08 
4173628.0 1 373638573 1.0000010140840798 847040419 
4186029.0 1 3150846686 1.289221e-06 3059103076 
4195310.0 1 3373526895 1.2819175000000001e-06 611212867 
4197227.0 1 3373526895 1.302827e-06 1902671923 
4201769.0 1 4259593397 1.49381559e-06 3707800333 
4249310.0 2 3150846686 1.289221e-06 315200650 1649557018 1.4e-08 1831065885 2.676252e-08 
4257665.0 0 3150846686 1.289221e-06 1292023300 
4261743.0 2 2555962951 6.459350599999999e-07 426576124 79461789 1.844854e-08 
4266011.0 1 3373526895 1.3254670199999999e-06 333964007 
4274969.0 1 373638573 1.00000102791 1541946641 
4276997.0 1 3373526895 1.35343559e-06 2205180068 
4319771.0 0 4259593397 1.493815e-06 949068759 
4345742.0 3 259930472 2.791e-08 2533881277 1621314342 1.4e-08 
4373571.0 1 373638573 1.00000104199408 3736601249 
4376903.0 2 2348040613 1.876883e-08 2898323513 2016090987 1.4e-08 
4380408.0 1 4259593397 1.50787359e-06 249728555 
4388790.0 2 3952655669 1.426823e-08 3632514288 1553963666 1.4e-08 
4393872.0 1 1572835533 1.02870459e-06 627452446 
4406492.0 0 1867247157 1.418415e-08 2789348510 
4414477.0 0 1831065885 2.676252e-08 2074240873 
4440992.0 0 3150846686 1.289221e-06 2016090987 
4472348.0 0 66987975 1.454159e-08 3707879645 
4477976.0 0 1465560917 7.30086e-07 1621314342 
4503110.0 0 3150846686 1.289221e-06 1621314342 
4505959.0 1 3373526895 1.367436e-06 2789348510 
4518225.0 1 1465560917 7.4417008e-07 4240624600 
4529773.0 0 2235064901 9.225369e-07 1621314342 
4543293.0 1 1068020906 0.00095453928408 3707879645 
4547918.0 0 3150846686 1.289221e-06 481808867 
4554603.0 1 3373526895 1.38150001e-06 1249238030 
4556749.0 3 579073438 1.454159e-08 2681498831 1002680420 1.4e-08 
4566671.0 3 4259593397 1.5078737400000009e-06 1572835533 734120091 7.88734e-08 2475979558 1.417658e-08 2649056468 1.417658e-08 3381587904 1.417658e-08 175860597 1.417658e-08 1089013536 1.417658e-08 552498239 1.417658e-08 481049431 1.417658e-08 2950407739 1.417658e-08 72955594 1.417658e-08 1771264541 1.417658e-08 2353028958 1.417658e-08 2980075456 1.417658e-08 3449694611 1.417658e-08 1194638860 1.417658e-08 114837353 1.417658e-08 2341758500 1.417658e-08 651046398 1.417658e-08 2780384598 1.417658e-08 1061526795 1.417658e-08 3342541004 1.417658e-08 1577969976 1.417658e-08 695939830 1.417658e-08 229435916 1.417658e-08 1850435983 1.417658e-08 19131048 1.417658e-08 2426951832 1.417658e-08 3089865955 1.417658e-08 3526559023 1.417658e-08 73116178 1.417658e-08 2654473721 1.417658e-08 2564127097 1.417658e-08 3554620561 1.417658e-08 2789301560 1.417658e-08 3201932102 1.417658e-08 3527214469 1.417658e-08 224410298 1.417658e-08 3967778277 1.417658e-08 1759850032 1.417658e-08 2704180049 1.417658e-08 287394855 1.417658e-08 2670951229 1.417658e-08 2367820772 1.417658e-08 771359632 1.417658e-08 4186562710 1.417658e-08 3211480542 1.417658e-08 346987663 1.417658e-08 1922039940 1.417658e-08 2110688926 1.417658e-08 1314810707 1.417658e-08 2472898255 1.417658e-08 3459912306 1.417658e-08 1598213090 1.417658e-08 1495382923 1.417658e-08 722767024 1.417658e-08 515125813 1.417658e-08 1298902656 1.417658e-08 3532628785 1.417658e-08 826924968 1.417658e-08 3190311976 1.417658e-08 841878026 1.417658e-08 2747938267 1.417658e-08 3177521820 1.417658e-08 3363025910 1.417658e-08 1290268226 1.417658e-08 764400056 1.417658e-08 1517815290 1.417658e-08 66064165 1.417658e-08 
4566671.0 1 734120091 9.304998000000001e-08 2475979558 
4566671.0 1 734120091 1.0722657000000001e-07 66064165 
4566671.0 1 734120091 1.2140318e-07 1517815290 
4566671.0 1 734120091 1.3557968e-07 2649056468 
4566671.0 1 734120091 1.4975628e-07 3381587904 
4566677.0 1 734120091 1.6393288e-07 764400056 
4566782.0 1 3089865955 2.835316e-08 2426951832 
4568661.0 0 2747938267 1.417658e-08 3527214469 
4575069.0 1 3089865955 4.252974e-08 346987663 
4576116.0 0 4259593397 1.507874e-06 2110688926 
4577549.0 1 4259593397 1.5220505799999999e-06 651046398 
4583220.0 0 1826422368 1.418415e-08 3433591204 
4592623.0 1 3150846686 1.303221e-06 2016090987 
4610241.0 0 1867247157 1.418415e-08 175860597 
4610425.0 0 3202152185 1.454159e-08 552498239 
4612481.0 0 3177521820 1.417658e-08 72955594 
4614403.0 0 2110688926 1.417658e-08 3526559023 
4618044.0 3 695939830 1.417658e-08 3492274228 2766526296 1.4e-08 
4623542.0 1 4259593397 1.5362265799999999e-06 2704180049 
4628515.0 0 4259593397 1.536227e-06 3177521820 
4629474.0 1 1465560917 7.5938473e-07 2074240873 
4631362.0 1 4259593397 1.5504035799999999e-06 1850435983 
4662009.0 0 3449694611 1.417658e-08 2449448537 
4701996.0 2 19131048 1.4353160000000001e-08 3342541004 2454553876 1.4e-08 
4704517.0 0 598947138 2.796859e-08 1298902656 
4705369.0 1 4259593397 1.56475616e-06 19131048 
4706294.0 1 1465560917 7.735612799999999e-07 722767024 
4714589.0 0 3330100144 1.74325e-08 2733144751 
4716520.0 3 73116178 1.417658e-08 1292023300 1923515514 1.4e-08 
4716699.0 2 3150846686 2.03494946e-06 1465560917 3339828518 2.091642e-08 105819081 2.091642e-08 
4719442.0 0 3150846686 2.034949e-06 217284033 
4721107.0 0 3190311976 1.417658e-08 2670951229 
4738934.0 1 3150846686 2.05586542e-06 105819081 
4747980.0 0 4259593397 1.564757e-06 481049431 
4795043.0 0 2235064901 9.225369e-07 3202152185 
4795966.0 1 2235064901 9.3707849e-07 3202152185 
4797816.0 1 4259593397 1.5789335799999999e-06 2564127097 
4798896.0 0 378125977 1.428025e-08 4285585893 
4818580.0 1 3150846686 2.07004158e-06 2367820772 
4822951.0 1 3150846686 2.090952e-06 217284033 
4837183.0 3 287394855 1.417658e-08 2766526296 533433650 1.4e-08 
4840923.0 1 3150846686 2.11186842e-06 3339828518 
4856157.0 0 3330100144 1.74325e-08 1495382923 
4861239.0 1 3150846686 2.12604458e-06 72955594 
4861448.0 1 3150846686 2.1402215799999998e-06 3177521820 
4873581.0 1 3150846686 2.1542220000000002e-06 1002680420 
4874674.0 0 598947138 2.796859e-08 2683944377 
4888188.0 0 1458665800 1.820033e-07 481049431 
4891308.0 0 1035492323 2.791e-08 1922039940 
4898818.0 1 3150846686 2.1687635899999997e-06 649593533 
4899410.0 1 3150846686 2.18293958e-06 841878026 
4901569.0 3 259930472 1.3999999999999996e-08 1831065885 1601889739 2.033626e-08 381652938 2.033626e-08 
4930864.0 1 4259593397 1.59310958e-06 1194638860 
4942465.0 2 3150846686 2.18294e-06 1565786989 96665495 1.4e-08 1342185090 1.416815e-08 
4942988.0 1 3150846686 2.1971081500000002e-06 1342185090 
4947144.0 1 949068759 4.208658e-08 175860597 
4949609.0 2 1751902433 1.5395320000000003e-08 550176535 149784911 1.4e-08 
4954693.0 0 3071577057 1.521291e-08 2980075456 
4956035.0 0 3528190190 1.454159e-08 2683944377 
4963398.0 2 2719204682 1.4047430000000001e-08 1960974751 85224627 1.401337e-08 
4967092.0 0 771359632 1.417658e-08 73116178 
4974540.0 2 2110688926 1.4353160000000001e-08 2789301560 1965662198 1.4e-08 
4976695.0 1 3373526895 1.39604159e-06 2213923665 
4984104.0 1 1458665800 1.960033e-07 533433650 
4996587.0 1 373638573 1.0000010209099999 2858952728 
5013510.0 3 73116178 1.417658e-08 96665495 110439229 1.4e-08 
5017698.0 0 3150846686 2.197108e-06 2654473721 
5028407.0 0 2177968201 1.74325e-08 481808867 
5035982.0 1 4259593397 1.6072865799999999e-06 2654473721 
5039192.0 1 4259593397 1.62163916e-06 2110688926 
5046685.0 1 2235064901 9.5125498e-07 2980075456 
5061877.0 3 949068759 1.400001e-08 2348040613 1449522982 1.561847e-08 3279439195 1.561847e-08 360107933 1.561847e-08 
5089994.0 0 3150846686 2.197108e-06 110439229 
5113762.0 0 3150846686 2.197108e-06 515125813 
5145888.0 0 1458665800 1.960033e-07 1965662198 
5163769.0 2 2353028958 1.4353160000000001e-08 481049431 1657444763 1.4e-08 
5189499.0 0 1237914369 2.005111e-08 114837353 
5213000.0 0 406745133 2.83683e-08 110439229 
5215555.0 0 1848242772 1.795285e-08 898751805 
5232363.0 2 1449522982 1.579505e-08 826924968 58759274 1.4e-08 
5240148.0 1 3373526895 1.4105825899999998e-06 579073438 
5264682.0 0 4259593397 1.62164e-06 1922039940 
5274884.0 1 2235064901 9.796233e-07 406745133 
5291727.0 0 3528190190 1.454159e-08 1965662198 
5329053.0 0 3063534263 1.554962e-08 378125977 
5338442.0 0 515125813 1.417658e-08 1759850032 
5340107.0 1 3150846686 2.211108e-06 875106938 
5357825.0 0 360107933 1.561847e-08 695939830 
5365064.0 2 483021244 1.4718170000000001e-08 114837353 2135013218 1.4e-08 
5414515.0 1 373638573 1.0000010140840798 4212779140 
5423843.0 0 4259593397 1.62164e-06 695939830 
5425371.0 2 3363025910 1.4353160000000001e-08 3201932102 470332523 1.4e-08 
5430585.0 2 1601889739 2.0877850000000002e-08 3528190190 3217169414 1.4e-08 
5432107.0 0 552634658 1.454159e-08 515125813 
5433986.0 0 734120091 1.639329e-07 771359632 
5438920.0 2 2683944377 1.43683e-08 783121895 3030801476 1.4e-08 
5448671.0 1 4259593397 1.63564e-06 58759274 
5451211.0 3 3180086772 1.858468e-08 1462644303 2208266878 1.4e-08 
5505325.0 1 373638573 1.0000010181641998 2024675612 
5521441.0 1 2235064901 9.936233e-07 1621314342 
5549435.0 2 4035587434 2.205229e-08 1298902656 3715668764 1.4e-08 
5562707.0 3 734120091 1.5790093e-07 4285585893 3418547556 2.021612e-08 
5567196.0 2 2961226102 1.436073e-08 771359632 355298688 1.4e-08 
5575951.0 0 4259593397 1.63564e-06 1657444763 
5594336.0 0 3150846686 2.211108e-06 3527214469 
5636330.0 1 4259593397 1.6496399999999999e-06 1965662198 
5649933.0 0 734120091 1.579009e-07 2950407739 
5654642.0 0 3150846686 2.211108e-06 1826422368 
5668397.0 0 2235064901 9.936233e-07 2683944377 
5688810.0 0 1371202285 1.999776e-08 1923515514 
5690936.0 3 1237914369 2.005111e-08 4287239676 4193709834 1.4e-08 
5693651.0 0 3373526895 1.410583e-06 2950407739 
5719893.0 1 4259593397 1.66381658e-06 4186562710 
5727835.0 0 3150846686 2.211108e-06 1674415855 
5753125.0 0 1055469694 1.454159e-08 2961226102 
5753330.0 2 1867247157 1.436073e-08 2780384598 584993009 1.4e-08 
5762275.0 3 3434666020 1.405859e-08 3433591204 1499007652 1.4e-08 
5768994.0 1 4259593397 1.6792113200000001e-06 1751902433 
5806722.0 2 1237914369 2.0769280000000002e-08 483021244 755060644 1.4e-08 
5818368.0 0 734120091 1.579009e-07 2208266878 
5834359.0 1 3150846686 2.22528458e-06 1290268226 
5856513.0 3 2014426858 1.454159e-08 4193709834 3270476896 1.4e-08 
5876680.0 3 2466232951 1.3999989999999998e-08 3755198008 3934203265 1.404708e-08 1292024166 1.404708e-08 
5888729.0 1 3150846686 2.239285e-06 1923515514 
5907069.0 0 1598213090 1.417658e-08 1292024166 
5911228.0 0 1458665800 1.960033e-07 2014426858 
5940772.0 1 3150846686 2.25346158e-06 3527214469 
5941202.0 0 734120091 1.579009e-07 2472898255 
5962354.0 1 3150846686 2.2708935000000003e-06 3330100144 
5964508.0 1 2235064901 1.0078074499999998e-06 1826422368 
5978771.0 2 1867247157 1.440816e-08 2719204682 1323984060 1.4e-08 
6005192.0 0 3150846686 2.270894e-06 1061526795 
6023546.0 3 3715668764 1.4e-08 2449448537 4197927596 1.4e-08 
6023910.0 1 4259593397 1.69338758e-06 695939830 
6027169.0 0 741863299 4.191e-08 1035492323 
6057601.0 0 1323984060 1.4e-08 3030801476 
6067159.0 1 2235064901 1.02868485e-06 1601889739 
6069159.0 0 3150846686 2.270894e-06 287394855 
6094200.0 0 3150846686 2.270894e-06 3217169414 
6100248.0 1 4259593397 1.70757215e-06 3059144981 
6103076.0 3 3211480542 1.417658e-08 3217169414 1414892502 1.4e-08 
6112937.0 2 1848242772 1.812943e-08 73116178 4201342597 1.4e-08 
6115385.0 1 3373526895 1.42475958e-06 2950407739 
6135412.0 1 2235064901 1.04902126e-06 381652938 
6145523.0 0 3373526895 1.42476e-06 3983774618 
6159169.0 1 3150846686 2.28530216e-06 1867247157 
6159617.0 1 2235064901 1.063022e-06 259930472 
6159620.0 0 2235064901 1.063022e-06 2341758500 
6173942.0 3 755060644 1.4e-08 355298688 2391696826 1.4e-08 
6179562.0 0 174500547 1.635602e-08 2670951229 
6180954.0 1 734120091 1.7226919999999998e-07 2683944377 
6181976.0 1 3150846686 2.29947858e-06 1061526795 
6201232.0 1 3150846686 2.31806268e-06 3180086772 
6215712.0 0 1458665800 1.960033e-07 4197927596 
6216774.0 3 1370908750 1.497774e-08 1649557018 4138371369 1.4e-08 
6231079.0 1 3373526895 1.43893658e-06 1771264541 
6238876.0 1 3150846686 2.332063e-06 4138371369 
6246193.0 0 3449694611 1.417658e-08 1674415855 
6260701.0 1 4259593397 1.72174858e-06 552498239 
6261167.0 3 309459595 1.401372e-08 2250879299 3590332688 1.4e-08 
6264421.0 2 79461789 1.8532620000000003e-08 538453177 1745749016 1.4e-08 
6268354.0 3 2472898255 1.417658e-08 2208266878 2711965517 1.4e-08 
6270222.0 0 3532628785 1.417658e-08 2472898255 
6301146.0 3 2746930994 1.408408e-08 1323984060 2933223072 1.4e-08 
6303191.0 0 2353028958 1.435316e-08 3983774618 
6317404.0 0 360107933 1.561847e-08 2286860921 
6318226.0 0 3373526895 1.438936e-06 2014426858 
6323420.0 1 2235064901 1.07719858e-06 3532628785 
6376539.0 1 3373526895 1.45455447e-06 360107933 
6398475.0 1 3373526895 1.468555e-06 2135013218 
6403763.0 0 3418547556 2.021612e-08 3934203265 
6411365.0 1 179097684 6.6841648e-07 1598213090 
6445212.0 0 598947138 2.796859e-08 470332523 
6462691.0 1 179097684 6.824165e-07 1499007652 
6468551.0 0 4259593397 1.721749e-06 755060644 
6476012.0 1 179097684 6.964164999999999e-07 3030801476 
6531674.0 0 4259593397 1.721749e-06 3952655669 
6532962.0 0 1495382923 1.417658e-08 755060644 
6544543.0 0 3373526895 1.468555e-06 2670951229 
6578678.0 0 4201342597 1.4e-08 149784911 
6581903.0 3 2622395779 1.4e-08 2391696826 1987038079 1.438866e-08 3797386594 1.438866e-08 
6582167.0 2 2747938267 1.4353160000000001e-08 3554620561 1280619132 1.4e-08 
6585014.0 1 4259593397 1.7419651200000001e-06 3418547556 
6590023.0 1 1458665800 2.1000329999999998e-07 149784911 
6615926.0 3 2669757562 1.4000000000000003e-08 2177968201 4105879141 1.567125e-08 3088551619 1.567125e-08 
6639078.0 1 3797386594 2.838866e-08 2622395779 
6667718.0 2 3952655669 1.444481e-08 224410298 3443287411 1.4e-08 
6670035.0 1 3373526895 1.482555e-06 2711965517 
6692156.0 0 1848242772 1.812943e-08 1759850032 
6724475.0 1 2235064901 1.09137458e-06 2472898255 
6725689.0 1 3150846686 2.34623958e-06 287394855 
6769195.0 1 3150846686 2.36024e-06 4201342597 
6772674.0 0 3150846686 2.36024e-06 1370908750 
6781346.0 1 4259593397 1.75631816e-06 2747938267 
6781888.0 1 3150846686 2.37460073e-06 2961226102 
6788587.0 0 3279439195 1.561847e-08 1503202005 
6795798.0 2 1848242772 1.8671020000000002e-08 393090083 3981989558 1.4e-08 
6805092.0 0 734120091 1.722692e-07 1745749016 
6807351.0 0 3088551619 1.567125e-08 2341758500 
6866155.0 0 515125813 1.417658e-08 2670951229 
6902332.0 3 3459912306 1.417658e-08 110439229 1165174376 1.4e-08 
6904763.0 1 373638573 1.00000101635602 174500547 
6911112.0 3 3526559023 1.417658e-08 2669757562 3467386575 1.4e-08 
6945417.0 3 515125813 1.417658e-08 3467386575 4263904522 1.4e-08 
6967508.0 0 309459595 1.401372e-08 85224627 
6994987.0 1 3373526895 1.49673158e-06 515125813 
7017196.0 1 4259593397 1.77049458e-06 3459912306 
7045017.0 1 2235064901 1.105375e-06 4263904522 
7047984.0 0 3150846686 2.3746e-06 1370908750 
7073614.0 0 734120091 1.722692e-07 3485819286 
7202882.0 0 1458665800 2.100033e-07 3443287411 
7220156.0 1 3150846686 2.38877658e-06 2341758500 
7225028.0 0 4105879141 1.567125e-08 1987038079 
7225208.0 0 3150846686 2.388777e-06 3981989558 
7253768.0 1 2555962951 6.6011158e-07 3190311976 
7272156.0 0 3797386594 2.838866e-08 1414892502 
7283735.0 2 3088551619 1.584783e-08 229435916 4267941538 1.4e-08 
7283736.0 1 3088551619 2.9847829999999996e-08 4267941538 
7303687.0 1 3373526895 1.51111966e-06 1987038079 
7311983.0 0 734120091 1.722692e-07 2933223072 
7318913.0 2 1370908750 1.515432e-08 3526559023 3372193553 1.4e-08 
7324122.0 1 373638573 1.0000010419099998 1986278615 
7325275.0 1 373638573 1.00000101567125 4105879141 
7357798.0 3 1848242772 1.8665129999999997e-08 3211480542 3681452412 1.418247e-08 
7388078.0 3 3088551619 1.3999990000000003e-08 3372193553 2604064924 1.492392e-08 3458662533 1.492392e-08 
7423315.0 3 1327969783 2.791e-08 3981989558 762210064 1.4e-08 
7442265.0 0 3373526895 1.51112e-06 2014426858 
7442440.0 1 3373526895 1.5256615899999999e-06 2014426858 
7450008.0 0 179097684 6.964165e-07 3458662533 
7466169.0 0 2235064901 1.105375e-06 1414892502 
7473125.0 0 4035587434 2.205229e-08 3449694611 
7488129.0 1 3373526895 1.54058492e-06 3458662533 
7498444.0 0 3681452412 1.418247e-08 3715668764 
7551372.0 1 4259593397 1.784495e-06 3443287411 
7552940.0 1 2235064901 1.12614428e-06 1237914369 
7565177.0 0 3373526895 1.540585e-06 1370908750 
7600432.0 0 179097684 6.964165e-07 2604064924 
7611498.0 0 179097684 6.964165e-07 3088551619 
7652152.0 3 1458665800 1.9060084e-07 1327969783 570164134 1.577082e-08 2418772576 1.577082e-08 2105330617 1.577082e-08 
7653383.0 0 3150846686 2.388777e-06 309459595 
7674226.0 1 179097684 7.104165e-07 3088551619 
7674790.0 0 179097684 7.104165e-07 2604064924 
7683137.0 1 3373526895 1.55573932e-06 1370908750 
7686584.0 1 179097684 7.2534042e-07 2604064924 
7728121.0 3 3089865955 2.4432100000000002e-08 3314075649 964813250 1.604882e-08 2039170765 1.604882e-08 
7731767.0 3 179097684 7.1075589e-07 1055469694 4278040469 1.456305e-08 241690685 1.456305e-08 
7734738.0 0 179097684 7.107559e-07 4278040469 
7735561.0 0 179097684 7.107559e-07 4278040469 
7736004.0 1 179097684 7.253189500000001e-07 4278040469 
7775065.0 0 2353028958 1.435316e-08 1414892502 
7784907.0 2 1848242772 1.920672e-08 3167902617 1703904600 1.4e-08 
7786262.0 0 598947138 2.796859e-08 552634658 
7821428.0 1 3373526895 1.57030305e-06 241690685 
7835409.0 1 3150846686 2.402777e-06 1280619132 
7847274.0 0 309459595 1.401372e-08 2408568032 
7885323.0 0 1848242772 1.920672e-08 1703904600 
7896097.0 0 4259593397 1.784495e-06 3449694611 
7940435.0 2 1503202005 1.489475e-08 2353028958 3814978291 1.4e-08 
7946358.0 1 734120091 1.8716395e-07 1503202005 
8005298.0 0 2418772576 1.577082e-08 1577969976 
8071533.0 0 3373526895 1.570303e-06 2418772576 
8080721.0 1 373638573 1.00000101418415 1072840122 
8097858.0 1 3150846686 2.41679037e-06 85224627 
8098978.0 1 2235064901 1.14087178e-06 1896745001 
8101972.0 0 3150846686 2.41679e-06 79461789 
8105520.0 0 2235064901 1.140872e-06 1922039940 
8107502.0 1 2716949832 2.854159e-08 755060644 
8125649.0 1 3373526895 1.5843029999999999e-06 3814978291 
8162012.0 1 3150846686 2.4307900000000002e-06 4197927596 
8179975.0 1 2235064901 1.16926066e-06 3797386594 
8197461.0 0 1848242772 1.920672e-08 1703904600 
8209039.0 0 2670951229 1.417658e-08 3434666020 
8226821.0 3 179097684 7.184693999999999e-07 2418772576 118566979 2.262042e-08 
8227854.0 0 179097684 7.184694e-07 118566979 
8228090.0 0 179097684 7.184694e-07 118566979 
8228323.0 1 179097684 7.4108982e-07 118566979 
8246951.0 1 2235064901 1.18326e-06 1165174376 
8263500.0 3 4035587434 2.205229e-08 2466232951 894269343 1.4e-08 
8293870.0 2 1199222225 1.4289820000000001e-08 3434666020 932943525 1.4e-08 
8356522.0 1 2555962951 6.741116e-07 762210064 
8488895.0 0 734120091 1.87164e-07 894269343 
8504106.0 1 3150846686 2.4449665799999998e-06 1314810707 
8516402.0 1 3373526895 1.598303e-06 3715668764 
8856781.0 0 2235064901 1.18326e-06 3983774618 
8912340.0 3 3349724438 1.408408e-08 2933223072 250347941 1.4e-08 
8915230.0 1 373638573 1.000001014 1674415855 
8951979.0 1 4259593397 1.81303659e-06 2716949832 
8986274.0 3 1035492323 1.4e-08 2670951229 2292589682 1.404329e-08 3971437066 1.404329e-08 
9044368.0 1 4259593397 1.83308711e-06 4088625113 
9054928.0 1 373638573 1.000001014 949068759 
9099596.0 0 3373526895 1.598303e-06 66987975 
9101062.0 3 3983774618 1.408408e-08 3590332688 2810179169 1.4e-08 
9101216.0 1 3983774618 2.808408e-08 2810179169 
9180976.0 1 3150846686 2.4589670000000002e-06 250347941 
9183884.0 1 2235064901 1.20179262e-06 79461789 
9217658.0 3 3983774618 2.402257e-08 2454553876 1803012522 1.806151e-08 
9219172.0 2 1803012522 1.835133e-08 1199222225 3940915008 1.4e-08 
9221786.0 1 3373526895 1.612303e-06 894269343 
9237214.0 3 3279439195 1.561847e-08 1703904600 3593659676 1.4e-08 
9285032.0 1 3373526895 1.62631672e-06 309459595 
9293140.0 1 3150846686 2.4773183299999998e-06 1803012522 
9313759.0 0 3940915008 1.4e-08 1035492323 
9373863.0 2 2235064901 1.20179304e-06 734120091 2744143284 1.4e-08 2002691604 1.443033e-08 3223248356 1.443033e-08 101557930 1.443033e-08 678688578 1.443033e-08 2222966094 1.443033e-08 1301910447 1.443033e-08 2919535035 1.443033e-08 2855048822 1.443033e-08 682911345 1.443033e-08 238807518 1.443033e-08 1840937626 1.443033e-08 1734007597 1.443033e-08 
9377554.0 1 2235064901 1.21622333e-06 678688578 
9379137.0 1 2235064901 1.23065333e-06 682911345 
9381710.0 1 4259593397 1.84717108e-06 2746930994 
9391281.0 3 3983774618 2.3790790000000004e-08 2002691604 4088691616 1.466211e-08 
9412176.0 1 2235064901 1.2450843299999999e-06 2855048822 
9425113.0 1 2235064901 1.2595143299999999e-06 238807518 
9451172.0 1 3150846686 2.49140208e-06 3349724438 
9453847.0 0 2235064901 1.259514e-06 2222966094 
9459432.0 1 3373526895 1.640316e-06 2744143284 
9552665.0 1 3150846686 2.50583233e-06 3223248356 
9565188.0 1 3150846686 2.52962379e-06 3983774618 
9601910.0 2 4259593397 2.0141169499999998e-06 1458665800 2087527840 2.365495e-08 
9633584.0 1 2235064901 1.2739443299999999e-06 2222966094 
9680843.0 0 2235064901 1.273945e-06 101557930 
9684543.0 1 2235064901 1.28837533e-06 2919535035 
9686656.0 0 3150846686 2.529623e-06 1734007597 
9702120.0 3 1495382923 1.417658e-08 2733144751 2065940037 1.4e-08 
9716807.0 0 3150846686 2.529623e-06 3485819286 
9737930.0 1 2235064901 1.30303711e-06 4088691616 
9902803.0 0 1347872676 2.791e-08 3952655669 
9914565.0 1 2235064901 1.31746733e-06 101557930 
9955572.0 1 2235064901 1.33164458e-06 1089013536 
9965734.0 1 2235064901 1.34607433e-06 1840937626 
9965815.0 1 373638573 1.000001014 1553963666 
