16.98747 1 545239233 3.0701e-07 2308721517 
78.1254 0 3534547045 2.791e-07 925199572 
173.7683 1 3921011129 3.0701e-07 3421887303 
197.7131 1 858320168 5.582e-08 387772665 
209.9245 1 3373526895 3.0701e-07 1134175585 
461.7814 0 2455496064 2.791e-08 1735432893 
469.4212 1 3534547045 3.0701e-07 1731090175 
483.2978 0 2455496064 2.791e-08 3126241903 
723.2326 1 728028737 5.582e-08 825415804 
780.4471 1 4231632140 5.582e-08 870323177 
944.3004 0 1425083048 2.791e-08 3326748277 
1011.291 1 3004792470 3.0701e-07 3736601249 
1018.041 1 4259593397 3.0701e-07 1593850299 
1051.133 1 545239233 3.3492e-07 636961411 
1190.62 1 3004792470 3.3492e-07 1963165541 
1191.979 1 2246051850 3.0701e-07 211811971 
1197.543 1 790319072 5.582e-08 810769555 
1226.563 0 1541946641 2.791e-08 3774459889 
1620.102 1 3534547045 3.3492e-07 3889879026 
1884.711 1 3373526895 3.3492e-07 3841896594 
1962.568 0 3621383820 2.791e-08 3257166052 
1975.289 1 2984600922 3.0701e-07 3891448235 
2011.778 1 1986278615 5.582e-08 3933289935 
2025.741 1 3534547045 3.6283e-07 1661091397 
2043.719 1 3823443426 5.582e-08 3988949870 
2058.046 0 3126241903 2.791e-08 3938221642 
2137.085 1 2340740170 3.0701e-07 314650893 
2247.435 1 1128709694 5.582e-08 2681375347 
2408.909 0 3621383820 2.791e-08 778035964 
2542.427 1 245436729 5.582e-08 257754683 
2629.075 1 3621383820 5.582e-08 3257166052 
2643.282 1 3737780296 3.0701e-07 3279231079 
2653.031 1 1123501568 5.582e-08 3707189490 
2700.258 1 1075699702 3.3492e-07 1986278615 
2706.138 0 2408568032 2.791e-08 1593891639 
2948.563 1 2246051850 3.3492e-07 1481166135 
2959.575 0 2205180068 2.791e-08 873214132 
3024.796 1 3150846686 3.0701e-07 725558489 
3130.177 1 3921011129 3.6283e-07 858320168 
3563.041 0 780264402 2.791e-08 925199572 
3675.526 1 2799798816 3.0701e-07 333964007 
3797.544 1 2246051850 3.6283e-07 2718413753 
3931.098 0 426576124 2.791e-07 3824069879 
4009.621 1 3150846686 3.3492e-07 3232700421 
4214.796 1 4031050948 3.0701e-07 2261252686 
4325.685 1 4231632140 8.373e-08 2125112500 
4419.582 1 1075699702 3.6283e-07 869234806 
4434.646 1 545239233 3.6283e-07 1425083048 
4856.424 0 476505668 2.791e-07 1498734392 
4922.328 1 1222799196 3.0701e-07 3774459889 
4968.228 0 2455496064 2.791e-08 3126241903 
5096.89 1 3737780296 3.3492e-07 3736894086 
6054.471 0 331336395 2.791e-08 3919821980 
6136.565 1 1222799196 3.3492e-07 3357643131 
6306.531 1 3373526895 3.6283e-07 1631081845 
6583.947 1 582973675 5.582e-08 2038493855 
6970.145 1 1502094437 5.582e-08 717226258 
7856.033 1 2340740170 3.3492e-07 905418128 
8751.888 1 4259593397 3.6283e-07 790319072 
8865.936 1 1037584679 5.582e-08 405521437 
9288.253 1 3116505811 5.582e-08 2178051842 
9355.432 0 197654791 2.791e-08 2937387076 
9415.294 1 1068020906 0.0009545791 618276123 
9715.483 1 3800257563 3.0701e-07 916523109 
10060.62 1 1222799196 3.6283e-07 2205180068 
10320.39 0 1379399837 2.791e-08 778035964 
10549.25 1 2340740170 3.6283e-07 1321648343 
10594.85 1 2799798816 3.3492e-07 2046083849 
10636.75 1 2340740170 3.9073999999999996e-07 3071234124 
10704.76 0 3938221642 2.791e-08 780264402 
11728.34 1 2340740170 4.1865e-07 2932274237 
11834.04 1 3921011129 3.9073999999999996e-07 3061883439 
11998.67 1 1541946641 5.582e-08 3775452048 
12198.42 1 3373526895 3.9073999999999996e-07 486050091 
12558.32 1 2349140130 5.582e-08 3749853089 
12973.16 1 3921011129 4.1865e-07 1494141940 
13005.61 1 1465560917 3.0701e-07 3555679070 
13540.45 0 3116505811 5.582e-08 1584276479 
13988.89 0 179097684 2.791e-07 1206764858 
14290.69 1 2799798816 3.6283e-07 598947138 
14332.06 1 1068020906 0.0009546070100000001 3919026803 
14501.66 1 4259593397 3.9073999999999996e-07 2870158420 
14819.29 1 179097684 3.0701e-07 1206764858 
14873.49 1 545239233 3.9073999999999996e-07 2737363250 
15158.55 1 582973675 8.373e-08 2393342300 
15662.28 0 873214132 2.791e-08 2451350669 
15734.64 2 2235064901 2.791e-07 3621383820 3687573659 1.4e-08 3196256300 2.091e-08 848448836 2.091e-08 
15795.67 0 3800234335 2.791e-08 780264402 
16415.04 0 1379399837 2.791e-08 3908154577 
16511.54 1 3737780296 3.6283e-07 2911053862 
16513.42 0 2246051850 3.6283e-07 941534069 
17411.71 0 2235064901 2.791e-07 3196256300 
17458.83 1 3921011129 4.7447e-07 3116505811 
17788.55 1 2246051850 3.9073999999999996e-07 688805295 
17980.14 0 2340740170 4.1865e-07 482917538 
18526.33 1 2799798816 3.9073999999999996e-07 1156624510 
18634.86 1 1572835533 3.0701e-07 197654791 
19128.5 1 545239233 4.1865e-07 2835620284 
19252.39 0 2235064901 2.791e-07 3616865126 
19559.67 0 384163328 2.791e-08 6723929 
19575.98 0 1790255658 2.791e-08 2693713428 
20225.71 0 778035964 2.791e-08 1584276479 
20400.39 1 245436729 8.373e-08 482917538 
20711.29 1 3150846686 3.6283e-07 2779686750 
21009.96 1 2984600922 3.6283e-07 3823443426 
21086.64 0 3373526895 3.9074e-07 1735432893 
21276.55 1 1502094437 8.373e-08 941534069 
21307.71 1 1502094437 1.1164e-07 953296898 
21516.39 0 3534547045 3.6283e-07 925199572 
22389.53 0 3150846686 3.6283e-07 3687573659 
22926.53 0 3800234335 2.791e-08 2455496064 
23096.1 1 3921011129 5.0238e-07 3084497907 
23276.22 1 1572835533 3.3492e-07 1444500749 
23589.61 0 3373526895 3.9074e-07 1738899943 
23609.03 0 1593891639 2.791e-08 949068759 
23952.32 0 1239791232 2.791e-08 129185354 
24482.59 0 3800234335 2.791e-08 1735432893 
24575.26 0 1465560917 3.0701e-07 259930472 
25460.11 0 582973675 8.373e-08 3938221642 
25813.21 0 1379399837 2.791e-08 3919821980 
27063.76 1 1465560917 3.3492e-07 2451350669 
27324.37 2 582973675 8.373001e-08 2349140130 2211003714 2.752801e-08 2916276788 1.414599e-08 3696193412 1.414599e-08 
27834.38 0 582973675 8.373e-08 2916276788 
28177.26 1 3150846686 3.9073999999999996e-07 3326748277 
28820.22 1 2340740170 5.0238e-07 245436729 
29461.38 0 3908154577 2.791e-08 1738899943 
30333.99 0 384163328 2.791e-08 3150420704 
30395.79 0 3534547045 3.6283e-07 2455496064 
30995.36 1 2799798816 4.1865e-07 1227575429 
32287.07 0 331336395 2.791e-08 3800234335 
32557.38 1 1068020906 0.00095463491 2757833455 
32803.19 1 3150846686 4.1865e-07 2859795595 
33166.39 1 3800257563 3.3492e-07 300193622 
33193.64 0 2235064901 2.791e-07 1738899943 
33213.86 1 545239233 4.4656e-07 3150420704 
33440.0 1 1465560917 3.6283e-07 259930472 
34121.39 1 545239233 4.7447e-07 3121047530 
34129.69 1 3833318790 5.582e-08 3490627259 
34949.53 0 1379399837 2.791e-08 3196256300 
34968.29 0 1572835533 3.3492e-07 3498415124 
36795.95 0 2340740170 5.0238e-07 1516068388 
37118.0 0 2235064901 2.791e-07 848448836 
38203.13 1 2799798816 4.4656e-07 741863299 
38891.72 0 2340740170 5.0238e-07 1516068388 
39540.41 0 3241671100 2.791e-08 2937387076 
40255.42 1 3534547045 3.9073999999999996e-07 925199572 
40441.75 1 545239233 4.9538e-07 3196256300 
40674.14 0 2620740164 2.791e-08 739080713 
41123.44 1 2340740170 5.302900000000001e-07 2409063466 
41214.24 0 1572835533 3.3492e-07 561528368 
42174.9 0 1379399837 2.791e-08 1584276479 
42415.35 1 2340740170 5.582e-07 3732071459 
43529.08 0 545239233 4.9538e-07 384163328 
44030.62 0 1465560917 3.6283e-07 1593891639 
45427.82 1 2235064901 3.0701e-07 287801793 
49560.11 0 3150846686 4.1865e-07 384163328 
51332.37 1 3921011129 5.302900000000001e-07 1738899943 
51337.89 0 2555962951 2.791e-07 997905375 
51814.41 0 2519559028 2.791e-07 3519923770 
52008.49 0 1465560917 3.6283e-07 2693713428 
52477.08 0 4231632140 8.373e-08 848448836 
52690.41 1 545239233 5.232900000000001e-07 1790255658 
53340.66 1 384163328 5.582e-08 3616865126 
53406.59 1 3373526895 4.1865e-07 3938221642 
54086.48 1 3800257563 3.6283e-07 865537991 
55599.67 0 3908154577 2.791e-08 2455496064 
55676.78 1 582973675 1.1164e-07 2528553283 
57046.13 1 426576124 3.0701e-07 1347872676 
58372.13 0 582973675 1.1164e-07 3696193412 
59094.42 0 778035964 2.791e-08 3687573659 
59363.52 0 3373526895 4.1865e-07 3908154577 
60440.98 0 3921011129 5.3029e-07 3908154577 
60678.0 0 1651612823 2.791e-08 659524895 
61830.72 0 1572835533 3.3492e-07 2487301543 
62074.48 0 4259593397 3.9074e-07 949068759 
64372.8 0 3921011129 5.3029e-07 1379399837 
64638.32 0 582973675 1.1164e-07 3696193412 
64776.32 0 3921011129 5.3029e-07 1379399837 
65665.32 0 40245973 2.791e-08 3114612365 
66197.75 0 3921011129 5.3029e-07 3919821980 
68100.65 1 1465560917 3.9073999999999996e-07 949068759 
68432.98 1 3921011129 5.582e-07 1379399837 
71006.32 3 828787466 1.4e-08 2263814062 15308464 2.091e-08 1239307652 2.091e-08 
71185.94 0 1222799196 3.6283e-07 1593891639 
73742.28 1 1572835533 3.6283e-07 2542835646 
74640.02 1 545239233 5.512e-07 4263717482 
76489.71 1 1068020906 0.00095466281 3709881891 
77253.64 1 1075699702 4.1864999999999995e-07 1541946641 
77422.74 1 545239233 6.0702e-07 384163328 
77685.47 0 3737780296 3.6283e-07 4226750145 
78684.99 1 2480932170 5.582e-08 3498415124 
79177.14 0 3800257563 3.6283e-07 3228084226 
79186.79 1 3373526895 4.4656e-07 1735432893 
79326.57 1 3921011129 5.8611e-07 1584276479 
79421.89 1 2799798816 4.7447e-07 2250879299 
79615.3 0 2799798816 4.7447e-07 1327969783 
80441.86 1 3534547045 4.1865e-07 2455496064 
80924.15 0 3373526895 4.4656e-07 3908154577 
82569.69 3 3475245566 1.4e-08 3428193420 1945448119 2.091e-08 3396227953 2.091e-08 
85190.95 0 476505668 2.791e-07 843517319 
86849.24 0 3373526895 4.4656e-07 3919821980 
87412.24 1 3150846686 4.4656e-07 778035964 
87717.26 0 561528368 2.791e-08 3114612365 
87744.72 1 4259593397 4.1865e-07 1327969783 
89224.81 0 921425487 2.791e-08 253808213 
89645.13 0 582973675 1.1164e-07 3696193412 
90108.24 0 4226750145 2.791e-08 1019134040 
90308.76 1 3921011129 8.931200000000001e-07 2235064901 
91560.52 0 3424908067 2.791e-08 2406269022 
92101.57 2 2340740170 5.582e-07 1502094437 3321237907 4.817748e-08 3187199216 1.586563e-08 3330100144 1.586563e-08 310481256 1.586563e-08 817087088 1.586563e-08 
93960.41 0 2340740170 5.582e-07 3330100144 
94091.09 1 4259593397 4.4656e-07 1239791232 
94304.56 1 1403705120 3.0701e-07 1768543625 
94964.63 0 3747246174 2.791e-08 2406269022 
95655.75 0 3373526895 4.4656e-07 331336395 
98518.12 0 3497999925 2.791e-08 2487301543 
100016.9 1 2340740170 5.8611e-07 3114612365 
100145.9 0 3424908067 2.791e-08 2406269022 
100274.8 2 545239233 6.0702e-07 1123501568 551137729 1.4e-08 1218250404 2.091e-08 1035956119 2.091e-08 
102428.3 0 582973675 1.1164e-07 2211003714 
104077.0 0 2340740170 5.8611e-07 1516068388 
104586.2 1 545239233 6.2793e-07 1218250404 
104901.5 1 3534547045 4.3279599e-07 2916276788 
105474.9 1 2340740170 6.3428748e-07 3321237907 
106984.3 1 1075699702 4.7447e-07 1037584679 
107483.3 0 3921011129 8.9312e-07 3800234335 
110160.4 3 331336395 2.480221e-08 3687573659 1211996162 1.710779e-08 
110469.0 1 3534547045 4.60706e-07 780264402 
111009.8 0 511603307 2.791e-08 1239307652 
111097.3 3 2246051850 3.9073997999999984e-07 1572835533 188552836 1.924305e-07 2029773149 1.419996e-08 302486611 1.419996e-08 1842102965 1.419996e-08 1285693762 1.419996e-08 1078741991 1.419996e-08 2723643411 1.419996e-08 1804212609 1.419996e-08 438292632 1.419996e-08 2001290253 1.419996e-08 3147695692 1.419996e-08 3179285865 1.419996e-08 2173231515 1.419996e-08 
111097.4 1 188552836 2.0663046e-07 2173231515 
111097.4 1 188552836 2.2083046e-07 2029773149 
111215.9 0 3424908067 2.791e-08 862710978 
111275.9 1 3534547045 4.8823401e-07 2211003714 
111551.7 1 2246051850 4.0660563000000004e-07 3187199216 
112242.8 0 862710978 2.791e-08 4252347608 
113139.2 0 3424908067 2.791e-08 862710978 
114121.6 0 3268335666 2.791e-08 290926289 
118358.7 1 1068020906 0.00095469071 1134132465 
118483.6 1 3534547045 5.161440000000001e-07 3908154577 
118955.9 0 2074240873 2.791e-08 1945448119 
125327.5 0 102901530 2.791e-08 242414939 
129174.0 1 3534547045 5.44054e-07 3126241903 
129811.6 1 2340740170 6.4848746e-07 2001290253 
132947.5 0 2340740170 6.484874e-07 1842102965 
137088.7 0 199935986 2.791e-08 1458432161 
137471.2 1 2555962951 3.0701e-07 1415695418 
138782.5 0 188552836 2.208304e-07 302486611 
139688.3 1 545239233 6.488400000000001e-07 848448836 
139942.8 1 2340740170 6.6268736e-07 1842102965 
140178.2 0 3497999925 2.791e-08 3147695692 
141724.3 0 1878784256 2.791e-08 4046076794 
142859.4 1 2937387076 5.582e-08 40245973 
145026.6 0 582973675 1.1164e-07 3696193412 
146407.5 1 545239233 6.6303996e-07 302486611 
147199.1 1 1068020906 0.0009547186100000001 29350397 
148850.1 1 3921011129 9.2103e-07 3800234335 
149448.7 1 4231632140 1.0083779e-07 1211996162 
149796.6 0 2480932170 5.582e-08 343742982 
151429.1 1 2519559028 3.0001e-07 3396227953 
153716.1 2 1465560917 3.9074e-07 2480932170 740082705 1.4e-08 2795063678 2.091e-08 3642829293 2.091e-08 
155862.5 0 3373526895 4.4656e-07 632754209 
157743.3 0 1878784256 2.791e-08 828787466 
159119.8 0 3424908067 2.791e-08 3747246174 
162065.5 1 1019134040 5.582e-08 1458665800 
163979.4 1 3921011129 9.419400000000001e-07 1035956119 
164783.1 0 3176785673 2.791e-08 2906924538 
164895.0 2 3424908067 2.877282e-08 2406269022 2707128518 2.704718e-08 
165995.1 0 4231632140 1.008378e-07 3919821980 
167974.1 0 188552836 2.208304e-07 2723643411 
168025.3 1 2937387076 8.373e-08 2870037616 
171155.6 0 3424908067 2.877282e-08 2707128518 
171215.5 0 2246051850 4.066056e-07 740082705 
172271.3 0 2937387076 8.373e-08 102901530 
173859.4 0 343742982 2.791e-08 1804212609 
176117.8 1 3534547045 5.5819999e-07 3696193412 
177829.6 1 4259593397 4.7447e-07 315200650 
178856.4 0 2246051850 4.066056e-07 770580294 
179299.1 2 2984600922 3.6283000999999996e-07 1019134040 474866315 1.633321e-08 1639799867 1.974339e-08 1026028388 1.974339e-08 
179562.1 1 1068020906 0.0009547466100000001 4028593304 
180243.9 0 2984600922 3.6283e-07 2919643181 
180528.1 0 2340740170 6.626874e-07 310481256 
181237.3 1 4259593397 9.4894e-07 1075699702 
182403.2 0 1465560917 3.9074e-07 15308464 
184231.8 0 3424908067 2.877282e-08 4252347608 
184285.3 0 126484229 2.791e-08 754869367 
191051.0 1 2340740170 6.905974e-07 1493201942 
192599.8 1 2340740170 7.0646303e-07 310481256 
194172.5 0 545239233 6.6304e-07 6723929 
195327.0 1 2555962951 3.3492e-07 2545005546 
196320.8 1 2340740170 7.223286299999999e-07 3330100144 
197134.1 0 2768642543 2.791e-08 3245569981 
199266.7 1 838860310 5.582e-08 732124878 
199672.3 0 2710766136 2.791e-08 2298477853 
201609.0 2 179097684 3.0701e-07 3424908067 1128056158 1.4e-08 2909632847 1.477282e-08 
201693.7 0 4031050948 3.0701e-07 4046076794 
201812.5 0 3737780296 3.6283e-07 3176785673 
201918.2 1 179097684 3.2101e-07 1128056158 
203675.5 1 3800257563 3.9073999999999996e-07 385785803 
205886.2 0 3737780296 3.6283e-07 659524895 
205930.6 2 164438789 4.08662e-08 659524895 937177227 1.49538e-08 
207512.9 1 2984600922 3.9073999999999996e-07 4061687915 
208000.9 0 2246051850 4.066056e-07 817087088 
208526.5 3 3747246174 1.4e-08 2707128518 3393811039 2.047859e-08 611212867 2.047859e-08 
208933.6 1 4259593397 9.7685e-07 2408568032 
211830.6 0 4259593397 9.7685e-07 3241671100 
211875.5 0 4259593397 9.7685e-07 3241671100 
212412.3 0 2487301543 2.791e-08 15308464 
212463.8 0 102901530 2.791e-08 770580294 
215370.4 2 3373526895 4.4656004e-07 4231632140 1104410542 1.4e-08 2328232000 1.447296e-08 2999719241 1.447296e-08 1931993247 1.447296e-08 1494850122 1.447296e-08 3414514926 1.447296e-08 2312786130 1.447296e-08 
215421.6 1 3373526895 4.6103296e-07 2328232000 
215456.0 1 3373526895 4.7550596e-07 2999719241 
215462.5 1 3373526895 4.8997886e-07 3414514926 
215615.5 1 3373526895 5.0445186e-07 2312786130 
216152.5 1 3373526895 5.1892486e-07 1931993247 
217124.3 0 2487301543 2.791e-08 817087088 
221255.2 1 2799798816 5.0238e-07 2440120768 
221879.4 0 611212867 2.047859e-08 3747246174 
223005.4 0 611212867 2.047859e-08 3393811039 
224507.8 1 3534547045 5.722e-07 1104410542 
226383.4 1 331336395 3.927517e-08 1494850122 
228206.3 3 1516068388 2.712473e-08 3179285865 3537925318 1.498523e-08 
228543.2 1 611212867 3.4478589999999996e-08 3747246174 
230145.5 1 4259593397 1.00476e-06 2074240873 
230677.9 0 1239307652 2.091e-08 1078741991 
235345.3 0 611212867 3.447859e-08 3393811039 
235760.8 1 611212867 5.495718e-08 3393811039 
237928.6 0 2799798816 5.0238e-07 3475245566 
238080.4 0 3382444416 2.791e-08 511603307 
238326.4 2 611212867 6.246384e-08 862710978 1634407402 2.040334e-08 
238330.9 0 3443220506 2.791e-08 769686034 
239567.3 0 2799798816 5.0238e-07 1639799867 
240072.3 0 2799798816 5.0238e-07 1503861029 
241760.9 0 1222799196 3.6283e-07 2919643181 
241763.7 1 545239233 6.780252299999999e-07 3537925318 
241887.6 2 2340740170 7.223287399999998e-07 3150846686 3869596591 2.539766e-08 3375523036 1.403874e-08 772925454 1.403874e-08 2215785330 1.403874e-08 3491092596 1.403874e-08 57770090 1.403874e-08 3071577057 1.403874e-08 1452489764 1.403874e-08 4260098875 1.403874e-08 3696843781 1.403874e-08 2138100036 1.403874e-08 1726701215 1.403874e-08 1412415798 1.403874e-08 375852842 1.403874e-08 3593732192 1.403874e-08 3888264012 1.403874e-08 313359544 1.403874e-08 217284033 1.403874e-08 2151269300 1.403874e-08 3913511150 1.403874e-08 2962530363 1.403874e-08 2063946235 1.403874e-08 1172086036 1.403874e-08 690117576 1.403874e-08 3288380490 1.403874e-08 845665321 1.403874e-08 3122982648 1.403874e-08 1471982444 1.403874e-08 3303338876 1.403874e-08 2875471576 1.403874e-08 1738909006 1.403874e-08 
241887.8 1 3869596591 3.9436400000000005e-08 1738909006 
241887.9 1 3869596591 5.347514e-08 3375523036 
241888.6 1 690117576 2.807748e-08 1172086036 
241903.6 0 1471982444 1.403874e-08 772925454 
241912.6 1 2340740170 7.363673400000001e-07 3913511150 
242113.5 1 2340740170 7.5040614e-07 2962530363 
242130.6 1 2340740170 7.644448400000001e-07 3122982648 
242354.0 1 3593732192 2.807748e-08 1726701215 
242722.3 0 1804212609 1.419996e-08 375852842 
242944.8 1 545239233 6.9222516e-07 438292632 
243082.7 1 2340740170 7.925223899999999e-07 690117576 
243098.4 1 2340740170 8.0656114e-07 3071577057 
244562.5 1 845665321 2.807748e-08 2138100036 
245671.7 1 2340740170 8.600362499999999e-07 3869596591 
247413.1 0 375852842 1.403874e-08 772925454 
247727.6 1 545239233 7.2030259e-07 3593732192 
248020.0 1 2340740170 8.7407504e-07 2875471576 
248543.3 1 188552836 2.3503036e-07 1285693762 
250895.5 1 2340740170 8.8811374e-07 2151269300 
250968.9 0 2723643411 1.419996e-08 1452489764 
254803.7 0 3303338876 1.403874e-08 217284033 
256824.4 1 545239233 7.3434134e-07 313359544 
257954.5 0 3704423751 2.791e-08 3020817656 
258466.2 3 739080713 2.189656e-08 1035492323 356405251 1.696172e-08 2879167783 1.696172e-08 
259644.2 1 6723929 4.194874e-08 1412415798 
260487.3 0 2937387076 8.373e-08 4122240121 
265134.6 1 3737780296 3.9073999999999996e-07 3012070026 
265524.6 3 126484229 1.93417e-08 2466232951 3083352544 1.823915e-08 4198169764 1.823915e-08 
265566.6 1 4259593397 1.01876e-06 740082705 
266106.7 1 4259593397 1.38159e-06 1222799196 
270993.1 2 545239233 7.343414e-07 6723929 821115011 1.4e-08 2118016430 2.794874e-08 
271810.5 0 545239233 7.343414e-07 375852842 
271846.9 1 545239233 7.4854136e-07 2723643411 
272611.1 0 2246051850 4.066056e-07 102901530 
273686.1 0 545239233 7.485413e-07 821115011 
273900.0 0 770580294 2.791e-08 57770090 
274790.5 0 3888264012 1.403874e-08 4260098875 
278446.2 1 2246051850 4.2080556e-07 3147695692 
281429.6 1 2340740170 9.160238e-07 770580294 
281917.1 1 611212867 8.286718e-08 1634407402 
282516.1 0 2340740170 9.160238e-07 772925454 
283556.6 1 2340740170 9.4410129e-07 845665321 
284176.1 0 873214132 2.791e-08 1239307652 
284775.6 0 3737780296 3.9074e-07 828787466 
285742.7 0 811613008 2.791e-08 1026028388 
290378.0 0 3519923770 2.791e-08 828787466 
292661.1 1 4259593397 1.40133339e-06 1026028388 
293357.4 3 3373526895 5.189248e-07 331336395 1945735688 1.4e-08 4093093422 2.527518e-08 
295157.9 1 3373526895 5.329248e-07 1945735688 
295559.7 1 545239233 7.6258004e-07 3491092596 
298307.3 0 2340740170 9.441012e-07 2118016430 
299615.5 0 2246051850 4.208056e-07 739080713 
300274.1 1 3704423751 4.268282e-08 2909632847 
301652.8 3 4226750145 2.791e-08 3475245566 2842015324 1.4e-08 
301982.3 0 3373526895 5.329248e-07 4093093422 
302444.1 1 2246051850 4.3484434e-07 3288380490 
305725.5 1 2340740170 9.5813994e-07 375852842 
307341.3 0 1516068388 2.712473e-08 551137729 
312012.6 0 873214132 2.791e-08 1452489764 
313475.6 1 3534547045 5.9747518e-07 4093093422 
317769.5 0 3004792470 3.3492e-07 3197676583 
319366.7 1 4188445920 5.582e-08 511603307 
321738.6 0 188552836 2.350304e-07 1804212609 
322570.0 3 3704423751 1.4000020000000003e-08 3020817656 1249238030 1.41482e-08 3214077756 1.41482e-08 879162223 1.41482e-08 3884425642 1.41482e-08 
322616.9 0 3884425642 1.41482e-08 1249238030 
323018.4 0 879162223 1.41482e-08 3704423751 
323432.6 1 879162223 2.81482e-08 3704423751 
323659.5 0 3884425642 1.41482e-08 1249238030 
323692.9 1 879162223 4.22964e-08 3214077756 
325159.5 1 179097684 3.351582e-07 3884425642 
325928.7 0 1866926464 2.791e-08 1878784256 
327032.0 3 3534547045 5.974751700000002e-07 3373526895 1149406307 1.23234e-07 3528332227 1.412727e-08 4004407106 1.412727e-08 451270221 1.412727e-08 3149440925 1.412727e-08 2250775120 1.412727e-08 1130108289 1.412727e-08 2177968201 1.412727e-08 2914302410 1.412727e-08 3655816389 1.412727e-08 3485819286 1.412727e-08 1382686479 1.412727e-08 1803925302 1.412727e-08 3293059020 1.412727e-08 378125977 1.412727e-08 2159618959 1.412727e-08 2441325815 1.412727e-08 3401497744 1.412727e-08 4069401935 1.412727e-08 134948105 1.412727e-08 1998372786 1.412727e-08 2455922112 1.412727e-08 3059103076 1.412727e-08 432337108 1.412727e-08 1902671923 1.412727e-08 4209590891 1.412727e-08 77395223 1.412727e-08 3592986772 1.412727e-08 1246511018 1.412727e-08 3986570268 1.412727e-08 
327032.1 1 1149406307 1.3736127e-07 3986570268 
327032.1 1 1149406307 1.5148857000000002e-07 3528332227 
327092.6 1 1149406307 1.6561587e-07 2914302410 
327092.8 0 3534547045 5.974752e-07 3401497744 
327095.5 1 1149406307 1.7974307e-07 432337108 
327166.4 1 1130108289 2.825454e-08 2250775120 
327166.4 1 3534547045 6.116024700000001e-07 2455922112 
327179.7 0 3534547045 6.116024e-07 77395223 
327241.5 0 3534547045 6.116024e-07 451270221 
327265.9 1 3534547045 6.2572967e-07 2177968201 
327290.1 0 3534547045 6.257297e-07 1382686479 
327347.7 1 1149406307 1.9387037e-07 3293059020 
327359.0 0 1998372786 1.412727e-08 3485819286 
327380.8 0 3534547045 6.257297e-07 3059103076 
327455.6 1 3534547045 6.3985697e-07 134948105 
327663.1 1 3534547045 6.5398427e-07 4069401935 
327862.6 0 3534547045 6.539843e-07 1382686479 
328072.8 1 3534547045 6.6811157e-07 1902671923 
328294.3 0 3519923770 2.791e-08 356405251 
328582.2 0 2340740170 9.5814e-07 1516068388 
328583.9 1 2340740170 9.8526473e-07 1516068388 
328636.1 1 3534547045 6.8223877e-07 3592986772 
328829.4 0 77395223 1.412727e-08 4209590891 
328899.2 1 3534547045 6.963660700000001e-07 1803925302 
329028.2 3 4259593397 1.4013329999999999e-06 1465560917 174500547 2.62629e-08 4083845756 1.401835e-08 110358663 1.401835e-08 1370908750 1.401835e-08 1837234470 1.401835e-08 2945849429 1.401835e-08 66296937 1.401835e-08 976558236 1.401835e-08 2438291630 1.401835e-08 906368509 1.401835e-08 3783228500 1.401835e-08 2858952728 1.401835e-08 395113485 1.401835e-08 4019363830 1.401835e-08 3016084464 1.401835e-08 921818415 1.401835e-08 2892683898 1.401835e-08 3697249003 1.401835e-08 3983774618 1.401835e-08 4187488967 1.401835e-08 898751805 1.401835e-08 3632514288 1.401835e-08 410848061 1.401835e-08 2791633391 1.401835e-08 630280293 1.401835e-08 4212779140 1.401835e-08 3459374364 1.401835e-08 
329164.5 1 4259593397 1.4153513500000002e-06 2438291630 
329317.1 1 3534547045 7.1049337e-07 1382686479 
329495.9 1 1149406307 2.0799767e-07 77395223 
330046.6 0 3983774618 1.401835e-08 2858952728 
330471.7 1 3534547045 7.2462057e-07 3655816389 
330734.0 1 3534547045 7.3874787e-07 378125977 
331044.7 1 4259593397 1.42937035e-06 976558236 
331219.4 1 4259593397 1.4433883500000001e-06 2858952728 
331429.0 0 3534547045 7.387479e-07 2441325815 
331517.8 1 3534547045 9.467455000000001e-07 1149406307 
331699.6 1 3534547045 9.608727699999999e-07 1246511018 
332497.2 1 3534547045 9.7500007e-07 4004407106 
332555.2 0 3534547045 9.75e-07 3149440925 
332857.2 0 3921011129 9.4194e-07 632754209 
333622.5 1 3459374364 2.80367e-08 2945849429 
333685.8 1 3534547045 9.8912727e-07 3149440925 
333988.0 0 2298477853 2.791e-08 1651612823 
334426.5 1 879162223 5.644461e-08 1249238030 
334585.0 1 4259593397 1.4696508999999999e-06 174500547 
334973.7 1 3534547045 1.00325457e-06 3401497744 
335849.5 1 3534547045 1.01738227e-06 2441325815 
337456.2 0 611212867 8.286718e-08 4252347608 
338359.4 1 2246051850 4.4888304e-07 772925454 
338773.0 1 3534547045 1.03150927e-06 3485819286 
339366.0 1 4259593397 1.48366935e-06 3783228500 
340778.6 0 3534547045 1.031509e-06 3059103076 
341164.1 0 3534547045 1.031509e-06 3059103076 
343571.7 1 4259593397 1.49953563e-06 817087088 
344839.9 1 3534547045 1.04563627e-06 451270221 
347442.4 0 2519559028 3.0001e-07 888311950 
348618.5 0 4259593397 1.499535e-06 630280293 
350411.4 0 4259593397 1.499535e-06 3016084464 
350472.4 1 2246051850 4.6292184e-07 3696843781 
350843.1 1 2246051850 4.769218e-07 551137729 
353626.6 0 3176785673 2.791e-08 2298477853 
358759.0 2 2879167783 1.700046e-08 4260098875 2125331604 1.4e-08 
359424.1 0 4226750145 2.791e-08 2842015324 
360469.6 0 3534547045 1.045636e-06 4209590891 
360478.7 1 2340740170 9.993034399999999e-07 1452489764 
360779.8 0 4259593397 1.499535e-06 4083845756 
361350.8 0 3921011129 9.4194e-07 1998372786 
361601.0 0 4209590891 1.412727e-08 3059103076 
361628.4 0 1878784256 2.791e-08 1639799867 
365333.0 1 3534547045 1.05976327e-06 2159618959 
366357.7 1 4259593397 1.51355335e-06 4083845756 
366674.3 0 2937387076 8.373e-08 3497999925 
368288.7 1 3534547045 1.07389127e-06 3059103076 
370816.4 1 2555962951 6.419299999999999e-07 426576124 
371849.7 1 4259593397 1.52757235e-06 3697249003 
373317.8 2 611212867 8.286718e-08 1130108289 3113062634 1.4e-08 847040419 1.425454e-08 
373375.6 0 343742982 2.791e-08 2063946235 
374446.3 0 847040419 1.425454e-08 3113062634 
375150.0 0 847040419 1.425454e-08 3113062634 
377736.0 1 3534547045 1.08801827e-06 1998372786 
381443.6 1 4259593397 1.5415903500000001e-06 66296937 
388842.2 1 2799798816 5.302900000000001e-07 2620740164 
389819.2 1 1068020906 0.00095477451 1498734392 
392717.7 0 2937387076 8.373e-08 2125331604 
393476.3 0 1503861029 2.791e-08 1639799867 
394850.7 1 3800257563 4.1865e-07 90391199 
395999.2 0 611212867 8.286718e-08 847040419 
396193.6 0 611212867 8.286718e-08 847040419 
397097.2 0 3953846011 2.791e-08 15308464 
400086.2 1 2892683898 2.80367e-08 906368509 
400270.5 0 611212867 8.286718e-08 847040419 
400273.7 1 611212867 9.712172e-08 847040419 
401513.2 0 1586980658 2.791e-08 4187488967 
402550.6 2 873214132 2.794874e-08 217284033 4240624600 1.4e-08 
402872.5 1 4259593397 1.55560835e-06 3632514288 
405132.0 1 873214132 4.194874e-08 4240624600 
408427.3 0 2984600922 3.9074e-07 3382444416 
409646.0 0 3838279446 2.791e-08 3497999925 
412991.5 1 2984600922 4.1865e-07 888311950 
414029.7 1 2519559028 3.2792e-07 2504591099 
415756.2 0 611212867 9.712172e-08 4209590891 
416002.0 0 545239233 7.625801e-07 343742982 
416774.0 0 3004792470 3.3492e-07 1434594601 
420167.4 1 3534547045 1.11596674e-06 2118016430 
427425.3 3 3459374364 2.121052e-08 102901530 1565786989 1.736809e-08 2286860921 1.736809e-08 
430420.6 2 2795063678 2.094874e-08 2215785330 3707879645 1.4e-08 
430670.1 0 4259593397 1.555609e-06 898751805 
431727.7 0 188552836 2.350304e-07 3888264012 
431964.1 1 3459374364 3.5228869999999996e-08 630280293 
435453.0 0 3241671100 2.791e-08 561528368 
435927.2 1 1068020906 0.00095480241 2190522392 
436340.3 2 2340740170 9.993035200000004e-07 545239233 2746930994 5.010786e-07 4075596975 1.452786e-08 4283280385 1.452786e-08 538453177 1.452786e-08 3121292019 1.452786e-08 3349724438 1.452786e-08 4253718737 1.452786e-08 3297362622 1.452786e-08 1751902433 1.452786e-08 2878871175 1.452786e-08 3083717413 1.452786e-08 220564665 1.452786e-08 3653734512 1.452786e-08 3815024321 1.452786e-08 1428265047 1.452786e-08 3604532305 1.452786e-08 1869365069 1.452786e-08 965372172 1.452786e-08 607396504 1.452786e-08 
436340.3 1 2746930994 5.1560646e-07 607396504 
436340.3 1 2746930994 5.3013426e-07 4075596975 
436365.1 1 2746930994 5.4466216e-07 2878871175 
438078.6 1 2746930994 5.5918996e-07 538453177 
438993.4 1 2340740170 1.0138313600000002e-06 3349724438 
439770.7 1 2340740170 1.02835886e-06 3297362622 
440511.3 0 2340740170 1.028359e-06 220564665 
440984.8 1 2519559028 3.4193835e-07 2791633391 
441630.2 0 3382444416 2.791e-08 2286860921 
445762.4 0 2340740170 1.028359e-06 1751902433 
446227.0 0 4259593397 1.555609e-06 1370908750 
449755.3 0 2340740170 1.028359e-06 3653734512 
449967.0 0 3737780296 3.9074e-07 410848061 
450418.0 1 4259593397 1.56962735e-06 395113485 
451783.5 1 3919821980 4.243786e-08 3121292019 
451960.8 0 611212867 9.712172e-08 3113062634 
458159.3 2 582973675 1.1164002000000002e-07 611212867 2533881277 1.4e-08 472358284 1.662434e-08 1950077488 1.662434e-08 1820499179 1.662434e-08 4055959668 1.662434e-08 528880979 1.662434e-08 
458199.7 0 582973675 1.1164e-07 472358284 
458238.2 1 582973675 1.2826434e-07 528880979 
458405.6 1 3921011129 9.5597874e-07 1471982444 
458748.1 0 4055959668 1.662434e-08 2533881277 
458795.5 1 582973675 1.4488863999999999e-07 4055959668 
459628.1 0 582973675 1.448887e-07 1950077488 
459965.7 1 2246051850 5.606518e-07 2937387076 
460120.0 1 582973675 1.6151303999999998e-07 1950077488 
460569.1 1 582973675 1.7813734e-07 1820499179 
462232.2 1 2555962951 6.698400000000001e-07 1458432161 
462842.3 1 2555962951 1.06058e-06 3737780296 
464801.2 2 1945448119 2.09815e-08 1751902433 3778036871 1.445636e-08 
467510.8 1 2340740170 1.056269e-06 343742982 
468706.0 0 582973675 1.781374e-07 472358284 
469182.9 0 582973675 1.781374e-07 2533881277 
473252.3 0 582973675 1.781374e-07 2533881277 
475111.7 1 582973675 1.9476174e-07 472358284 
475737.9 1 3083717413 2.905572e-08 4283280385 
476279.6 1 2746930994 5.7371786e-07 1428265047 
477847.6 1 3004792470 3.6283e-07 199935986 
480488.2 0 1586980658 2.791e-08 1664502715 
480828.0 0 4259593397 1.569627e-06 242414939 
482158.8 1 582973675 2.087617e-07 3113062634 
488593.2 0 4259593397 1.569627e-06 1565786989 
492152.3 0 2555962951 1.06058e-06 2842015324 
496421.4 1 2246051850 5.816333000000001e-07 1945448119 
510023.2 0 188552836 2.350304e-07 2693713428 
510408.4 0 2892683898 2.80367e-08 3983774618 
511966.2 2 965372172 1.472782e-08 1804212609 1405660995 1.4e-08 
517470.5 0 582973675 2.087617e-07 4209590891 
523872.0 1 2246051850 5.961611599999999e-07 220564665 
525654.9 3 3919821980 1.3999980000000003e-08 2693713428 3662110242 1.408697e-08 2247026945 1.408697e-08 4032129539 1.408697e-08 4035587434 1.408697e-08 
526166.3 0 126484229 1.934169e-08 110358663 
526479.9 0 4259593397 1.569627e-06 1434498202 
527050.7 0 4252347608 2.791e-08 2533881277 
527347.3 3 4252347608 2.791e-08 2533881277 3111692719 1.4e-08 
527630.7 1 4252347608 4.1909999999999996e-08 3111692719 
529183.1 0 4035587434 1.408697e-08 3662110242 
530144.1 1 2519559028 3.628484e-07 15308464 
532971.7 1 582973675 2.2288897e-07 4209590891 
534685.2 0 3888264012 1.403874e-08 921818415 
537404.2 0 4032129539 1.408697e-08 2247026945 
545598.6 0 2746930994 5.737179e-07 3815024321 
546121.0 1 3083717413 4.314269e-08 4032129539 
546263.3 0 4035587434 1.408697e-08 3919821980 
549253.6 0 3382444416 2.791e-08 965372172 
557263.7 3 873214132 2.9843699999999996e-08 1434498202 1398579088 2.000752e-08 2501379955 2.000752e-08 
560491.6 1 4259593397 1.58408336e-06 3778036871 
562823.3 1 2799798816 5.443083499999999e-07 4187488967 
564146.7 0 2746930994 5.737179e-07 965372172 
564652.6 0 4259593397 1.584083e-06 3983774618 
565056.4 0 3519923770 2.791e-08 443746396 
567171.3 2 2286860921 1.7568049999999998e-08 1078741991 3332562587 1.4e-08 
567817.7 1 4259593397 1.6004162099999999e-06 474866315 
569956.0 1 2286860921 3.1568050000000005e-08 3332562587 
570688.6 0 873214132 2.98437e-08 2501379955 
572211.8 0 188552836 2.350304e-07 3604532305 
572670.5 1 2340740170 1.070269e-06 1405660995 
579698.8 1 3921011129 9.7006567e-07 4035587434 
586393.1 2 4188445920 6.347911e-08 3197676583 3562383954 2.025089e-08 
586452.7 0 3268335666 2.791e-08 2842015324 
589100.4 2 4259593397 1.600417e-06 3459374364 2521380987 1.4e-08 4119421155 2.122887e-08 
589714.0 1 4259593397 1.62164587e-06 4119421155 
594053.9 1 4259593397 1.635646e-06 2521380987 
598714.7 1 3921011129 9.841526699999999e-07 2247026945 
600849.2 0 1503861029 2.791e-08 2919643181 
601826.0 0 3443220506 2.791e-08 2906924538 
605415.8 0 873214132 2.98437e-08 921818415 
605637.3 0 4259593397 1.635646e-06 1593891639 
608226.3 0 2340740170 1.070269e-06 1398579088 
608394.9 1 4259593397 1.663556e-06 2326007700 
617127.1 1 2799798816 5.6455929e-07 3562383954 
619762.2 3 129185354 2.2550950000000002e-08 57770090 1913762779 1.939779e-08 
620444.7 1 188552836 2.648741e-07 873214132 
621622.9 3 1593891639 2.230144e-08 4212779140 3678948817 1.962691e-08 
622988.9 1 4259593397 1.68318291e-06 3678948817 
635493.5 0 3838279446 2.791e-08 4198169764 
647893.3 1 4259593397 1.7054834399999999e-06 1593891639 
654575.2 0 838860310 5.582e-08 265770918 
659768.3 0 3004792470 3.6283e-07 2298477853 
660661.2 1 4259593397 1.71950235e-06 4019363830 
660961.6 0 3004792470 3.6283e-07 828787466 
666332.3 0 4259593397 1.719502e-06 3888264012 
673218.8 1 3004792470 3.9073999999999996e-07 251961497 
675811.7 1 2746930994 5.9372542e-07 1398579088 
677750.9 0 3815024321 1.452786e-08 3919821980 
678760.4 0 2555962951 1.06058e-06 911013108 
679721.8 1 4259593397 1.73354074e-06 2063946235 
680840.6 0 3083717413 4.314269e-08 1239307652 
687368.1 2 937177227 1.499254e-08 3888264012 2489195127 1.4e-08 
696918.0 1 2519559028 4.186684e-07 728028737 
700017.6 0 3921011129 9.841527e-07 3662110242 
702918.7 0 3921011129 9.841527e-07 3662110242 
712481.0 3 2246051850 5.9616115e-07 188552836 3929228125 7.624961e-08 3160344427 1.450958e-08 3182159117 1.450958e-08 766581564 1.450958e-08 3702894340 1.450958e-08 3532745758 1.450958e-08 1072840122 1.450958e-08 3294683754 1.450958e-08 1676003954 1.450958e-08 4285585893 1.450958e-08 2674988631 1.450958e-08 406745133 1.450958e-08 2883513480 1.450958e-08 783121895 1.450958e-08 
712978.1 1 2246051850 6.1067078e-07 3532745758 
713463.0 1 2246051850 6.251803799999999e-07 3294683754 
713990.1 1 2246051850 7.014299099999999e-07 3929228125 
713999.1 1 2246051850 7.159394800000001e-07 2883513480 
714643.4 3 2340740170 1.0702689100000002e-06 2746930994 2683944377 5.447091e-08 2961226102 1.419091e-08 301219709 1.419091e-08 1743198400 1.419091e-08 3059144981 1.419091e-08 3952655669 1.419091e-08 2848685905 1.419091e-08 1826422368 1.419091e-08 896813269 1.419091e-08 37051273 1.419091e-08 1867247157 1.419091e-08 3633199892 1.419091e-08 1736323711 1.419091e-08 283080478 1.419091e-08 785216844 1.419091e-08 3006103420 1.419091e-08 2898323513 1.419091e-08 1199222225 1.419091e-08 3755198008 1.419091e-08 2795041644 1.419091e-08 3492274228 1.419091e-08 1420914473 1.419091e-08 439844059 1.419091e-08 3802520055 1.419091e-08 3012889883 1.419091e-08 3363823620 1.419091e-08 1086559163 1.419091e-08 3063534263 1.419091e-08 2013640095 1.419091e-08 1461359102 1.419091e-08 2027098952 1.419091e-08 4167430602 1.419091e-08 4096225443 1.419091e-08 781549661 1.419091e-08 907719639 1.419091e-08 1906851972 1.419091e-08 2597880038 1.419091e-08 1896745001 1.419091e-08 2378434411 1.419091e-08 
714643.4 1 2683944377 6.866182e-08 2961226102 
714643.4 1 2683944377 8.285272e-08 2378434411 
714844.0 0 1906851972 1.419091e-08 4096225443 
715076.6 1 2340740170 1.08445991e-06 439844059 
715140.0 1 2340740170 1.09865091e-06 37051273 
715207.4 0 2340740170 1.098651e-06 1826422368 
715398.0 0 2898323513 1.419091e-08 1743198400 
715461.2 1 2340740170 1.1128419100000002e-06 2013640095 
715603.8 1 2340740170 1.1270329100000001e-06 781549661 
715786.7 0 2340740170 1.127033e-06 1896745001 
716310.2 1 1086559163 2.838182e-08 283080478 
716332.4 1 2340740170 1.14122391e-06 1420914473 
716471.9 1 2340740170 1.15541491e-06 4096225443 
716496.2 1 2340740170 1.16960591e-06 3012889883 
716561.2 1 2340740170 1.18379691e-06 1867247157 
717081.9 0 2683944377 8.285272e-08 896813269 
717298.3 1 2340740170 1.1979869100000002e-06 2597880038 
717604.1 1 2340740170 1.2121779100000001e-06 1199222225 
717968.0 1 1086559163 4.257273e-08 2795041644 
718081.7 1 2340740170 1.2263689100000001e-06 1736323711 
718171.6 1 2340740170 1.24055991e-06 3633199892 
718593.4 1 2340740170 1.28313272e-06 1086559163 
719049.5 1 3004792470 4.1865e-07 1866926464 
719810.2 1 2246051850 7.3044908e-07 2674988631 
720105.8 1 2340740170 1.29732391e-06 907719639 
720757.9 1 2340740170 1.3115149100000002e-06 3006103420 
723539.1 1 2340740170 1.3257059100000001e-06 3492274228 
726377.2 1 2340740170 1.353616e-06 632754209 
726792.0 1 2340740170 1.3678069100000001e-06 3059144981 
727155.3 0 2246051850 7.304491e-07 3160344427 
727185.0 1 2246051850 7.449586800000001e-07 3160344427 
729632.8 0 2984600922 4.1865e-07 898751805 
729973.1 3 242414939 2.791e-08 3707879645 1837088337 1.4e-08 
733084.8 1 2246051850 7.591496099999999e-07 1743198400 
733490.4 1 2683944377 9.704363e-08 3755198008 
734219.8 0 3004792470 4.1865e-07 126484229 
736186.5 1 2246051850 7.7334051e-07 1896745001 
741063.4 1 2683944377 1.1104363e-07 821115011 
742487.1 1 1068020906 0.00095483031 253808213 
743509.9 0 2340740170 1.367806e-06 3363823620 
747935.1 1 3534547045 1.13530869e-06 126484229 
751408.3 1 2340740170 1.38199691e-06 2848685905 
753068.7 0 3363823620 1.419091e-08 3952655669 
754961.7 1 2340740170 1.39618791e-06 3802520055 
757414.8 3 443746396 1.3999990000000003e-08 3083352544 1543523724 1.607458e-08 1761715697 1.607458e-08 
758113.6 3 2286860921 1.8609609999999997e-08 811613008 3099973400 2.043422e-08 2789348510 2.043422e-08 
758520.1 1 1461359102 2.838182e-08 301219709 
759868.3 1 2340740170 1.41037891e-06 896813269 
762284.2 0 2340740170 1.410379e-06 1826422368 
763550.9 1 4167430602 2.838182e-08 2027098952 
764412.5 0 2246051850 7.733405e-07 3702894340 
766845.1 0 2340740170 1.410379e-06 2898323513 
767979.9 1 3921011129 9.9834361e-07 2898323513 
770688.8 1 3921011129 1.01287146e-06 3815024321 
770828.5 0 4167430602 2.838182e-08 3662110242 
774683.1 1 2246051850 7.8786836e-07 1869365069 
776010.2 1 2340740170 1.42456991e-06 1906851972 
784160.9 0 2246051850 7.878684e-07 2795063678 
786145.3 1 2246051850 8.023779800000001e-07 3702894340 
786302.7 1 4259593397 1.7614510000000001e-06 1664502715 
789035.0 3 4253718737 1.452786e-08 3919821980 1371202285 1.4e-08 
802013.0 1 4259593397 1.789361e-06 3382444416 
805116.7 0 2501379955 2.000752e-08 783121895 
820117.3 1 2340740170 1.43876091e-06 3363823620 
820418.9 1 4285585893 2.901916e-08 1676003954 
821743.8 1 4259593397 1.817271e-06 4122240121 
825968.5 1 4259593397 1.845181e-06 3241671100 
826831.4 3 2340740170 1.4387609600000001e-06 2683944377 629078091 1.4e-08 754560055 1.617394e-08 1737134642 1.617394e-08 37613351 1.617394e-08 3434666020 1.617394e-08 2369258877 1.617394e-08 3563522875 1.617394e-08 
827520.8 1 2340740170 1.4549349400000002e-06 2369258877 
829757.4 1 1461359102 4.455576e-08 37613351 
829986.2 1 2340740170 1.47110894e-06 3563522875 
833770.6 1 4167430602 4.257273e-08 1826422368 
835225.9 0 2340740170 1.471109e-06 629078091 
839622.5 1 2340740170 1.485109e-06 629078091 
841613.2 0 4285585893 2.901915e-08 766581564 
843089.3 1 2340740170 1.50128294e-06 3434666020 
843202.0 0 2340740170 1.501283e-06 3063534263 
851907.7 0 2246051850 8.023779e-07 4253718737 
865156.5 0 2555962951 1.06058e-06 1434594601 
886990.3 1 2246051850 8.1646487e-07 3662110242 
888603.6 1 2246051850 8.326388399999999e-07 1737134642 
891094.3 1 4259593397 1.8656152200000001e-06 3099973400 
892117.1 1 4259593397 1.893525e-06 2487301543 
892359.3 0 265770918 2.791e-08 1837234470 
895381.1 0 326805806 2.791e-08 3983774618 
895467.4 1 2340740170 1.52129052e-06 2501379955 
900534.5 0 2340740170 1.52129e-06 406745133 
903678.7 1 1068020906 0.0009548582100000001 2729381062 
913335.5 2 582973675 2.4081959e-07 4252347608 249728555 2.397941e-08 
919522.3 0 2340740170 1.52129e-06 406745133 
921538.4 1 2340740170 1.5354809100000002e-06 3063534263 
926628.5 0 582973675 2.408196e-07 249728555 
929390.9 0 2555962951 1.06058e-06 3519923770 
931144.2 1 373638573 1.00000002791 3497999925 
934478.0 3 2906924538 1.4e-08 754560055 4285226245 1.504197e-08 2707460946 1.504197e-08 
935174.7 2 2555962951 1.06058005e-06 3004792470 2606325002 1.958122e-07 1541925803 1.485585e-08 2024675612 1.485585e-08 1292023300 1.485585e-08 3302973195 1.485585e-08 875106938 1.485585e-08 3314075649 1.485585e-08 2589646060 1.485585e-08 3433591204 1.485585e-08 1848242772 1.485585e-08 250719570 1.485585e-08 2681498831 1.485585e-08 481808867 1.485585e-08 2066612683 1.485585e-08 3458484829 1.485585e-08 2719204682 1.485585e-08 
935174.8 1 2606325002 2.1066805e-07 1541925803 
935174.8 1 2606325002 2.2552395e-07 2719204682 
939089.1 3 242414939 2.790034e-08 3642829293 4256642775 2.091966e-08 
941948.3 1 2555962951 1.07543585e-06 2681498831 
944232.8 1 2555962951 1.0904779700000001e-06 2707460946 
948456.8 1 2246051850 8.605488000000001e-07 3519923770 
952400.7 1 582973675 2.6479901e-07 249728555 
965172.9 1 2606325002 2.4037975000000003e-07 3458484829 
981615.0 1 2340740170 1.5499905800000001e-06 766581564 
985507.3 0 4259593397 1.893525e-06 2298477853 
986215.0 1 4259593397 1.921435e-06 2956861855 
990869.5 1 1848242772 2.88742e-08 1370908750 
991907.1 1 2555962951 1.10533385e-06 1292023300 
995788.6 1 2984600922 4.3265e-07 2906924538 
1001769.0 1 2984600922 4.6056e-07 3176785673 
1007088.0 1 3921011129 1.02688935e-06 921818415 
1022501.0 2 1239307652 2.195197e-08 4285226245 2449448537 1.4e-08 
1022563.0 1 2340740170 1.59256372e-06 4167430602 
1034877.0 1 4031050948 3.3492e-07 3824069879 
1043563.0 1 2799798816 5.924692e-07 1503861029 
1059810.0 3 3129006749 2.791e-08 443746396 463844675 1.4e-08 
1079879.0 0 392861532 2.791e-08 2856850640 
1080084.0 1 3245569981 4.7653389999999995e-08 1639799867 
1090409.0 3 2246051850 8.605487899999999e-07 1461359102 3167902617 1.4e-08 579073438 1.527788e-08 3468130899 1.527788e-08 
1090676.0 1 4259593397 1.935435e-06 1837088337 
1093701.0 0 2340740170 1.592564e-06 3838279446 
1095794.0 0 3604532305 1.452786e-08 1072840122 
1097062.0 0 4259593397 1.935435e-06 3268335666 
1101184.0 0 2340740170 1.592564e-06 3468130899 
1108110.0 1 2340740170 1.60784188e-06 579073438 
1118029.0 1 3534547045 1.163219e-06 3838279446 
1119892.0 1 179097684 3.9160280999999996e-07 879162223 
1129867.0 1 2246051850 8.745487999999999e-07 3167902617 
1134633.0 1 4259593397 1.9494350000000003e-06 2842015324 
1135946.0 3 2879167783 1.700047e-08 1371202285 393090083 1.4e-08 
1143054.0 3 3953846011 1.4000000000000003e-08 242414939 2343849308 2.090517e-08 1055469694 2.090517e-08 
1155349.0 1 2519559028 4.3474298e-07 1543523724 
1162907.0 3 4285585893 1.621186e-08 1565786989 627452446 1.508769e-08 2014426858 1.508769e-08 
1164239.0 1 4259593397 1.96345335e-06 110358663 
1172475.0 0 1913762779 1.939779e-08 393090083 
1181987.0 1 2246051850 8.8907666e-07 3604532305 
1189834.0 0 129185354 2.255095e-08 785216844 
1191298.0 1 2014426858 3.017538e-08 627452446 
1201607.0 0 1586980658 2.791e-08 2343849308 
1203363.0 0 4256642775 2.091966e-08 2286860921 
1206552.0 1 2340740170 1.62235058e-06 406745133 
1207618.0 3 1239307652 1.399999e-08 4256642775 2716949832 1.443582e-08 552634658 1.443582e-08 
1210400.0 1 2246051850 9.0351252e-07 2716949832 
1211819.0 3 4253718737 1.452786e-08 2125331604 3736523900 1.4e-08 
1212342.0 1 4253718737 2.8527859999999997e-08 3736523900 
1220285.0 1 1068020906 0.0009551373 476505668 
1220567.0 1 2984600922 4.7456e-07 2489195127 
1224052.0 1 4259593397 1.9914907e-06 2892683898 
1225631.0 3 179097684 3.8749858e-07 1586980658 2213923665 1.600711e-08 1503202005 1.600711e-08 
1226084.0 0 179097684 3.874986e-07 1503202005 
1228118.0 1 179097684 4.0350571e-07 1503202005 
1229445.0 0 2795063678 2.094874e-08 3182159117 
1233039.0 1 373638573 1.00000001401835 410848061 
1233556.0 0 2340740170 1.622351e-06 785216844 
1237261.0 1 4259593397 2.46605e-06 2984600922 
1237262.0 0 3952655669 1.419091e-08 3303338876 
1237372.0 1 4259593397 2.4869987399999997e-06 2795063678 
1237719.0 0 179097684 4.035057e-07 2213923665 
1241084.0 0 179097684 4.035057e-07 2213923665 
1241088.0 1 179097684 4.1951281e-07 2213923665 
1252294.0 0 2555962951 1.105334e-06 1761715697 
1253077.0 1 2340740170 1.63686058e-06 1072840122 
1256859.0 1 2246051850 9.175125e-07 1239307652 
1259029.0 1 2799798816 6.064692e-07 463844675 
1261052.0 0 2799798816 6.064692e-07 1913762779 
1262319.0 2 3653734512 1.45666e-08 3303338876 3202152185 1.4e-08 
1266437.0 0 2789348510 2.043422e-08 785216844 
1266907.0 0 783121895 1.450958e-08 393090083 
1279008.0 0 392861532 2.791e-08 2024675612 
1295538.0 0 3921011129 1.02689e-06 3468130899 
1296972.0 1 2555962951 1.5400769e-06 2519559028 
1313565.0 2 2919643181 2.792835e-08 3016084464 2622395779 1.4e-08 
1327817.0 0 1848242772 2.88742e-08 4226750145 
1338237.0 1 2340740170 1.65142761e-06 3653734512 
1339924.0 1 4259593397 2.50954995e-06 129185354 
1357771.0 0 3468130899 1.527788e-08 3952655669 
1362628.0 0 2606325002 2.403798e-07 3268335666 
1381227.0 0 2340740170 1.651427e-06 3952655669 
1403617.0 1 373638573 1.00000002791 921425487 
1418087.0 1 4259593397 2.5384242e-06 1848242772 
1452314.0 1 4259593397 2.7788037999999998e-06 2606325002 
1476545.0 1 4031050948 3.4977585e-07 3302973195 
1489289.0 1 373638573 1.00000002791 2710766136 
1510440.0 0 561528368 2.791e-08 1913762779 
1514915.0 1 2246051850 9.3236835e-07 3433591204 
1535822.0 1 1068020906 0.0009551513 828787466 
1535964.0 1 2340740170 1.6659365800000001e-06 3182159117 
1577959.0 1 3921011129 1.04216788e-06 3468130899 
1580917.0 1 2340740170 1.68293747e-06 2879167783 
1582312.0 1 2340740170 1.710847e-06 561528368 
1609535.0 1 2246051850 9.6089626e-07 4253718737 
1619602.0 0 3083717413 4.314269e-08 3202152185 
1640667.0 1 2555962951 1.55493285e-06 2589646060 
1661399.0 1 2799798816 6.204692e-07 2449448537 
1677401.0 1 2340740170 1.72503791e-06 3952655669 
1677406.0 1 4259593397 2.79299491e-06 785216844 
1717785.0 0 2246051850 9.608962e-07 3108364485 
1736393.0 1 2246051850 9.8133042e-07 2789348510 
1741118.0 1 4259593397 2.81239279e-06 1913762779 
1864069.0 2 783121895 1.49454e-08 552634658 3607413901 1.4e-08 
1880163.0 1 4259593397 2.82724885e-06 2024675612 
1882305.0 1 2340740170 1.75296635e-06 2919643181 
1890109.0 0 4031050948 3.497759e-07 2856850640 
1891983.0 0 2246051850 9.813304e-07 3129006749 
1920278.0 3 3083717413 3.8793439999999997e-08 3202152185 649593533 1.834925e-08 
1930334.0 1 3083717413 5.7142690000000005e-08 649593533 
1993930.0 2 937177227 1.572037e-08 965372172 66987975 1.4e-08 
2030756.0 3 4259593397 2.8272478499999995e-06 2799798816 483021244 4.302863e-08 3707800333 1.408392e-08 3528190190 1.408392e-08 2185291493 1.408392e-08 550176535 1.408392e-08 1674415855 1.408392e-08 4287239676 1.408392e-08 3884987045 1.408392e-08 1960974751 1.408392e-08 309459595 1.408392e-08 2348040613 1.408392e-08 3180086772 1.408392e-08 3833074883 1.408392e-08 1462644303 1.408392e-08 4088625113 1.408392e-08 1237914369 1.408392e-08 2733144751 1.408392e-08 1649557018 1.408392e-08 1831065885 1.408392e-08 79461789 1.408392e-08 1621314342 1.408392e-08 2016090987 1.408392e-08 1553963666 1.408392e-08 1002680420 1.408392e-08 734120091 1.408392e-08 2475979558 1.408392e-08 2649056468 1.408392e-08 3381587904 1.408392e-08 175860597 1.408392e-08 1089013536 1.408392e-08 552498239 1.408392e-08 481049431 1.408392e-08 2950407739 1.408392e-08 72955594 1.408392e-08 1771264541 1.408392e-08 2353028958 1.408392e-08 2980075456 1.408392e-08 3449694611 1.408392e-08 1194638860 1.408392e-08 114837353 1.408392e-08 2341758500 1.408392e-08 651046398 1.408392e-08 
2030756.0 1 483021244 5.711255e-08 651046398 
2030756.0 1 483021244 7.119646e-08 3707800333 
2030810.0 1 4259593397 2.84133192e-06 4088625113 
2030863.0 1 4259593397 2.85541592e-06 734120091 
2030865.0 0 1462644303 1.408392e-08 2185291493 
2031515.0 0 4259593397 2.855416e-06 1960974751 
2031792.0 1 4259593397 2.86949992e-06 1831065885 
2032124.0 1 4259593397 2.88358392e-06 3528190190 
2033558.0 1 4259593397 2.8976679200000003e-06 2733144751 
2033841.0 1 4259593397 2.9117519200000003e-06 2353028958 
2035762.0 1 4259593397 2.9258359200000003e-06 1194638860 
2036394.0 1 4259593397 2.9399199200000003e-06 3833074883 
2036439.0 1 4259593397 2.9540039200000003e-06 309459595 
2037276.0 1 4259593397 2.9680879200000002e-06 2016090987 
2038097.0 1 4259593397 2.9821719200000002e-06 1002680420 
2039420.0 1 4259593397 2.99625592e-06 1649557018 
2039666.0 1 4259593397 3.01033892e-06 1553963666 
2040603.0 1 4259593397 3.02442292e-06 3884987045 
2052563.0 1 4259593397 3.03850692e-06 175860597 
2058905.0 1 4259593397 3.0525909200000003e-06 3449694611 
2062102.0 0 4259593397 3.052591e-06 550176535 
2068137.0 1 4259593397 3.0666749200000003e-06 1462644303 
2068556.0 1 4259593397 3.0807589200000003e-06 2475979558 
2069269.0 1 4259593397 3.0948429200000003e-06 114837353 
2072133.0 1 4259593397 3.1089269200000002e-06 2348040613 
2074109.0 1 4259593397 3.1230109200000002e-06 2980075456 
2086573.0 1 4259593397 3.13709492e-06 3381587904 
2090366.0 1 4259593397 3.20829146e-06 483021244 
2101819.0 3 3083717413 1.399999000000001e-08 3268335666 2780384598 1.421054e-08 1061526795 1.421054e-08 3342541004 1.421054e-08 1577969976 1.421054e-08 695939830 1.421054e-08 
2105475.0 1 3129006749 4.2120539999999996e-08 1577969976 
2106788.0 1 4259593397 3.22237492e-06 2185291493 
2107867.0 0 838860310 5.582e-08 1878784256 
2126442.0 1 4259593397 3.236375e-06 66987975 
2127973.0 2 3921011129 1.042168e-06 3129006749 229435916 1.4e-08 1850435983 1.406027e-08 19131048 1.406027e-08 
2128202.0 0 3921011129 1.042168e-06 229435916 
2129960.0 1 3921011129 1.056168e-06 229435916 
2132969.0 1 4259593397 3.25045892e-06 550176535 
2135864.0 1 3921011129 1.07022827e-06 19131048 
2143101.0 0 2340740170 1.752966e-06 1061526795 
2143485.0 0 3921011129 1.070228e-06 3342541004 
2155439.0 1 2340740170 1.7671765399999998e-06 695939830 
2160305.0 1 3921011129 1.0842882700000002e-06 1850435983 
2172106.0 1 2340740170 1.78289736e-06 937177227 
2177327.0 3 1533953788 1.399999e-08 2066612683 2426951832 1.438293e-08 3089865955 1.438293e-08 
2193524.0 0 3921011129 1.084288e-06 2780384598 
2197293.0 0 326805806 2.791e-08 1878784256 
2223654.0 1 3921011129 1.09849854e-06 2780384598 
2269023.0 1 1068020906 0.00095517921 326805806 
2276592.0 2 2555962951 1.55493201e-06 4031050948 3526559023 2.391074e-08 73116178 1.416805e-08 2654473721 1.416805e-08 2564127097 1.416805e-08 3554620561 1.416805e-08 2789301560 1.416805e-08 3201932102 1.416805e-08 3527214469 1.416805e-08 224410298 1.416805e-08 3967778277 1.416805e-08 1759850032 1.416805e-08 2704180049 1.416805e-08 287394855 1.416805e-08 2670951229 1.416805e-08 2367820772 1.416805e-08 771359632 1.416805e-08 4186562710 1.416805e-08 3211480542 1.416805e-08 346987663 1.416805e-08 1922039940 1.416805e-08 2110688926 1.416805e-08 1314810707 1.416805e-08 2472898255 1.416805e-08 3459912306 1.416805e-08 
2277810.0 1 2555962951 1.56910005e-06 224410298 
2278052.0 0 2555962951 1.5691e-06 3459912306 
2278786.0 1 2555962951 1.5832680499999999e-06 1314810707 
2305887.0 0 2555962951 1.583269e-06 2367820772 
2311097.0 1 2555962951 1.5973529199999998e-06 1674415855 
2312997.0 1 2555962951 1.61152005e-06 3554620561 
2322707.0 3 1878784256 2.791e-08 3083717413 1598213090 1.4e-08 
2323915.0 1 4259593397 3.27136417e-06 1055469694 
2333002.0 1 2555962951 1.62568905e-06 346987663 
2338270.0 0 1878784256 2.791e-08 1598213090 
2367037.0 1 2555962951 1.63985705e-06 1922039940 
2390761.0 1 1068020906 0.0009551792 3833318790
2402739.0 0 2555962951 1.639857e-06 287394855 
2404112.0 1 4259593397 3.28544792e-06 481049431 
2404232.0 1 2246051850 9.953304e-07 3953846011 
2406769.0 0 2340740170 1.782897e-06 2622395779 
2406842.0 1 3921011129 1.1127095399999998e-06 1061526795 
2426700.0 1 373638573 1.00000001408392 2950407739 
2436983.0 1 2246051850 1.0093304e-06 1598213090 
2455771.0 1 1068020906 0.00095520711 1651612823 
2530052.0 1 4259593397 3.29961605e-06 2564127097 
2543849.0 1 2014426858 4.638724e-08 4285585893 
2566136.0 0 481808867 1.485585e-08 4186562710 
2614629.0 1 4259593397 3.3144718500000004e-06 3314075649 
2655944.0 1 4259593397 3.3383827399999997e-06 3526559023 
2684480.0 0 1089013536 1.408392e-08 2649056468 
2693021.0 3 392861532 2.175573e-08 1237914369 1298902656 2.023819e-08 
2716169.0 2 2286860921 1.8777660000000002e-08 3211480542 3532628785 1.4e-08 
2734554.0 0 2286860921 1.877766e-08 393090083 
2746087.0 1 3921011129 1.12691954e-06 3342541004 
2763886.0 1 2246051850 1.05571724e-06 2014426858 
2801561.0 1 2246051850 1.07449566e-06 2286860921 
2826370.0 0 2340740170 1.782897e-06 2367820772 
2835600.0 0 2246051850 1.074495e-06 4287239676 
2866448.0 1 2340740170 1.79698092e-06 4287239676 
2877507.0 0 2340740170 1.796981e-06 265770918 
2884054.0 1 2340740170 1.81114905e-06 2367820772 
2890221.0 1 4259593397 3.366293e-06 3108364485 
2930041.0 0 265770918 2.791e-08 783121895 
2945577.0 0 3201932102 1.416805e-08 1621314342 
2947969.0 0 265770918 2.791e-08 2472898255 
2970948.0 1 2555962951 1.65402505e-06 2704180049 
2971662.0 0 4259593397 3.366293e-06 1621314342 
3022711.0 3 4226750145 2.241135e-08 2341758500 826924968 1.958257e-08 
3074696.0 0 2246051850 1.074495e-06 783121895 
3077271.0 0 2246051850 1.074495e-06 783121895 
3089568.0 3 179097684 3.8276102e-07 783121895 3190311976 1.723239e-08 841878026 1.723239e-08 2747938267 1.723239e-08 
3089605.0 1 179097684 3.9999339e-07 841878026 
3089621.0 0 179097684 3.999934e-07 2747938267 
3089768.0 1 179097684 4.1722579e-07 2747938267 
3089813.0 1 179097684 4.3445819e-07 3190311976 
3149907.0 1 2555962951 1.66819305e-06 73116178 
3196751.0 1 373638573 1.00000005582 838860310 
3214865.0 1 373638573 1.000000014 393090083 
3262396.0 1 373638573 1.00000002791 3443220506 
3282727.0 1 2555962951 1.68236105e-06 771359632 
3312791.0 1 2246051850 1.102405e-06 1878784256 
3321809.0 0 4226750145 2.241134e-08 3201932102 
3329082.0 1 4259593397 3.38804873e-06 392861532 
3354813.0 1 1068020906 0.0009552212680500001 2110688926 
3486511.0 1 2246051850 1.1164889199999999e-06 1621314342 
3505433.0 1 4259593397 3.40213192e-06 552498239 
3544927.0 0 3534547045 1.163219e-06 3089865955 
3610309.0 1 2555962951 1.710271e-06 501991070 
3688711.0 1 2340740170 1.82553193e-06 3089865955 
3848234.0 0 4259593397 3.402132e-06 481808867 
3981603.0 0 2340740170 1.825532e-06 1089013536 
4086432.0 0 4259593397 3.402132e-06 2298477853 
4156362.0 1 2340740170 1.83970005e-06 3201932102 
4173047.0 1 2340740170 1.8537e-06 3532628785 
4207230.0 1 4259593397 3.42454334e-06 4226750145 
4210486.0 1 373638573 1.00000002791 2856850640 
4235561.0 0 2298477853 2.791e-08 290926289 
4276748.0 0 4259593397 3.424544e-06 2472898255 
4295168.0 1 4259593397 3.43939985e-06 875106938 
4340305.0 1 2246051850 1.13607157e-06 826924968 
4511143.0 1 2340740170 1.8677839199999998e-06 1089013536 
4521980.0 0 3534547045 1.163219e-06 2649056468 
4585236.0 2 179097684 4.344582400000001e-07 582973675 3177521820 1.4e-08 3363025910 1.475288e-08 1290268226 1.475288e-08 764400056 1.475288e-08 1517815290 1.475288e-08 66064165 1.475288e-08 2766526296 1.475288e-08 2454553876 1.475288e-08 1923515514 1.475288e-08 3339828518 1.475288e-08 105819081 1.475288e-08 533433650 1.475288e-08 1601889739 1.475288e-08 381652938 1.475288e-08 96665495 1.475288e-08 1342185090 1.475288e-08 149784911 1.475288e-08 85224627 1.475288e-08 
4585249.0 1 179097684 4.4921108000000004e-07 533433650 
4585253.0 0 85224627 1.475288e-08 3339828518 
4585259.0 1 179097684 4.6396398e-07 1923515514 
4585296.0 1 179097684 4.7871688e-07 1601889739 
4585300.0 1 179097684 4.9346978e-07 764400056 
4585353.0 0 179097684 4.934697e-07 66064165 
4585367.0 1 179097684 5.0822258e-07 1290268226 
4585396.0 0 179097684 5.082226e-07 3177521820 
4585402.0 1 179097684 5.2297548e-07 3363025910 
4585470.0 1 179097684 5.3772838e-07 85224627 
4585498.0 1 179097684 5.5248128e-07 105819081 
4585648.0 1 179097684 5.672341800000001e-07 3339828518 
4585679.0 1 179097684 5.8198698e-07 1517815290 
4586047.0 0 179097684 5.81987e-07 66064165 
4586475.0 1 149784911 2.950576e-08 66064165 
4587825.0 1 179097684 5.9673988e-07 2766526296 
4588013.0 1 179097684 6.107399e-07 3177521820 
4588373.0 0 149784911 2.950576e-08 381652938 
4590581.0 0 179097684 6.107399e-07 1342185090 
4590602.0 1 179097684 6.2549278e-07 1342185090 
4590669.0 1 373638573 1.00000001408392 2649056468 
4593039.0 0 149784911 2.950576e-08 2454553876 
4607563.0 1 149784911 4.425864e-08 2454553876 
4617828.0 0 179097684 6.254928e-07 96665495 
4618619.0 1 179097684 6.4024568e-07 96665495 
4656548.0 0 2340740170 1.867784e-06 72955594 
4665689.0 2 2340740170 1.88138659e-06 2298477853 1965662198 1.430741e-08 
4665839.0 1 2340740170 1.89569441e-06 1965662198 
4711575.0 1 179097684 6.8450435e-07 149784911 
4801548.0 1 4259593397 3.45341835e-06 898751805 
4910847.0 0 4259593397 3.453418e-06 1771264541 
4990965.0 0 2246051850 1.136072e-06 72955594 
