55.37198 1 3232700421 5.582e-08 3326748277 
86.42228 1 4263717482 5.582e-08 2859795595 
145.1035 1 3373526895 3.0701e-07 3919821980 
803.2236 1 3534547045 3.0701e-07 1731090175 
902.3128 1 4259593397 3.0701e-07 2919643181 
1055.424 1 1465560917 3.0701e-07 3555679070 
1515.679 0 3841896594 2.791e-08 2455496064 
1523.461 1 545239233 3.0701e-07 1123501568 
1570.608 1 858320168 5.582e-08 387772665 
1663.761 1 2799798816 3.0701e-07 333964007 
1673.917 1 4231632140 5.582e-08 1379399837 
1675.576 0 3938221642 2.791e-08 780264402 
1696.653 1 3938221642 5.582e-08 780264402 
1703.875 1 3921011129 3.0701e-07 3257166052 
1763.108 1 3732071459 5.582e-08 3071234124 
1832.712 1 3616865126 5.582e-08 3150420704 
1842.798 1 3150846686 3.0701e-07 2835620284 
1847.08 1 486050091 5.582e-08 3841896594 
2046.534 1 2984600922 3.0701e-07 3988949870 
2057.784 1 1068020906 0.0009543279100000001 2757833455 
2085.169 1 3150846686 3.3492e-07 2779686750 
2552.41 1 242414939 5.582e-08 770580294 
2635.895 1 486050091 8.373e-08 1735432893 
3109.205 1 3921011129 3.3492e-07 1584276479 
3116.97 1 2937387076 5.582e-08 384163328 
3174.961 1 1075699702 3.0701e-07 1541946641 
3285.438 0 486050091 8.373e-08 2455496064 
3480.103 1 2246051850 3.0701e-07 3498415124 
3759.186 0 598947138 2.791e-08 1593850299 
3826.112 1 2246051850 3.3492e-07 561528368 
3881.778 0 1493201942 2.791e-08 1425083048 
4320.892 0 2393342300 2.791e-08 2349140130 
4411.005 1 3921011129 3.6283e-07 3908154577 
4649.324 1 2340740170 3.0701e-07 40245973 
4876.602 1 1878784256 5.582e-08 1651612823 
4899.476 1 2799798816 3.3492e-07 659524895 
4955.785 1 3534547045 3.3492e-07 3889879026 
5649.527 1 2246051850 3.6283e-07 211811971 
5705.533 1 3534547045 3.6283e-07 582973675 
5817.802 0 3938221642 5.582e-08 3126241903 
6681.364 1 1458665800 5.582e-08 741863299 
6693.435 1 2519559028 3.0701e-07 1664502715 
6832.671 1 2393342300 5.582e-08 2349140130 
7366.74 1 2519559028 3.3492e-07 1434594601 
7546.571 1 545239233 3.3492e-07 2308721517 
7625.218 1 1075699702 3.3492e-07 2263814062 
8811.274 1 1572835533 3.0701e-07 1444500749 
8896.222 1 2235064901 3.0701e-07 2178051842 
9012.049 1 4122240121 5.582e-08 3357643131 
9322.614 1 2246051850 3.9073999999999996e-07 941534069 
9453.732 1 2799798816 3.6283e-07 2870158420 
10178.04 1 3373526895 3.3492e-07 3800234335 
11150.95 0 3232700421 5.582e-08 3121047530 
11303.31 0 3150846686 3.3492e-07 257754683 
13035.27 0 4259593397 3.0701e-07 1458432161 
13478.12 1 3126241903 5.582e-08 1661091397 
14531.21 1 3616865126 1.1164e-07 4263717482 
15387.01 1 2235064901 3.3492e-07 3116505811 
15405.56 1 3737780296 3.0701e-07 129185354 
15651.26 1 4031050948 3.0701e-07 3176785673 
16116.25 1 3921011129 3.9073999999999996e-07 1134175585 
18018.19 0 1572835533 3.0701e-07 2480932170 
18257.69 1 3373526895 3.6283e-07 1738899943 
18344.86 0 2737363250 2.791e-08 870323177 
18729.75 2 486050091 8.373e-08 3126241903 3687573659 1.400048e-08 3196256300 2.090976e-08 848448836 2.090976e-08 
19108.74 0 3424908067 2.791e-08 3747246174 
19340.67 1 3534547045 3.8373976e-07 848448836 
19729.72 0 3953846011 2.791e-08 810769555 
20221.28 1 1321648343 5.582e-08 905418128 
20677.41 0 3616865126 1.1164e-07 778035964 
21296.91 0 486050091 8.373e-08 3196256300 
21319.21 1 486050091 1.0463975999999999e-07 3196256300 
21620.28 1 1465560917 3.3492e-07 259930472 
22009.35 1 2235064901 3.9073999999999996e-07 4231632140 
22116.07 0 3534547045 3.837398e-07 3687573659 
22221.65 1 245436729 5.582e-08 3707189490 
23474.9 1 3150846686 3.9073999999999996e-07 3232700421 
23758.52 1 3373526895 4.674698e-07 486050091 
23801.33 0 3150846686 3.9074e-07 1493201942 
24649.56 1 2246051850 4.1865e-07 2718413753 
25118.58 1 4259593397 3.3492e-07 1327969783 
25255.1 0 545239233 3.3492e-07 257754683 
25263.51 1 1465560917 3.6283e-07 2480932170 
25701.06 1 4259593397 3.6283e-07 4046076794 
25759.36 1 4259593397 3.9073999999999996e-07 1019134040 
26371.57 0 3534547045 3.837398e-07 2038493855 
26969.72 0 1075699702 3.3492e-07 3129006749 
27631.82 1 4122240121 8.373e-08 3497999925 
27684.27 0 3749853089 2.791e-08 2528553283 
27867.08 0 2340740170 3.0701e-07 6723929 
28886.58 0 3919026803 2.791e-08 1866926464 
28894.81 1 2235064901 5.0238e-07 3616865126 
30088.09 0 3424908067 2.791e-08 3747246174 
30555.04 2 545239233 3.3492e-07 1321648343 2211003714 1.4e-08 2916276788 2.091e-08 3696193412 2.091e-08 
30812.38 1 265770918 5.582e-08 3838279446 
30974.82 1 3921011129 4.1865e-07 2455496064 
31129.88 0 2246051850 4.1865e-07 1502094437 
32003.26 0 4252347608 2.791e-08 1206764858 
32244.83 1 4252347608 5.582e-08 1206764858 
32985.65 0 1586980658 2.791e-08 1533953788 
33172.75 1 3150846686 4.1865e-07 287801793 
34242.06 1 545239233 3.6283e-07 314650893 
35893.18 1 2235064901 5.302900000000001e-07 3061883439 
35965.34 1 545239233 3.8373999999999997e-07 2916276788 
41086.12 1 545239233 4.1165e-07 2409063466 
41637.67 1 545239233 4.3956e-07 2737363250 
42195.09 1 3534547045 4.1164979999999997e-07 2038493855 
43362.55 0 1481166135 2.791e-08 953296898 
44464.12 1 6723929 4.1909999999999996e-08 2211003714 
44996.75 0 3534547045 4.116498e-07 925199572 
46194.25 0 3150846686 4.1865e-07 778035964 
47474.84 1 2519559028 3.6283e-07 2856850640 
48899.07 0 3747246174 2.791e-08 2406269022 
49831.45 0 3424908067 2.791e-08 3747246174 
50224.83 0 3150846686 4.1865e-07 1493201942 
51854.2 1 3150846686 4.4656e-07 1425083048 
52494.78 1 3921011129 4.7447e-07 858320168 
53833.24 0 1586980658 2.791e-08 825415804 
61347.14 0 482917538 2.791e-08 1516068388 
63908.8 1 3534547045 4.395598e-07 632754209 
63939.83 0 2440120768 2.791e-08 2250879299 
64309.15 0 4252347608 5.582e-08 862710978 
66369.26 1 1465560917 3.9073999999999996e-07 3241671100 
68314.4 0 1458665800 5.582e-08 3953846011 
70588.33 1 2246051850 7.256600000000001e-07 1572835533 
71345.98 0 2393342300 5.582e-08 3749853089 
74194.66 1 4259593397 4.1865e-07 790319072 
75506.6 0 2235064901 5.3029e-07 1494141940 
75976.36 1 2235064901 5.582e-07 331336395 
81861.21 1 426576124 3.0701e-07 3824069879 
83478.08 1 4259593397 4.4656e-07 869234806 
84952.44 0 545239233 4.3956e-07 257754683 
85565.98 1 2799798816 3.9073999999999996e-07 838860310 
93113.58 0 2205180068 2.791e-08 2542835646 
96964.12 1 4259593397 4.7447e-07 1156624510 
99128.46 0 3749853089 2.791e-08 2406269022 
99282.67 0 3749853089 2.791e-08 2406269022 
101881.0 1 1075699702 3.6283e-07 343742982 
107204.2 1 2235064901 5.8611e-07 725558489 
112516.2 1 3921011129 5.0238e-07 3084497907 
115912.6 1 3732071459 8.373e-08 1481166135 
116428.3 0 1075699702 3.6283e-07 2487301543 
119274.1 1 245436729 8.373e-08 870323177 
121755.7 2 1075699702 3.6283004999999994e-07 1222799196 15308464 2.324003e-08 1239307652 1.421444e-08 1945448119 1.421444e-08 3396227953 1.421444e-08 3321237907 1.421444e-08 3187199216 1.421444e-08 3330100144 1.421444e-08 310481256 1.421444e-08 817087088 1.421444e-08 551137729 1.421444e-08 1218250404 1.421444e-08 1035956119 1.421444e-08 1211996162 1.421444e-08 188552836 1.421444e-08 2029773149 1.421444e-08 302486611 1.421444e-08 1842102965 1.421444e-08 1285693762 1.421444e-08 1078741991 1.421444e-08 
125106.1 0 2693713428 2.791e-08 688805295 
125435.7 0 598947138 2.791e-08 1986278615 
127037.5 0 3150846686 4.4656e-07 3421887303 
127367.5 1 3534547045 4.953798e-07 2393342300 
129604.9 0 3150846686 4.4656e-07 3121047530 
129625.9 1 1075699702 3.7704443999999995e-07 551137729 
131836.1 1 1075699702 3.9125884e-07 1218250404 
133779.6 0 3921011129 5.0238e-07 3621383820 
135454.3 0 1075699702 3.912589e-07 3330100144 
136038.8 0 2235064901 5.8611e-07 2125112500 
136084.1 1 1068020906 0.0009543558100000001 1134132465 
138008.2 0 179097684 2.791e-07 2406269022 
141872.7 1 4031050948 3.3492e-07 4188445920 
142247.1 1 598947138 5.115003e-08 15308464 
145533.3 1 2235064901 6.140200000000001e-07 3421887303 
146170.0 0 3475245566 2.791e-08 3462747 
148070.4 1 1465560917 4.1865e-07 1790255658 
149410.0 1 1631081845 5.582e-08 925199572 
152516.1 1 1068020906 0.00095438371 3919026803 
158947.8 0 1465560917 4.1865e-07 197654791 
159438.6 0 4259593397 4.7447e-07 3037779432 
161997.2 0 3037779432 2.791e-08 2440120768 
164959.5 1 1075699702 4.0547334e-07 1211996162 
167298.3 1 3534547045 5.511998e-07 1631081845 
170324.8 1 3534547045 5.791098000000001e-07 3424908067 
171391.6 0 3749853089 2.791e-08 3687573659 
182090.5 2 1434498202 4.042407e-08 1593891639 2723643411 1.539593e-08 
184052.7 0 732124878 2.791e-08 2466232951 
188790.5 2 828787466 3.6154999999999995e-08 3012070026 1804212609 1.9665e-08 
189164.9 0 3921011129 5.0238e-07 2125112500 
196145.0 1 2984600922 3.3492e-07 2911053862 
196500.2 1 2246051850 7.5357e-07 2870037616 
199846.4 1 1068020906 0.00095441161 3709881891 
201812.4 0 1458665800 5.582e-08 2250879299 
201850.5 1 1068020906 0.0009546907 618276123 
208071.8 3 4252347608 1.4e-08 2406269022 438292632 1.74325e-08 2001290253 1.74325e-08 3147695692 1.74325e-08 3179285865 1.74325e-08 
208086.8 0 3147695692 1.74325e-08 438292632 
208309.0 0 3179285865 1.74325e-08 3147695692 
208996.5 1 3179285865 3.4865e-08 3147695692 
209271.1 0 179097684 2.791e-07 2528553283 
209298.3 1 179097684 3.0701e-07 2528553283 
210321.8 1 3800257563 2.98765e-07 1804212609 
213537.0 0 3179285865 3.4865e-08 438292632 
217255.0 0 3179285865 3.4865e-08 438292632 
220020.7 2 3150846686 4.4656e-07 245436729 2173231515 1.4e-08 740082705 1.74325e-08 2795063678 1.74325e-08 3642829293 1.74325e-08 2707128518 1.74325e-08 
220436.7 0 2125112500 2.791e-08 3749853089 
220489.3 1 3150846686 4.6056e-07 2173231515 
220656.4 0 3179285865 3.4865e-08 438292632 
221760.7 0 3384709749 2.791e-08 3108364485 
226157.3 1 1068020906 0.0009547186100000001 2190522392 
228440.7 0 251961497 2.791e-08 3736894086 
228539.8 0 3621383820 2.791e-08 778035964 
230689.6 0 3179285865 3.4865e-08 2001290253 
230828.2 0 179097684 3.0701e-07 862710978 
233246.1 1 2246051850 7.6778444e-07 3330100144 
235006.7 0 2620740164 2.791e-08 3197676583 
235544.0 1 1075699702 4.333833e-07 511603307 
236868.4 0 6723929 4.191e-08 636961411 
237679.2 1 3534547045 6.070198e-07 3749853089 
238419.7 1 732124878 5.582e-08 3129006749 
239876.0 0 2205180068 2.791e-08 817087088 
241291.7 2 545239233 4.3956e-07 6723929 474866315 1.4e-08 1639799867 2.791e-08 
242766.8 0 1434498202 4.042407e-08 2487301543 
245219.0 2 2984600922 3.3492e-07 1878784256 1026028388 1.4e-08 1128056158 2.091e-08 2909632847 2.091e-08 
248391.5 1 2519559028 3.9073999999999996e-07 326805806 
248681.1 1 545239233 4.6747e-07 1639799867 
257420.6 1 2246051850 7.956944000000001e-07 257754683 
258412.1 1 3921011129 5.302900000000001e-07 3121047530 
258870.8 0 3150846686 4.6056e-07 636961411 
259006.6 1 2246051850 1.1027044e-06 2340740170 
261342.5 2 2246051850 1.1027041099999997e-06 545239233 937177227 4.645919e-08 3393811039 1.403369e-08 611212867 1.403369e-08 1104410542 1.403369e-08 2328232000 1.403369e-08 2999719241 1.403369e-08 1931993247 1.403369e-08 1494850122 1.403369e-08 3414514926 1.403369e-08 2312786130 1.403369e-08 3537925318 1.403369e-08 1634407402 1.403369e-08 3869596591 1.403369e-08 3375523036 1.403369e-08 772925454 1.403369e-08 2215785330 1.403369e-08 3491092596 1.403369e-08 57770090 1.403369e-08 3071577057 1.403369e-08 1452489764 1.403369e-08 4260098875 1.403369e-08 3696843781 1.403369e-08 2138100036 1.403369e-08 1726701215 1.403369e-08 1412415798 1.403369e-08 375852842 1.403369e-08 3593732192 1.403369e-08 3888264012 1.403369e-08 313359544 1.403369e-08 217284033 1.403369e-08 2151269300 1.403369e-08 
261342.5 1 937177227 6.049288e-08 2151269300 
261342.5 1 937177227 7.452657e-08 3393811039 
261356.2 0 3375523036 1.403369e-08 1494850122 
264456.1 0 1503861029 2.791e-08 1239307652 
267154.6 0 3696193412 2.091e-08 375852842 
268126.8 0 2246051850 1.102704e-06 1412415798 
273449.3 1 772925454 2.806738e-08 2312786130 
276457.7 1 3179285865 5.22975e-08 2001290253 
278432.1 0 199935986 2.791e-08 3833318790 
283664.1 0 2984600922 3.3492e-07 3823443426 
285260.5 0 3373526895 4.674698e-07 3687573659 
285961.3 1 1503861029 4.194369e-08 2328232000 
286756.5 2 3534547045 6.070198e-07 3938221642 3913511150 1.4e-08 2962530363 2.091e-08 2063946235 2.091e-08 
286920.5 0 3534547045 6.070198e-07 2962530363 
287779.8 1 1068020906 0.0009549978 476505668 
288951.5 1 3534547045 6.279298000000001e-07 2063946235 
289779.6 0 179097684 3.0701e-07 862710978 
289783.7 1 179097684 3.3492e-07 862710978 
292198.4 1 1465560917 4.3286444e-07 1239307652 
292813.4 0 405521437 2.791e-08 313359544 
295241.3 1 3534547045 6.488398e-07 2962530363 
295381.3 1 2246051850 1.13077139e-06 772925454 
300604.7 0 2693713428 2.791e-08 688805295 
301436.4 0 2246051850 1.130772e-06 3414514926 
303984.5 1 1465560917 4.4689809e-07 313359544 
304026.9 1 3373526895 4.8147028e-07 3687573659 
310868.7 0 1503861029 4.194369e-08 3696843781 
315183.3 0 2693713428 2.791e-08 3869596591 
317329.1 0 29350397 2.791e-08 1986278615 
321838.1 0 1415695418 2.791e-08 3490627259 
323573.1 0 1502094437 2.791e-08 1945448119 
325610.4 1 2246051850 1.144772e-06 474866315 
329662.2 0 2235064901 6.1402e-07 778035964 
329953.2 1 2235064901 6.4193e-07 778035964 
332128.2 3 810769555 2.151148e-08 3933289935 1172086036 1.715426e-08 690117576 1.715426e-08 
337464.4 0 1458665800 5.582e-08 290926289 
338444.9 3 3704423751 2.225676e-08 3020817656 3288380490 1.678162e-08 845665321 1.678162e-08 
338928.3 0 3704423751 2.225677e-08 845665321 
339134.2 1 845665321 3.356324e-08 3288380490 
341538.2 0 937177227 7.452657e-08 3869596591 
343570.8 1 845665321 5.5820000000000006e-08 3704423751 
343985.2 1 1068020906 0.0009550257100000001 385785803 
347950.8 1 2246051850 1.15880569e-06 2999719241 
352631.4 1 2246051850 1.179716e-06 3696193412 
360987.7 0 2246051850 1.179716e-06 953296898 
361741.5 1 3373526895 4.954702e-07 3913511150 
363277.8 0 2246051850 1.179716e-06 1726701215 
364515.1 0 1945448119 1.421444e-08 2138100036 
365820.4 1 2246051850 1.207626e-06 688805295 
365977.1 1 1068020906 0.00095505361 1415695418 
367770.4 0 405521437 2.791e-08 2723643411 
367771.9 0 188552836 1.421444e-08 817087088 
368514.6 1 4031050948 6.1402e-07 3004792470 
368833.4 1 2246051850 1.22165969e-06 3593732192 
370071.9 0 2984600922 3.3492e-07 3382444416 
372892.7 0 3150846686 4.6056e-07 1726701215 
373860.8 0 937177227 7.452657e-08 3414514926 
374890.6 1 2246051850 1.23569269e-06 2215785330 
375562.8 0 164438789 2.791e-08 3953846011 
377521.5 3 1465560917 4.468980999999999e-07 1075699702 3122982648 2.21475e-07 1471982444 1.412722e-08 3303338876 1.412722e-08 2875471576 1.412722e-08 1738909006 1.412722e-08 356405251 1.412722e-08 2879167783 1.412722e-08 3083352544 1.412722e-08 4198169764 1.412722e-08 821115011 1.412722e-08 2118016430 1.412722e-08 1945735688 1.412722e-08 4093093422 1.412722e-08 2842015324 1.412722e-08 1249238030 1.412722e-08 3214077756 1.412722e-08 
377521.5 1 3122982648 2.3560222e-07 1471982444 
377521.5 1 3122982648 2.4972942e-07 3214077756 
377791.2 1 4259593397 5.0238e-07 2906924538 
380402.4 1 2984600922 3.6283e-07 1986278615 
380993.0 0 2235064901 6.4193e-07 740082705 
382467.5 1 4259593397 5.1650722e-07 1738909006 
383198.1 2 1494141940 3.13313e-08 2795063678 879162223 1.40112e-08 
383957.6 2 2246051850 1.235693e-06 3732071459 3884425642 1.4e-08 1149406307 1.74325e-08 3528332227 1.74325e-08 4004407106 1.74325e-08 451270221 1.74325e-08 
384425.3 1 1465560917 4.6102532e-07 3303338876 
387086.0 1 4031050948 9.7685e-07 2984600922 
389011.4 0 1465560917 4.610254e-07 3083352544 
390377.2 0 1465560917 4.610254e-07 405521437 
390921.2 0 2937387076 5.582e-08 3884425642 
393459.0 0 1458665800 5.582e-08 2029773149 
394600.7 2 4031050948 9.768500199999999e-07 2519559028 3149440925 6.041007e-08 2250775120 1.436217e-08 1130108289 1.436217e-08 2177968201 1.436217e-08 2914302410 1.436217e-08 3655816389 1.436217e-08 3485819286 1.436217e-08 1382686479 1.436217e-08 1803925302 1.436217e-08 3293059020 1.436217e-08 378125977 1.436217e-08 2159618959 1.436217e-08 2441325815 1.436217e-08 3401497744 1.436217e-08 4069401935 1.436217e-08 134948105 1.436217e-08 1998372786 1.436217e-08 2455922112 1.436217e-08 3059103076 1.436217e-08 432337108 1.436217e-08 1902671923 1.436217e-08 4209590891 1.436217e-08 77395223 1.436217e-08 3592986772 1.436217e-08 
394600.8 1 3149440925 7.477224e-08 2250775120 
394600.8 1 3149440925 8.913441e-08 3592986772 
395358.0 1 3122982648 2.6385672e-07 3083352544 
407378.5 1 2246051850 1.2531255e-06 4004407106 
407854.5 0 1494141940 3.13313e-08 879162223 
408257.7 0 242414939 5.582e-08 2408568032 
410416.2 0 2205180068 2.791e-08 1172086036 
413530.3 0 2542835646 2.791e-08 1285693762 
414493.6 0 2298477853 2.791e-08 3293059020 
416854.8 1 1465560917 4.7515262e-07 821115011 
420939.1 1 4259593397 5.444172000000001e-07 953296898 
421079.9 0 3122982648 2.638567e-07 405521437 
422456.2 2 2246051850 1.253125e-06 1503861029 1246511018 1.4e-08 3986570268 2.794369e-08 
425802.8 1 2246051850 1.281035e-06 2693713428 
426227.0 0 3475245566 2.791e-08 77395223 
427519.4 1 2246051850 1.35556157e-06 937177227 
427987.7 0 3396227953 1.421444e-08 2118016430 
430993.6 0 2937387076 5.582e-08 879162223 
431620.5 0 2246051850 1.355562e-06 57770090 
432633.3 0 1493201942 2.791e-08 2707128518 
432929.5 1 2246051850 1.36992417e-06 2177968201 
434317.7 1 2246051850 1.3873565e-06 3528332227 
435189.2 0 3534547045 6.488398e-07 2125112500 
435911.6 0 3534547045 6.488398e-07 2125112500 
436144.2 1 373638573 1.00000002791 3384709749 
436851.2 1 2246051850 1.4047895e-06 1149406307 
437808.4 1 265770918 7.018217e-08 432337108 
442203.2 0 2932274237 2.791e-08 1945448119 
442408.9 1 197654791 4.53425e-08 3642829293 
443856.9 1 2799798816 4.1865e-07 1593850299 
443970.5 0 4031050948 9.7685e-07 873214132 
446452.7 0 3823443426 2.791e-08 1026028388 
451498.1 1 2246051850 1.41882269e-06 3491092596 
456200.5 1 2246051850 1.432823e-06 1246511018 
459994.8 0 2723643411 1.539593e-08 4198169764 
462167.4 0 2205180068 2.791e-08 1037584679 
463372.3 3 3747246174 1.656326e-08 438292632 174500547 1.438962e-08 4083845756 1.438962e-08 
464236.3 1 3747246174 3.095288e-08 174500547 
471734.3 0 4259593397 5.444172e-07 3037779432 
476032.6 0 3775452048 2.791e-08 3114612365 
476311.6 0 3747246174 3.095288e-08 4083845756 
480584.2 0 2246051850 1.432823e-06 1249238030 
480706.0 1 2246051850 1.4469502200000001e-06 1249238030 
482653.8 0 2246051850 1.44695e-06 4260098875 
490685.2 1 2408568032 4.194369e-08 57770090 
497279.1 1 3150846686 4.7459369e-07 3375523036 
497545.8 0 1963165541 2.791e-08 4198169764 
508596.3 0 2029773149 1.421444e-08 1035956119 
508987.7 3 3475245566 2.605221e-08 3401497744 110358663 1.621996e-08 
510138.0 0 2235064901 6.4193e-07 3986570268 
512152.1 0 179097684 3.3492e-07 4252347608 
512286.9 0 2466232951 2.791e-08 4198169764 
513889.0 0 3921011129 5.3029e-07 740082705 
514962.3 0 110358663 1.621996e-08 134948105 
516697.4 0 4031050948 9.7685e-07 1227575429 
518783.4 1 3747246174 4.53425e-08 4083845756 
520646.3 1 3122982648 2.9176669999999997e-07 102901530 
521982.0 0 3122982648 2.917667e-07 1037584679 
522056.0 1 828787466 6.4065e-08 2956861855 
526043.6 1 1068020906 0.00095508151 1128709694 
531336.5 0 2799798816 4.1865e-07 2046083849 
534949.4 1 2466232951 5.582e-08 3774459889 
539363.9 1 2246051850 1.46098369e-06 3888264012 
539795.7 0 2441325815 1.436217e-08 3485819286 
540900.8 0 3800257563 2.98765e-07 2440120768 
542068.0 1 2246051850 1.47501769e-06 3869596591 
542130.0 3 2074240873 1.4000000000000001e-08 3396227953 1370908750 1.406222e-08 1837234470 1.406222e-08 
543335.9 3 4031050948 9.768498999999999e-07 2799798816 2945849429 1.523328e-07 66296937 1.40167e-08 976558236 1.40167e-08 2438291630 1.40167e-08 906368509 1.40167e-08 3783228500 1.40167e-08 2858952728 1.40167e-08 395113485 1.40167e-08 4019363830 1.40167e-08 3016084464 1.40167e-08 921818415 1.40167e-08 2892683898 1.40167e-08 3697249003 1.40167e-08 3983774618 1.40167e-08 4187488967 1.40167e-08 898751805 1.40167e-08 3632514288 1.40167e-08 410848061 1.40167e-08 2791633391 1.40167e-08 630280293 1.40167e-08 
543336.0 1 2945849429 1.6634950000000002e-07 66296937 
543336.0 1 2945849429 1.803662e-07 630280293 
546098.1 3 2246051850 1.4750169899999999e-06 598947138 4212779140 1.4e-08 3459374364 1.857502e-08 2125331604 1.857502e-08 
547291.0 0 810769555 2.151148e-08 3655816389 
547389.8 1 2246051850 1.4890169999999999e-06 4212779140 
547558.7 0 251961497 2.791e-08 3891448235 
547581.0 1 3150846686 5.025037e-07 717226258 
550493.5 1 2246051850 1.5030506900000001e-06 1412415798 
551087.5 0 732124878 5.582e-08 3833318790 
551670.9 0 2620740164 2.791e-08 873214132 
552333.0 1 1586980658 4.227217e-08 4209590891 
558947.5 1 828787466 9.1975e-08 811613008 
563915.0 1 242414939 6.985369e-08 4260098875 
567208.3 2 2246051850 1.503051e-06 2937387076 3113062634 1.4e-08 847040419 2.091e-08 4240624600 2.091e-08 
567955.9 1 2235064901 6.5596369e-07 1726701215 
568250.6 1 2246051850 1.523961e-06 4240624600 
569293.9 2 4122240121 8.711131999999999e-08 2451350669 1565786989 2.452868e-08 
569918.6 1 3150846686 5.304137000000001e-07 3114612365 
572459.6 1 2246051850 1.53799469e-06 217284033 
574201.6 0 1516068388 2.791e-08 3632514288 
575736.8 0 3150846686 5.304137e-07 1945448119 
582185.4 2 1128056158 2.112444e-08 1945448119 2286860921 1.4e-08 
584815.0 0 611212867 1.403369e-08 3884425642 
587699.5 0 4031050948 9.7685e-07 1037584679 
599975.7 0 3373526895 4.954702e-07 3621383820 
600259.8 1 2246051850 1.5554275e-06 451270221 
603169.5 1 2246051850 1.62528069e-06 242414939 
606253.7 1 4122240121 1.0112802e-07 906368509 
609707.8 0 921425487 2.791e-08 2159618959 
613377.4 0 3736601249 2.791e-08 1037584679 
617974.8 1 3534547045 6.662723e-07 740082705 
618897.2 1 2246051850 1.653191e-06 482917538 
619878.4 1 2246051850 1.674101e-06 847040419 
630157.4 1 378125977 2.8378869999999997e-08 4187488967 
631768.4 1 4122240121 1.15128e-07 3113062634 
631801.9 3 378125977 2.378368e-08 395113485 3707879645 1.861189e-08 
634694.3 0 2246051850 1.674101e-06 1452489764 
635044.7 0 2246051850 1.674101e-06 879162223 
637087.6 0 2466232951 5.582e-08 2723643411 
645597.8 0 2555962951 2.791e-07 2298477853 
647321.4 0 2723643411 1.539593e-08 3187199216 
647838.4 2 1172086036 1.73687e-08 310481256 2746930994 1.4e-08 
647855.5 1 1465560917 5.030626000000001e-07 3953846011 
653299.0 1 4259593397 5.585444199999999e-07 4198169764 
654120.5 0 3382444416 2.791e-08 3321237907 
656100.9 0 2945849429 1.803662e-07 3428193420 
664090.7 1 3921011129 5.582e-07 2125112500 
664494.8 0 2235064901 6.559637e-07 636961411 
668975.6 0 2945849429 1.803662e-07 2620740164 
671675.1 0 1493201942 2.791e-08 3414514926 
672010.4 0 2555962951 2.791e-07 2791633391 
685114.5 1 373638573 1.00000002791 3428193420 
688669.6 1 4031050948 1.00476e-06 2487301543 
689848.0 0 3373526895 4.954702e-07 636961411 
689969.9 2 378125977 2.414584e-08 3293059020 4075596975 1.4e-08 
690597.0 0 3373526895 4.954702e-07 636961411 
692305.1 0 2246051850 1.674101e-06 2074240873 
693278.5 0 3373526895 4.954702e-07 636961411 
696360.6 1 1465560917 5.216744899999999e-07 3707879645 
696684.2 0 1634407402 1.403369e-08 1026028388 
704743.3 0 2932274237 2.791e-08 134948105 
709838.4 2 3179285865 5.22975e-08 3747246174 4283280385 1.4e-08 538453177 1.567125e-08 3121292019 1.567125e-08 
709884.5 1 3179285865 6.62975e-08 4283280385 
710196.4 0 3179285865 6.62975e-08 538453177 
711889.5 0 3179285865 6.62975e-08 538453177 
712167.2 1 1465560917 5.358889399999999e-07 1078741991 
713715.3 0 3179285865 6.62975e-08 538453177 
714607.4 0 3775452048 2.791e-08 3537925318 
717282.3 0 1902671923 1.436217e-08 1026028388 
719551.7 1 1502094437 4.194369e-08 1634407402 
730444.2 0 3150846686 5.304137e-07 2932274237 
732663.0 1 4031050948 1.03267e-06 2729381062 
732925.6 0 3382444416 2.791e-08 110358663 
740405.4 0 1945735688 1.412722e-08 3632514288 
743678.7 1 3121292019 3.13425e-08 538453177 
745534.3 0 2945849429 1.803662e-07 3321237907 
761611.1 2 2235064901 6.6054162e-07 636961411 3349724438 2.333208e-08 
762703.1 3 2932274237 1.399999e-08 2723643411 4253718737 1.465297e-08 3297362622 1.465297e-08 
766441.9 1 2235064901 6.8387368e-07 3349724438 
767807.0 3 3986570268 1.826175e-08 3775452048 1751902433 1.879597e-08 2878871175 1.879597e-08 
773692.0 0 1239791232 2.791e-08 898751805 
780761.9 1 2235064901 6.9790739e-07 3414514926 
781786.8 2 1370908750 1.407892e-08 921818415 3083717413 1.4e-08 
782173.5 0 2542835646 2.791e-08 3537925318 
788166.4 1 1465560917 5.498889e-07 3884425642 
791686.4 0 1035492323 2.791e-08 302486611 
794355.8 1 2246051850 1.702011e-06 1493201942 
795879.3 2 2791633391 1.4033399999999999e-08 3632514288 220564665 1.4e-08 
796162.4 1 1068020906 0.0009551094100000001 2261252686 
796797.0 0 4259593397 5.585444e-07 690117576 
797143.3 0 873214132 2.791e-08 2791633391 
801575.3 1 2246051850 1.729921e-06 1516068388 
802052.7 1 1068020906 0.00095516522 732124878 
807212.7 1 2235064901 7.1670337e-07 2878871175 
809483.3 0 1565786989 2.452868e-08 976558236 
814012.5 0 1502094437 4.194369e-08 1837234470 
825830.7 1 4259593397 5.729065700000001e-07 2914302410 
826374.2 0 1128056158 2.112444e-08 2879167783 
839725.9 0 2029773149 1.421444e-08 1837234470 
841027.7 2 1465560917 5.498889e-07 1434498202 3653734512 1.4e-08 3815024321 2.642407e-08 
845054.2 0 810769555 2.151148e-08 1842102965 
847483.7 3 4031050948 1.0326699599999997e-06 4259593397 1428265047 2.012278e-07 3604532305 1.429534e-08 1869365069 1.429534e-08 965372172 1.429534e-08 607396504 1.429534e-08 2533881277 1.429534e-08 472358284 1.429534e-08 1950077488 1.429534e-08 1820499179 1.429534e-08 4055959668 1.429534e-08 528880979 1.429534e-08 3778036871 1.429534e-08 1405660995 1.429534e-08 3662110242 1.429534e-08 2247026945 1.429534e-08 4032129539 1.429534e-08 4035587434 1.429534e-08 3111692719 1.429534e-08 1398579088 1.429534e-08 2501379955 1.429534e-08 3332562587 1.429534e-08 3562383954 1.429534e-08 2521380987 1.429534e-08 4119421155 1.429534e-08 1913762779 1.429534e-08 3678948817 1.429534e-08 2489195127 1.429534e-08 
847483.7 1 1428265047 2.1552314e-07 2489195127 
847483.7 1 1428265047 2.2981844e-07 3604532305 
847484.0 1 1428265047 2.4411384e-07 1869365069 
847484.0 1 1428265047 2.5840914e-07 3678948817 
849047.1 1 1465560917 5.7631297e-07 3815024321 
854035.7 0 1502094437 4.194369e-08 302486611 
855105.6 0 3332562587 1.429534e-08 4032129539 
856973.2 3 3121292019 2.3567389999999997e-08 4252347608 3929228125 2.177511e-08 
857625.0 0 3187199216 1.421444e-08 3653734512 
868050.8 0 2246051850 1.729921e-06 1842102965 
875984.5 1 179097684 3.5848739e-07 3121292019 
877207.4 1 2235064901 7.3527842e-07 3459374364 
878924.3 0 4031050948 1.03267e-06 4119421155 
883737.4 1 4031050948 1.0469653400000002e-06 2533881277 
884344.8 0 2542835646 2.791e-08 2746930994 
885105.3 2 3122982648 3.8138996e-07 4122240121 3160344427 2.550474e-08 
893844.3 0 2125331604 1.857502e-08 3696843781 
895205.7 0 2246051850 1.729921e-06 1370908750 
895231.1 1 4031050948 1.06126034e-06 4035587434 
897030.1 0 845665321 5.582e-08 3929228125 
903209.4 1 2246051850 1.7440482200000002e-06 2118016430 
904506.7 1 2945849429 2.2230989e-07 1502094437 
905473.4 1 2235064901 7.631884e-07 3823443426 
910665.0 0 3921011129 5.582e-07 2932274237 
912506.6 1 3800257563 3.1306034e-07 528880979 
916280.0 0 1035492323 2.791e-08 3321237907 
918789.8 3 3833318790 1.4e-08 4061687915 3182159117 2.091e-08 766581564 2.091e-08 
919659.5 3 164438789 2.791e-08 3083717413 3702894340 1.4e-08 
925638.7 1 2246051850 1.75808169e-06 1452489764 
926331.6 0 2235064901 7.631884e-07 2932274237 
927364.3 2 3986570268 1.8476200000000004e-08 3321237907 3532745758 1.4e-08 
928473.2 0 2545005546 2.791e-08 4075596975 
931817.3 0 2945849429 2.223099e-07 1945735688 
935156.3 0 3149440925 8.913441e-08 825415804 
939489.1 1 2945849429 2.363266e-07 3697249003 
940748.3 1 2246051850 1.8034245000000001e-06 197654791 
942917.6 0 1428265047 2.584092e-07 607396504 
944911.5 0 3182159117 2.091e-08 3833318790 
945154.0 1 1172086036 3.158314e-08 817087088 
948989.9 2 2879167783 1.4160910000000001e-08 1931993247 1072840122 1.4e-08 
950946.5 0 3392858646 2.791e-08 2858952728 
952373.6 1 2250879299 4.220534e-08 1820499179 
954105.8 0 810769555 2.151148e-08 3702894340 
961665.1 1 2235064901 7.8198437e-07 1751902433 
963627.4 0 1963165541 2.791e-08 356405251 
967636.0 0 3921011129 5.582e-07 4253718737 
971279.9 3 3653734512 1.4e-08 220564665 3294683754 1.4e-08 
971714.0 0 2125331604 1.857502e-08 1842102965 
975623.8 0 1465560917 5.76313e-07 2791633391 
984807.6 0 2246051850 1.803424e-06 1494850122 
986983.2 1 1458665800 7.018217e-08 2159618959 
987183.7 1 3122982648 3.9539e-07 3294683754 
988159.4 0 845665321 5.582e-08 3929228125 
988203.4 3 845665321 1.399998999999999e-08 3929228125 1676003954 1.589878e-08 4285585893 1.589878e-08 2674988631 1.589878e-08 406745133 1.589878e-08 
988372.9 1 1676003954 2.9898780000000005e-08 845665321 
988805.9 0 1676003954 2.989878e-08 2674988631 
990616.8 1 1676003954 4.579756e-08 4285585893 
995042.4 1 1676003954 6.169634e-08 406745133 
997449.2 3 2945849429 2.2322686e-07 1458432161 2883513480 2.050487e-08 783121895 2.050487e-08 
998332.3 2 2945849429 2.232268e-07 2466232951 2683944377 1.4e-08 2961226102 2.091e-08 301219709 2.091e-08 
1003100.0 1 1676003954 7.759511e-08 2674988631 
1009890.0 1 2945849429 2.4373167e-07 2883513480 
1010892.0 1 2246051850 1.81745769e-06 1494850122 
1011473.0 2 179097684 4.0294244000000004e-07 3179285865 1743198400 2.184246e-08 
1013586.0 1 3150846686 5.444137e-07 3532745758 
1014530.0 0 179097684 4.029424e-07 1743198400 
1015477.0 0 1465560917 5.76313e-07 2879167783 
1015985.0 1 179097684 4.2478486e-07 1743198400 
1019264.0 0 2246051850 1.817458e-06 3702894340 
1024372.0 0 3621383820 2.791e-08 4253718737 
1025381.0 2 2246051850 1.817458e-06 1465560917 3059144981 1.681322e-07 3952655669 1.40752e-08 2848685905 1.40752e-08 1826422368 1.40752e-08 896813269 1.40752e-08 37051273 1.40752e-08 1867247157 1.40752e-08 3633199892 1.40752e-08 1736323711 1.40752e-08 283080478 1.40752e-08 785216844 1.40752e-08 3006103420 1.40752e-08 2898323513 1.40752e-08 1199222225 1.40752e-08 3755198008 1.40752e-08 2795041644 1.40752e-08 3492274228 1.40752e-08 1420914473 1.40752e-08 439844059 1.40752e-08 3802520055 1.40752e-08 3012889883 1.40752e-08 3363823620 1.40752e-08 1086559163 1.40752e-08 3063534263 1.40752e-08 2013640095 1.40752e-08 1461359102 1.40752e-08 2027098952 1.40752e-08 4167430602 1.40752e-08 4096225443 1.40752e-08 781549661 1.40752e-08 
1025381.0 1 3059144981 1.822074e-07 3952655669 
1025381.0 1 3059144981 1.9628260000000002e-07 781549661 
1025672.0 1 2246051850 1.8315332000000001e-06 3755198008 
1026219.0 1 2246051850 1.8456082e-06 1420914473 
1026364.0 1 2246051850 1.8596842e-06 2898323513 
1027730.0 1 2945849429 2.577317e-07 2683944377 
1027749.0 1 2246051850 1.8737592e-06 3006103420 
1030230.0 0 283080478 1.40752e-08 1736323711 
1032050.0 0 3737780296 3.0701e-07 1239791232 
1032835.0 1 2246051850 1.8878342000000001e-06 1086559163 
1033923.0 1 2246051850 1.9019092e-06 2848685905 
1036544.0 3 1586980658 1.4000009999999996e-08 1285693762 907719639 1.41622e-08 1906851972 1.41622e-08 2597880038 1.41622e-08 
1038572.0 1 2246051850 1.9159842e-06 2795041644 
1042650.0 0 3122982648 3.9539e-07 2842015324 
1044098.0 1 2246051850 1.9300602e-06 439844059 
1044986.0 1 2246051850 1.9441352e-06 3492274228 
1048109.0 0 2205180068 2.791e-08 4119421155 
1050124.0 1 2246051850 1.9582102e-06 1199222225 
1053916.0 1 2246051850 1.97250534e-06 4032129539 
1055335.0 1 2246051850 1.9865802e-06 3063534263 
1055395.0 0 2250879299 4.220534e-08 2909632847 
1056131.0 3 3160344427 2.0164049999999997e-08 2029773149 1896745001 1.955513e-08 
1057797.0 1 2246051850 2.0006561999999997e-06 2027098952 
1059330.0 0 3160344427 2.016405e-08 1896745001 
1061992.0 0 2945849429 2.577317e-07 3778036871 
1063291.0 1 2246051850 2.0147311999999996e-06 37051273 
1063567.0 0 2246051850 2.014731e-06 3702894340 
1065000.0 2 1370908750 1.411261e-08 375852842 2378434411 1.4e-08 
1067576.0 0 3621383820 2.791e-08 1382686479 
1071397.0 3 4069401935 1.436217e-08 2286860921 1837088337 1.4e-08 
1073908.0 0 2246051850 2.014731e-06 3012889883 
1083021.0 0 2246051850 2.014731e-06 3633199892 
1090221.0 0 1494141940 3.13313e-08 1586980658 
1091595.0 0 164438789 2.791e-08 3702894340 
1099621.0 1 3150846686 5.618461999999999e-07 2707128518 
1105445.0 0 1963165541 2.791e-08 2074240873 
1113118.0 3 4031050948 1.06126092e-06 3800257563 1543523724 9.084168e-08 1761715697 1.481458e-08 3099973400 1.481458e-08 2789348510 1.481458e-08 1371202285 1.481458e-08 629078091 1.481458e-08 754560055 1.481458e-08 1737134642 1.481458e-08 37613351 1.481458e-08 3434666020 1.481458e-08 2369258877 1.481458e-08 3563522875 1.481458e-08 249728555 1.481458e-08 4285226245 1.481458e-08 2707460946 1.481458e-08 2606325002 1.481458e-08 
1113198.0 0 1382686479 1.436217e-08 2791633391 
1115127.0 3 4031050948 1.06126098e-06 2945849429 1541925803 1.4e-08 2024675612 1.433716e-08 1292023300 1.433716e-08 3302973195 1.433716e-08 875106938 1.433716e-08 3314075649 1.433716e-08 2589646060 1.433716e-08 3433591204 1.433716e-08 1848242772 1.433716e-08 250719570 1.433716e-08 2681498831 1.433716e-08 481808867 1.433716e-08 2066612683 1.433716e-08 3458484829 1.433716e-08 2719204682 1.433716e-08 4256642775 1.433716e-08 2449448537 1.433716e-08 463844675 1.433716e-08 
1120616.0 1 2246051850 2.0288062e-06 3363823620 
1120819.0 0 1543523724 9.084168e-08 875106938 
1125750.0 1 4031050948 1.07559816e-06 250719570 
1128061.0 1 2555962951 2.9343716e-07 2024675612 
1128355.0 0 3268335666 2.791e-08 739080713 
1129025.0 0 3099973400 1.481458e-08 410848061 
1142402.0 2 1398579088 1.437054e-08 1826422368 3167902617 1.4e-08 
1143217.0 1 2246051850 2.2250886000000002e-06 3059144981 
1148186.0 0 1565786989 2.452868e-08 2013640095 
1148459.0 0 754560055 1.481458e-08 1292023300 
1158581.0 3 3382444416 2.196438e-08 164438789 579073438 1.692781e-08 3468130899 1.692781e-08 
1165809.0 0 2719204682 1.433716e-08 1292023300 
1177789.0 0 4031050948 1.075598e-06 3433591204 
1180014.0 1 2246051850 2.23938434e-06 3662110242 
1182518.0 0 4167430602 1.40752e-08 896813269 
1183477.0 0 907719639 1.41622e-08 2879167783 
1185441.0 1 4031050948 1.09041258e-06 1371202285 
1189588.0 1 2235064901 8.098943e-07 3621383820 
1189844.0 0 199935986 2.791e-08 1292023300 
1191908.0 0 2246051850 2.239384e-06 2125331604 
1198293.0 2 907719639 1.4195890000000002e-08 2138100036 393090083 1.4e-08 
1205761.0 0 3373526895 4.954702e-07 1370908750 
1213054.0 2 3655816389 1.443737e-08 1461359102 2343849308 1.4e-08 
1214103.0 0 2246051850 2.239384e-06 3382444416 
1217133.0 0 378125977 2.414585e-08 3302973195 
1218475.0 1 2555962951 3.0745390000000003e-07 3016084464 
1219284.0 2 3071577057 1.4067380000000002e-08 1104410542 1055469694 1.4e-08 
1222044.0 0 4031050948 1.090412e-06 3099973400 
1224132.0 0 3534547045 6.662723e-07 2378434411 
1224205.0 0 3534547045 6.662723e-07 2378434411 
1224609.0 0 3037779432 2.791e-08 3433591204 
1228215.0 0 2246051850 2.239384e-06 907719639 
1232886.0 2 3802520055 1.410889e-08 611212867 627452446 1.4e-08 
1234204.0 1 1068020906 0.00095519311 997905375 
1234699.0 0 3150846686 5.618462e-07 3986570268 
1235908.0 1 3921011129 5.7285297e-07 3297362622 
1238352.0 1 2246051850 2.267294e-06 29350397 
1243455.0 0 1035492323 2.791e-08 410848061 
1247296.0 0 249728555 1.481458e-08 1848242772 
1253435.0 0 3655816389 1.443737e-08 2343849308 
1257985.0 2 1130108289 1.457661e-08 1842102965 2014426858 1.4e-08 
1273767.0 0 3737780296 3.0701e-07 1737134642 
1276959.0 0 2246051850 2.267294e-06 3468130899 
1281455.0 1 2246051850 2.28142122e-06 4093093422 
1284559.0 3 1172086036 1.3999999999999996e-08 898751805 2716949832 1.579992e-08 552634658 1.579992e-08 
1289265.0 3 2408568032 3.143138e-08 1370908750 3736523900 2.462492e-08 
1289297.0 3 4167430602 1.40752e-08 3833318790 2213923665 1.4e-08 
1305763.0 1 2246051850 2.2954322e-06 879162223 
1322652.0 1 3736523900 3.869231e-08 3071577057 
1323836.0 2 4256642775 1.437085e-08 3696843781 1503202005 1.4e-08 
1342521.0 0 1998372786 1.436217e-08 4055959668 
1342690.0 1 3122982648 4.1020458e-07 754560055 
1345044.0 2 4031050948 1.09041203e-06 1428265047 3202152185 1.4e-08 2622395779 1.437701e-08 3607413901 1.437701e-08 649593533 1.437701e-08 66987975 1.437701e-08 483021244 1.437701e-08 3707800333 1.437701e-08 3528190190 1.437701e-08 2185291493 1.437701e-08 550176535 1.437701e-08 1674415855 1.437701e-08 4287239676 1.437701e-08 3884987045 1.437701e-08 1960974751 1.437701e-08 309459595 1.437701e-08 2348040613 1.437701e-08 3180086772 1.437701e-08 3833074883 1.437701e-08 
1345099.0 1 4031050948 1.1047890100000001e-06 3884987045 
1345941.0 1 2246051850 2.3095081999999998e-06 3012889883 
1351335.0 1 4031050948 1.11916601e-06 66987975 
1352649.0 1 4031050948 1.13354301e-06 2622395779 
1356299.0 1 373638573 1.0000000140167 2858952728 
1357073.0 0 3921011129 5.72853e-07 3986570268 
1360045.0 0 179097684 4.247849e-07 2378434411 
1360671.0 2 4096225443 1.40919e-08 3983774618 1462644303 1.4e-08 
1362103.0 1 373638573 1.00000001421444 3187199216 
1365586.0 1 2246051850 2.3235831999999997e-06 2013640095 
1367999.0 0 3108364485 2.791e-08 1035956119 
1369339.0 1 4031050948 1.14792001e-06 483021244 
1371770.0 0 2205180068 2.791e-08 3160344427 
1381011.0 1 4031050948 1.16229701e-06 3607413901 
1381578.0 2 3802520055 1.420078e-08 4096225443 4088625113 1.4e-08 
1382099.0 1 3534547045 6.8474851e-07 3986570268 
1383873.0 0 2842015324 1.412722e-08 3633199892 
1386978.0 1 1458665800 8.425736999999999e-08 283080478 
1387052.0 0 405521437 2.791e-08 3382444416 
1392937.0 3 3382444416 2.196438e-08 1462644303 1237914369 1.4e-08 
1395386.0 0 179097684 4.247849e-07 2378434411 
1399586.0 0 810769555 2.151148e-08 1398579088 
1401664.0 0 3122982648 4.102045e-07 1945735688 
1407775.0 3 2408568032 3.0352919999999995e-08 690117576 2733144751 1.823273e-08 
1415776.0 1 2246051850 2.3539359099999996e-06 2408568032 
1419640.0 1 3921011129 5.86853e-07 2932274237 
1421356.0 1 2246051850 2.3679360000000004e-06 4088625113 
1424896.0 0 2555962951 3.074539e-07 2348040613 
1427997.0 2 783121895 2.088188e-08 3180086772 1649557018 1.4e-08 
1433149.0 1 179097684 4.387849e-07 2378434411 
1445614.0 0 1494141940 3.13313e-08 1026028388 
1449318.0 1 2246051850 2.38990038e-06 3382444416 
1453176.0 1 2246051850 2.4041953400000002e-06 3778036871 
1454567.0 0 1037584679 2.791e-08 3434666020 
1460055.0 3 3891448235 1.400001e-08 3833074883 1831065885 1.41435e-08 79461789 1.41435e-08 
1461418.0 0 3160344427 2.016405e-08 4167430602 
1466135.0 0 2246051850 2.404196e-06 4019363830 
1478075.0 1 2235064901 8.238943e-07 1055469694 
1482803.0 1 4031050948 1.17711158e-06 2606325002 
1494119.0 3 1458665800 5.7376560000000004e-08 3160344427 1621314342 1.568162e-08 2016090987 1.568162e-08 1553963666 1.568162e-08 
1494340.0 1 2246051850 2.4355273e-06 1494141940 
1503625.0 1 4031050948 1.1912555e-06 79461789 
1511034.0 0 552634658 1.579992e-08 188552836 
1513298.0 1 4031050948 1.219166e-06 2669757562 
1516597.0 0 199935986 2.791e-08 309459595 
1517786.0 1 3150846686 5.758462e-07 393090083 
1538878.0 1 3150846686 6.037562000000001e-07 3108364485 
1541472.0 0 1227575429 2.791e-08 2185291493 
1544814.0 1 3150846686 6.177562e-07 1586980658 
1548355.0 0 2681498831 1.433716e-08 1541925803 
1548646.0 1 373638573 1.00000001403339 2791633391 
1549010.0 3 550176535 1.437701e-08 1649557018 1002680420 1.4e-08 
1551214.0 2 1963165541 2.97643e-08 3468130899 734120091 1.507351e-08 
1558324.0 1 2246051850 2.456437e-06 766581564 
1564963.0 0 2246051850 2.456437e-06 199935986 
1568021.0 2 2733144751 1.830793e-08 3633199892 2475979558 1.4e-08 
1572754.0 3 2250879299 1.7659820000000003e-08 4055959668 2649056468 1.942043e-08 3381587904 1.942043e-08 
1575552.0 1 2246051850 2.470437e-06 2746930994 
1583366.0 0 3122982648 4.102045e-07 4287239676 
1593516.0 1 1543523724 1.0565626000000001e-07 249728555 
1602031.0 2 3099973400 1.488978e-08 785216844 175860597 1.4e-08 
1606339.0 0 728028737 2.791e-08 3279231079 
1610480.0 0 3149440925 8.913441e-08 1130108289 
1612152.0 1 3373526895 5.1004681e-07 1130108289 
1629520.0 1 1674415855 2.852051e-08 1831065885 
1635157.0 0 2205180068 2.791e-08 2250879299 
1636611.0 0 4069401935 1.436217e-08 1503202005 
1636974.0 0 301219709 2.091e-08 2842015324 
1639056.0 3 550176535 1.437701e-08 4075596975 1089013536 1.4e-08 
1645874.0 0 3736523900 3.86923e-08 2597880038 
1660163.0 2 4031050948 1.2191661e-06 2555962951 552498239 1.4e-08 481049431 1.467269e-08 2950407739 1.467269e-08 72955594 1.467269e-08 1771264541 1.467269e-08 2353028958 1.467269e-08 2980075456 1.467269e-08 3449694611 1.467269e-08 1194638860 1.467269e-08 114837353 1.467269e-08 2341758500 1.467269e-08 651046398 1.467269e-08 2780384598 1.467269e-08 1061526795 1.467269e-08 3342541004 1.467269e-08 1577969976 1.467269e-08 695939830 1.467269e-08 229435916 1.467269e-08 1850435983 1.467269e-08 19131048 1.467269e-08 2426951832 1.467269e-08 
1663105.0 1 373638573 1.00000001429534 607396504 
1664674.0 0 3149440925 8.913441e-08 629078091 
1665482.0 1 4031050948 1.2338386900000001e-06 481049431 
1667738.0 1 4031050948 1.24851069e-06 1850435983 
1669427.0 1 4031050948 1.262511e-06 552498239 
1670282.0 0 2246051850 2.470437e-06 907719639 
1674371.0 0 1061526795 1.467269e-08 2589646060 
1678915.0 3 463844675 1.433716e-08 3653734512 3089865955 1.4e-08 
1682030.0 2 2341758500 1.468939e-08 2438291630 3526559023 1.4e-08 
1682051.0 1 2246051850 2.48463779e-06 3802520055 
1683765.0 1 2246051850 2.512548e-06 2542835646 
1684404.0 1 1543523724 1.6303287e-07 1458665800 
1689842.0 0 4256642775 1.437085e-08 1398579088 
1689853.0 0 3111692719 1.429534e-08 2892683898 
1694862.0 0 19131048 1.467269e-08 649593533 
1696235.0 0 301219709 2.091e-08 2343849308 
1698415.0 0 651046398 1.467269e-08 72955594 
1706892.0 0 2246051850 2.512548e-06 1867247157 
1707433.0 0 1896745001 1.955513e-08 3655816389 
1707433.0 1 373638573 1.00000001429534 2521380987 
1716372.0 0 3197676583 2.791e-08 3182159117 
1716578.0 0 2649056468 1.942043e-08 3167902617 
1725749.0 0 3279231079 2.791e-08 1128056158 
1730167.0 1 2246051850 2.540458e-06 2205180068 
1745900.0 1 4031050948 1.27687317e-06 4069401935 
1756652.0 3 2125331604 1.857502e-08 1089013536 73116178 1.4e-08 
1757977.0 1 2246051850 2.5545332e-06 1867247157 
1758660.0 1 4031050948 1.2912101599999998e-06 2449448537 
1778809.0 0 552634658 1.579992e-08 1382686479 
1784548.0 1 2246051850 2.5686082e-06 1736323711 
1790078.0 3 405521437 2.705672e-08 2014426858 2654473721 1.485328e-08 
1793780.0 2 552634658 1.587512e-08 4167430602 2564127097 1.4e-08 
1798458.0 0 4285226245 1.481458e-08 3528190190 
1798779.0 0 2789348510 1.481458e-08 1577969976 
1800336.0 0 3037779432 2.791e-08 1761715697 
1814351.0 0 3736601249 2.791e-08 2649056468 
1826998.0 0 2326007700 2.791e-08 695939830 
1838801.0 3 4226750145 1.4e-08 875106938 3554620561 1.412358e-08 2789301560 1.412358e-08 
1844628.0 1 373638573 1.00000001412722 1945735688 
1845812.0 0 1761715697 1.481458e-08 1998372786 
1846851.0 0 2426951832 1.467269e-08 2950407739 
1849379.0 0 896813269 1.40752e-08 73116178 
1852155.0 1 373638573 1.00000002791 1347872676 
1853205.0 2 649593533 1.4672350000000001e-08 965372172 3201932102 1.4e-08 
1853744.0 0 629078091 1.481458e-08 1998372786 
1854684.0 0 810769555 2.151148e-08 2185291493 
1856070.0 0 4119421155 1.429534e-08 472358284 
1873885.0 1 373638573 1.00000001467269 3449694611 
1879180.0 1 3122982648 4.2458151000000003e-07 3528190190 
1881095.0 1 4031050948 1.30557217e-06 77395223 
1881752.0 0 3122982648 4.245815e-07 19131048 
1883585.0 0 2246051850 2.568608e-06 2875471576 
1891176.0 1 2246051850 2.5828039000000002e-06 907719639 
1893330.0 0 2246051850 2.582804e-06 579073438 
1904087.0 1 1543523724 1.7736996e-07 3314075649 
1913286.0 1 1068020906 0.0009552210100000001 1498734392 
1917075.0 3 405521437 2.705672e-08 73116178 3527214469 1.4e-08 
1920712.0 2 1960974751 1.4539210000000001e-08 1906851972 224410298 1.4e-08 
1924635.0 0 2125331604 1.857502e-08 2501379955 
1936854.0 3 3037779432 2.60398e-08 579073438 3967778277 1.879801e-08 
1939273.0 0 3059103076 1.436217e-08 3089865955 
1940050.0 1 1837088337 2.8e-08 3891448235 
1940724.0 3 1998372786 1.436217e-08 2564127097 1759850032 1.4e-08 
1945632.0 1 4031050948 1.32024469e-06 651046398 
1955605.0 1 3099973400 2.8889770000000002e-08 175860597 
1957789.0 0 3783228500 1.40167e-08 1072840122 
1958906.0 2 734120091 1.588809e-08 2369258877 2704180049 1.4e-08 
1962363.0 0 2250879299 1.765982e-08 481808867 
1963388.0 0 3182159117 2.091e-08 2185291493 
1964185.0 0 3099973400 2.888977e-08 3059103076 
1972745.0 3 2046083849 1.9451760000000004e-08 1565786989 287394855 1.649346e-08 2670951229 1.649346e-08 
1979178.0 3 550176535 1.437701e-08 1002680420 2367820772 1.4e-08 
1979606.0 1 4031050948 1.3345403400000001e-06 3332562587 
1980275.0 1 3737780296 3.2154921e-07 1960974751 
1981107.0 1 4031050948 1.34890217e-06 2441325815 
1983239.0 0 3099973400 2.888977e-08 2475979558 
2001522.0 0 2710766136 2.791e-08 1541925803 
2003483.0 1 1068020906 0.000955235 1541925803 
2007264.0 0 1553963666 1.568162e-08 2789348510 
2018473.0 0 3122982648 4.245815e-07 2654473721 
2026222.0 2 3342541004 1.4706380000000001e-08 3537925318 771359632 1.4e-08 
2056676.0 1 3150846686 6.564484999999999e-07 3736523900 
2060673.0 0 3707800333 1.437701e-08 2475979558 
2089195.0 3 2789301560 1.412358e-08 2343849308 4186562710 1.4e-08 
2089681.0 3 302486611 1.421444e-08 2367820772 3211480542 1.4e-08 
2096688.0 0 1621314342 1.568162e-08 976558236 
2105224.0 1 302486611 2.821444e-08 3211480542 
2114968.0 1 3534547045 1.1947954e-06 3373526895 
2122987.0 0 3099973400 2.888977e-08 114837353 
2124130.0 0 3150846686 6.564485e-07 1237914369 
2124494.0 2 2670951229 1.8986919999999998e-08 287394855 346987663 1.4e-08 
2137452.0 0 2716949832 1.579992e-08 1771264541 
2142480.0 0 911013108 2.791e-08 2353028958 
2147366.0 0 2185291493 1.437701e-08 3702894340 
2153789.0 0 302486611 2.821444e-08 4019363830 
2164857.0 1 2246051850 2.59869209e-06 734120091 
2167273.0 0 3921011129 5.86853e-07 2185291493 
2171235.0 2 3707800333 1.439371e-08 2892683898 1922039940 1.4e-08 
2174813.0 0 1896745001 1.955513e-08 2789301560 
2192141.0 1 3534547045 1.20909034e-06 4119421155 
2215634.0 0 1963165541 2.97643e-08 1837234470 
2249029.0 1 3921011129 6.0150597e-07 4253718737 
2259362.0 1 4031050948 1.36458462e-06 1621314342 
2264766.0 2 2235064901 8.2389433e-07 3921011129 2110688926 5.957343e-08 1314810707 1.426138e-08 2472898255 1.426138e-08 3459912306 1.426138e-08 1598213090 1.426138e-08 1495382923 1.426138e-08 722767024 1.426138e-08 515125813 1.426138e-08 1298902656 1.426138e-08 3532628785 1.426138e-08 826924968 1.426138e-08 3190311976 1.426138e-08 841878026 1.426138e-08 2747938267 1.426138e-08 3177521820 1.426138e-08 3363025910 1.426138e-08 1290268226 1.426138e-08 764400056 1.426138e-08 1517815290 1.426138e-08 66064165 1.426138e-08 2766526296 1.426138e-08 2454553876 1.426138e-08 1923515514 1.426138e-08 3339828518 1.426138e-08 105819081 1.426138e-08 533433650 1.426138e-08 1601889739 1.426138e-08 381652938 1.426138e-08 96665495 1.426138e-08 1342185090 1.426138e-08 149784911 1.426138e-08 85224627 1.426138e-08 1965662198 1.426138e-08 110439229 1.426138e-08 1449522982 1.426138e-08 3279439195 1.426138e-08 360107933 1.426138e-08 1657444763 1.426138e-08 58759274 1.426138e-08 
2264766.0 1 2110688926 7.383481e-08 1314810707 
2264766.0 1 2110688926 8.809619e-08 58759274 
2264774.0 1 1517815290 2.852276e-08 515125813 
2264812.0 0 826924968 1.426138e-08 1298902656 
2264840.0 1 2235064901 8.3815568e-07 826924968 
2265001.0 1 2235064901 8.5241708e-07 3363025910 
2265021.0 1 2235064901 8.6667848e-07 1290268226 
2265109.0 0 1517815290 2.852276e-08 3190311976 
2265279.0 0 1517815290 2.852276e-08 85224627 
2265487.0 1 2235064901 8.8093988e-07 1495382923 
2266789.0 0 3339828518 1.426138e-08 2472898255 
2267486.0 1 2235064901 8.9520128e-07 2747938267 
2267608.0 1 2235064901 9.0946258e-07 105819081 
2268088.0 0 2235064901 9.094626e-07 3177521820 
2269622.0 0 2235064901 9.094626e-07 66064165 
2270671.0 0 1601889739 1.426138e-08 722767024 
2270783.0 1 2235064901 9.2372398e-07 110439229 
2271596.0 0 722767024 1.426138e-08 3459912306 
2271670.0 1 2235064901 9.3798538e-07 2766526296 
2274134.0 1 2235064901 9.5224678e-07 85224627 
2276013.0 3 3562383954 1.429534e-08 1172086036 2135013218 1.4e-08 
2277403.0 0 2235064901 9.522468e-07 1657444763 
2278430.0 1 2235064901 9.6650818e-07 841878026 
2278773.0 0 2733144751 1.830793e-08 2704180049 
2281255.0 1 4031050948 1.37892116e-06 2589646060 
2281847.0 0 2235064901 9.665082e-07 66064165 
2282464.0 1 2235064901 9.807695800000002e-07 360107933 
2286145.0 1 2235064901 9.9503088e-07 1601889739 
2286211.0 0 2454553876 1.426138e-08 2472898255 
2286708.0 1 2235064901 1.0092922800000002e-06 1965662198 
2289678.0 0 2235064901 1.009292e-06 66064165 
2290470.0 0 381652938 1.426138e-08 2472898255 
2291907.0 0 2909632847 2.091e-08 1759850032 
2293442.0 0 149784911 1.426138e-08 2704180049 
2299493.0 1 1517815290 4.278414e-08 3177521820 
2300967.0 0 381652938 1.426138e-08 3339828518 
2311721.0 3 3150846686 6.5644849e-07 2110688926 470332523 1.4e-08 3217169414 1.481924e-08 3030801476 1.481924e-08 2208266878 1.481924e-08 3715668764 1.481924e-08 3418547556 1.481924e-08 
2311955.0 1 3418547556 2.963848e-08 2208266878 
2316668.0 1 3150846686 6.7070988e-07 1923515514 
2324609.0 1 2235064901 1.0235533800000001e-06 3279439195 
2327171.0 0 2472898255 1.426138e-08 470332523 
2328496.0 1 2246051850 2.6127672e-06 896813269 
2332351.0 2 37613351 1.4938160000000003e-08 3554620561 355298688 1.4e-08 
2332423.0 0 3150846686 6.707099e-07 3217169414 
2333590.0 3 3339828518 1.426138e-08 1072840122 4193709834 1.4e-08 
2333764.0 1 2235064901 1.03781538e-06 2454553876 
2336552.0 0 3339828518 1.426138e-08 4193709834 
2336598.0 0 1037584679 2.791e-08 410848061 
2344824.0 0 3715668764 1.481924e-08 722767024 
2350774.0 3 2716949832 1.579992e-08 224410298 584993009 1.4e-08 
2354165.0 0 149784911 1.426138e-08 1598213090 
2360670.0 1 2204676502 0.00028571481458 4285226245 
2360910.0 0 4256642775 1.437085e-08 2074240873 
2366835.0 2 2235064901 1.037815e-06 3418547556 1499007652 1.4e-08 755060644 1.563848e-08 
2367337.0 1 2235064901 1.05345348e-06 755060644 
2368621.0 1 3534547045 1.22335238e-06 1598213090 
2373099.0 1 2235064901 1.0677153799999998e-06 96665495 
2374477.0 0 949068759 2.791e-08 188552836 
2380126.0 1 3150846686 6.8552914e-07 3217169414 
2382007.0 1 533433650 2.852276e-08 764400056 
2383449.0 1 2235064901 1.0819763799999998e-06 3190311976 
2385630.0 3 533433650 1.4e-08 4019363830 3270476896 1.426973e-08 3934203265 1.426973e-08 
2392310.0 1 2235064901 1.0962373799999998e-06 66064165 
2396872.0 3 1298902656 1.426138e-08 1499007652 1292024166 1.4e-08 
2398173.0 1 2235064901 1.110238e-06 1292024166 
2398858.0 1 2235064901 1.1244993799999999e-06 1298902656 
2399043.0 1 3534547045 1.2373687e-06 410848061 
2405290.0 0 2235064901 1.124499e-06 722767024 
2414801.0 1 3534547045 1.25174601e-06 2185291493 
2415966.0 0 405521437 2.705672e-08 1449522982 
2417656.0 1 2246051850 2.626767e-06 2074240873 
2425134.0 0 2341758500 1.468939e-08 355298688 
2426665.0 0 2235064901 1.124499e-06 722767024 
2434318.0 1 3737780296 3.3554919999999997e-07 3201932102 
2436519.0 1 3150846686 6.9979048e-07 1657444763 
2443110.0 1 3122982648 4.385815e-07 1237914369 
2443899.0 1 373638573 1.00000002791 3279231079 
2444903.0 1 2204676502 0.00028574271 2545005546 
2451730.0 3 290926289 1.4e-08 2046083849 1323984060 1.668088e-08 4197927596 1.668088e-08 
2455140.0 1 373638573 1.00000001436217 3485819286 
2463202.0 0 1674415855 2.852051e-08 1896745001 
2463881.0 1 2235064901 1.1387603799999999e-06 3459912306 
2480251.0 1 2246051850 2.6411378500000003e-06 4256642775 
2491082.0 1 2235064901 1.15276e-06 470332523 
2491848.0 2 3150846686 6.997905e-07 1963165541 1414892502 1.4e-08 4201342597 1.57643e-08 
2492304.0 0 3715668764 1.481924e-08 3339828518 
2493191.0 1 3150846686 7.137905e-07 627452446 
2493318.0 1 3150846686 7.277905e-07 1414892502 
2497837.0 0 1950077488 1.429534e-08 3526559023 
2500787.0 1 3150846686 7.435548e-07 4201342597 
2518504.0 1 2246051850 2.6553993800000003e-06 149784911 
2519521.0 1 4031050948 1.399831e-06 3182159117 
2526840.0 0 3270476896 1.426973e-08 381652938 
2527443.0 1 2246051850 2.66969534e-06 1913762779 
2532446.0 0 378125977 2.414585e-08 1449522982 
2534311.0 1 373638573 1.00000001467269 695939830 
2538073.0 0 3707800333 1.43937e-08 1922039940 
2538088.0 1 3534547045 1.27262787e-06 783121895 
2547933.0 0 1227575429 2.791e-08 1553963666 
2553276.0 0 2250879299 1.765982e-08 2501379955 
2555688.0 0 2246051850 2.669695e-06 1503202005 
2557015.0 3 3202152185 1.4e-08 3167902617 2391696826 1.4e-08 
2559049.0 1 3534547045 1.3154121400000001e-06 1517815290 
2565944.0 3 1803925302 1.436217e-08 3702894340 4138371369 1.4e-08 
2567436.0 1 3122982648 4.6710201e-07 1674415855 
2567926.0 2 3122982648 4.6710215999999994e-07 3737780296 3590332688 1.4e-08 1745749016 1.461587e-08 2711965517 1.461587e-08 2933223072 1.461587e-08 1987038079 1.461587e-08 3797386594 1.461587e-08 1280619132 1.461587e-08 4105879141 1.461587e-08 3088551619 1.461587e-08 3443287411 1.461587e-08 3981989558 1.461587e-08 1165174376 1.461587e-08 3467386575 1.461587e-08 4263904522 1.461587e-08 4267941538 1.461587e-08 3372193553 1.461587e-08 3681452412 1.461587e-08 2604064924 1.461587e-08 3458662533 1.461587e-08 762210064 1.461587e-08 570164134 1.461587e-08 2418772576 1.461587e-08 2105330617 1.461587e-08 
2568107.0 0 3122982648 4.671021e-07 4263904522 
2568144.0 1 3122982648 4.817179699999999e-07 1987038079 
2573767.0 0 3443287411 1.461587e-08 1382686479 
2578635.0 2 381652938 1.452276e-08 3532628785 964813250 1.4e-08 
2581083.0 1 3150846686 7.6254172e-07 2670951229 
2584692.0 1 3122982648 4.9633377e-07 2105330617 
2587135.0 1 3099973400 4.370901e-08 3030801476 
2594997.0 2 1553963666 1.629749e-08 2933223072 2039170765 1.4e-08 
2595020.0 0 3655816389 1.443737e-08 346987663 
2596529.0 0 1553963666 1.629749e-08 1382686479 
2598948.0 0 4031050948 1.399831e-06 762210064 
2602309.0 1 3150846686 7.765417e-07 533433650 
2603808.0 1 3122982648 5.1094967e-07 1280619132 
2603892.0 1 3534547045 1.33022658e-06 1761715697 
2604496.0 1 3122982648 5.2556557e-07 3981989558 
2611415.0 0 2235064901 1.15276e-06 3339828518 
2613954.0 3 199935986 1.400001e-08 2348040613 4278040469 1.41435e-08 241690685 1.41435e-08 
2616278.0 0 3562383954 1.429534e-08 2135013218 
2624695.0 1 3122982648 5.3994261e-07 550176535 
2626332.0 1 2235064901 1.16676e-06 4193709834 
2627742.0 0 1165174376 1.461587e-08 2039170765 
2632953.0 1 2235064901 1.18137587e-06 762210064 
2640476.0 0 2235064901 1.181376e-06 1449522982 
2641980.0 0 1543523724 1.7737e-07 1323984060 
2646330.0 0 2235064901 1.181376e-06 3339828518 
2652560.0 0 3381587904 1.942043e-08 4186562710 
2669174.0 3 179097684 4.3253209e-07 1405660995 1703904600 2.054815e-08 
2669810.0 1 2235064901 1.1956373800000001e-06 2472898255 
2672674.0 1 179097684 4.5308025000000004e-07 1703904600 
2675333.0 0 3122982648 5.399426e-07 810769555 
2687556.0 2 2707460946 1.5109920000000002e-08 2247026945 3814978291 1.4e-08 
2688122.0 1 3534547045 1.34448738e-06 1342185090 
2688255.0 0 1998372786 1.436217e-08 3270476896 
2720317.0 1 4031050948 1.42688772e-06 405521437 
2722010.0 1 3122982648 5.539426e-07 2039170765 
2729365.0 1 2246051850 2.68637588e-06 1323984060 
2733798.0 1 4031050948 1.4412251599999999e-06 463844675 
2738347.0 3 3967778277 1.879801e-08 584993009 118566979 1.4e-08 
2745358.0 1 3122982648 5.690525199999999e-07 2707460946 
2747097.0 0 3458484829 1.433716e-08 290926289 
2755807.0 0 2649056468 1.942043e-08 3059103076 
2775404.0 1 2246051850 2.70081337e-06 3655816389 
2781243.0 0 3534547045 1.344488e-06 1227575429 
2783224.0 0 3434666020 1.481458e-08 188552836 
2784836.0 1 2246051850 2.7171104900000004e-06 1553963666 
2788511.0 1 3150846686 7.9222332e-07 2016090987 
2788693.0 1 373638573 1.00000001467269 1194638860 
2794513.0 1 3150846686 8.1373478e-07 810769555 
2796877.0 1 3122982648 5.836683700000001e-07 1745749016 
2817559.0 1 3534547045 1.35901076e-06 381652938 
2818423.0 1 2235064901 1.21000017e-06 1998372786 
2819907.0 1 3534547045 1.3869200000000001e-06 1227575429 
2854544.0 0 3434666020 1.481458e-08 3526559023 
2860705.0 0 873214132 2.791e-08 4287239676 
2861834.0 1 3534547045 1.40128217e-06 3059103076 
2867041.0 3 3434666020 1.481458e-08 3814978291 894269343 1.4e-08 
2872764.0 3 3534547045 1.4012829800000001e-06 1543523724 932943525 1.4e-08 250347941 1.485182e-08 2292589682 1.485182e-08 3971437066 1.485182e-08 2810179169 1.485182e-08 1803012522 1.485182e-08 3940915008 1.485182e-08 3593659676 1.485182e-08 2744143284 1.485182e-08 2002691604 1.485182e-08 3223248356 1.485182e-08 101557930 1.485182e-08 
2872765.0 1 3223248356 2.970364e-08 2002691604 
2872859.0 1 3534547045 1.41613482e-06 3971437066 
2873454.0 1 3534547045 1.43098582e-06 2292589682 
2873948.0 1 3534547045 1.44583782e-06 250347941 
2874183.0 1 3534547045 1.47554163e-06 3223248356 
2877037.0 0 3534547045 1.475542e-06 2744143284 
2880211.0 1 3534547045 1.49039382e-06 2744143284 
2889997.0 1 3534547045 1.50524582e-06 1803012522 
2891086.0 1 3534547045 1.519245e-06 932943525 
2896204.0 2 2950407739 1.5066390000000003e-08 3707800333 678688578 1.4e-08 
2897915.0 1 3534547045 1.53409682e-06 3593659676 
2906506.0 0 3534547045 1.534097e-06 3934203265 
2907767.0 1 3534547045 1.54894882e-06 3940915008 
2910694.0 1 3467386575 2.861587e-08 894269343 
2912429.0 1 2235064901 1.224e-06 964813250 
2917000.0 1 1068020906 0.0009552629100000001 3197676583 
2922101.0 1 3534547045 1.56380082e-06 101557930 
2922666.0 1 373638573 1.000000014 3089865955 
2950317.0 3 2426951832 1.467269e-08 2213923665 2222966094 1.4e-08 
2951266.0 0 4031050948 1.441225e-06 1503202005 
2962931.0 3 911013108 1.4000000000000001e-08 2875471576 1301910447 1.401861e-08 2919535035 1.401861e-08 
2967318.0 2 570164134 1.4953029999999998e-08 481808867 2855048822 1.4e-08 
2969893.0 3 2710766136 2.175324e-08 2704180049 682911345 2.015676e-08 
2974786.0 1 2246051850 2.745021e-06 873214132 
2990530.0 0 2710766136 2.175324e-08 682911345 
2992141.0 0 2710766136 2.175324e-08 682911345 
3002532.0 1 179097684 4.6793202e-07 2810179169 
3010556.0 1 373638573 1.00000001467269 2353028958 
3020194.0 1 4031050948 1.45584087e-06 2711965517 
3028170.0 1 373638573 1.00000002791 1035492323 
3062924.0 1 373638573 1.00000001433716 1292023300 
3089103.0 3 1896745001 1.955513e-08 2222966094 238807518 1.4e-08 
3122792.0 1 2235064901 1.2382613800000002e-06 3339828518 
3123597.0 1 1068020906 0.00095527771458 3563522875 
3146169.0 2 2733144751 1.89238e-08 4105879141 1840937626 1.4e-08 
3149884.0 1 3150846686 8.2799618e-07 722767024 
3153147.0 1 4031050948 1.47069428e-06 2654473721 
3168825.0 2 2235064901 1.2382611800000005e-06 3150846686 1734007597 1.671591e-07 4088691616 1.406036e-08 2087527840 1.406036e-08 2065940037 1.406036e-08 2751602400 1.406036e-08 552380491 1.406036e-08 253656606 1.406036e-08 1254429415 1.406036e-08 481400394 1.406036e-08 2584856907 1.406036e-08 3284371529 1.406036e-08 871205577 1.406036e-08 2655011401 1.406036e-08 4156410056 1.406036e-08 249938527 1.406036e-08 843598278 1.406036e-08 2197427154 1.406036e-08 3690557900 1.406036e-08 3824375258 1.406036e-08 769315986 1.406036e-08 1856937876 1.406036e-08 354497373 1.406036e-08 1230311851 1.406036e-08 3825172902 1.406036e-08 110318614 1.406036e-08 176241382 1.406036e-08 1063934737 1.406036e-08 2445084109 1.406036e-08 1871304206 1.406036e-08 4185666246 1.406036e-08 1905833305 1.406036e-08 3879652638 1.406036e-08 1924091726 1.406036e-08 1629863604 1.406036e-08 698682927 1.406036e-08 855708858 1.406036e-08 3076001680 1.406036e-08 1493833725 1.406036e-08 1450024594 1.406036e-08 1797275806 1.406036e-08 3378187523 1.406036e-08 564959126 1.406036e-08 3356410364 1.406036e-08 2620273024 1.406036e-08 4177016268 1.406036e-08 2480753293 1.406036e-08 3251328182 1.406036e-08 3584287056 1.406036e-08 
3168825.0 1 1734007597 1.8121945999999998e-07 3584287056 
3168825.0 1 1734007597 1.9527976e-07 4088691616 
3168825.0 1 1734007597 2.0934016e-07 3251328182 
3168825.0 1 1734007597 2.2340056e-07 2087527840 
3168825.0 1 1734007597 2.3746085999999998e-07 2480753293 
3168825.0 1 1734007597 2.5152126e-07 2065940037 
3168919.0 1 2235064901 1.25232136e-06 3879652638 
3169987.0 1 2235064901 1.26638236e-06 3825172902 
3170815.0 0 2235064901 1.266382e-06 2620273024 
3170876.0 1 2235064901 1.28044236e-06 1230311851 
3171286.0 1 2235064901 1.29450236e-06 855708858 
3174277.0 0 4177016268 1.406036e-08 1493833725 
3174620.0 1 2235064901 1.30856336e-06 1905833305 
3174686.0 1 2235064901 1.32262336e-06 552380491 
3174837.0 1 2235064901 1.33668336e-06 481400394 
3175869.0 0 3378187523 1.406036e-08 4186562710 
3177752.0 0 4031050948 1.470694e-06 3824375258 
3178059.0 1 2235064901 1.5882052000000001e-06 1734007597 
3180781.0 0 2235064901 1.588205e-06 118566979 
3181950.0 0 2235064901 1.588205e-06 2445084109 
3182295.0 1 2235064901 1.60226536e-06 843598278 
3182527.0 1 2235064901 1.61632536e-06 1871304206 
3184151.0 0 3378187523 1.406036e-08 4185666246 
3186621.0 1 2235064901 1.63038636e-06 1856937876 
3187915.0 1 2235064901 1.64444636e-06 249938527 
3189715.0 0 176241382 1.406036e-08 354497373 
3190176.0 0 1254429415 1.406036e-08 253656606 
3190208.0 1 2235064901 1.6585073599999999e-06 1063934737 
3194101.0 2 3934203265 1.433009e-08 1924091726 1661868134 1.4e-08 
3194823.0 1 2235064901 1.67256736e-06 564959126 
3195262.0 0 2235064901 1.672567e-06 1797275806 
3195345.0 0 2235064901 1.672567e-06 2751602400 
3197640.0 1 2235064901 1.68662736e-06 1493833725 
3198641.0 1 2235064901 1.70068836e-06 1450024594 
3202293.0 1 2235064901 1.71474836e-06 2197427154 
3202441.0 1 2235064901 1.72880836e-06 1254429415 
3203805.0 2 2909632847 2.1525870000000002e-08 3088551619 3822766993 1.4e-08 
3204208.0 1 2235064901 1.7428693599999999e-06 1797275806 
3208748.0 1 3534547045 1.57786136e-06 698682927 
3215454.0 0 2235064901 1.742869e-06 2751602400 
3217357.0 1 3534547045 1.59192136e-06 3824375258 
3221049.0 1 2235064901 1.75692936e-06 354497373 
3221829.0 1 2246051850 2.78873001e-06 3099973400 
3226005.0 0 3534547045 1.591922e-06 4186562710 
3228831.0 1 2235064901 1.77098936e-06 2655011401 
3230443.0 1 4031050948 1.484694e-06 290926289 
3239120.0 1 4031050948 1.49950858e-06 3434666020 
3246362.0 1 4031050948 1.520419e-06 301219709 
3247183.0 3 2733144751 1.89238e-08 771359632 3730019172 1.4e-08 
3248965.0 1 2235064901 1.78505036e-06 3284371529 
3249910.0 0 2733144751 1.89238e-08 3730019172 
3254439.0 1 3534547045 1.6062520899999998e-06 3934203265 
3262426.0 0 4177016268 1.406036e-08 3690557900 
3269405.0 1 2235064901 1.79911036e-06 3076001680 
3272395.0 3 1837088337 1.4000000000000001e-08 1398579088 2217687738 1.418527e-08 2328187860 1.418527e-08 
3273395.0 1 373638573 1.00000002791 2504591099 
3273829.0 1 373638573 1.00000001429534 3562383954 
3275091.0 1 1068020906 0.0009552924726899999 1061526795 
3275301.0 0 3356410364 1.406036e-08 176241382 
3281893.0 1 2235064901 1.81317136e-06 2584856907 
3298175.0 1 2235064901 1.8272313599999999e-06 871205577 
3335636.0 0 3534547045 1.606252e-06 3690557900 
3343144.0 2 179097684 5.1252127e-07 1676003954 3408999490 1.650292e-08 3438744891 1.650292e-08 
3343763.0 1 373638573 1.00000001857502 2125331604 
3345391.0 0 2620273024 1.406036e-08 4156410056 
3346242.0 0 179097684 5.125213e-07 3438744891 
3347386.0 1 2235064901 1.841231e-06 118566979 
3349063.0 0 179097684 5.125213e-07 3438744891 
3350743.0 1 2235064901 1.85529136e-06 176241382 
3352096.0 0 949068759 2.791e-08 3270476896 
3359715.0 1 2235064901 1.86935236e-06 2445084109 
3363180.0 1 2235064901 1.88341236e-06 1629863604 
3366586.0 1 1068020906 0.00095530721458 2789348510 
3367368.0 0 179097684 5.125213e-07 3438744891 
3371038.0 1 179097684 5.2902422e-07 3438744891 
3382453.0 0 4031050948 1.520419e-06 2733144751 
3383241.0 1 3534547045 1.62031236e-06 4177016268 
3391647.0 1 2235064901 1.89767338e-06 1449522982 
3394300.0 2 3534547045 1.6203122400000033e-06 4031050948 1501621654 1.4e-08 2695808785 1.407868e-08 399492375 1.407868e-08 213831427 1.407868e-08 2714424842 1.407868e-08 2282291379 1.407868e-08 2654714783 1.407868e-08 2993076447 1.407868e-08 2171266278 1.407868e-08 771038762 1.407868e-08 2768208421 1.407868e-08 3297235373 1.407868e-08 776688125 1.407868e-08 3663377129 1.407868e-08 898071713 1.407868e-08 220748477 1.407868e-08 2470646831 1.407868e-08 1965972368 1.407868e-08 1426981231 1.407868e-08 1535034065 1.407868e-08 1483909303 1.407868e-08 846691466 1.407868e-08 3623563876 1.407868e-08 3872525629 1.407868e-08 3827929005 1.407868e-08 63319263 1.407868e-08 3607398139 1.407868e-08 2574253871 1.407868e-08 3830801972 1.407868e-08 3673394291 1.407868e-08 2748669076 1.407868e-08 1220275327 1.407868e-08 4188119649 1.407868e-08 1275089537 1.407868e-08 3700209637 1.407868e-08 3320450569 1.407868e-08 4148810631 1.407868e-08 1268185054 1.407868e-08 2900628886 1.407868e-08 3866772787 1.407868e-08 2056593038 1.407868e-08 1140472632 1.407868e-08 2774448923 1.407868e-08 975973597 1.407868e-08 933412597 1.407868e-08 927207199 1.407868e-08 2231250662 1.407868e-08 3085765731 1.407868e-08 1403954297 1.407868e-08 102828162 1.407868e-08 3962269793 1.407868e-08 604674024 1.407868e-08 4175762635 1.407868e-08 3421068049 1.407868e-08 4106915849 1.407868e-08 3953247145 1.407868e-08 977281884 1.407868e-08 335748715 1.407868e-08 3863839146 1.407868e-08 2025893757 1.407868e-08 1090143039 1.407868e-08 4013164456 1.407868e-08 253060996 1.407868e-08 3578947201 1.407868e-08 571790981 1.407868e-08 517786421 1.407868e-08 2308303797 1.407868e-08 2256454524 1.407868e-08 2316491956 1.407868e-08 921835634 1.407868e-08 2606270759 1.407868e-08 4081327903 1.407868e-08 4108567391 1.407868e-08 4281208133 1.407868e-08 1179141501 1.407868e-08 3325553423 1.407868e-08 4124564224 1.407868e-08 1852572783 1.407868e-08 2233621492 1.407868e-08 3229926557 1.407868e-08 2972065009 1.407868e-08 1823433846 1.407868e-08 4052933330 1.407868e-08 2601128578 1.407868e-08 3239027265 1.407868e-08 3357191835 1.407868e-08 2437059955 1.407868e-08 486617589 1.407868e-08 445707895 1.407868e-08 3750558344 1.407868e-08 2800683865 1.407868e-08 480183180 1.407868e-08 3892593010 1.407868e-08 776375684 1.407868e-08 1678023283 1.407868e-08 2118254765 1.407868e-08 3580551846 1.407868e-08 3446120764 1.407868e-08 248789546 1.407868e-08 3416864524 1.407868e-08 2130045942 1.407868e-08 14462253 1.407868e-08 1937837823 1.407868e-08 2252599940 1.407868e-08 2922107309 1.407868e-08 3961635192 1.407868e-08 917430777 1.407868e-08 3767002695 1.407868e-08 
3394300.0 1 3767002695 2.815736e-08 917430777 
3394300.0 1 399492375 2.815736e-08 2695808785 
3394300.0 1 3961635192 2.815736e-08 2922107309 
3394300.0 1 2714424842 2.815736e-08 213831427 
3394300.0 1 3357191835 2.815736e-08 3239027265 
3394300.0 1 3673394291 2.815736e-08 3830801972 
3394300.0 1 3607398139 2.815736e-08 63319263 
3394300.0 1 3673394291 4.223604e-08 2574253871 
3394300.0 0 3607398139 2.815736e-08 2470646831 
3394301.0 0 1852572783 1.407868e-08 4081327903 
3394301.0 1 4124564224 2.815736e-08 3325553423 
3394302.0 1 3623563876 2.815736e-08 1483909303 
3394302.0 1 3623563876 4.223604e-08 3872525629 
3394303.0 1 1823433846 2.815736e-08 3229926557 
3394310.0 1 3534547045 1.63439068e-06 2171266278 
3394311.0 1 3673394291 7.039340999999999e-08 3607398139 
3394325.0 0 2130045942 1.407868e-08 2118254765 
3394332.0 2 3623563876 4.223605e-08 3767002695 4078497741 1.4e-08 3132125139 1.415736e-08 
3394339.0 1 3534547045 1.6484696799999999e-06 220748477 
3394383.0 1 3534547045 1.66254768e-06 3320450569 
3394388.0 1 3534547045 1.67662668e-06 3750558344 
3394436.0 1 3534547045 1.69070568e-06 975973597 
3394481.0 1 3534547045 1.70478368e-06 2252599940 
3394521.0 0 3357191835 2.815736e-08 4281208133 
3394524.0 1 3534547045 1.71886268e-06 2800683865 
3394528.0 1 3673394291 8.447209e-08 776688125 
3394753.0 0 3534547045 1.718863e-06 2748669076 
3394806.0 1 3827929005 2.815736e-08 1535034065 
3394846.0 1 3534547045 1.73294168e-06 1678023283 
3394879.0 1 3534547045 1.74701968e-06 846691466 
3394924.0 0 1382686479 1.436217e-08 241690685 
3395127.0 1 3534547045 1.76109868e-06 1275089537 
3395237.0 1 3534547045 1.7751776799999999e-06 2130045942 
3395514.0 1 3534547045 1.78933536e-06 3132125139 
3395696.0 1 3534547045 1.80341368e-06 445707895 
3395856.0 1 3534547045 1.8174926799999999e-06 2972065009 
3395894.0 1 3534547045 1.83157068e-06 2768208421 
3396099.0 1 3578947201 2.815736e-08 2900628886 
3396102.0 1 3534547045 1.85972836e-06 1823433846 
3396203.0 1 3534547045 1.87380668e-06 3892593010 
3396371.0 1 3534547045 1.8878856799999999e-06 4175762635 
3396553.0 0 776375684 1.407868e-08 4106915849 
3396758.0 1 3534547045 1.90196468e-06 4052933330 
3396795.0 0 3534547045 1.901964e-06 1501621654 
3396801.0 0 2774448923 1.407868e-08 2470646831 
3396935.0 1 3534547045 1.91604268e-06 1426981231 
3397481.0 1 3534547045 1.95827905e-06 3623563876 
3397695.0 1 3534547045 1.97235768e-06 3663377129 
3398120.0 0 4108567391 1.407868e-08 1220275327 
3398262.0 0 3534547045 1.972358e-06 1501621654 
3398713.0 1 3534547045 1.9864366800000002e-06 3863839146 
3398845.0 1 3534547045 2.00051468e-06 2256454524 
3399039.0 1 3534547045 2.01459368e-06 3962269793 
3399188.0 1 3534547045 2.02867268e-06 2282291379 
3399198.0 1 3534547045 2.042672e-06 1501621654 
3399294.0 2 3534547045 2.042672e-06 3578947201 3242796679 1.4e-08 444974319 1.415736e-08 
3399417.0 1 3534547045 2.05675068e-06 1268185054 
3399453.0 0 3534547045 2.056751e-06 444974319 
3399519.0 3 3270476896 1.426973e-08 3242796679 3734593757 1.4e-08 
3399921.0 0 1140472632 1.407868e-08 110318614 
3400187.0 0 1937837823 1.407868e-08 480183180 
3400267.0 1 3534547045 2.0708296800000002e-06 2601128578 
3400403.0 1 3534547045 2.09898736e-06 2714424842 
3401746.0 0 4013164456 1.407868e-08 102828162 
3402770.0 0 3534547045 2.098987e-06 2316491956 
3403424.0 0 3534547045 2.098987e-06 486617589 
3403906.0 1 2235064901 1.91175268e-06 3866772787 
3403994.0 1 3534547045 2.11306568e-06 2437059955 
3404439.0 1 3827929005 4.223604e-08 3700209637 
3404753.0 1 3534547045 2.1271446800000002e-06 771038762 
3405234.0 0 444974319 1.415736e-08 3734593757 
3405685.0 0 3580551846 1.407868e-08 480183180 
3406836.0 2 3416864524 1.4157360000000001e-08 2118254765 759964359 1.4e-08 
3406874.0 0 2316491956 1.407868e-08 1965972368 
3407175.0 1 2246051850 2.8028086800000002e-06 604674024 
3410352.0 1 3534547045 2.1412236800000003e-06 253060996 
3411089.0 3 3673394291 8.329495999999999e-08 1090143039 111235536 1.525581e-08 
3411993.0 1 3673394291 9.729496000000001e-08 4078497741 
3412269.0 1 3534547045 2.15530168e-06 3446120764 
3413482.0 1 3534547045 2.16938068e-06 4106915849 
3413579.0 0 111235536 1.525581e-08 2774448923 
3419126.0 1 3534547045 2.18345968e-06 1965972368 
3419179.0 1 3534547045 2.19753768e-06 248789546 
3419920.0 1 3534547045 2.22569536e-06 3357191835 
3420506.0 2 14462253 1.4139040000000001e-08 769315986 1490861810 1.4e-08 
3420875.0 1 3534547045 2.2396950000000004e-06 3734593757 
3421488.0 2 2748669076 1.4157360000000001e-08 2470646831 845186953 1.4e-08 
3425483.0 1 3534547045 2.25377368e-06 933412597 
3428292.0 1 179097684 5.4310288e-07 898071713 
3429754.0 1 2235064901 1.93990936e-06 3961635192 
3430473.0 1 2246051850 2.81688668e-06 1179141501 
3430858.0 0 4281208133 1.407868e-08 3085765731 
3432666.0 1 2246051850 2.83094736e-06 4156410056 
3434752.0 1 3534547045 2.2678526800000002e-06 571790981 
3435623.0 1 3534547045 2.2819316800000003e-06 2993076447 
3435633.0 2 2246051850 2.83094713e-06 3122982648 2279859862 1.452267e-08 1407916447 1.422864e-08 3539250331 1.422864e-08 2929070229 1.422864e-08 368451981 1.422864e-08 3340012098 1.422864e-08 3876565829 1.422864e-08 2937776487 1.422864e-08 4232177374 1.422864e-08 34775558 1.422864e-08 747443871 1.422864e-08 2640871332 1.422864e-08 2542288242 1.422864e-08 1056843563 1.422864e-08 303951786 1.422864e-08 834694043 1.422864e-08 3563967453 1.422864e-08 2046636587 1.422864e-08 248584559 1.422864e-08 2069589902 1.422864e-08 1235889872 1.422864e-08 3775520932 1.422864e-08 3189348033 1.422864e-08 3568714221 1.422864e-08 1972280475 1.422864e-08 1620253739 1.422864e-08 36858200 1.422864e-08 3600207777 1.422864e-08 2738098750 1.422864e-08 896341566 1.422864e-08 2503507209 1.422864e-08 471811031 1.422864e-08 3064549276 1.422864e-08 1863970860 1.422864e-08 1149964213 1.422864e-08 3152769946 1.422864e-08 988314595 1.422864e-08 497778995 1.422864e-08 1776728451 1.422864e-08 1897972748 1.422864e-08 340569875 1.422864e-08 
3435662.0 1 2246051850 2.84517564e-06 1056843563 
3435740.0 1 2246051850 2.85940464e-06 3340012098 
3435818.0 0 2246051850 2.859405e-06 3775520932 
3436061.0 1 2246051850 2.87363364e-06 3876565829 
3436074.0 0 2246051850 2.873633e-06 4232177374 
3436131.0 1 2246051850 2.88815567e-06 2279859862 
3436193.0 1 340569875 2.845728e-08 1972280475 
3436321.0 0 3534547045 2.281931e-06 2774448923 
3436541.0 1 2246051850 2.90238464e-06 1235889872 
3436549.0 1 3534547045 2.29600968e-06 102828162 
3436568.0 1 2246051850 2.91661364e-06 36858200 
3436738.0 1 2246051850 2.93084164e-06 4232177374 
3437463.0 1 373638573 1.00000001436217 1803925302 
3437731.0 1 2246051850 2.9450706399999998e-06 834694043 
3437823.0 1 2246051850 2.9592996399999997e-06 1863970860 
3439645.0 1 2246051850 2.97352764e-06 988314595 
3439881.0 1 2246051850 2.98775664e-06 3563967453 
3440682.0 2 3270476896 1.434841e-08 921835634 4292574364 1.4e-08 
3441006.0 1 2246051850 3.00198464e-06 3775520932 
3441382.0 1 2246051850 3.01621364e-06 3539250331 
3441454.0 0 4081327903 1.407868e-08 2056593038 
3442202.0 0 4148810631 1.407868e-08 759964359 
3442942.0 1 2246051850 3.03044264e-06 2069589902 
3443167.0 1 2235064901 1.95516581e-06 111235536 
3443372.0 1 2246051850 3.04467064e-06 896341566 
3443409.0 1 3534547045 2.31008868e-06 2654714783 
3445287.0 2 486617589 1.4157360000000001e-08 2233621492 760568606 1.4e-08 
3449006.0 1 1897972748 2.8289000000000003e-08 2751602400 
3450968.0 1 2246051850 3.05889964e-06 497778995 
3451848.0 2 14462253 1.419941e-08 3378187523 3168933829 1.4e-08 
3452593.0 1 2246051850 3.07312864e-06 747443871 
3453371.0 0 3534547045 2.310089e-06 1220275327 
3453962.0 1 3534547045 2.32416768e-06 4281208133 
3454131.0 0 2235064901 1.955166e-06 2606270759 
3455493.0 0 3534547045 2.324167e-06 2710766136 
3456096.0 1 2246051850 3.08735664e-06 3189348033 
3456300.0 1 3534547045 2.4214619599999997e-06 3673394291 
3458095.0 1 2246051850 3.1014356800000003e-06 977281884 
3460602.0 0 2246051850 3.101436e-06 2640871332 
3461594.0 1 373638573 1.000000014 678688578 
3463088.0 0 949068759 2.791e-08 471811031 
3463639.0 0 1403954297 1.407868e-08 4186562710 
3464456.0 0 179097684 5.431029e-07 2056593038 
3469116.0 0 2929070229 1.422864e-08 110318614 
3469222.0 1 2246051850 3.1156646399999997e-06 1407916447 
3470285.0 1 2246051850 3.1307304e-06 2950407739 
3476086.0 0 2246051850 3.130731e-06 1149964213 
3476241.0 0 2246051850 3.130731e-06 1149964213 
3476511.0 0 480183180 1.407868e-08 3730019172 
3481453.0 3 2640871332 1.422864e-08 1837088337 3269561540 1.4e-08 
3481711.0 0 2246051850 3.130731e-06 2738098750 
3482422.0 1 3827929005 5.631473e-08 3085765731 
3483595.0 1 1897972748 4.251765e-08 3568714221 
3485180.0 0 335748715 1.407868e-08 3527214469 
3486173.0 2 2231250662 1.4157360000000001e-08 2774448923 2567419240 1.4e-08 
3489565.0 3 570164134 1.495303e-08 759964359 156734636 1.4e-08 
3492292.0 1 3534547045 2.43554068e-06 4013164456 
3496548.0 1 3534547045 2.44988941e-06 3270476896 
3497909.0 1 373638573 1.000000014 3202152185 
3500909.0 0 3467386575 2.861587e-08 2135013218 
3502571.0 0 3827929005 5.631473e-08 14462253 
3504785.0 1 2235064901 1.969166e-06 845186953 
3506071.0 2 3967778277 1.894151e-08 241690685 1998405125 1.4e-08 
3506604.0 2 3421068049 1.4157360000000001e-08 2056593038 2067231467 1.4e-08 
3506890.0 1 2246051850 3.14495964e-06 2503507209 
3507430.0 1 2235064901 1.9831660000000002e-06 760568606 
3514157.0 0 3534547045 2.44989e-06 4186562710 
3514757.0 1 2235064901 1.99724468e-06 1220275327 
3515296.0 1 2235064901 2.01144341e-06 14462253 
3515810.0 1 2246051850 3.15918764e-06 2542288242 
3516466.0 1 2246051850 3.17324836e-06 3356410364 
3523856.0 0 2235064901 2.011444e-06 3421068049 
3526441.0 1 3534547045 2.4639686800000004e-06 4081327903 
3528103.0 1 3534547045 2.47804668e-06 1852572783 
3533855.0 1 2235064901 2.02552268e-06 3297235373 
3536012.0 0 2025893757 1.407868e-08 2067231467 
3538888.0 1 373638573 1.00000001433716 2681498831 
3539588.0 0 2246051850 3.173248e-06 3064549276 
3540646.0 1 2235064901 2.0396006800000003e-06 3580551846 
3541348.0 1 2235064901 2.0536796800000003e-06 2308303797 
3541981.0 0 3827929005 5.631473e-08 4292574364 
3543161.0 3 2231250662 1.415736e-08 1840937626 1175631744 1.4e-08 
3543755.0 1 3534547045 2.4920470000000003e-06 2567419240 
3549558.0 1 2246051850 3.18747664e-06 303951786 
3549758.0 1 3534547045 2.50620436e-06 3416864524 
3550110.0 0 2235064901 2.05368e-06 1140472632 
3553710.0 0 2235064901 2.05368e-06 2620273024 
3559823.0 1 2246051850 3.20170564e-06 2937776487 
3563043.0 1 3534547045 2.52028268e-06 3953247145 
3566608.0 3 1140472632 1.407868e-08 4292574364 797182755 1.4e-08 
3566719.0 2 2025893757 1.4139040000000001e-08 2620273024 2126166399 1.4e-08 
3568415.0 1 3534547045 2.53457834e-06 2501379955 
3570499.0 2 471811031 1.4289000000000001e-08 110318614 947239549 1.4e-08 
3571621.0 1 179097684 5.571029e-07 2126166399 
3576700.0 3 517786421 1.407868e-08 4186562710 363773044 1.4e-08 
3579243.0 0 2246051850 3.201706e-06 4148810631 
3580298.0 0 2235064901 2.05368e-06 947239549 
3580540.0 0 471811031 1.428901e-08 517786421 
3588059.0 1 2235064901 2.06783736e-06 2231250662 
3588679.0 1 2235064901 2.081837e-06 2067231467 
3588773.0 0 2391696826 1.4e-08 346987663 
3593791.0 0 399492375 2.815736e-08 3715668764 
3594970.0 2 2025893757 1.421773e-08 776375684 2269474534 1.4e-08 
3601029.0 1 373638573 1.00000001467269 1771264541 
3602710.0 2 3534547045 4.394556150000001e-06 2235064901 3269595313 1.479059e-08 113847314 1.479059e-08 2262899028 1.479059e-08 533303172 1.479059e-08 3088767360 1.479059e-08 3148243291 1.479059e-08 1560482238 1.479059e-08 3480422963 1.479059e-08 312808672 1.479059e-08 1563060474 1.479059e-08 3296634473 1.479059e-08 1366354821 1.479059e-08 2272534990 1.479059e-08 2900348596 1.479059e-08 3828169649 1.479059e-08 
3602757.0 0 312808672 1.479059e-08 113847314 
3602821.0 1 3534547045 4.40934759e-06 1563060474 
3603049.0 1 3534547045 4.42413759e-06 113847314 
3603270.0 1 3534547045 4.452295360000001e-06 4124564224 
3603580.0 1 3534547045 4.4670855900000004e-06 3269595313 
3603893.0 0 4197927596 1.668088e-08 3690557900 
3607112.0 0 3534547045 4.467086e-06 3148243291 
3611227.0 1 3534547045 4.48187659e-06 3828169649 
3612173.0 1 3534547045 4.496666590000001e-06 3480422963 
3613640.0 1 3534547045 4.5114575900000004e-06 3296634473 
3614010.0 1 3534547045 4.52624759e-06 2272534990 
3615551.0 1 3148243291 2.958118e-08 3088767360 
3616114.0 0 3534547045 4.526248e-06 1366354821 
3616166.0 0 3534547045 4.526248e-06 1366354821 
3617304.0 2 1366354821 1.486927e-08 480183180 3867217197 1.4e-08 
3622156.0 2 1837234470 1.412258e-08 253656606 466180878 1.4e-08 
3625519.0 0 3827929005 5.631473e-08 2025893757 
3627133.0 1 3534547045 4.540248e-06 2269474534 
3628253.0 1 3534547045 4.554248e-06 947239549 
3628498.0 2 3458484829 1.441584e-08 1140472632 3790847783 1.4e-08 
3631838.0 1 3534547045 4.56832668e-06 2316491956 
3632060.0 0 2025893757 1.421773e-08 3790847783 
3633806.0 1 3534547045 4.58311759e-06 2262899028 
3637895.0 1 2246051850 3.215706e-06 3269561540 
3644148.0 1 2246051850 3.22993464e-06 368451981 
3649095.0 0 179097684 5.571029e-07 486617589 
3651698.0 0 3736601249 2.791e-08 3783228500 
3651888.0 3 3148243291 1.4e-08 4108567391 2747516691 1.482993e-08 3261492807 1.482993e-08 
3652574.0 1 2246051850 3.24416264e-06 1149964213 
3654609.0 0 2747516691 1.482993e-08 3458484829 
3654857.0 1 3534547045 4.59790759e-06 1560482238 
3660437.0 2 570164134 1.507562e-08 1837234470 702973591 1.4e-08 
3660673.0 0 3381587904 1.942043e-08 1950077488 
3666749.0 0 1175631744 1.4e-08 3168933829 
3666984.0 1 3534547045 4.611908e-06 3148243291 
3667023.0 3 3827929005 4.981021e-08 4148810631 1297296453 2.05832e-08 
3669082.0 0 2246051850 3.244163e-06 682911345 
3671445.0 0 363773044 1.4e-08 1490861810 
3673278.0 0 3534547045 4.611908e-06 1175631744 
3675488.0 1 3534547045 4.625908e-06 3790847783 
3678788.0 1 3534547045 4.6399080000000005e-06 466180878 
3688021.0 1 2246051850 3.2583916399999998e-06 34775558 
3688837.0 0 3261492807 1.482993e-08 2900348596 
3690610.0 2 570164134 1.586621e-08 533303172 4013438285 1.4e-08 
3691169.0 3 2747516691 1.482993e-08 238807518 199297112 1.4e-08 
3691270.0 3 4263904522 1.461587e-08 363773044 1780437574 1.4e-08 
3696317.0 0 1937837823 1.407868e-08 4185666246 
3701127.0 0 399492375 2.815736e-08 2900348596 
3705647.0 2 1297296453 2.5524720000000002e-08 3967778277 1441326850 1.4e-08 
3709531.0 3 3827929005 1.3999990000000003e-08 3421068049 1869505131 1.665586e-08 792228939 1.665586e-08 3805166987 1.665586e-08 
3711530.0 2 3458484829 1.463357e-08 2025893757 3673152909 1.4e-08 
3711950.0 0 2246051850 3.258392e-06 1776728451 
3717221.0 0 570164134 1.586621e-08 1780437574 
3718525.0 0 2246051850 3.258392e-06 1776728451 
3718952.0 0 702973591 1.4e-08 156734636 
3719056.0 3 649593533 1.467235e-08 3827929005 3654632673 1.4e-08 
3726452.0 2 2747516691 1.505857e-08 2929070229 717671056 1.4e-08 
3734146.0 3 682911345 2.015676e-08 3527214469 3858463531 1.4e-08 
3735162.0 1 682911345 3.4156759999999996e-08 3858463531 
3736077.0 1 3534547045 4.65658888e-06 4197927596 
3736823.0 0 1897972748 4.251765e-08 3064549276 
3739034.0 1 3534547045 4.6705890000000006e-06 3822766993 
3740380.0 2 3111692719 1.4374020000000002e-08 335748715 1421662397 1.4e-08 
3742933.0 1 3534547045 4.684589e-06 156734636 
3746593.0 1 2246051850 3.2723920000000004e-06 1421662397 
3749511.0 2 1776728451 1.441391e-08 2328187860 1367591863 1.4e-08 
3749920.0 1 3534547045 4.698589e-06 1175631744 
3757007.0 1 2246051850 3.286392e-06 717671056 
3767315.0 1 3534547045 4.712589e-06 797182755 
3768731.0 3 1897972748 1.3999989999999996e-08 2842015324 2661924784 1.421496e-08 1367690675 1.421496e-08 3216152648 1.421496e-08 
3769706.0 0 179097684 5.571029e-07 3261492807 
3775637.0 0 2246051850 3.286392e-06 570164134 
3775855.0 1 2246051850 3.3003920000000004e-06 3654632673 
3779053.0 3 312808672 1.479059e-08 1661868134 1435514413 1.4e-08 
3782004.0 1 2246051850 3.314392e-06 199297112 
3788720.0 0 1297296453 2.552472e-08 2661924784 
3790378.0 2 2046636587 1.4289000000000001e-08 3690557900 2121820831 1.4e-08 
3791227.0 3 682911345 1.4000010000000006e-08 3736601249 3220794704 1.602225e-08 1221536794 1.602225e-08 3353888196 1.602225e-08 
3795392.0 1 2246051850 3.32862064e-06 2738098750 
3797241.0 0 312808672 1.479059e-08 1490861810 
3799539.0 0 1897972748 1.4e-08 1490861810 
3808979.0 0 3534547045 4.712589e-06 312808672 
3809699.0 0 302486611 2.821444e-08 2046636587 
3814385.0 1 3534547045 4.7266676800000005e-06 2606270759 
3818613.0 3 1435514413 1.4e-08 1998405125 710454819 1.4e-08 
3823908.0 3 1435514413 1.4e-08 3867217197 3453311365 1.4e-08 
3827670.0 1 3534547045 4.74130057e-06 3458484829 
3836073.0 0 517786421 1.407868e-08 4185666246 
3842021.0 3 1776728451 1.441391e-08 2855048822 1936824197 1.4e-08 
3844220.0 1 1776728451 2.841391e-08 1936824197 
3877522.0 0 3534547045 4.741301e-06 1367690675 
3879842.0 1 3534547045 4.755301e-06 682911345 
3884438.0 0 4013438285 1.4e-08 1897972748 
3893091.0 1 3534547045 4.7693010000000005e-06 3168933829 
3895350.0 1 3534547045 4.783301e-06 1490861810 
3899350.0 0 179097684 5.571029e-07 486617589 
3900451.0 1 3534547045 4.79736136e-06 4185666246 
3912411.0 0 3805166987 1.665586e-08 1620253739 
3923107.0 2 3220794704 1.6179609999999998e-08 444974319 3745170176 1.4e-08 
3926291.0 1 2246051850 3.34262e-06 4013438285 
3927101.0 1 3534547045 4.81197687e-06 4263904522 
3928975.0 1 3534547045 4.8259770000000005e-06 346987663 
3932604.0 1 3534547045 4.84076759e-06 312808672 
3961811.0 1 3534547045 4.85742386e-06 792228939 
3962826.0 0 2661924784 1.421496e-08 2748669076 
3964885.0 3 399492375 2.7290500000000002e-08 3745170176 2847894498 1.486686e-08 
3971975.0 1 3534547045 4.87917724e-06 2710766136 
3973384.0 2 2246051850 3.34262e-06 340569875 3223888393 1.4e-08 3019838765 1.445728e-08 
3974882.0 1 2246051850 3.35707728e-06 3019838765 
3979833.0 0 2909632847 2.152587e-08 3673152909 
3997990.0 0 3534547045 4.879177e-06 3453311365 
4000830.0 0 3353888196 1.602225e-08 471811031 
4002593.0 3 302486611 1.3999999999999996e-08 2250879299 2711363118 1.593713e-08 276540503 1.593713e-08 
4013025.0 3 1221536794 1.602225e-08 2391696826 151854524 1.4e-08 
4014185.0 1 3534547045 4.8931770000000004e-06 710454819 
4014524.0 1 1221536794 3.0022249999999996e-08 151854524 
4027200.0 1 3534547045 4.90725568e-06 4188119649 
4030900.0 0 3216152648 1.421496e-08 2121820831 
4039451.0 0 248584559 1.422864e-08 1897972748 
4040739.0 0 3805166987 1.665586e-08 3600207777 
4042257.0 0 3534547045 4.907256e-06 3453311365 
4042836.0 1 3534547045 4.92147096e-06 3216152648 
4043073.0 0 649593533 1.467235e-08 3453311365 
4044795.0 2 2847894498 1.494554e-08 927207199 3875551727 1.4e-08 
4049136.0 1 2847894498 2.894554e-08 3875551727 
4053019.0 1 2246051850 3.3710770000000002e-06 3223888393 
4072300.0 1 3534547045 4.93634027e-06 1366354821 
4072335.0 1 2246051850 3.3853056399999997e-06 1620253739 
4074126.0 1 3534547045 4.95062901e-06 471811031 
4076929.0 1 3534547045 4.9721548699999996e-06 2909632847 
4089760.0 1 3534547045 4.986155e-06 1780437574 
4092030.0 1 179097684 5.711029e-07 3673152909 
4095590.0 1 2246051850 3.39953464e-06 2640871332 
4102421.0 1 373638573 1.000000014 355298688 
4104186.0 3 2711363118 1.593713e-08 3453311365 4064271206 1.4e-08 
4104613.0 0 3534547045 4.986155e-06 1382686479 
4104975.0 2 276540503 1.615209e-08 1367690675 1414813075 1.4e-08 
4105067.0 1 3534547045 5.00082735e-06 649593533 
4115253.0 3 1221536794 1.4125650000000001e-08 1869505131 1411431829 1.627623e-08 36058418 1.627623e-08 
4126169.0 3 276540503 1.615209e-08 2121820831 2830063464 1.4e-08 
4129901.0 1 2246051850 3.41568709e-06 276540503 
4131028.0 2 3152769946 1.4457280000000002e-08 3064549276 2072167855 1.4e-08 
4134034.0 0 1297296453 2.552472e-08 36058418 
4136411.0 1 2246051850 3.42991564e-06 3600207777 
4145062.0 1 3534547045 5.01498436e-06 2748669076 
4159554.0 0 3534547045 5.014984e-06 1221536794 
4159793.0 1 3534547045 5.02910966e-06 1221536794 
4160705.0 0 179097684 5.711029e-07 486617589 
4178403.0 1 373638573 1.00000001415736 486617589 
4184294.0 1 3534547045 5.045386229999999e-06 1411431829 
4186678.0 1 3534547045 5.05974817e-06 1382686479 
4194587.0 0 2246051850 3.429916e-06 2716949832 
4208081.0 0 3534547045 5.059748e-06 248584559 
4232474.0 3 2900348596 1.479059e-08 1441326850 3548864168 1.4e-08 
4235249.0 0 3467386575 2.861587e-08 1403954297 
4241070.0 1 3534547045 5.073748e-06 4064271206 
4246813.0 1 2246051850 3.443916e-06 1435514413 
4272390.0 0 1896745001 1.955513e-08 2747516691 
4312279.0 0 3534547045 5.073748e-06 3805166987 
4315875.0 1 2246051850 3.4579160000000004e-06 2830063464 
4325262.0 1 2246051850 3.47457186e-06 3805166987 
4330261.0 3 2046636587 1.428901e-08 302486611 2983660352 1.4e-08 
4360471.0 1 2246051850 3.488571e-06 3548864168 
4369494.0 3 19131048 1.467269e-08 2475979558 1565378304 1.4e-08 
4386979.0 2 3534547045 5.073748e-06 2847894498 2299185056 1.4e-08 3737371746 1.494554e-08 
4387451.0 1 3534547045 5.08869354e-06 3737371746 
4388245.0 1 3534547045 5.1026940000000005e-06 2299185056 
4394777.0 0 3381587904 1.942043e-08 1403954297 
4420249.0 0 1297296453 2.552472e-08 1414813075 
4420333.0 0 3534547045 5.102694e-06 2900348596 
4434368.0 0 3534547045 5.102694e-06 2983660352 
4451649.0 3 399492375 1.4e-08 3220794704 3953774521 1.473506e-08 797438596 1.473506e-08 
4453365.0 1 3534547045 5.12821872e-06 1297296453 
4453692.0 1 3534547045 5.14327757e-06 2747516691 
4471503.0 0 3467386575 2.861587e-08 1565378304 
4492567.0 1 3534547045 5.157277e-06 2983660352 
4497820.0 1 3534547045 5.17156601e-06 2046636587 
4518063.0 0 188552836 1.421444e-08 1922039940 
4522199.0 2 2716949832 1.58786e-08 1937837823 1595418714 1.4e-08 
4539289.0 0 3534547045 5.171566e-06 3152769946 
4546280.0 1 3534547045 5.185566e-06 2072167855 
4546909.0 1 2246051850 3.5032773900000003e-06 3342541004 
4549655.0 0 3467386575 2.861587e-08 3152769946 
4580010.0 1 373638573 1.00000001461587 2604064924 
4594251.0 1 179097684 5.858379599999999e-07 797438596 
4601925.0 1 3534547045 5.1995660000000005e-06 702973591 
4615404.0 1 2246051850 3.5293177999999996e-06 3037779432 
4634455.0 0 179097684 5.85838e-07 3953774521 
4652347.0 1 179097684 5.99838e-07 399492375 
4652991.0 0 1565378304 1.4e-08 2135013218 
4653237.0 1 3534547045 5.21435659e-06 2900348596 
4681345.0 1 179097684 6.138379999999999e-07 2135013218 
4685790.0 0 570164134 1.586621e-08 1897972748 
4706728.0 1 2246051850 3.5579338699999997e-06 3467386575 
4801478.0 1 2246051850 3.5768568e-06 2733144751 
4805706.0 0 3534547045 5.214357e-06 3261492807 
4841468.0 1 179097684 6.2866793e-07 3261492807 
4854802.0 0 2649056468 1.942043e-08 1301910447 
4932899.0 0 19131048 1.467269e-08 976558236 
4971588.0 2 3353888196 1.6757310000000002e-08 3953774521 1577641578 1.4e-08 
4981751.0 0 3353888196 1.675732e-08 1577641578 
4982346.0 1 3353888196 3.075732e-08 1577641578 
