1.06197 1 3534547045 3.0701e-07 1731090175 
141.6723 1 925199572 5.582e-08 3889879026 
169.2726 1 1572835533 3.0701e-07 242414939 
198.3097 1 2340740170 3.0701e-07 941534069 
265.8591 1 1465560917 3.0701e-07 3555679070 
408.1996 1 4031050948 3.0701e-07 3833318790 
416.6724 0 632754209 2.791e-08 2455496064 
641.9669 1 545239233 3.0701e-07 2308721517 
739.5493 0 3373526895 2.791e-07 632754209 
1089.687 1 3373526895 3.0701e-07 1134175585 
1415.45 1 3373526895 3.3492e-07 3841896594 
1743.559 1 2984600922 3.0701e-07 3428193420 
3066.674 1 2246051850 3.0701e-07 211811971 
3365.042 1 3534547045 3.3492e-07 582973675 
3474.158 1 3534547045 3.6283e-07 780264402 
3580.818 1 2870037616 5.582e-08 259930472 
3682.263 1 545239233 3.3492e-07 3114612365 
5418.454 1 1481166135 5.582e-08 1321648343 
5940.093 1 2340740170 3.3492e-07 482917538 
6648.257 1 545239233 3.6283e-07 3707189490 
6870.278 1 2235064901 3.0701e-07 1494141940 
7647.261 1 3921011129 3.0701e-07 2178051842 
7707.245 1 2349140130 5.582e-08 3749853089 
8099.329 1 3004792470 3.0701e-07 290926289 
8820.168 1 3150420704 5.582e-08 3116505811 
9030.966 1 2235064901 3.3492e-07 4263717482 
9079.167 1 2235064901 3.6283e-07 1379399837 
9488.388 1 2519559028 3.0701e-07 1434594601 
9620.457 1 2125112500 5.582e-08 1584276479 
10783.16 0 331336395 2.791e-08 3919821980 
11334.99 1 1572835533 3.3492e-07 197654791 
14234.68 1 3257166052 5.582e-08 3061883439 
15636.45 0 1593850299 2.791e-08 1458665800 
16104.1 1 2555962951 3.0701e-07 2620740164 
16149.99 1 1403705120 3.0701e-07 3015378843 
16412.28 1 1222799196 3.0701e-07 2487301543 
16754.56 1 2349140130 8.373e-08 2038493855 
16961.74 1 486050091 5.582e-08 3919821980 
17756.93 1 2235064901 3.9073999999999996e-07 3421887303 
18245.34 0 2125112500 5.582e-08 778035964 
19625.59 0 486050091 5.582e-08 1738899943 
19882.54 1 486050091 8.373e-08 858320168 
20279.06 0 2340740170 3.3492e-07 2737363250 
20301.5 0 2349140130 8.373e-08 2393342300 
22209.57 0 3709881891 2.791e-08 385785803 
24292.5 1 925199572 8.373e-08 1661091397 
24811.34 0 2799798816 2.791e-07 1327969783 
25125.29 0 3737780296 2.791e-07 1347872676 
25874.32 1 2235064901 4.4656e-07 3257166052 
26510.05 0 387772665 2.791e-08 331336395 
29143.13 1 1222799196 3.3492e-07 869234806 
31412.3 0 2246051850 3.0701e-07 688805295 
33565.55 1 2799798816 3.0701e-07 1156624510 
34818.2 0 2835620284 2.791e-08 3084497907 
35215.59 0 2718413753 2.791e-08 6723929 
36143.52 0 2555962951 3.0701e-07 911013108 
36942.61 0 2779686750 2.791e-08 3908154577 
38426.96 0 2693713428 2.791e-08 40245973 
39608.11 1 3357643131 5.582e-08 949068759 
40049.86 1 426576124 3.0701e-07 2545005546 
40518.14 1 1222799196 3.6283e-07 2263814062 
40969.02 1 3373526895 3.6283e-07 1631081845 
41321.68 1 2455496064 5.582e-08 3126241903 
41735.06 0 3373526895 3.6283e-07 3800234335 
42964.06 0 1425083048 2.791e-08 3084497907 
43127.81 0 245436729 2.791e-08 870323177 
43949.54 0 3373526895 3.6283e-07 3800234335 
44272.49 1 1481166135 8.373e-08 2718413753 
45962.48 1 3373526895 3.9073999999999996e-07 778035964 
48449.71 1 3150846686 3.0701e-07 725558489 
48806.2 1 4031050948 3.3492e-07 2710766136 
50867.45 0 3908154577 2.791e-08 3938221642 
51088.84 1 2340740170 3.6283e-07 905418128 
51453.19 1 2519559028 3.3492e-07 3736894086 
53646.22 1 2261252686 5.582e-08 2911053862 
53964.24 1 2340740170 3.9073999999999996e-07 953296898 
54082.09 0 2393342300 2.791e-08 2528553283 
54098.05 0 3232700421 2.791e-08 870323177 
56222.07 0 476505668 2.791e-07 1415695418 
56680.77 0 2125112500 5.582e-08 2859795595 
58052.3 1 3921011129 3.3492e-07 1738899943 
60989.95 0 3373526895 3.9074e-07 331336395 
62497.77 0 1075699702 2.791e-07 3774459889 
63552.81 1 1498734392 5.582e-08 916523109 
63837.71 0 545239233 3.6283e-07 1493201942 
64280.92 1 545239233 4.1864999999999995e-07 2125112500 
64966.1 0 688805295 2.791e-08 314650893 
66992.64 0 2932274237 2.791e-08 1123501568 
68954.41 1 1068020906 0.0009543279100000001 3443220506 
71695.17 0 1572835533 3.3492e-07 770580294 
73558.81 0 3150420704 5.582e-08 632754209 
75657.59 1 426576124 3.3492e-07 3108364485 
75786.49 0 2235064901 4.4656e-07 245436729 
77257.61 1 3534547045 4.4655999999999994e-07 925199572 
81928.17 1 2799798816 3.3492e-07 659524895 
84308.96 0 3232700421 2.791e-08 632754209 
91711.85 3 545239233 4.1864999e-07 3150846686 3687573659 1.190772e-07 3196256300 1.445637e-08 848448836 1.445637e-08 2211003714 1.445637e-08 2916276788 1.445637e-08 3696193412 1.445637e-08 15308464 1.445637e-08 1239307652 1.445637e-08 1945448119 1.445637e-08 3396227953 1.445637e-08 3321237907 1.445637e-08 3187199216 1.445637e-08 3330100144 1.445637e-08 310481256 1.445637e-08 
91711.92 1 3687573659 1.3353356999999999e-07 3196256300 
91711.92 1 3687573659 1.4798997e-07 310481256 
92395.12 1 545239233 5.6664e-07 3687573659 
97230.95 0 426576124 3.3492e-07 3012070026 
104099.1 0 3004792470 3.0701e-07 443746396 
104251.2 0 4274934102 2.791e-08 4046076794 
108166.7 0 1425083048 2.791e-08 1239307652 
110555.2 1 3534547045 4.7447e-07 2528553283 
110666.0 1 3921011129 3.9073999999999996e-07 3150420704 
111746.8 1 1075699702 3.0701e-07 810769555 
112905.9 1 545239233 5.8109637e-07 3187199216 
113653.6 0 1516068388 2.791e-08 1425083048 
114294.8 1 1586980658 5.582e-08 3490627259 
117016.1 0 1222799196 3.6283e-07 1347872676 
117220.9 0 1465560917 3.0701e-07 732124878 
123653.2 1 545239233 5.955526699999999e-07 3396227953 
125683.3 0 2235064901 4.4656e-07 3232700421 
125889.5 0 314650893 2.791e-08 3621383820 
126265.5 0 2340740170 3.9074e-07 636961411 
129099.0 0 3921011129 3.9074e-07 3326748277 
130805.5 0 257754683 2.791e-08 387772665 
133471.3 2 2340740170 3.907400500000002e-07 1572835533 817087088 2.577089e-08 551137729 1.405223e-08 1218250404 1.405223e-08 1035956119 1.405223e-08 1211996162 1.405223e-08 188552836 1.405223e-08 2029773149 1.405223e-08 302486611 1.405223e-08 1842102965 1.405223e-08 1285693762 1.405223e-08 1078741991 1.405223e-08 2723643411 1.405223e-08 1804212609 1.405223e-08 438292632 1.405223e-08 2001290253 1.405223e-08 3147695692 1.405223e-08 3179285865 1.405223e-08 2173231515 1.405223e-08 740082705 1.405223e-08 2795063678 1.405223e-08 3642829293 1.405223e-08 2707128518 1.405223e-08 474866315 1.405223e-08 
133471.6 1 474866315 2.810446e-08 551137729 
133999.6 1 2340740170 4.0479223e-07 1285693762 
134642.9 0 2340740170 4.047922e-07 2409063466 
134792.7 1 2246051850 3.2106223e-07 1078741991 
134887.9 0 1434498202 2.791e-08 2451350669 
137057.1 0 3179285865 1.405223e-08 2001290253 
145176.8 1 2519559028 6.419299999999999e-07 3004792470 
145238.6 0 3179285865 1.405223e-08 1035956119 
148186.1 1 2246051850 3.4683309e-07 817087088 
150873.1 0 688805295 2.791e-08 188552836 
152266.9 0 1465560917 3.0701e-07 3147695692 
152423.6 0 3373526895 3.9074e-07 1425083048 
154093.1 0 2440120768 2.791e-08 2466232951 
155159.7 1 2246051850 3.6088533e-07 1035956119 
155792.4 1 3373526895 4.1865e-07 3326748277 
156052.2 1 3373526895 8.0939e-07 3921011129 
160540.5 0 2340740170 4.047922e-07 3121047530 
161051.5 1 545239233 6.1000907e-07 3696193412 
166450.6 1 3373526895 8.373e-07 331336395 
166894.2 0 3953846011 2.791e-08 1458665800 
167636.1 1 3534547045 5.0238e-07 3800234335 
169639.6 1 4259593397 3.0701e-07 3953846011 
169977.9 2 3373526895 8.373e-07 2455496064 1639799867 1.4e-08 1026028388 2.091e-08 1128056158 2.091e-08 
171434.0 0 838860310 2.791e-08 3891448235 
171566.2 1 2340740170 4.327022e-07 1516068388 
175181.4 1 3534547045 5.302900000000001e-07 1735432893 
178549.1 1 3424908067 5.582e-08 3747246174 
183571.4 1 545239233 6.379191e-07 2835620284 
187295.8 0 1222799196 3.6283e-07 511603307 
188021.2 0 1465560917 3.0701e-07 2205180068 
188690.1 1 2235064901 4.7447e-07 3908154577 
195351.4 0 257754683 2.791e-08 1128056158 
197129.5 1 1068020906 0.0009543558100000001 253808213 
197838.5 1 1222799196 3.9073999999999996e-07 1502094437 
201289.8 0 3321237907 1.445637e-08 1945448119 
202274.7 0 3232700421 2.791e-08 387772665 
202845.6 1 1075699702 3.3492e-07 3823443426 
203752.9 1 545239233 6.523754700000001e-07 3330100144 
203887.5 0 545239233 6.523754e-07 245436729 
204471.2 0 3534547045 5.3029e-07 1026028388 
205476.1 0 3373526895 8.373e-07 1639799867 
212994.9 0 3704423751 2.791e-08 3020817656 
216412.8 1 474866315 4.256083e-08 15308464 
220792.4 1 1068020906 0.00095438371 2250757420 
225816.8 0 2246051850 3.608854e-07 343742982 
227470.7 1 870323177 4.236637e-08 2211003714 
228792.1 0 561528368 2.791e-08 3732071459 
230826.0 1 2799798816 3.6283e-07 3736601249 
234291.5 1 1986278615 5.582e-08 2451350669 
235742.1 3 3704423751 1.4e-08 3020817656 2909632847 2.091e-08 937177227 2.091e-08 
236513.6 1 2799798816 6.6984e-07 2984600922 
236763.9 0 486050091 8.373e-08 257754683 
238391.6 0 2261252686 5.582e-08 315200650 
238875.0 0 2246051850 3.608854e-07 3498415124 
239873.2 1 937177227 4.182e-08 2909632847 
242061.1 1 2235064901 5.0238e-07 3616865126 
246454.8 1 3534547045 5.512e-07 1026028388 
246672.3 1 2408568032 4.196223e-08 2707128518 
247833.5 3 2349140130 7.810254e-08 2393342300 3393811039 1.676873e-08 611212867 1.676873e-08 
248156.3 0 937177227 4.182e-08 3704423751 
248756.8 1 2235064901 5.302900000000001e-07 387772665 
249304.2 1 937177227 5.582e-08 3704423751 
250280.5 0 545239233 6.523754e-07 245436729 
254312.3 1 2349140130 9.487126999999999e-08 3393811039 
254542.4 2 1593891639 4.060596e-08 2937387076 1104410542 1.521404e-08 
258440.8 0 870323177 4.236637e-08 2859795595 
262205.7 1 3373526895 8.652100000000001e-07 287801793 
264919.6 0 2340740170 4.327022e-07 740082705 
266772.3 1 2235064901 5.582e-07 3621383820 
277561.4 1 1068020906 0.00095441161 2768642543 
278893.4 0 474866315 4.256083e-08 1218250404 
283845.1 0 3534547045 5.512e-07 3232700421 
285191.3 3 838860310 2.1909379999999997e-08 1434498202 2328232000 1.695531e-08 2999719241 1.695531e-08 
290865.6 0 3534547045 5.512e-07 1128056158 
292235.7 1 1068020906 0.0009544395100000001 3228084226 
300017.5 1 2799798816 6.9775e-07 3129006749 
307936.8 1 3534547045 5.791100000000001e-07 4231632140 
308820.7 0 343742982 2.791e-08 3732071459 
309135.5 0 3121047530 2.791e-08 848448836 
320075.9 1 2246051850 3.887954e-07 3498415124 
322157.4 0 1075699702 3.3492e-07 2919643181 
326379.9 2 3321237907 1.45086e-08 1211996162 1931993247 1.4e-08 
330907.1 1 1222799196 4.1865e-07 770580294 
333539.2 1 3534547045 6.349299999999999e-07 3424908067 
333670.1 1 2298477853 5.582e-08 3279231079 
334031.4 0 3197676583 2.791e-08 2999719241 
342699.6 0 486050091 8.373e-08 1945448119 
343311.5 1 1222799196 7.256600000000001e-07 1465560917 
343859.0 0 3775452048 2.791e-08 384163328 
350477.9 0 545239233 6.523754e-07 3179285865 
351103.2 1 1222799196 7.6626596e-07 1593891639 
360568.0 0 3775452048 2.791e-08 2542835646 
368407.5 0 1481166135 8.373e-08 848448836 
376339.6 0 40245973 2.791e-08 3179285865 
382576.7 0 3084497907 2.791e-08 3179285865 
385145.8 2 1222799196 7.66266e-07 2870037616 1494850122 1.4e-08 3414514926 2.091e-08 2312786130 2.091e-08 
386460.4 1 4031050948 3.6283e-07 3475245566 
386506.4 0 3373526895 8.6521e-07 632754209 
389519.6 2 2235064901 5.5820001e-07 870323177 3537925318 1.4e-08 1634407402 1.418318e-08 3869596591 1.418318e-08 
397053.3 1 2235064901 5.7238318e-07 1634407402 
397379.0 3 3774459889 2.2517520000000003e-08 3775452048 3375523036 1.665124e-08 772925454 1.665124e-08 
401881.4 3 688805295 2.6854179999999998e-08 1123501568 2215785330 1.448291e-08 3491092596 1.448291e-08 
402342.4 0 2190522392 2.791e-08 333964007 
404118.2 1 1068020906 0.00095446751 2729381062 
408605.6 0 2519559028 6.4193e-07 3382444416 
409331.1 1 1222799196 7.94176e-07 1444500749 
411762.9 1 545239233 6.6642763e-07 3179285865 
416345.0 0 1222799196 7.94176e-07 1019134040 
416691.3 1 1586980658 8.373e-08 3197676583 
422867.6 3 2406269022 1.4e-08 1206764858 57770090 2.091e-08 3071577057 2.091e-08 
427808.4 0 102901530 2.791e-08 3414514926 
432462.9 3 1075699702 3.349199500000001e-07 4259593397 1452489764 9.905433e-08 4260098875 1.485398e-08 3696843781 1.485398e-08 2138100036 1.485398e-08 1726701215 1.485398e-08 1412415798 1.485398e-08 375852842 1.485398e-08 3593732192 1.485398e-08 3888264012 1.485398e-08 313359544 1.485398e-08 217284033 1.485398e-08 2151269300 1.485398e-08 3913511150 1.485398e-08 2962530363 1.485398e-08 2063946235 1.485398e-08 
432463.0 1 1452489764 1.1390831e-07 4260098875 
432463.0 1 1452489764 1.2876228e-07 2063946235 
432794.3 0 1452489764 1.287623e-07 3888264012 
439809.0 2 1239307652 1.45086e-08 1218250404 1172086036 1.4e-08 
441484.9 1 57770090 3.491e-08 2406269022 
441679.9 0 6723929 2.791e-08 2859795595 
444494.8 0 2919643181 2.791e-08 3913511150 
446664.0 3 2859795595 1.4e-08 632754209 690117576 2.091e-08 3288380490 2.091e-08 
448398.3 3 474866315 2.7714759999999997e-08 1945448119 845665321 1.465122e-08 3122982648 1.465122e-08 
451479.7 0 2799798816 6.9775e-07 129185354 
458112.6 0 3732071459 2.791e-08 3321237907 
461922.8 0 57770090 3.491e-08 3071577057 
462359.9 0 2555962951 3.0701e-07 2999719241 
473312.1 0 1481166135 8.373e-08 2409063466 
473403.8 0 2440120768 2.791e-08 3696843781 
482324.8 0 3288380490 2.091e-08 3869596591 
482808.3 0 1878784256 2.791e-08 314650893 
483040.7 0 545239233 6.664277e-07 2779686750 
483570.4 1 3373526895 8.8612e-07 1128056158 
491896.1 1 2074240873 4.276398e-08 2962530363 
496374.9 0 476505668 2.791e-07 888311950 
498267.3 0 2956861855 2.791e-08 811613008 
508419.9 0 598947138 2.791e-08 790319072 
510966.4 2 2340740170 4.327022e-07 2408568032 1471982444 1.4e-08 3303338876 2.796223e-08 
515642.0 3 2250879299 1.4e-08 1019134040 2875471576 2.091e-08 1738909006 2.091e-08 
516087.9 0 1738909006 2.091e-08 2875471576 
517995.2 0 1586980658 8.373e-08 825415804 
522950.2 1 1068020906 0.0009544954100000001 865537991 
529513.2 0 2504591099 2.791e-08 1963165541 
541118.9 1 2519559028 6.698400000000001e-07 3241671100 
542406.2 2 326805806 3.296427e-08 1327969783 356405251 2.285573e-08 
542515.8 1 545239233 6.804277e-07 1931993247 
545158.7 0 3491092596 1.448291e-08 2215785330 
547910.1 1 4031050948 6.9775e-07 426576124 
548438.6 0 2919643181 2.791e-08 1037584679 
548785.4 0 1227575429 2.791e-08 343742982 
549462.6 0 57770090 3.491e-08 862710978 
553317.4 1 2235064901 5.863832e-07 1639799867 
556271.8 0 2779686750 2.791e-08 3537925318 
561464.7 0 1222799196 7.94176e-07 2173231515 
562487.6 3 343742982 1.399999e-08 2328232000 2879167783 1.543266e-08 3083352544 1.543266e-08 
573735.3 1 3373526895 9.1403e-07 257754683 
580114.7 1 1222799196 8.082282300000001e-07 2723643411 
594319.8 1 1068020906 0.00095452331 3709881891 
605284.6 1 1222799196 8.361382e-07 2480932170 
605899.1 0 179097684 2.791e-07 862710978 
606197.1 0 2246051850 3.887954e-07 772925454 
606242.5 1 373638573 1.00000002791 1458432161 
610358.2 0 937177227 5.582e-08 862710978 
612637.3 1 1222799196 8.640482e-07 561528368 
613118.6 0 545239233 6.804277e-07 2215785330 
616815.0 0 741863299 2.791e-08 790319072 
630514.7 0 2235064901 5.863832e-07 245436729 
638919.3 0 2799798816 6.9775e-07 2956861855 
640266.4 0 4122240121 2.791e-08 3414514926 
642676.7 0 3083352544 1.543266e-08 1726701215 
643053.1 1 2340740170 4.4675443e-07 2029773149 
658077.1 1 1222799196 8.781004300000001e-07 2795063678 
658179.6 0 129185354 2.791e-08 511603307 
660074.9 0 1222799196 8.781004e-07 3122982648 
660764.8 1 1222799196 8.9215263e-07 3642829293 
663044.7 0 2235064901 5.863832e-07 688805295 
665815.3 3 1239307652 1.45086e-08 1172086036 4198169764 1.4e-08 
666582.7 1 1239307652 2.85086e-08 4198169764 
670388.4 0 1227575429 2.791e-08 2919643181 
673224.2 1 3373526895 9.419400000000001e-07 3084497907 
677403.6 0 2919643181 2.791e-08 3497999925 
679499.8 0 2799798816 6.9775e-07 313359544 
688099.6 0 545239233 6.804277e-07 1493201942 
708809.2 0 1425083048 2.791e-08 688805295 
709525.2 0 1452489764 1.287623e-07 1804212609 
720528.1 0 3373526895 9.4194e-07 2779686750 
739772.1 1 3534547045 6.5169873e-07 611212867 
759775.2 0 1075699702 3.3492e-07 1541946641 
769740.7 0 1458665800 2.791e-08 3375523036 
771030.7 0 3373526895 9.4194e-07 1425083048 
773891.3 1 2235064901 6.005663799999999e-07 3869596591 
776622.0 3 314650893 1.4000010000000003e-08 688805295 821115011 2.038209e-08 2118016430 2.038209e-08 
779009.7 0 1493201942 2.791e-08 690117576 
779225.9 0 3357643131 5.582e-08 3593732192 
790071.4 3 3037779432 1.4e-08 2046083849 1945735688 2.091e-08 4093093422 2.091e-08 
814207.6 0 1493201942 2.791e-08 2779686750 
829921.8 1 373638573 1.00000002791 1651612823 
833744.9 0 1222799196 8.921527e-07 1104410542 
839058.4 1 545239233 6.944277e-07 3537925318 
839697.1 0 3303338876 2.796223e-08 1738909006 
840189.3 0 1222799196 8.921527e-07 717226258 
840426.0 0 772925454 1.665124e-08 3321237907 
843045.1 0 1541946641 2.791e-08 838860310 
845146.1 1 3083352544 2.948489e-08 188552836 
848289.1 0 129185354 2.791e-08 2919643181 
850169.8 1 179097684 3.0701e-07 4252347608 
854057.7 3 2519559028 6.6983996e-07 3737780296 2842015324 1.4e-08 1249238030 1.472778e-08 3214077756 1.472778e-08 879162223 1.472778e-08 3884425642 1.472778e-08 1149406307 1.472778e-08 3528332227 1.472778e-08 4004407106 1.472778e-08 451270221 1.472778e-08 3149440925 1.472778e-08 2250775120 1.472778e-08 1130108289 1.472778e-08 2177968201 1.472778e-08 2914302410 1.472778e-08 3655816389 1.472778e-08 3485819286 1.472778e-08 1382686479 1.472778e-08 1803925302 1.472778e-08 3293059020 1.472778e-08 
858382.5 0 2519559028 6.6984e-07 1249238030 
858943.6 1 1104410542 3.006802e-08 3593732192 
867433.0 3 3357643131 1.3999989999999996e-08 2842015324 378125977 1.860667e-08 2159618959 1.860667e-08 2441325815 1.860667e-08 
870510.2 0 1986278615 5.582e-08 2312786130 
876890.6 2 3303338876 3.642155e-08 474866315 3401497744 1.925544e-08 
880507.5 0 2956861855 2.791e-08 3732071459 
885408.0 2 2956861855 2.797258e-08 3288380490 4069401935 2.084742e-08 
889736.4 2 3774459889 2.5923679999999998e-08 838860310 134948105 1.850322e-08 
897603.2 0 2349140130 9.487127e-08 862710978 
902491.6 0 40245973 2.791e-08 2859795595 
916603.0 0 1222799196 8.921527e-07 3214077756 
921516.3 1 545239233 7.088840699999999e-07 848448836 
926995.0 3 384163328 2.215686e-08 1493201942 1998372786 1.683157e-08 2455922112 1.683157e-08 
927090.5 3 2349140130 1.399999000000001e-08 57770090 3059103076 1.447266e-08 432337108 1.447266e-08 1902671923 1.447266e-08 4209590891 1.447266e-08 77395223 1.447266e-08 3592986772 1.447266e-08 1246511018 1.447266e-08 3986570268 1.447266e-08 
927580.3 1 77395223 2.894532e-08 1902671923 
928935.8 1 77395223 4.294532e-08 2349140130 
929082.5 0 3986570268 1.447266e-08 4209590891 
934960.3 0 3986570268 1.447266e-08 432337108 
935810.5 0 245436729 2.791e-08 845665321 
936409.2 1 1068020906 0.00095455121 90391199 
938762.3 1 77395223 5.741798e-08 3986570268 
940921.2 3 40245973 2.289666e-08 1425083048 174500547 1.646167e-08 4083845756 1.646167e-08 
946819.8 0 2519559028 6.6984e-07 2919643181 
946954.5 1 3373526895 9.6285e-07 1738909006 
948495.6 1 4209590891 2.894532e-08 3059103076 
950002.1 3 2466232951 1.4e-08 2919643181 110358663 2.091e-08 1370908750 2.091e-08 
959178.7 0 4209590891 2.894532e-08 432337108 
964331.3 2 77395223 5.741798e-08 4209590891 1837234470 1.4e-08 2945849429 1.494532e-08 
965128.9 0 3373526895 9.6285e-07 3491092596 
965936.8 1 1068020906 0.00095457911 3268335666 
968027.8 3 598947138 1.4e-08 2737363250 66296937 2.091e-08 976558236 2.091e-08 
972277.0 1 2340740170 4.746645e-07 636961411 
981401.4 3 102901530 1.4000000000000001e-08 217284033 2438291630 1.438199e-08 906368509 1.438199e-08 
983302.5 0 486050091 8.373e-08 741863299 
983446.6 0 432337108 1.447266e-08 1837234470 
984920.7 1 77395223 7.23633e-08 2945849429 
985832.7 1 373638573 1.00000001472778 3214077756 
987158.8 1 373638573 1.00000001485398 2138100036 
989454.7 1 77395223 8.636329000000001e-08 1837234470 
991801.4 3 879162223 1.472778e-08 1494850122 3783228500 1.4e-08 
998047.2 0 1586980658 8.373e-08 1842102965 
1008163.0 3 6723929 1.4e-08 3938221642 2858952728 2.091e-08 395113485 2.091e-08 
1012132.0 0 77395223 8.636329e-08 432337108 
1012696.0 3 333964007 1.4000010000000001e-08 3491092596 4019363830 1.419645e-08 3016084464 1.419645e-08 
1014746.0 0 3232700421 2.791e-08 2858952728 
1016466.0 3 4061687915 1.4000000000000001e-08 1726701215 921818415 1.438199e-08 2892683898 1.438199e-08 
1024358.0 3 2074240873 1.4000019999999996e-08 790319072 3697249003 1.416849e-08 3983774618 1.416849e-08 4187488967 1.416849e-08 898751805 1.416849e-08 
1028623.0 3 3303338876 3.1541650000000006e-08 2205180068 3632514288 1.639495e-08 410848061 1.639495e-08 
1030255.0 0 821115011 2.038209e-08 2001290253 
1031351.0 1 1222799196 9.070066799999999e-07 3888264012 
1036778.0 0 2235064901 6.005664e-07 2859795595 
1037823.0 3 1239307652 2.573545e-08 2312786130 2791633391 2.368315e-08 
1038025.0 3 77395223 5.150848e-08 4019363830 630280293 1.635042e-08 4212779140 1.635042e-08 3459374364 1.635042e-08 
1045601.0 0 4122240121 2.791e-08 3783228500 
1047635.0 2 1075699702 3.3492e-07 3083352544 2125331604 1.4e-08 3113062634 1.548489e-08 
1049325.0 0 179097684 3.0701e-07 4212779140 
1051082.0 0 486050091 8.373e-08 245436729 
1052155.0 0 2173231515 1.405223e-08 2466232951 
1054159.0 0 937177227 5.582e-08 4212779140 
1056006.0 0 77395223 5.150849e-08 432337108 
1056193.0 1 545239233 7.257155699999999e-07 1998372786 
1056724.0 3 2504591099 2.460059e-08 3884425642 847040419 1.803719e-08 
1063125.0 0 1075699702 3.3492e-07 2125331604 
1074252.0 3 1586980658 5.7479749999999996e-08 438292632 4240624600 2.015124e-08 1565786989 2.015124e-08 
1074312.0 2 1246511018 1.4945320000000002e-08 3592986772 2286860921 1.4e-08 
1074362.0 1 1246511018 2.8945319999999998e-08 2286860921 
1077521.0 2 40245973 2.535833e-08 4083845756 3707879645 1.4e-08 
1078421.0 1 690117576 3.536637e-08 2916276788 
1082739.0 0 40245973 2.535833e-08 3707879645 
1085759.0 1 3373526895 9.7685e-07 2859795595 
1088745.0 1 373638573 1.00000001472778 1249238030 
1096917.0 3 476505668 2.5660906e-07 1565786989 2746930994 1.421406e-08 4075596975 1.421406e-08 4283280385 1.421406e-08 
1103412.0 1 2246051850 4.1670539999999997e-07 4046076794 
1105845.0 3 486050091 5.5758269999999995e-08 3016084464 538453177 1.405606e-08 3121292019 1.405606e-08 3349724438 1.405606e-08 
1107221.0 3 862710978 1.400001e-08 40245973 4253718737 1.963416e-08 3297362622 1.963416e-08 
1109317.0 1 3297362622 3.363416e-08 862710978 
1125853.0 0 3071577057 2.091e-08 4212779140 
1129363.0 1 2235064901 6.1462246e-07 3121292019 
1136343.0 3 1790255658 1.4000000000000001e-08 375852842 1751902433 1.438199e-08 2878871175 1.438199e-08 
1137769.0 1 373638573 1.00000001485398 3696843781 
1151486.0 3 2118016430 1.8033999999999998e-08 2250879299 3083717413 1.634809e-08 
1159468.0 0 1104410542 3.006801e-08 2118016430 
1166558.0 1 3373526895 9.9090606e-07 3349724438 
1168686.0 1 2235064901 6.3108407e-07 174500547 
1174092.0 1 373638573 1.00000002791 405521437 
1175001.0 2 976558236 2.1078490000000003e-08 898751805 220564665 1.4e-08 
1176954.0 1 2340740170 4.8931572e-07 3122982648 
1179959.0 0 2799798816 6.9775e-07 3988949870 
1200787.0 3 1664502715 2.6243059999999998e-08 2173231515 3653734512 1.571917e-08 
1201977.0 0 179097684 3.0701e-07 3459374364 
1212114.0 0 2799798816 6.9775e-07 1541946641 
1213815.0 0 199935986 2.791e-08 314650893 
1220361.0 0 1222799196 9.070066e-07 315200650 
1227435.0 0 1541946641 2.791e-08 772925454 
1233218.0 0 3373526895 9.909061e-07 3707879645 
1236664.0 1 545239233 7.536256000000001e-07 4122240121 
1243672.0 2 3071577057 2.096606e-08 538453177 3815024321 1.4e-08 
1244191.0 3 976558236 2.107849e-08 2074240873 1428265047 1.4e-08 
1247542.0 0 1222799196 9.070066e-07 302486611 
1252093.0 2 179097684 3.0701e-07 1246511018 3604532305 1.4e-08 1869365069 1.494532e-08 
1252341.0 0 3303338876 3.154164e-08 410848061 
1252580.0 0 179097684 3.0701e-07 1869365069 
1255368.0 1 373638573 1.00000002791 3519923770 
1256254.0 1 179097684 3.2101e-07 3604532305 
1257796.0 1 2246051850 4.446154e-07 811613008 
1259488.0 0 511603307 2.791e-08 2177968201 
1263611.0 1 1222799196 9.2365784e-07 3375523036 
1265594.0 1 1075699702 3.4892e-07 4061687915 
1267453.0 1 3534547045 6.8533286e-07 3297362622 
1270821.0 0 486050091 5.575826e-08 3071577057 
1271944.0 0 3232700421 2.791e-08 1370908750 
1274728.0 0 1222799196 9.236579e-07 821115011 
1276286.0 0 2246051850 4.446154e-07 3983774618 
1278112.0 1 373638573 1.00000001472778 3293059020 
1285853.0 1 179097684 3.3595531999999996e-07 1869365069 
1303905.0 0 199935986 2.791e-08 717226258 
1308787.0 0 2519559028 6.6984e-07 3357643131 
1309006.0 1 3373526895 1.00507459e-06 3983774618 
1311914.0 0 976558236 2.107849e-08 1428265047 
1312641.0 0 2261252686 5.582e-08 3815024321 
1313244.0 0 3534547045 6.853329e-07 3071577057 
1315849.0 0 545239233 7.536256e-07 1878784256 
1329896.0 0 1842102965 1.405223e-08 343742982 
1343453.0 3 937177227 1.3999979999999993e-08 3071577057 965372172 1.569652e-08 607396504 1.569652e-08 2533881277 1.569652e-08 472358284 1.569652e-08 
1343471.0 0 965372172 1.569652e-08 937177227 
1344138.0 1 472358284 2.969652e-08 937177227 
1346511.0 1 3373526895 1.019075e-06 3707879645 
1347059.0 1 472358284 4.539304e-08 2533881277 
1349940.0 1 472358284 6.108955e-08 965372172 
1363202.0 0 472358284 6.108955e-08 607396504 
1364015.0 1 3534547045 6.993329e-07 3815024321 
1364267.0 0 2340740170 4.893157e-07 3071234124 
1367189.0 0 472358284 6.108955e-08 607396504 
1367682.0 1 545239233 7.8159818e-07 2956861855 
1368255.0 1 373638573 1.000000014 3037779432 
1373045.0 1 472358284 7.678607e-08 607396504 
1379418.0 0 1222799196 9.236579e-07 129185354 
1396835.0 1 179097684 3.5230572e-07 3459374364 
1399715.0 2 1481166135 8.634224e-08 3303338876 1950077488 1.44647e-08 1820499179 1.44647e-08 
1429208.0 2 179097684 3.523057e-07 326805806 4055959668 1.4e-08 528880979 1.896427e-08 
1429661.0 1 179097684 3.7126996999999996e-07 528880979 
1430386.0 1 373638573 1.00000001485398 3913511150 
1430418.0 0 179097684 3.7127e-07 4055959668 
1430450.0 0 179097684 3.7127e-07 4055959668 
1430464.0 0 179097684 3.7127e-07 4055959668 
1439155.0 0 179097684 3.7127e-07 4055959668 
1439877.0 0 179097684 3.7127e-07 4055959668 
1443290.0 1 373638573 1.00000002791 1239791232 
1444280.0 3 1878784256 1.4e-08 732124878 3778036871 2.091e-08 1405660995 2.091e-08 
1446876.0 0 179097684 3.7127e-07 4055959668 
1448225.0 1 179097684 3.8527e-07 4055959668 
1450972.0 0 3382444416 2.791e-08 1804212609 
1471360.0 0 2340740170 4.893157e-07 4069401935 
1478552.0 1 2235064901 6.589941e-07 3988949870 
1486497.0 1 373638573 1.00000005582 2261252686 
1509299.0 0 3778036871 2.091e-08 333964007 
1523936.0 1 2799798816 7.256600000000001e-07 2542835646 
1524691.0 1 3373526895 1.03870916e-06 4253718737 
1529363.0 0 2799798816 7.2566e-07 2879167783 
1554630.0 0 2118016430 1.803401e-08 3783228500 
1562686.0 0 1075699702 3.4892e-07 110358663 
1564562.0 0 3321237907 1.45086e-08 1878784256 
1567361.0 0 2340740170 4.893157e-07 1471982444 
1580575.0 0 2235064901 6.589941e-07 3891448235 
1588981.0 0 472358284 7.678606e-08 4212779140 
1590528.0 0 2246051850 4.446154e-07 110358663 
1595611.0 1 2799798816 7.4004199e-07 2892683898 
1601118.0 1 373638573 1.00000002091 110358663 
1602592.0 0 1222799196 9.236579e-07 2932274237 
1604259.0 0 976558236 2.107849e-08 2159618959 
1609886.0 0 1222799196 9.236579e-07 3774459889 
1616910.0 3 1533953788 1.3999990000000003e-08 2504591099 3662110242 1.92553e-08 2247026945 1.92553e-08 
1621274.0 3 245436729 1.4000000000000003e-08 1405660995 4032129539 1.741e-08 4035587434 1.741e-08 
1622227.0 2 3373526895 1.038709e-06 1586980658 3111692719 1.4e-08 1398579088 1.449325e-08 2501379955 1.449325e-08 3332562587 1.449325e-08 
1622228.0 0 3373526895 1.038709e-06 2501379955 
1623683.0 0 3373526895 1.038709e-06 2501379955 
1624306.0 1 3373526895 1.0532022499999998e-06 1398579088 
1625228.0 1 2235064901 7.1475236e-07 486050091 
1631998.0 0 410848061 1.639495e-08 343742982 
1633672.0 0 4032129539 1.741e-08 245436729 
1642562.0 3 3534547045 6.9933289e-07 77395223 3562383954 1.4e-08 2521380987 1.875425e-08 4119421155 1.875425e-08 
1647021.0 1 3373526895 1.067202e-06 3111692719 
1649319.0 0 3732071459 2.791e-08 66296937 
1659097.0 2 847040419 1.876497e-08 451270221 1913762779 1.4e-08 
1663379.0 0 2799798816 7.40042e-07 3012070026 
1668478.0 1 373638573 1.00000002791 2693713428 
1675983.0 1 2235064901 7.287524e-07 245436729 
1683967.0 0 3373526895 1.067202e-06 845665321 
1686545.0 0 2340740170 4.893157e-07 717226258 
1691298.0 2 2879167783 1.581465e-08 2438291630 3678948817 1.4e-08 
1693925.0 0 1222799196 9.236579e-07 847040419 
1714304.0 0 3373526895 1.067202e-06 343742982 
1716523.0 0 545239233 7.815982e-07 2409063466 
1723853.0 1 3534547045 7.133329e-07 3562383954 
1725677.0 0 3534547045 7.133329e-07 2501379955 
1732995.0 3 300193622 2.369933e-08 378125977 2489195127 2.281734e-08 
1741075.0 0 3382444416 2.791e-08 1458665800 
1762458.0 2 2875471576 2.330495e-08 3632514288 3929228125 1.4e-08 
1762970.0 1 1222799196 9.445679e-07 66296937 
1775281.0 1 373638573 1.00000002791 717226258 
1782057.0 2 630280293 1.684367e-08 2501379955 3160344427 1.4e-08 
1783897.0 1 373638573 1.00000002091 1945735688 
1792704.0 0 630280293 1.684367e-08 3160344427 
1796695.0 1 630280293 3.084367e-08 3160344427 
1800763.0 0 3678948817 1.4e-08 2466232951 
1802448.0 0 4119421155 1.875425e-08 432337108 
1821218.0 3 545239233 7.8159807e-07 2340740170 3182159117 1.4e-08 766581564 1.440351e-08 3702894340 1.440351e-08 3532745758 1.440351e-08 1072840122 1.440351e-08 3294683754 1.440351e-08 1676003954 1.440351e-08 4285585893 1.440351e-08 2674988631 1.440351e-08 406745133 1.440351e-08 2883513480 1.440351e-08 783121895 1.440351e-08 2683944377 1.440351e-08 2961226102 1.440351e-08 301219709 1.440351e-08 1743198400 1.440351e-08 3059144981 1.440351e-08 3952655669 1.440351e-08 2848685905 1.440351e-08 1826422368 1.440351e-08 896813269 1.440351e-08 37051273 1.440351e-08 1867247157 1.440351e-08 3633199892 1.440351e-08 1736323711 1.440351e-08 283080478 1.440351e-08 785216844 1.440351e-08 3006103420 1.440351e-08 2898323513 1.440351e-08 1199222225 1.440351e-08 3755198008 1.440351e-08 2795041644 1.440351e-08 3492274228 1.440351e-08 1420914473 1.440351e-08 
1825138.0 1 373638573 1.00000001472778 3528332227 
1830018.0 0 545239233 7.815982e-07 1736323711 
1832693.0 3 785216844 1.440351e-08 6723929 439844059 1.4e-08 
1834480.0 3 2898323513 1.440351e-08 343742982 3802520055 1.4e-08 
1834947.0 0 2932274237 2.791e-08 1878784256 
1835953.0 1 545239233 7.9600171e-07 1736323711 
1839438.0 3 395113485 2.091e-08 3802520055 3012889883 1.4e-08 
1840533.0 0 2883513480 1.440351e-08 3532745758 
1841309.0 2 179097684 3.8613058e-07 4212779140 3363823620 1.548984e-08 
1844892.0 1 373638573 1.00000002791 3382444416 
1845875.0 1 545239233 8.104052100000001e-07 783121895 
1847283.0 1 545239233 8.248087100000001e-07 406745133 
1847854.0 0 896813269 1.440351e-08 3182159117 
1848181.0 0 3363823620 1.548984e-08 432337108 
1853151.0 3 3294683754 1.430979e-08 439844059 1086559163 1.409372e-08 
1853950.0 1 545239233 8.392122100000001e-07 3492274228 
1860023.0 3 873214132 2.791e-08 220564665 3063534263 1.4e-08 
1860777.0 0 179097684 3.861306e-07 4119421155 
1860900.0 0 3373526895 1.067202e-06 3232700421 
1861014.0 0 2791633391 2.368315e-08 821115011 
1862360.0 0 384163328 2.215687e-08 3633199892 
1867420.0 2 4035587434 1.781351e-08 2883513480 2013640095 1.4e-08 
1869629.0 0 1826422368 1.440351e-08 4285585893 
1871594.0 1 545239233 8.536157100000001e-07 896813269 
1875233.0 1 1222799196 9.5929568e-07 3149440925 
1875436.0 0 2898323513 1.440351e-08 1420914473 
1879253.0 0 3532745758 1.440351e-08 1878784256 
1882084.0 1 3373526895 1.08595625e-06 4119421155 
1882114.0 1 2674988631 2.840351e-08 2013640095 
1884535.0 1 2235064901 7.427524e-07 3012889883 
1885474.0 0 1820499179 1.44647e-08 1867247157 
1892170.0 0 3373526895 1.085956e-06 3232700421 
1892920.0 0 1075699702 3.4892e-07 2914302410 
1914131.0 1 1222799196 9.733479299999999e-07 1804212609 
1918157.0 3 476505668 2.5660907999999996e-07 1452489764 1461359102 1.4e-08 2027098952 1.434529e-08 4167430602 1.434529e-08 4096225443 1.434529e-08 781549661 1.434529e-08 907719639 1.434529e-08 1906851972 1.434529e-08 2597880038 1.434529e-08 1896745001 1.434529e-08 
1918999.0 3 3497999925 1.4000000000000001e-08 2151269300 2378434411 1.438199e-08 1837088337 1.438199e-08 
1919422.0 3 301219709 1.440351e-08 333964007 1543523724 1.4e-08 
1923213.0 0 2795041644 1.440351e-08 2848685905 
1924393.0 3 690117576 1.4000000000000003e-08 1420914473 1761715697 1.788494e-08 3099973400 1.788494e-08 
1926022.0 0 1743198400 1.440351e-08 3182159117 
1930065.0 3 3071234124 1.400001e-08 301219709 2789348510 1.415675e-08 1371202285 1.415675e-08 
1930512.0 0 1837088337 1.438199e-08 3497999925 
1930895.0 0 3373526895 1.085956e-06 821115011 
1933279.0 0 766581564 1.440351e-08 1543523724 
1934799.0 3 1222799196 9.733478900000001e-07 2246051850 629078091 1.783151e-08 754560055 1.422613e-08 1737134642 1.422613e-08 37613351 1.422613e-08 3434666020 1.422613e-08 2369258877 1.422613e-08 3563522875 1.422613e-08 249728555 1.422613e-08 4285226245 1.422613e-08 2707460946 1.422613e-08 2606325002 1.422613e-08 1541925803 1.422613e-08 2024675612 1.422613e-08 1292023300 1.422613e-08 3302973195 1.422613e-08 875106938 1.422613e-08 3314075649 1.422613e-08 2589646060 1.422613e-08 3433591204 1.422613e-08 1848242772 1.422613e-08 250719570 1.422613e-08 2681498831 1.422613e-08 481808867 1.422613e-08 2066612683 1.422613e-08 3458484829 1.422613e-08 2719204682 1.422613e-08 4256642775 1.422613e-08 2449448537 1.422613e-08 463844675 1.422613e-08 3167902617 1.422613e-08 579073438 1.422613e-08 
1936639.0 0 1222799196 9.733479e-07 4256642775 
1938898.0 1 3373526895 1.103366e-06 4032129539 
1940183.0 1 1222799196 9.8757403e-07 2024675612 
1948406.0 0 1292023300 1.422613e-08 2369258877 
1952851.0 2 4069401935 2.125093e-08 3633199892 3468130899 1.4e-08 
1954671.0 0 3059144981 1.440351e-08 3702894340 
1958243.0 0 873214132 2.791e-08 1428265047 
1971315.0 0 545239233 8.536157e-07 821115011 
1972962.0 1 2235064901 7.6490927e-07 384163328 
1973134.0 3 129185354 1.399999e-08 410848061 393090083 1.515248e-08 2343849308 1.515248e-08 
1975715.0 1 1222799196 1.00180013e-06 2589646060 
1983903.0 1 4256642775 2.845226e-08 2066612683 
1984986.0 0 2875471576 2.330495e-08 1743198400 
1997409.0 0 1222799196 1.0018e-06 754560055 
2005812.0 1 373638573 1.000000014 3678948817 
2010295.0 2 2858952728 2.239984e-08 3363823620 1055469694 1.4e-08 
2011190.0 3 3774459889 2.01742e-08 1913762779 627452446 1.974948e-08 
2014689.0 0 2799798816 7.40042e-07 463844675 
2029126.0 3 3294683754 1.430979e-08 598947138 2014426858 1.4e-08 
2030949.0 0 2875471576 2.330495e-08 2441325815 
2035444.0 0 1075699702 3.4892e-07 3497999925 
2038074.0 1 1222799196 1.01602613e-06 875106938 
2040701.0 3 2932274237 1.400001e-08 3302973195 2716949832 1.406806e-08 552634658 1.406806e-08 
2042567.0 0 2779686750 2.791e-08 3167902617 
2043069.0 2 3121047530 2.796223e-08 740082705 3736523900 1.4e-08 
2043726.0 0 3755198008 1.440351e-08 2961226102 
2048605.0 0 3736523900 1.4e-08 1543523724 
2050109.0 0 249728555 1.422613e-08 3063534263 
2055388.0 0 1950077488 1.44647e-08 2466232951 
2055724.0 0 2683944377 1.440351e-08 463844675 
2058400.0 3 3468130899 1.4e-08 3071234124 2213923665 1.4e-08 
2061546.0 0 2235064901 7.649092e-07 785216844 
2061627.0 0 2235064901 7.649092e-07 3232700421 
2062551.0 2 2521380987 2.256776e-08 4035587434 1503202005 1.4e-08 
2062835.0 1 2521380987 3.656775e-08 1503202005 
2071426.0 0 873214132 2.791e-08 2683944377 
2072053.0 3 2791633391 2.368315e-08 2466232951 3202152185 1.4e-08 
2082348.0 0 4256642775 2.845226e-08 2848685905 
2084353.0 1 1222799196 1.0304907e-06 1820499179 
2091312.0 2 1222799196 1.030491e-06 4256642775 2622395779 1.4e-08 3607413901 1.445226e-08 
2092409.0 0 873214132 2.791e-08 2343849308 
2097594.0 1 1222799196 1.04471713e-06 2719204682 
2103179.0 0 3952655669 1.440351e-08 766581564 
2103742.0 3 4240624600 2.015124e-08 3063534263 649593533 1.4e-08 
2105308.0 2 2878871175 1.443422e-08 3147695692 66987975 1.4e-08 
2106868.0 2 3952655669 1.4807020000000001e-08 766581564 483021244 1.4e-08 
2118188.0 2 545239233 8.536157e-07 1986278615 3707800333 1.4e-08 3528190190 2.091e-08 2185291493 2.091e-08 
2118232.0 1 545239233 8.745257e-07 3528190190 
2120335.0 1 545239233 8.954357e-07 2185291493 
2149305.0 2 845665321 1.505473e-08 4285585893 550176535 1.4e-08 
2150197.0 1 1075699702 3.6332351e-07 1743198400 
2152288.0 0 545239233 8.954357e-07 3468130899 
2156295.0 3 550176535 1.4e-08 690117576 1674415855 1.4e-08 
2156631.0 0 1222799196 1.044717e-06 3414514926 
2159566.0 3 821115011 2.038209e-08 2014426858 4287239676 1.4e-08 
2165074.0 0 1676003954 1.440351e-08 1543523724 
2169237.0 2 845665321 1.5458240000000002e-08 1826422368 3884987045 1.4e-08 
2175607.0 0 2961226102 1.440351e-08 2789348510 
2180723.0 0 3232700421 2.791e-08 3929228125 
2189972.0 1 1222799196 1.0644664799999999e-06 627452446 
2191196.0 0 283080478 1.440351e-08 552634658 
2195845.0 0 781549661 1.434529e-08 1461359102 
2197856.0 0 3121047530 2.796223e-08 2932274237 
2201664.0 2 3952655669 1.5279670000000003e-08 432337108 1960974751 1.4e-08 
2203388.0 0 1075699702 3.633235e-07 3736523900 
2216088.0 0 3373526895 1.103366e-06 3952655669 
2219626.0 3 2519559028 6.698399000000001e-07 1075699702 309459595 1.4e-08 2348040613 1.455515e-08 3180086772 1.455515e-08 3833074883 1.455515e-08 1462644303 1.455515e-08 4088625113 1.455515e-08 1237914369 1.455515e-08 2733144751 1.455515e-08 1649557018 1.455515e-08 1831065885 1.455515e-08 79461789 1.455515e-08 1621314342 1.455515e-08 2016090987 1.455515e-08 1553963666 1.455515e-08 1002680420 1.455515e-08 734120091 1.455515e-08 2475979558 1.455515e-08 2649056468 1.455515e-08 3381587904 1.455515e-08 175860597 1.455515e-08 1089013536 1.455515e-08 552498239 1.455515e-08 481049431 1.455515e-08 2950407739 1.455515e-08 72955594 1.455515e-08 
2222184.0 0 2519559028 6.6984e-07 134948105 
2226980.0 0 3707800333 1.4e-08 2213923665 
2229058.0 1 179097684 4.0053411e-07 2961226102 
2230018.0 3 3373526895 1.1033659999999998e-06 3534547045 1771264541 1.4e-08 2353028958 1.42721e-08 2980075456 1.42721e-08 3449694611 1.42721e-08 1194638860 1.42721e-08 114837353 1.42721e-08 2341758500 1.42721e-08 651046398 1.42721e-08 2780384598 1.42721e-08 1061526795 1.42721e-08 3342541004 1.42721e-08 1577969976 1.42721e-08 695939830 1.42721e-08 229435916 1.42721e-08 1850435983 1.42721e-08 19131048 1.42721e-08 2426951832 1.42721e-08 3089865955 1.42721e-08 3526559023 1.42721e-08 73116178 1.42721e-08 2654473721 1.42721e-08 2564127097 1.42721e-08 3554620561 1.42721e-08 2789301560 1.42721e-08 3201932102 1.42721e-08 3527214469 1.42721e-08 224410298 1.42721e-08 3967778277 1.42721e-08 1759850032 1.42721e-08 2704180049 1.42721e-08 287394855 1.42721e-08 2670951229 1.42721e-08 2367820772 1.42721e-08 771359632 1.42721e-08 4186562710 1.42721e-08 3211480542 1.42721e-08 346987663 1.42721e-08 1922039940 1.42721e-08 2110688926 1.42721e-08 1314810707 1.42721e-08 2472898255 1.42721e-08 3459912306 1.42721e-08 1598213090 1.42721e-08 1495382923 1.42721e-08 722767024 1.42721e-08 515125813 1.42721e-08 1298902656 1.42721e-08 3532628785 1.42721e-08 826924968 1.42721e-08 3190311976 1.42721e-08 
2230018.0 1 2980075456 2.85442e-08 2353028958 
2230019.0 1 826924968 2.85442e-08 3532628785 
2230019.0 1 722767024 2.85442e-08 1495382923 
2230049.0 1 826924968 4.28163e-08 3342541004 
2230111.0 0 3373526895 1.103366e-06 287394855 
2230303.0 1 3373526895 1.1176381e-06 2564127097 
2230641.0 1 1922039940 2.85442e-08 1194638860 
2230775.0 1 2799798816 7.5426813e-07 2681498831 
2230798.0 0 164438789 2.791e-08 3485819286 
2230808.0 3 579073438 1.422613e-08 1461359102 841878026 1.4e-08 
2231122.0 1 579073438 2.822613e-08 841878026 
2231397.0 1 3373526895 1.1319101000000001e-06 2789301560 
2232227.0 0 3373526895 1.13191e-06 1061526795 
2232272.0 1 3373526895 1.1747263e-06 826924968 
2232436.0 1 3373526895 1.1889991e-06 114837353 
2232706.0 0 229435916 1.42721e-08 1061526795 
2232995.0 1 3373526895 1.2032711e-06 2670951229 
2233182.0 0 3967778277 1.42721e-08 3527214469 
2233248.0 1 3373526895 1.2175431e-06 2780384598 
2233543.0 1 3373526895 1.2460872e-06 2980075456 
2233758.0 1 722767024 4.28163e-08 3527214469 
2233980.0 1 3373526895 1.2603591000000001e-06 2426951832 
2234817.0 0 722767024 4.28163e-08 771359632 
2235115.0 0 3099973400 1.788494e-08 2001290253 
2235291.0 1 3373526895 1.2746311e-06 229435916 
2235422.0 1 3373526895 1.2889031e-06 3211480542 
2235743.0 0 515125813 1.42721e-08 3526559023 
2236891.0 2 3952655669 1.555177e-08 3554620561 2747938267 1.4e-08 
2237732.0 0 1676003954 1.440351e-08 3967778277 
2237813.0 0 3373526895 1.288904e-06 1314810707 
2237873.0 0 3373526895 1.288904e-06 346987663 
2237917.0 1 3373526895 1.3031761e-06 1577969976 
2238306.0 1 3373526895 1.324086e-06 395113485 
2238754.0 1 3373526895 1.3383581e-06 1759850032 
2239745.0 1 3373526895 1.3526301000000001e-06 1850435983 
2241324.0 3 2472898255 1.42721e-08 2932274237 3177521820 1.4e-08 
2242549.0 1 1553963666 2.91103e-08 79461789 
2243904.0 2 1298902656 1.4544200000000002e-08 3201932102 3363025910 1.4e-08 
2246217.0 1 3373526895 1.3669021e-06 515125813 
2248119.0 1 3373526895 1.3811741e-06 1314810707 
2249414.0 1 3373526895 1.3954461e-06 3459912306 
2251856.0 1 3373526895 1.4097181e-06 1598213090 
2254054.0 0 3373526895 1.409718e-06 1960974751 
2255227.0 0 1922039940 2.85442e-08 1061526795 
2257027.0 1 2519559028 6.843951499999999e-07 1002680420 
2259149.0 0 3190311976 1.42721e-08 2110688926 
2259568.0 1 2519559028 6.9895025e-07 734120091 
2260593.0 0 19131048 1.42721e-08 1960974751 
2261440.0 1 3373526895 1.4239901000000001e-06 4186562710 
2261469.0 0 3373526895 1.42399e-06 771359632 
2262249.0 0 651046398 1.42721e-08 2341758500 
2263128.0 0 1298902656 1.45442e-08 3526559023 
2266197.0 0 3373526895 1.42399e-06 1298902656 
2267684.0 1 179097684 4.2293394e-07 2858952728 
2268833.0 0 3373526895 1.42399e-06 1298902656 
2268949.0 1 3190311976 2.85442e-08 2654473721 
2270382.0 1 3373526895 1.4382621e-06 651046398 
2270410.0 2 2235064901 7.649092e-07 2674988631 1290268226 1.4e-08 764400056 1.440351e-08 
2270457.0 1 2235064901 7.7931271e-07 764400056 
2271167.0 1 3373526895 1.4528062000000001e-06 1298902656 
2271475.0 1 2235064901 7.933127e-07 1290268226 
2271878.0 1 3373526895 1.466807e-06 1771264541 
2272709.0 0 3373526895 1.466807e-06 3952655669 
2273081.0 1 3373526895 1.4810791e-06 3449694611 
2274404.0 1 2519559028 7.1350545e-07 72955594 
2276359.0 3 873214132 1.400001e-08 629078091 1517815290 1.587075e-08 66064165 1.587075e-08 
2280353.0 1 373638573 1.00000001438199 906368509 
2281565.0 1 3190311976 4.28163e-08 2367820772 
2283382.0 3 1593850299 1.400001e-08 2795041644 2766526296 1.415675e-08 2454553876 1.415675e-08 
2284315.0 1 3373526895 1.4953511e-06 771359632 
2286424.0 0 3373526895 1.495351e-06 483021244 
2287271.0 3 1199222225 1.432819e-08 2125331604 1923515514 1.407532e-08 
2289859.0 2 2159618959 1.88328e-08 3563522875 3339828518 1.4e-08 
2290938.0 3 3458484829 1.422613e-08 483021244 105819081 1.4e-08 
2291049.0 0 695939830 1.42721e-08 2747938267 
2299332.0 1 3373526895 1.509351e-06 1960974751 
2299862.0 3 66064165 1.569323e-08 1371202285 533433650 1.433427e-08 
2305547.0 1 2235064901 8.0771621e-07 1867247157 
2307719.0 0 3526559023 1.42721e-08 3363025910 
2310929.0 0 2455922112 1.683157e-08 66064165 
2312150.0 2 3373526895 1.509351e-06 1922039940 1601889739 1.4e-08 381652938 1.45442e-08 
2312202.0 1 3373526895 1.5238952e-06 381652938 
2312626.0 2 2343849308 1.537861e-08 2369258877 96665495 1.4e-08 
2312716.0 1 3373526895 1.537895e-06 1601889739 
2315934.0 0 2799798816 7.542681e-07 2454553876 
2315941.0 1 2555962951 5.8611e-07 3800257563 
2316517.0 1 3373526895 1.5521671e-06 695939830 
2316772.0 1 2799798816 7.684942300000001e-07 1848242772 
2320421.0 1 1199222225 2.84035e-08 1923515514 
2322936.0 2 3190311976 4.28163e-08 722767024 1342185090 1.4e-08 149784911 1.440815e-08 85224627 1.440815e-08 
2323700.0 0 3373526895 1.552167e-06 73116178 
2326958.0 0 3190311976 4.28163e-08 2110688926 
2327503.0 1 3373526895 1.5664391000000001e-06 2110688926 
2327718.0 1 373638573 1.000000014 1471982444 
2333238.0 2 1676003954 1.4675610000000002e-08 346987663 1965662198 1.4e-08 
2334409.0 1 1676003954 2.867561e-08 1965662198 
2334455.0 0 2704180049 1.42721e-08 1342185090 
2339878.0 1 3373526895 1.5807111e-06 3967778277 
2349502.0 1 1222799196 1.07869313e-06 37613351 
2350558.0 3 3732071459 2.791e-08 1593850299 110439229 1.4e-08 
2353451.0 0 224410298 1.42721e-08 2341758500 
2356016.0 2 2326007700 2.796223e-08 2001290253 1449522982 1.4e-08 
2364431.0 1 545239233 9.096618300000001e-07 3433591204 
2366595.0 0 879162223 1.472778e-08 250719570 
2383638.0 3 2848685905 1.440351e-08 2213923665 3279439195 1.4e-08 
2383645.0 1 3373526895 1.594711e-06 3177521820 
2385517.0 3 754560055 1.422613e-08 3468130899 360107933 1.4e-08 
2387531.0 1 2235064901 8.217162e-07 3707800333 
2392708.0 2 845665321 1.5730330000000002e-08 287394855 1657444763 1.4e-08 
2392995.0 1 545239233 9.2406531e-07 283080478 
2393346.0 2 3381587904 1.476921e-08 4075596975 58759274 1.4e-08 
2399120.0 0 3363025910 1.4e-08 2747938267 
2399548.0 1 149784911 2.8680250000000003e-08 3089865955 
2402855.0 3 2298477853 1.4e-08 164438789 2135013218 1.74325e-08 470332523 1.74325e-08 3217169414 1.74325e-08 3030801476 1.74325e-08 
2405874.0 2 179097684 4.229339e-07 630280293 2208266878 1.4e-08 3715668764 1.684367e-08 
2405903.0 3 3952655669 1.555177e-08 1055469694 3418547556 1.4e-08 
2410759.0 1 179097684 4.369339e-07 2208266878 
2420803.0 1 179097684 4.5377757e-07 3715668764 
2423760.0 1 3373526895 1.6089831e-06 19131048 
2423942.0 3 1199222225 1.4000009999999996e-08 443746396 355298688 1.41045e-08 4193709834 1.41045e-08 584993009 1.41045e-08 
2428292.0 3 2521380987 1.4000000000000003e-08 3332562587 1499007652 1.85305e-08 755060644 1.85305e-08 
2435912.0 0 2704180049 1.42721e-08 102901530 
2437509.0 2 1499007652 1.8802599999999998e-08 224410298 3270476896 1.4e-08 
2439223.0 3 2472898255 1.42721e-08 3363025910 3934203265 1.4e-08 
2453418.0 0 149784911 2.868025e-08 2747938267 
2453568.0 1 3952655669 2.9551769999999998e-08 3418547556 
2461592.0 1 3373526895 1.6232551e-06 73116178 
2467501.0 3 1458665800 1.3999999999999996e-08 1761715697 1292024166 1.589747e-08 1323984060 1.589747e-08 
2467640.0 0 3121047530 2.796223e-08 2766526296 
2475587.0 1 545239233 9.3829143e-07 4285226245 
2479530.0 0 2519559028 7.135054e-07 2707460946 
2481956.0 1 1323984060 2.9897470000000004e-08 1458665800 
2486702.0 0 1481166135 8.634225e-08 3279439195 
2490792.0 3 2779686750 2.791e-08 4287239676 4197927596 1.4e-08 
2491872.0 0 545239233 9.382915e-07 584993009 
2492206.0 0 3373526895 1.623256e-06 2472898255 
2493021.0 2 2378434411 1.453874e-08 2789348510 1414892502 1.4e-08 
2497357.0 0 1292024166 1.589747e-08 2704180049 
2499635.0 2 481049431 1.478128e-08 2606325002 4201342597 1.4e-08 
2509308.0 3 1499007652 1.88026e-08 2521380987 2391696826 1.4e-08 
2510199.0 1 1222799196 1.106603e-06 2440120768 
2520493.0 2 3401497744 1.952754e-08 2704180049 4138371369 1.4e-08 
2523181.0 1 1222799196 1.12094829e-06 781549661 
2526490.0 0 1222799196 1.120948e-06 110439229 
2530885.0 2 3401497744 2.0010450000000003e-08 2215785330 3590332688 1.4e-08 
2534429.0 1 545239233 9.5234373e-07 302486611 
2535431.0 1 373638573 1.00000001695531 2999719241 
2537001.0 3 2118016430 1.803401e-08 360107933 1745749016 1.4e-08 
2537643.0 1 545239233 9.663437e-07 1745749016 
2537837.0 2 1370908750 2.43425e-08 470332523 2711965517 1.4e-08 
2539172.0 0 1541925803 1.422613e-08 1199222225 
2540230.0 1 3373526895 1.6375281e-06 2472898255 
2548893.0 1 2519559028 7.2806055e-07 552498239 
2554784.0 3 2378434411 1.453874e-08 3339828518 2933223072 1.4e-08 
2563778.0 2 545239233 1.60122903e-06 2799798816 1987038079 1.484543e-08 3797386594 1.484543e-08 1280619132 1.484543e-08 4105879141 1.484543e-08 3088551619 1.484543e-08 3443287411 1.484543e-08 3981989558 1.484543e-08 1165174376 1.484543e-08 3467386575 1.484543e-08 
2563804.0 1 545239233 1.61607443e-06 3443287411 
2564921.0 1 545239233 1.6309204300000001e-06 3797386594 
2566241.0 3 1541946641 2.791e-08 3934203265 4263904522 1.4e-08 
2569477.0 3 149784911 1.400001e-08 4197927596 4267941538 1.434012e-08 3372193553 1.434012e-08 
2570616.0 3 1323984060 1.3999999999999996e-08 1165174376 3681452412 1.537145e-08 2604064924 1.537145e-08 
2575191.0 0 821115011 2.038209e-08 879162223 
2575258.0 1 545239233 1.6457654300000002e-06 3088551619 
2578002.0 1 545239233 1.6606104300000002e-06 1987038079 
2578873.0 2 3401497744 2.028255e-08 3526559023 3458662533 1.4e-08 
2579154.0 3 37051273 1.440351e-08 3270476896 762210064 1.4e-08 
2581806.0 0 463844675 1.422613e-08 309459595 
2583862.0 0 3373526895 1.637528e-06 3681452412 
2588172.0 0 545239233 1.660611e-06 3467386575 
2588195.0 2 3401497744 2.037627e-08 1086559163 570164134 1.4e-08 
2589723.0 1 545239233 1.67501451e-06 2683944377 
2592122.0 1 3373526895 1.65289945e-06 2604064924 
2593431.0 0 4138371369 1.4e-08 1657444763 
2596712.0 3 821115011 2.038209e-08 102901530 2418772576 1.4e-08 
2600305.0 1 545239233 1.6898594300000001e-06 4105879141 
2600640.0 0 545239233 1.68986e-06 1199222225 
2610998.0 1 2235064901 8.496262e-07 741863299 
2616564.0 0 2418772576 1.4e-08 1199222225 
2618390.0 3 1553963666 1.4e-08 4096225443 2105330617 1.472779e-08 964813250 1.472779e-08 
2623792.0 0 3373526895 1.652899e-06 4267941538 
2623945.0 2 3099973400 1.822506e-08 3372193553 2039170765 1.4e-08 
2624006.0 3 785216844 1.440351e-08 550176535 4278040469 1.4e-08 
2626103.0 2 393090083 1.600646e-08 313359544 241690685 1.4e-08 
2627306.0 0 1676003954 2.867561e-08 4138371369 
2628395.0 1 3373526895 1.67305024e-06 4240624600 
2630615.0 1 3373526895 1.69127506e-06 3099973400 
2633329.0 2 1499007652 2.145384e-08 772925454 1703904600 1.4e-08 
2634588.0 2 3083717413 1.657422e-08 1541925803 3814978291 1.4e-08 
2640918.0 0 1130108289 1.472778e-08 1831065885 
2643124.0 0 2597880038 1.434529e-08 2027098952 
2645031.0 1 545239233 1.71610306e-06 1664502715 
2663152.0 0 3190311976 4.28163e-08 85224627 
2663350.0 1 3373526895 1.705275e-06 762210064 
2665060.0 2 3373526895 1.705275e-06 3190311976 118566979 1.4e-08 894269343 1.440815e-08 932943525 1.440815e-08 
2666215.0 1 3373526895 1.7196831499999999e-06 932943525 
2667570.0 1 3373526895 1.73409215e-06 894269343 
2671877.0 3 3083717413 1.657422e-08 3458662533 250347941 1.4e-08 
2675974.0 0 3373526895 1.734092e-06 1342185090 
2678446.0 1 3373526895 1.748092e-06 149784911 
2678711.0 0 3113062634 1.548489e-08 879162223 
2685456.0 0 1222799196 1.120948e-06 3434666020 
2687736.0 0 1061526795 1.42721e-08 3357643131 
2689297.0 0 2235064901 8.496262e-07 1323984060 
2690301.0 3 1149406307 1.472778e-08 2298477853 2292589682 1.4e-08 
2691917.0 2 3414514926 2.131351e-08 2848685905 3971437066 1.4e-08 
2700315.0 3 3681452412 1.533479e-08 2341758500 2810179169 1.430876e-08 
2707420.0 0 2343849308 1.537861e-08 3006103420 
2708146.0 0 545239233 1.716103e-06 1541946641 
2709207.0 0 2235064901 8.496262e-07 4278040469 
2717264.0 0 3681452412 1.533479e-08 2810179169 
2719656.0 0 1676003954 2.867561e-08 3083717413 
2723816.0 1 1222799196 1.13517413e-06 1737134642 
2724845.0 1 3373526895 1.762092e-06 118566979 
2735804.0 1 2519559028 7.4261575e-07 2016090987 
2740083.0 0 3373526895 1.762092e-06 1342185090 
2740140.0 1 3373526895 1.776092e-06 1342185090 
2742993.0 0 3607413901 1.445226e-08 649593533 
2744375.0 1 1222799196 1.14940013e-06 3434666020 
2753632.0 0 755060644 1.85305e-08 1199222225 
2756234.0 3 2810179169 1.430876e-08 2391696826 1803012522 1.4e-08 
2756432.0 0 2519559028 7.426157e-07 739080713 
2757455.0 1 3373526895 1.790092e-06 250347941 
2758119.0 0 2235064901 8.496262e-07 1703904600 
2758648.0 0 355298688 1.41045e-08 105819081 
2763760.0 0 1222799196 1.1494e-06 2766526296 
2769771.0 1 2235064901 8.640297100000001e-07 3755198008 
2771029.0 2 134948105 1.8906730000000002e-08 3702894340 3940915008 1.4e-08 
2779226.0 1 3373526895 1.8043641e-06 1061526795 
2794980.0 3 3681452412 1.533479e-08 1199222225 3593659676 1.4e-08 
2803681.0 3 3232700421 1.400001e-08 1751902433 2744143284 1.414599e-08 2002691604 1.414599e-08 
2804013.0 0 3981989558 1.484543e-08 879162223 
2810369.0 0 1292024166 1.589747e-08 2747938267 
2816552.0 3 1237914369 1.455515e-08 3736523900 3223248356 1.4e-08 
2818699.0 3 2449448537 1.422613e-08 1878784256 101557930 1.4e-08 
2820477.0 3 481049431 1.478127e-08 1703904600 678688578 1.4e-08 
2820910.0 0 2744143284 1.414599e-08 2418772576 
2820950.0 0 1222799196 1.1494e-06 58759274 
2825031.0 2 1292023300 1.437212e-08 2744143284 2222966094 1.4e-08 
2825105.0 0 2779686750 2.791e-08 1674415855 
2830704.0 3 1503861029 1.4e-08 3655816389 1301910447 1.431889e-08 2919535035 1.431889e-08 
2832086.0 0 1227575429 2.791e-08 3774459889 
2839470.0 0 3933289935 2.791e-08 4201342597 
2842283.0 0 545239233 1.716103e-06 66064165 
2846491.0 0 3593659676 1.4e-08 4138371369 
2852253.0 1 2235064901 8.780297e-07 2222966094 
2861000.0 0 355298688 1.41045e-08 110439229 
2864374.0 1 2622395779 2.8e-08 873214132 
2865583.0 0 179097684 4.537776e-07 649593533 
2868194.0 1 3373526895 1.818364e-06 3593659676 
2869727.0 0 3373526895 1.818364e-06 2118016430 
2871123.0 0 3681452412 1.533479e-08 4267941538 
2872651.0 1 545239233 1.730103e-06 4201342597 
2873814.0 3 2950407739 1.455515e-08 3182159117 2855048822 1.4e-08 
2887004.0 0 4278040469 1.4e-08 4138371369 
2890088.0 0 1370908750 2.43425e-08 85224627 
2894550.0 2 1292024166 1.7232260000000002e-08 3681452412 682911345 1.4e-08 
2898262.0 1 545239233 1.74425975e-06 2766526296 
2915652.0 0 1292023300 1.437212e-08 1323984060 
2916898.0 3 2159618959 1.883279e-08 2933223072 238807518 1.4e-08 
2924885.0 2 3381587904 1.5497000000000003e-08 2105330617 1840937626 1.4e-08 
2928549.0 0 4069401935 2.125093e-08 1674415855 
2929375.0 0 1222799196 1.1494e-06 879162223 
2932432.0 0 2118016430 1.803401e-08 570164134 
2934762.0 0 2235064901 8.780297e-07 2810179169 
2935436.0 0 3373526895 1.818364e-06 2247026945 
2940661.0 0 179097684 4.537776e-07 1790255658 
2942398.0 0 3373526895 1.818364e-06 4138371369 
2942733.0 1 3373526895 1.8327675100000001e-06 37051273 
2943332.0 0 1072840122 1.440351e-08 1674415855 
2957413.0 0 545239233 1.74426e-06 2716949832 
2958531.0 3 472358284 1.400000999999999e-08 4138371369 1734007597 1.535721e-08 4088691616 1.535721e-08 2087527840 1.535721e-08 2065940037 1.535721e-08 2751602400 1.535721e-08 
2958567.0 0 2065940037 1.535721e-08 4088691616 
2958991.0 1 2751602400 3.071442e-08 2087527840 
2960350.0 1 2751602400 4.6071639999999995e-08 1734007597 
2960468.0 1 2751602400 6.142885e-08 2065940037 
2961656.0 0 2751602400 6.142885e-08 472358284 
2962757.0 1 2751602400 7.678606e-08 4088691616 
2963075.0 1 2751602400 9.078606000000001e-08 472358284 
2965633.0 3 2751602400 8.719891e-08 2747938267 552380491 1.758715e-08 
2965777.0 0 2751602400 8.719892e-08 552380491 
2965958.0 0 3373526895 1.832767e-06 1323984060 
2968242.0 0 3381587904 1.549699e-08 1553963666 
2968423.0 1 2751602400 1.0478607e-07 552380491 
2969786.0 0 1676003954 2.867561e-08 821115011 
2970404.0 0 1517815290 1.587075e-08 2716949832 
2976510.0 0 1676003954 2.867561e-08 1674415855 
2979149.0 3 3467386575 1.484543e-08 1323984060 253656606 1.4e-08 
2987658.0 3 1481166135 8.497795e-08 3929228125 1254429415 1.53643e-08 
2990021.0 3 179097684 4.5138483e-07 3952655669 481400394 1.597227e-08 2584856907 1.597227e-08 
2990232.0 0 2235064901 8.780297e-07 785216844 
2994041.0 1 179097684 4.6735707e-07 2584856907 
2994924.0 0 179097684 4.673571e-07 481400394 
2996553.0 1 3373526895 1.846767e-06 2855048822 
2998093.0 0 179097684 4.673571e-07 481400394 
2999627.0 1 179097684 4.8332937e-07 481400394 
3018221.0 0 2810179169 1.430876e-08 2002691604 
3024454.0 0 1481166135 8.497795e-08 976558236 
3028210.0 0 3884987045 1.4e-08 129185354 
3029076.0 0 179097684 4.833294e-07 2810179169 
3029076.0 1 373638573 1.00000001430876 2810179169 
3035690.0 3 2879167783 1.581464e-08 682911345 3284371529 1.4e-08 
3035816.0 1 2879167783 2.981464e-08 3284371529 
3038842.0 1 545239233 1.75826e-06 1543523724 
3043078.0 1 2235064901 8.920296999999999e-07 105819081 
3054075.0 1 3373526895 1.86099313e-06 250719570 
3058731.0 0 481049431 1.478127e-08 3059144981 
3064876.0 0 545239233 1.75826e-06 309459595 
3067156.0 3 2622395779 1.4e-08 241690685 871205577 1.4e-08 2655011401 1.4e-08 
3068726.0 3 481049431 1.478127e-08 2655011401 4156410056 1.4e-08 
3069909.0 1 3373526895 1.87540115e-06 85224627 
3070117.0 0 1541946641 2.791e-08 3083717413 
3071091.0 1 545239233 1.7727247e-06 1950077488 
3072023.0 3 3891448235 2.791e-08 3232700421 249938527 1.4e-08 
3076939.0 2 755060644 1.8756629999999998e-08 3458484829 843598278 1.4e-08 
3083141.0 0 1292024166 1.723226e-08 1292023300 
3094098.0 0 2235064901 8.920297e-07 3814978291 
3101862.0 1 1222799196 1.1636261299999999e-06 3314075649 
3104382.0 1 545239233 1.78727915e-06 2950407739 
3110732.0 1 1222799196 1.177626e-06 3971437066 
3112900.0 1 3373526895 1.903312e-06 2779686750 
3132455.0 1 545239233 1.801279e-06 58759274 
3139532.0 0 545239233 1.801279e-06 3891448235 
3142749.0 2 755060644 1.898276e-08 2449448537 2197427154 1.4e-08 
3156587.0 1 3373526895 1.91768412e-06 1292023300 
3168452.0 3 739080713 1.400001e-08 2707460946 3690557900 1.406806e-08 3824375258 1.406806e-08 
3168470.0 0 2791633391 2.368315e-08 129185354 
3170782.0 1 545239233 1.82496215e-06 2791633391 
3181223.0 0 2235064901 8.920297e-07 821115011 
3188165.0 2 2455922112 1.723508e-08 1072840122 769315986 1.4e-08 
3189510.0 1 545239233 1.838963e-06 238807518 
3189769.0 1 3373526895 1.9380660899999997e-06 821115011 
3195177.0 0 545239233 1.838963e-06 533433650 
3207222.0 1 373638573 1.0000010141684899 4187488967 
3213092.0 0 3373526895 1.938066e-06 2002691604 
3217805.0 0 2235064901 8.920297e-07 845665321 
3223367.0 1 3373526895 1.95246951e-06 785216844 
3231685.0 3 1481166135 6.748192e-08 976558236 1856937876 1.928726e-08 354497373 1.928726e-08 
3233179.0 0 3373526895 1.952469e-06 2197427154 
3237758.0 1 2235064901 9.0646392e-07 2878871175 
3238493.0 1 545239233 1.85380843e-06 1280619132 
3238894.0 3 2197427154 1.4e-08 253656606 1230311851 1.4e-08 
3239713.0 0 3824375258 1.406806e-08 871205577 
3240627.0 1 3373526895 1.9664690000000003e-06 2711965517 
3240904.0 3 481808867 1.422613e-08 3940915008 3825172902 1.4e-08 
3241113.0 1 3373526895 1.980469e-06 1230311851 
3243732.0 3 134948105 1.807788e-08 96665495 110318614 1.482885e-08 
3245832.0 3 1292024166 1.5832119999999998e-08 4278040469 176241382 1.540014e-08 
3254540.0 0 1896745001 1.434529e-08 533433650 
3258309.0 3 1856937876 1.7187029999999997e-08 1621314342 1063934737 1.665538e-08 
3259107.0 1 2235064901 9.20464e-07 3202152185 
3265242.0 2 393090083 1.640996e-08 3006103420 2445084109 1.4e-08 
3269835.0 0 2455922112 1.723507e-08 3783228500 
3274685.0 0 1856937876 1.718703e-08 1063934737 
3274906.0 3 3401497744 2.037626e-08 1803012522 1871304206 1.4e-08 
3275969.0 0 2235064901 9.20464e-07 176241382 
3276533.0 0 739080713 1.4e-08 1503861029 
3279182.0 0 3059144981 1.440351e-08 463844675 
3281008.0 3 1104410542 2.91449e-08 1414892502 4185666246 1.492311e-08 
3286062.0 1 2235064901 9.34464e-07 3884987045 
3294974.0 1 373638573 1.0000010243425 1370908750 
3295154.0 0 199935986 2.791e-08 1499007652 
3296500.0 0 3373526895 1.980469e-06 176241382 
3299345.0 0 545239233 1.853808e-06 3891448235 
3306214.0 0 545239233 1.853808e-06 249938527 
3316910.0 0 3373526895 1.980469e-06 2197427154 
3319866.0 0 1412415798 1.485398e-08 2733144751 
3323450.0 1 3373526895 1.99469513e-06 463844675 
3323923.0 0 1130108289 1.472778e-08 1428265047 
3333791.0 1 545239233 1.86964012e-06 1292024166 
3337565.0 0 176241382 1.540014e-08 2039170765 
3346602.0 1 545239233 1.88767401e-06 2118016430 
3351637.0 0 545239233 1.887674e-06 1227575429 
3365777.0 0 3121047530 2.796223e-08 393090083 
3380104.0 1 545239233 1.901674e-06 3783228500 
3387509.0 3 1037584679 1.399999e-08 1517815290 1905833305 1.489038e-08 3879652638 1.489038e-08 
3389352.0 1 545239233 1.9156740000000003e-06 1674415855 
3390609.0 0 545239233 1.915674e-06 2455922112 
3396088.0 1 2519559028 7.573434899999999e-07 964813250 
3410727.0 2 179097684 5.506523600000001e-07 2751602400 1924091726 1.873157e-08 1629863604 1.873157e-08 
3410741.0 1 179097684 5.693838699999999e-07 1924091726 
3412801.0 3 4267941538 1.434012e-08 871205577 698682927 1.4e-08 
3416011.0 0 179097684 5.693839e-07 1629863604 
3416363.0 0 1856937876 1.718703e-08 3590332688 
3422901.0 1 3373526895 2.0104253299999996e-06 845665321 
3423833.0 1 179097684 5.8811547e-07 1629863604 
3426119.0 3 3381587904 1.549699e-08 1871304206 855708858 1.4e-08 
3427825.0 1 3373526895 2.0244260000000003e-06 2197427154 
3440516.0 0 2235064901 9.34464e-07 755060644 
3441028.0 1 2235064901 9.48464e-07 698682927 
3460677.0 1 179097684 6.021154e-07 2418772576 
3461658.0 0 3030801476 1.74325e-08 3833074883 
3461727.0 2 545239233 1.9156740599999992e-06 2235064901 3076001680 3.207023e-07 1493833725 1.426731e-08 1450024594 1.426731e-08 1797275806 1.426731e-08 3378187523 1.426731e-08 564959126 1.426731e-08 3356410364 1.426731e-08 2620273024 1.426731e-08 4177016268 1.426731e-08 2480753293 1.426731e-08 3251328182 1.426731e-08 3584287056 1.426731e-08 1661868134 1.426731e-08 3822766993 1.426731e-08 3730019172 1.426731e-08 2217687738 1.426731e-08 2328187860 1.426731e-08 3408999490 1.426731e-08 3438744891 1.426731e-08 1501621654 1.426731e-08 2695808785 1.426731e-08 399492375 1.426731e-08 213831427 1.426731e-08 2714424842 1.426731e-08 2282291379 1.426731e-08 2654714783 1.426731e-08 2993076447 1.426731e-08 2171266278 1.426731e-08 771038762 1.426731e-08 2768208421 1.426731e-08 3297235373 1.426731e-08 776688125 1.426731e-08 3663377129 1.426731e-08 898071713 1.426731e-08 220748477 1.426731e-08 2470646831 1.426731e-08 1965972368 1.426731e-08 1426981231 1.426731e-08 1535034065 1.426731e-08 1483909303 1.426731e-08 846691466 1.426731e-08 3623563876 1.426731e-08 3872525629 1.426731e-08 3827929005 1.426731e-08 63319263 1.426731e-08 
3461727.0 1 3076001680 3.3496961e-07 1493833725 
3461727.0 1 3076001680 3.4923691000000004e-07 63319263 
3461727.0 1 3076001680 3.6350421e-07 1450024594 
3461727.0 1 3076001680 3.7777151e-07 3827929005 
3461727.0 1 3076001680 3.9203891e-07 1797275806 
3461727.0 1 3076001680 4.0630621e-07 3872525629 
3461792.0 1 545239233 2.3219801999999997e-06 3076001680 
3461954.0 0 545239233 2.32198e-06 1965972368 
3462181.0 1 545239233 2.3362473099999996e-06 1483909303 
3462858.0 1 545239233 2.3505153099999996e-06 1661868134 
3463351.0 1 545239233 2.3647823099999998e-06 3356410364 
3463915.0 1 3373526895 2.038426e-06 2039170765 
3466574.0 0 771038762 1.426731e-08 213831427 
3467016.0 0 3217169414 1.74325e-08 2768208421 
3467136.0 1 545239233 2.37904931e-06 3408999490 
3467170.0 0 545239233 2.37905e-06 2993076447 
3469783.0 0 776688125 1.426731e-08 2328187860 
3472022.0 1 545239233 2.39331731e-06 2171266278 
3472646.0 1 545239233 2.4076571199999997e-06 4267941538 
3473038.0 1 545239233 2.42192431e-06 220748477 
3478121.0 1 545239233 2.4361913099999997e-06 1501621654 
3479643.0 1 545239233 2.4504593099999997e-06 213831427 
3480797.0 1 545239233 2.46472631e-06 3438744891 
3481899.0 1 545239233 2.47899331e-06 399492375 
3486793.0 0 545239233 2.478994e-06 2993076447 
3488232.0 1 545239233 2.49326131e-06 3663377129 
3492392.0 0 2746930994 1.421406e-08 2445084109 
3492567.0 1 545239233 2.5075283099999997e-06 2217687738 
3493641.0 3 769315986 1.4e-08 3357643131 3607398139 1.4e-08 
3499703.0 1 545239233 2.5215280000000003e-06 843598278 
3499871.0 0 545239233 2.521528e-06 776688125 
3501053.0 1 545239233 2.5357953099999996e-06 846691466 
3501222.0 0 481049431 1.478127e-08 3294683754 
3515300.0 1 545239233 2.55006231e-06 2993076447 
3515987.0 1 545239233 2.5643303099999998e-06 771038762 
3518305.0 2 2879167783 2.981464e-08 1676003954 2574253871 1.4e-08 3830801972 1.467561e-08 
3519592.0 1 545239233 2.57859731e-06 1426981231 
3520146.0 0 1222799196 1.177626e-06 3297235373 
3520613.0 1 545239233 2.5960295e-06 3030801476 
3521374.0 0 2879167783 2.981464e-08 2574253871 
3524813.0 0 545239233 2.59603e-06 3730019172 
3525710.0 1 545239233 2.61029731e-06 3730019172 
3527680.0 1 545239233 2.6245643099999997e-06 1965972368 
3529619.0 3 2879167783 2.4902019999999997e-08 176241382 3673394291 2.031276e-08 
3532829.0 1 545239233 2.63883131e-06 2480753293 
3533489.0 1 545239233 2.65309931e-06 2654714783 
3536557.0 0 545239233 2.653099e-06 3378187523 
3538130.0 2 2489195127 2.296333e-08 2002691604 2748669076 1.4e-08 
3545354.0 3 579073438 1.3999999999999996e-08 1239307652 1220275327 1.998079e-08 4188119649 1.998079e-08 
3548039.0 1 545239233 2.6673663099999996e-06 3584287056 
3557304.0 1 545239233 2.68163331e-06 776688125 
3562153.0 1 545239233 2.695634e-06 1657444763 
3562947.0 0 1222799196 1.177626e-06 769315986 
3567259.0 1 3373526895 2.0633280200000002e-06 2879167783 
3569223.0 0 545239233 2.695634e-06 2620273024 
3570020.0 0 3121047530 2.796223e-08 2714424842 
3574726.0 0 3673394291 2.031276e-08 2282291379 
3577483.0 3 199935986 2.2121869999999996e-08 2620273024 1275089537 2.005544e-08 
3579371.0 1 373638573 1.00000101472778 3485819286 
3588019.0 0 2574253871 1.4e-08 4263904522 
3595906.0 0 110318614 1.482885e-08 3814978291 
3599659.0 0 879162223 1.472778e-08 101557930 
3604406.0 1 3778036871 3.491e-08 739080713 
3604572.0 3 3673394291 1.971522e-08 3623563876 3700209637 1.486485e-08 
3609752.0 0 2898323513 1.440351e-08 2470646831 
3614222.0 1 545239233 2.7128210300000004e-06 1856937876 
3625536.0 2 3653734512 1.602896e-08 3294683754 3320450569 1.4e-08 
3635431.0 0 2714424842 1.426731e-08 2695808785 
3635653.0 1 545239233 2.7419659e-06 1104410542 
3646349.0 0 2282291379 1.426731e-08 2328187860 
3651025.0 1 1222799196 1.212536e-06 3778036871 
3663246.0 0 545239233 2.741966e-06 2455922112 
3665052.0 1 1222799196 1.240446e-06 1541946641 
3667583.0 1 3373526895 2.08304323e-06 3673394291 
3682780.0 1 3373526895 2.09788843e-06 3467386575 
3695093.0 2 300193622 2.4553299999999998e-08 1412415798 4148810631 1.4e-08 
3703512.0 0 3251328182 1.426731e-08 564959126 
3715937.0 1 545239233 2.75623331e-06 2714424842 
3717359.0 3 110439229 1.4e-08 579073438 1268185054 1.4e-08 
3745943.0 0 3373526895 2.097888e-06 3378187523 
3746642.0 0 1222799196 1.240446e-06 2343849308 
3751350.0 0 1481166135 6.748191e-08 2733144751 
3751541.0 3 2159618959 1.883279e-08 1268185054 2900628886 1.4e-08 
3753956.0 0 179097684 6.021154e-07 2343849308 
3753956.0 1 373638573 1.0000010153786099 2343849308 
3761876.0 0 3121047530 2.796223e-08 2900628886 
3762249.0 3 3083717413 1.657422e-08 855708858 3866772787 1.4e-08 
3763261.0 3 3378187523 1.426731e-08 3607398139 2056593038 1.4e-08 
3791570.0 1 1481166135 8.174922e-08 2282291379 
3797178.0 0 4167430602 1.434529e-08 4156410056 
3803720.0 1 545239233 2.770233e-06 2574253871 
3813651.0 1 545239233 2.7842330000000002e-06 2056593038 
3820545.0 0 3653734512 1.602896e-08 3825172902 
3827505.0 0 1089013536 1.455515e-08 355298688 
3838874.0 3 2159618959 1.809247e-08 4177016268 1140472632 1.500763e-08 
3843498.0 1 3373526895 2.11256361e-06 3830801972 
3856643.0 0 545239233 2.784233e-06 898071713 
3865366.0 1 545239233 2.798233e-06 2900628886 
3877577.0 0 393090083 1.640996e-08 249728555 
3893869.0 0 545239233 2.798233e-06 2695808785 
3912594.0 3 481808867 1.422613e-08 3825172902 2774448923 1.4e-08 
3916620.0 2 3700209637 1.559263e-08 2914302410 975973597 1.4e-08 
3921551.0 1 1222799196 1.268356e-06 2870158420 
3922690.0 3 3414514926 2.131351e-08 129185354 933412597 1.4e-08 
3929202.0 3 1840937626 1.4e-08 1533953788 927207199 1.4e-08 
3936873.0 1 545239233 2.81324063e-06 1140472632 
3939301.0 1 373638573 1.00000101434529 2597880038 
3940185.0 1 545239233 2.8272410000000003e-06 3866772787 
3946263.0 0 3532745758 1.440351e-08 2695808785 
3959657.0 1 3373526895 2.1291382200000002e-06 3083717413 
3964756.0 3 3732071459 1.4e-08 3653734512 2231250662 1.496948e-08 3085765731 1.496948e-08 
3971494.0 2 3401497744 2.0643569999999998e-08 2695808785 1403954297 1.4e-08 
3978056.0 1 3373526895 2.143138e-06 975973597 
3996927.0 0 545239233 2.827241e-06 3378187523 
4006725.0 0 3373526895 2.143138e-06 2159618959 
4017697.0 0 545239233 2.827241e-06 3700209637 
4022563.0 1 3373526895 2.15754151e-06 2898323513 
4035805.0 2 3879652638 1.544553e-08 1089013536 102828162 1.4e-08 
4049373.0 0 1220275327 1.998079e-08 2328187860 
4081668.0 3 564959126 1.426731e-08 101557930 3962269793 1.4e-08 
4085124.0 3 175860597 1.44803e-08 2716949832 604674024 1.414291e-08 
4093915.0 0 3401497744 2.064357e-08 4263904522 
4105780.0 1 373638573 1.00000102017421 3774459889 
4108617.0 0 1481166135 8.174922e-08 393090083 
4109816.0 1 3373526895 2.17563448e-06 2159618959 
4110672.0 1 354497373 3.411611e-08 110318614 
4135257.0 1 3373526895 2.1896340000000003e-06 4263904522 
4139966.0 0 476505668 2.566091e-07 1237914369 
4142953.0 1 545239233 2.8428336199999997e-06 3700209637 
4145944.0 1 373638573 1.00000101489038 1905833305 
4145960.0 0 3251328182 1.426731e-08 3814978291 
4152995.0 0 545239233 2.842833e-06 3251328182 
4162690.0 1 545239233 2.856833e-06 249938527 
4182738.0 1 3373526895 2.2039013099999997e-06 898071713 
4203330.0 0 4185666246 1.492311e-08 2768208421 
4211397.0 0 481049431 1.478127e-08 1503861029 
4222088.0 1 3373526895 2.22686534e-06 2489195127 
4240978.0 0 3373526895 2.226865e-06 110439229 
4259552.0 0 354497373 3.411612e-08 879162223 
4274055.0 0 545239233 2.856833e-06 110439229 
4275719.0 1 545239233 2.8732429600000003e-06 393090083 
4292328.0 0 476505668 2.566091e-07 3321237907 
4295178.0 1 545239233 2.88751031e-06 3297235373 
4295768.0 2 4069401935 2.135543e-08 4193709834 4175762635 1.4e-08 
4296150.0 1 545239233 2.90177731e-06 564959126 
4298266.0 1 1222799196 1.282356e-06 2445084109 
4308576.0 1 1222799196 1.30299957e-06 3401497744 
4321542.0 0 545239233 2.901778e-06 2622395779 
4322258.0 1 545239233 2.9157780000000003e-06 2622395779 
4327082.0 1 545239233 2.93012329e-06 1896745001 
4333720.0 1 545239233 2.9441230000000003e-06 3320450569 
4346875.0 0 3373526895 2.226865e-06 3891448235 
4349711.0 1 1222799196 1.31726731e-06 1535034065 
4350855.0 1 545239233 2.958123e-06 927207199 
4375884.0 0 3113062634 1.548489e-08 1503861029 
4376785.0 0 179097684 6.021154e-07 2326007700 
4378900.0 1 1222799196 1.3326313e-06 1254429415 
4388000.0 1 545239233 2.9721230000000003e-06 1840937626 
4399669.0 1 1222799196 1.3467365e-06 355298688 
4408587.0 1 1222799196 1.36108129e-06 907719639 
4424722.0 1 1222799196 1.3760504800000002e-06 2231250662 
4434431.0 1 1222799196 1.39060615e-06 3833074883 
4436343.0 1 1222799196 1.41066144e-06 1275089537 
4446643.0 0 3180086772 1.455515e-08 3378187523 
4465024.0 1 373638573 1.00000101876496 847040419 
4513530.0 0 3373526895 2.226865e-06 3879652638 
4525441.0 0 545239233 2.972123e-06 481049431 
4528743.0 2 3085765731 1.544978e-08 175860597 3421068049 1.4e-08 
4531045.0 0 3223248356 1.4e-08 3814978291 
4532496.0 1 3085765731 2.944978e-08 3421068049 
4535793.0 0 3373526895 2.226865e-06 2455922112 
4566652.0 1 545239233 2.98877838e-06 1063934737 
4570932.0 0 1222799196 1.410661e-06 584993009 
4579877.0 0 879162223 1.472778e-08 933412597 
4580332.0 0 1481166135 8.174922e-08 3822766993 
4664837.0 0 2768208421 1.426731e-08 4175762635 
4679783.0 1 373638573 1.0000010199807898 4188119649 
4683411.0 0 3378187523 1.426731e-08 3824375258 
4698648.0 1 1222799196 1.42480391e-06 604674024 
4714844.0 0 3373526895 2.226865e-06 2455922112 
4716759.0 1 3373526895 2.24410007e-06 2455922112 
4719487.0 1 3373526895 2.2581e-06 1403954297 
4723587.0 0 1499007652 2.145384e-08 3381587904 
4753993.0 3 3012070026 2.791e-08 933412597 4106915849 1.4e-08 
4756098.0 0 545239233 2.988778e-06 3381587904 
4786870.0 3 476505668 2.3530419e-07 3121047530 3953247145 1.642238e-08 977281884 1.642238e-08 335748715 1.642238e-08 
4791753.0 1 1222799196 1.438804e-06 3590332688 
4801093.0 0 545239233 2.988778e-06 755060644 
4813188.0 1 373638573 1.00000101548489 3113062634 
4814056.0 3 1481166135 3.7372370000000004e-08 3381587904 3863839146 1.496846e-08 2025893757 1.496846e-08 1090143039 1.496846e-08 4013164456 1.496846e-08 
4826365.0 1 545239233 3.002778e-06 3814978291 
4852568.0 0 3012070026 2.791e-08 1220275327 
4881862.0 1 545239233 3.01755927e-06 481049431 
4909057.0 1 3373526895 2.2721000000000002e-06 110439229 
4947170.0 1 373638573 1.0000010174325 3217169414 
4968976.0 1 545239233 3.0516761199999997e-06 354497373 
5009961.0 2 4013164456 1.569624e-08 1149406307 253060996 1.4e-08 
5014984.0 1 545239233 3.06594331e-06 3822766993 
5023889.0 1 545239233 3.079943e-06 678688578 
5047799.0 1 1222799196 1.45334274e-06 2378434411 
5058028.0 1 545239233 3.11731536e-06 1481166135 
5114538.0 1 545239233 3.131316e-06 2748669076 
5114711.0 1 545239233 3.145316e-06 253060996 
5115408.0 1 545239233 3.1593840600000004e-06 3824375258 
5134702.0 2 2025893757 1.503652e-08 3690557900 3578947201 1.4e-08 
5138487.0 0 2768208421 1.426731e-08 2774448923 
5154125.0 1 545239233 3.17393915e-06 2475979558 
5167136.0 0 3414514926 2.131351e-08 1090143039 
5231985.0 1 2519559028 7.713435e-07 570164134 
5264851.0 1 545239233 3.1952944299999996e-06 4069401935 
5321392.0 1 545239233 3.209294e-06 4156410056 
5393238.0 1 1222799196 1.46976538e-06 977281884 
5461934.0 3 102828162 1.4e-08 3732071459 571790981 1.4e-08 
5471364.0 1 1068020906 0.00095459365515 1831065885 
5512419.0 1 545239233 3.2232940000000004e-06 102828162 
5522600.0 1 3373526895 2.2863673099999996e-06 2768208421 
5538588.0 1 3373526895 2.300367e-06 2774448923 
5540348.0 1 545239233 3.237294e-06 3578947201 
5601550.0 0 199935986 2.212187e-08 2441325815 
5625745.0 1 545239233 3.25152013e-06 754560055 
5641317.0 0 545239233 3.25152e-06 4013164456 
5654487.0 1 545239233 3.26552e-06 4175762635 
5676725.0 1 545239233 3.28359787e-06 134948105 
5687224.0 2 755060644 2.0428280000000003e-08 3879652638 517786421 1.4e-08 
5707196.0 3 3223248356 1.4e-08 1503861029 2308303797 1.4e-08 
5746127.0 1 545239233 3.29856646e-06 3863839146 
5749536.0 1 3373526895 2.3143670000000004e-06 517786421 
5777424.0 3 921818415 1.438199e-08 2308303797 2256454524 1.4e-08 
5800793.0 1 545239233 3.3125670000000004e-06 2256454524 
5825176.0 2 755060644 2.0695589999999997e-08 2328187860 2316491956 1.4e-08 
5856304.0 0 2875471576 2.330495e-08 3414514926 
5975419.0 0 1222799196 1.469765e-06 2316491956 
5998052.0 1 3373526895 2.342277e-06 3012070026 
6143331.0 1 3373526895 2.356277e-06 571790981 
6145301.0 1 373638573 1.00000101431889 2919535035 
6192465.0 0 476505668 2.353042e-07 3532745758 
6262839.0 1 545239233 3.32701926e-06 3607413901 
6266308.0 0 3373526895 2.356277e-06 3251328182 
6290275.0 1 1222799196 1.49306995e-06 2875471576 
6305890.0 0 179097684 6.021154e-07 4148810631 
6311435.0 1 2519559028 7.853435e-07 3223248356 
6318137.0 2 545239233 3.327019e-06 3085765731 921835634 1.4e-08 2606270759 1.544978e-08 
6336112.0 1 545239233 3.34246878e-06 2606270759 
6341555.0 0 179097684 6.021154e-07 4148810631 
6361088.0 2 199935986 2.229036e-08 3697249003 4081327903 1.4e-08 
6435086.0 3 3891448235 1.4000009999999996e-08 356405251 4108567391 1.838286e-08 4281208133 1.838286e-08 
6453765.0 1 545239233 3.3567363099999998e-06 3251328182 
6477425.0 2 1220275327 2.0248100000000002e-08 2470646831 1179141501 1.4e-08 
6481139.0 0 545239233 3.356736e-06 3321237907 
6516719.0 1 545239233 3.37165911e-06 4185666246 
6554434.0 1 545239233 3.3995690000000002e-06 1227575429 
6576814.0 0 1222799196 1.49307e-06 1220275327 
6592058.0 1 373638573 1.00000101472778 1130108289 
6597582.0 1 545239233 3.413569e-06 769315986 
6610508.0 2 3981989558 1.522742e-08 921818415 3325553423 1.4e-08 
6643982.0 1 373638573 1.0000010144035099 3532745758 
6687744.0 1 179097684 6.161154e-07 4148810631 
6736412.0 1 373638573 1.00000102791 3933289935 
6789392.0 1 2519559028 8.0057092e-07 3981989558 
6850309.0 1 545239233 3.4275690000000002e-06 2316491956 
6895086.0 1 545239233 3.4421241499999998e-06 3180086772 
6909973.0 0 2519559028 8.005709e-07 1649557018 
6944739.0 1 373638573 1.00000101415675 2454553876 
6982850.0 1 545239233 3.46441437e-06 199935986 
6985392.0 0 3373526895 2.356277e-06 755060644 
7100052.0 0 1222799196 1.49307e-06 879162223 
7137635.0 1 373638573 1.00000101406806 552634658 
7270244.0 1 545239233 3.4784150000000002e-06 921835634 
7275344.0 1 545239233 3.4925194999999996e-06 584993009 
7352086.0 1 373638573 1.00000101422613 249728555 
7513969.0 1 373638573 1.0000010174325 2135013218 
7564202.0 1 545239233 3.506519e-06 3962269793 
7570751.0 1 373638573 1.000001014 1037584679 
7572329.0 1 373638573 1.00000101472778 4004407106 
7584666.0 1 545239233 3.5205190000000003e-06 1179141501 
7611119.0 1 373638573 1.00000102796223 2326007700 
7786341.0 1 1222799196 1.51438351e-06 3414514926 
7865323.0 1 3373526895 2.37488367e-06 2441325815 
7958148.0 1 1222799196 1.528384e-06 3325553423 
8018464.0 1 545239233 3.534519e-06 66987975 
8209079.0 1 3373526895 2.3994373e-06 300193622 
8209623.0 0 1222799196 1.528384e-06 3167902617 
8579929.0 0 3373526895 2.399437e-06 755060644 
8598255.0 0 545239233 3.534519e-06 3953247145 
8789002.0 0 3373526895 2.399437e-06 755060644 
8796846.0 0 3373526895 2.399437e-06 755060644 
8924657.0 3 179097684 6.1264934e-07 755060644 4124564224 2.416165e-08 
8941183.0 1 3373526895 2.42359865e-06 4124564224 
8948818.0 1 373638573 1.000001014 4081327903 
9191564.0 1 545239233 3.54874513e-06 481808867 
9224690.0 0 179097684 6.126494e-07 3167902617 
9407810.0 1 373638573 1.0000010183828598 4108567391 
9465589.0 0 2519559028 8.005709e-07 3176785673 
9736438.0 2 2025893757 1.526266e-08 3167902617 1852572783 1.4e-08 
9790634.0 0 3373526895 2.423599e-06 2025893757 
9891478.0 1 3373526895 2.4388616600000003e-06 2025893757 
