115.705 1 1075699702 3.0701e-07 1986278615 
362.11 1 1572835533 3.0701e-07 197654791 
451.6098 1 3004792470 3.0701e-07 739080713 
1592.131 1 1572835533 3.3492e-07 343742982 
1612.677 1 3114612365 5.582e-08 3121047530 
1941.428 1 2340740170 3.0701e-07 314650893 
1979.504 1 1327969783 5.582e-08 598947138 
1985.692 1 4031050948 3.0701e-07 3833318790 
2132.481 1 2799798816 3.0701e-07 659524895 
2198.37 1 3373526895 3.0701e-07 486050091 
2318.848 1 3373526895 3.3492e-07 1631081845 
2417.704 1 3326748277 5.582e-08 287801793 
3162.691 1 2984600922 3.0701e-07 4061687915 
3873.255 1 1222799196 3.0701e-07 949068759 
3919.783 1 1465560917 3.0701e-07 259930472 
4517.905 1 2038493855 5.582e-08 2393342300 
4776.144 1 1593891639 5.582e-08 2542835646 
7203.216 1 2235064901 3.0701e-07 1379399837 
7324.01 0 3084497907 2.791e-08 778035964 
7987.222 1 2246051850 3.0701e-07 3498415124 
10107.35 1 2246051850 3.3492e-07 688805295 
10236.33 0 725558489 2.791e-08 2859795595 
10945.58 1 858320168 5.582e-08 331336395 
11222.13 1 1068020906 0.0009543279100000001 501991070 
11506.23 1 4031050948 3.3492e-07 3838279446 
12798.73 1 2984600922 3.3492e-07 2906924538 
13206.39 1 4259593397 3.0701e-07 810769555 
14138.8 1 2799798816 3.3492e-07 2466232951 
14962.07 1 4259593397 3.3492e-07 2250879299 
17016.04 1 3534547045 3.0701e-07 925199572 
19189.55 0 858320168 5.582e-08 778035964 
20801.37 1 3841896594 5.582e-08 3800234335 
20969.48 1 2799798816 3.6283e-07 1458432161 
22911.14 1 1572835533 3.6283e-07 1444500749 
23084.48 1 3921011129 3.0701e-07 387772665 
25022.9 0 2409063466 2.791e-08 245436729 
25800.59 0 3421887303 2.791e-08 3938221642 
26481.99 1 769686034 5.582e-08 251961497 
26962.45 1 3373526895 3.6283e-07 3421887303 
28186.79 1 2038493855 8.373e-08 1731090175 
30195.07 0 6723929 2.791e-08 2932274237 
31504.68 0 1735432893 2.791e-08 3938221642 
36436.47 1 179097684 3.0701e-07 1206764858 
36439.45 0 2235064901 3.0701e-07 1493201942 
41098.2 1 2799798816 3.9073999999999996e-07 2046083849 
41601.93 1 3921011129 3.3492e-07 3116505811 
42603.27 1 1465560917 3.3492e-07 1541946641 
45245.34 1 3061883439 5.582e-08 1738899943 
45378.42 0 3326748277 5.582e-08 3232700421 
45676.36 1 3534547045 3.3492e-07 2455496064 
46071.74 1 1465560917 3.6283e-07 1790255658 
46396.69 1 3373526895 4.1864999999999995e-07 3841896594 
46863.41 1 1465560917 3.9073999999999996e-07 2693713428 
47607.65 1 2246051850 3.6283e-07 941534069 
51242.84 1 3373526895 4.4656e-07 632754209 
52973.96 0 1661091397 2.791e-08 582973675 
54414.0 0 476505668 2.791e-07 300193622 
55305.47 0 2937387076 2.791e-08 2718413753 
57733.51 1 333964007 5.582e-08 102901530 
60025.86 0 2779686750 2.791e-08 3616865126 
61327.21 1 3004792470 3.3492e-07 838860310 
63289.55 0 3737780296 2.791e-07 4188445920 
63384.9 2 1661091397 3.619739e-08 2349140130 3687573659 1.962261e-08 
66379.59 1 3150846686 3.0701e-07 561528368 
68001.87 0 905418128 2.791e-08 257754683 
68089.78 1 1222799196 3.3492e-07 3129006749 
70332.24 0 3921011129 3.3492e-07 3938221642 
70743.93 1 3534547045 3.6283e-07 1735432893 
70866.46 1 3749853089 4.753261e-08 3687573659 
79152.44 0 2235064901 3.0701e-07 3616865126 
86509.52 0 2737363250 2.791e-08 3938221642 
88020.13 0 3534547045 3.6283e-07 582973675 
89172.48 2 3373526895 4.4656e-07 3061883439 3196256300 1.4e-08 848448836 2.091e-08 2211003714 2.091e-08 
89936.48 0 2340740170 3.0701e-07 6723929 
92723.94 1 3373526895 4.6747e-07 2211003714 
95025.95 2 3150846686 3.0701006000000005e-07 545239233 2916276788 4.190394e-08 3696193412 1.482475e-08 15308464 1.482475e-08 1239307652 1.482475e-08 1945448119 1.482475e-08 3396227953 1.482475e-08 3321237907 1.482475e-08 3187199216 1.482475e-08 3330100144 1.482475e-08 310481256 1.482475e-08 817087088 1.482475e-08 551137729 1.482475e-08 1218250404 1.482475e-08 1035956119 1.482475e-08 1211996162 1.482475e-08 188552836 1.482475e-08 2029773149 1.482475e-08 
95026.48 1 2916276788 5.6728690000000005e-08 3696193412 
96109.75 0 4263717482 2.791e-08 3938221642 
100660.4 0 1572835533 3.6283e-07 2870037616 
103565.4 0 2406269022 2.791e-08 4252347608 
103610.4 0 3150846686 3.0701e-07 1516068388 
104107.6 1 3373526895 4.8147e-07 3196256300 
107270.9 0 3373526895 4.8147e-07 3084497907 
108300.8 0 3534547045 3.6283e-07 1134175585 
109535.2 0 426576124 2.791e-07 1415695418 
110441.8 0 1593891639 5.582e-08 3775452048 
111057.3 1 2246051850 3.9073999999999996e-07 953296898 
116178.7 1 1327969783 8.373e-08 4046076794 
118066.5 0 2178051842 2.791e-08 1239307652 
118709.1 0 3084497907 2.791e-08 1134175585 
121083.2 0 1075699702 3.0701e-07 4122240121 
121256.1 0 1321648343 2.791e-08 4231632140 
124128.8 1 1068020906 0.0009543558100000001 2681375347 
131339.4 1 1075699702 3.3492e-07 3933289935 
144782.6 0 2178051842 2.791e-08 551137729 
144830.3 0 3373526895 4.8147e-07 3126241903 
145515.0 1 3373526895 5.3729e-07 858320168 
146708.9 1 4031050948 3.6283e-07 2856850640 
152989.9 0 1516068388 2.791e-08 1218250404 
153820.3 0 310481256 1.482475e-08 15308464 
154348.7 1 1068020906 0.00095438371 1768543625 
155626.2 0 778035964 2.791e-08 3126241903 
160223.9 0 870323177 2.791e-08 3621383820 
161705.1 0 2859795595 2.791e-08 2528553283 
165424.9 0 3373526895 5.3729e-07 848448836 
165523.3 2 2246051850 3.9074e-07 3114612365 302486611 1.4e-08 1842102965 2.091e-08 1285693762 2.091e-08 
170955.9 1 188552836 2.96495e-08 1211996162 
177869.1 0 725558489 2.791e-08 3084497907 
178363.9 0 2308721517 2.791e-08 2835620284 
185205.5 0 2340740170 3.0701e-07 1123501568 
185238.5 1 2235064901 3.3492e-07 2528553283 
195465.6 1 3534547045 3.9073999999999996e-07 3084497907 
198021.8 0 3071234124 2.791e-08 2029773149 
199025.3 0 2246051850 3.9074e-07 717226258 
199185.7 1 3150846686 3.2183475e-07 1239307652 
199915.9 1 179097684 3.3492e-07 4252347608 
206451.6 1 1068020906 0.00095441161 2757833455 
207461.2 2 2038493855 8.373001e-08 3749853089 1078741991 1.4e-08 2723643411 1.67663e-08 1804212609 1.67663e-08 
214833.6 0 1493201942 2.791e-08 2779686750 
215361.5 1 3921011129 3.6283e-07 3938221642 
216680.3 1 3150846686 3.497448e-07 3150420704 
223429.7 0 3424908067 2.791e-08 2406269022 
224664.6 0 2916276788 5.67287e-08 15308464 
225222.9 1 1403705120 3.0701e-07 90391199 
229229.2 0 3921011129 3.6283e-07 2737363250 
232315.7 1 2235064901 3.4974475e-07 3396227953 
232323.1 1 3373526895 5.652e-07 3889879026 
233068.9 0 2235064901 3.497448e-07 870323177 
234805.2 0 1593891639 5.582e-08 1285693762 
237791.5 0 3197676583 2.791e-08 2487301543 
243567.1 0 1593891639 5.582e-08 2409063466 
244136.0 1 2246051850 4.0556475e-07 1218250404 
248553.9 1 2246051850 4.3347479999999997e-07 1481166135 
251536.2 1 426576124 3.0701e-07 164438789 
254059.3 0 2835620284 2.791e-08 3908154577 
272120.0 1 2340740170 3.3492e-07 6723929 
275425.8 3 3424908067 1.4e-08 1804212609 438292632 1.533815e-08 2001290253 1.533815e-08 
278542.7 0 3150846686 3.497448e-07 1516068388 
281433.1 0 2737363250 2.791e-08 848448836 
283380.0 1 3800257563 3.0701e-07 3519923770 
288119.1 1 2235064901 3.776548e-07 870323177 
293437.9 3 3747246174 1.399999e-08 2001290253 3147695692 1.462408e-08 3179285865 1.462408e-08 
298469.7 0 3326748277 5.582e-08 2190522392 
299541.9 0 3428193420 2.791e-08 3241671100 
299714.9 1 3373526895 5.9311e-07 2859795595 
313169.8 1 2340740170 3.6283e-07 1425083048 
315055.9 1 725558489 5.582e-08 3257166052 
325360.7 1 1068020906 0.0009544395100000001 3392858646 
330369.4 2 905418128 2.90464e-08 778035964 2173231515 2.67736e-08 
334209.2 0 1222799196 3.3492e-07 1285693762 
353263.2 0 3179285865 1.462408e-08 3747246174 
355012.4 3 2487301543 1.4e-08 3732071459 740082705 2.091e-08 2795063678 2.091e-08 
356731.2 3 1516068388 1.976148e-08 2835620284 3642829293 1.802926e-08 2707128518 1.802926e-08 
360250.1 1 40245973 4.273475e-08 3187199216 
361210.7 3 3373526895 5.931099e-07 3534547045 474866315 1.452686e-08 1639799867 1.446974e-08 1026028388 1.446974e-08 1128056158 1.446974e-08 2909632847 1.446974e-08 937177227 1.446974e-08 3393811039 1.446974e-08 611212867 1.446974e-08 1104410542 1.446974e-08 2328232000 1.446974e-08 2999719241 1.446974e-08 1931993247 1.446974e-08 1494850122 1.446974e-08 3414514926 1.446974e-08 2312786130 1.446974e-08 3537925318 1.446974e-08 1634407402 1.446974e-08 3869596591 1.446974e-08 3375523036 1.446974e-08 772925454 1.446974e-08 2215785330 1.446974e-08 3491092596 1.446974e-08 57770090 1.446974e-08 3071577057 1.446974e-08 1452489764 1.446974e-08 4260098875 1.446974e-08 3696843781 1.446974e-08 
361228.2 1 3373526895 6.0757974e-07 3414514926 
361923.3 1 3373526895 6.220494399999999e-07 1026028388 
362035.8 0 3373526895 6.220495e-07 2215785330 
363866.9 1 3373526895 6.3651924e-07 611212867 
364042.1 0 772925454 1.446974e-08 3537925318 
364265.1 0 3373526895 6.365192e-07 1452489764 
367422.8 1 57770090 2.893948e-08 1639799867 
369481.3 1 3373526895 6.5104606e-07 474866315 
370575.8 0 3373526895 6.510461e-07 3537925318 
370839.3 1 3696843781 2.893948e-08 1452489764 
372950.8 1 2340740170 3.7765474999999997e-07 551137729 
373539.4 0 3373526895 6.510461e-07 3071577057 
377502.7 1 3179285865 2.8624079999999998e-08 3747246174 
378458.6 1 3373526895 6.6551584e-07 3869596591 
381083.7 0 2205180068 2.791e-08 2451350669 
385510.9 1 1068020906 0.00095446751 1586980658 
385556.0 1 3373526895 6.799855399999999e-07 1128056158 
387177.9 1 3373526895 6.944552399999999e-07 3375523036 
387510.6 1 1593891639 8.373e-08 245436729 
387890.9 0 257754683 2.791e-08 3919821980 
388961.2 1 3921011129 3.9073999999999996e-07 780264402 
389032.7 1 1572835533 3.9073999999999996e-07 3241671100 
389112.7 1 3373526895 7.0892504e-07 937177227 
389557.9 1 3373526895 7.233947399999999e-07 2999719241 
391539.7 1 3373526895 7.523341699999999e-07 3696843781 
392722.1 0 3908154577 2.791e-08 1945448119 
392908.7 1 1068020906 0.0009544954100000001 843517319 
407706.9 0 3179285865 2.862408e-08 438292632 
415416.4 1 3373526895 7.668039399999999e-07 1931993247 
416509.5 0 1572835533 3.9074e-07 511603307 
416667.2 2 257754683 3.668554e-08 1134175585 2138100036 1.913446e-08 
417716.7 0 1584276479 2.791e-08 3071577057 
418555.0 1 3373526895 7.9574347e-07 57770090 
443242.0 1 1572835533 4.1865e-07 770580294 
448411.8 0 3373526895 7.957434e-07 3126241903 
451998.0 1 3373526895 8.236534e-07 4263717482 
454689.1 0 3150846686 3.497448e-07 3232700421 
456893.8 0 4231632140 2.791e-08 1494141940 
459077.2 1 3150846686 3.6456955e-07 1945448119 
459975.2 1 3373526895 8.381231399999999e-07 3491092596 
471595.4 0 4260098875 1.446974e-08 1104410542 
479493.5 0 3555679070 2.791e-08 1123501568 
480210.7 1 3373526895 8.525929399999999e-07 3071577057 
493612.8 0 4231632140 2.791e-08 1035956119 
501548.6 0 3357643131 2.791e-08 3919821980 
504443.1 1 3126241903 4.2379739999999996e-08 3537925318 
508252.1 3 2870037616 2.603088e-08 1516068388 1726701215 2.164061e-08 
510349.4 0 2246051850 4.334748e-07 2707128518 
510799.8 0 3616865126 2.791e-08 1494141940 
511855.7 2 1593891639 8.373e-08 3326748277 1412415798 1.4e-08 375852842 2.091e-08 3593732192 2.091e-08 
512934.3 3 2737363250 1.4e-08 3621383820 3888264012 2.091e-08 313359544 2.091e-08 
514621.3 0 1572835533 4.1865e-07 3490627259 
516175.7 1 1572835533 4.4656e-07 2480932170 
527467.3 1 426576124 3.3492e-07 3012070026 
528490.6 0 2215785330 1.446974e-08 1104410542 
532796.0 3 2723643411 1.67663e-08 1078741991 217284033 1.4e-08 
537137.5 1 2246051850 4.474748e-07 1412415798 
537996.6 0 3373526895 8.525929e-07 582973675 
544895.9 1 1465560917 4.1865e-07 3774459889 
547133.1 2 2038493855 8.856811e-08 1661091397 2151269300 1.567964e-08 3913511150 1.567964e-08 
560195.3 3 1494141940 1.3999990000000001e-08 310481256 2962530363 1.436738e-08 2063946235 1.436738e-08 
563463.7 0 3373526895 8.525929e-07 1634407402 
572934.5 1 3150846686 3.913431e-07 2173231515 
579997.0 2 4260098875 1.493948e-08 1634407402 1172086036 1.4e-08 
588656.5 3 2340740170 3.7765479e-07 40245973 690117576 1.4e-08 3288380490 1.436738e-08 845665321 1.436738e-08 
593895.6 0 2038493855 8.856811e-08 3424908067 
602196.7 0 1222799196 3.3492e-07 740082705 
604728.5 0 3888264012 2.091e-08 3393811039 
609195.9 1 1572835533 4.7447e-07 1037584679 
613422.5 1 2038493855 1.0424775e-07 3913511150 
614725.9 0 582973675 2.791e-08 2215785330 
615428.1 3 1584276479 1.4e-08 2406269022 3122982648 2.091e-08 1471982444 2.091e-08 
617510.9 1 1471982444 4.182e-08 3122982648 
620202.1 1 1068020906 0.00095452331 3708838243 
620554.9 0 848448836 2.091e-08 2138100036 
621821.0 0 2799798816 3.9074e-07 3707189490 
631004.0 1 2340740170 3.916548e-07 690117576 
633363.1 0 2038493855 1.042478e-07 2151269300 
634996.4 0 3126241903 4.237974e-08 3393811039 
643189.5 0 2545005546 2.791e-08 3428193420 
644243.0 1 3150846686 4.1925309999999997e-07 2178051842 
645335.5 0 3150846686 4.192531e-07 3321237907 
648720.4 3 482917538 1.3999990000000001e-08 1035956119 3303338876 1.436738e-08 2875471576 1.436738e-08 
651496.5 1 1471982444 5.582e-08 1584276479 
656239.6 3 3126241903 3.6162380000000005e-08 217284033 1738909006 2.021736e-08 
660925.0 3 3919821980 1.4e-08 2312786130 356405251 1.418987e-08 2879167783 1.418987e-08 
661808.4 1 3150846686 4.4528397000000003e-07 2870037616 
662082.9 1 179097684 3.4892e-07 3919821980 
669052.0 1 2340740170 4.0602218e-07 845665321 
670643.3 3 1572835533 4.744698900000003e-07 2799798816 3083352544 2.048815e-08 4198169764 1.424046e-08 821115011 1.424046e-08 2118016430 1.424046e-08 1945735688 1.424046e-08 4093093422 1.424046e-08 2842015324 1.424046e-08 1249238030 1.424046e-08 3214077756 1.424046e-08 879162223 1.424046e-08 3884425642 1.424046e-08 1149406307 1.424046e-08 3528332227 1.424046e-08 4004407106 1.424046e-08 451270221 1.424046e-08 3149440925 1.424046e-08 2250775120 1.424046e-08 1130108289 1.424046e-08 2177968201 1.424046e-08 2914302410 1.424046e-08 3655816389 1.424046e-08 3485819286 1.424046e-08 1382686479 1.424046e-08 1803925302 1.424046e-08 3293059020 1.424046e-08 378125977 1.424046e-08 2159618959 1.424046e-08 
670643.6 1 3083352544 3.472861e-08 4198169764 
670643.6 1 3083352544 4.896906e-08 2159618959 
677950.0 0 1465560917 4.1865e-07 3214077756 
679604.1 1 1572835533 5.2343906e-07 3083352544 
686064.2 0 3268335666 2.791e-08 199935986 
686991.7 1 1738909006 3.698366e-08 2723643411 
692269.8 0 1458665800 2.791e-08 2795063678 
698134.0 0 1738909006 3.698367e-08 2737363250 
702242.2 0 3373526895 8.525929e-07 2215785330 
712357.7 1 1465560917 4.4656e-07 2545005546 
716167.1 1 179097684 3.7682999999999997e-07 3704423751 
717398.6 0 333964007 5.582e-08 1249238030 
723401.0 0 3921011129 3.9074e-07 3321237907 
723449.1 3 3126241903 1.4000010000000003e-08 2328232000 2441325815 1.831605e-08 3401497744 1.831605e-08 
724207.6 1 373638573 1.00000002791 3736601249 
724627.8 2 1465560917 7.6491329e-07 1222799196 4069401935 1.656671e-08 
724927.3 1 179097684 4.0474e-07 862710978 
730655.5 0 2441325815 1.831605e-08 3126241903 
732678.7 0 2190522392 2.791e-08 242414939 
733640.6 0 2151269300 1.567964e-08 3147695692 
734292.5 0 2190522392 2.791e-08 384163328 
735521.5 1 3373526895 8.665929e-07 2737363250 
753137.0 0 1738909006 3.698367e-08 438292632 
755219.1 3 2408568032 2.659652e-08 384163328 134948105 1.461174e-08 1998372786 1.461174e-08 
763642.2 1 2038493855 1.182478e-07 3126241903 
786390.4 0 2340740170 4.060221e-07 2409063466 
786855.3 3 2409063466 1.3999999999999998e-08 3303338876 2455922112 1.413869e-08 3059103076 1.413869e-08 
793321.6 0 3737780296 2.791e-07 732124878 
812795.5 3 3490627259 1.4000000000000003e-08 313359544 432337108 1.741e-08 1902671923 1.741e-08 
815008.8 1 3737780296 3.0701e-07 1664502715 
824227.7 1 2408568032 4.083699e-08 3485819286 
833550.2 3 1503861029 1.4e-08 2074240873 4209590891 2.091e-08 77395223 2.091e-08 
837948.3 0 179097684 4.0474e-07 3424908067 
839030.0 0 179097684 4.0474e-07 2879167783 
845360.8 3 1572835533 5.234391e-07 2408568032 3592986772 1.4e-08 1246511018 2.683698e-08 
848675.6 2 3888264012 2.604446e-08 2138100036 3986570268 1.4e-08 
854577.0 1 3373526895 8.926373599999999e-07 3888264012 
868665.7 0 2038493855 1.182478e-07 3393811039 
887363.4 1 3373526895 9.071071399999999e-07 1494850122 
913898.7 1 1572835533 5.3767956e-07 1149406307 
924440.5 3 2190522392 1.4000010000000001e-08 2455922112 174500547 1.402434e-08 4083845756 1.402434e-08 
926073.9 0 3373526895 9.071071e-07 3393811039 
928591.9 3 3616865126 2.121876e-08 2190522392 110358663 2.069124e-08 
932002.0 3 3071234124 1.4e-08 1902671923 1370908750 1.566e-08 1837234470 1.566e-08 
932748.3 1 3921011129 4.0474e-07 3986570268 
932872.1 0 1130108289 1.424046e-08 302486611 
933777.0 0 2038493855 1.182478e-07 2151269300 
936258.4 3 333964007 3.728183999999999e-08 2440120768 2945849429 1.548272e-08 66296937 1.548272e-08 976558236 1.548272e-08 
940096.3 1 3150846686 4.7319399999999997e-07 3908154577 
947024.3 3 869234806 1.4000000000000001e-08 3214077756 2438291630 1.407523e-08 906368509 1.407523e-08 
950366.5 3 333964007 1.399999e-08 2263814062 3783228500 1.706395e-08 2858952728 1.706395e-08 395113485 1.706395e-08 
958058.2 0 77395223 2.091e-08 869234806 
959519.6 3 1327969783 3.5647099999999994e-08 443746396 4019363830 1.519858e-08 3016084464 1.519858e-08 921818415 1.519858e-08 2892683898 1.519858e-08 3697249003 1.519858e-08 
961384.7 0 1104410542 1.446974e-08 356405251 
963943.3 3 1321648343 2.197389e-08 3071234124 3983774618 1.993611e-08 
972955.2 0 2441325815 1.831605e-08 3424908067 
973812.6 2 438292632 1.5705529999999998e-08 2962530363 4187488967 1.4e-08 
999346.0 1 1465560917 7.789133e-07 2487301543 
1003476.0 1 1068020906 0.00095455121 3015378843 
1004652.0 2 1465560917 7.789133000000001e-07 1572835533 898751805 1.4e-08 3632514288 1.41535e-08 410848061 1.41535e-08 2791633391 1.41535e-08 630280293 1.41535e-08 4212779140 1.41535e-08 3459374364 1.41535e-08 2125331604 1.41535e-08 3113062634 1.41535e-08 847040419 1.41535e-08 4240624600 1.41535e-08 1565786989 1.41535e-08 2286860921 1.41535e-08 3707879645 1.41535e-08 2746930994 1.41535e-08 4075596975 1.41535e-08 4283280385 1.41535e-08 538453177 1.41535e-08 3121292019 1.41535e-08 3349724438 1.41535e-08 4253718737 1.41535e-08 3297362622 1.41535e-08 1751902433 1.41535e-08 2878871175 1.41535e-08 3083717413 1.41535e-08 220564665 1.41535e-08 3653734512 1.41535e-08 3815024321 1.41535e-08 1428265047 1.41535e-08 3604532305 1.41535e-08 1869365069 1.41535e-08 965372172 1.41535e-08 607396504 1.41535e-08 2533881277 1.41535e-08 472358284 1.41535e-08 1950077488 1.41535e-08 1820499179 1.41535e-08 4055959668 1.41535e-08 
1007733.0 0 2932274237 2.791e-08 1565786989 
1011957.0 3 2038493855 1.1113179e-07 3490627259 528880979 2.111601e-08 
1011996.0 0 2038493855 1.111317e-07 528880979 
1012699.0 0 378125977 1.424046e-08 220564665 
1015586.0 0 2870158420 2.791e-08 3321237907 
1017130.0 1 426576124 6.6984e-07 2984600922 
1023983.0 0 211811971 2.791e-08 1565786989 
1038490.0 1 1465560917 7.930668e-07 630280293 
1044518.0 0 426576124 6.6984e-07 3108364485 
1052834.0 1 1465560917 8.209768000000001e-07 741863299 
1056178.0 0 3783228500 1.706395e-08 1382686479 
1056523.0 3 3004792470 3.2819581e-07 3616865126 3778036871 2.794295e-08 
1057616.0 1 1465560917 8.351303e-07 2533881277 
1067086.0 0 3737780296 3.0701e-07 3653734512 
1072202.0 0 2038493855 1.111317e-07 528880979 
1074885.0 2 77395223 2.1063500000000002e-08 3349724438 1405660995 1.4e-08 
1079354.0 0 848448836 2.091e-08 4283280385 
1085988.0 0 1945735688 1.424046e-08 2878871175 
1095281.0 0 2038493855 1.111317e-07 3424908067 
1099074.0 3 432337108 1.741e-08 3424908067 3662110242 1.4e-08 
1103982.0 2 3147695692 1.5093819999999998e-08 1104410542 2247026945 1.4e-08 
1103982.0 1 3147695692 2.9093809999999998e-08 2247026945 
1104604.0 3 1227575429 1.4e-08 2779686750 4032129539 2.091e-08 4035587434 2.091e-08 
1106785.0 0 3321237907 1.482475e-08 1820499179 
1124263.0 1 1465560917 8.5219425e-07 395113485 
1129027.0 1 1246511018 4.099048e-08 2125331604 
1147261.0 0 2246051850 4.474748e-07 3059103076 
1154640.0 2 3150846686 4.8636873e-07 511603307 3111692719 1.473527e-08 
1156242.0 0 2340740170 4.060221e-07 1123501568 
1159744.0 0 1249238030 1.424046e-08 410848061 
1182547.0 1 1465560917 8.663477e-07 607396504 
1182696.0 0 1465560917 8.663477e-07 3382444416 
1191030.0 3 582973675 1.399999e-08 2441325815 1398579088 1.611303e-08 2501379955 1.611303e-08 
1199080.0 0 848448836 2.091e-08 3592986772 
1206088.0 0 2916276788 5.67287e-08 2215785330 
1207009.0 0 1493201942 2.791e-08 3642829293 
1215778.0 1 3921011129 4.2276926e-07 2707128518 
1220280.0 0 3147695692 2.909381e-08 2501379955 
1220752.0 2 3059103076 1.416303e-08 174500547 3332562587 1.4e-08 
1226334.0 3 3393811039 1.446974e-08 1172086036 3562383954 1.4e-08 
1227168.0 1 3150846686 5.1431165e-07 3778036871 
1228361.0 3 1593891639 8.106179999999999e-08 2029773149 2521380987 1.749295e-08 
1238485.0 0 3004792470 3.281958e-07 1820499179 
1240302.0 0 4122240121 2.791e-08 3655816389 
1241815.0 0 405521437 2.791e-08 717226258 
1244317.0 1 3150846686 5.2833604e-07 4083845756 
1250673.0 0 4019363830 1.519858e-08 3293059020 
1252659.0 0 451270221 1.424046e-08 2438291630 
1253560.0 0 3147695692 2.909381e-08 1493201942 
1257053.0 1 1068020906 0.00095457911 2911053862 
1257525.0 1 3004792470 3.423493e-07 3653734512 
1273547.0 0 179097684 4.0474e-07 2879167783 
1275170.0 0 257754683 3.668554e-08 3592986772 
1289019.0 0 1123501568 2.791e-08 1428265047 
1290951.0 3 1471982444 1.4000010000000003e-08 3147695692 4119421155 1.418276e-08 1913762779 1.418276e-08 3678948817 1.418276e-08 2489195127 1.418276e-08 3929228125 1.418276e-08 
1297814.0 0 2038493855 1.111317e-07 2151269300 
1300190.0 0 2501379955 1.611303e-08 1398579088 
1305674.0 0 3373526895 9.071071e-07 2501379955 
1321516.0 0 4259593397 3.3492e-07 2870158420 
1325557.0 0 4019363830 1.519858e-08 898751805 
1329702.0 0 3988949870 2.791e-08 2308721517 
1335432.0 2 2151269300 1.586951e-08 2879167783 3160344427 1.4e-08 
1336570.0 0 179097684 4.0474e-07 1913762779 
1342244.0 1 3373526895 9.3573118e-07 3179285865 
1351345.0 0 2151269300 1.586951e-08 3160344427 
1361538.0 3 2308721517 1.3999999999999998e-08 2063946235 3182159117 1.413869e-08 766581564 1.413869e-08 
1362937.0 0 2038493855 1.111317e-07 2489195127 
1363607.0 3 4260098875 1.493947e-08 582973675 3702894340 1.4e-08 
1366658.0 0 528880979 2.111601e-08 3662110242 
1369249.0 3 3823443426 1.4000000000000003e-08 848448836 3532745758 1.741e-08 1072840122 1.741e-08 
1370066.0 0 1465560917 8.663477e-07 847040419 
1373459.0 0 2038493855 1.111317e-07 1471982444 
1406822.0 0 2340740170 4.060221e-07 3111692719 
1419298.0 0 1035492323 2.791e-08 3783228500 
1423546.0 1 373638573 1.00000002791 911013108 
1426793.0 2 3401497744 2.042908e-08 2501379955 3294683754 1.4e-08 
1427741.0 1 3401497744 3.4429079999999996e-08 3294683754 
1440885.0 0 4231632140 2.791e-08 2489195127 
1448401.0 0 1075699702 3.3492e-07 2937387076 
1453576.0 0 2038493855 1.111317e-07 3929228125 
1457118.0 0 976558236 1.548272e-08 3121292019 
1461101.0 1 769686034 6.989522999999999e-08 906368509 
1461688.0 1 2038493855 1.2531446e-07 3929228125 
1463417.0 3 790319072 2.239084e-08 965372172 1676003954 1.967266e-08 
1472006.0 1 3373526895 9.4989423e-07 3059103076 
1479658.0 2 2235064901 3.776548e-07 725558489 4285585893 1.4e-08 2674988631 2.091e-08 406745133 2.091e-08 
1483704.0 1 1068020906 0.0009546070100000001 1507417240 
1486301.0 0 1738909006 3.698367e-08 4119421155 
1490492.0 0 528880979 2.111601e-08 3678948817 
1491420.0 1 3373526895 9.638942000000001e-07 3332562587 
1499018.0 0 290926289 2.791e-08 4212779140 
1500370.0 0 3921011129 4.227693e-07 3393811039 
1515435.0 0 2246051850 4.474748e-07 3232700421 
1517883.0 0 2038493855 1.253145e-07 528880979 
1517905.0 3 3197676583 2.791e-08 3823443426 2883513480 1.4e-08 
1518033.0 1 2340740170 4.2150482e-07 976558236 
1527373.0 0 3921011129 4.227693e-07 4260098875 
1529638.0 3 211811971 2.129202e-08 1503861029 783121895 2.061798e-08 
1542147.0 3 1493201942 1.399999e-08 528880979 2683944377 1.751301e-08 2961226102 1.751301e-08 
1549491.0 0 3642829293 1.802926e-08 766581564 
1553888.0 0 2118016430 1.424046e-08 3562383954 
1556437.0 1 2683944377 3.1513009999999996e-08 1493201942 
1558750.0 3 3678948817 1.418276e-08 3662110242 301219709 1.4e-08 
1560128.0 2 3373526895 9.638942e-07 257754683 1743198400 1.4e-08 3059144981 2.268554e-08 
1561798.0 1 3004792470 3.5658975999999997e-07 2250775120 
1562701.0 0 2151269300 1.586951e-08 301219709 
1563263.0 0 179097684 4.0474e-07 1913762779 
1563656.0 1 3150846686 5.4270338e-07 3288380490 
1564000.0 1 2340740170 4.494149e-07 2451350669 
1565497.0 1 373638573 1.00000001519858 3697249003 
1566721.0 1 2340740170 4.6415016999999997e-07 3111692719 
1568297.0 1 3373526895 9.8657974e-07 3059144981 
1581427.0 2 66296937 1.563622e-08 4055959668 3952655669 1.4e-08 
1589702.0 0 3528332227 1.424046e-08 1565786989 
1608624.0 1 179097684 4.1874e-07 1471982444 
1611994.0 0 3373526895 9.865797e-07 3393811039 
1616342.0 3 538453177 1.41535e-08 2883513480 2848685905 1.4e-08 
1621483.0 0 3921011129 4.227693e-07 2961226102 
1624404.0 3 3268335666 1.4000000000000003e-08 2795063678 1826422368 1.741e-08 896813269 1.741e-08 
1633373.0 0 2125112500 2.791e-08 3592986772 
1641481.0 1 2038493855 1.3949725999999999e-07 3678948817 
1649879.0 1 2246051850 4.614748e-07 3562383954 
1654573.0 0 1246511018 4.099048e-08 1415695418 
1665544.0 0 2151269300 1.586951e-08 1913762779 
1672942.0 1 3373526895 1.0005797e-06 3702894340 
1674288.0 3 301219709 1.4e-08 3160344427 37051273 1.4e-08 
1674489.0 1 37051273 2.8e-08 301219709 
1678496.0 1 3921011129 4.367693e-07 1743198400 
1678802.0 3 290926289 1.3999990000000001e-08 817087088 1867247157 1.436738e-08 3633199892 1.436738e-08 
1679597.0 0 896813269 1.741e-08 1826422368 
1702620.0 0 1465560917 8.663477e-07 1945735688 
1708560.0 1 373638573 1.00000002791 129185354 
1711209.0 0 2246051850 4.614748e-07 2892683898 
1724975.0 2 1593891639 8.731118e-08 1651612823 1736323711 2.166063e-08 
1730036.0 3 3020817656 1.4e-08 3197676583 283080478 2.091e-08 785216844 2.091e-08 
1732282.0 0 4231632140 2.791e-08 3393811039 
1734146.0 1 211811971 4.096468e-08 1676003954 
1738394.0 0 3373526895 1.00058e-06 283080478 
1740770.0 0 1502094437 2.791e-08 302486611 
1767214.0 0 783121895 2.061798e-08 1565786989 
1769912.0 1 3373526895 1.0179900000000002e-06 432337108 
1781994.0 0 2620740164 2.791e-08 1156624510 
1794675.0 3 66296937 1.563622e-08 2308721517 3006103420 1.4e-08 
1795990.0 0 2858952728 1.706395e-08 879162223 
1809900.0 1 179097684 4.4674e-07 37051273 
1823874.0 0 3462747 2.791e-08 410848061 
1826167.0 1 179097684 4.6092276e-07 1913762779 
1829719.0 2 1398579088 1.6295790000000002e-08 4119421155 2898323513 1.4e-08 
1839431.0 2 785216844 2.1063500000000002e-08 3815024321 1199222225 1.4e-08 
1847863.0 1 1398579088 3.029579e-08 2898323513 
1854498.0 1 2340740170 4.7978632e-07 66296937 
1860594.0 1 373638573 1.000000014 333964007 
1861186.0 0 1075699702 3.3492e-07 472358284 
1862312.0 0 717226258 2.791e-08 1726701215 
1868000.0 1 2555962951 3.0701e-07 1415695418 
1869986.0 1 373638573 1.00000002791 3824069879 
1875660.0 3 1738909006 1.4000010000000003e-08 283080478 3755198008 1.463122e-08 2795041644 1.463122e-08 3492274228 1.463122e-08 
1882780.0 0 3755198008 1.463122e-08 3020817656 
1889757.0 0 1398579088 3.029579e-08 3020817656 
1891928.0 1 179097684 4.749228e-07 3020817656 
1897367.0 3 3921011129 4.343182e-07 4231632140 1420914473 1.518055e-08 439844059 1.518055e-08 
1897674.0 3 1156624510 1.4000010000000001e-08 356405251 3802520055 1.404993e-08 3012889883 1.404993e-08 
1898221.0 3 3707189490 1.3999989999999996e-08 1726701215 3363823620 1.777531e-08 1086559163 1.777531e-08 
1898460.0 3 1398579088 1.400001e-08 3382444416 3063534263 1.473526e-08 2013640095 1.473526e-08 1461359102 1.473526e-08 
1901141.0 3 2151269300 1.586951e-08 1199222225 2027098952 1.4e-08 
1901443.0 1 2151269300 2.986951e-08 2027098952 
1908434.0 2 2038493855 1.394973e-07 2151269300 4167430602 1.4e-08 4096225443 1.586951e-08 
1916542.0 2 1461359102 1.547052e-08 3063534263 781549661 1.4e-08 
1921269.0 1 3150846686 5.636134e-07 406745133 
1926487.0 1 781549661 2.8e-08 1398579088 
1931567.0 0 2956861855 2.791e-08 4209590891 
1935687.0 1 2038493855 1.534973e-07 1738909006 
1941683.0 0 1075699702 3.3492e-07 1249238030 
1955584.0 3 3497999925 1.4000000000000001e-08 1998372786 907719639 1.426087e-08 1906851972 1.426087e-08 
1957269.0 0 3593732192 2.091e-08 4285585893 
1968957.0 1 3373526895 1.03262122e-06 3755198008 
1969319.0 2 2235064901 3.776548e-07 2916276788 2597880038 1.4e-08 1896745001 1.42429e-08 2378434411 1.42429e-08 1837088337 1.42429e-08 
1973782.0 0 3921011129 4.343181e-07 4260098875 
1973921.0 3 2875471576 1.436738e-08 290926289 1543523724 1.4e-08 
1981943.0 0 1593891639 8.731118e-08 1543523724 
1982013.0 2 179097684 4.749228e-07 2038493855 1761715697 1.4e-08 3099973400 1.54997e-08 2789348510 1.54997e-08 1371202285 1.54997e-08 629078091 1.54997e-08 754560055 1.54997e-08 1737134642 1.54997e-08 37613351 1.54997e-08 3434666020 1.54997e-08 2369258877 1.54997e-08 
1982428.0 1 179097684 4.904225e-07 37613351 
1983846.0 2 3099973400 1.613092e-08 3492274228 3563522875 1.4e-08 
1985885.0 1 179097684 5.059222e-07 1737134642 
1987212.0 1 179097684 5.214218999999999e-07 1371202285 
1989640.0 0 2789348510 1.54997e-08 2795041644 
1991845.0 1 179097684 5.369216e-07 629078091 
1992626.0 1 3373526895 1.04780155e-06 439844059 
1995565.0 0 3321237907 1.482475e-08 2118016430 
1996641.0 1 179097684 5.524211999999999e-07 3434666020 
1998491.0 0 1502094437 2.791e-08 3012889883 
1999266.0 1 179097684 5.679209e-07 2369258877 
2000872.0 0 3099973400 1.613092e-08 754560055 
2005696.0 3 4188445920 1.4e-08 1502094437 249728555 2.091e-08 4285226245 2.091e-08 
2017954.0 1 179097684 5.8379041e-07 4096225443 
2028315.0 0 3373526895 1.047802e-06 1420914473 
2030129.0 3 2013640095 1.473526e-08 3563522875 2707460946 1.4e-08 
2034902.0 0 728028737 2.791e-08 4209590891 
2050919.0 0 4259593397 3.3492e-07 2919643181 
2052856.0 0 3891448235 2.791e-08 538453177 
2060916.0 1 179097684 5.977904e-07 1761715697 
2062169.0 0 2875471576 1.436738e-08 1543523724 
2072417.0 1 3004792470 3.7208950000000003e-07 754560055 
2074643.0 3 405521437 1.4e-08 2718413753 2606325002 2.091e-08 1541925803 2.091e-08 
2078644.0 2 2378434411 1.429283e-08 3802520055 2024675612 1.4e-08 
2079930.0 3 3004792470 3.6832011e-07 2707460946 1292023300 1.776939e-08 
2083924.0 0 2932274237 2.791e-08 2125112500 
2086121.0 2 785216844 2.224405e-08 1420914473 3302973195 1.4e-08 
2093263.0 1 179097684 6.132901e-07 2789348510 
2098366.0 3 732124878 1.3999999999999998e-08 2875471576 875106938 1.413869e-08 3314075649 1.413869e-08 
2099460.0 0 3004792470 3.683201e-07 1292023300 
2102793.0 1 373638573 1.0000000141535 2791633391 
2105856.0 0 2246051850 4.614748e-07 4209590891 
2109698.0 1 373638573 1.00000002091 1285693762 
2111929.0 1 2340740170 4.937863e-07 2024675612 
2117911.0 3 2795041644 1.463122e-08 4167430602 2589646060 1.4e-08 
2127666.0 0 179097684 6.132901e-07 3099973400 
2128721.0 0 179097684 6.132901e-07 3302973195 
2134045.0 3 211811971 1.3999999999999996e-08 3775452048 3433591204 1.829156e-08 1848242772 1.829156e-08 250719570 1.829156e-08 
2139948.0 1 4259593397 3.4892e-07 4188445920 
2140253.0 0 3593732192 2.091e-08 2746930994 
2145673.0 1 3373526895 1.07004605e-06 785216844 
2148147.0 0 1950077488 1.41535e-08 1428265047 
2151652.0 0 2961226102 1.751301e-08 1543523724 
2156362.0 3 3004792470 3.3378022e-07 3555679070 2681498831 1.561247e-08 481808867 1.561247e-08 2066612683 1.561247e-08 3458484829 1.561247e-08 
2163235.0 0 3737780296 3.0701e-07 2606325002 
2164072.0 2 1461359102 1.594027e-08 3393811039 2719204682 1.4e-08 
2168278.0 1 179097684 6.272901e-07 3302973195 
2185511.0 0 426576124 6.6984e-07 1239791232 
2195459.0 0 2340740170 4.937863e-07 1950077488 
2209454.0 1 1465560917 8.805012e-07 1751902433 
2212081.0 1 179097684 6.412901e-07 2719204682 
2217436.0 3 451270221 1.424046e-08 211811971 4256642775 1.4e-08 
2218117.0 0 179097684 6.412901e-07 3099973400 
2225248.0 1 179097684 6.552901e-07 2589646060 
2227601.0 2 3373526895 1.0700460799999998e-06 3004792470 2449448537 1.4e-08 463844675 1.453546e-08 3167902617 1.453546e-08 579073438 1.453546e-08 3468130899 1.453546e-08 393090083 1.453546e-08 2343849308 1.453546e-08 1055469694 1.453546e-08 627452446 1.453546e-08 2014426858 1.453546e-08 2716949832 1.453546e-08 552634658 1.453546e-08 3736523900 1.453546e-08 2213923665 1.453546e-08 1503202005 1.453546e-08 3202152185 1.453546e-08 2622395779 1.453546e-08 3607413901 1.453546e-08 649593533 1.453546e-08 66987975 1.453546e-08 483021244 1.453546e-08 3707800333 1.453546e-08 3528190190 1.453546e-08 
2227602.0 0 627452446 1.453546e-08 579073438 
2227737.0 0 3373526895 1.070046e-06 3202152185 
2227875.0 1 3373526895 1.0845814599999998e-06 2343849308 
2228297.0 0 393090083 1.453546e-08 579073438 
2228790.0 1 3373526895 1.09911646e-06 2213923665 
2229393.0 1 3373526895 1.11365246e-06 463844675 
2230137.0 0 3373526895 1.113652e-06 2014426858 
2230406.0 3 3737780296 3.050784e-07 1503202005 2185291493 1.646706e-08 
2230757.0 1 3373526895 1.1281874599999999e-06 3736523900 
2231661.0 2 1837234470 1.5798690000000002e-08 766581564 550176535 1.4e-08 
2234650.0 1 373638573 1.000000014 898751805 
2235619.0 1 3373526895 1.142187e-06 2449448537 
2236527.0 1 3373526895 1.1567224599999998e-06 3202152185 
2239166.0 0 3528190190 1.453546e-08 393090083 
2246955.0 0 242414939 2.791e-08 783121895 
2248644.0 0 1837088337 1.42429e-08 1896745001 
2249029.0 0 3401497744 3.442908e-08 2716949832 
2256059.0 1 179097684 6.6992132e-07 2795041644 
2260623.0 1 373638573 1.00000001741 896813269 
2261593.0 0 3528190190 1.453546e-08 627452446 
2261875.0 3 1086559163 1.615895e-08 550176535 1674415855 1.561636e-08 
2264861.0 2 3401497744 4.1629510000000005e-08 188552836 4287239676 2.244908e-08 
2265513.0 0 2340740170 4.937863e-07 3182159117 
2273292.0 3 538453177 1.41535e-08 1543523724 3884987045 1.4e-08 
2279029.0 1 3921011129 4.5522809999999997e-07 2674988631 
2280829.0 0 1837234470 1.579869e-08 1837088337 
2282716.0 0 110358663 2.069124e-08 1086559163 
2284848.0 1 3921011129 4.692281e-07 3884987045 
2287921.0 1 2519559028 3.0701e-07 265770918 
2289170.0 2 179097684 6.8004423e-07 781549661 1960974751 1.787717e-08 
2291064.0 2 2013640095 1.527072e-08 552634658 309459595 1.4e-08 
2291568.0 1 179097684 6.9457966e-07 393090083 
2299498.0 0 483021244 1.453546e-08 4187488967 
2303129.0 0 3373526895 1.156723e-06 3607413901 
2303724.0 0 3921011129 4.692281e-07 2489195127 
2304338.0 0 3150846686 5.636134e-07 1405660995 
2305288.0 0 3373526895 1.156723e-06 2409063466 
2311018.0 2 907719639 1.439956e-08 875106938 2348040613 1.4e-08 
2311554.0 1 3150846686 5.7814886e-07 3468130899 
2314933.0 1 2235064901 4.0010388e-07 4287239676 
2315777.0 1 3373526895 1.17125846e-06 2622395779 
2322433.0 0 3921011129 4.692281e-07 772925454 
2326157.0 3 3099973400 1.613092e-08 309459595 3180086772 1.4e-08 
2326716.0 1 3373526895 1.18877101e-06 2961226102 
2328122.0 0 907719639 1.439956e-08 2348040613 
2328703.0 0 3099973400 1.613092e-08 3180086772 
2331588.0 2 2235064901 4.001038e-07 3401497744 3833074883 1.4e-08 1462644303 2.762951e-08 
2333942.0 3 1462644303 1.4000000000000003e-08 2858952728 4088625113 1.534673e-08 1237914369 1.534673e-08 
2335377.0 0 179097684 6.945797e-07 4260098875 
2339627.0 0 3528190190 1.453546e-08 1494141940 
2346269.0 1 179097684 7.0985043e-07 2013640095 
2358595.0 0 134948105 1.461174e-08 1405660995 
2362020.0 2 3150846686 5.781488899999997e-07 2340740170 2733144751 2.840899e-08 1649557018 1.410234e-08 1831065885 1.410234e-08 79461789 1.410234e-08 1621314342 1.410234e-08 2016090987 1.410234e-08 1553963666 1.410234e-08 1002680420 1.410234e-08 734120091 1.410234e-08 2475979558 1.410234e-08 2649056468 1.410234e-08 3381587904 1.410234e-08 175860597 1.410234e-08 1089013536 1.410234e-08 552498239 1.410234e-08 481049431 1.410234e-08 2950407739 1.410234e-08 72955594 1.410234e-08 1771264541 1.410234e-08 2353028958 1.410234e-08 2980075456 1.410234e-08 3449694611 1.410234e-08 1194638860 1.410234e-08 114837353 1.410234e-08 2341758500 1.410234e-08 651046398 1.410234e-08 2780384598 1.410234e-08 1061526795 1.410234e-08 3342541004 1.410234e-08 1577969976 1.410234e-08 695939830 1.410234e-08 229435916 1.410234e-08 1850435983 1.410234e-08 19131048 1.410234e-08 
2362020.0 1 2733144751 4.251133e-08 19131048 
2362020.0 1 2733144751 5.661368e-08 1649557018 
2362123.0 1 3150846686 5.9225114e-07 2475979558 
2363015.0 1 3150846686 6.063535400000001e-07 1061526795 
2370036.0 0 1089013536 1.410234e-08 3381587904 
2371690.0 2 3363823620 1.8310770000000004e-08 649593533 2426951832 1.4e-08 
2371936.0 1 373638573 1.0000000141535 2878871175 
2372560.0 1 373638573 1.00000003564709 1327969783 
2373766.0 1 3150846686 6.2045584e-07 1850435983 
2376475.0 0 4093093422 1.424046e-08 2353028958 
2381932.0 1 3373526895 1.20411773e-06 1237914369 
2383812.0 1 2246051850 4.893848000000001e-07 1458665800 
2384709.0 2 2649056468 1.4204680000000001e-08 2016090987 3089865955 1.4e-08 
2387265.0 1 3921011129 4.8333044e-07 1771264541 
2401853.0 1 3373526895 1.21822034e-06 3381587904 
2403254.0 2 3373526895 1.21822002e-06 2235064901 3526559023 1.4e-08 73116178 1.430014e-08 2654473721 1.430014e-08 2564127097 1.430014e-08 3554620561 1.430014e-08 2789301560 1.430014e-08 3201932102 1.430014e-08 3527214469 1.430014e-08 224410298 1.430014e-08 3967778277 1.430014e-08 1759850032 1.430014e-08 2704180049 1.430014e-08 287394855 1.430014e-08 2670951229 1.430014e-08 2367820772 1.430014e-08 771359632 1.430014e-08 4186562710 1.430014e-08 3211480542 1.430014e-08 346987663 1.430014e-08 1922039940 1.430014e-08 2110688926 1.430014e-08 1314810707 1.430014e-08 2472898255 1.430014e-08 3459912306 1.430014e-08 1598213090 1.430014e-08 1495382923 1.430014e-08 722767024 1.430014e-08 515125813 1.430014e-08 
2403570.0 0 2704180049 1.430014e-08 2564127097 
2403693.0 1 3373526895 1.23252014e-06 2472898255 
2403703.0 1 3373526895 1.24682114e-06 2564127097 
2403869.0 0 3373526895 1.246821e-06 1314810707 
2405407.0 1 3373526895 1.2611211400000001e-06 3967778277 
2406231.0 1 3373526895 1.2754211400000001e-06 1314810707 
2406477.0 1 3373526895 1.2897211400000001e-06 2367820772 
2407731.0 1 3150846686 6.344559e-07 3526559023 
2409992.0 0 3314075649 1.413869e-08 1405660995 
2410122.0 1 179097684 7.238504e-07 2409063466 
2410969.0 0 3527214469 1.430014e-08 73116178 
2413223.0 1 3373526895 1.30425646e-06 3607413901 
2414336.0 0 734120091 1.410234e-08 2348040613 
2415395.0 1 3150846686 6.486386600000001e-07 2489195127 
2416911.0 2 2789301560 1.4402480000000001e-08 1089013536 1298902656 1.4e-08 
2417730.0 1 3373526895 1.3185571400000001e-06 4186562710 
2419428.0 1 3150846686 6.6274094e-07 229435916 
2421656.0 0 375852842 2.091e-08 2746930994 
2422401.0 3 1055469694 1.453546e-08 1405660995 3532628785 1.4e-08 
2426250.0 1 3373526895 1.3328571400000001e-06 1759850032 
2428691.0 2 3921011129 4.833305e-07 2683944377 826924968 1.4e-08 3190311976 1.751301e-08 
2431014.0 1 179097684 7.3815054e-07 515125813 
2434490.0 2 1055469694 1.4835600000000001e-08 1495382923 841878026 1.4e-08 
2436136.0 3 73116178 1.430014e-08 1494141940 2747938267 1.4e-08 
2436274.0 0 483021244 1.453546e-08 73116178 
2440105.0 3 2205180068 2.791e-08 3592986772 3177521820 1.4e-08 
2442331.0 1 3373526895 1.3619034e-06 905418128 
2442785.0 1 3373526895 1.3763727399999999e-06 772925454 
2448634.0 1 2205180068 4.1909999999999996e-08 3177521820 
2449841.0 1 3921011129 4.9912919e-07 1837234470 
2450572.0 0 1086559163 1.615895e-08 73116178 
2451768.0 3 4093093422 1.424046e-08 3089865955 3363025910 1.4e-08 
2453265.0 0 821115011 1.424046e-08 451270221 
2460847.0 0 3201932102 1.430014e-08 4285585893 
2470101.0 3 1370908750 1.566e-08 3952655669 1290268226 1.4e-08 
2471138.0 3 627452446 1.453546e-08 4285585893 764400056 1.4e-08 
2471945.0 1 627452446 2.8535459999999998e-08 764400056 
2472820.0 0 250719570 1.829156e-08 1130108289 
2474766.0 1 3373526895 1.390373e-06 3532628785 
2477700.0 0 3373526895 1.390373e-06 2341758500 
2477724.0 2 3554620561 1.4402480000000001e-08 3449694611 1517815290 1.4e-08 
2481808.0 3 3373526895 1.3903729300000001e-06 3150846686 66064165 1.834455e-08 2766526296 1.400862e-08 2454553876 1.400862e-08 1923515514 1.400862e-08 3339828518 1.400862e-08 105819081 1.400862e-08 533433650 1.400862e-08 1601889739 1.400862e-08 381652938 1.400862e-08 96665495 1.400862e-08 1342185090 1.400862e-08 149784911 1.400862e-08 85224627 1.400862e-08 1965662198 1.400862e-08 110439229 1.400862e-08 1449522982 1.400862e-08 3279439195 1.400862e-08 360107933 1.400862e-08 1657444763 1.400862e-08 58759274 1.400862e-08 2135013218 1.400862e-08 470332523 1.400862e-08 3217169414 1.400862e-08 3030801476 1.400862e-08 2208266878 1.400862e-08 3715668764 1.400862e-08 3418547556 1.400862e-08 355298688 1.400862e-08 4193709834 1.400862e-08 584993009 1.400862e-08 1499007652 1.400862e-08 755060644 1.400862e-08 3270476896 1.400862e-08 3934203265 1.400862e-08 1292024166 1.400862e-08 1323984060 1.400862e-08 4197927596 1.400862e-08 1414892502 1.400862e-08 4201342597 1.400862e-08 2391696826 1.400862e-08 4138371369 1.400862e-08 3590332688 1.400862e-08 1745749016 1.400862e-08 2711965517 1.400862e-08 2933223072 1.400862e-08 1987038079 1.400862e-08 3797386594 1.400862e-08 
2481808.0 1 66064165 3.235317e-08 2766526296 
2481808.0 1 66064165 4.636179e-08 3797386594 
2482089.0 1 3373526895 1.4043816199999999e-06 1923515514 
2482102.0 1 3373526895 1.41839062e-06 1745749016 
2482318.0 0 811613008 2.791e-08 1621314342 
2482334.0 1 3373526895 1.43239862e-06 2391696826 
2482450.0 2 1837088337 1.434524e-08 1831065885 1280619132 1.4e-08 
2482519.0 1 3373526895 1.44640762e-06 105819081 
2483184.0 0 1987038079 1.400862e-08 3279439195 
2483341.0 0 2711965517 1.400862e-08 3715668764 
2484650.0 1 3373526895 1.46041662e-06 1342185090 
2484776.0 0 438292632 1.570553e-08 149784911 
2485086.0 0 3921011129 4.991292e-07 4201342597 
2487742.0 1 3373526895 1.47442462e-06 3339828518 
2488607.0 2 2110688926 1.4600280000000002e-08 3211480542 4105879141 1.4e-08 
2489187.0 0 470332523 1.400862e-08 85224627 
2489294.0 1 3373526895 1.48843362e-06 533433650 
2491154.0 1 3373526895 1.50244162e-06 2454553876 
2493285.0 1 3373526895 1.5164506199999998e-06 3590332688 
2495876.0 2 579073438 1.454408e-08 584993009 3088551619 1.4e-08 
2496644.0 1 3373526895 1.5304596199999998e-06 3279439195 
2497337.0 0 2135013218 1.400862e-08 3833074883 
2497900.0 3 1541925803 2.0093179999999998e-08 552498239 3443287411 1.491916e-08 
2498766.0 0 470332523 1.400862e-08 85224627 
2499286.0 0 66064165 4.636179e-08 346987663 
2499501.0 0 250719570 1.829156e-08 1156624510 
2501184.0 0 2670951229 1.430014e-08 4105879141 
2501371.0 1 3373526895 1.5444676199999998e-06 4197927596 
2504208.0 1 3921011129 5.270392e-07 3232700421 
2506626.0 1 3373526895 1.558468e-06 1298902656 
2506681.0 0 3373526895 1.558468e-06 3707800333 
2507197.0 1 2246051850 5.035382999999999e-07 3459374364 
2508672.0 0 3373526895 1.558468e-06 2711965517 
2509145.0 0 287394855 1.430014e-08 826924968 
2509601.0 0 1593891639 8.731118e-08 1869365069 
2512312.0 1 1055469694 2.913575e-08 2704180049 
2517911.0 3 3182159117 1.413869e-08 2848685905 3981989558 1.4e-08 
2520307.0 1 3373526895 1.5724766199999999e-06 381652938 
2520995.0 1 3373526895 1.58677614e-06 2670951229 
2524764.0 3 1414892502 1.400862e-08 1280619132 1165174376 1.4e-08 
2524801.0 0 2555962951 3.0701e-07 2185291493 
2526093.0 3 3737780296 2.9330224e-07 1837088337 3467386575 2.61214e-08 
2527612.0 0 2014426858 1.453546e-08 3527214469 
2530283.0 2 1072840122 1.771014e-08 224410298 4263904522 1.4e-08 
2531235.0 2 3459912306 1.430876e-08 4201342597 4267941538 1.4e-08 
2534279.0 0 179097684 7.381505e-07 3180086772 
2535256.0 0 1323984060 1.400862e-08 2747938267 
2538975.0 0 3373526895 1.586777e-06 2950407739 
2542298.0 3 1055469694 2.55692e-08 3217169414 3372193553 1.757517e-08 
2543527.0 1 3373526895 1.60107714e-06 722767024 
2544136.0 2 579073438 1.4682770000000001e-08 3182159117 3681452412 1.4e-08 
2546190.0 1 3373526895 1.61508562e-06 1292024166 
2546465.0 3 627452446 2.247175e-08 3833074883 2604064924 2.006371e-08 
2548119.0 2 1598213090 1.430876e-08 1657444763 3458662533 1.4e-08 
2548882.0 0 85224627 1.400862e-08 2597880038 
2554647.0 1 3373526895 1.63266017e-06 3372193553 
2556358.0 3 4035587434 2.091e-08 732124878 762210064 1.4e-08 
2556590.0 3 3737780296 2.899963e-07 3783228500 570164134 2.036985e-08 
2558785.0 0 2710766136 2.791e-08 790319072 
2559752.0 0 3373526895 1.632661e-06 470332523 
2560240.0 0 3373526895 1.632661e-06 579073438 
2561972.0 1 3921011129 5.411927e-07 4075596975 
2562254.0 1 3373526895 1.64666962e-06 2933223072 
2569517.0 1 3373526895 1.6667327100000001e-06 2604064924 
2572955.0 0 2789301560 1.440249e-08 771359632 
2574754.0 2 579073438 1.469139e-08 2711965517 2418772576 1.4e-08 
2577882.0 0 2110688926 1.460028e-08 470332523 
2578395.0 2 438292632 1.5807870000000003e-08 79461789 2105330617 1.4e-08 
2580278.0 3 438292632 1.580787e-08 2747938267 964813250 1.4e-08 
2589801.0 3 175860597 1.410234e-08 2597880038 2039170765 1.4e-08 
2591637.0 0 3373526895 1.666733e-06 3707800333 
2592716.0 1 3373526895 1.6807416199999998e-06 96665495 
2596155.0 0 3373526895 1.680741e-06 3554620561 
2599200.0 0 2649056468 1.420469e-08 72955594 
2599535.0 3 627452446 2.247175e-08 841878026 4278040469 1.4e-08 
2600527.0 0 3921011129 5.411927e-07 3707189490 
2602497.0 1 179097684 7.5215912e-07 470332523 
2602696.0 1 3373526895 1.69608773e-06 4088625113 
2604093.0 3 3715668764 1.400862e-08 3180086772 241690685 1.4e-08 
2604402.0 0 3167902617 1.453546e-08 1601889739 
2607292.0 0 4138371369 1.400862e-08 3458662533 
2614002.0 1 3190311976 3.1513009999999996e-08 2418772576 
2615260.0 0 2716949832 1.453546e-08 2909632847 
2624240.0 0 3373526895 1.696088e-06 3934203265 
2627951.0 2 1960974751 2.003612e-08 1086559163 1703904600 1.4e-08 
2628237.0 1 3373526895 1.71009662e-06 1601889739 
2628914.0 0 2378434411 1.429283e-08 4138371369 
2629394.0 0 360107933 1.400862e-08 3458662533 
2629735.0 1 3373526895 1.72410562e-06 3934203265 
2632668.0 0 3467386575 2.61214e-08 2950407739 
2632697.0 0 579073438 1.469139e-08 3088551619 
2633603.0 0 3458662533 1.4e-08 1165174376 
2634446.0 1 3373526895 1.73811362e-06 2208266878 
2636702.0 1 3373526895 1.752114e-06 4263904522 
2640007.0 1 1499007652 2.801724e-08 4193709834 
2642389.0 1 373638573 1.00000001519858 921818415 
2642519.0 0 4122240121 2.791e-08 2125112500 
2645551.0 2 3433591204 1.8341490000000003e-08 3012889883 3814978291 1.4e-08 
2648241.0 0 3373526895 1.752114e-06 1165174376 
2648268.0 0 66064165 4.636179e-08 3981989558 
2654518.0 0 4209590891 2.091e-08 1674415855 
2657222.0 0 2039170765 1.4e-08 1165174376 
2660408.0 0 1055469694 2.55692e-08 3707800333 
2661890.0 2 3707800333 1.4835600000000001e-08 771359632 118566979 1.4e-08 
2663475.0 2 2789301560 1.441111e-08 1323984060 894269343 1.4e-08 
2664726.0 1 66064165 6.036179e-08 894269343 
2665105.0 0 1499007652 2.801724e-08 1987038079 
2682382.0 0 3459912306 1.430876e-08 2746930994 
2683679.0 0 287394855 1.430014e-08 1290268226 
2684156.0 3 3527214469 1.430014e-08 4278040469 932943525 1.4e-08 
2684483.0 0 3190311976 3.151301e-08 1055469694 
2686604.0 3 2341758500 1.410234e-08 4187488967 250347941 1.4e-08 
2690521.0 1 3373526895 1.7664141400000002e-06 3201932102 
2693789.0 1 3373526895 1.78071414e-06 1922039940 
2697517.0 0 481808867 1.561247e-08 538453177 
2697750.0 0 3373526895 1.780714e-06 3459912306 
2702724.0 2 2185291493 1.686955e-08 3554620561 2292589682 1.4e-08 
2706806.0 1 3737780296 3.109063e-07 4285226245 
2710203.0 0 3363823620 1.831077e-08 1987038079 
2711655.0 1 179097684 7.661592e-07 241690685 
2712122.0 1 2649056468 2.820469e-08 118566979 
2712302.0 0 1541925803 2.009318e-08 1370908750 
2713313.0 2 2681498831 1.591261e-08 3527214469 3971437066 1.4e-08 
2717626.0 2 3099973400 1.6139540000000003e-08 3030801476 2810179169 1.4e-08 
2718903.0 0 3373526895 1.780714e-06 4138371369 
2721097.0 1 2246051850 5.176406400000001e-07 481049431 
2725842.0 0 3373526895 1.780714e-06 1462644303 
2725859.0 0 3373526895 1.780714e-06 2950407739 
2728137.0 0 3373526895 1.780714e-06 149784911 
2730135.0 0 2039170765 1.4e-08 1462644303 
2730407.0 0 1449522982 1.400862e-08 3458662533 
2733735.0 3 3715668764 1.400862e-08 3088551619 1803012522 1.4e-08 
2734514.0 0 1598213090 1.430876e-08 3715668764 
2736291.0 1 66064165 7.436179e-08 2810179169 
2738092.0 1 373638573 1.00000001446974 2215785330 
2739164.0 0 3167902617 1.453546e-08 2105330617 
2746178.0 0 1960974751 2.003611e-08 2185291493 
2746338.0 3 2932274237 2.445042e-08 1414892502 3940915008 1.74682e-08 
2751031.0 2 175860597 1.4204680000000001e-08 734120091 3593659676 1.4e-08 
2753346.0 1 3373526895 1.794714e-06 1462644303 
2755529.0 1 3373526895 1.8087226199999998e-06 1987038079 
2756389.0 1 3921011129 5.5572816e-07 3528190190 
2760372.0 1 3373526895 1.88308479e-06 66064165 
2760742.0 1 179097684 7.8207181e-07 2681498831 
2764616.0 0 2246051850 5.176406e-07 1577969976 
2766420.0 1 3373526895 1.89762046e-06 483021244 
2770536.0 0 3190311976 3.151301e-08 1321648343 
2773281.0 3 2870158420 2.6114309999999998e-08 4240624600 2744143284 1.594919e-08 
2775354.0 0 755060644 1.400862e-08 964813250 
2776101.0 1 3373526895 1.9128185799999998e-06 4019363830 
2777046.0 1 3373526895 1.92682762e-06 755060644 
2784460.0 2 2014426858 1.4835600000000001e-08 346987663 2002691604 1.4e-08 
2787129.0 3 4259593397 3.4232204e-07 821115011 3223248356 2.083842e-08 
2787735.0 1 373638573 1.0000000141535 4253718737 
2788964.0 1 3373526895 1.9408270000000002e-06 4267941538 
2790224.0 0 3940915008 1.74682e-08 1703904600 
2792431.0 3 1499007652 1.4e-08 2002691604 101557930 1.400862e-08 678688578 1.400862e-08 
2793380.0 2 2185291493 1.880981e-08 1461359102 2222966094 1.4e-08 
2796160.0 3 3921011129 5.557279999999999e-07 3737780296 1301910447 1.4e-08 2919535035 1.41384e-08 2855048822 1.41384e-08 682911345 1.41384e-08 238807518 1.41384e-08 1840937626 1.41384e-08 1734007597 1.41384e-08 4088691616 1.41384e-08 2087527840 1.41384e-08 2065940037 1.41384e-08 2751602400 1.41384e-08 552380491 1.41384e-08 253656606 1.41384e-08 1254429415 1.41384e-08 481400394 1.41384e-08 2584856907 1.41384e-08 3284371529 1.41384e-08 871205577 1.41384e-08 2655011401 1.41384e-08 4156410056 1.41384e-08 249938527 1.41384e-08 843598278 1.41384e-08 
2798927.0 0 2341758500 1.410234e-08 4138371369 
2801553.0 0 3373526895 1.940827e-06 101557930 
2805401.0 0 627452446 2.247175e-08 3715668764 
2806528.0 0 3921011129 5.557281e-07 85224627 
2806750.0 1 3373526895 1.9663961999999997e-06 1055469694 
2809493.0 1 3373526895 1.98040562e-06 678688578 
2810504.0 1 3921011129 5.698665e-07 2751602400 
2816907.0 2 110358663 2.152685e-08 2014426858 2197427154 1.4e-08 
2818016.0 1 3373526895 1.99524061e-06 3707800333 
2820296.0 0 2932274237 2.445042e-08 4105879141 
2822459.0 0 2649056468 2.820469e-08 2110688926 
2824533.0 1 3373526895 2.0093794e-06 843598278 
2826804.0 0 2584856907 1.41384e-08 1734007597 
2830161.0 1 3921011129 5.8817727e-07 3363823620 
2831114.0 0 4156410056 1.41384e-08 4088691616 
2834100.0 2 66987975 1.4844220000000001e-08 1598213090 3690557900 1.4e-08 
2834516.0 0 3373526895 2.009379e-06 2919535035 
2835065.0 0 552380491 1.41384e-08 1965662198 
2837078.0 2 15308464 1.492709e-08 1194638860 3824375258 1.4e-08 
2843992.0 3 3113062634 1.41535e-08 482917538 769315986 1.4e-08 
2844148.0 1 373638573 1.00000002791 3037779432 
2849326.0 2 2892683898 1.5352080000000003e-08 1869365069 1856937876 1.4e-08 
2854684.0 1 3373526895 2.0235173999999998e-06 2855048822 
2859214.0 2 2246051850 5.176406599999998e-07 1075699702 354497373 1.4e-08 1230311851 1.458727e-08 3825172902 1.458727e-08 110318614 1.458727e-08 176241382 1.458727e-08 1063934737 1.458727e-08 2445084109 1.458727e-08 1871304206 1.458727e-08 4185666246 1.458727e-08 1905833305 1.458727e-08 3879652638 1.458727e-08 1924091726 1.458727e-08 1629863604 1.458727e-08 698682927 1.458727e-08 855708858 1.458727e-08 3076001680 1.458727e-08 1493833725 1.458727e-08 1450024594 1.458727e-08 1797275806 1.458727e-08 3378187523 1.458727e-08 564959126 1.458727e-08 3356410364 1.458727e-08 2620273024 1.458727e-08 
2865149.0 0 3373526895 2.023518e-06 149784911 
2867179.0 0 3971437066 1.4e-08 2426951832 
2868953.0 1 1465560917 9.014112e-07 4035587434 
2869619.0 0 360107933 1.400862e-08 1301910447 
2872519.0 0 3373526895 2.023518e-06 2197427154 
2872980.0 0 249938527 1.41384e-08 110439229 
2875496.0 0 1674415855 1.561636e-08 110318614 
2876635.0 1 2246051850 5.3222787e-07 855708858 
2877223.0 2 375852842 2.432e-08 3532745758 4177016268 1.4e-08 
2885847.0 0 375852842 2.432e-08 3981989558 
2887218.0 0 3373526895 2.023518e-06 2197427154 
2888008.0 0 2716949832 1.453546e-08 4105879141 
2893382.0 0 110318614 1.458727e-08 354497373 
2894652.0 1 2246051850 5.4681517e-07 698682927 
2901451.0 3 2649056468 1.400001e-08 250347941 2480753293 1.410234e-08 3251328182 1.410234e-08 
2902804.0 0 3373526895 2.023518e-06 481808867 
2902939.0 0 3373526895 2.023518e-06 3707189490 
2904467.0 1 3373526895 2.03752662e-06 110439229 
2905794.0 3 717226258 2.707013e-08 4004407106 3584287056 1.508033e-08 
2908987.0 1 3373526895 2.05183476e-06 3459912306 
2913459.0 1 373638573 1.00000001424046 879162223 
2914872.0 0 3373526895 2.051835e-06 110358663 
2916611.0 0 2950407739 1.410234e-08 3681452412 
2919129.0 1 3373526895 2.06593734e-06 2341758500 
2919365.0 1 3373526895 2.07994562e-06 360107933 
2926680.0 0 3373526895 2.079946e-06 3971437066 
2931499.0 0 3373526895 2.079946e-06 1734007597 
2931558.0 2 438292632 1.620743e-08 907719639 1661868134 1.4e-08 
2931686.0 0 3190311976 3.151301e-08 3270476896 
2931815.0 1 438292632 3.020743e-08 1661868134 
2932558.0 1 3921011129 6.0247744e-07 2654473721 
2933149.0 1 3373526895 2.0940483400000002e-06 3342541004 
2938082.0 0 3223248356 2.083842e-08 4138371369 
2948740.0 0 481400394 1.41384e-08 1254429415 
2956032.0 2 2584856907 1.4240740000000001e-08 1577969976 3822766993 1.4e-08 
2957149.0 2 3458484829 1.645669e-08 66987975 3730019172 1.4e-08 
2957714.0 3 3690557900 1.4e-08 4105879141 2217687738 1.4e-08 
2958622.0 3 2185291493 1.880981e-08 2222966094 2328187860 1.4e-08 
2959069.0 3 3378187523 1.458727e-08 3363025910 3408999490 1.4e-08 
2961445.0 3 4259593397 3.3655645000000003e-07 871205577 3438744891 1.990395e-08 
2963600.0 3 2286860921 1.41535e-08 2292589682 1501621654 1.4e-08 
2965273.0 3 627452446 2.247175e-08 3971437066 2695808785 1.4e-08 
2966247.0 2 3467386575 2.62598e-08 249938527 399492375 1.4e-08 
2966424.0 1 3373526895 2.108048e-06 2197427154 
2967523.0 0 2185291493 1.880981e-08 2328187860 
2969457.0 1 179097684 7.960718e-07 3707189490 
2971021.0 1 3373526895 2.1222015e-06 538453177 
2974754.0 2 175860597 1.421331e-08 3418547556 213831427 1.4e-08 
2977487.0 1 3921011129 6.1657984e-07 3251328182 
2980353.0 1 179097684 8.1008042e-07 101557930 
2983403.0 0 2780384598 1.410234e-08 1499007652 
2991461.0 1 3373526895 2.136202e-06 1301910447 
2994046.0 0 1906851972 1.426087e-08 1290268226 
2997195.0 2 3330100144 1.497825e-08 220564665 2714424842 1.4e-08 
3001506.0 0 3921011129 6.165798e-07 114837353 
3001530.0 1 3373526895 2.1502020000000002e-06 1499007652 
3001638.0 1 373638573 1.00000002791 1239791232 
3003611.0 0 3373526895 2.150202e-06 1840937626 
3006235.0 0 3921011129 6.165798e-07 1123501568 
3017731.0 0 3373526895 2.150202e-06 2789301560 
3017931.0 1 3373526895 2.16444246e-06 2914302410 
3019456.0 2 287394855 1.430876e-08 2135013218 2282291379 1.4e-08 
3022384.0 0 2733144751 5.661368e-08 783121895 
3025361.0 1 1465560917 9.154112e-07 4177016268 
3027179.0 0 3458484829 1.645669e-08 3458662533 
3033291.0 2 2716949832 1.4637800000000001e-08 2950407739 2654714783 1.4e-08 
3033721.0 3 375852842 1.3999999999999996e-08 4032129539 2993076447 1.5615e-08 2171266278 1.5615e-08 
3035463.0 3 149784911 1.400862e-08 3681452412 771038762 1.4e-08 
3036185.0 0 3467386575 2.62598e-08 2993076447 
3037160.0 1 3373526895 2.178442e-06 2282291379 
3038998.0 3 213831427 1.4e-08 3458662533 2768208421 1.4e-08 
3039579.0 2 250719570 1.842996e-08 3284371529 3297235373 1.4e-08 
3039761.0 2 2125112500 2.7918619999999998e-08 4138371369 776688125 1.4e-08 
3041278.0 2 2185291493 1.922091e-08 2789301560 3663377129 1.4e-08 
3041296.0 0 2185291493 1.922092e-08 3663377129 
3043785.0 1 3373526895 2.1925804e-06 253656606 
3045915.0 0 2171266278 1.5615e-08 1501621654 
3046777.0 1 3373526895 2.2065896200000002e-06 355298688 
3046801.0 1 3373526895 2.2205890000000003e-06 2768208421 
3047145.0 0 1867247157 1.436738e-08 2087527840 
3050461.0 1 3373526895 2.234589e-06 1803012522 
3052016.0 3 1621314342 1.410234e-08 375852842 898071713 1.4e-08 
3061554.0 0 2171266278 1.5615e-08 2780384598 
3072188.0 3 1370908750 1.566e-08 3814978291 220748477 1.4e-08 
3076699.0 0 2919535035 1.41384e-08 1290268226 
3082277.0 3 2716949832 1.463781e-08 2105330617 2470646831 1.4e-08 
3088157.0 1 3373526895 2.25706075e-06 627452446 
3090220.0 3 2171266278 1.5615e-08 1165174376 1965972368 1.4e-08 
3092247.0 1 3373526895 2.27136976e-06 287394855 
3098405.0 1 3921011129 6.307182e-07 238807518 
3098906.0 0 1465560917 9.154112e-07 564959126 
3102599.0 0 2470646831 1.4e-08 2039170765 
3105869.0 2 1072840122 2.120309e-08 2521380987 1426981231 1.4e-08 
3112746.0 1 1465560917 9.294112e-07 3408999490 
3112819.0 2 1867247157 1.4375999999999999e-08 58759274 1535034065 1.4e-08 
3115863.0 1 3373526895 2.2855084e-06 1254429415 
3119385.0 2 4259593397 3.365565e-07 3190311976 1483909303 1.4e-08 846691466 1.751301e-08 
3119527.0 3 4209590891 2.091e-08 3663377129 3623563876 1.4e-08 
3119644.0 1 846691466 3.1513009999999996e-08 1483909303 
3125099.0 3 1960974751 1.921222e-08 73116178 3872525629 1.512403e-08 
3126142.0 1 3373526895 2.30019939e-06 579073438 
3126622.0 2 1797275806 1.482773e-08 2842015324 3827929005 1.4e-08 
3134413.0 3 1871304206 1.458727e-08 213831427 63319263 1.4e-08 
3134822.0 1 3373526895 2.3143535e-06 2746930994 
3140796.0 0 2205180068 4.191e-08 3593659676 
3142415.0 1 3373526895 2.3284914e-06 2919535035 
3143457.0 2 3356410364 1.517454e-08 1493833725 3607398139 1.4e-08 
3144365.0 2 1321648343 2.718612e-08 1960974751 2574253871 1.4e-08 
3144864.0 1 3373526895 2.3424910000000004e-06 2217687738 
3146401.0 3 3715668764 1.400862e-08 2654714783 3830801972 1.4e-08 
3148823.0 0 2445084109 1.458727e-08 3528332227 
3164953.0 1 3373526895 2.356491e-06 3623563876 
3165982.0 2 3983774618 2.106014e-08 3872525629 3673394291 1.4e-08 
3167869.0 1 4259593397 3.5114377e-07 1871304206 
3176526.0 1 1465560917 9.4377858e-07 3633199892 
3179203.0 0 2110688926 1.460028e-08 3607398139 
3179982.0 1 3921011129 6.447182e-07 3824375258 
3185472.0 1 3373526895 2.37059334e-06 1621314342 
3187245.0 3 636961411 1.4000000000000001e-08 3655816389 2748669076 1.407523e-08 1220275327 1.407523e-08 
3188201.0 0 783121895 2.061798e-08 776688125 
3201640.0 1 3921011129 6.5893151e-07 175860597 
3203071.0 1 3373526895 2.38705069e-06 3458484829 
3203437.0 3 2470646831 1.4e-08 898071713 4188119649 1.4e-08 
3205445.0 3 2655011401 1.41384e-08 3607398139 1275089537 1.4e-08 
3214481.0 3 3330100144 1.497825e-08 776688125 3700209637 1.4e-08 
3219019.0 0 3715668764 1.400862e-08 826924968 
3220474.0 1 3373526895 2.4289599999999997e-06 2205180068 
3226565.0 0 3921011129 6.589315e-07 3700209637 
3237574.0 3 1063934737 1.458727e-08 3700209637 3320450569 1.4e-08 
3237657.0 2 3940915008 1.7708939999999997e-08 2584856907 4148810631 1.4e-08 
3245369.0 0 847040419 1.41535e-08 4156410056 
3246245.0 1 3373526895 2.4429600000000003e-06 2649056468 
3246271.0 1 373638573 1.00000001410234 72955594 
3264671.0 1 1593891639 1.0131117999999999e-07 3320450569 
3269071.0 1 3373526895 2.45696862e-06 85224627 
3271208.0 3 2710766136 1.399999e-08 4185666246 1268185054 1.424864e-08 2900628886 1.424864e-08 
3277938.0 0 3373526895 2.456969e-06 2574253871 
3279722.0 1 3373526895 2.47150446e-06 3167902617 
3280304.0 1 3373526895 2.485505e-06 3673394291 
3284365.0 1 179097684 8.240804e-07 2328187860 
3286580.0 0 2353028958 1.410234e-08 3827929005 
3289378.0 3 3825172902 1.458727e-08 769315986 3866772787 1.4e-08 
3297652.0 3 1130108289 1.424046e-08 354497373 2056593038 1.4e-08 
3302200.0 1 3373526895 2.49960734e-06 2780384598 
3305919.0 3 438292632 1.4000009999999996e-08 790319072 1140472632 1.929913e-08 2774448923 1.929913e-08 
3314636.0 1 3373526895 2.5137454e-06 2065940037 
3317250.0 2 426576124 8.730961399999999e-07 2519559028 975973597 1.482198e-08 933412597 1.482198e-08 927207199 1.482198e-08 2231250662 1.482198e-08 3085765731 1.482198e-08 1403954297 1.482198e-08 102828162 1.482198e-08 
3318307.0 0 2695808785 1.4e-08 932943525 
3322791.0 1 3373526895 2.52833227e-06 1063934737 
3326417.0 0 481808867 1.561247e-08 1517815290 
3328052.0 1 1465560917 9.6461702e-07 3223248356 
3329941.0 0 1449522982 1.400862e-08 2426951832 
3331727.0 3 1130108289 1.424046e-08 63319263 3962269793 1.4e-08 
3332439.0 0 4259593397 3.511438e-07 3356410364 
3336965.0 1 373638573 1.00000002791 2956861855 
3347011.0 1 4259593397 3.652822e-07 682911345 
3359856.0 2 1848242772 1.9490140000000003e-08 3016084464 604674024 1.4e-08 
3375092.0 1 3373526895 2.54297081e-06 2716949832 
3376952.0 1 373638573 1.000000014 1501621654 
3381473.0 1 1465560917 9.788574600000001e-07 2118016430 
3391721.0 1 3373526895 2.55832208e-06 2892683898 
3396759.0 3 1593891639 9.988651e-08 1840937626 4175762635 1.556309e-08 
3397864.0 0 3921011129 6.589315e-07 2348040613 
3400639.0 0 1465560917 9.788575e-07 1629863604 
3404474.0 0 250719570 1.842996e-08 3297235373 
3404521.0 1 3373526895 2.579232e-06 4209590891 
3411087.0 0 1820499179 1.41535e-08 3497999925 
3411412.0 0 3921011129 6.589315e-07 932943525 
3427112.0 1 179097684 8.380890200000001e-07 3715668764 
3430424.0 1 179097684 8.52089e-07 2470646831 
3440043.0 0 3373526895 2.579232e-06 4188119649 
3442169.0 0 1848242772 1.949014e-08 481808867 
3457588.0 1 3373526895 2.59324062e-06 1449522982 
3475014.0 0 2774448923 1.929913e-08 1426981231 
3478510.0 0 2655011401 1.41384e-08 481400394 
3501610.0 1 3921011129 6.730698999999999e-07 4088691616 
3511408.0 1 3373526895 2.6072410000000003e-06 1290268226 
3513743.0 0 2185291493 1.922092e-08 2695808785 
3521226.0 0 2909632847 1.446974e-08 114837353 
3530380.0 0 1246511018 4.099048e-08 4122240121 
3535031.0 3 410848061 1.41535e-08 762210064 3421068049 1.4e-08 
3544237.0 0 3356410364 1.517455e-08 564959126 
3550737.0 3 3707879645 1.41535e-08 3006103420 4106915849 1.4e-08 
3552559.0 0 3373526895 2.607241e-06 3730019172 
3557357.0 0 1220275327 1.407523e-08 2348040613 
3564907.0 0 426576124 8.730961e-07 102828162 
3567954.0 1 3373526895 2.621241e-06 2574253871 
3569153.0 0 110358663 2.152685e-08 564959126 
3571451.0 1 3921011129 6.870699e-07 2426951832 
3576371.0 3 2909632847 1.446974e-08 1535034065 3953247145 1.4e-08 
3579969.0 0 4122240121 2.791e-08 3822766993 
3587157.0 0 2110688926 1.460028e-08 3149440925 
3596618.0 0 3373526895 2.621241e-06 932943525 
3601108.0 0 3373526895 2.621241e-06 826924968 
3610946.0 0 3373526895 2.621241e-06 826924968 
3619206.0 3 3314075649 1.413869e-08 405521437 977281884 1.4e-08 
3622360.0 3 1820499179 1.41535e-08 3822766993 335748715 1.4e-08 
3623973.0 0 4259593397 3.652822e-07 2378434411 
3641755.0 1 3373526895 2.6352410000000003e-06 4188119649 
3647312.0 0 3373526895 2.635241e-06 932943525 
3649018.0 0 3330100144 1.497825e-08 1867247157 
3657056.0 1 3373526895 2.649241e-06 826924968 
3659581.0 0 1553963666 1.410234e-08 2348040613 
3667168.0 1 3373526895 2.66694994e-06 3940915008 
3670890.0 3 1434498202 1.4000000000000001e-08 4156410056 3863839146 1.40242e-08 2025893757 1.40242e-08 
3680908.0 0 2620273024 1.458727e-08 1905833305 
3690379.0 3 1593891639 8.74977e-08 740082705 1090143039 1.664939e-08 4013164456 1.664939e-08 
3725015.0 0 2733144751 5.661368e-08 1370908750 
3726981.0 1 373638573 1.00000001424046 1803925302 
3736048.0 2 2246051850 8.4053605e-07 4259593397 253060996 1.431225e-08 3578947201 1.431225e-08 571790981 1.431225e-08 517786421 1.431225e-08 2308303797 1.431225e-08 
3740631.0 1 2246051850 8.546895e-07 3707879645 
3745279.0 0 2246051850 8.546895e-07 552380491 
3748472.0 1 2909632847 2.846974e-08 2039170765 
3753798.0 0 717226258 2.707013e-08 3584287056 
3767309.0 1 2246051850 8.689381399999999e-07 1268185054 
3772416.0 3 3099973400 1.613954e-08 2695808785 2256454524 1.4e-08 
3774695.0 0 2445084109 1.458727e-08 2980075456 
3774884.0 0 2110688926 1.460028e-08 3827929005 
3775311.0 0 179097684 8.52089e-07 3099973400 
3785829.0 2 1465560917 9.788576399999993e-07 2246051850 2316491956 2.75817e-07 921835634 1.412193e-08 2606270759 1.412193e-08 4081327903 1.412193e-08 4108567391 1.412193e-08 4281208133 1.412193e-08 1179141501 1.412193e-08 3325553423 1.412193e-08 4124564224 1.412193e-08 1852572783 1.412193e-08 2233621492 1.412193e-08 3229926557 1.412193e-08 2972065009 1.412193e-08 1823433846 1.412193e-08 4052933330 1.412193e-08 2601128578 1.412193e-08 3239027265 1.412193e-08 3357191835 1.412193e-08 2437059955 1.412193e-08 486617589 1.412193e-08 445707895 1.412193e-08 3750558344 1.412193e-08 2800683865 1.412193e-08 480183180 1.412193e-08 3892593010 1.412193e-08 776375684 1.412193e-08 1678023283 1.412193e-08 2118254765 1.412193e-08 3580551846 1.412193e-08 3446120764 1.412193e-08 248789546 1.412193e-08 3416864524 1.412193e-08 2130045942 1.412193e-08 14462253 1.412193e-08 1937837823 1.412193e-08 2252599940 1.412193e-08 2922107309 1.412193e-08 3961635192 1.412193e-08 917430777 1.412193e-08 3767002695 1.412193e-08 4078497741 1.412193e-08 3132125139 1.412193e-08 3242796679 1.412193e-08 
3785829.0 1 2316491956 2.8993893e-07 921835634 
3785829.0 1 2316491956 3.0406083e-07 3242796679 
3785829.0 1 2316491956 3.1818283e-07 3132125139 
3785829.0 1 2316491956 3.3230473e-07 2606270759 
3785829.0 1 2316491956 3.4642662999999996e-07 4078497741 
3785829.0 1 2316491956 3.6054863e-07 4081327903 
3786243.0 1 2800683865 2.824386e-08 3750558344 
3786866.0 1 1465560917 9.9297943e-07 4052933330 
3791583.0 0 1736323711 2.166063e-08 3356410364 
3799083.0 1 179097684 8.6822854e-07 3099973400 
3800908.0 1 1465560917 1.00710133e-06 2601128578 
3812197.0 0 2130045942 1.412193e-08 4256642775 
3812334.0 0 4013164456 1.664939e-08 2087527840 
3827471.0 3 3866772787 1.4e-08 1856937876 444974319 1.4e-08 
3856286.0 1 1465560917 1.02122293e-06 2118254765 
3875754.0 3 1321648343 2.718611e-08 438292632 3734593757 1.4e-08 
3877671.0 1 3373526895 2.68095e-06 4256642775 
3877907.0 3 2087527840 1.41384e-08 3730019172 759964359 1.4e-08 
3878089.0 1 3373526895 2.6949500000000003e-06 3953247145 
3882380.0 0 2932274237 2.445042e-08 2710766136 
3886107.0 0 2980075456 1.410234e-08 1275089537 
3889160.0 0 1140472632 1.929913e-08 1130108289 
3889388.0 0 14462253 1.412193e-08 1852572783 
3895091.0 0 3921011129 6.870699e-07 1517815290 
3896862.0 0 1275089537 1.4e-08 3297235373 
3906565.0 1 3921011129 7.010699e-07 3734593757 
3919587.0 1 1465560917 1.03534493e-06 2130045942 
3931764.0 0 2655011401 1.41384e-08 3962269793 
3939944.0 0 1230311851 1.458727e-08 486617589 
3944148.0 0 1820499179 1.41535e-08 2922107309 
3946976.0 1 3373526895 2.7091035e-06 2286860921 
3949687.0 1 2800683865 4.2243869999999996e-08 771038762 
3953598.0 0 1465560917 1.035345e-06 3961635192 
3958768.0 0 2252599940 1.412193e-08 1275089537 
3959701.0 3 4148810631 1.4e-08 932943525 111235536 1.4e-08 
3961231.0 1 1465560917 1.12284271e-06 1593891639 
3972498.0 1 1465560917 1.13696493e-06 3239027265 
3974443.0 1 3921011129 7.221300400000001e-07 3983774618 
3991629.0 3 2125112500 2.440565e-08 1541925803 1490861810 2.360615e-08 
4016645.0 1 3373526895 2.72471647e-06 481808867 
4017955.0 1 3373526895 2.7388695e-06 847040419 
4019472.0 0 3921011129 7.2213e-07 1382686479 
4023450.0 1 1465560917 1.15127725e-06 253060996 
4029745.0 0 134948105 1.461174e-08 2714424842 
4038988.0 0 110358663 2.152685e-08 3593659676 
4045030.0 0 1797275806 1.482773e-08 3962269793 
4045741.0 2 1678023283 1.424386e-08 1852572783 845186953 1.4e-08 
4059332.0 3 1678023283 1.424387e-08 444974319 2279859862 1.4e-08 
4063580.0 0 846691466 3.151301e-08 636961411 
4064223.0 0 14462253 1.412193e-08 3325553423 
4073412.0 2 933412597 1.506244e-08 1249238030 1407916447 1.4e-08 
4077807.0 0 480183180 1.412193e-08 1407916447 
4077815.0 1 480183180 2.824386e-08 2437059955 
4086816.0 0 1321648343 2.718611e-08 3866772787 
4093497.0 0 2937387076 2.791e-08 3827929005 
4105572.0 1 2125112500 4.80118e-08 1490861810 
4123717.0 0 1937837823 1.412193e-08 1426981231 
4130213.0 1 373638573 1.00000001424046 3528332227 
4139147.0 1 1465560917 1.16539893e-06 2972065009 
4139874.0 1 3921011129 7.3671727e-07 1924091726 
4145556.0 1 1465560917 1.179399e-06 845186953 
4151428.0 0 3373526895 2.73887e-06 1321648343 
4155475.0 2 77395223 2.1216999999999997e-08 410848061 3539250331 1.4e-08 
4160169.0 1 179097684 8.822285e-07 2256454524 
4160969.0 2 1797275806 1.507637e-08 2900628886 2929070229 1.4e-08 
4165028.0 0 1465560917 1.179399e-06 3438744891 
4175628.0 3 3321237907 1.482475e-08 964813250 368451981 1.4e-08 
4200784.0 0 2316491956 3.605486e-07 1797275806 
4224753.0 1 1465560917 1.19364287e-06 1678023283 
4225362.0 1 1465560917 1.20795525e-06 3578947201 
4246717.0 0 486617589 1.412193e-08 302486611 
4254277.0 2 975973597 1.489721e-08 2438291630 3340012098 1.4e-08 
4255797.0 0 1035492323 2.791e-08 4069401935 
4259791.0 1 3921011129 7.582441500000001e-07 110358663 
4267618.0 0 134948105 1.461174e-08 3076001680 
4278500.0 1 3921011129 7.722528200000001e-07 149784911 
4279745.0 1 3373526895 2.7660561100000003e-06 1321648343 
4282099.0 0 3076001680 1.458727e-08 2025893757 
4283083.0 0 1736323711 2.166063e-08 1370908750 
4286056.0 0 3373526895 2.766056e-06 134948105 
4289859.0 0 1674415855 1.561636e-08 1553963666 
4290272.0 0 517786421 1.431225e-08 3357191835 
4301323.0 0 3825172902 1.458727e-08 2087527840 
4319048.0 3 3830801972 1.4e-08 1965972368 3876565829 1.4e-08 
4342071.0 0 3229926557 1.412193e-08 2056593038 
4348944.0 1 179097684 8.963308400000001e-07 114837353 
4365802.0 3 4013164456 1.601544e-08 571790981 2937776487 1.49462e-08 
4375602.0 3 3866772787 1.4e-08 3830801972 4232177374 1.4e-08 
4390463.0 3 1370908750 1.566e-08 3876565829 34775558 1.4e-08 
4391381.0 1 1465560917 1.2220769299999999e-06 3446120764 
4411079.0 0 179097684 8.963309e-07 3866772787 
4427605.0 0 3314075649 1.413869e-08 1734007597 
4437414.0 0 1072840122 2.120309e-08 3539250331 
4454520.0 2 717226258 2.719206e-08 3325553423 747443871 1.4e-08 
4459000.0 1 176241382 2.858727e-08 1407916447 
4470033.0 0 77395223 2.1217e-08 3149440925 
4504674.0 0 2993076447 1.5615e-08 2066612683 
4517308.0 0 3642829293 1.802926e-08 481400394 
4526004.0 3 2909632847 1.4000000000000001e-08 2087527840 2640871332 1.430407e-08 2542288242 1.430407e-08 
4529256.0 3 486617589 1.412193e-08 3539250331 1056843563 1.4e-08 
4534095.0 2 3879652638 1.482773e-08 1130108289 303951786 1.4e-08 
4536203.0 0 3642829293 1.802926e-08 1820499179 
4550703.0 2 3467386575 2.639849e-08 3314075649 834694043 1.4e-08 
4562783.0 1 2125112500 6.202042e-08 1965662198 
4565879.0 1 373638573 1.00000004099048 1246511018 
4573145.0 1 2316491956 3.7467052999999997e-07 3767002695 
4577942.0 3 1896745001 1.42429e-08 1517815290 3563967453 1.4e-08 
4602273.0 0 2733144751 5.661368e-08 1140472632 
4602856.0 1 179097684 9.103309e-07 3866772787 
4603155.0 2 564959126 1.47092e-08 486617589 2046636587 1.4e-08 
4627863.0 0 3373526895 2.766056e-06 335748715 
4627912.0 0 3373526895 2.766056e-06 335748715 
4632660.0 0 3373526895 2.766056e-06 3356410364 
4634862.0 0 3443287411 1.491916e-08 1867247157 
4636259.0 0 3356410364 1.517455e-08 335748715 
4637595.0 0 1465560917 1.222077e-06 3076001680 
4650936.0 1 373638573 1.00000001507636 1797275806 
4651427.0 2 2774448923 2.1948520000000003e-08 1090143039 248584559 1.4e-08 
4659073.0 1 373638573 1.000001014 604674024 
4664580.0 0 564959126 1.470921e-08 2480753293 
4672012.0 1 1465560917 1.2361989299999998e-06 14462253 
4691630.0 3 2932274237 2.445042e-08 303951786 2069589902 1.4e-08 
4693431.0 3 2326007700 1.399999e-08 4260098875 1235889872 1.442474e-08 3775520932 1.442474e-08 
4704317.0 1 373638573 1.000001014 2714424842 
4706367.0 2 2993076447 1.590783e-08 2378434411 3189348033 1.4e-08 
4724669.0 1 179097684 9.2955182e-07 2185291493 
4729005.0 0 3642829293 1.802926e-08 2929070229 
4764033.0 0 2800683865 4.224387e-08 1035492323 
4775249.0 1 3373526895 2.7800560000000003e-06 2909632847 
4779944.0 1 3373526895 2.794056e-06 3962269793 
4783647.0 1 3373526895 2.8083600700000003e-06 2542288242 
4793032.0 3 1382686479 1.424046e-08 2348040613 3568714221 1.4e-08 
4796030.0 3 1842102965 2.091e-08 2056593038 1972280475 1.4e-08 
4797604.0 2 1736323711 2.1762969999999998e-08 2353028958 1620253739 1.4e-08 
4801765.0 0 15308464 1.49271e-08 759964359 
4807826.0 0 2125112500 6.202042e-08 368451981 
4808110.0 3 2125112500 3.7973419999999994e-08 368451981 36858200 1.90235e-08 3600207777 1.90235e-08 
4814704.0 1 3921011129 7.8685308e-07 2110688926 
4818706.0 0 2733144751 5.661368e-08 3593659676 
4829825.0 1 1465560917 1.250199e-06 1972280475 
4831359.0 2 3330100144 1.5080590000000003e-08 695939830 2738098750 1.4e-08 
4833002.0 1 3921011129 8.009914999999999e-07 2655011401 
4834220.0 0 651046398 1.410234e-08 3270476896 
4835945.0 3 3467386575 2.534467e-08 2993076447 896341566 1.696165e-08 
4836633.0 3 2937387076 2.791e-08 2710766136 2503507209 1.4e-08 
4843941.0 1 3373526895 2.82266407e-06 2640871332 
4850587.0 0 2937776487 1.49462e-08 3416864524 
4854223.0 2 445707895 1.424386e-08 1179141501 471811031 1.4e-08 
4859769.0 1 1465560917 1.2781090000000001e-06 1035492323 
4862647.0 1 1465560917 1.29318933e-06 3584287056 
4877269.0 0 1123501568 2.791e-08 651046398 
4889411.0 2 3373526895 2.822664e-06 2733144751 3064549276 1.4e-08 1863970860 1.420456e-08 1149964213 1.420456e-08 3152769946 1.420456e-08 
4889412.0 1 3373526895 2.8368685599999998e-06 1149964213 
4889510.0 0 1863970860 1.420456e-08 4148810631 
4917706.0 0 179097684 9.295518e-07 4232177374 
4930997.0 1 3921011129 8.149915e-07 3297235373 
4931040.0 1 179097684 9.435518e-07 3690557900 
4935773.0 1 373638573 1.0000010141534998 1428265047 
4943763.0 1 3373526895 2.85863097e-06 1736323711 
4949884.0 3 3416864524 1.412193e-08 2279859862 988314595 1.4e-08 
4950480.0 0 3921011129 8.149915e-07 250719570 
4980144.0 0 2748669076 1.407523e-08 248584559 
4982197.0 0 176241382 2.858727e-08 3229926557 
4988409.0 1 3373526895 2.872631e-06 1227575429 
4988706.0 1 3373526895 2.88683556e-06 1863970860 
4993694.0 3 2800683865 1.4e-08 975973597 497778995 1.438036e-08 1776728451 1.438036e-08 1897972748 1.438036e-08 
4996590.0 1 2932274237 4.141207e-08 896341566 
5008149.0 0 4122240121 2.791e-08 4281208133 
5009995.0 1 3373526895 2.9020105500000003e-06 3356410364 
5028166.0 3 3593732192 2.091e-08 1275089537 340569875 1.4e-08 
5029895.0 1 1465560917 1.3092044400000001e-06 4013164456 
5032467.0 0 3921011129 8.149915e-07 471811031 
5041906.0 0 2125112500 3.797342e-08 36858200 
5050516.0 1 3373526895 2.91767e-06 1370908750 
5071249.0 1 3373526895 2.93187456e-06 3152769946 
5089948.0 0 3149440925 1.424046e-08 2980075456 
5116219.0 0 3593732192 2.091e-08 340569875 
5128368.0 1 3373526895 2.9461154600000002e-06 3149440925 
5141520.0 1 373638573 1.00000102791 3988949870 
5164299.0 1 179097684 9.575518e-07 4232177374 
5169182.0 0 3825172902 1.458727e-08 340569875 
5180028.0 0 3892593010 1.412193e-08 3270476896 
5190204.0 0 2503507209 1.4e-08 3421068049 
5199898.0 1 426576124 8.8721803e-07 4124564224 
5210495.0 3 2125112500 1.4e-08 3497999925 4292574364 1.898671e-08 760568606 1.898671e-08 
5231772.0 1 2316491956 3.8905086e-07 497778995 
5234233.0 3 2480753293 1.410234e-08 248584559 3168933829 1.4e-08 
5237128.0 3 846691466 1.3999990000000003e-08 1553963666 3269561540 1.580768e-08 2567419240 1.580768e-08 
5243226.0 0 3330100144 1.50806e-08 1056843563 
5251343.0 0 3879652638 1.482773e-08 2738098750 
5255098.0 0 3416864524 1.412193e-08 2929070229 
5265881.0 3 3600207777 1.6648210000000002e-08 3580551846 156734636 1.649722e-08 
5267700.0 0 1593850299 2.791e-08 3642829293 
5269717.0 3 2069589902 1.4e-08 977281884 1998405125 1.4e-08 
5284399.0 2 110318614 1.47092e-08 917430777 2067231467 1.4e-08 
5294000.0 1 373638573 1.000001014 3340012098 
5316463.0 1 1465560917 1.323205e-06 3563967453 
5317225.0 0 2316491956 3.890509e-07 1734007597 
5332146.0 0 2066612683 1.561247e-08 2067231467 
5340030.0 1 3921011129 8.291299e-07 481400394 
5360250.0 0 3961635192 1.412193e-08 2069589902 
5382524.0 2 2567419240 1.742404e-08 1674415855 1175631744 1.4e-08 
5384396.0 0 134948105 1.461174e-08 552380491 
5398993.0 1 3921011129 8.433907699999999e-07 1906851972 
5421487.0 1 1465560917 1.33732693e-06 2252599940 
5429757.0 1 373638573 1.000001014 302486611 
5461179.0 0 3593732192 2.091e-08 2922107309 
5468176.0 0 3373526895 2.946115e-06 3270476896 
5471510.0 0 2980075456 1.410234e-08 111235536 
5477979.0 0 1230311851 1.458727e-08 3884425642 
5481504.0 0 3921011129 8.433907e-07 564959126 
5491885.0 0 3330100144 1.50806e-08 3827929005 
5498568.0 3 176241382 2.5349779999999998e-08 2929070229 797182755 1.723749e-08 
5510584.0 0 4292574364 1.898671e-08 3321237907 
5522539.0 0 179097684 9.575518e-07 34775558 
5526764.0 3 1230311851 1.458727e-08 1998405125 2126166399 1.4e-08 
5534713.0 1 3373526895 2.96012362e-06 3270476896 
5550887.0 1 373638573 1.00000102791 3462747 
5562612.0 0 1434594601 2.791e-08 988314595 
5572501.0 3 4122240121 1.438325e-08 564959126 947239549 1.411798e-08 363773044 1.411798e-08 
5581106.0 2 1235889872 1.454667e-08 4281208133 2269474534 1.4e-08 
5589648.0 1 373638573 1.00000101412193 248789546 
5621999.0 0 179097684 9.575518e-07 34775558 
5623425.0 2 3269561540 1.618804e-08 1897972748 3269595313 1.4e-08 
5634799.0 2 797182755 1.8156650000000003e-08 3443287411 113847314 1.4e-08 
5635258.0 0 4292574364 1.898671e-08 2480753293 
5658625.0 1 2316491956 4.0317282999999997e-07 3961635192 
5673248.0 2 4122240121 1.4505180000000001e-08 1937837823 2262899028 1.4e-08 
5734767.0 0 1867247157 1.437599e-08 2126166399 
5737777.0 1 3921011129 8.575290999999999e-07 1734007597 
5755625.0 1 179097684 9.715518e-07 111235536 
5779993.0 1 1465560917 1.3514805e-06 4283280385 
5792960.0 0 36858200 1.90235e-08 3892593010 
5797480.0 0 3642829293 1.802926e-08 1896745001 
5805171.0 0 3373526895 2.960124e-06 2980075456 
5807002.0 0 3593732192 2.091e-08 760568606 
5834115.0 0 3921011129 8.575291e-07 1593850299 
5843100.0 2 3269561540 1.67753e-08 3378187523 533303172 1.4e-08 
5845489.0 3 2937387076 2.791e-08 3421068049 3088767360 1.4e-08 
5848437.0 0 179097684 9.715518e-07 34775558 
5862799.0 0 445707895 1.424387e-08 988314595 
5887123.0 3 921425487 2.791e-08 1175631744 3148243291 1.4e-08 
5920513.0 0 179097684 9.715518e-07 34775558 
5920586.0 1 3921011129 8.7214084e-07 134948105 
5925694.0 1 179097684 9.994618e-07 1593850299 
5966037.0 0 4175762635 1.556309e-08 3083717413 
5968254.0 3 3593732192 2.009547e-08 2046636587 1560482238 1.481453e-08 
5982121.0 1 3373526895 2.9784655e-06 3433591204 
5990367.0 0 4292574364 1.898671e-08 3357191835 
5992661.0 1 3373526895 2.992466e-06 759964359 
6000203.0 1 2316491956 4.171728e-07 2125112500 
6012535.0 0 1465560917 1.35148e-06 921425487 
6013999.0 0 480183180 2.824387e-08 335748715 
6046696.0 3 445707895 1.424387e-08 3064549276 3480422963 1.4e-08 
6054046.0 0 2316491956 4.171728e-07 1820499179 
6060592.0 1 3373526895 3.00705327e-06 3076001680 
6064240.0 0 4292574364 1.898671e-08 2620273024 
6110233.0 1 3373526895 3.0211914e-06 552380491 
6117477.0 1 1465560917 1.3715754699999999e-06 3593732192 
6130514.0 2 4122240121 1.460753e-08 651046398 312808672 1.4e-08 
6142383.0 2 3642829293 1.870353e-08 3600207777 1563060474 1.597395e-08 
6144910.0 3 3892593010 1.412193e-08 3148243291 3296634473 1.4e-08 
6169616.0 1 1465560917 1.3856002e-06 3863839146 
6186142.0 3 1896745001 1.42429e-08 3088767360 1366354821 1.4e-08 
6195284.0 0 2870158420 2.611431e-08 1002680420 
6209718.0 3 2262899028 1.4e-08 2738098750 2272534990 1.4e-08 
6231187.0 2 3467386575 2.593194e-08 1450024594 2900348596 1.4e-08 
6238834.0 3 2066612683 1.561247e-08 3269595313 3828169649 1.4e-08 
6263769.0 0 15308464 1.49271e-08 110318614 
6273146.0 0 2025893757 1.40242e-08 4106915849 
6292744.0 3 2025893757 1.40242e-08 846691466 3867217197 1.4e-08 
6302222.0 2 2066612683 1.573045e-08 947239549 466180878 1.4e-08 
6317021.0 1 3373526895 3.035191e-06 2272534990 
6352895.0 0 1465560917 1.3856e-06 2900348596 
6369422.0 1 373638573 1.00000101412193 776375684 
6373199.0 1 3373526895 3.0491910000000003e-06 3296634473 
6375761.0 0 1140472632 1.929913e-08 3416864524 
6387613.0 3 2937387076 1.399999e-08 1230311851 3790847783 1.424864e-08 2747516691 1.424864e-08 
6397927.0 1 179097684 1.01356414e-06 2980075456 
6410629.0 1 3921011129 8.861409e-07 466180878 
6432565.0 0 110318614 1.470921e-08 2747516691 
6447029.0 0 3321237907 1.482475e-08 312808672 
6447114.0 0 1465560917 1.3856e-06 1123501568 
6455259.0 0 717226258 2.719206e-08 747443871 
6546771.0 0 3921011129 8.861409e-07 220748477 
6553063.0 0 4292574364 1.898671e-08 3827929005 
6565848.0 3 2066612683 1.573044e-08 1056843563 3261492807 1.4e-08 
6575312.0 0 2900348596 1.4e-08 2503507209 
6600479.0 3 480183180 2.191214e-08 1220275327 702973591 2.040696e-08 
6600786.0 1 3373526895 3.070101e-06 1842102965 
6604197.0 0 426576124 8.872181e-07 1820499179 
6617981.0 0 702973591 2.040696e-08 3828169649 
6622197.0 1 3921011129 9.0072817e-07 1629863604 
6634837.0 1 3921011129 9.147281e-07 3867217197 
6640093.0 1 1465560917 1.3997219299999998e-06 1823433846 
6661356.0 1 2316491956 4.313263e-07 3083717413 
6699819.0 0 1123501568 2.791e-08 2774448923 
6714530.0 0 2025893757 1.40242e-08 220748477 
6740829.0 1 3373526895 3.08752504e-06 2567419240 
6740980.0 1 3373526895 3.1015250000000003e-06 4148810631 
6751720.0 1 179097684 1.027564e-06 220748477 
6759808.0 1 373638573 1.000001014 471811031 
6774614.0 1 1465560917 1.4145497300000002e-06 3879652638 
6829817.0 1 3921011129 9.2885003e-07 2233621492 
6834062.0 0 921425487 2.791e-08 15308464 
6834730.0 0 1465560917 1.41455e-06 1820499179 
6838446.0 0 179097684 1.027564e-06 34775558 
6871193.0 3 2445084109 1.458727e-08 4106915849 1297296453 1.4e-08 
6900671.0 1 179097684 1.04193999e-06 1867247157 
6910105.0 0 2316491956 4.313263e-07 747443871 
6931351.0 0 2316491956 4.313263e-07 36858200 
6978517.0 0 2171266278 1.5615e-08 2937776487 
7015408.0 1 3373526895 3.11576546e-06 4093093422 
7024851.0 3 1620253739 1.4e-08 2069589902 4013438285 1.4e-08 
7032779.0 0 3892593010 1.412193e-08 3480422963 
7035704.0 1 3373526895 3.1300098699999997e-06 445707895 
7061735.0 1 3921011129 9.428500999999999e-07 2262899028 
7076052.0 3 533303172 1.4e-08 2800683865 199297112 1.4e-08 
7097141.0 0 1563060474 1.597395e-08 3189348033 
7110640.0 0 921425487 2.791e-08 2445084109 
7114091.0 1 3921011129 9.568501000000001e-07 3168933829 
7151304.0 0 1123501568 2.791e-08 3480422963 
7166100.0 1 3642829293 3.270352e-08 2937387076 
7177187.0 0 179097684 1.04194e-06 1703904600 
7183255.0 1 179097684 1.05594e-06 1703904600 
7263902.0 1 3373526895 3.15792e-06 1123501568 
7286141.0 0 3373526895 3.15792e-06 2747516691 
7331283.0 0 3373526895 3.15792e-06 156734636 
7353666.0 0 2316491956 4.313263e-07 1140472632 
7355030.0 0 3373526895 3.15792e-06 2025893757 
7363537.0 0 4175762635 1.556309e-08 2900348596 
7364340.0 0 3921011129 9.568501e-07 1560482238 
7379269.0 1 3921011129 9.708501e-07 533303172 
7400374.0 3 2748669076 1.407523e-08 2269474534 1780437574 1.4e-08 
7425349.0 0 3373526895 3.15792e-06 3261492807 
7430973.0 0 110318614 1.470921e-08 636961411 
7431837.0 1 3373526895 3.17204193e-06 3357191835 
7452211.0 0 1465560917 1.41455e-06 1235889872 
7473746.0 1 3921011129 9.848501e-07 1366354821 
7474743.0 1 373638573 1.00000101649722 156734636 
7476986.0 3 1434594601 1.4658859999999997e-08 702973591 1441326850 1.682905e-08 1869505131 1.682905e-08 
7531799.0 0 760568606 1.898671e-08 2748669076 
7552021.0 1 3373526895 3.199951e-06 921425487 
7575745.0 0 1465560917 1.41455e-06 2744143284 
7599733.0 0 249728555 2.091e-08 3189348033 
7641553.0 1 2316491956 4.4542864000000003e-07 2480753293 
7646177.0 3 2748669076 1.407523e-08 113847314 792228939 1.4e-08 
7705953.0 1 2316491956 4.663387e-07 249728555 
7747812.0 1 2316491956 4.803387e-07 2900348596 
7768099.0 2 3321237907 1.541202e-08 3825172902 3805166987 1.4e-08 
7791948.0 1 3373526895 3.213951e-06 199297112 
7814814.0 0 3373526895 3.213951e-06 3827929005 
7860078.0 1 3373526895 3.2279510000000004e-06 3827929005 
7867656.0 0 2774448923 2.194852e-08 1560482238 
7880702.0 1 1465560917 1.42855e-06 1156624510 
7880935.0 3 3642829293 1.4e-08 834694043 3673152909 1.635176e-08 3654632673 1.635176e-08 
7901668.0 0 2261252686 2.791e-08 399492375 
7909941.0 0 2066612683 1.573044e-08 312808672 
7918619.0 1 3373526895 3.24255853e-06 4122240121 
7921206.0 0 3673152909 1.635176e-08 1565786989 
7969946.0 2 480183180 2.689884e-08 760568606 717671056 1.4e-08 
8049789.0 3 4013438285 1.4e-08 3480422963 3858463531 1.4e-08 
8061061.0 0 2316491956 4.803387e-07 1563060474 
8202053.0 1 373638573 1.00000101458727 2445084109 
8216204.0 1 3921011129 9.988501e-07 3261492807 
8228022.0 1 1465560917 1.44325921e-06 110318614 
8247757.0 0 1441326850 1.682905e-08 1560482238 
8323498.0 1 373638573 1.00000101438036 1776728451 
8324364.0 1 1465560917 1.457259e-06 747443871 
8342147.0 1 2316491956 5.009566799999999e-07 783121895 
8398092.0 3 2066612683 1.573044e-08 3189348033 1421662397 1.4e-08 
8410918.0 2 2316491956 5.1308555e-07 873214132 1367591863 1.578105e-08 
8411421.0 1 2316491956 5.2886665e-07 1367591863 
8411760.0 1 3269561540 3.172151e-08 2937776487 
8450945.0 1 3373526895 3.25714627e-06 2620273024 
8530210.0 0 1563060474 1.597395e-08 3892593010 
8541069.0 0 1465560917 1.457259e-06 340569875 
8619306.0 0 3921011129 9.988501e-07 2066612683 
8642475.0 0 3373526895 3.257146e-06 3828169649 
8647857.0 0 2316491956 5.288666e-07 3330100144 
8677440.0 0 3176785673 2.791e-08 3321237907 
8683126.0 1 2316491956 5.428666e-07 3828169649 
8704299.0 1 1465560917 1.48260879e-06 176241382 
8709816.0 1 3921011129 1.01520186e-06 3673152909 
8770964.0 1 3269561540 4.57215e-08 1297296453 
8778855.0 0 3467386575 2.593195e-08 2922107309 
8857230.0 0 3858463531 1.4e-08 4013438285 
8861911.0 0 3654632673 1.635176e-08 2171266278 
8905923.0 1 3373526895 3.2753026500000003e-06 797182755 
8909687.0 0 3373526895 3.275303e-06 3775520932 
8918822.0 1 1465560917 1.50190813e-06 1140472632 
8945354.0 1 3921011129 1.029202e-06 1620253739 
9004756.0 1 3373526895 3.2893030000000003e-06 1426981231 
9023539.0 0 1465560917 1.501908e-06 36858200 
9137830.0 2 1563060474 1.6216849999999997e-08 1896745001 2661924784 1.4e-08 
9197863.0 1 179097684 1.06994e-06 4013438285 
9208443.0 0 3921011129 1.029202e-06 717671056 
9220562.0 1 3373526895 3.304918e-06 2171266278 
9236148.0 1 2316491956 5.568666e-07 2503507209 
9265099.0 2 250719570 1.8670420000000003e-08 3884425642 1367690675 1.4e-08 
9283900.0 1 1465560917 1.51672253e-06 1560482238 
9316022.0 1 373638573 1.000001014 3568714221 
9371896.0 2 3654632673 1.666401e-08 2308303797 3216152648 1.4e-08 
9418107.0 1 3373526895 3.3189422e-06 2025893757 
9515649.0 0 3921011129 1.029202e-06 1780437574 
9553463.0 1 3373526895 3.34089052e-06 2774448923 
9609280.0 1 373638573 1.000001014 335748715 
9690765.0 1 373638573 1.00000102036985 570164134 
9714405.0 0 3921011129 1.029202e-06 3654632673 
9721788.0 0 3269561540 4.57215e-08 1563060474 
9788811.0 1 2316491956 5.708666e-07 988314595 
9842938.0 0 1367690675 1.4e-08 3858463531 
9854095.0 1 3373526895 3.362108e-06 77395223 
9925646.0 0 1565786989 1.41535e-08 3805166987 
9935065.0 0 3269561540 4.57215e-08 480183180 
9947754.0 1 1465560917 1.53084393e-06 4108567391 
