159.1365 1 2693713428 5.582e-08 1444500749 
160.8156 1 1738899943 5.582e-08 486050091 
336.6693 1 1572835533 3.3492e-07 2693713428 
554.3423 1 3737780296 3.0701e-07 2298477853 
651.1277 1 2235064901 3.0701e-07 2125112500 
1473.688 1 3921011129 3.0701e-07 3908154577 
2217.972 0 925199572 2.791e-08 3889879026 
3460.093 1 1465560917 3.0701e-07 259930472 
3784.146 1 2340740170 3.0701e-07 1321648343 
3880.31 1 810769555 5.582e-08 1986278615 
3895.007 0 1494141940 2.791e-08 3421887303 
4029.184 1 3534547045 3.0701e-07 780264402 
4149.233 1 3150846686 3.0701e-07 1425083048 
4262.113 1 3921011129 3.3492e-07 3061883439 
4412.411 1 4231632140 5.582e-08 1379399837 
4603.278 1 545239233 3.0701e-07 2308721517 
5693.716 1 1465560917 3.3492e-07 1790255658 
5839.931 1 3373526895 3.0701e-07 3800234335 
6201.983 1 1738899943 8.373e-08 3841896594 
6211.973 1 1735432893 5.582e-08 3938221642 
6366.577 1 2487301543 5.582e-08 2408568032 
6491.967 1 3988949870 5.582e-08 4046076794 
6731.286 1 1465560917 3.6283e-07 949068759 
7060.212 1 4259593397 3.0701e-07 1156624510 
7081.521 1 1465560917 3.9073999999999996e-07 2542835646 
7308.013 1 1572835533 3.6283e-07 2480932170 
8196.114 1 3150846686 3.3492e-07 3232700421 
10452.42 1 2519559028 3.0701e-07 2710766136 
11784.25 1 728028737 5.582e-08 4226750145 
11932.77 1 1222799196 3.0701e-07 2205180068 
13140.09 0 2263814062 2.791e-08 1434498202 
13522.29 0 3326748277 2.791e-08 3084497907 
13752.76 1 2235064901 3.3492e-07 2178051842 
14132.27 0 2779686750 2.791e-08 4263717482 
15240.58 1 1068020906 0.0009543279100000001 1507417240 
16149.68 1 4263717482 5.582e-08 2859795595 
16532.44 1 2340740170 3.3492e-07 953296898 
16874.05 1 1075699702 3.0701e-07 1458432161 
16936.29 1 3534547045 3.3492e-07 1731090175 
17559.76 1 545239233 3.3492e-07 3732071459 
18295.81 0 4252347608 2.791e-08 1206764858 
22472.77 1 1465560917 4.1865e-07 405521437 
22544.52 1 1465560917 4.4656e-07 873214132 
27607.46 0 3150846686 3.3492e-07 287801793 
27747.96 0 3749853089 2.791e-08 3424908067 
29563.31 1 2250879299 5.582e-08 1227575429 
31092.47 0 3749853089 2.791e-08 2528553283 
31258.88 0 2246051850 2.791e-07 343742982 
31978.45 1 2235064901 3.9073999999999996e-07 4263717482 
32339.13 1 3150846686 3.6283e-07 287801793 
34848.19 1 2340740170 3.6283e-07 314650893 
35223.32 0 3921011129 3.3492e-07 331336395 
37007.14 1 1068020906 0.000954607 618276123 
40246.25 1 2984600922 3.0701e-07 3736601249 
41556.54 1 921425487 5.582e-08 3012070026 
44199.2 1 2235064901 4.1865e-07 3084497907 
47422.09 1 3921011129 3.6283e-07 1494141940 
47778.04 1 4231632140 8.373e-08 636961411 
48353.71 1 4259593397 3.3492e-07 2919643181 
50064.48 1 3534547045 3.6283e-07 1661091397 
50273.13 1 4231632140 1.1164e-07 1123501568 
52422.57 1 1465560917 4.7447e-07 3775452048 
52875.28 1 3534547045 3.9073999999999996e-07 582973675 
55579.43 1 545239233 4.4656e-07 4231632140 
55705.77 0 4252347608 2.791e-08 1206764858 
56264.72 0 2235064901 4.1865e-07 3707189490 
61257.33 1 1075699702 3.3492e-07 511603307 
61557.84 1 2235064901 4.4656e-07 3150420704 
63027.91 0 2349140130 2.791e-08 2528553283 
65648.39 0 3921011129 3.6283e-07 1631081845 
66308.84 1 1222799196 3.3492e-07 1458665800 
67773.37 0 1037584679 2.791e-08 197654791 
70159.39 1 1068020906 0.0009548861 3800257563 
75279.89 0 2038493855 2.791e-08 3749853089 
75400.92 2 3373526895 3.0701e-07 1738899943 3687573659 1.4e-08 3196256300 1.74325e-08 848448836 1.74325e-08 2211003714 1.74325e-08 2916276788 1.74325e-08 
75759.62 0 3534547045 3.9074e-07 2393342300 
75853.1 0 1465560917 4.7447e-07 242414939 
76607.31 1 3534547045 4.1865e-07 2455496064 
78327.52 1 1134175585 4.53425e-08 3196256300 
81735.57 0 925199572 2.791e-08 3749853089 
85038.51 0 2519559028 3.0701e-07 2504591099 
86107.78 0 1735432893 5.582e-08 632754209 
90569.86 2 3534547045 4.1865e-07 1735432893 3696193412 1.4e-08 15308464 2.091e-08 1239307652 2.091e-08 
90650.22 1 3534547045 4.3956e-07 1239307652 
93677.46 0 810769555 5.582e-08 905418128 
95832.13 1 2235064901 4.7447e-07 3326748277 
96339.89 1 3921011129 3.9073999999999996e-07 3421887303 
97719.01 0 1222799196 3.3492e-07 1593891639 
97765.6 0 2349140130 2.791e-08 3747246174 
103294.2 1 3150846686 3.9073999999999996e-07 2779686750 
103336.2 1 3921011129 4.1865e-07 387772665 
104255.9 0 1572835533 3.6283e-07 3774459889 
110855.1 1 2246051850 3.0701e-07 245436729 
111261.2 0 1434594601 2.791e-08 4188445920 
114053.4 1 3373526895 3.2101e-07 3687573659 
119292.6 1 3534547045 4.6747e-07 925199572 
121276.4 1 3534547045 4.8838e-07 15308464 
123599.2 1 1068020906 0.0009551652 1403705120 
128456.8 1 2349140130 5.582e-08 3424908067 
131572.4 0 2340740170 3.6283e-07 482917538 
131731.9 0 3921011129 4.1865e-07 848448836 
148261.1 1 3534547045 5.162900000000001e-07 632754209 
149195.8 1 3921011129 4.4656e-07 3116505811 
149368.7 1 2235064901 5.0238e-07 3919821980 
153644.5 0 862710978 2.791e-08 1206764858 
157594.3 0 3921011129 4.4656e-07 848448836 
165261.3 1 3889879026 5.582e-08 2393342300 
165930.5 0 2074240873 2.791e-08 1541946641 
166610.9 1 1222799196 3.9073999999999996e-07 810769555 
169049.7 0 2235064901 5.0238e-07 331336395 
172635.9 0 2235064901 5.0238e-07 778035964 
172791.5 0 3279231079 2.791e-08 2620740164 
173116.9 1 1068020906 0.00095519311 1498734392 
173961.1 1 3737780296 6.1402e-07 2984600922 
174362.0 0 1222799196 3.9074e-07 2451350669 
177736.5 1 2340740170 3.9073999999999996e-07 717226258 
184470.3 1 3921011129 4.639925e-07 2916276788 
188599.9 3 2349140130 1.4e-08 2406269022 1945448119 1.74325e-08 3396227953 1.74325e-08 3321237907 1.74325e-08 3187199216 1.74325e-08 
188766.0 0 4031050948 2.791e-07 811613008 
189317.7 0 3321237907 1.74325e-08 1945448119 
192661.4 0 3373526895 3.2101e-07 3621383820 
193882.3 3 4252347608 2.339521e-08 3321237907 3330100144 2.194729e-08 
197307.9 0 3187199216 1.74325e-08 3396227953 
201606.2 0 3396227953 1.74325e-08 2349140130 
205756.1 0 3555679070 2.791e-08 2937387076 
207784.1 0 4252347608 2.339521e-08 3330100144 
209954.4 0 1945448119 1.74325e-08 2349140130 
209990.3 1 4252347608 4.53425e-08 3330100144 
210983.3 1 2835620284 5.582e-08 778035964 
210991.6 1 3373526895 3.4892e-07 3616865126 
223940.0 0 1465560917 4.7447e-07 3129006749 
226686.6 0 3921011129 4.639925e-07 3621383820 
241058.8 0 4252347608 4.53425e-08 1945448119 
251583.9 1 3921011129 4.81425e-07 2211003714 
254628.5 0 179097684 2.791e-07 1206764858 
256389.7 0 257754683 2.791e-08 3126241903 
259306.9 2 545239233 4.4656e-07 2835620284 310481256 1.4e-08 817087088 2.091e-08 551137729 2.091e-08 
259374.7 0 179097684 2.791e-07 1206764858 
259407.5 1 179097684 3.0701e-07 1206764858 
261963.5 0 3187199216 1.74325e-08 2349140130 
266169.4 0 3187199216 1.74325e-08 2349140130 
274220.8 0 3921011129 4.81425e-07 1631081845 
275588.9 2 2340740170 7.6513784e-07 3150846686 1218250404 1.634216e-08 
275635.3 0 3373526895 3.4892e-07 1584276479 
288724.5 0 4061687915 2.791e-08 659524895 
297486.6 0 3921011129 4.81425e-07 848448836 
300364.3 1 331336395 4.425216e-08 1218250404 
303251.8 1 4031050948 3.3492e-07 728028737 
309641.4 0 1222799196 3.9074e-07 598947138 
317824.9 0 3534547045 5.1629e-07 257754683 
322276.4 0 1651612823 2.791e-08 2074240873 
329640.5 0 1584276479 2.791e-08 3696193412 
332209.4 3 3921011129 4.814249599999999e-07 3373526895 1035956119 7.886848e-08 1211996162 1.421324e-08 188552836 1.421324e-08 2029773149 1.421324e-08 302486611 1.421324e-08 1842102965 1.421324e-08 1285693762 1.421324e-08 1078741991 1.421324e-08 2723643411 1.421324e-08 1804212609 1.421324e-08 438292632 1.421324e-08 2001290253 1.421324e-08 3147695692 1.421324e-08 3179285865 1.421324e-08 2173231515 1.421324e-08 740082705 1.421324e-08 2795063678 1.421324e-08 3642829293 1.421324e-08 2707128518 1.421324e-08 474866315 1.421324e-08 
332209.4 1 1035956119 9.308172e-08 474866315 
332209.4 1 1035956119 1.0729496e-07 1211996162 
332407.1 0 3921011129 4.81425e-07 188552836 
333444.1 1 3921011129 5.8872e-07 1035956119 
337903.6 0 3187199216 1.74325e-08 2349140130 
342455.4 1 3921011129 6.0293324e-07 438292632 
343808.7 3 3126241903 1.4e-08 3147695692 1639799867 1.406162e-08 1026028388 1.406162e-08 
346604.8 0 3534547045 5.1629e-07 3642829293 
351242.0 0 1285693762 1.421324e-08 1842102965 
352439.9 0 2737363250 2.791e-08 725558489 
356323.0 1 3921011129 6.1714644e-07 2723643411 
358328.6 0 1075699702 3.3492e-07 326805806 
358752.0 1 3921011129 6.313596399999999e-07 188552836 
364932.3 0 3921011129 6.313597e-07 3707189490 
370512.2 1 688805295 5.582e-08 941534069 
378966.4 0 2038493855 2.791e-08 2707128518 
379510.8 0 2528553283 2.791e-08 2349140130 
383644.0 2 3534547045 5.300786699999999e-07 257754683 1128056158 1.412133e-08 
385896.0 1 2799798816 3.0701e-07 1541946641 
387565.1 0 179097684 3.0701e-07 2707128518 
388639.7 1 3534547045 5.4429194e-07 3642829293 
393924.2 1 3921011129 6.4557294e-07 1285693762 
398352.6 0 2795063678 1.421324e-08 302486611 
405911.0 0 3889879026 5.582e-08 1584276479 
423325.2 0 2235064901 5.0238e-07 3621383820 
428569.1 0 741863299 2.791e-08 197654791 
444805.1 0 870323177 2.791e-08 1639799867 
460007.9 3 1584276479 1.4e-08 1804212609 2909632847 1.406162e-08 937177227 1.406162e-08 
464880.8 3 3889879026 1.399998e-08 3396227953 3393811039 1.481313e-08 611212867 1.481313e-08 1104410542 1.481313e-08 2328232000 1.481313e-08 
473059.7 0 4252347608 4.53425e-08 937177227 
485719.4 0 4259593397 3.3492e-07 3933289935 
487584.4 0 611212867 1.481313e-08 3393811039 
491111.1 0 2519559028 3.0701e-07 1963165541 
492646.4 1 2340740170 7.7935104e-07 3179285865 
493676.2 1 1068020906 0.0009552210100000001 997905375 
495633.7 0 2519559028 3.0701e-07 4028593304 
497922.0 1 2328232000 2.962626e-08 3393811039 
505384.9 1 2328232000 4.443938e-08 611212867 
517273.7 3 2250879299 5.4439920000000004e-08 1035492323 2999719241 1.464504e-08 1931993247 1.464504e-08 
517896.2 0 2487301543 5.582e-08 326805806 
521733.1 1 2555962951 3.3492e-07 3988949870 
539340.3 0 2038493855 2.791e-08 1128056158 
544057.1 3 2328232000 1.3999989999999996e-08 2349140130 1494850122 1.481313e-08 3414514926 1.481313e-08 2312786130 1.481313e-08 
550540.7 0 3020817656 2.791e-08 1945448119 
553007.5 0 3707189490 2.791e-08 3749853089 
553969.7 2 2312786130 1.552541e-08 1104410542 3537925318 1.410085e-08 
560432.7 1 1068020906 0.0009552489100000001 2681375347 
564176.7 1 179097684 3.3492e-07 862710978 
581180.8 0 3747246174 2.791e-08 3414514926 
585447.5 0 3108364485 2.791e-08 2261252686 
591780.0 1 1068020906 0.00095527681 1128709694 
592432.1 0 2519559028 3.0701e-07 3197676583 
614102.5 0 3621383820 2.791e-08 2795063678 
625022.2 0 1494850122 1.481313e-08 2328232000 
637727.8 3 3187199216 1.74325e-08 2328232000 1634407402 1.4e-08 
641956.3 0 2487301543 5.582e-08 3555679070 
646694.5 0 2312786130 1.55254e-08 3537925318 
659840.6 1 2312786130 2.962625e-08 3537925318 
666335.7 1 3187199216 3.14325e-08 1634407402 
667522.1 0 4259593397 3.3492e-07 3891448235 
695776.0 0 211811971 2.791e-08 2173231515 
697791.5 3 1866926464 1.4e-08 869234806 3869596591 2.091e-08 3375523036 2.091e-08 
697805.7 2 2795063678 1.442648e-08 2001290253 772925454 1.4e-08 
698429.6 1 2795063678 2.842648e-08 772925454 
708602.7 0 3737780296 6.1402e-07 2046083849 
731566.1 2 1572835533 3.7589030999999997e-07 1493201942 2215785330 1.484969e-08 
738022.0 1 373638573 1.00000002791 290926289 
748100.5 0 1019134040 2.791e-08 3933289935 
754818.5 0 3921011129 6.455729e-07 2029773149 
768446.2 0 179097684 3.3492e-07 3414514926 
770082.9 0 3534547045 5.442919e-07 3747246174 
771086.3 0 3747246174 2.791e-08 2029773149 
779126.8 3 2909632847 1.406162e-08 3889879026 3491092596 1.4e-08 
782623.2 1 3921011129 6.734829e-07 1631081845 
801260.3 0 551137729 2.091e-08 848448836 
803150.0 0 725558489 2.791e-08 1078741991 
809444.6 0 2246051850 3.0701e-07 770580294 
816232.7 1 1068020906 0.00095530481 1586980658 
859869.8 0 2340740170 7.793511e-07 3126241903 
898797.2 0 3071234124 2.791e-08 3257166052 
905465.4 1 3534547045 5.582919e-07 3491092596 
908939.2 0 3187199216 3.14325e-08 3747246174 
936828.8 1 179097684 3.4898162e-07 2909632847 
959205.0 3 725558489 1.4000000000000003e-08 1945448119 57770090 1.567125e-08 3071577057 1.567125e-08 
965012.9 3 2528553283 2.6625039999999998e-08 1584276479 1452489764 1.528496e-08 
974036.5 0 3187199216 3.14325e-08 3071577057 
978524.5 0 2799798816 3.0701e-07 2870158420 
981461.6 0 3534547045 5.582919e-07 57770090 
983994.6 0 3921011129 6.734829e-07 3707189490 
986671.6 0 888311950 2.791e-08 2906924538 
997467.4 1 2340740170 8.002611e-07 551137729 
1001433.0 0 6723929 2.791e-08 848448836 
1007246.0 3 2528553283 2.231358e-08 57770090 4260098875 1.998271e-08 
1012935.0 0 3709881891 2.791e-08 300193622 
1026149.0 0 1134175585 4.53425e-08 2173231515 
1029307.0 1 426576124 3.0701e-07 3838279446 
1038979.0 0 4259593397 3.3492e-07 659524895 
1063301.0 1 179097684 3.6379473e-07 3414514926 
1066931.0 3 3704423751 1.400001e-08 1494850122 3696843781 1.436156e-08 2138100036 1.436156e-08 
1068897.0 0 179097684 3.637947e-07 3749853089 
1070869.0 1 2555962951 6.419299999999999e-07 2519559028 
1081380.0 0 1465560917 4.7447e-07 1516068388 
1094841.0 0 3707189490 2.791e-08 3704423751 
1122487.0 3 2528553283 2.023637e-08 1128056158 1726701215 1.619854e-08 
1153880.0 1 3921011129 6.874829e-07 725558489 
1162960.0 0 2038493855 2.791e-08 2528553283 
1163045.0 1 2235064901 5.1644162e-07 1026028388 
1167729.0 0 2246051850 3.0701e-07 3774459889 
1169795.0 1 3004792470 3.0701e-07 3197676583 
1174015.0 0 3462747 2.791e-08 732124878 
1175575.0 1 373638573 1.00000002791 2466232951 
1175872.0 2 3737780296 6.1402e-07 2250879299 1412415798 1.4e-08 375852842 2.021996e-08 3593732192 2.021996e-08 
1178352.0 0 1222799196 3.9074e-07 790319072 
1194338.0 3 4252347608 1.4000010000000003e-08 4260098875 3888264012 1.71084e-08 313359544 1.71084e-08 217284033 1.71084e-08 
1197717.0 0 545239233 4.4656e-07 2737363250 
1198643.0 0 790319072 2.791e-08 3498415124 
1215541.0 2 3534547045 5.8794961e-07 1134175585 2151269300 1.568479e-08 
1216282.0 0 3534547045 5.879496e-07 2151269300 
1219696.0 1 3534547045 6.036343900000001e-07 2151269300 
1222625.0 1 179097684 3.917047e-07 3749853089 
1228340.0 0 3707189490 2.791e-08 302486611 
1232877.0 0 3534547045 6.036344e-07 2029773149 
1244459.0 0 217284033 1.71084e-08 3888264012 
1245727.0 0 2138100036 1.436156e-08 3704423751 
1251451.0 0 331336395 4.425216e-08 3108364485 
1266067.0 0 2246051850 3.0701e-07 1931993247 
1270277.0 3 197654791 1.4e-08 1078741991 3913511150 1.406162e-08 2962530363 1.406162e-08 
1271625.0 3 3747246174 2.7634569999999998e-08 3888264012 2063946235 1.738383e-08 
1280172.0 1 3747246174 4.5018410000000005e-08 2063946235 
1281307.0 1 2340740170 8.1447434e-07 740082705 
1292947.0 0 2235064901 5.164416e-07 2528553283 
1304796.0 0 2246051850 3.0701e-07 129185354 
1312830.0 2 179097684 4.0037371999999997e-07 3707189490 1172086036 1.924098e-08 
1313373.0 1 179097684 4.1961478e-07 1172086036 
1324610.0 3 659524895 1.4e-08 3498415124 690117576 2.091e-08 3288380490 2.091e-08 
1329548.0 0 3534547045 6.036344e-07 1452489764 
1338633.0 0 3534547045 6.036344e-07 2707128518 
1350311.0 0 4259593397 3.3492e-07 561528368 
1355479.0 0 2312786130 2.962625e-08 4252347608 
1366207.0 1 1222799196 4.1165e-07 3869596591 
1368160.0 1 3534547045 6.1784764e-07 2029773149 
1369100.0 0 3071577057 1.567125e-08 3696843781 
1371287.0 2 2138100036 1.45748e-08 2707128518 845665321 1.4e-08 
1372801.0 1 2138100036 2.85748e-08 845665321 
1390167.0 1 2235064901 5.338740999999999e-07 848448836 
1446133.0 0 3747246174 4.50184e-08 3704423751 
1448935.0 0 2235064901 5.338741e-07 2074240873 
1453091.0 0 3621383820 2.791e-08 817087088 
1456672.0 0 817087088 2.091e-08 1726701215 
1458572.0 1 3921011129 7.153929e-07 870323177 
1459160.0 0 384163328 2.791e-08 310481256 
1470266.0 0 911013108 2.791e-08 3357643131 
1492467.0 1 2340740170 8.423843000000001e-07 384163328 
1497605.0 2 3534547045 6.178476e-07 3747246174 3122982648 1.4e-08 1471982444 1.55092e-08 3303338876 1.55092e-08 
1497626.0 1 3534547045 6.318476e-07 3122982648 
1503496.0 1 3534547045 6.473568e-07 3303338876 
1513460.0 3 331336395 2.0461600000000003e-08 2440120768 2875471576 1.723352e-08 1738909006 1.723352e-08 356405251 1.723352e-08 
1515362.0 2 179097684 4.2833403999999996e-07 2138100036 2879167783 1.985546e-08 
1517368.0 1 179097684 4.4818956000000004e-07 2879167783 
1525504.0 2 2340740170 1.35215777e-06 2235064901 3083352544 2.410063e-08 
1529963.0 0 3004792470 3.0701e-07 266059373 
1532951.0 3 3071577057 1.567125e-08 3704423751 4198169764 1.4e-08 
1552904.0 1 3534547045 6.628660000000001e-07 1471982444 
1555308.0 1 3921011129 7.363029000000001e-07 817087088 
1556645.0 3 4061687915 1.3999989999999998e-08 2215785330 821115011 1.437985e-08 2118016430 1.437985e-08 
1556981.0 3 937177227 1.406162e-08 4198169764 1945735688 1.4e-08 
1572920.0 0 1465560917 4.7447e-07 6723929 
1578026.0 1 1572835533 4.038003e-07 1019134040 
1590981.0 2 313359544 1.930694e-08 1726701215 4093093422 1.4e-08 
1595372.0 0 2795063678 2.842648e-08 2074240873 
1595416.0 0 1465560917 4.7447e-07 1481166135 
1597104.0 2 2669757562 3.790639e-08 1878784256 2842015324 1.791361e-08 
1676748.0 1 1068020906 0.00095533271 1963165541 
1682105.0 0 179097684 4.481895e-07 2038493855 
1682612.0 1 179097684 4.7609949999999997e-07 2038493855 
1691470.0 0 3921011129 7.363029e-07 1842102965 
1698991.0 3 199935986 1.4e-08 2870158420 1249238030 2.091e-08 3214077756 2.091e-08 
1707964.0 0 3187199216 3.14325e-08 4093093422 
1725246.0 1 2340740170 1.366158e-06 3126241903 
1728167.0 0 4122240121 2.791e-08 3241671100 
1748943.0 0 3534547045 6.62866e-07 313359544 
1749193.0 1 1222799196 4.3211161e-07 331336395 
1769721.0 0 2870037616 2.791e-08 242414939 
1798730.0 1 179097684 4.900995000000001e-07 1945735688 
1821337.0 1 3921011129 7.5560984e-07 313359544 
1859020.0 1 3534547045 6.942984999999999e-07 3187199216 
1868999.0 1 1572835533 4.1786192e-07 1639799867 
1876719.0 1 2555962951 9.7685e-07 4031050948 
1916751.0 1 373638573 1.00000001464504 2999719241 
1920677.0 0 179097684 4.900995e-07 4252347608 
1925100.0 3 333964007 1.4e-08 905418128 879162223 2.091e-08 3884425642 2.091e-08 
1927565.0 3 2795063678 2.516256e-08 2528553283 1149406307 2.35003e-08 
1929426.0 0 1572835533 4.178619e-07 3913511150 
1962224.0 1 3921011129 7.835198e-07 3933289935 
1964920.0 2 1434498202 3.295382e-08 482917538 3528332227 2.286618e-08 
1975834.0 0 838860310 2.791e-08 242414939 
1977065.0 1 4259593397 3.6283e-07 858320168 
1986513.0 0 3621383820 2.791e-08 3884425642 
1991022.0 0 1465560917 4.7447e-07 3288380490 
2027280.0 3 3129006749 2.791e-08 659524895 4004407106 1.4e-08 
2040941.0 0 545239233 4.4656e-07 3288380490 
2085220.0 0 3114612365 2.791e-08 3214077756 
2088712.0 3 911013108 2.459096e-08 3621383820 451270221 1.561452e-08 3149440925 1.561452e-08 
2090669.0 1 1068020906 0.00095536061 3708838243 
2119060.0 2 179097684 4.9903528e-07 2312786130 2250775120 2.069047e-08 
2122811.0 1 179097684 5.197257700000001e-07 2250775120 
2127112.0 3 1572835533 4.1786189999999997e-07 2246051850 1130108289 1.4e-08 2177968201 1.46505e-08 2914302410 1.46505e-08 3655816389 1.46505e-08 3485819286 1.46505e-08 1382686479 1.46505e-08 1803925302 1.46505e-08 3293059020 1.46505e-08 378125977 1.46505e-08 2159618959 1.46505e-08 2441325815 1.46505e-08 3401497744 1.46505e-08 4069401935 1.46505e-08 134948105 1.46505e-08 1998372786 1.46505e-08 2455922112 1.46505e-08 3059103076 1.46505e-08 432337108 1.46505e-08 1902671923 1.46505e-08 4209590891 1.46505e-08 77395223 1.46505e-08 
2129059.0 0 825415804 2.791e-08 1664502715 
2134445.0 1 1572835533 4.325124e-07 2177968201 
2135593.0 1 3737780296 6.3125352e-07 356405251 
2147266.0 1 4259593397 3.774805e-07 4069401935 
2151916.0 0 179097684 5.197258e-07 3071577057 
2161910.0 2 4259593397 3.774805e-07 1434498202 3592986772 1.4e-08 1246511018 1.895382e-08 
2162323.0 0 3129006749 2.791e-08 1902671923 
2162568.0 0 1222799196 4.321116e-07 378125977 
2164573.0 0 3428193420 2.791e-08 3696193412 
2178976.0 1 2340740170 1.380158e-06 4093093422 
2192263.0 0 1651612823 2.791e-08 1866926464 
2237655.0 3 2455922112 1.46505e-08 197654791 3986570268 1.4e-08 
2256840.0 1 3534547045 7.114069e-07 217284033 
2277110.0 1 1465560917 4.891204999999999e-07 1998372786 
2292959.0 1 1572835533 4.604224e-07 3071234124 
2307445.0 1 373638573 1.00000002791 811613008 
2308959.0 1 1481166135 4.25605e-08 3401497744 
2309319.0 3 2118016430 1.437985e-08 333964007 174500547 1.4e-08 
2324370.0 0 545239233 4.4656e-07 164438789 
2325636.0 0 3921011129 7.835198e-07 2074240873 
2326019.0 1 1465560917 5.03771e-07 1902671923 
2329528.0 0 2340740170 1.380158e-06 3986570268 
2344044.0 0 3921011129 7.835198e-07 2795063678 
2365982.0 1 373638573 1.00000002791 1593850299 
2401440.0 2 3655816389 1.5030350000000002e-08 2118016430 4083845756 1.4e-08 
2416504.0 1 1068020906 0.0009553885100000001 3176785673 
2416912.0 1 373638573 1.00000002791 2911053862 
2417550.0 3 2455922112 1.46505e-08 3986570268 110358663 1.4e-08 
2432388.0 0 1037584679 2.791e-08 1149406307 
2435067.0 1 545239233 4.6077324e-07 2173231515 
2446713.0 0 911013108 2.459097e-08 3528332227 
2456387.0 1 373638573 1.00000002791 2870037616 
2456831.0 0 545239233 4.607732e-07 343742982 
2501824.0 0 179097684 5.197258e-07 4252347608 
2509123.0 1 3534547045 7.25407e-07 4252347608 
2518341.0 1 179097684 5.3408736e-07 3696843781 
2531429.0 1 4259593397 4.2004099999999997e-07 1481166135 
2532285.0 0 4259593397 4.20041e-07 378125977 
2534105.0 2 1572835533 8.567864200000001e-07 4259593397 1370908750 2.367698e-08 
2534599.0 1 373638573 1.00000002791 3823443426 
2567524.0 1 179097684 5.4975865e-07 3071577057 
2569513.0 0 1572835533 8.567864e-07 3655816389 
2582342.0 1 3534547045 7.489073e-07 1149406307 
2586789.0 3 790319072 1.4000000000000003e-08 3375523036 1837234470 1.741e-08 2945849429 1.741e-08 
2630915.0 1 545239233 4.754237e-07 2914302410 
2631192.0 2 2945849429 1.8060499999999998e-08 77395223 66296937 1.4e-08 
2653387.0 1 373638573 1.00000002791 2504591099 
2656993.0 3 1465560917 5.037709400000002e-07 545239233 976558236 1.96804e-08 2438291630 1.424198e-08 906368509 1.424198e-08 3783228500 1.424198e-08 2858952728 1.424198e-08 395113485 1.424198e-08 4019363830 1.424198e-08 3016084464 1.424198e-08 921818415 1.424198e-08 2892683898 1.424198e-08 3697249003 1.424198e-08 3983774618 1.424198e-08 4187488967 1.424198e-08 898751805 1.424198e-08 3632514288 1.424198e-08 410848061 1.424198e-08 2791633391 1.424198e-08 630280293 1.424198e-08 4212779140 1.424198e-08 3459374364 1.424198e-08 2125331604 1.424198e-08 3113062634 1.424198e-08 847040419 1.424198e-08 4240624600 1.424198e-08 1565786989 1.424198e-08 2286860921 1.424198e-08 3707879645 1.424198e-08 2746930994 1.424198e-08 4075596975 1.424198e-08 4283280385 1.424198e-08 538453177 1.424198e-08 3121292019 1.424198e-08 3349724438 1.424198e-08 
2656993.0 1 976558236 3.392238e-08 2438291630 
2656993.0 1 976558236 4.8164350000000006e-08 3349724438 
2667668.0 1 898751805 2.848396e-08 4187488967 
2684199.0 0 3953846011 2.791e-08 847040419 
2745141.0 0 3953846011 2.791e-08 3257166052 
2754197.0 0 1465560917 5.03771e-07 4075596975 
2792268.0 0 838860310 2.791e-08 134948105 
2799724.0 1 373638573 1.00000002791 2046083849 
2802105.0 0 4188445920 2.791e-08 3884425642 
2826665.0 0 4122240121 2.791e-08 2746930994 
2827638.0 0 3121047530 2.791e-08 2286860921 
2842148.0 0 2799798816 3.0701e-07 1565786989 
2852214.0 0 3214077756 2.091e-08 3288380490 
2852215.0 1 373638573 1.00000002091 3214077756 
2875972.0 1 2555962951 1.00476e-06 561528368 
2878457.0 1 1572835533 8.707864e-07 66296937 
2878483.0 2 3459374364 1.43036e-08 3913511150 4253718737 1.4e-08 
2889136.0 1 3921011129 8.114298000000001e-07 2737363250 
2926833.0 0 2340740170 1.380158e-06 451270221 
2943666.0 0 1572835533 8.707864e-07 3428193420 
2956232.0 1 3921011129 8.256430399999999e-07 1842102965 
2978514.0 0 102901530 2.791e-08 1370908750 
2980470.0 0 2718413753 2.791e-08 432337108 
2985198.0 1 373638573 1.00000002791 3241671100 
3033064.0 2 1572835533 1.3397584e-06 1465560917 3297362622 1.73995e-08 1751902433 1.73995e-08 
3043918.0 1 3737780296 6.4531512e-07 937177227 
3044155.0 3 3534547045 7.3763187e-07 1931993247 2878871175 2.592037e-08 
3045780.0 3 2669757562 3.2906869999999996e-08 3113062634 3083717413 1.92415e-08 
3047791.0 2 1246511018 1.91958e-08 2791633391 220564665 1.4e-08 
3048714.0 0 976558236 4.816435e-08 690117576 
3073498.0 3 690117576 2.0377539999999998e-08 2441325815 3653734512 1.518296e-08 
3090580.0 0 3737780296 6.453151e-07 3268335666 
3095999.0 0 976558236 4.816435e-08 2932274237 
3097436.0 1 1572835533 1.353758e-06 1130108289 
3125891.0 2 3293059020 1.489248e-08 630280293 3815024321 1.4e-08 
3137721.0 0 3149440925 1.561452e-08 4253718737 
3146059.0 1 1075699702 3.4892e-07 790319072 
3161718.0 3 4122240121 2.421239e-08 3297362622 1428265047 2.109711e-08 
3164910.0 3 838860310 1.4e-08 3129006749 3604532305 2.091e-08 1869365069 2.091e-08 
3184128.0 3 2074240873 2.1656869999999998e-08 4283280385 965372172 2.049511e-08 
3191241.0 2 2455922112 1.486374e-08 302486611 607396504 1.4e-08 
3208881.0 1 3534547045 7.516319e-07 1412415798 
3217620.0 2 3534547045 7.5894102e-07 343742982 2533881277 2.060088e-08 
3221357.0 0 3534547045 7.58941e-07 2533881277 
3227780.0 3 1516068388 1.4e-08 2945849429 472358284 1.598525e-08 1950077488 1.598525e-08 
3236127.0 1 2340740170 1.39439998e-06 906368509 
3239203.0 1 2340740170 1.4084e-06 1516068388 
3244223.0 0 3534547045 7.58941e-07 2533881277 
3247479.0 0 898751805 2.848396e-08 3604532305 
3249239.0 0 4122240121 2.421238e-08 3293059020 
3256785.0 0 1593891639 2.791e-08 410848061 
3315650.0 1 373638573 1.00000001561452 3149440925 
3350387.0 3 2074240873 2.1648270000000003e-08 110358663 1820499179 1.40086e-08 
3352909.0 1 2074240873 3.565687e-08 1820499179 
3359597.0 0 1651612823 2.791e-08 1370908750 
3367923.0 1 373638573 1.00000002791 102901530 
3368774.0 0 1222799196 4.321116e-07 3604532305 
3370290.0 0 1869365069 2.091e-08 3485819286 
3384521.0 0 2074240873 3.565687e-08 3783228500 
3391638.0 0 1572835533 1.353758e-06 3815024321 
3420727.0 3 2074240873 1.3999999999999996e-08 3555679070 4055959668 1.652229e-08 528880979 1.652229e-08 3778036871 1.652229e-08 
3430245.0 0 211811971 2.791e-08 3983774618 
3456369.0 2 1950077488 1.622723e-08 410848061 1405660995 1.4e-08 
3459117.0 2 1572835533 1.3537580600000002e-06 1222799196 3662110242 1.928407e-08 2247026945 1.423543e-08 4032129539 1.423543e-08 4035587434 1.423543e-08 3111692719 1.423543e-08 1398579088 1.423543e-08 2501379955 1.423543e-08 3332562587 1.423543e-08 3562383954 1.423543e-08 2521380987 1.423543e-08 4119421155 1.423543e-08 1913762779 1.423543e-08 3678948817 1.423543e-08 2489195127 1.423543e-08 3929228125 1.423543e-08 3160344427 1.423543e-08 3182159117 1.423543e-08 766581564 1.423543e-08 3702894340 1.423543e-08 3532745758 1.423543e-08 1072840122 1.423543e-08 3294683754 1.423543e-08 1676003954 1.423543e-08 4285585893 1.423543e-08 2674988631 1.423543e-08 406745133 1.423543e-08 2883513480 1.423543e-08 783121895 1.423543e-08 2683944377 1.423543e-08 2961226102 1.423543e-08 
3459267.0 0 1572835533 1.353758e-06 3662110242 
3459556.0 1 1572835533 1.36799343e-06 3332562587 
3464506.0 1 1572835533 1.38222943e-06 1398579088 
3468088.0 0 3662110242 1.928407e-08 3294683754 
3474578.0 3 688805295 4.724551e-08 2669757562 301219709 2.074068e-08 1743198400 2.074068e-08 
3479933.0 0 4075596975 1.424198e-08 783121895 
3490791.0 0 598947138 2.791e-08 3655816389 
3492784.0 1 1572835533 1.39646443e-06 3160344427 
3497109.0 1 1572835533 1.41070043e-06 4285585893 
3499919.0 0 965372172 2.049511e-08 310481256 
3509144.0 1 1572835533 1.42493543e-06 1676003954 
3509642.0 1 1572835533 1.44422007e-06 3662110242 
3511445.0 1 2340740170 1.42264198e-06 2125331604 
3523380.0 3 2932274237 1.4e-08 3016084464 3059144981 1.407599e-08 3952655669 1.407599e-08 
3531000.0 1 373638573 1.00000002286618 3528332227 
3535897.0 1 1572835533 1.47270396e-06 898751805 
3536878.0 0 3737780296 6.453151e-07 3562383954 
3545439.0 3 1075699702 3.3551205999999997e-07 3783228500 2848685905 2.764992e-08 
3554244.0 1 1572835533 1.486704e-06 3815024321 
3556513.0 0 2159618959 1.46505e-08 4240624600 
3561369.0 0 4055959668 1.652229e-08 4075596975 
3567473.0 1 1572835533 1.50093943e-06 2501379955 
3568315.0 3 2409063466 1.4000000000000003e-08 3288380490 1826422368 1.741e-08 896813269 1.741e-08 
3575706.0 0 766581564 1.423543e-08 174500547 
3583385.0 0 3953846011 2.791e-08 3702894340 
3593910.0 1 1572835533 1.51517443e-06 2521380987 
3599664.0 1 1572835533 1.52941043e-06 3111692719 
3633300.0 1 2340740170 1.436642e-06 1405660995 
3636906.0 1 2555962951 1.03267e-06 1664502715 
3638987.0 0 3604532305 2.091e-08 2932274237 
3641540.0 0 2533881277 2.060088e-08 1452489764 
3643914.0 1 3921011129 8.535531000000001e-07 6723929 
3661531.0 1 1572835533 1.54364543e-06 783121895 
3670396.0 0 2340740170 1.436642e-06 4055959668 
3670752.0 0 3737780296 6.453151e-07 3696193412 
3685013.0 0 3108364485 2.791e-08 921818415 
3694803.0 1 1572835533 1.5578804299999999e-06 2489195127 
3706484.0 1 2340740170 1.46123297e-06 911013108 
3720551.0 1 3921011129 8.7415398e-07 2533881277 
3726811.0 0 211811971 2.791e-08 2683944377 
3728805.0 0 1572835533 1.557881e-06 3929228125 
3733743.0 0 1246511018 1.91958e-08 1826422368 
3748323.0 3 598947138 1.4e-08 3485819286 37051273 1.428025e-08 1867247157 1.428025e-08 
3764852.0 1 1572835533 1.57212298e-06 847040419 
3797942.0 0 3737780296 6.453151e-07 2746930994 
3800310.0 1 373638573 1.0000000192415 3083717413 
3800724.0 3 2961226102 1.423543e-08 598947138 3633199892 1.4e-08 
3814705.0 1 1075699702 3.4974753e-07 1072840122 
3814728.0 1 3534547045 7.72941e-07 4253718737 
3863804.0 3 3707879645 1.424198e-08 174500547 1736323711 1.4e-08 
3874955.0 0 2340740170 1.461233e-06 3632514288 
3875798.0 1 2340740170 1.47547498e-06 3632514288 
3920707.0 0 2340740170 1.475475e-06 2247026945 
3926626.0 3 2799798816 2.577918e-07 879162223 283080478 1.402564e-08 785216844 1.402564e-08 3006103420 1.402564e-08 2898323513 1.402564e-08 1199222225 1.402564e-08 
3943323.0 1 373638573 1.00000002764992 2848685905 
3953952.0 1 2340740170 1.489475e-06 3696193412 
3988474.0 1 373638573 1.00000001424198 2746930994 
3995542.0 0 1428265047 2.109711e-08 3678948817 
4002858.0 1 3534547045 7.9886137e-07 2878871175 
4019954.0 0 1075699702 3.497475e-07 3929228125 
4026286.0 0 2555962951 1.03267e-06 315200650 
4034214.0 3 2263814062 1.4000000000000003e-08 2875471576 3755198008 1.557176e-08 2795041644 1.557176e-08 
4034861.0 1 2795041644 3.114352e-08 3755198008 
4036605.0 1 2795041644 4.5143519999999996e-08 2263814062 
4041744.0 1 2340740170 1.503475e-06 310481256 
4048248.0 0 896813269 1.741e-08 2409063466 
4050393.0 2 1249238030 2.119025e-08 1867247157 3492274228 1.4e-08 
4057109.0 0 3083352544 2.410063e-08 1950077488 
4066048.0 1 1572835533 1.58614864e-06 2898323513 
4068574.0 2 896813269 1.765198e-08 4075596975 1420914473 1.4e-08 
4117064.0 2 2683944377 1.447086e-08 3678948817 439844059 1.4e-08 
4118436.0 1 2340740170 1.51771043e-06 2674988631 
4125154.0 3 3824069879 1.4e-08 1743198400 3802520055 1.732534e-08 3012889883 1.732534e-08 
4133331.0 0 439844059 1.4e-08 4004407106 
4159294.0 0 4019363830 1.424198e-08 2074240873 
4186136.0 1 1572835533 1.600148e-06 2074240873 
4245343.0 0 3121292019 1.424198e-08 3633199892 
4262875.0 3 3121047530 1.4e-08 378125977 3363823620 1.428025e-08 1086559163 1.428025e-08 
4289742.0 0 3059103076 1.46505e-08 2883513480 
4299183.0 1 1572835533 1.61667029e-06 3778036871 
4304974.0 2 1434594601 2.797162e-08 2962530363 3063534263 1.4e-08 
4309757.0 1 2799798816 2.717918e-07 220564665 
4337093.0 3 3108364485 1.4e-08 3059103076 2013640095 1.428025e-08 1461359102 1.428025e-08 
4342279.0 3 4122240121 2.421238e-08 1736323711 2027098952 1.4e-08 
4348072.0 1 2340740170 1.53199025e-06 3363823620 
4349889.0 0 2906924538 2.791e-08 375852842 
4350050.0 1 1068020906 0.00095540871996 375852842 
4354575.0 0 2799798816 2.717918e-07 3492274228 
4362987.0 1 179097684 5.7492115e-07 2795063678 
4369551.0 3 3891448235 1.400001e-08 472358284 4167430602 1.494762e-08 4096225443 1.494762e-08 
4377645.0 1 1572835533 1.63069664e-06 3006103420 
4389751.0 0 2487301543 5.582e-08 2892683898 
4390145.0 3 2937387076 1.400001e-08 4055959668 781549661 1.521614e-08 907719639 1.521614e-08 
4396247.0 1 2340740170 1.5599e-06 3953846011 
4408245.0 0 2340740170 1.5599e-06 607396504 
4434926.0 3 1434594601 2.2825819999999998e-08 1751902433 1906851972 2.25453e-08 
4454147.0 0 732124878 2.791e-08 1434594601 
4459770.0 3 3059144981 1.407599e-08 607396504 2597880038 1.4e-08 
4463131.0 1 3921011129 8.883959800000001e-07 3983774618 
4463425.0 0 4209590891 1.46505e-08 1913762779 
4470823.0 3 1572835533 1.63069594e-06 2799798816 1896745001 1.4e-08 2378434411 1.432177e-08 1837088337 1.432177e-08 1543523724 1.432177e-08 1761715697 1.432177e-08 3099973400 1.432177e-08 2789348510 1.432177e-08 1371202285 1.432177e-08 629078091 1.432177e-08 754560055 1.432177e-08 1737134642 1.432177e-08 37613351 1.432177e-08 3434666020 1.432177e-08 2369258877 1.432177e-08 3563522875 1.432177e-08 249728555 1.432177e-08 4285226245 1.432177e-08 2707460946 1.432177e-08 2606325002 1.432177e-08 
4471623.0 1 1572835533 1.64501777e-06 1737134642 
4473022.0 0 1572835533 1.645018e-06 249728555 
4484587.0 0 2606325002 1.432177e-08 4240624600 
4485323.0 1 1572835533 1.65933977e-06 1543523724 
4491041.0 0 1572835533 1.65934e-06 2789348510 
4491420.0 0 4096225443 1.494762e-08 2937387076 
4494726.0 2 432337108 1.493075e-08 1086559163 1541925803 1.4e-08 
4510955.0 3 2937387076 1.4e-08 3121047530 2024675612 1.4e-08 
4512020.0 1 373638573 1.00000002791 3462747 
4519550.0 0 1382686479 1.46505e-08 3182159117 
4524544.0 1 2340740170 1.5878100000000001e-06 2906924538 
4527111.0 1 1572835533 1.67366177e-06 37613351 
4533056.0 1 2340740170 1.60181e-06 1541925803 
4554343.0 3 2718413753 2.38759e-08 4285226245 1292023300 1.835587e-08 
4561582.0 0 1572835533 1.673662e-06 3891448235 
4564812.0 0 2487301543 5.582e-08 2858952728 
4567307.0 2 3593732192 2.054173e-08 249728555 3302973195 1.4e-08 
4572575.0 0 3921011129 8.883959e-07 432337108 
4572761.0 0 2340740170 1.60181e-06 4004407106 
4576571.0 1 373638573 1.00000001503035 3655816389 
4581523.0 0 3736894086 2.791e-08 1452489764 
4589211.0 1 1572835533 1.68798377e-06 3434666020 
4623137.0 3 2369258877 1.432177e-08 1896745001 875106938 1.4e-08 
4635700.0 0 2340740170 1.60181e-06 451270221 
4635766.0 1 1075699702 3.7093775e-07 1249238030 
4650584.0 1 2340740170 1.61604543e-06 2247026945 
4662365.0 1 1572835533 1.70222498e-06 4212779140 
4664023.0 3 2795041644 3.343692e-08 211811971 3314075649 1.98083e-08 2589646060 1.98083e-08 
4677541.0 3 40245973 1.399999e-08 406745133 3433591204 1.407272e-08 1848242772 1.407272e-08 
4685554.0 0 3921011129 8.883959e-07 3114612365 
4695572.0 1 2340740170 1.6316605200000001e-06 451270221 
4719020.0 1 2340740170 1.64566e-06 2024675612 
4724315.0 0 3314075649 1.98083e-08 3891448235 
4741132.0 1 3921011129 9.0247189e-07 3059144981 
4741861.0 0 3314075649 1.98083e-08 2961226102 
4752437.0 0 3257166052 2.791e-08 2932274237 
4757030.0 2 1761715697 1.45572e-08 2961226102 250719570 1.4e-08 
4758992.0 1 1572835533 1.71654677e-06 2707460946 
4762661.0 2 976558236 5.77794e-08 2795041644 2681498831 2.382187e-08 
4768747.0 0 1651612823 2.791e-08 3257166052 
4768784.0 3 179097684 5.7382443e-07 2892683898 481808867 1.533875e-08 
4774105.0 1 1572835533 1.730547e-06 2409063466 
4807540.0 0 2555962951 1.03267e-06 3929228125 
4849458.0 1 1572835533 1.74486877e-06 2369258877 
4851764.0 3 4122240121 2.218524e-08 134948105 2066612683 1.667764e-08 
4856172.0 0 3490627259 2.791e-08 1452489764 
4860503.0 1 2340740170 1.66298534e-06 3802520055 
4863879.0 3 3083352544 2.410063e-08 1420914473 3458484829 1.4e-08 
4868434.0 3 3921011129 8.852223299999999e-07 3114612365 2719204682 1.505319e-08 4256642775 1.505319e-08 2449448537 1.505319e-08 
4869364.0 3 3020817656 1.400001e-08 481808867 463844675 1.462437e-08 3167902617 1.462437e-08 
4871945.0 3 2449448537 1.505319e-08 2932274237 579073438 1.4e-08 
4880157.0 1 3921011129 9.0027559e-07 2719204682 
4880271.0 1 463844675 2.8624369999999998e-08 3020817656 
4882808.0 0 4167430602 1.494762e-08 283080478 
4890214.0 2 1826422368 1.7645429999999998e-08 3702894340 3468130899 1.4e-08 
4901560.0 0 3921011129 9.002755e-07 4256642775 
4904590.0 1 3921011129 9.1532869e-07 4256642775 
4920292.0 0 2340740170 1.662986e-06 1371202285 
4931913.0 0 3774459889 2.791e-08 2683944377 
4946806.0 1 3534547045 8.129373900000001e-07 3952655669 
4946873.0 0 1572835533 1.744869e-06 2378434411 
4950887.0 1 1572835533 1.7591726e-06 3459374364 
4951526.0 0 2340740170 1.662986e-06 4122240121 
4960863.0 1 1572835533 1.787083e-06 1502094437 
4966356.0 1 2340740170 1.67730777e-06 1371202285 
4970258.0 1 2340740170 1.69949225e-06 4122240121 
4974532.0 3 2858952728 1.424198e-08 250719570 393090083 1.4e-08 
4974943.0 1 1572835533 1.814993e-06 770580294 
5013908.0 1 2340740170 1.71617064e-06 2066612683 
5017323.0 1 2340740170 1.7308205e-06 2159618959 
5032140.0 3 3458484829 1.4e-08 3108364485 2343849308 1.4e-08 
5051263.0 2 2013640095 1.452223e-08 2858952728 1055469694 1.4e-08 
5068751.0 1 1075699702 3.8517312999999997e-07 4032129539 
5071729.0 1 373638573 1.00000002791 825415804 
5078479.0 1 1572835533 1.82931477e-06 1837088337 
5100022.0 1 3921011129 9.293287e-07 2597880038 
5122447.0 0 1826422368 1.764543e-08 3099973400 
5159006.0 0 3268335666 2.791e-08 1913762779 
5159094.0 1 2340740170 1.744821e-06 1055469694 
5163427.0 3 1738909006 1.723352e-08 2027098952 627452446 1.4e-08 
5163922.0 1 1572835533 1.8438712e-06 1761715697 
5173307.0 2 2455922112 1.518551e-08 629078091 2014426858 1.4e-08 
5192549.0 1 1572835533 1.8590565100000001e-06 2455922112 
5238097.0 1 1572835533 1.87337877e-06 2378434411 
5238342.0 1 3534547045 8.269374e-07 579073438 
5243310.0 0 1572835533 1.873379e-06 766581564 
5246063.0 3 3824069879 1.4e-08 4061687915 2716949832 1.4e-08 
5281644.0 1 2589646060 3.4130070000000004e-08 754560055 
5300352.0 1 2340740170 1.75905643e-06 766581564 
5305018.0 0 2718413753 2.387589e-08 2286860921 
5368299.0 1 2340740170 1.77400362e-06 4096225443 
5420205.0 0 1572835533 1.873379e-06 3294683754 
5443667.0 1 1572835533 1.88765925e-06 1461359102 
5467011.0 1 373638573 1.0000013851732 1075699702 
5482541.0 1 1572835533 1.9102043000000003e-06 1906851972 
5489813.0 0 2343849308 1.4e-08 3891448235 
5504258.0 0 432337108 1.493075e-08 1848242772 
5511588.0 3 301219709 2.074068e-08 393090083 552634658 1.4e-08 
5519584.0 0 3099973400 1.432177e-08 37051273 
5525991.0 1 3921011129 9.4425945e-07 432337108 
5529523.0 1 2340740170 1.78824598e-06 3707879645 
5551098.0 1 3921011129 9.616695000000002e-07 1837234470 
5593282.0 1 1572835533 1.9242040000000003e-06 3468130899 
5601138.0 1 3921011129 9.7931493e-07 1826422368 
5626205.0 1 373638573 1.0000010558199999 2487301543 
5651470.0 0 283080478 1.402564e-08 2014426858 
5701237.0 1 2340740170 1.802246e-06 3302973195 
5718259.0 3 463844675 2.168689e-08 3167902617 3736523900 2.156185e-08 
5728933.0 1 373638573 1.0000010209099999 3884425642 
5733251.0 1 463844675 4.324875e-08 3736523900 
5744123.0 0 3921011129 9.793149e-07 4240624600 
5802962.0 3 1382686479 1.46505e-08 3824069879 2213923665 1.4e-08 
5875354.0 0 3921011129 9.793149e-07 3604532305 
5919865.0 1 3921011129 9.9436809e-07 2449448537 
5942631.0 0 3921011129 9.943681e-07 3433591204 
5950252.0 3 3736894086 1.4e-08 2451350669 1503202005 2.091e-08 3202152185 2.091e-08 
5994522.0 1 1572835533 1.938204e-06 2213923665 
6115998.0 0 1950077488 1.622723e-08 3458484829 
6146614.0 1 2340740170 1.8301560000000001e-06 3257166052 
6215726.0 3 3593732192 2.054173e-08 40245973 2622395779 1.4e-08 
6236575.0 1 2340740170 1.844156e-06 3458484829 
6259481.0 1 2340740170 1.86465111e-06 965372172 
6269042.0 0 2340740170 1.864651e-06 1434594601 
6285957.0 0 3593732192 2.054173e-08 395113485 
6321689.0 0 3534547045 8.269374e-07 242414939 
6324337.0 1 373638573 1.0000010179136098 2842015324 
6350020.0 0 463844675 4.324875e-08 242414939 
6354697.0 1 1572835533 1.9522040000000002e-06 838860310 
6395032.0 0 2340740170 1.864651e-06 552634658 
6422095.0 1 1572835533 1.980114e-06 242414939 
6433048.0 0 2340740170 1.864651e-06 1327969783 
6458270.0 0 2340740170 1.864651e-06 3593732192 
6491667.0 0 1913762779 1.423543e-08 3433591204 
6499532.0 1 1572835533 1.9993098e-06 1246511018 
6499642.0 0 3921011129 9.943681e-07 1434594601 
6528067.0 1 1572835533 2.02722e-06 3497999925 
6528714.0 2 3202152185 2.745173e-08 3593732192 3607413901 1.4e-08 
6538994.0 3 3921011129 9.8658534e-07 1327969783 649593533 1.784638e-08 66987975 1.784638e-08 
6545638.0 1 373638573 1.0000010148924798 3293059020 
6551289.0 0 3921011129 9.865854e-07 552634658 
6559803.0 3 538453177 1.424198e-08 2622395779 483021244 1.4e-08 
6563248.0 1 1572835533 2.04122e-06 483021244 
6569130.0 1 3921011129 1.00443178e-06 66987975 
6609213.0 1 373638573 1.00000101432177 2606325002 
6623008.0 1 1572835533 2.08846551e-06 688805295 
6644095.0 1 2340740170 1.89878107e-06 2589646060 
6653928.0 1 3921011129 1.0222783799999999e-06 649593533 
6664497.0 0 2340740170 1.898781e-06 3607413901 
6696042.0 0 1572835533 2.088466e-06 2883513480 
6705885.0 1 1572835533 2.10270143e-06 3182159117 
6738755.0 0 2340740170 1.898781e-06 3633199892 
6745811.0 1 1572835533 2.11694298e-06 3697249003 
6779858.0 0 1950077488 1.622723e-08 1913762779 
6780489.0 3 3774459889 1.400001e-08 3099973400 3707800333 1.411588e-08 3528190190 1.411588e-08 
6820619.0 1 3534547045 8.4105328e-07 3707800333 
6828859.0 1 2340740170 1.91280664e-06 785216844 
6867079.0 3 3604532305 2.091e-08 3592986772 2185291493 1.4e-08 
6917911.0 1 3921011129 1.03635072e-06 1848242772 
6962995.0 0 1572835533 2.116943e-06 3528190190 
6993285.0 0 2340740170 1.912807e-06 4004407106 
7084980.0 0 2340740170 1.912807e-06 1434594601 
7134392.0 2 1572835533 2.11694301e-06 976558236 550176535 1.4e-08 1674415855 1.459313e-08 4287239676 1.459313e-08 3884987045 1.459313e-08 
7148732.0 1 2340740170 1.92704898e-06 538453177 
7162073.0 1 1572835533 2.1309430000000003e-06 550176535 
7166682.0 3 3604532305 2.091e-08 3736894086 1960974751 1.4e-08 
7215551.0 1 1572835533 2.14541386e-06 2683944377 
7257986.0 1 3534547045 8.550533e-07 552634658 
7289808.0 0 896813269 1.765198e-08 3633199892 
7304131.0 1 1572835533 2.15993623e-06 2013640095 
7342369.0 1 1572835533 2.17716952e-06 1738909006 
7443910.0 1 3534547045 8.7270528e-07 896813269 
7457051.0 0 4287239676 1.459313e-08 3929228125 
7474771.0 3 1674415855 1.459313e-08 627452446 309459595 1.4e-08 
7515338.0 1 1572835533 2.1914054300000003e-06 3532745758 
7554166.0 1 373638573 1.000001014 4083845756 
7555329.0 1 2340740170 1.9435712899999997e-06 528880979 
7629754.0 1 2340740170 1.9575710000000004e-06 2185291493 
7665788.0 1 2340740170 1.97180643e-06 4035587434 
7687496.0 1 2340740170 1.992716e-06 3604532305 
7698131.0 1 373638573 1.000001014 3063534263 
7758523.0 0 2340740170 1.992716e-06 301219709 
8102683.0 0 1572835533 2.191405e-06 301219709 
8119708.0 1 3921011129 1.057261e-06 1503202005 
8170555.0 2 4240624600 1.43147e-08 3433591204 2348040613 1.4e-08 
8291280.0 3 2681498831 1.4e-08 1428265047 3180086772 1.545949e-08 3833074883 1.545949e-08 
8378534.0 0 1572835533 2.191405e-06 3202152185 
8487672.0 0 1572835533 2.191405e-06 439844059 
8614112.0 0 2340740170 1.992716e-06 1803925302 
8625210.0 1 3921011129 1.08136163e-06 3083352544 
8632930.0 0 3921011129 1.081361e-06 1370908750 
8632930.0 1 373638573 1.0000010236769798 1370908750 
8787707.0 0 1572835533 2.191405e-06 4287239676 
8818578.0 0 690117576 2.037754e-08 4287239676 
8862998.0 0 1572835533 2.191405e-06 3528190190 
8867243.0 0 1572835533 2.191405e-06 3884987045 
8940477.0 1 1572835533 2.20543064e-06 283080478 
9025329.0 1 2555962951 1.04667e-06 875106938 
9085338.0 1 3534547045 8.8682118e-07 3528190190 
9134859.0 1 3921011129 1.095361e-06 3774459889 
9207860.0 1 3921011129 1.109361e-06 2348040613 
9328408.0 3 3314075649 1.98083e-08 2716949832 1462644303 1.4e-08 
9477452.0 0 1572835533 2.205431e-06 315200650 
9550493.0 1 3921011129 1.1233609999999999e-06 2343849308 
9697144.0 1 3884987045 2.8907830000000002e-08 4240624600 
9872493.0 2 3921011129 1.123361e-06 3884987045 4088625113 1.4e-08 1237914369 1.490783e-08 
9879555.0 1 3921011129 1.137361e-06 4088625113 
9907892.0 1 1572835533 2.23288273e-06 3202152185 
9913845.0 0 1674415855 1.459313e-08 3633199892 
9929018.0 1 3921011129 1.1522688300000002e-06 1237914369 
