3534547045	2.725478e-06	5.947248e-01	7.295616e-02	
3373526895	3.622596e-06	1.244447e+00	3.517991e-02	
2799798816	1.779834e-06	8.944037e-01	1.235148e-02	
426576124	3.215328e-07	2.202561e+00	4.313283e-02	
2261252686	2.791000e-08	3.033269e+00	1.355930e-01	
911013108	2.791000e-08	2.675051e+00	7.160181e-02	
769686034	2.791000e-08	2.995455e+00	6.244112e-02	
4274934102	2.791000e-08	3.913424e+00	5.116517e-02		
2723643411	2.916060e-08	1.962253e+00	2.833086e-01	
4253718737	2.091000e-08	3.097403e+00	1.626341e-01	
2748669076	1.427536e-08	3.306556e+00	2.157258e-01	
