179097684 7.439075e-07 0.3849313543196231 0.6150686456803769 
3921011129 2.409012e-06 0.3833165282090442 0.6166834717909557 
545239233 1.67020145e-06 0.3673349221699045 0.6326650778300955 
1572835533 5.791885e-07 0.3662317608213741 0.6337682391786259 
1465560917 1.932578e-06 0.34574608934333523 0.6542539106566647 
3737780296 9.212057e-07 0.20809699840048848 0.7919030015995115 
4031050948 3.2249257e-07 0.19472541646463362 0.8052745835353664 
426576124 3.3492e-07 0.20000000000000004 0.7999999999999999 
3020817656 2.791e-08 0.4 0.356999 
3084497907 2.791e-08 0.4 0.960981 
1444500749 2.791654e-08 0.39990629211213136 0.6000937078878686 
3279231079 2.791e-08 0.2 2.549077 
1434594601 1.3999990000000003e-08 0.39871457051040743 0.6012854294895926 
2909632847 1.458727e-08 0.40000007165891643 0.5999999283410835 
1104410542 1.458727e-08 0.40000007165891643 0.5999999283410835 
4260098875 2.521171e-08 1.0 0.0 
3593732192 5.2421409999999995e-08 0.23999985094957327 0.7600001490504267 
1738909006 1.417142e-08 0.23854831065051443 0.7614516893494856 
4198169764 1.408571e-08 0.23999985094957324 0.7600001490504268 
451270221 1.44851e-08 0.19268075470656051 0.8073192452934395 
3293059020 1.447508e-08 0.23333333333333325 0.7666666666666667 
2159618959 1.516432e-08 0.22272800011254482 0.7772719998874552 
3986570268 1.447508e-08 0.23333333333333325 0.7666666666666667 
906368509 1.4e-08 0.4167792175219971 0.5832207824780029 
4187488967 1.76834e-08 0.3156632774240249 0.6843367225759751 
1565786989 1.476897e-08 0.6479220914346582 0.3520779085653418 
2286860921 1.475615e-08 0.6484849998634958 0.35151500013650416 
1867247157 1.669516e-08 0.08358709949470386 0.9164129005052961 
3006103420 1.47538e-08 0.22913204059421396 0.770867959405786 
4096225443 1.464822e-08 0.26413040106395147 0.7358695989360485 
3099973400 3.942667e-08 0.2820083143584002 0.7179916856415998 
2789348510 1.4e-08 0.24125133333333326 0.7587486666666667 
2606325002 1.412845e-08 0.29115527739432745 0.7088447226056726 
1848242772 1.412845e-08 0.29115527739432745 0.7088447226056726 
2343849308 1.412845e-08 0.29115527739432745 0.7088447226056726 
627452446 1.412845e-08 0.29115527739432745 0.7088447226056726 
552634658 1.412845e-08 0.29115527739432745 0.7088447226056726 
3736523900 1.412845e-08 0.29115527739432745 0.7088447226056726 
1503202005 1.412845e-08 0.29115527739432745 0.7088447226056726 
550176535 1.412845e-08 0.29115527739432745 0.7088447226056726 
3884987045 1.4e-08 0.5876532541288408 0.41234674587115916 
309459595 1.4256900000000001e-08 0.288532063695606 0.711467936304394 
79461789 2.091e-08 0.13347680535628886 0.8665231946437111 
2353028958 1.421219e-08 0.39402801420645445 0.6059719857935455 
3449694611 1.4e-08 0.2938266270644204 0.7061733729355796 
2426951832 1.4e-08 0.19935714285714295 0.800642857142857 
3089865955 1.533077e-08 0.268321341909238 0.7316786580907619 
224410298 1.6746e-08 0.3772901698610355 0.6227098301389645 
1759850032 1.4e-08 0.19935714285714284 0.8006428571428572 
287394855 3.3804789999999997e-08 0.3302490564207025 0.6697509435792974 
2670951229 1.980479e-08 0.281851006751397 0.7181489932486029 
2367820772 1.5778430000000002e-08 0.3032349204178021 0.6967650795821979 
1495382923 1.4e-08 0.7974285714285714 0.20257142857142862 
515125813 1.4e-08 0.14691341847036624 0.8530865815296338 
2747938267 2.295343e-08 0.14727943930466655 0.8527205606953334 
3363025910 1.412845e-08 0.1693239868976377 0.8306760131023623 
764400056 1.505416e-08 0.37079451792727064 0.6292054820727293 
1517815290 1.4e-08 1.0 0.0 
2454553876 1.430865e-08 0.29115659187943066 0.7088434081205693 
1923515514 1.430865e-08 0.29115659187943066 0.7088434081205693 
3339828518 1.430865e-08 0.29115659187943066 0.7088434081205693 
105819081 1.430865e-08 0.2911565918794307 0.7088434081205692 
1601889739 1.430865e-08 0.29115659187943066 0.7088434081205693 
381652938 1.430865e-08 0.29115659187943066 0.7088434081205693 
96665495 1.430865e-08 0.29115659187943066 0.7088434081205693 
85224627 1.4e-08 0.24146916432277934 0.7585308356772207 
3279439195 1.701497e-08 0.09925141818678046 0.9007485818132195 
360107933 1.4e-08 0.2938266270644206 0.7061733729355795 
2135013218 1.4e-08 0.1109083590338283 0.8890916409661717 
470332523 1.4e-08 0.39871400091857084 0.6012859990814292 
