179097684 6.6469335e-07 0.40981356233893157 0.5901864376610684 
3373526895 2.0874e-06 0.37750597780343387 0.6224940221965661 
2246051850 1.89285224e-06 0.3810823545114611 0.6189176454885389 
1465560917 2.40254824e-06 0.3475399104260207 0.6524600895739793 
2519559028 3.0700996e-07 0.20000002605778655 0.7999999739422134 
3498415124 2.442015e-08 0.4571634490369633 0.5428365509630366 
3555679070 4.241835e-08 0.4000000133688182 0.5999999866311818 
2408568032 2.791e-08 0.4 1.644313 
1156624510 2.791e-08 0.2 0.8 
333964007 1.948061e-08 0.28654133520459574 0.7134586647954042 
2250879299 2.791e-08 0.2 0.8 
1878784256 1.4e-08 0.39871428571428574 0.6012857142857142 
1664502715 2.791e-08 0.2 2.726246 
3176785673 1.7628289999999997e-08 0.31665011183727976 0.6833498881627202 
2261252686 2.428462e-08 0.22985741592827064 0.7701425840717293 
199935986 2.791e-08 0.2 2.926287 
3838279446 4.241835e-08 0.2684060216176067 0.7315939783823933 
251961497 2.791e-08 0.2 3.080951 
728028737 2.791e-08 0.2 3.098381 
921425487 2.791e-08 0.2 3.293348 
3245569981 2.791e-08 0.2 3.777765 
2729381062 2.791e-08 0.2 3.894261 
2707128518 1.450835e-08 0.4000000390866782 0.5999999609133218 
2312786130 1.450835e-08 0.4000000390866782 0.5999999609133218 
3375523036 1.450835e-08 0.4000000390866782 0.5999999609133218 
451270221 1.4e-08 0.30000000000000004 0.7 
2250775120 2.091e-08 0.30000000000000004 0.7 
2159618959 1.466094e-08 0.19999997133644265 0.8000000286635573 
3401497744 1.466094e-08 0.19999997133644265 0.8000000286635573 
432337108 1.466094e-08 0.19999997133644265 0.8000000286635573 
4209590891 1.466094e-08 0.19999997133644265 0.8000000286635573 
3986570268 1.466094e-08 0.19999997133644265 0.8000000286635573 
174500547 1.466094e-08 0.19999997133644265 0.8000000286635573 
1370908750 2.091e-08 0.2669536107125777 0.7330463892874223 
976558236 2.091e-08 0.2669536107125777 0.7330463892874223 
2438291630 2.091e-08 0.2669536107125777 0.7330463892874223 
3121292019 1.912697e-08 0.29183921969867677 0.7081607803013232 
1950077488 1.828632e-08 0.1603486967178364 0.8396513032821636 
3111692719 1.6572319999999997e-08 0.25234849435685563 0.7476515056431443 
3332562587 1.4e-08 0.40114426035055806 0.5988557396494419 
3929228125 1.420918e-08 0.20421095964310426 0.7957890403568957 
766581564 1.409711e-08 0.1029172037226639 0.8970827962773361 
1743198400 1.402176e-08 0.2352940730152244 0.7647059269847756 
3952655669 1.402176e-08 0.2352940730152244 0.7647059269847756 
896813269 2.804352e-08 0.2352940730152244 0.7647059269847756 
1736323711 1.402176e-08 0.2352940730152244 0.7647059269847756 
1199222225 1.402176e-08 0.2352940730152244 0.7647059269847756 
3492274228 1.402176e-08 0.2352940730152244 0.7647059269847756 
1420914473 1.402176e-08 0.2352940730152244 0.7647059269847756 
1086559163 1.402176e-08 0.2352940730152244 0.7647059269847756 
3063534263 1.402176e-08 0.2352940730152244 0.7647059269847756 
4167430602 1.402176e-08 0.2352940730152244 0.7647059269847756 
1896745001 1.4e-08 0.23565978723156808 0.7643402127684319 
2369258877 1.4e-08 0.23565978723156808 0.7643402127684319 
2589646060 1.412929e-08 0.41606643253674025 0.5839335674632598 
463844675 1.412929e-08 0.41606643253674025 0.5839335674632598 
627452446 2.819153e-08 0.3182539255192401 0.68174607448076 
3202152185 1.412929e-08 0.41606643253674025 0.5839335674632598 
2185291493 1.412929e-08 0.41606643253674025 0.5839335674632598 
4287239676 1.412929e-08 0.41606643253674025 0.5839335674632598 
1237914369 1.425858e-08 0.4122937406513859 0.5877062593486141 
1831065885 1.412929e-08 0.41606643253674025 0.5839335674632598 
1553963666 1.412929e-08 0.41606643253674025 0.5839335674632598 
2649056468 1.412929e-08 0.41606643253674025 0.5839335674632598 
552498239 1.425858e-08 0.4122937406513859 0.5877062593486141 
114837353 2.825858e-08 0.41606643253674025 0.5839335674632598 
1850435983 4.4003140000000005e-08 0.3281879877798157 0.6718120122201843 
2426951832 1.406224e-08 0.2199750398454574 0.7800249601545426 
3089865955 1.406224e-08 0.2199750398454574 0.7800249601545426 
2654473721 1.406224e-08 0.2199750398454574 0.7800249601545426 
2704180049 1.406224e-08 0.2199750398454574 0.7800249601545426 
771359632 1.406224e-08 0.2199750398454574 0.7800249601545426 
4186562710 1.406224e-08 0.2199750398454574 0.7800249601545426 
1922039940 1.406224e-08 0.2199750398454574 0.7800249601545426 
2472898255 1.406224e-08 0.2199750398454574 0.7800249601545426 
3459912306 1.406224e-08 0.2199750398454574 0.7800249601545426 
1598213090 1.406224e-08 0.2199750398454574 0.7800249601545426 
1298902656 1.406224e-08 0.2199750398454574 0.7800249601545426 
3532628785 1.406224e-08 0.2199750398454574 0.7800249601545426 
3190311976 2.812448e-08 0.2199750398454574 0.7800249601545426 
841878026 1.406224e-08 0.2199750398454574 0.7800249601545426 
3177521820 1.406224e-08 0.2199750398454574 0.7800249601545426 
3363025910 1.406224e-08 0.2199750398454574 0.7800249601545426 
96665495 1.406224e-08 0.2199750398454574 0.7800249601545426 
149784911 1.406224e-08 0.2199750398454574 0.7800249601545426 
3279439195 1.716753e-08 0.7341329824383589 0.2658670175616411 
2208266878 1.4e-08 0.41990880604121705 0.580091193958783 
3715668764 1.791666e-08 0.08632584991612231 0.9136741500838776 
3418547556 1.791666e-08 0.08632584991612231 0.9136741500838776 
3270476896 1.463615e-08 0.200828950675777 0.799171049324223 
3934203265 2.081091e-08 0.15878014851430275 0.8412198514856972 
1323984060 1.4e-08 0.22095298602259897 0.7790470139774011 
4197927596 1.4e-08 0.41990850610656993 0.5800914938934301 
1414892502 1.4e-08 0.7974285714285712 0.20257142857142885 
4201342597 1.4e-08 0.22095282819915013 0.7790471718008498 
3590332688 1.4e-08 0.3987145705104075 0.6012854294895925 
1745749016 1.4e-08 0.4021556000000002 0.5978443999999998 
2933223072 1.4e-08 0.41606643253674 0.58393356746326 
1987038079 1.660898e-08 0.7588214327430103 0.24117856725698972 
3797386594 1.489992e-08 0.20760794717799724 0.7923920528220028 
1280619132 1.4e-08 0.41990880604121683 0.5800911939587832 
4105879141 1.4e-08 0.41990880604121705 0.580091193958783 
