179097684 5.7128282e-07 0.3973993655112913 0.6026006344887087 
3921011129 2.57670593e-06 0.39241681286090857 0.6075831871390914 
2246051850 3.03172993e-06 0.37942161910456 0.6205783808954399 
2799798816 3.9259840000000003e-07 0.21013422131302595 0.789865778686974 
2519559028 6.5912785e-07 0.1402381958751838 0.8597618041248162 
3071234124 2.791e-08 0.4 1.285452 
869234806 1.4e-08 0.7974285714285715 0.2025714285714285 
810769555 2.791e-08 0.4 1.894413 
790319072 2.791e-08 0.4 1.908066 
1458665800 2.791e-08 0.4 1.96317 
3176785673 2.791e-08 0.2 2.775594 
251961497 2.791e-08 0.2 3.080951 
3481866093 2.791e-08 0.2 3.758521 
865537991 2.791e-08 0.2 3.855233 
2029773149 1.46505e-08 0.3999999478844406 0.6000000521155594 
740082705 1.46505e-08 0.3999999478844406 0.6000000521155594 
2795063678 1.46505e-08 0.3999999478844406 0.6000000521155594 
1412415798 1.457038e-08 0.4000001042311597 0.5999998957688403 
3913511150 1.457038e-08 0.4000001042311597 0.5999998957688403 
690117576 1.457038e-08 0.4000001042311597 0.5999998957688403 
3293059020 1.4891670000000001e-08 0.20779258052664382 0.7922074194733562 
2159618959 1.461142e-08 0.2117780843786029 0.7882219156213971 
921818415 1.449e-08 0.24285716771839794 0.7571428322816021 
4212779140 1.4441939999999999e-08 0.2436653496856784 0.7563346503143216 
2521380987 2.006967e-08 0.03854545861555277 0.9614545413844472 
3294683754 1.613317e-08 0.09590116223640849 0.9040988377635915 
2674988631 2.423182e-08 0.20596386045488196 0.7940361395451181 
2883513480 1.44061e-08 0.20670574441538536 0.7932942555846146 
783121895 1.44061e-08 0.20670574441538536 0.7932942555846146 
3059144981 1.449307e-08 0.20546534479047457 0.7945346552095254 
3952655669 1.4533030000000001e-08 0.2049003975511289 0.7950996024488711 
2848685905 1.44061e-08 0.20670574441538536 0.7932942555846146 
1867247157 1.44061e-08 0.20670574441538536 0.7932942555846146 
3633199892 1.44061e-08 0.20670574441538536 0.7932942555846146 
283080478 1.44061e-08 0.20670574441538536 0.7932942555846146 
1199222225 1.449308e-08 0.20546520302257928 0.7945347969774207 
3755198008 1.44061e-08 0.20670574441538536 0.7932942555846146 
1420914473 1.4e-08 0.4162966799062575 0.5837033200937425 
3012889883 3.1787179999999997e-08 0.26928540451284083 0.7307145954871592 
2027098952 1.408697e-08 0.3820537570967707 0.6179462429032293 
2597880038 1.408697e-08 0.38205375709677075 0.6179462429032292 
1761715697 1.408697e-08 0.38205375709677075 0.6179462429032292 
629078091 1.408697e-08 0.3820537570967707 0.6179462429032293 
3563522875 1.408697e-08 0.3820537570967707 0.6179462429032293 
249728555 1.408697e-08 0.3820537570967707 0.6179462429032293 
4285226245 1.408697e-08 0.38205375709677075 0.6179462429032292 
2024675612 1.408697e-08 0.3820537570967707 0.6179462429032293 
1292023300 1.408697e-08 0.3820537570967707 0.6179462429032293 
875106938 1.400001e-08 0.7688537100487066 0.23114628995129338 
3314075649 1.408697e-08 0.3820537570967707 0.6179462429032293 
3458484829 2.421175e-08 0.28911582186335155 0.7108841781366484 
2449448537 1.409513e-08 0.10394014167448253 0.8960598583255175 
3167902617 1.741e-08 0.08015508328546814 0.9198449167145318 
579073438 1.4e-08 0.242857167718398 0.7571428322816021 
3468130899 1.4e-08 0.2092928298743213 0.7907071701256787 
2343849308 1.4e-08 0.2127016874730345 0.7872983125269655 
3528190190 1.4e-08 0.19221377032694167 0.8077862296730584 
550176535 1.4e-08 0.5000003571431122 0.4999996428568878 
3884987045 1.688447e-08 0.23388376735622712 0.7661162326437729 
3180086772 1.4e-08 0.384427129614964 0.615572870385036 
4088625113 1.4e-08 0.38442712961496406 0.6155728703850359 
1237914369 1.619883e-08 0.12189162592030396 0.878108374079696 
1649557018 1.4e-08 0.41629667990625746 0.5837033200937425 
79461789 1.4e-08 0.384427129614964 0.615572870385036 
734120091 1.4e-08 0.41629697726124115 0.5837030227387588 
552498239 1.3999989999999996e-08 1.0 0.0 
2950407739 1.412693e-08 0.38400143070675063 0.6159985692932494 
72955594 1.412693e-08 0.38400143070675063 0.6159985692932494 
1771264541 1.412693e-08 0.38400143070675063 0.6159985692932494 
2353028958 1.412693e-08 0.38400143070675063 0.6159985692932494 
2980075456 1.412693e-08 0.38400143070675063 0.6159985692932494 
1194638860 1.412693e-08 0.38400143070675063 0.6159985692932494 
2341758500 1.412693e-08 0.38400143070675063 0.6159985692932494 
651046398 1.412693e-08 0.38400143070675063 0.6159985692932494 
229435916 1.412693e-08 0.38400143070675063 0.6159985692932494 
1850435983 1.412693e-08 0.38400143070675063 0.6159985692932494 
2426951832 1.412693e-08 0.38400143070675063 0.6159985692932494 
3089865955 1.412693e-08 0.38400143070675063 0.6159985692932494 
3201932102 1.412693e-08 0.38400143070675063 0.6159985692932494 
3527214469 1.412693e-08 0.38400143070675063 0.6159985692932494 
771359632 1.412693e-08 0.38400143070675063 0.6159985692932494 
4186562710 1.412693e-08 0.38400143070675063 0.6159985692932494 
346987663 1.412693e-08 0.38400143070675063 0.6159985692932494 
1314810707 1.412693e-08 0.38400143070675063 0.6159985692932494 
1598213090 1.412693e-08 0.38400143070675063 0.6159985692932494 
1298902656 1.412693e-08 0.38400143070675063 0.6159985692932494 
3190311976 1.412693e-08 0.38400143070675063 0.6159985692932494 
1517815290 1.412693e-08 0.38400143070675063 0.6159985692932494 
66064165 1.412693e-08 0.38400143070675063 0.6159985692932494 
1923515514 1.412693e-08 0.38400143070675063 0.6159985692932494 
533433650 2.825386e-08 0.38400143070675063 0.6159985692932494 
381652938 1.412693e-08 0.38400143070675063 0.6159985692932494 
149784911 1.412693e-08 0.38400143070675063 0.6159985692932494 
85224627 1.412693e-08 0.38400143070675063 0.6159985692932494 
58759274 1.4e-08 0.3874829522495798 0.6125170477504203 
2135013218 1.4e-08 0.384427129614964 0.615572870385036 
3934203265 1.4e-08 0.3874829522495798 0.6125170477504203 
1292024166 1.4e-08 0.38442712961496395 0.615572870385036 
1323984060 1.4e-08 0.7974285714285715 0.2025714285714285 
4197927596 1.4e-08 0.21270168747303456 0.7872983125269655 
4201342597 1.4e-08 0.3874829522495798 0.6125170477504203 
2391696826 1.4e-08 0.384427129614964 0.615572870385036 
1745749016 1.483472e-08 0.38400188583424893 0.6159981141657511 
2711965517 1.4882780000000001e-08 0.3827618533515277 0.6172381466484723 
1987038079 1.483472e-08 0.38400188583424893 0.6159981141657511 
3797386594 1.483472e-08 0.38400188583424893 0.6159981141657511 
3443287411 1.532472e-08 0.3717236240416171 0.6282763759583829 
1165174376 1.4e-08 0.39871428571428574 0.6012857142857142 
4263904522 1.4e-08 0.25135716858854196 0.748642831411458 
4267941538 1.4e-08 0.2127018394029199 0.7872981605970801 
3372193553 1.4e-08 0.3844271296149639 0.615572870385036 
3681452412 1.4e-08 0.9999999999999999 1.1102230246251565e-16 
3458662533 1.4e-08 0.38442712961496406 0.6155728703850359 
762210064 1.4e-08 0.1046464149371606 0.8953535850628394 
570164134 1.4e-08 0.40689717541593223 0.5931028245840677 
2418772576 1.660633e-08 1.0 0.0 
4278040469 1.4e-08 0.384427129614964 0.615572870385036 
241690685 1.510185e-08 0.2204594004419951 0.7795405995580049 
1703904600 1.510185e-08 0.2204594004419951 0.7795405995580049 
3814978291 1.510185e-08 0.2204594004419951 0.7795405995580049 
