179097684 1.12778577e-06 0.3685593942282476 0.6314406057717523 
3534547045 1.88266532e-06 0.3615853009457614 0.6384146990542385 
2235064901 1.916192e-06 0.39053858117518214 0.6094614188248179 
2340740170 3.390159e-06 0.34130602119764275 0.6586939788023572 
1434498202 2.791e-08 0.4 1.760575 
1878784256 2.791e-08 0.2 2.393164 
326805806 2.791e-08 0.2 2.628873 
1434594601 2.791e-08 0.2 2.792141 
3663377129 1.913168e-08 0.5835335244295871 0.41646647557041294 
1945448119 1.469432e-08 0.1982711509596908 0.8017288490403092 
