3921011129 2.8031900000000003e-06 0.3633947402715241 0.6366052597284759 
3150846686 1.948235e-06 0.3814459503894881 0.618554049610512 
2246051850 3.66072138e-06 0.3368657162492433 0.6631342837507568 
2555962951 6.671352e-07 0.16328810112253106 0.8367118988774689 
2937387076 2.231499e-08 0.5002915080849241 0.49970849191507594 
1434498202 1.4e-08 1.0 0.0 
102901530 1.4e-08 0.7974285714285715 0.2025714285714285 
598947138 1.4e-08 0.39871428571428574 0.6012857142857142 
2440120768 2.791e-08 0.2 2.257034 
1878784256 2.7886270000000002e-08 0.30206311173809053 0.6979368882619095 
290926289 1.4000010000000001e-08 0.39871400091857073 0.6012859990814292 
164438789 2.791e-08 0.2 2.454941 
443746396 2.791e-08 0.2 2.677339 
4188445920 2.791e-08 0.2 2.742646 
2856850640 2.791e-08 0.2 2.960313 
3108364485 2.791e-08 0.2 3.028955 
728028737 2.791e-08 0.2 3.098381 
769686034 2.791e-08 0.2 3.11586 
3462747 1.4e-08 0.39871428571428574 0.6012857142857142 
754869367 2.791e-08 0.2 0.8 
43001897 2.791e-08 0.2 3.47574 
1128709694 1.4e-08 0.39871428571428574 0.6012857142857142 
2729381062 2.791e-08 0.2 3.894261 
4260098875 1.512056e-08 0.19480466185441767 0.8051953381455823 
821115011 1.446266e-08 0.400000052115573 0.599999947884427 
1149406307 1.74325e-08 0.19948372293130645 0.8005162770686935 
3632514288 1.403622e-08 0.39999992356385095 0.600000076436149 
3929228125 1.998986e-08 0.28494723909500097 0.715052760904999 
4285226245 1.530738e-08 1.0 0.0 
3302973195 1.863091e-08 0.5992192544540229 0.4007807455459771 
2185291493 1.421171e-08 0.39459008828405834 0.6054099117159417 
3180086772 1.421171e-08 0.39459008828405834 0.6054099117159417 
1657444763 1.4e-08 0.22715015026062416 0.7728498497393759 
4193709834 1.427201e-08 0.13037173226943274 0.8696282677305672 
2655011401 1.456135e-08 0.12778122170019074 0.8722187782998092 
2197427154 1.468225e-08 0.9999999999999964 3.552713678800501e-15 
3824375258 1.4e-08 0.3973955510040973 0.6026044489959027 
3378187523 2.091e-08 0.13347680535628886 0.8665231946437111 
3408999490 1.400001e-08 0.8959892345508265 0.10401076544917354 
3438744891 1.5187e-08 0.0697987775432659 0.9302012224567341 
213831427 1.824907e-08 0.6117575371005409 0.3882424628994591 
2993076447 1.425608e-08 0.19614376492142713 0.8038562350785728 
1426981231 1.4991283000000002e-07 0.4208040925850677 0.5791959074149323 
3872525629 2.132017e-08 0.13090889988213042 0.8690911001178696 
3827929005 1.766266e-08 0.2211521533695157 0.7788478466304842 
2574253871 1.439278e-08 0.2211521533695157 0.7788478466304842 
3700209637 2.254769e-08 0.28233440232446855 0.7176655976755315 
1268185054 1.459985e-08 0.21801554741820625 0.7819844525817937 
1140472632 1.439278e-08 0.2211521533695157 0.7788478466304842 
975973597 1.439278e-08 0.2211521533695157 0.7788478466304842 
3962269793 1.439278e-08 0.2211521533695157 0.7788478466304842 
3421068049 1.464886e-08 0.21728614308374158 0.7827138569162584 
3953247145 1.707393e-08 0.16346553972473246 0.8365344602752676 
335748715 1.458713e-08 0.2956876453660995 0.7043123546339005 
253060996 1.74325e-08 0.19948372293130645 0.8005162770686935 
3578947201 1.74325e-08 0.19948372293130645 0.8005162770686935 
571790981 1.74325e-08 0.19948372293130645 0.8005162770686935 
2308303797 2.091e-08 0.13347680535628886 0.8665231946437111 
2256454524 1.4e-08 0.33359722002118597 0.666402779978814 
4281208133 2.091e-08 0.13347680535628886 0.8665231946437111 
1179141501 2.091e-08 0.13347680535628886 0.8665231946437111 
3325553423 1.4e-08 0.2273567349981213 0.7726432650018786 
1852572783 1.43739e-08 0.3883427601416456 0.6116572398583544 
2233621492 1.43739e-08 0.3883427601416456 0.6116572398583544 
3229926557 1.567125e-08 0.11095158331339236 0.8890484166866076 
2972065009 1.567125e-08 0.11095158331339236 0.8890484166866076 
1823433846 1.406461e-08 0.11305333399393011 0.8869466660060699 
4052933330 2.806461e-08 0.25555498728912923 0.7444450127108708 
