179097684 6.297360599999999e-07 0.3944493930926521 0.605550606907348 
3534547045 1.25938163e-06 0.39669041211044637 0.6033095878895536 
2235064901 1.26653828e-06 0.3957774792252126 0.6042225207747873 
545239233 1.98768796e-06 0.39059580266086397 0.609404197339136 
2246051850 1.99202096e-06 0.3798325083455581 0.620167491654442 
2984600922 2.1818439600000002e-06 0.22595057761990492 0.7740494223800951 
426576124 2.16965096e-06 0.2062139976682924 0.7937860023317076 
1236021306 2.791e-08 0.2 3.568774 
2757833455 2.791e-08 0.2 4.052334 
3122982648 1.406823e-08 0.38666667590270337 0.6133333240972967 
2177968201 1.403975e-08 0.20000003307334568 0.7999999669266543 
3113062634 2.6372180000000004e-08 0.3835129561330105 0.6164870438669895 
896813269 2.103744e-08 0.08740884616217252 0.9125911538378275 
1867247157 1.4e-08 0.3000002687211295 0.6999997312788705 
785216844 1.792803e-08 0.4670340243741226 0.5329659756258773 
2716949832 1.662294e-08 0.3232148904063955 0.6767851095936045 
552634658 1.4e-08 0.38377012359514884 0.6162298764048512 
3707800333 1.423396e-08 0.24389408562620485 0.7561059143737952 
2185291493 1.423396e-08 0.24389408562620485 0.7561059143737952 
4287239676 1.423396e-08 0.24389408562620485 0.7561059143737952 
1462644303 1.423396e-08 0.24389408562620485 0.7561059143737952 
4088625113 1.423396e-08 0.24389408562620485 0.7561059143737952 
1237914369 1.4273710000000001e-08 0.24321487959612284 0.7567851204038771 
1002680420 1.4e-08 0.20056789031010755 0.7994321096898924 
