179097684 7.095030800000001e-07 0.3882029467396139 0.611797053260386 
3534547045 2.179636e-06 0.3816797513979818 0.6183202486020182 
3921011129 1.492949e-06 0.3797003261873003 0.6202996738126997 
3150846686 2.5455504e-06 0.34843113720173463 0.6515688627982654 
1222799196 1.18388166e-06 0.306924313786396 0.693075686213604 
290926289 2.791e-08 0.2 2.408534 
4226750145 2.791e-08 0.2 2.892456 
2757833455 1.3999999999999998e-08 0.39871428571428574 0.6012857142857142 
3099973400 1.445408e-08 0.40000007165891666 0.5999999283410833 
110318614 1.4e-08 0.40195520556638786 0.5980447944336121 
1804212609 1.401222e-08 0.026276665713696676 0.9737233342863033 
