179097684 3.1576962999999996e-07 0.9407951930019351 0.05920480699806485 
3373526895 2.76836909e-06 0.4301445760720472 0.5698554239279527 
3921011129 1.26404677e-06 0.392320342820918 0.607679657179082 
4259593397 4.00774877e-06 0.3043008102960387 0.6956991897039613 
659524895 2.791e-08 0.2 2.110437 
3108364485 2.791e-08 0.2 3.028955 
1866926464 2.791e-08 0.2 3.203992 
1134132465 2.791e-08 0.2 3.972905 
2118016430 2.091e-08 0.13347680535628886 0.8665231946437111 
1239307652 1.404977e-08 0.09934591910134682 0.9006540808986532 
