179097684 6.418314e-07 0.3759366406112052 0.6240633593887948 
3534547045 1.261423e-06 0.39745489490071656 0.6025451050992834 
2235064901 2.94945536e-06 0.37953487108073825 0.6204651289192618 
2799798816 5.194059310000001e-06 0.28908040746627606 0.7109195925337239 
2555962951 3.0701e-07 0.20000000000000004 0.7999999999999999 
3497999925 2.791e-08 0.4 1.786951 
1347872676 2.791e-08 0.2 2.580848 
4226750145 2.791e-08 0.2 2.892456 
728028737 2.791e-08 0.2 3.098381 
1415695418 2.791e-08 0.2 3.365717 
2729381062 2.791e-08 0.2 3.894261 
3288380490 1.741e-08 0.08015508328546814 0.9198449167145318 
1249238030 1.562996e-08 0.20000001433178177 0.7999999856682183 
3214077756 1.562996e-08 0.20000001433178177 0.7999999856682183 
451270221 1.562996e-08 0.20000001433178177 0.7999999856682183 
3160344427 1.422698e-08 0.2000000110244474 0.7999999889755526 
3182159117 1.422698e-08 0.2000000110244474 0.7999999889755526 
766581564 1.422698e-08 0.2000000110244474 0.7999999889755526 
629078091 1.403012e-08 0.38741808614335504 0.612581913856645 
1848242772 1.449e-08 0.19999993857810136 0.8000000614218986 
3468130899 2.849e-08 0.493576662337546 0.5064233376624541 
3736523900 1.425124e-08 0.39999984278607614 0.6000001572139239 
149784911 2.225682e-08 0.2507995302114138 0.7492004697885861 
1965662198 1.743464e-08 0.19565504270431172 0.8043449572956882 
2604064924 1.423522e-08 0.3989229162436927 0.6010770837563073 
3458662533 1.423522e-08 0.3989229162436927 0.6010770837563073 
2105330617 2.823522e-08 0.3941910320238116 0.6058089679761884 
2222966094 1.4745959999999999e-08 0.21913392884058097 0.7808660711594191 
3827929005 1.4e-08 0.3893796453892019 0.6106203546107981 
3607398139 1.3999989999999998e-08 0.9999999999999999 1.1102230246251565e-16 
1140472632 1.4e-08 0.20699993642833495 0.7930000635716651 
1090143039 1.630471e-08 0.3267198045558686 0.6732801954441314 
1678023283 1.4e-08 0.40000010423115995 0.59999989576884 
2118254765 1.4e-08 0.38937964538920183 0.6106203546107982 
3580551846 1.4e-08 0.38825158848297203 0.611748411517028 
