179097684 6.1264934e-07 0.35359430998513797 0.646405690014862 
3373526895 2.4388616600000003e-06 0.3850405142819808 0.6149594857180192 
545239233 3.54874513e-06 0.34115391315632265 0.6588460868436774 
1222799196 1.528384e-06 0.35656298981851303 0.643437010181487 
2519559028 8.0057092e-07 0.2507165005289741 0.7492834994710259 
476505668 2.3530419e-07 0.2372248449974478 0.7627751550025522 
3891448235 1.4000009999999996e-08 0.3987140009185709 0.6012859990814291 
392861532 2.791e-08 0.2 3.347551 
3321237907 1.45086e-08 0.39856001348507303 0.6014399865149269 
4093093422 2.091e-08 0.13347680535628886 0.8665231946437111 
879162223 1.472778e-08 0.19999997133644265 0.8000000286635573 
1428265047 1.4e-08 0.6302039451247154 0.36979605487528455 
4167430602 1.434529e-08 0.2181818334821165 0.7818181665178835 
1906851972 1.434529e-08 0.2181818334821165 0.7818181665178835 
1837088337 1.438199e-08 0.1126710502449564 0.8873289497550436 
1649557018 1.455515e-08 0.38434610901012456 0.6156538909898754 
1553963666 1.4e-08 0.7991736097941021 0.20082639020589788 
1449522982 1.4e-08 0.4014923456528303 0.5985076543471697 
1301910447 1.431889e-08 0.10285558370269737 0.8971444162973026 
4106915849 1.4e-08 0.39871457051040754 0.6012854294895924 
3953247145 1.642238e-08 0.22660143316678585 0.7733985668332142 
335748715 1.642238e-08 0.22660143316678585 0.7733985668332142 
1090143039 1.496846e-08 0.12433368897146896 0.875666311028531 
4281208133 1.838286e-08 0.15182621202576746 0.8481737879742326 
1852572783 1.4e-08 0.3809461452530746 0.6190538547469254 
