179097684 7.048699099999999e-07 0.38422168205403573 0.6157783179459643 
3534547045 9.032971799999999e-07 0.3863751258518133 0.6136248741481867 
3921011129 1.892998e-06 0.36314979824525623 0.6368502017547437 
2246051850 2.5616537699999998e-06 0.378938295490476 0.621061704509524 
3004792470 3.4873686e-06 0.28725448989367447 0.7127455101063256 
426576124 3.4953952e-07 0.2007272911567223 0.7992727088432777 
825415804 2.791e-08 0.2 3.011721 
251961497 2.791e-08 0.2 3.080951 
3824069879 2.791e-08 0.2 3.168592 
43001897 2.791e-08 0.2 3.47574 
3059103076 1.435702e-08 0.40000010748838405 0.5999998925116159 
766581564 1.461952e-08 0.21738887472508997 0.7826111252749101 
3702894340 1.461952e-08 0.21738887472508997 0.7826111252749101 
2674988631 1.4884280000000001e-08 0.2135219843903062 0.7864780156096938 
3633199892 2.102375e-08 0.5310184909923308 0.4689815090076692 
2013640095 2.013729e-08 0.14151494588746277 0.8584850541125373 
3302973195 1.45132e-08 0.3999522649432582 0.6000477350567418 
3433591204 1.45132e-08 0.3999522649432582 0.6000477350567418 
4256642775 1.45132e-08 0.3999522649432582 0.6000477350567418 
2449448537 1.459904e-08 0.39760061014796144 0.6023993898520386 
3607413901 1.456033e-08 0.33387948079442153 0.6661205192055785 
79461789 1.4e-08 0.410200681658063 0.589799318341937 
552498239 1.4e-08 0.1135043214936053 0.8864956785063947 
2789301560 1.428292e-08 0.200000065758199 0.7999999342418009 
3459912306 1.428292e-08 0.200000065758199 0.7999999342418009 
841878026 1.900153e-08 0.2937654429243968 0.7062345570756032 
3681452412 1.439099e-08 0.09924907665209609 0.9007509233479039 
1905833305 1.4e-08 0.39364069673781865 0.6063593032621813 
1629863604 1.4e-08 0.4146133722553211 0.5853866277446789 
3378187523 1.4e-08 0.3990966654960058 0.6009033345039942 
