3534547045 1.592425e-06 0.3646699498596156 0.6353300501403845 
3373526895 2.02103832e-06 0.37787595027194815 0.6221240497280518 
545239233 4.060639000000001e-06 0.3566103633513798 0.6433896366486203 
1790255658 2.791e-08 0.4 1.569011 
3833318790 2.791e-08 0.2 2.875614 
3268335666 2.791e-08 0.2 0.8 
2669757562 1.4e-08 0.39871428571428574 0.6012857142857142 
3443220506 2.791e-08 0.2 3.682034 
1382686479 1.493117e-08 0.16993127312010559 0.8300687268798944 
1803925302 1.461228e-08 0.1736397555530504 0.8263602444469496 
283080478 1.741e-08 0.2402067777139576 0.7597932222860424 
2681498831 1.408825e-08 0.39191561483973564 0.6080843851602644 
2655011401 1.650843e-08 0.2106499527817002 0.7893500472182998 
855708858 1.40578e-08 0.1557709788110169 0.8442290211889831 
551137729 1.402616e-08 0.37758730045584254 0.6224126995441575 
937177227 1.402616e-08 0.37758730045584254 0.6224126995441575 
690117576 1.4e-08 0.40849221683874576 0.5915077831612543 
