3534547045 1.56237102e-06 0.41223247850825406 0.5877675214917459 
3373526895 2.821293e-06 0.3832216775685371 0.6167783224314629 
2340740170 1.27675902e-06 0.2707050452898937 0.7292949547101063 
1572835533 9.8461264e-07 0.3867432837779792 0.6132567162220208 
1465560917 1.389556e-06 0.34207473758446016 0.6579252624155398 
3004792470 7.1254299e-07 0.20390432568749492 0.796095674312505 
426576124 3.6283e-07 0.20000000000000007 0.7999999999999999 
1516068388 2.796249e-08 0.39924913696884645 0.6007508630311535 
1481166135 2.791e-08 0.4 1.411911 
2408568032 2.791e-08 0.4 1.644313 
3774459889 2.791e-08 0.4 1.773738 
3933289935 1.497875e-08 0.7453225402653759 0.2546774597346241 
511603307 2.791e-08 0.4 0.6 
1593850299 1.4000009999999996e-08 0.7974280018371418 0.2025719981628582 
598947138 2.791e-08 0.2 2.033153 
659524895 2.1584080000000002e-08 0.258616535891268 0.741383464108732 
2466232951 2.791e-08 0.2 2.139364 
333964007 2.791e-08 0.2 2.153901 
3197676583 2.791e-08 0.2 2.21254 
3891448235 2.791e-08 0.2 2.242153 
3823443426 1.4e-08 0.39871428571428574 0.6012857142857142 
164438789 2.791e-08 0.2 2.454941 
1664502715 2.791e-08 0.2 2.726246 
385785803 1.4e-08 0.39871428571428574 0.6012857142857142 
1128709694 1.4e-08 0.39871428571428574 0.6012857142857142 
937177227 1.46505e-08 0.2 0.8 
2999719241 1.46505e-08 0.2 0.8 
1931993247 1.46505e-08 0.2 0.8 
1172086036 1.405249e-08 0.19999999283410994 0.80000000716589 
4083845756 1.4e-08 0.5639457142857146 0.4360542857142854 
898751805 1.551056e-08 0.05998064114598917 0.9400193588540108 
2125331604 1.472778e-08 0.39999997133644055 0.6000000286635594 
4240624600 1.472778e-08 0.39999997133644055 0.6000000286635594 
3349724438 1.472778e-08 0.39999997133644055 0.6000000286635594 
4253718737 1.472778e-08 0.39999997133644055 0.6000000286635594 
3815024321 1.4e-08 0.7974285714285716 0.2025714285714284 
3604532305 1.545556e-08 0.39999997133644066 0.6000000286635594 
2533881277 1.475853e-08 0.033089338843367185 0.9669106611566328 
472358284 1.863232e-08 0.5991737477743652 0.40082625222563484 
4055959668 2.091e-08 0.2669536107125777 0.7330463892874223 
2848685905 1.420773e-08 0.3129514564059405 0.6870485435940594 
1896745001 1.793336e-08 0.31126356445851877 0.6887364355414812 
3099973400 1.430674e-08 0.5527348182278652 0.4472651817721348 
754560055 1.430674e-08 0.5527348182278652 0.4472651817721348 
3563522875 1.4e-08 0.37797826285962405 0.622021737140376 
3302973195 1.403102e-08 0.37797826285962405 0.622021737140376 
2589646060 1.403102e-08 0.37797826285962405 0.622021737140376 
3433591204 1.403102e-08 0.37797826285962405 0.622021737140376 
1237914369 1.403102e-08 0.37797826285962405 0.622021737140376 
2649056468 1.403102e-08 0.37797826285962405 0.622021737140376 
1771264541 1.4e-08 0.2007498499501001 0.7992501500498999 
3449694611 1.4e-08 0.3175949854087409 0.682405014591259 
1194638860 1.711796e-08 0.32609025841864336 0.6739097415813566 
114837353 1.711796e-08 0.32609025841864336 0.6739097415813566 
