179097684 5.2213341e-07 0.396325446871128 0.6036745531288721 
3373526895 2.083557e-06 0.3934933228384893 0.6065066771615106 
545239233 2.525004e-06 0.35940308319724334 0.6405969168027567 
2246051850 1.247864e-06 0.3541600848242424 0.6458399151757577 
1222799196 2.101408e-06 0.3111354476458211 0.688864552354179 
1075699702 2.7569181e-07 0.4155943643314281 0.5844056356685718 
3800257563 7.256600000000001e-07 0.20000000000000004 0.7999999999999999 
2932274237 2.791e-08 0.4 1.229931 
873214132 2.791e-08 0.4 1.72138 
790319072 2.791e-08 0.4 1.908066 
1227575429 1.3999990000000001e-08 0.3987145705104075 0.6012854294895925 
1878784256 2.791e-08 0.2 2.393164 
2911053862 2.791e-08 0.2 2.533265 
1239791232 2.791e-08 0.2 2.709894 
3037779432 2.791e-08 0.2 2.825384 
888311950 8.373e-08 0.2 0.8 
2856850640 2.791e-08 0.2 2.960313 
3824069879 2.6035939999999996e-08 0.21439594652622493 0.785604053473775 
126484229 2.791e-08 0.2 3.644085 
3196256300 4.911934e-08 0.3417771596506175 0.6582228403493825 
217284033 1.6404820000000002e-08 0.3620944666346788 0.6379055333653212 
3288380490 2.069974e-08 0.2696650925735825 0.7303349074264175 
451270221 1.4e-08 0.4020702397613634 0.5979297602386366 
1246511018 1.686505e-08 0.16549017050053222 0.8345098294994677 
3783228500 2.603293e-08 0.22555759404191916 0.7744424059580808 
1072840122 2.091e-08 0.40000000000000013 0.5999999999999999 
301219709 1.4e-08 0.42403773643623843 0.5759622635637616 
3059144981 1.934906e-08 0.42403773643623843 0.5759622635637616 
785216844 1.404951e-08 0.10448629625982865 0.8955137037401714 
3802520055 1.420934e-08 0.20000003582945827 0.7999999641705418 
4096225443 1.420934e-08 0.20000003582945827 0.7999999641705418 
1371202285 1.420934e-08 0.20000003582945827 0.7999999641705418 
2369258877 1.420934e-08 0.20000003582945827 0.7999999641705418 
1541925803 1.420934e-08 0.20000003582945827 0.7999999641705418 
1292023300 1.420934e-08 0.20000003582945827 0.7999999641705418 
1848242772 1.420934e-08 0.20000003582945827 0.7999999641705418 
2681498831 1.4e-08 0.2097116091664893 0.7902883908335108 
3458484829 2.109901e-08 0.19821069554343626 0.8017893044565637 
1055469694 1.4e-08 0.10485580458324467 0.8951441954167554 
627452446 1.60834e-08 0.17669575519560252 0.8233042448043975 
2014426858 1.661037e-08 0.08554500920548294 0.9144549907945171 
2716949832 1.58931e-08 0.09236594900714286 0.9076340509928571 
66987975 1.4e-08 0.20971160916648923 0.7902883908335108 
3707800333 3.022916e-08 0.4616403499137919 0.5383596500862081 
3528190190 1.622916e-08 0.17197439670321815 0.8280256032967819 
2185291493 1.4e-08 0.39871428571428574 0.6012857142857142 
