179097684 6.2866793e-07 0.37844952659247993 0.6215504734075201 
3534547045 5.21435659e-06 0.3296479610740416 0.6703520389259584 
2246051850 3.5768568e-06 0.36819393639483045 0.6318060636051696 
949068759 2.791e-08 0.4 1.581439 
1037584679 2.791e-08 0.4 1.669806 
739080713 2.791e-08 0.2 2.486124 
315200650 2.791e-08 0.2 2.517502 
1239791232 2.791e-08 0.2 2.709894 
911013108 1.4000000000000001e-08 0.3987142857142857 0.6012857142857143 
199935986 1.400001e-08 0.3987140009185708 0.6012859990814292 
2326007700 2.791e-08 0.2 2.994536 
825415804 2.791e-08 0.2 3.011721 
265770918 7.018217e-08 0.20000000209491023 0.7999999979050898 
3475245566 2.605221e-08 0.2142620530081709 0.7857379469918291 
828787466 9.1975e-08 0.1820712150040772 0.8179287849959228 
3708838243 2.791e-08 0.2 3.739326 
1507417240 2.791e-08 0.2 3.933485 
4274934102 2.791e-08 0.2 4.032403 
188552836 1.421444e-08 0.40000007165891655 0.5999999283410835 
976558236 1.40167e-08 0.21333327218441983 0.7866667278155801 
1950077488 1.429534e-08 0.24883673645969456 0.7511632635403054 
3111692719 1.4374020000000002e-08 0.24747466277226063 0.7525253372277394 
2961226102 2.091e-08 0.29999967753528045 0.7000003224647195 
1896745001 1.955513e-08 0.5638656975735457 0.43613430242645435 
1737134642 1.481458e-08 0.2074977817403993 0.7925022182596007 
2719204682 1.433716e-08 0.2531191285509737 0.7468808714490263 
2716949832 1.58786e-08 0.09415907183968852 0.9058409281603115 
552634658 1.587512e-08 0.09417971253846764 0.9058202874615323 
2649056468 1.942043e-08 0.09158411405364687 0.9084158859463531 
3381587904 1.942043e-08 0.09158411405364687 0.9084158859463531 
72955594 1.467269e-08 0.20308494453905993 0.7969150554609401 
2780384598 1.467269e-08 0.20308494453905993 0.7969150554609401 
1577969976 1.467269e-08 0.20308494453905993 0.7969150554609401 
229435916 1.467269e-08 0.20308494453905993 0.7969150554609401 
19131048 1.467269e-08 0.20308494453905993 0.7969150554609401 
2426951832 1.467269e-08 0.20308494453905993 0.7969150554609401 
1922039940 1.4e-08 0.21358774830195407 0.786412251698046 
3715668764 1.481924e-08 0.4083217733817851 0.5916782266182149 
4138371369 1.4e-08 0.21358774830195415 0.7864122516980458 
3590332688 1.4e-08 0.20425248309627392 0.795747516903726 
3797386594 1.461587e-08 0.20425248309627392 0.795747516903726 
3443287411 1.461587e-08 0.20425248309627392 0.795747516903726 
1165174376 1.461587e-08 0.20425248309627392 0.795747516903726 
4267941538 1.461587e-08 0.20425248309627392 0.795747516903726 
3372193553 1.461587e-08 0.20425248309627392 0.795747516903726 
3681452412 1.461587e-08 0.20425248309627392 0.795747516903726 
570164134 1.586621e-08 0.2379848583948084 0.7620151416051916 
2418772576 1.461587e-08 0.20425248309627392 0.795747516903726 
1301910447 1.401861e-08 0.20154952918944466 0.7984504708105553 
2919535035 1.401861e-08 0.20154952918944466 0.7984504708105553 
2217687738 1.418527e-08 0.12538378727305613 0.8746162127269439 
3408999490 1.650292e-08 0.9999999999999984 1.5543122344752192e-15 
1403954297 1.407868e-08 0.22294401592007057 0.7770559840799294 
517786421 1.407868e-08 0.22294401592007057 0.7770559840799294 
248584559 1.422864e-08 0.3012769991377424 0.6987230008622576 
3152769946 1.4457280000000002e-08 0.2965123426406106 0.7034876573593893 
1776728451 2.841391e-08 0.2785878960729842 0.7214121039270158 
1897972748 1.3999989999999996e-08 1.0 0.0 
1367591863 1.4e-08 0.1270430625779189 0.8729569374220811 
2661924784 1.421496e-08 0.1337857858111313 0.8662142141888687 
3353888196 3.075732e-08 0.09074263673451044 0.9092573632654896 
2711363118 1.593713e-08 0.286726837020898 0.713273162979102 
1414813075 1.4e-08 0.13583997099098566 0.8641600290090143 
36058418 1.627623e-08 0.03214050446626335 0.9678594955337366 
1595418714 1.4e-08 0.22419696128954136 0.7758030387104586 
