3534547045 2.7254784300000003e-06 0.3112352834171481 0.6887647165828519 
3373526895 3.62259625e-06 0.28643053442850747 0.7135694655714926 
2799798816 1.77983408e-06 0.3195701782451156 0.6804298217548844 
426576124 3.2153284999999996e-07 0.29584392454237074 0.7041560754576293 
2261252686 2.791e-08 0.3 0.7 
911013108 2.791e-08 0.3 0.7 
769686034 2.791e-08 0.3 0.7 
4274934102 2.791e-08 0.3 0.7 
2723643411 2.91606e-08 0.29885013121977405 0.701149868780226 
4253718737 2.091e-08 0.2002152080344333 0.7997847919655667 
2748669076 1.427536e-08 0.35275737976564187 0.6472426202343582 
