3534547045 1.56237102e-06 0.5882924634839978 0.4117075365160022 
3373526895 2.821293e-06 0.47296898153951633 0.5270310184604836 
2340740170 1.27675902e-06 0.32108144550926276 0.6789185544907372 
1572835533 9.8461264e-07 0.37859191720254015 0.6214080827974598 
1465560917 1.389556e-06 0.31070777606264294 0.6892922239373571 
3004792470 7.1254299e-07 0.1944915715347701 0.8055084284652299 
426576124 3.6283e-07 0.16471144615384617 0.8352885538461539 
1516068388 2.796249e-08 0.4473299120357307 0.5526700879642693 
1481166135 2.791e-08 0.3974018 1.411911 
2408568032 2.791e-08 0.351092 1.644313 
3774459889 2.791e-08 0.3276836 1.773738 
3933289935 1.497875e-08 0.5892911297671701 0.41070887023282987 
511603307 2.791e-08 0.3140002 0.6859998 
1593850299 1.4000009999999996e-08 0.5861492533933905 0.4138507466066095 
598947138 2.791e-08 0.2853589 2.033153 
659524895 2.1584080000000002e-08 0.35409840748366384 0.6459015925163362 
2466232951 2.791e-08 0.2696497 2.139364 
333964007 2.791e-08 0.267568 2.153901 
3197676583 2.791e-08 0.2593327 2.21254 
3891448235 2.791e-08 0.2552706 2.242153 
3823443426 1.4e-08 0.49292768042857144 0.5070723195714286 
164438789 2.791e-08 0.2278942 2.454941 
1664502715 2.791e-08 0.1972046 2.726246 
385785803 1.4e-08 0.27152123885714285 0.7284787611428571 
1128709694 1.4e-08 0.2483892315 0.7516107685 
937177227 1.46505e-08 0.21054849090909095 0.7894515090909091 
2999719241 1.46505e-08 0.21054849090909095 0.7894515090909091 
1931993247 1.46505e-08 0.21054849090909095 0.7894515090909091 
1172086036 1.405249e-08 0.1935431930654535 0.8064568069345465 
4083845756 1.4e-08 0.6896859207142861 0.31031407928571386 
898751805 1.551056e-08 0.08963221323085677 0.9103677867691432 
2125331604 1.472778e-08 0.3354322759632908 0.6645677240367092 
4240624600 1.472778e-08 0.3354322759632908 0.6645677240367092 
3349724438 1.472778e-08 0.3354322759632908 0.6645677240367092 
4253718737 1.472778e-08 0.3354322759632908 0.6645677240367092 
3815024321 1.4e-08 0.7431079365000002 0.2568920634999998 
3604532305 1.545556e-08 0.3354322759632895 0.6645677240367105 
2533881277 1.475853e-08 0.034834551793252656 0.9651654482067473 
472358284 1.863232e-08 0.6267239864053465 0.37327601359465346 
4055959668 2.091e-08 0.19768362020564326 0.8023163797943568 
2848685905 1.420773e-08 0.4834067016337386 0.5165932983662613 
1896745001 1.793336e-08 0.3347756359588042 0.6652243640411958 
3099973400 1.430674e-08 0.6588076211165738 0.34119237888342624 
754560055 1.430674e-08 0.6588076211165738 0.34119237888342624 
3563522875 1.4e-08 0.4365233430623475 0.5634766569376525 
3302973195 1.403102e-08 0.4365233430623475 0.5634766569376525 
2589646060 1.403102e-08 0.4365233430623475 0.5634766569376525 
3433591204 1.403102e-08 0.4365233430623475 0.5634766569376525 
1237914369 1.403102e-08 0.4365233430623475 0.5634766569376525 
2649056468 1.403102e-08 0.4365233430623475 0.5634766569376525 
1771264541 1.4e-08 0.194268841794311 0.805731158205689 
3449694611 1.4e-08 0.49057942121447984 0.5094205787855202 
1194638860 1.711796e-08 0.2979433701504151 0.702056629849585 
114837353 1.711796e-08 0.2979433701504151 0.702056629849585 
