3534547045 2.7254784300000003e-06 0.4870362141223393 0.5129637858776608 
3373526895 3.62259625e-06 0.41377341098456877 0.5862265890154312 
2799798816 1.77983408e-06 0.33846465574894186 0.6615353442510581 
426576124 3.2153284999999996e-07 0.19243807286139952 0.8075619271386005 
2261252686 2.791e-08 0.1837474 2.858822 
911013108 2.791e-08 0.178864 2.909347 
769686034 2.791e-08 0.1602168 3.11586 
4274934102 2.791e-08 0.09828733 4.032403 
2723643411 2.91606e-08 0.3004016794267828 0.6995983205732172 
4253718737 2.091e-08 0.35474671140602576 0.6452532885939742 
2748669076 1.427536e-08 0.3762095738625614 0.6237904261374386 
