179097684 6.297360599999999e-07 0.6317261342188346 0.3682738657811654 
3534547045 1.25938163e-06 0.5666071693999759 0.4333928306000241 
2235064901 1.26653828e-06 0.4936853090960543 0.5063146909039458 
545239233 1.98768796e-06 0.402983422627684 0.597016577372316 
2246051850 1.99202096e-06 0.3791140086235525 0.6208859913764475 
2984600922 2.1818439600000002e-06 0.2562778360742664 0.7437221639257336 
426576124 2.16965096e-06 0.17206596924740933 0.8279340307525906 
1236021306 2.791e-08 0.1258471 3.568774 
2757833455 2.791e-08 0.09724849 4.052334 
3122982648 1.406823e-08 0.33075492790051186 0.6692450720994881 
2177968201 1.403975e-08 0.20734816505771284 0.7926518349422872 
3113062634 2.6372180000000004e-08 0.33570518623274065 0.6642948137672593 
896813269 2.103744e-08 0.0777928256716388 0.9222071743283612 
1867247157 1.4e-08 0.2870860071533566 0.7129139928466435 
785216844 1.792803e-08 0.4622802407180265 0.5377197592819736 
2716949832 1.662294e-08 0.2883091669732786 0.7116908330267214 
552634658 1.4e-08 0.34232471314619917 0.6576752868538008 
3707800333 1.423396e-08 0.27171837683047045 0.7282816231695295 
2185291493 1.423396e-08 0.27171837683047045 0.7282816231695295 
4287239676 1.423396e-08 0.27171837683047045 0.7282816231695295 
1462644303 1.423396e-08 0.27171837683047045 0.7282816231695295 
4088625113 1.423396e-08 0.27171837683047045 0.7282816231695295 
1237914369 1.4273710000000001e-08 0.2709616845984571 0.729038315401543 
1002680420 1.4e-08 0.2079368857406446 0.7920631142593554 
