179097684 3.1576962999999996e-07 0.9596369120720427 0.040363087927957286 
3373526895 2.76836909e-06 0.5489202661567876 0.4510797338432124 
3921011129 1.26404677e-06 0.4790165751472397 0.5209834248527603 
4259593397 4.00774877e-06 0.3193945827886535 0.6806054172113465 
659524895 2.791e-08 0.2738405 2.110437 
3108364485 2.791e-08 0.1678146 3.028955 
1866926464 2.791e-08 0.1528631 3.203992 
1134132465 2.791e-08 0.101455 3.972905 
2118016430 2.091e-08 0.12706784980870398 0.872932150191296 
1239307652 1.404977e-08 0.3058198922363827 0.6941801077636174 
