179097684 5.7382443e-07 0.6070346461050065 0.39296535389499354 
3534547045 8.8682118e-07 0.5442316100511253 0.4557683899488747 
3921011129 1.1522688300000002e-06 0.4969649912608437 0.5030350087391563 
2340740170 1.992716e-06 0.4410642885293883 0.5589357114706117 
1572835533 2.23288273e-06 0.3501674149076641 0.6498325850923359 
2555962951 1.04667e-06 0.1870013082392451 0.8129986917607549 
2718413753 2.38759e-08 0.4762511461348054 0.5237488538651947 
2937387076 1.4e-08 0.7872848812857143 0.21271511871428572 
1593891639 2.791e-08 0.3534721 1.63164 
3357643131 2.791e-08 0.3439935 1.682626 
1503861029 2.791e-08 0.2613777 2.197807 
1651612823 2.791e-08 0.2413488 2.347346 
3382444416 2.791e-08 0.2374566 2.377842 
315200650 2.791e-08 0.2204186 2.517502 
3490627259 2.791e-08 0.2041703 2.661134 
4188445920 2.791e-08 0.1954879 2.742646 
199935986 1.4e-08 0.3533724971428572 0.6466275028571429 
126484229 2.791e-08 0.1208945 3.644085 
2768642543 2.791e-08 0.106907 3.874722 
2729381062 2.791e-08 0.1057992 3.894261 
1452489764 1.528496e-08 0.9159330479111492 0.08406695208885084 
690117576 2.0377539999999998e-08 0.285915970892463 0.714084029107537 
821115011 1.437985e-08 0.4600698036836274 0.5399301963163726 
4004407106 1.4e-08 0.5459205967857146 0.4540794032142854 
1382686479 1.46505e-08 0.41331803671098405 0.5866819632890159 
1803925302 1.46505e-08 0.41331803671098405 0.5866819632890159 
4209590891 1.46505e-08 0.41331803671098405 0.5866819632890159 
395113485 1.424198e-08 0.464942016536475 0.535057983463525 
4019363830 1.424198e-08 0.464942016536475 0.535057983463525 
921818415 1.424198e-08 0.464942016536475 0.535057983463525 
2286860921 1.424198e-08 0.464942016536475 0.535057983463525 
3653734512 1.518296e-08 0.3988231475834931 0.6011768524165069 
1869365069 2.091e-08 0.20061924232424677 0.7993807576757532 
1950077488 1.622723e-08 0.0694625283551167 0.9305374716448833 
4119421155 1.423543e-08 0.3548743357843595 0.6451256642156404 
1913762779 1.423543e-08 0.3548743357843595 0.6451256642156404 
3929228125 1.423543e-08 0.3548743357843595 0.6451256642156404 
2883513480 1.423543e-08 0.3548743357843595 0.6451256642156404 
301219709 2.074068e-08 0.10188128029071374 0.8981187197092863 
37051273 1.428025e-08 0.212017152950203 0.787982847049797 
3633199892 1.4e-08 0.5688833499285714 0.43111665007142863 
1199222225 1.402564e-08 0.0886703122139168 0.9113296877860833 
439844059 1.4e-08 0.36084205470391034 0.6391579452960896 
3012889883 1.732534e-08 0.06098255597004159 0.9390174440299585 
4167430602 1.494762e-08 0.037704478171106816 0.9622955218288932 
781549661 1.521614e-08 0.15280060873957976 0.8471993912604202 
907719639 1.521614e-08 0.15280060873957976 0.8471993912604202 
2789348510 1.432177e-08 0.3337397377693354 0.6662602622306646 
3563522875 1.432177e-08 0.3337397377693354 0.6662602622306646 
1292023300 1.835587e-08 0.2603932019671492 0.7396067980328508 
3314075649 1.98083e-08 0.28525545107354 0.71474454892646 
2681498831 1.4e-08 1.0 0.0 
463844675 4.324875e-08 0.6031608387433349 0.3968391612566651 
2014426858 1.4e-08 0.34141026887090964 0.6585897311290904 
3607413901 1.4e-08 0.40794468961095687 0.5920553103890431 
1674415855 1.459313e-08 0.3875714578332849 0.612428542166715 
1960974751 1.4e-08 0.42122888399999997 0.578771116 
309459595 1.4e-08 0.533415538988901 0.46658446101109896 
3180086772 1.545949e-08 0.5947016792705752 0.40529832072942484 
3833074883 1.545949e-08 0.5947016792705752 0.40529832072942484 
1462644303 1.4e-08 0.5129403142430817 0.48705968575691827 
