179097684 7.439075e-07 0.5917645185735768 0.4082354814264232 
3921011129 2.409012e-06 0.5119330638958064 0.4880669361041936 
545239233 1.67020145e-06 0.41332097422852143 0.5866790257714786 
1572835533 5.791885e-07 0.3643424363109376 0.6356575636890625 
1465560917 1.932578e-06 0.3237853546221798 0.6762146453778202 
3737780296 9.212057e-07 0.22766167942284166 0.7723383205771583 
4031050948 3.2249257e-07 0.17276208468035403 0.827237915319646 
426576124 3.3492e-07 0.16035297499999998 0.839647025 
3020817656 2.791e-08 0.6973929 0.356999 
3084497907 2.791e-08 0.5054001 0.960981 
1444500749 2.791654e-08 0.3898562470850614 0.6101437529149386 
3279231079 2.791e-08 0.2167392 2.549077 
1434594601 1.3999990000000003e-08 0.37957009105006495 0.620429908949935 
2909632847 1.458727e-08 0.4081372981166782 0.5918627018833218 
1104410542 1.458727e-08 0.4081372981166782 0.5918627018833218 
4260098875 2.521171e-08 1.0 0.0 
3593732192 5.2421409999999995e-08 0.29583061627622087 0.7041693837237791 
1738909006 1.417142e-08 0.29404140657662586 0.7059585934233741 
4198169764 1.408571e-08 0.29583061627622087 0.7041693837237791 
451270221 1.44851e-08 0.17257104969934622 0.8274289503006538 
3293059020 1.447508e-08 0.2746192166666666 0.7253807833333334 
2159618959 1.516432e-08 0.26213738108845847 0.7378626189115416 
3986570268 1.447508e-08 0.2746192166666666 0.7253807833333334 
906368509 1.4e-08 0.42525778319274826 0.5747422168072518 
4187488967 1.76834e-08 0.343542263507018 0.656457736492982 
1565786989 1.476897e-08 0.698234267711204 0.301765732288796 
2286860921 1.475615e-08 0.6988408868708126 0.3011591131291874 
1867247157 1.669516e-08 0.15520412902601713 0.8447958709739829 
3006103420 1.47538e-08 0.28243464531091156 0.7175653546890884 
4096225443 1.464822e-08 0.253419913300808 0.7465800866991921 
3099973400 3.942667e-08 0.2939960578666789 0.7060039421333211 
2789348510 1.4e-08 0.28393822362766663 0.7160617763723334 
2606325002 1.412845e-08 0.30789241734983597 0.692107582650164 
1848242772 1.412845e-08 0.30789241734983597 0.692107582650164 
2343849308 1.412845e-08 0.30789241734983597 0.692107582650164 
627452446 1.412845e-08 0.30789241734983597 0.692107582650164 
552634658 1.412845e-08 0.30789241734983597 0.692107582650164 
3736523900 1.412845e-08 0.30789241734983597 0.692107582650164 
1503202005 1.412845e-08 0.30789241734983597 0.692107582650164 
550176535 1.412845e-08 0.30789241734983597 0.692107582650164 
3884987045 1.4e-08 0.6214346605580415 0.37856533944195847 
309459595 1.4256900000000001e-08 0.30511840750137054 0.6948815924986295 
79461789 2.091e-08 0.1813553358680057 0.8186446641319943 
2353028958 1.421219e-08 0.4020437507262072 0.5979562492737929 
3449694611 1.4e-08 0.31071733027902076 0.6892826697209793 
2426951832 1.4e-08 0.2564699739285716 0.7435300260714284 
3089865955 1.533077e-08 0.28374586690076825 0.7162541330992318 
224410298 1.6746e-08 0.4502930694770093 0.5497069305229907 
1759850032 1.4e-08 0.25646997392857146 0.7435300260714286 
287394855 3.3804789999999997e-08 0.32660137303027176 0.6733986269697283 
2670951229 1.980479e-08 0.211814836562266 0.788185163437734 
2367820772 1.5778430000000002e-08 0.32678159211020164 0.6732184078897984 
1495382923 1.4e-08 0.7626267949999999 0.23737320500000014 
515125813 1.4e-08 0.15535877611006477 0.8446412238899352 
2747938267 2.295343e-08 0.18154080980437903 0.818459190195621 
3363025910 1.412845e-08 0.1824722625765519 0.8175277374234481 
764400056 1.505416e-08 0.422509600137105 0.5774903998628951 
1517815290 1.4e-08 0.9999999999999999 1.1102230246251565e-16 
2454553876 1.430865e-08 0.3078938073984714 0.6921061926015286 
1923515514 1.430865e-08 0.3078938073984714 0.6921061926015286 
3339828518 1.430865e-08 0.3078938073984714 0.6921061926015286 
105819081 1.430865e-08 0.3078938073984714 0.6921061926015286 
1601889739 1.430865e-08 0.3078938073984714 0.6921061926015286 
381652938 1.430865e-08 0.3078938073984714 0.6921061926015286 
96665495 1.430865e-08 0.3078938073984714 0.6921061926015286 
85224627 1.4e-08 0.29764173357058044 0.7023582664294196 
3279439195 1.701497e-08 0.1168129144950402 0.8831870855049598 
360107933 1.4e-08 0.31071733027902076 0.6892826697209793 
2135013218 1.4e-08 0.17586013756891478 0.8241398624310852 
470332523 1.4e-08 0.5628440213256991 0.4371559786743009 
