179097684 6.685202299999999e-07 0.5912320737594021 0.4087679262405979 
3921011129 2.8289980000000003e-06 0.4828754232219337 0.5171245767780663 
2235064901 4.04706375e-06 0.35318332011055287 0.6468166798894471 
3004792470 5.1131788e-07 0.239686577109291 0.760313422890709 
426576124 2.791e-07 0.1615568 3.100238 
873214132 2.1508090000000002e-08 0.4372555290590657 0.5627444709409344 
1986278615 1.9311060000000003e-08 0.44731955547753455 0.5526804445224655 
1503861029 2.791e-08 0.2613777 2.197807 
4061687915 2.791e-08 0.257297 2.227322 
3988949870 2.791e-08 0.2492475 2.286942 
1651612823 2.791e-08 0.2413488 2.347346 
1347872676 2.791e-08 0.213099 2.580848 
3833318790 2.791e-08 0.1821097 2.875614 
825415804 2.791e-08 0.1693635 3.011721 
300193622 2.791e-08 0.1443583 3.311367 
266059373 2.1137880000000002e-08 0.178081546304549 0.821918453695451 
43001897 1.4e-08 0.26364264457142855 0.7363573554285714 
3709881891 2.791e-08 0.1271084 0.8728916 
2768642543 2.791e-08 0.106907 3.874722 
302486611 1.402224e-08 0.21100967731891687 0.7889903226810832 
1078741991 1.402224e-08 0.21100967731891687 0.7889903226810832 
438292632 1.402224e-08 0.21100967731891687 0.7889903226810832 
3147695692 1.402224e-08 0.21100967731891687 0.7889903226810832 
740082705 1.402224e-08 0.21100967731891687 0.7889903226810832 
3288380490 1.668593e-08 0.35510756235729707 0.644892437642703 
2945849429 1.43005e-08 0.26212020572314243 0.7378797942768576 
965372172 1.915567e-08 0.43584985565631484 0.5641501443436852 
528880979 1.6227159999999995e-08 0.4467103460360155 0.5532896539639844 
2521380987 1.469414e-08 0.20816542771687876 0.7918345722831213 
3929228125 1.446479e-08 0.21146604534401792 0.7885339546559821 
3702894340 1.446479e-08 0.21146604534401792 0.7885339546559821 
4285585893 1.446479e-08 0.21146604534401792 0.7885339546559821 
406745133 1.446479e-08 0.21146604534401792 0.7885339546559821 
2883513480 1.446479e-08 0.21146604534401792 0.7885339546559821 
2707460946 1.439108e-08 0.36550787952125285 0.6344921204787471 
627452446 1.453458e-08 0.17848758389472597 0.821512416105274 
1462644303 1.501833e-08 1.0 0.0 
4088625113 1.4e-08 0.9999999999999998 2.220446049250313e-16 
287394855 1.991813e-08 0.17743395552192906 0.8225660444780709 
2670951229 2.137479e-08 0.16534209657732313 0.8346579034226769 
3211480542 2.133005e-08 0.27527872330108016 0.7247212766989198 
1922039940 1.4e-08 0.18530300479461467 0.8146969952053853 
1495382923 1.4e-08 0.16901837299451294 0.8309816270054871 
2766526296 1.4e-08 0.41940778085344327 0.5805922191465567 
470332523 1.418739e-08 0.1078003754753939 0.8921996245246061 
3270476896 1.494588e-08 0.39620972919272585 0.6037902708072742 
1987038079 1.414624e-08 0.3890122367394027 0.6109877632605973 
2039170765 1.414624e-08 0.3890122367394027 0.6109877632605973 
2810179169 1.429248e-08 0.3850318813706514 0.6149681186293485 
101557930 1.562176e-08 0.18964898399586014 0.8103510160041398 
2222966094 1.542799e-08 0.9999999999999972 2.7755575615628914e-15 
3284371529 2.140533e-08 0.13715530038425489 0.8628446996157451 
871205577 1.4e-08 0.39307574741802914 0.6069242525819709 
110318614 1.493005e-08 1.0 0.0 
3076001680 1.619559e-08 0.24327039220213978 0.7567296077978602 
1797275806 1.4e-08 0.1853030047946147 0.8146969952053853 
3730019172 1.4e-08 0.39307574741802925 0.6069242525819707 
2714424842 1.4e-08 0.39307574741802914 0.6069242525819709 
220748477 1.4e-08 0.4229787905247841 0.5770212094752158 
2574253871 1.4e-08 0.21848656700226404 0.781513432997736 
3866772787 1.4e-08 0.3641110902295039 0.6358889097704961 
3085765731 1.4e-08 0.37571808105862226 0.6242819189413777 
1403954297 1.4e-08 0.9999999999999998 2.220446049250313e-16 
102828162 1.4e-08 0.3757180810586223 0.6242819189413777 
3962269793 1.922104e-08 0.273661213691908 0.726338786308092 
4106915849 1.4e-08 0.10924328350113205 0.8907567164988679 
977281884 1.4e-08 0.28411244628015353 0.7158875537198465 
2025893757 1.4e-08 0.37571808105862214 0.6242819189413779 
1090143039 1.4e-08 0.3930760236611631 0.6069239763388369 
253060996 1.4e-08 0.9999999999999998 2.220446049250313e-16 
571790981 1.4e-08 0.5682248925603077 0.4317751074396923 
517786421 1.446147e-08 0.43793465892113365 0.5620653410788663 
2256454524 1.4e-08 0.39307574741802914 0.6069242525819709 
2606270759 1.564654e-08 0.027633820503069752 0.9723661794969303 
4081327903 1.564654e-08 0.027633820503069752 0.9723661794969303 
3325553423 1.4e-08 0.7168848125047865 0.28311518749521347 
4124564224 1.4e-08 0.26212020572314243 0.7378797942768576 
1852572783 1.4e-08 0.37571834942887183 0.6242816505711282 
3229926557 1.4e-08 0.3606919213085372 0.6393080786914628 
2972065009 1.4e-08 0.19653787370901465 0.8034621262909853 
4052933330 1.4e-08 0.030883834132435804 0.9691161658675642 
3239027265 1.760379e-08 0.06720870556138958 0.9327912944386104 
3357191835 1.4e-08 0.3930760281866208 0.6069239718133792 
2437059955 1.4e-08 0.3757180810586223 0.6242819189413777 
445707895 1.545666e-08 0.19789604856622947 0.8021039514337706 
480183180 1.438971e-08 0.4864587264093577 0.5135412735906423 
3892593010 1.438971e-08 0.4864587264093577 0.5135412735906423 
776375684 1.4e-08 0.2947206542750342 0.7052793457249658 
1678023283 1.4e-08 0.562066181865146 0.437933818134854 
