3534547045 1.328214e-06 0.5948124896578442 0.40518751034215583 
2235064901 2.230688e-06 0.44850049173523965 0.5514995082647604 
1465560917 7.53994612e-06 0.29622677394463887 0.7037732260553611 
4188445920 1.4000000000000003e-08 0.3897190920714285 0.6102809079285715 
3012070026 2.791e-08 0.1887197 2.808738 
251961497 2.791e-08 0.1632265 3.080951 
2545005546 1.399999e-08 0.30763699859785615 0.6923630014021438 
2683944377 1.513536e-08 0.996021898388937 0.003978101611063045 
66987975 1.590535e-08 0.13647686218545588 0.8635231378145442 
2016090987 1.448307e-08 0.05581062476740082 0.9441893752325992 
3190311976 1.556357e-08 0.9999999999999991 8.881784197001252e-16 
2747938267 1.556357e-08 0.9999999999999991 8.881784197001252e-16 
3177521820 1.556357e-08 0.9999999999999991 8.881784197001252e-16 
1923515514 1.410357e-08 0.4564866811866807 0.5435133188133193 
1449522982 1.411269e-08 0.45619168721087433 0.5438083127891257 
3279439195 1.410357e-08 0.4564866811866807 0.5435133188133193 
4193709834 1.410357e-08 0.4564866811866807 0.5435133188133193 
4201342597 1.410357e-08 0.4564866811866807 0.5435133188133193 
1987038079 1.410357e-08 0.4564866811866807 0.5435133188133193 
4105879141 1.410357e-08 0.4564866811866807 0.5435133188133193 
1703904600 1.410357e-08 0.4564866811866807 0.5435133188133193 
118566979 1.410357e-08 0.4564866811866807 0.5435133188133193 
3593659676 1.410357e-08 0.4564866811866807 0.5435133188133193 
3223248356 2.379907e-08 0.5410372642446982 0.4589627357553018 
1450024594 5.602737e-08 0.17816530128380062 0.8218346987161994 
1501621654 1.400912e-08 0.17816531719399237 0.8218346828060077 
2714424842 5.622539e-08 0.29207176856965944 0.7079282314303406 
2606270759 1.400912e-08 0.17816531719399237 0.8218346828060077 
3152769946 1.406091e-08 0.22893589929609917 0.7710641007039009 
1897972748 1.4e-08 0.45986370444171676 0.5401362955582832 
156734636 1.410585e-08 0.4011239350890719 0.5988760649109282 
2126166399 1.4e-08 0.1782813791720501 0.8217186208279499 
947239549 1.4e-08 0.17816805156497417 0.8218319484350258 
702973591 1.4e-08 0.1782813791720501 0.8217186208279499 
1297296453 1.972762e-08 0.3263491420751228 0.6736508579248772 
3805166987 1.4e-08 0.17828137917205017 0.8217186208279499 
3745170176 1.4e-08 0.17816531719399228 0.8218346828060077 
3201531403 1.419396e-08 0.35043020636709804 0.6495697936329019 
4281747617 1.943387e-08 0.12851505942590022 0.8714849405740998 
3582615942 2.530662e-08 0.09864913335202322 0.9013508666479768 
