179097684 6.1264934e-07 0.553474437141013 0.44652556285898704 
3373526895 2.4388616600000003e-06 0.4993565471705142 0.5006434528294859 
545239233 3.54874513e-06 0.3931734360994725 0.6068265639005275 
1222799196 1.528384e-06 0.33817070611124556 0.6618292938887544 
2519559028 8.0057092e-07 0.25432379625978696 0.745676203740213 
476505668 2.3530419e-07 0.14330705441326821 0.8566929455867318 
3891448235 1.4000009999999996e-08 0.5088998112144207 0.49110018878557926 
392861532 2.791e-08 0.1416002 3.347551 
3321237907 1.45086e-08 0.4835696396486027 0.5164303603513973 
4093093422 2.091e-08 0.18842233206599715 0.8115776679340029 
879162223 1.472778e-08 0.21100966975855678 0.7889903302414432 
1428265047 1.4e-08 0.8375549482380592 0.1624450517619408 
4167430602 1.434529e-08 0.29054909310242377 0.7094509068975763 
1906851972 1.434529e-08 0.29054909310242377 0.7094509068975763 
1837088337 1.438199e-08 0.1500421503711168 0.8499578496288832 
1649557018 1.455515e-08 0.31933774998954706 0.6806622500104529 
1553963666 1.4e-08 0.6640012645371938 0.33599873546280623 
1449522982 1.4e-08 0.3844748667428906 0.6155251332571094 
1301910447 1.431889e-08 0.10851762930215536 0.8914823706978446 
4106915849 1.4e-08 0.4284471147479393 0.5715528852520607 
3953247145 1.642238e-08 0.2568138056984052 0.7431861943015948 
335748715 1.642238e-08 0.2568138056984052 0.7431861943015948 
1090143039 1.496846e-08 0.14979910027946614 0.8502008997205339 
4281208133 1.838286e-08 0.21270404417484554 0.7872959558251544 
1852572783 1.4e-08 0.3907523255403059 0.6092476744596941 
