179097684 4.937466e-07 0.6749106567687356 0.32508934323126437 
3534547045 8.061142600000001e-07 0.5663214285502557 0.4336785714497443 
3373526895 1.38371945e-06 0.5150777701739051 0.4849222298260949 
3150846686 1.041102e-06 0.46094164170088314 0.5390583582991169 
1572835533 4.24011099e-06 0.35738466515286604 0.642615334847134 
2799798816 1.48685674e-06 0.22167031583232852 0.7783296841676715 
2250879299 3.962001e-08 0.25182571831675515 0.7481742816832448 
769686034 5.333092000000001e-08 0.33855711319062176 0.6614428868093782 
921425487 1.4e-08 0.2905664247857143 0.7094335752142857 
385785803 2.369999e-08 0.16039236067188214 0.8396076393281179 
2190522392 2.791e-08 0.1296587 3.512807 
1134132465 2.791e-08 0.101455 3.972905 
1035956119 1.506164e-08 0.5120374944232955 0.4879625055767045 
937177227 1.436787e-08 0.4352408433098983 0.5647591566901017 
313359544 1.466659e-08 0.28980914746885456 0.7101908525311454 
472358284 1.436673e-08 0.3643794103471837 0.6356205896528163 
1199222225 1.407932e-08 0.0754743827147765 0.9245256172852235 
3802520055 2.009337e-08 0.21153803190680448 0.7884619680931955 
2013640095 2.270043e-08 0.3397347278225869 0.6602652721774132 
2027098952 2.1374660000000002e-08 0.15629711511200645 0.8437028848879935 
2707460946 1.757224e-08 0.18236693221852615 0.8176330677814738 
2606325002 1.43938e-08 0.18236693221852615 0.8176330677814738 
2024675612 1.43938e-08 0.18236693221852615 0.8176330677814738 
3314075649 1.43938e-08 0.18236693221852615 0.8176330677814738 
3458484829 1.43938e-08 0.18236693221852615 0.8176330677814738 
2719204682 1.43938e-08 0.18236693221852615 0.8176330677814738 
463844675 1.43938e-08 0.18236693221852615 0.8176330677814738 
3167902617 1.43938e-08 0.18236693221852615 0.8176330677814738 
3468130899 1.43938e-08 0.18236693221852615 0.8176330677814738 
2475979558 1.459172e-08 0.17830450857536193 0.821695491424638 
2564127097 1.4e-08 0.16155640638353164 0.8384435936164684 
3554620561 1.472778e-08 0.16155640638353164 0.8384435936164684 
3967778277 1.472778e-08 0.16155640638353164 0.8384435936164684 
1759850032 1.472778e-08 0.16155640638353164 0.8384435936164684 
346987663 1.472778e-08 0.16155640638353164 0.8384435936164684 
1598213090 1.4e-08 0.31299744486764464 0.6870025551323553 
826924968 1.776133e-08 0.23931270598402407 0.7606872940159759 
3190311976 1.4e-08 0.1518039980062581 0.8481960019937419 
3177521820 1.608305e-08 0.13622922473830462 0.8637707752616954 
764400056 1.448414e-08 0.18122947920739663 0.8187705207926034 
2766526296 1.4e-08 0.10592253323638917 0.8940774667636109 
1923515514 1.675465e-08 0.2615371988162704 0.7384628011837295 
3339828518 1.4e-08 0.9999999999999998 2.220446049250313e-16 
105819081 1.4e-08 0.7046713760204457 0.2953286239795543 
533433650 1.4e-08 0.39207062396009656 0.6079293760399034 
