179097684 1.06994e-06 0.5595230899729978 0.4404769100270022 
3373526895 3.362108e-06 0.43702481979860364 0.5629751802013964 
3921011129 1.029202e-06 0.4371955929219042 0.5628044070780958 
1465560917 1.53084393e-06 0.3430251290934952 0.6569748709065049 
426576124 8.8721803e-07 0.16293741757848285 0.8370625824215172 
636961411 1.4000000000000001e-08 0.9192206345714286 0.08077936542857145 
2932274237 4.141207e-08 0.37719155174445507 0.6228084482555449 
717226258 2.719206e-08 0.4130221321223917 0.5869778678776083 
1434498202 1.4000000000000001e-08 0.6578610279999999 0.3421389720000001 
2870158420 2.6114309999999998e-08 0.2971878465102084 0.7028121534897915 
315200650 2.791e-08 0.2204186 2.517502 
3176785673 2.791e-08 0.192084 2.775594 
1434594601 1.4658859999999997e-08 0.3625096002690524 0.6374903997309476 
2261252686 2.791e-08 0.1837474 2.858822 
4226750145 2.791e-08 0.1804819 2.892456 
199935986 2.791e-08 0.177256 2.926287 
3268335666 1.4000000000000003e-08 0.34387312928571423 0.6561268707142858 
2326007700 1.399999e-08 0.3407460571757551 0.6592539428242449 
825415804 2.791e-08 0.1693635 3.011721 
1134132465 2.791e-08 0.101455 3.972905 
15308464 1.492709e-08 0.45624638376328 0.54375361623672 
3321237907 1.541202e-08 0.44189086392367904 0.558109136076321 
3330100144 1.5080590000000003e-08 0.4516024129433277 0.5483975870566723 
3642829293 1.4e-08 1.0 0.0 
451270221 1.424046e-08 0.2714994307111191 0.7285005692888809 
2177968201 1.424046e-08 0.2714994307111191 0.7285005692888809 
1382686479 1.424046e-08 0.2714994307111191 0.7285005692888809 
4069401935 1.656671e-08 1.0 0.0 
2945849429 1.548272e-08 0.15217621505351345 0.8478237849464866 
3113062634 1.41535e-08 0.3676761239343326 0.6323238760656674 
1565786989 1.41535e-08 0.3676761239343326 0.6323238760656674 
3121292019 1.41535e-08 0.3676761239343326 0.6323238760656674 
3297362622 1.41535e-08 0.3676761239343326 0.6323238760656674 
3604532305 1.41535e-08 0.3676761239343326 0.6323238760656674 
1820499179 1.41535e-08 0.3676761239343326 0.6323238760656674 
1072840122 2.120309e-08 0.26981359344321976 0.7301864065567802 
1826422368 1.741e-08 0.16935791206203338 0.8306420879379666 
250719570 1.8670420000000003e-08 0.21495623180240142 0.7850437681975986 
2066612683 1.573044e-08 0.15784723584655752 0.8421527641534425 
1002680420 1.410234e-08 0.41318525040230314 0.5868147495976969 
3467386575 2.593194e-08 0.25231938955322386 0.7476806104467761 
2744143284 1.594919e-08 0.32628014464086114 0.6737198553591388 
399492375 1.4e-08 0.22673715230240615 0.7732628476975938 
2748669076 1.407523e-08 0.13734328970341741 0.8626567102965825 
933412597 1.506244e-08 0.5559331761748327 0.44406682382516727 
2231250662 1.482198e-08 0.5649521933063496 0.4350478066936504 
3085765731 1.482198e-08 0.5649521933063496 0.4350478066936504 
102828162 1.482198e-08 0.5649521933063496 0.4350478066936504 
4175762635 1.556309e-08 0.2039649074529437 0.7960350925470563 
2316491956 5.708666e-07 0.322320633558688 0.677679366441312 
3229926557 1.412193e-08 0.30876021877101345 0.6912397812289865 
480183180 2.689884e-08 0.3241991250380268 0.6758008749619733 
3892593010 1.412193e-08 0.30876021877101345 0.6912397812289865 
2922107309 1.412193e-08 0.30876021877101345 0.6912397812289865 
34775558 1.4e-08 0.41620563458274407 0.5837943654172559 
1235889872 1.454667e-08 0.290071516813531 0.709928483186469 
36858200 1.90235e-08 0.36796593686755824 0.6320340631324417 
340569875 1.4e-08 0.32569568403788324 0.6743043159621167 
4292574364 1.898671e-08 0.5616127169572892 0.4383872830427108 
3269561540 4.57215e-08 0.6694665054448615 0.3305334945551385 
2126166399 1.4e-08 0.6951958362857145 0.30480416371428554 
363773044 1.411798e-08 0.1614870254597548 0.8385129745402452 
312808672 1.4e-08 0.4162059318726953 0.5837940681273047 
1563060474 1.6216849999999997e-08 0.4316500665750379 0.5683499334249621 
3790847783 1.424864e-08 0.16000613309517137 0.8399938669048286 
2747516691 1.424864e-08 0.16000613309517137 0.8399938669048286 
1780437574 1.4e-08 0.31144929973349567 0.6885507002665043 
1441326850 1.682905e-08 0.0574345949066156 0.9425654050933844 
1869505131 1.682905e-08 0.0574345949066156 0.9425654050933844 
792228939 1.4e-08 0.4162056345827441 0.5837943654172559 
3805166987 1.4e-08 0.3256956840378831 0.6743043159621169 
3654632673 1.666401e-08 0.1811540876761433 0.8188459123238567 
717671056 1.4e-08 0.7616550123307149 0.23834498766928514 
3858463531 1.4e-08 0.4131849616688351 0.5868150383311649 
1421662397 1.4e-08 0.46736651933791723 0.5326334806620827 
2661924784 1.4e-08 0.46736651933791706 0.5326334806620829 
1367690675 1.4e-08 0.2761626273617474 0.7238373726382525 
3216152648 1.4e-08 0.9999999999999999 1.1102230246251565e-16 
