179097684 6.418314e-07 0.5684060848156829 0.4315939151843171 
3534547045 1.261423e-06 0.5127380661085233 0.48726193389147665 
2235064901 2.94945536e-06 0.4559407903297788 0.5440592096702213 
2799798816 5.194059310000001e-06 0.3021163277659868 0.6978836722340132 
2555962951 3.0701e-07 0.14795601818181817 0.8520439818181819 
3497999925 2.791e-08 0.3253834 1.786951 
1347872676 2.791e-08 0.213099 2.580848 
4226750145 2.791e-08 0.1804819 2.892456 
728028737 2.791e-08 0.1617168 3.098381 
1415695418 2.791e-08 0.1402355 3.365717 
2729381062 2.791e-08 0.1057992 3.894261 
3288380490 1.741e-08 0.09362221937105111 0.9063777806289489 
1249238030 1.562996e-08 0.1334549095632325 0.8665450904367675 
3214077756 1.562996e-08 0.1334549095632325 0.8665450904367675 
451270221 1.562996e-08 0.1334549095632325 0.8665450904367675 
3160344427 1.422698e-08 0.22857845106129332 0.7714215489387066 
3182159117 1.422698e-08 0.22857845106129332 0.7714215489387066 
766581564 1.422698e-08 0.22857845106129332 0.7714215489387066 
629078091 1.403012e-08 0.3577757640515469 0.6422242359484531 
1848242772 1.449e-08 0.1557533307380875 0.8442466692619125 
3468130899 2.849e-08 0.4116053583501188 0.5883946416498812 
3736523900 1.425124e-08 0.36162372590191216 0.6383762740980878 
149784911 2.225682e-08 0.18298446584013348 0.8170155341598665 
1965662198 1.743464e-08 0.12944722474309125 0.8705527752569088 
2604064924 1.423522e-08 0.44374879554673746 0.5562512044532626 
3458662533 1.423522e-08 0.44374879554673746 0.5562512044532626 
2105330617 2.823522e-08 0.4141506879564698 0.5858493120435302 
2222966094 1.4745959999999999e-08 0.21508902811273764 0.7849109718872623 
3827929005 1.4e-08 0.3840552898756748 0.6159447101243252 
3607398139 1.3999989999999998e-08 1.0 0.0 
1140472632 1.4e-08 0.1612046973139206 0.8387953026860794 
1090143039 1.630471e-08 0.29134527209240857 0.7086547279075914 
1678023283 1.4e-08 0.33535936920539927 0.6646406307946007 
2118254765 1.4e-08 0.3840552898756748 0.6159447101243252 
3580551846 1.4e-08 0.3585454930524921 0.6414545069475079 
