179097684 6.819986e-07 0.6189438140118374 0.3810561859881626 
2235064901 3.75741571e-06 0.4677621651797847 0.5322378348202152 
2246051850 2.56295605e-06 0.37310354329981676 0.6268964567001832 
1075699702 2.8802715e-06 0.2296354449030038 0.7703645550969962 
4031050948 3.9073999999999996e-07 0.17180339285714286 0.8281966071428571 
1403705120 2.791e-07 0.1090952 3.836717 
1593891639 2.791e-08 0.3534721 1.63164 
3197676583 1.399999e-08 0.5169986304990218 0.48300136950097816 
4188445920 2.791e-08 0.1954879 2.742646 
1434594601 2.630732e-08 0.20199615464441076 0.7980038453555892 
3012070026 2.791e-08 0.1887197 2.808738 
911013108 2.791e-08 0.178864 2.909347 
2545005546 1.4e-08 0.30763677885714286 0.6923632211428572 
2729381062 1.4e-08 0.21091826228571428 0.7890817377142857 
1104410542 1.415154e-08 0.3624168442432669 0.6375831557567331 
1471982444 1.432679e-08 0.33546984033742033 0.6645301596625797 
356405251 1.432679e-08 0.33546984033742033 0.6645301596625797 
2842015324 1.432679e-08 0.33546984033742033 0.6645301596625797 
378125977 1.58729e-08 0.3231140162152071 0.6768859837847929 
3815024321 1.4e-08 0.33954814308400844 0.6604518569159916 
2848685905 1.4e-08 0.13870949277110017 0.8612905072288999 
3006103420 1.449e-08 0.13870949277110017 0.8612905072288999 
1199222225 1.449e-08 0.13870949277110017 0.8612905072288999 
2378434411 1.51632e-08 1.0 0.0 
1543523724 1.51632e-08 1.0 0.0 
2789348510 1.550389e-08 0.352355360182114 0.647644639817886 
1371202285 1.550389e-08 0.352355360182114 0.647644639817886 
629078091 1.550389e-08 0.352355360182114 0.647644639817886 
2369258877 1.580268e-08 0.06359366101994224 0.9364063389800578 
2707460946 1.535217e-08 0.31306362252683184 0.6869363774731682 
3607413901 1.412971e-08 0.4924175212145477 0.5075824787854524 
649593533 1.4187870000000001e-08 0.4903989657136981 0.5096010342863019 
550176535 1.412971e-08 0.4924175212145477 0.5075824787854524 
2348040613 1.412971e-08 0.4924175212145477 0.5075824787854524 
1061526795 1.412971e-08 0.4924175212145477 0.5075824787854524 
3554620561 1.412971e-08 0.4924175212145477 0.5075824787854524 
2789301560 1.412971e-08 0.4924175212145477 0.5075824787854524 
287394855 1.4e-08 0.49242797637553626 0.5075720236244637 
3211480542 1.425942e-08 0.49241752121455146 0.5075824787854486 
722767024 2.825942e-08 0.49242278713452164 0.5075772128654783 
1298902656 1.425942e-08 0.4924175212145477 0.5075824787854524 
826924968 1.4e-08 1.0 0.0 
