179097684 1.12778577e-06 0.504742326660976 0.49525767333902404 
3534547045 1.88266532e-06 0.477011358913666 0.522988641086334 
2235064901 1.916192e-06 0.4751716196213326 0.5248283803786674 
2340740170 3.390159e-06 0.35455523150469653 0.6454447684953035 
1434498202 2.791e-08 0.3299912 1.760575 
1878784256 2.791e-08 0.2355249 2.393164 
326805806 2.791e-08 0.2077123 2.628873 
1434594601 2.791e-08 0.1903969 2.792141 
3663377129 1.913168e-08 0.5018293485896725 0.49817065141032746 
1945448119 1.469432e-08 0.1756575554360732 0.8243424445639268 
