179097684 6.7087647e-07 0.6095226621623727 0.3904773378376273 
3373526895 1.81970415e-06 0.51379032149335 0.48620967850665 
3150846686 2.3101002e-06 0.4284266353271614 0.5715733646728386 
2340740170 1.56804596e-06 0.3505200428912192 0.6494799571087808 
1075699702 4.6958862e-06 0.2659806859262755 0.7340193140737246 
3736601249 2.791e-08 0.2260107 2.470508 
251961497 1.3999999999999998e-08 0.32540368678571435 0.6745963132142856 
921425487 2.147549e-08 0.1894219851095365 0.8105780148904635 
3015378843 2.791e-08 0.1221188 3.625184 
865537991 2.791e-08 0.1080236 3.855233 
438292632 1.545765e-08 0.19566981630454827 0.8043301836954517 
2177968201 1.495727e-08 0.15600165000442312 0.8439983499955769 
3783228500 1.400916e-08 0.2974698239250232 0.7025301760749768 
220564665 1.415349e-08 0.20238109852603195 0.7976189014739681 
766581564 1.429791e-08 0.4127173987866894 0.5872826012133106 
2606325002 1.453188e-08 0.23547605847080977 0.7645239415291902 
1314810707 1.429181e-08 0.22436960541037002 0.77563039458963 
1499007652 1.4e-08 0.29766445418124843 0.7023355458187516 
3467386575 1.660873e-08 0.09653500810417111 0.9034649918958289 
1703904600 1.414436e-08 0.1826784638212649 0.8173215361787352 
1840937626 1.41352e-08 0.18279684451121644 0.8172031554887835 
213831427 1.4e-08 0.22651240447395107 0.773487595526049 
846691466 2.82704e-08 0.20569964044925898 0.794300359550741 
3962269793 2.085417e-08 0.1640875577676211 0.8359124422323789 
977281884 3.4032429999999995e-08 0.24014337942644376 0.7598566205735562 
3578947201 1.461195e-08 0.12379083539920253 0.8762091646007975 
571790981 1.461195e-08 0.12379083539920253 0.8762091646007975 
2606270759 1.469815e-08 1.0 0.0 
2800683865 1.40226e-08 0.09213234195280996 0.90786765804719 
480183180 1.40226e-08 0.09213234195280996 0.90786765804719 
