3534547045 1.94332774e-06 0.5233729438747483 0.4766270561252517 
2235064901 2.29946574e-06 0.49712045406057276 0.5028795459394273 
2340740170 3.061793e-06 0.32093553648165174 0.6790644635183483 
1465560917 1.8243929000000001e-06 0.3179325557044069 0.6820674442955931 
3953846011 2.791e-08 0.2918418 1.991016 
1651612823 2.791e-08 0.2413488 2.347346 
1239791232 4.1909999999999996e-08 0.29714047525650206 0.7028595247434979 
3037779432 2.791e-08 0.1870524 2.825384 
2261252686 1.3999989999999996e-08 0.36631382836702037 0.6336861716329796 
769686034 2.791e-08 0.1602168 3.11586 
3824069879 2.791e-08 0.1557754 3.168592 
916523109 2.791e-08 0.1309479 3.494249 
90391199 2.791e-08 0.1233524 3.606331 
1768543625 2.791e-08 0.1003905 3.992689 
2063946235 1.729087e-08 0.9999999999999981 1.887379141862766e-15 
3149440925 1.42009e-08 0.24557936832369318 0.7544206316763068 
3592986772 1.698154e-08 0.23450072546423947 0.7654992745357605 
3697249003 3.4413839999999995e-08 0.6048252337860629 0.3951747662139371 
4240624600 1.4e-08 0.24910343225913822 0.7508965677408618 
1950077488 1.747032e-08 0.09406667935962253 0.9059333206403775 
3006103420 1.4e-08 0.12455171612956911 0.8754482838704309 
2670951229 1.399999e-08 1.0 0.0 
58759274 1.604317e-08 0.15417453376990323 0.8458254662300968 
2135013218 1.604317e-08 0.15417453376990323 0.8458254662300968 
470332523 1.4e-08 0.5585865532238904 0.4414134467761096 
