179097684 9.030329e-07 0.5932670786758858 0.4067329213241142 
3534547045 3.7741490000000003e-06 0.4898358390234818 0.5101641609765182 
1222799196 2.32455244e-06 0.34706571649092155 0.6529342835090785 
4259593397 3.775073e-07 0.31360843254892373 0.6863915674510763 
2487301543 2.791e-08 0.3346291 1.734396 
739080713 2.791e-08 0.2241369 2.486124 
326805806 1.399999e-08 0.41408960242114456 0.5859103975788554 
3384709749 2.791e-08 0.1160882 3.720179 
3245569981 2.791e-08 0.1125783 3.777765 
1078741991 1.566419e-08 0.0649240392736554 0.9350759607263446 
4209590891 1.652623e-08 0.17201328947981484 0.8279867105201851 
410848061 1.411141e-08 0.4117503944767703 0.5882496055232297 
2848685905 1.458727e-08 0.26521020618185787 0.7347897938181421 
1826422368 1.458727e-08 0.26521020618185787 0.7347897938181421 
1906851972 1.458727e-08 0.31519321479933365 0.6848067852006663 
1896745001 1.458727e-08 0.31519321479933365 0.6848067852006663 
2369258877 1.758997e-08 0.18921876882109515 0.8107812311789049 
249728555 1.807835e-08 0.18410709312520218 0.8158929068747978 
4285226245 1.4e-08 0.2838696499999998 0.7161303500000002 
2449448537 1.4e-08 0.38131339750000015 0.6186866024999998 
627452446 1.748783e-08 0.09878301366015618 0.9012169863398438 
2622395779 1.491488e-08 0.4706426422187585 0.5293573577812415 
649593533 1.405857e-08 0.12099888907808469 0.8790011109219154 
3707800333 1.969635e-08 0.19641674139271642 0.8035832586072835 
2348040613 1.4e-08 0.41502704529453127 0.5849729547054687 
2733144751 2.4781700000000003e-08 0.5214627534997993 0.4785372465002007 
2649056468 1.4000000000000001e-08 0.9208559170208053 0.07914408297919473 
2780384598 1.410477e-08 0.45809798807091423 0.5419020119290858 
1495382923 1.410477e-08 0.45809798807091423 0.5419020119290858 
2747938267 1.4209540000000002e-08 0.45472033290331626 0.5452796670966837 
2744143284 1.427114e-08 0.13803770979403188 0.8619622902059682 
2751602400 1.4e-08 0.46152652674773254 0.5384734732522675 
4156410056 1.4e-08 0.45932971993487753 0.5406702800651224 
2197427154 1.4e-08 0.14393881939271005 0.85606118060729 
3690557900 1.464749e-08 0.14393881939271005 0.85606118060729 
769315986 1.464749e-08 0.14393881939271005 0.85606118060729 
1856937876 1.464749e-08 0.14393881939271005 0.85606118060729 
354497373 1.464749e-08 0.14393881939271005 0.85606118060729 
1230311851 1.464749e-08 0.14393881939271005 0.85606118060729 
3825172902 1.464749e-08 0.14393881939271005 0.85606118060729 
110318614 1.464749e-08 0.14393881939271005 0.85606118060729 
1063934737 1.464749e-08 0.14393881939271005 0.85606118060729 
2445084109 1.464749e-08 0.14393881939271005 0.85606118060729 
1905833305 1.464749e-08 0.14393881939271005 0.85606118060729 
3879652638 1.464749e-08 0.14393881939271005 0.85606118060729 
1629863604 1.464749e-08 0.14393881939271005 0.85606118060729 
3076001680 1.464749e-08 0.14393881939271005 0.85606118060729 
1493833725 1.464749e-08 0.14393881939271005 0.85606118060729 
564959126 1.4e-08 0.14071120634729029 0.8592887936527097 
3584287056 1.450781e-08 0.4432520193666919 0.5567479806333081 
2282291379 1.4e-08 0.45932971993487737 0.5406702800651226 
1483909303 1.464067e-08 0.1643397296708415 0.8356602703291585 
63319263 1.4e-08 0.47064264221875857 0.5293573577812414 
3673394291 1.4e-08 0.32841489474613395 0.671585105253866 
4188119649 1.4e-08 0.4615261970859279 0.5384738029140721 
1275089537 1.4e-08 0.4239795986785709 0.5760204013214292 
3700209637 1.4e-08 0.6578614979010697 0.34213850209893026 
3320450569 1.979096e-08 0.564788772616531 0.43521122738346896 
