179097684 7.754807999999999e-07 0.5526381055050972 0.4473618944949028 
1572835533 2.2766300000000003e-06 0.35373479028531346 0.6462652097146866 
2799798816 5.5932038e-06 0.4186130153872956 0.5813869846127044 
4031050948 7.7270053e-07 0.1700266621705672 0.8299733378294328 
426576124 4.702955e-07 0.17222547839939564 0.8277745216006044 
2440120768 2.7933089999999998e-08 0.25304415605291075 0.7469558439470892 
1347872676 2.791e-08 0.213099 2.580848 
2710766136 1.90182e-08 0.28438168228328653 0.7156183177167135 
300193622 2.791e-08 0.1443583 3.311367 
3384709749 2.791e-08 0.1160882 3.720179 
3396227953 1.437577e-08 0.4855943324582584 0.5144056675417417 
2898323513 1.458727e-08 0.24701204425153064 0.7529879557484693 
4096225443 1.488967e-08 0.24199538221794206 0.758004617782058 
2681498831 1.413618e-08 0.3022874414873668 0.6977125585126331 
481808867 1.413618e-08 0.3022874414873668 0.6977125585126331 
649593533 1.463452e-08 0.23100092015317214 0.7689990798468278 
114837353 1.498228e-08 0.9999999999999996 4.440892098500626e-16 
1703904600 1.645319e-08 0.8908625014358907 0.10913749856410926 
3284371529 1.558052e-08 0.21678789924854877 0.7832121007514512 
3654632673 2.091e-08 0.17171590793878527 0.8282840920612147 
128622011 1.523087e-08 0.23657423264390193 0.763425767356098 
3609244734 1.446336e-08 0.2607616162323283 0.7392383837676717 
2039580977 1.419886e-08 0.31495836177023256 0.6850416382297675 
2262451740 1.4e-08 0.5959002471414657 0.4040997528585343 
2653682721 1.4e-08 0.409670748442446 0.590329251557554 
1035993485 1.495247e-08 0.07134472871546065 0.9286552712845394 
3582615942 4.787646e-08 0.5376903464898826 0.46230965351011744 
397871699 1.4e-08 0.2742157041495332 0.7257842958504668 
3113011764 1.4e-08 0.42121064464886454 0.5787893553511354 
987951561 1.4e-08 0.4986280311945327 0.5013719688054673 
2625819210 1.467188e-08 0.4558742950325659 0.5441257049674342 
1810710620 1.467188e-08 0.4558742950325659 0.5441257049674342 
3992359301 1.4e-08 0.2591010387195066 0.7408989612804934 
4003951159 1.58681e-08 0.2591010387195066 0.7408989612804934 
2076479023 1.4e-08 0.15396406845211724 0.8460359315478827 
2429918584 2.225871e-08 0.27322034453078275 0.7267796554692172 
2818974547 1.4e-08 0.1526139173073173 0.8473860826926827 
3918917420 1.4e-08 0.2917274161486013 0.7082725838513987 
3030365988 1.4e-08 0.30522783461463465 0.6947721653853653 
476539146 1.4e-08 0.3098536508229489 0.6901463491770511 
1418880935 1.409337e-08 0.9933748989773199 0.006625101022680102 
3492071944 1.75684e-08 0.07900790328089066 0.9209920967191093 
2049910583 1.863228e-08 0.34352618463196877 0.6564738153680312 
1554871714 1.4e-08 0.6482594409192873 0.35174055908071267 
2745937630 1.50528e-08 0.42030706215743174 0.5796929378425683 
2664573428 1.4e-08 0.4571913924754558 0.5428086075245442 
2765174409 1.4e-08 0.29172741614860154 0.7082725838513985 
1723287288 1.4e-08 0.0761985654125759 0.9238014345874241 
