179097684 7.4108982e-07 0.5958760745375525 0.40412392546244746 
3373526895 1.640316e-06 0.5097622926127333 0.4902377073872667 
2235064901 1.34607433e-06 0.4584431357845562 0.5415568642154438 
3150846686 2.52962379e-06 0.427757801250517 0.572242198749483 
4259593397 2.0141169499999998e-06 0.24821009419895085 0.7517899058010491 
2555962951 6.741116e-07 0.14485497058811653 0.8551450294118834 
2408568032 1.4e-08 1.0 0.0 
741863299 4.1909999999999996e-08 0.33184670343593414 0.6681532965640659 
598947138 2.796859e-08 0.2868559658888772 0.7131440341111228 
1035492323 1.4e-08 0.4772568135 0.5227431865000001 
1347872676 2.791e-08 0.213099 2.580848 
57770090 1.521291e-08 0.33543230000000007 0.6645676999999999 
3485819286 1.8083e-08 0.22121212979041088 0.7787878702095892 
378125977 1.428025e-08 0.47796924873970476 0.5220307512602953 
4035587434 2.205229e-08 0.6348547021647186 0.3651452978352814 
3952655669 1.444481e-08 0.3157531457589086 0.6842468542410913 
3063534263 1.554962e-08 0.1144339368722636 0.8855660631277364 
907719639 1.472778e-08 0.12081958268440238 0.8791804173155976 
1906851972 1.472778e-08 0.12081958268440238 0.8791804173155976 
2597880038 1.472778e-08 0.12081958268440238 0.8791804173155976 
1837088337 1.472778e-08 0.12081958268440238 0.8791804173155976 
1848242772 1.920672e-08 0.23746866708057088 0.7625313329194291 
3449694611 1.417658e-08 0.38363341296332737 0.6163665870366726 
3089865955 2.4432100000000002e-08 0.6678029849518846 0.3321970150481154 
1759850032 1.417658e-08 0.38363341296332737 0.6163665870366726 
1495382923 1.417658e-08 0.38363341296332737 0.6163665870366726 
3363025910 1.4353160000000001e-08 0.37891375624236384 0.6210862437576361 
1449522982 1.579505e-08 0.093158647733868 0.906841352266132 
3279439195 1.561847e-08 0.09421188495984767 0.9057881150401523 
470332523 1.4e-08 0.38847212639626055 0.6115278736037395 
584993009 1.4e-08 0.3884721263962606 0.6115278736037394 
3270476896 1.4e-08 0.2682820039854612 0.7317179960145388 
3681452412 1.418247e-08 0.38347408946027345 0.6165259105397265 
570164134 1.577082e-08 0.1652887491159834 0.8347112508840167 
2105330617 1.577082e-08 0.1652887491159834 0.8347112508840167 
964813250 1.604882e-08 0.0554372294495074 0.9445627705504926 
2039170765 1.604882e-08 0.0554372294495074 0.9445627705504926 
932943525 1.4e-08 1.0 0.0 
2292589682 1.404329e-08 0.19363730897630288 0.8063626910236972 
3971437066 1.404329e-08 0.19363730897630288 0.8063626910236972 
3940915008 1.4e-08 0.3299702998135524 0.6700297001864476 
3593659676 1.4e-08 0.26828200398546126 0.7317179960145388 
1301910447 1.443033e-08 0.38045378020223164 0.6195462197977684 
1734007597 1.443033e-08 0.38045378020223164 0.6195462197977684 
2087527840 2.365495e-08 1.0 0.0 
2065940037 1.4e-08 0.41054921639229747 0.5894507836077025 
