3921011129 2.52830169e-06 0.5525508687407343 0.44744913125926566 
545239233 2.473808e-06 0.4408855749042759 0.5591144250957241 
1572835533 2.7938394600000002e-06 0.3385191653699888 0.6614808346300112 
2555962951 2.2441434600000004e-06 0.17987315093682413 0.8201268490631759 
1403705120 3.2792e-07 0.11182633618870458 0.8881736638112954 
1239791232 2.791e-08 0.1989312 2.709894 
3838279446 2.791e-08 0.1756578 2.943275 
2326007700 2.791e-08 0.1709223 2.994536 
392861532 2.791e-08 0.1416002 3.347551 
1134132465 2.791e-08 0.101455 3.972905 
1913762779 1.449514e-08 0.25815152331227886 0.7418484766877211 
1736323711 1.419113e-08 0.4331630008861776 0.5668369991138225 
4096225443 1.627333e-08 0.1932755846247913 0.8067244153752087 
907719639 1.420257e-08 0.13173469560877873 0.8682653043912213 
1896745001 1.835344e-08 0.17184676651897404 0.828153233481026 
4256642775 1.451546e-08 0.24632044825509264 0.7536795517449073 
2449448537 1.466438e-08 0.24381900999761782 0.7561809900023821 
3707800333 1.451546e-08 0.24632044825509264 0.7536795517449073 
105819081 1.435902e-08 0.0651496841641133 0.9348503158358867 
1342185090 1.4e-08 0.4390766040547044 0.5609233959452956 
1657444763 1.407446e-08 0.2813507587986807 0.7186492412013192 
470332523 1.407446e-08 0.2813507587986807 0.7186492412013192 
3217169414 1.407446e-08 0.2813507587986807 0.7186492412013192 
2208266878 1.407446e-08 0.2813507587986807 0.7186492412013192 
1292024166 1.407446e-08 0.2813507587986807 0.7186492412013192 
4201342597 1.407446e-08 0.2813507587986807 0.7186492412013192 
762210064 1.407446e-08 0.2813507587986807 0.7186492412013192 
570164134 1.407446e-08 0.2813507587986807 0.7186492412013192 
2039170765 1.407446e-08 0.2813507587986807 0.7186492412013192 
118566979 1.407446e-08 0.2813507587986807 0.7186492412013192 
678688578 1.4e-08 0.2828471429058343 0.7171528570941657 
2919535035 1.4e-08 0.2828471429058343 0.7171528570941657 
3663377129 1.4e-08 0.2828471429058343 0.7171528570941657 
1965972368 1.4e-08 0.5174350000000002 0.4825649999999998 
3320450569 1.440369e-08 0.6426669384006719 0.3573330615993281 
253060996 1.4e-08 0.5107795953895491 0.4892204046104509 
