3534547045 1.188637e-06 0.5767578229035736 0.4232421770964264 
2235064901 3.3310810000000003e-06 0.4542336017409024 0.5457663982590977 
1572835533 5.41263502e-06 0.31507598299716416 0.6849240170028359 
2519559028 8.9573568e-07 0.1574567060758614 0.8425432939241386 
2620740164 1.3999999999999998e-08 0.4431169027857143 0.5568830972142857 
2326007700 1.4e-08 0.3407458137857143 0.6592541862142858 
1104410542 1.472778e-08 0.14702697892841576 0.8529730210715842 
3869596591 1.498425e-08 0.14451046930759587 0.8554895306924042 
2848685905 1.425981e-08 0.4036833975977036 0.5963166024022963 
3707800333 1.46505e-08 0.1361614312663155 0.8638385687336845 
309459595 1.518632e-08 0.13135723788035253 0.8686427621196475 
1323984060 1.4e-08 0.3130208231388523 0.6869791768611477 
1987038079 1.450596e-08 0.20735012476413756 0.7926498752358624 
3797386594 1.450596e-08 0.20735012476413756 0.7926498752358624 
241690685 1.76573e-08 0.21423494767415455 0.7857650523258455 
2810179169 1.444e-08 0.20531473267791503 0.794685267322085 
213831427 2.091e-08 0.16551066104765608 0.8344893389523439 
3320450569 1.4e-08 0.3067726171500163 0.6932273828499838 
1268185054 1.4e-08 0.3067726171500163 0.6932273828499838 
4108567391 1.1203798000000001e-07 0.623658008315188 0.37634199168481197 
3132125139 1.426768e-08 0.17806937373886436 0.8219306262611357 
3242796679 1.426768e-08 0.17806937373886436 0.8219306262611357 
444974319 1.426768e-08 0.17806937373886436 0.8219306262611357 
3734593757 1.426768e-08 0.17806937373886436 0.8219306262611357 
111235536 1.426768e-08 0.17806937373886436 0.8219306262611357 
1490861810 1.426768e-08 0.17806937373886436 0.8219306262611357 
845186953 1.426768e-08 0.17806937373886436 0.8219306262611357 
2279859862 1.426768e-08 0.17806937373886436 0.8219306262611357 
1407916447 1.426768e-08 0.17806937373886436 0.8219306262611357 
3539250331 2.853536e-08 0.17806937373886436 0.8219306262611357 
2929070229 1.426768e-08 0.17806937373886436 0.8219306262611357 
368451981 1.426768e-08 0.17806937373886436 0.8219306262611357 
2937776487 1.426768e-08 0.17806937373886436 0.8219306262611357 
4232177374 1.426768e-08 0.17806937373886436 0.8219306262611357 
34775558 1.426768e-08 0.17806937373886436 0.8219306262611357 
747443871 1.426768e-08 0.17806937373886436 0.8219306262611357 
2640871332 1.426768e-08 0.17806937373886436 0.8219306262611357 
1056843563 1.426768e-08 0.17806937373886436 0.8219306262611357 
303951786 1.426768e-08 0.17806937373886436 0.8219306262611357 
834694043 1.426768e-08 0.17806937373886436 0.8219306262611357 
3563967453 1.426768e-08 0.17806937373886436 0.8219306262611357 
1235889872 1.990768e-08 0.09558341323000728 0.9044165867699927 
3775520932 1.990768e-08 0.09558341323000728 0.9044165867699927 
3568714221 1.4e-08 0.18147406016475148 0.8185259398352485 
