179097684 7.095030800000001e-07 0.5655087657781279 0.4344912342218721 
3534547045 2.179636e-06 0.4782476299231831 0.521752370076817 
3921011129 1.492949e-06 0.45294696637001236 0.5470530336299877 
3150846686 2.5455504e-06 0.4087926674774358 0.5912073325225642 
1222799196 1.18388166e-06 0.2719560887288265 0.7280439112711735 
290926289 2.791e-08 0.2336027 2.408534 
4226750145 2.791e-08 0.1804819 2.892456 
2757833455 1.3999999999999998e-08 0.19387181113571433 0.8061281888642857 
3099973400 1.445408e-08 0.4032302079518724 0.5967697920481276 
110318614 1.4e-08 0.44754416918055534 0.5524558308194447 
1804212609 1.401222e-08 0.06566501681692027 0.9343349831830797 
