179097684 6.881756e-07 0.5935274403322252 0.40647255966777485 
3534547045 1.508482e-06 0.515760428923796 0.48423957107620397 
3921011129 2.12168344e-06 0.4610463446044937 0.5389536553955063 
2340740170 2.4989098700000003e-06 0.36604224168671495 0.633957758313285 
2246051850 8.157706300000001e-07 0.3885090531540411 0.6114909468459588 
3737780296 3.3605125e-07 0.20770503587402175 0.7922949641259782 
426576124 3.2132345e-07 0.17145193895836786 0.8285480610416321 
1425083048 2.791e-08 0.4766794 1.070723 
810769555 2.791e-08 0.3072659 1.894413 
1019134040 1.4e-08 0.5501248395714287 0.44987516042857134 
4046076794 2.7969100000000003e-08 0.2711663995623742 0.7288336004376258 
732124878 1.4e-08 0.5008764484285715 0.4991235515714285 
3736601249 1.830203e-08 0.3446589606180298 0.6553410393819702 
2620740164 2.791e-08 0.2222729 2.501788 
3012070026 2.791e-08 0.1887197 2.808738 
888311950 4.263778e-08 0.16308960465267394 0.836910395347326 
2326007700 2.791e-08 0.1709223 2.994536 
728028737 1.4000000000000003e-08 0.32239399199999996 0.677606008 
1866926464 2.791e-08 0.1528631 3.203992 
300193622 2.791e-08 0.1443583 3.311367 
828787466 2.791e-08 0.1172761 3.701082 
3392858646 2.791e-08 0.1102832 3.816401 
1634407402 5.01687e-08 0.3373908479958708 0.6626091520041292 
1726701215 1.419861e-08 0.2911007428809083 0.7088992571190917 
432337108 1.40591e-08 0.3955602073236883 0.6044397926763116 
4253718737 1.4e-08 0.6112228856061002 0.38877711439389984 
2878871175 1.424781e-08 0.25092922100556686 0.7490707789944331 
607396504 1.50433e-08 0.2747552677189376 0.7252447322810625 
1820499179 1.4e-08 0.39723003648460475 0.6027699635153952 
1371202285 1.4e-08 0.1753927818181818 0.8246072181818183 
754560055 1.46505e-08 0.1753927818181818 0.8246072181818183 
3434666020 1.46505e-08 0.1753927818181818 0.8246072181818183 
2369258877 1.46505e-08 0.1753927818181818 0.8246072181818183 
2707460946 1.46505e-08 0.1753927818181818 0.8246072181818183 
2024675612 1.46505e-08 0.1753927818181818 0.8246072181818183 
1292023300 1.46505e-08 0.1753927818181818 0.8246072181818183 
3314075649 1.46505e-08 0.1753927818181818 0.8246072181818183 
3433591204 1.46505e-08 0.1753927818181818 0.8246072181818183 
1848242772 1.46505e-08 0.1753927818181818 0.8246072181818183 
463844675 1.405431e-08 0.1470447826636916 0.8529552173363084 
393090083 1.454063e-08 0.26442751978389706 0.735572480216103 
3736523900 1.454063e-08 0.26442751978389706 0.735572480216103 
3607413901 1.454063e-08 0.26442751978389706 0.735572480216103 
3833074883 2.760387e-08 0.1835431879660352 0.8164568120339648 
552498239 1.493893e-08 0.1720064254954855 0.8279935745045145 
114837353 2.036438e-08 0.15894479625795488 0.8410552037420451 
2564127097 1.472778e-08 0.12081958268440238 0.8791804173155976 
3554620561 1.472778e-08 0.12081958268440238 0.8791804173155976 
2789301560 1.472778e-08 0.12081958268440238 0.8791804173155976 
3201932102 1.472778e-08 0.12081958268440238 0.8791804173155976 
3527214469 1.472778e-08 0.12081958268440238 0.8791804173155976 
224410298 1.472778e-08 0.12081958268440238 0.8791804173155976 
3967778277 1.472778e-08 0.12081958268440238 0.8791804173155976 
1922039940 1.472778e-08 0.12081958268440238 0.8791804173155976 
1314810707 1.751566e-08 0.3591193288463009 0.6408806711536992 
2472898255 1.426428e-08 0.036220071385274034 0.963779928614726 
1495382923 1.4e-08 0.29523042277687817 0.7047695772231218 
764400056 1.431345e-08 0.3074304341924666 0.6925695658075335 
2454553876 1.431345e-08 0.3074304341924666 0.6925695658075335 
1342185090 1.431345e-08 0.3074304341924666 0.6925695658075335 
149784911 1.431345e-08 0.3074304341924666 0.6925695658075335 
1965662198 1.431345e-08 0.3074304341924666 0.6925695658075335 
1657444763 1.431345e-08 0.3074304341924666 0.6925695658075335 
58759274 1.431345e-08 0.3074304341924666 0.6925695658075335 
2391696826 1.4e-08 0.295230422776878 0.704769577223122 
3590332688 1.4e-08 0.3143135820208687 0.6856864179791313 
3797386594 1.4e-08 0.35988851770894476 0.6401114822910552 
1280619132 1.407638e-08 0.35988851770894476 0.6401114822910552 
4105879141 1.4e-08 0.6810867332142858 0.3189132667857142 
3088551619 1.4e-08 0.3143135820208686 0.6856864179791313 
3443287411 1.476213e-08 0.06026924421340723 0.9397307557865928 
3981989558 1.476213e-08 0.06026924421340723 0.9397307557865928 
3467386575 1.423656e-08 0.17743346781364885 0.8225665321863511 
4267941538 1.4e-08 0.47338669328571414 0.5266133067142859 
