179097684 6.2866793e-07 0.5820658537648402 0.4179341462351598 
3534547045 5.21435659e-06 0.4058380512464314 0.5941619487535685 
2246051850 3.5768568e-06 0.36792323697677637 0.6320767630232236 
949068759 2.791e-08 0.36306 1.581439 
1037584679 2.791e-08 0.3463526 1.669806 
739080713 2.791e-08 0.2241369 2.486124 
315200650 2.791e-08 0.2204186 2.517502 
1239791232 2.791e-08 0.1989312 2.709894 
911013108 1.4000000000000001e-08 0.3565781599999999 0.64342184 
199935986 1.400001e-08 0.35337224473411094 0.646627755265889 
2326007700 2.791e-08 0.1709223 2.994536 
825415804 2.791e-08 0.1693635 3.011721 
265770918 7.018217e-08 0.17490852488944736 0.8250914751105527 
3475245566 2.605221e-08 0.16068539812937171 0.8393146018706283 
828787466 9.1975e-08 0.14732617055721664 0.8526738294427834 
3708838243 2.791e-08 0.1149092 3.739326 
1507417240 2.791e-08 0.1036097 3.933485 
4274934102 2.791e-08 0.09828733 4.032403 
188552836 1.421444e-08 0.3354323600917879 0.6645676399082121 
976558236 1.40167e-08 0.26901598955710326 0.7309840104428967 
1950077488 1.429534e-08 0.2937141367856153 0.7062858632143847 
3111692719 1.4374020000000002e-08 0.29210641477866855 0.7078935852213315 
2961226102 2.091e-08 0.29866632896847484 0.7013336710315252 
1896745001 1.955513e-08 0.516932035562183 0.48306796443781697 
1737134642 1.481458e-08 0.1492148747100455 0.8507851252899545 
2719204682 1.433716e-08 0.30114294192061664 0.6988570580793834 
2716949832 1.58786e-08 0.11873579600295518 0.8812642039970449 
552634658 1.587512e-08 0.1187618241885746 0.8812381758114254 
2649056468 1.942043e-08 0.10810119673346255 0.8918988032665375 
3381587904 1.942043e-08 0.10810119673346255 0.8918988032665375 
72955594 1.467269e-08 0.15977518138338703 0.840224818616613 
2780384598 1.467269e-08 0.15977518138338703 0.840224818616613 
1577969976 1.467269e-08 0.15977518138338703 0.840224818616613 
229435916 1.467269e-08 0.15977518138338703 0.840224818616613 
19131048 1.467269e-08 0.15977518138338703 0.840224818616613 
2426951832 1.467269e-08 0.15977518138338703 0.840224818616613 
1922039940 1.4e-08 0.2693368872017893 0.7306631127982107 
3715668764 1.481924e-08 0.5320976378325877 0.4679023621674123 
4138371369 1.4e-08 0.2693368872017892 0.7306631127982108 
3590332688 1.4e-08 0.21848528094779399 0.781514719052206 
3797386594 1.461587e-08 0.21848528094779399 0.781514719052206 
3443287411 1.461587e-08 0.21848528094779399 0.781514719052206 
1165174376 1.461587e-08 0.21848528094779399 0.781514719052206 
4267941538 1.461587e-08 0.21848528094779399 0.781514719052206 
3372193553 1.461587e-08 0.21848528094779399 0.781514719052206 
3681452412 1.461587e-08 0.21848528094779399 0.781514719052206 
570164134 1.586621e-08 0.2510960376325792 0.7489039623674207 
2418772576 1.461587e-08 0.21848528094779399 0.781514719052206 
1301910447 1.401861e-08 0.1610743189353802 0.8389256810646197 
2919535035 1.401861e-08 0.1610743189353802 0.8389256810646197 
2217687738 1.418527e-08 0.147996599576775 0.852003400423225 
3408999490 1.650292e-08 0.9999999999999984 1.5543122344752192e-15 
1403954297 1.407868e-08 0.23022071354294144 0.7697792864570585 
517786421 1.407868e-08 0.23022071354294144 0.7697792864570585 
248584559 1.422864e-08 0.25859260385229926 0.7414073961477008 
3152769946 1.4457280000000002e-08 0.25450299550655303 0.745497004493447 
1776728451 2.841391e-08 0.28144509530943007 0.7185549046905699 
1897972748 1.3999989999999996e-08 0.9757173350302234 0.0242826649697766 
1367591863 1.4e-08 0.14995512314845993 0.8500448768515401 
2661924784 1.421496e-08 0.10589960896457955 0.8941003910354205 
3353888196 3.075732e-08 0.1025440342410621 0.8974559657589379 
2711363118 1.593713e-08 0.3623967357095311 0.6376032642904689 
1414813075 1.4e-08 0.10752562181765286 0.8924743781823471 
36058418 1.627623e-08 0.033189542411876514 0.9668104575881235 
1595418714 1.4e-08 0.23151455395305273 0.7684854460469472 
