179097684 6.6469335e-07 0.4828488547652559 0.5171511452347441 
3373526895 2.0874e-06 0.4263634282535402 0.5736365717464598 
2246051850 1.89285224e-06 0.39356114404893594 0.6064388559510641 
1465560917 2.40254824e-06 0.3425344670650796 0.6574655329349204 
2519559028 3.0700996e-07 0.23150198470759709 0.7684980152924029 
3498415124 2.442015e-08 0.45004164253700324 0.5499583574629967 
3555679070 4.241835e-08 0.3561184902637475 0.6438815097362525 
2408568032 2.791e-08 0.3581562 1.644313 
1156624510 2.791e-08 0.3186271 0.6813729 
333964007 1.948061e-08 0.4331222715818447 0.5668777284181553 
2250879299 2.791e-08 0.2991081 0.7008919 
1878784256 1.4e-08 0.5504045376428571 0.44959546235714287 
1664502715 2.791e-08 0.2395872 2.726246 
3176785673 1.7628289999999997e-08 0.37076434934982355 0.6292356506501764 
2261252686 2.428462e-08 0.2586564814273396 0.7413435185726605 
199935986 2.791e-08 0.2176647 2.926287 
3838279446 4.241835e-08 0.2606302052172995 0.7393697947827005 
251961497 2.791e-08 0.2007151 3.080951 
728028737 2.791e-08 0.1988049 3.098381 
921425487 2.791e-08 0.1774384 3.293348 
3245569981 2.791e-08 0.1243512 3.777765 
2729381062 2.791e-08 0.1115845 3.894261 
2707128518 1.450835e-08 0.3468653793490808 0.6531346206509192 
2312786130 1.450835e-08 0.3468653793490808 0.6531346206509192 
3375523036 1.450835e-08 0.3468653793490808 0.6531346206509192 
451270221 1.4e-08 0.3151917500000002 0.6848082499999998 
2250775120 2.091e-08 0.3151917500000002 0.6848082499999998 
2159618959 1.466094e-08 0.19860147153687252 0.8013985284631275 
3401497744 1.466094e-08 0.19860147153687252 0.8013985284631275 
432337108 1.466094e-08 0.19860147153687252 0.8013985284631275 
4209590891 1.466094e-08 0.19860147153687252 0.8013985284631275 
3986570268 1.466094e-08 0.19860147153687252 0.8013985284631275 
174500547 1.466094e-08 0.19860147153687252 0.8013985284631275 
1370908750 2.091e-08 0.237163256217121 0.762836743782879 
976558236 2.091e-08 0.2463423893830703 0.7536576106169297 
2438291630 2.091e-08 0.2463423893830703 0.7536576106169297 
3121292019 1.912697e-08 0.24990520701919858 0.7500947929808014 
1950077488 1.828632e-08 0.15922745845603695 0.8407725415439631 
3111692719 1.6572319999999997e-08 0.2530472788812915 0.7469527211187085 
3332562587 1.4e-08 0.4454041465671581 0.5545958534328419 
3929228125 1.420918e-08 0.17708426265552402 0.822915737344476 
766581564 1.409711e-08 0.08924602855619412 0.9107539714438059 
1743198400 1.402176e-08 0.27034771342488634 0.7296522865751136 
3952655669 1.402176e-08 0.27034771342488634 0.7296522865751136 
896813269 2.804352e-08 0.27034771342488634 0.7296522865751136 
1736323711 1.402176e-08 0.27034771342488634 0.7296522865751136 
1199222225 1.402176e-08 0.27034771342488634 0.7296522865751136 
3492274228 1.402176e-08 0.27034771342488634 0.7296522865751136 
1420914473 1.402176e-08 0.27034771342488634 0.7296522865751136 
1086559163 1.402176e-08 0.27034771342488634 0.7296522865751136 
3063534263 1.402176e-08 0.27034771342488634 0.7296522865751136 
4167430602 1.402176e-08 0.27034771342488634 0.7296522865751136 
1896745001 1.4e-08 0.2707679110137525 0.7292320889862475 
2369258877 1.4e-08 0.2707679110137525 0.7292320889862475 
2589646060 1.412929e-08 0.43949977547744823 0.5605002245225518 
463844675 1.412929e-08 0.43949977547744823 0.5605002245225518 
627452446 2.819153e-08 0.3760990921771008 0.6239009078228992 
3202152185 1.412929e-08 0.43949977547744823 0.5605002245225518 
2185291493 1.412929e-08 0.43949977547744823 0.5605002245225518 
4287239676 1.412929e-08 0.43949977547744823 0.5605002245225518 
1237914369 1.425858e-08 0.435514601219459 0.5644853987805409 
1831065885 1.412929e-08 0.43949977547744823 0.5605002245225518 
1553963666 1.412929e-08 0.43949977547744823 0.5605002245225518 
2649056468 1.412929e-08 0.43949977547744823 0.5605002245225518 
552498239 1.425858e-08 0.435514601219459 0.5644853987805409 
114837353 2.825858e-08 0.43949977547744823 0.5605002245225518 
1850435983 4.4003140000000005e-08 0.4660740164841168 0.5339259835158832 
2426951832 1.406224e-08 0.3123961088295854 0.6876038911704145 
3089865955 1.406224e-08 0.3123961088295854 0.6876038911704145 
2654473721 1.406224e-08 0.31239610882958546 0.6876038911704145 
2704180049 1.406224e-08 0.3123961088295854 0.6876038911704145 
771359632 1.406224e-08 0.3123961088295854 0.6876038911704145 
4186562710 1.406224e-08 0.3123961088295854 0.6876038911704145 
1922039940 1.406224e-08 0.3123961088295854 0.6876038911704145 
2472898255 1.406224e-08 0.3123961088295854 0.6876038911704145 
3459912306 1.406224e-08 0.3123961088295854 0.6876038911704145 
1598213090 1.406224e-08 0.3123961088295854 0.6876038911704145 
1298902656 1.406224e-08 0.3123961088295854 0.6876038911704145 
3532628785 1.406224e-08 0.31239610882958546 0.6876038911704145 
3190311976 2.812448e-08 0.31239610882958546 0.6876038911704145 
841878026 1.406224e-08 0.3123961088295854 0.6876038911704145 
3177521820 1.406224e-08 0.3123961088295854 0.6876038911704145 
3363025910 1.406224e-08 0.3123961088295854 0.6876038911704145 
96665495 1.406224e-08 0.3123961088295854 0.6876038911704145 
149784911 1.406224e-08 0.3123961088295854 0.6876038911704145 
3279439195 1.716753e-08 0.7341329824383588 0.2658670175616412 
2208266878 1.4e-08 0.44355855590398247 0.5564414440960175 
3715668764 1.791666e-08 0.12259508907987741 0.8774049109201226 
3418547556 1.791666e-08 0.12259508907987741 0.8774049109201226 
3270476896 1.463615e-08 0.21213986957138495 0.787860130428615 
3934203265 2.081091e-08 0.18243489747966612 0.8175651025203339 
1323984060 1.4e-08 0.3137849326734106 0.6862150673265894 
4197927596 1.4e-08 0.443558239076669 0.556441760923331 
1414892502 1.4e-08 0.8021377858571427 0.19786221414285732 
4201342597 1.4e-08 0.3137847085414759 0.6862152914585241 
3590332688 1.4e-08 0.54367801791287 0.45632198208713004 
1745749016 1.4e-08 0.44959346640963105 0.550406533590369 
2933223072 1.4e-08 0.4394997754774481 0.5605002245225519 
1987038079 1.660898e-08 0.7588214327430102 0.24117856725698983 
3797386594 1.489992e-08 0.2948330633605918 0.7051669366394082 
1280619132 1.4e-08 0.4435585559039826 0.5564414440960175 
4105879141 1.4e-08 0.44355855590398247 0.5564414440960175 
