179097684 9.305832e-07 0.4336371092830457 0.5663628907169542 
3150846686 8.10254573e-06 0.35765459376833414 0.6423454062316658 
4031050948 4.9538e-07 0.23178772489301144 0.7682122751069885 
426576124 2.791e-07 0.1986015 0.8013985 
211811971 1.4000000000000003e-08 0.7724477259285714 0.22755227407142864 
2298477853 2.791e-08 0.2484932 2.644979 
3838279446 2.791e-08 0.2158029 2.943275 
253808213 2.791e-08 0.1794077 3.275379 
300193622 8.373e-08 0.17736143333333335 0.8226385666666667 
2909632847 1.627333e-08 0.2779011247852253 0.7220988752147748 
1382686479 1.607776e-08 0.372317159951343 0.6276828400486569 
110358663 1.449922e-08 0.33599974159659196 0.664000258403408 
406745133 1.466812e-08 0.39847099488463283 0.6015290051153672 
3099973400 1.43537e-08 0.20060367147651828 0.7993963285234817 
2789348510 1.469716e-08 0.1959157360518971 0.804084263948103 
3314075649 1.4e-08 0.34798101238229545 0.6520189876177045 
579073438 2.116942e-08 0.18749883475787243 0.8125011652421276 
309459595 1.945303e-08 0.128465071276814 0.8715349287231859 
2348040613 1.741e-08 0.14354020020103395 0.856459799798966 
2353028958 1.4e-08 0.31821653150884166 0.6817834684911583 
2980075456 1.807328e-08 0.31821653150884166 0.6817834684911583 
1061526795 2.088858e-08 0.9722296174346177 0.027770382565382334 
695939830 1.4e-08 0.44467734060627945 0.5553226593937206 
2135013218 1.425808e-08 0.24262620203122254 0.7573737979687775 
470332523 1.425808e-08 0.24262620203122254 0.7573737979687775 
1292024166 1.425808e-08 0.24262620203122254 0.7573737979687775 
4105879141 1.4e-08 0.3150374878023392 0.6849625121976608 
3981989558 1.720519e-08 0.2527187272727274 0.7472812727272726 
3971437066 1.4e-08 0.5754620430204522 0.42453795697954777 
101557930 1.4e-08 0.4227644667132196 0.5772355332867805 
2222966094 1.511226e-08 0.2182009443103643 0.7817990556896357 
871205577 1.407827e-08 0.3202078393701987 0.6797921606298013 
2695808785 1.4e-08 0.32199802991216336 0.6780019700878366 
213831427 1.4e-08 0.33196152667385787 0.6680384733261422 
3297235373 1.6280740000000002e-08 0.1384449484105233 0.8615550515894768 
1483909303 1.416043e-08 0.4363381473776652 0.5636618526223348 
2279859862 1.651267e-08 0.37418150985098775 0.6258184901490123 
2640871332 1.4e-08 0.2774333765351609 0.7225666234648391 
2542288242 1.4e-08 0.34798101238229584 0.6520189876177042 
303951786 1.4e-08 0.14609313955810874 0.8539068604418912 
834694043 1.4e-08 0.36110561305261285 0.6388943869473871 
2847894498 1.41873e-08 0.3587219642496428 0.6412780357503571 
3548864168 1.4e-08 0.3219980299121634 0.6780019700878366 
3031255937 3.558469e-08 0.4535040126346518 0.5464959873653482 
251537365 1.5418403e-07 0.2878310366141063 0.7121689633858936 
2813706888 4.1020770000000007e-08 0.3934055773053544 0.6065944226946456 
1663116443 1.403346e-08 0.28783103661410625 0.7121689633858937 
687910112 1.40223e-08 0.28783108795116696 0.712168912048833 
2758596397 1.402509e-08 0.2878309681647203 0.7121690318352797 
543650404 1.4e-08 0.28783093394003956 0.7121690660599604 
1552816674 1.4e-08 0.28783103661410625 0.7121689633858937 
3349800779 1.615403e-08 0.6791386743093588 0.3208613256906412 
3312688964 1.932189e-08 0.15330628125319593 0.8466937187468041 
1974243393 1.403346e-08 0.28783103661410625 0.7121689633858937 
2123043148 1.4e-08 0.28989136138701965 0.7101086386129803 
2378665575 1.401673e-08 0.1437447016865477 0.8562552983134523 
1605385292 1.452307e-08 0.21272140781085236 0.7872785921891476 
2350232122 1.452307e-08 0.21272140781085236 0.7872785921891476 
1844403144 1.403346e-08 0.28783103661410625 0.7121689633858937 
2798351548 1.4e-08 0.07851212863485114 0.9214878713651489 
173807622 2.979402e-08 0.4416388654300368 0.5583611345699633 
1286422349 1.4e-08 0.3635211516713542 0.6364788483286459 
