179097684 7.754807999999999e-07 0.4376486965363318 0.5623513034636682 
1572835533 2.2766300000000003e-06 0.35622342295659293 0.6437765770434071 
2799798816 5.5932038e-06 0.38060670020609066 0.6193932997939093 
4031050948 7.7270053e-07 0.21108616302785552 0.7889138369721445 
426576124 4.702955e-07 0.20609664807624953 0.7939033519237505 
2440120768 2.7933089999999998e-08 0.29076764733153404 0.709232352668466 
1347872676 2.791e-08 0.2555213 2.580848 
2710766136 1.90182e-08 0.34632103732214403 0.653678962677856 
300193622 2.791e-08 0.1754638 3.311367 
3384709749 2.791e-08 0.130662 3.720179 
3396227953 1.437577e-08 0.4248147428174136 0.5751852571825864 
2898323513 1.458727e-08 0.2836255341440703 0.7163744658559297 
4096225443 1.488967e-08 0.27786527474777967 0.7221347252522203 
2681498831 1.413618e-08 0.3171286223224434 0.6828713776775566 
481808867 1.413618e-08 0.3171286223224434 0.6828713776775566 
649593533 1.463452e-08 0.20232810444073324 0.7976718955592668 
114837353 1.498228e-08 0.9999999999999996 4.440892098500626e-16 
1703904600 1.645319e-08 0.8908625014358911 0.10913749856410893 
3284371529 1.558052e-08 0.2179741242269192 0.7820258757730808 
3654632673 2.091e-08 0.19638729347202294 0.803612706527977 
128622011 1.523087e-08 0.2716405724330766 0.7283594275669234 
3609244734 1.446336e-08 0.262841034552138 0.7371589654478621 
2039580977 1.419886e-08 0.32973402711922495 0.670265972880775 
2262451740 1.4e-08 0.47505370666580937 0.5249462933341906 
2653682721 1.4e-08 0.430088155069271 0.569911844930729 
1035993485 1.495247e-08 0.06342134004817393 0.9365786599518261 
3582615942 4.787646e-08 0.5277725759748803 0.47222742402511975 
397871699 1.4e-08 0.3001140021047558 0.6998859978952442 
3113011764 1.4e-08 0.3920212537633364 0.6079787462366636 
987951561 1.4e-08 0.43621707395373505 0.563782926046265 
2625819210 1.467188e-08 0.40650041297277023 0.5934995870272297 
1810710620 1.467188e-08 0.40650041297277023 0.5934995870272297 
3992359301 1.4e-08 0.3107256768173602 0.6892743231826398 
4003951159 1.58681e-08 0.3107256768173602 0.6892743231826398 
2076479023 1.4e-08 0.16167518124532504 0.838324818754675 
2429918584 2.225871e-08 0.2681022180355357 0.7318977819644643 
2818974547 1.4e-08 0.1601066888679314 0.8398933111320686 
3918917420 1.4e-08 0.32161054898755637 0.6783894510124436 
3030365988 1.4e-08 0.3202133777358627 0.6797866222641373 
476539146 1.4e-08 0.32521998269459873 0.6747800173054013 
1418880935 1.409337e-08 0.9933748989773199 0.006625101022680102 
3492071944 1.75684e-08 0.09586663372874023 0.9041333662712597 
2049910583 1.863228e-08 0.305374922061685 0.694625077938315 
1554871714 1.4e-08 0.592365185956796 0.407634814043204 
2745937630 1.50528e-08 0.3712816181055155 0.6287183818944845 
2664573428 1.4e-08 0.40641672189862216 0.5935832781013779 
2765174409 1.4e-08 0.3216105489875566 0.6783894510124434 
1723287288 1.4e-08 0.06773612031643711 0.932263879683563 
