179097684 8.286716999999999e-07 0.4779171564098984 0.5220828435901016 
3373526895 1.37164392e-06 0.4266332764913554 0.5733667235086446 
2235064901 2.3785520300000002e-06 0.39552980417230044 0.6044701958276996 
2246051850 4.3417675e-06 0.3394171636870937 0.6605828363129063 
4031050948 6.9775e-07 0.210602632 0.7893973679999999 
2263814062 2.791e-08 0.3381486 1.826881 
333964007 1.465645e-08 0.5756841564635364 0.42431584353646357 
811613008 2.791e-08 0.252018 2.612816 
2710766136 2.791e-08 0.2359872 2.759095 
3176785673 2.791e-08 0.2341792 2.775594 
3037779432 2.791e-08 0.2287227 2.825384 
4028593304 2.791e-08 0.1734838 3.329435 
2533881277 1.472778e-08 0.15932006004154708 0.8406799399584529 
2247026945 1.472778e-08 0.15932006004154708 0.8406799399584529 
3562383954 1.582008e-08 0.22860041534766778 0.7713995846523323 
1867247157 1.46505e-08 0.31966367272727264 0.6803363272727274 
3633199892 1.46505e-08 0.31966367272727264 0.6803363272727274 
1906851972 1.46505e-08 0.234429109090909 0.765570890909091 
3099973400 1.46505e-08 0.234429109090909 0.765570890909091 
1848242772 1.4e-08 0.16760219956276404 0.832397800437236 
2341758500 1.4e-08 0.46883589209648174 0.5311641079035183 
651046398 1.4e-08 0.13003579585482578 0.8699642041451743 
1850435983 2.091e-08 0.3987007499999951 0.601299250000005 
4186562710 1.584208e-08 0.2461558409494638 0.7538441590505363 
