179097684 6.418314e-07 0.44000311534062286 0.5599968846593771 
3534547045 1.261423e-06 0.4356307995062163 0.5643692004937837 
2235064901 2.94945536e-06 0.4041591225921778 0.5958408774078222 
2799798816 5.194059310000001e-06 0.31405372666106535 0.6859462733389347 
2555962951 3.0701e-07 0.1804850181818182 0.8195149818181818 
3497999925 2.791e-08 0.3425245 1.786951 
1347872676 2.791e-08 0.2555213 2.580848 
4226750145 2.791e-08 0.2213722 2.892456 
728028737 2.791e-08 0.1988049 3.098381 
1415695418 2.791e-08 0.1695076 3.365717 
2729381062 2.791e-08 0.1115845 3.894261 
3288380490 1.741e-08 0.10997485829982771 0.8900251417001723 
1249238030 1.562996e-08 0.1593201114167045 0.8406798885832956 
3214077756 1.562996e-08 0.1593201114167045 0.8406798885832956 
451270221 1.562996e-08 0.1593201114167045 0.8406798885832956 
3160344427 1.422698e-08 0.2692017763774648 0.7307982236225352 
3182159117 1.422698e-08 0.2692017763774648 0.7307982236225352 
766581564 1.422698e-08 0.2692017763774648 0.7307982236225352 
629078091 1.403012e-08 0.35960407996975535 0.6403959200302447 
1848242772 1.449e-08 0.18953029893628517 0.8104697010637149 
3468130899 2.849e-08 0.4403781746783702 0.5596218253216299 
3736523900 1.425124e-08 0.36377413188930147 0.6362258681106985 
149784911 2.225682e-08 0.20074063367992373 0.7992593663200762 
1965662198 1.743464e-08 0.1912677308844192 0.8087322691155808 
2604064924 1.423522e-08 0.4044707288200809 0.5955292711799192 
3458662533 1.423522e-08 0.4044707288200809 0.5955292711799192 
2105330617 2.823522e-08 0.39055805690324347 0.6094419430967566 
2222966094 1.4745959999999999e-08 0.255062751489703 0.744937248510297 
3827929005 1.4e-08 0.37641163222295754 0.6235883677770424 
3607398139 1.3999989999999998e-08 1.0 0.0 
1140472632 1.4e-08 0.19616385939905515 0.8038361406009449 
1090143039 1.630471e-08 0.2958929302289489 0.7041070697710511 
1678023283 1.4e-08 0.34873218178096793 0.6512678182190321 
2118254765 1.4e-08 0.37641163222295754 0.6235883677770424 
3580551846 1.4e-08 0.36037774246180465 0.6396222575381953 
