179097684 8.4160455e-07 0.4705543881705967 0.5294456118294033 
3534547045 2.253368e-06 0.3783290884481187 0.6216709115518813 
2235064901 9.296433099999999e-07 0.3919953585123845 0.6080046414876155 
3150846686 3.6868100000000003e-06 0.3581464155278652 0.6418535844721348 
1572835533 1.83434329e-06 0.29355575895724606 0.7064442410427539 
4031050948 3.7736458e-07 0.21839180767452343 0.7816081923254765 
259930472 2.791e-08 0.3677652 1.556632 
3129006749 2.791e-08 0.3262429 1.93552 
3279231079 1.4e-08 0.5163411800714286 0.4836588199285714 
326805806 1.4e-08 0.4989077966428571 0.5010922033571429 
2261252686 2.791e-08 0.2250582 2.858822 
911013108 2.791e-08 0.2195212 2.909347 
4004407106 1.442681e-08 0.3491621854252416 0.6508378145747584 
1803925302 1.442681e-08 0.3491621854252416 0.6508378145747584 
3293059020 1.442681e-08 0.3491621854252416 0.6508378145747584 
439844059 1.446347e-08 0.2851977261102282 0.7148022738897718 
3449694611 1.426931e-08 0.1619959490967783 0.8380040509032217 
2367820772 1.4e-08 0.27664997096694943 0.7233500290330506 
1734007597 2.050458e-08 0.24590137080720623 0.7540986291927938 
481400394 2.390646e-08 0.32571399642607085 0.6742860035739291 
871205577 1.407948e-08 0.4005317753053218 0.5994682246946782 
110318614 1.4e-08 0.14731959841655362 0.8526804015834464 
1063934737 1.4e-08 0.359806893451052 0.640193106548948 
213831427 1.432965e-08 0.31519453863445873 0.6848054613655412 
846691466 1.4e-08 0.40785897270382526 0.5921410272961747 
3320450569 1.770952e-08 0.2958623084569608 0.7041376915430392 
3866772787 1.4e-08 0.36015030927328745 0.6398496907267126 
975973597 1.4e-08 0.27664997096694943 0.7233500290330506 
3962269793 1.4e-08 0.20178995395510593 0.7982100460448941 
