179097684 6.1264934e-07 0.4199844638596392 0.5800155361403607 
3373526895 2.4388616600000003e-06 0.4253256709733694 0.5746743290266306 
545239233 3.54874513e-06 0.37423494914634203 0.625765050853658 
1222799196 1.528384e-06 0.3423700288443168 0.6576299711556832 
2519559028 8.0057092e-07 0.2889883379566232 0.7110116620433768 
476505668 2.3530419e-07 0.1647216970084553 0.8352783029915447 
3891448235 1.4000009999999996e-08 0.5833961332170479 0.41660386678295214 
392861532 2.791e-08 0.1714984 3.347551 
3321237907 1.45086e-08 0.42317837709620465 0.5768216229037954 
4093093422 2.091e-08 0.2091244510999522 0.7908755489000479 
879162223 1.472778e-08 0.2534958636695287 0.7465041363304713 
1428265047 1.4e-08 0.9382114269020109 0.06178857309798913 
4167430602 1.434529e-08 0.31924830420590417 0.6807516957940958 
1906851972 1.434529e-08 0.31924830420590417 0.6807516957940958 
1837088337 1.438199e-08 0.164862679672865 0.8351373203271351 
1649557018 1.455515e-08 0.3424007888515206 0.6575992111484794 
1553963666 1.4e-08 0.7119564059788872 0.2880435940211128 
1449522982 1.4e-08 0.377464316886784 0.622535683113216 
1301910447 1.431889e-08 0.1303673438037031 0.8696326561962969 
4106915849 1.4e-08 0.5128763205545148 0.4871236794454852 
3953247145 1.642238e-08 0.23265877272712537 0.7673412272728746 
335748715 1.642238e-08 0.23265877272712537 0.7673412272728746 
1090143039 1.496846e-08 0.1101076089006761 0.8898923910993239 
4281208133 1.838286e-08 0.236688486367192 0.763311513632808 
1852572783 1.4e-08 0.37994525255179834 0.6200547474482017 
