179097684 6.2866793e-07 0.4510639574493716 0.5489360425506284 
3534547045 5.21435659e-06 0.36792441593657116 0.6320755840634289 
2246051850 3.5768568e-06 0.36308486412251684 0.6369151358774832 
949068759 2.791e-08 0.3650466 1.581439 
1037584679 2.791e-08 0.3553625 1.669806 
739080713 2.791e-08 0.2659022 2.486124 
315200650 2.791e-08 0.2624634 2.517502 
1239791232 2.791e-08 0.2413792 2.709894 
911013108 1.4000000000000001e-08 0.43763119228571423 0.5623688077142858 
199935986 1.400001e-08 0.4339298169787022 0.5660701830212977 
2326007700 2.791e-08 0.2101853 2.994536 
825415804 2.791e-08 0.208302 3.011721 
265770918 7.018217e-08 0.21453990214454566 0.7854600978554543 
3475245566 2.605221e-08 0.19640341802096634 0.8035965819790336 
828787466 9.1975e-08 0.1759237018102745 0.8240762981897255 
3708838243 2.791e-08 0.1285638 3.739326 
1507417240 2.791e-08 0.1072859 3.933485 
4274934102 2.791e-08 0.09644541 4.032403 
188552836 1.421444e-08 0.34877696248243684 0.6512230375175632 
976558236 1.40167e-08 0.3031925330942219 0.6968074669057781 
1950077488 1.429534e-08 0.3201050585793769 0.6798949414206231 
3111692719 1.4374020000000002e-08 0.31835287888232444 0.6816471211176756 
2961226102 2.091e-08 0.32393775180463796 0.676062248195362 
1896745001 1.955513e-08 0.5266321014786836 0.47336789852131644 
1737134642 1.481458e-08 0.17720838518854093 0.8227916148114591 
2719204682 1.433716e-08 0.3266274871034884 0.6733725128965116 
2716949832 1.58786e-08 0.13382032353676585 0.8661796764632341 
552634658 1.587512e-08 0.13384965841586646 0.8661503415841335 
2649056468 1.942043e-08 0.1178143493247088 0.8821856506752912 
3381587904 1.942043e-08 0.1178143493247088 0.8821856506752912 
72955594 1.467269e-08 0.19175423088484295 0.808245769115157 
2780384598 1.467269e-08 0.19175423088484295 0.808245769115157 
1577969976 1.467269e-08 0.19175423088484295 0.808245769115157 
229435916 1.467269e-08 0.19175423088484295 0.808245769115157 
19131048 1.467269e-08 0.19175423088484295 0.808245769115157 
2426951832 1.467269e-08 0.19175423088484295 0.808245769115157 
1922039940 1.4e-08 0.3035541984729843 0.6964458015270156 
3715668764 1.481924e-08 0.4475165386485212 0.5524834613514789 
4138371369 1.4e-08 0.3035541984729844 0.6964458015270156 
3590332688 1.4e-08 0.2596017598211366 0.7403982401788634 
3797386594 1.461587e-08 0.2596017598211366 0.7403982401788634 
3443287411 1.461587e-08 0.2596017598211366 0.7403982401788634 
1165174376 1.461587e-08 0.2596017598211366 0.7403982401788634 
4267941538 1.461587e-08 0.2596017598211366 0.7403982401788634 
3372193553 1.461587e-08 0.2596017598211366 0.7403982401788634 
3681452412 1.461587e-08 0.2596017598211366 0.7403982401788634 
570164134 1.586621e-08 0.2889723237822345 0.7110276762177655 
2418772576 1.461587e-08 0.2596017598211366 0.7403982401788634 
1301910447 1.401861e-08 0.17064195044070884 0.8293580495592912 
2919535035 1.401861e-08 0.17064195044070884 0.8293580495592912 
2217687738 1.418527e-08 0.1612944500919655 0.8387055499080345 
3408999490 1.650292e-08 0.9999999999999992 7.771561172376096e-16 
1403954297 1.407868e-08 0.2651222734763162 0.7348777265236839 
517786421 1.407868e-08 0.2651222734763162 0.7348777265236839 
248584559 1.422864e-08 0.28209503828950167 0.7179049617104983 
3152769946 1.4457280000000002e-08 0.27763374200454954 0.7223662579954504 
1776728451 2.841391e-08 0.3060733031324511 0.6939266968675488 
1897972748 1.3999989999999996e-08 0.9817132663461959 0.018286733653804066 
1367591863 1.4e-08 0.16342895171828967 0.8365710482817104 
2661924784 1.421496e-08 0.11218992539632544 0.8878100746036746 
3353888196 3.075732e-08 0.1214198184500729 0.8785801815499271 
2711363118 1.593713e-08 0.4054719299871466 0.5945280700128535 
1414813075 1.4e-08 0.113912521565125 0.886087478434875 
36058418 1.627623e-08 0.0477472183436389 0.9522527816563611 
1595418714 1.4e-08 0.26661226065325305 0.733387739346747 
