179097684 7.095030800000001e-07 0.45079651521532643 0.5492034847846736 
3534547045 2.179636e-06 0.41720294393626545 0.5827970560637346 
3921011129 1.492949e-06 0.41433253918903157 0.5856674608109684 
3150846686 2.5455504e-06 0.37900843005583035 0.6209915699441697 
1222799196 1.18388166e-06 0.28666156621889033 0.7133384337811097 
290926289 2.791e-08 0.2744052 2.408534 
4226750145 2.791e-08 0.2213722 2.892456 
2757833455 1.3999999999999998e-08 0.1879164152071429 0.8120835847928571 
3099973400 1.445408e-08 0.38656224782299575 0.6134377521770042 
110318614 1.4e-08 0.4087856327518703 0.5912143672481297 
1804212609 1.401222e-08 0.02856754426061388 0.9714324557393861 
