179097684 6.8450435e-07 0.46648711082499694 0.5335128891750031 
3534547045 1.163219e-06 0.44706502002118276 0.5529349799788172 
3921011129 1.12691954e-06 0.4190298875051505 0.5809701124948494 
2340740170 1.89569441e-06 0.3911830312974032 0.6088169687025968 
2246051850 1.13607157e-06 0.3803224739276032 0.6196775260723968 
4259593397 3.45341835e-06 0.3158917241840738 0.6841082758159263 
2555962951 1.710271e-06 0.2200323209232405 0.7799676790767596 
290926289 2.791e-08 0.2744052 2.408534 
164438789 4.08662e-08 0.18393457784183506 0.8160654221581649 
2250757420 2.791e-08 0.117992 3.835792 
1837234470 1.401835e-08 0.3636185442129492 0.6363814557870509 
481808867 1.485585e-08 0.25687609067909833 0.7431239093209017 
3607413901 1.4e-08 0.28585889239285783 0.7141411076071422 
1960974751 1.408392e-08 0.3114229741859674 0.6885770258140326 
3180086772 1.408392e-08 0.3114229741859674 0.6885770258140326 
79461789 1.408392e-08 0.3114229741859674 0.6885770258140326 
72955594 1.408392e-08 0.3114229741859674 0.6885770258140326 
1771264541 1.408392e-08 0.3114229741859674 0.6885770258140326 
1759850032 1.416805e-08 0.21761866449338038 0.7823813355066196 
2472898255 1.416805e-08 0.21761866449338038 0.7823813355066196 
3459912306 1.416805e-08 0.21761866449338038 0.7823813355066196 
381652938 1.475288e-08 0.47300975737532347 0.5269902426246765 
