3534547045 1.70413463e-06 0.43095748623492713 0.5690425137650729 
3373526895 3.43315087e-06 0.39296470200302164 0.6070352979969784 
2799798816 2.9093520000000004e-06 0.3453759777996658 0.6546240222003342 
618276123 2.931e-07 0.10755017888413661 0.8924498211158634 
197654791 1.4e-08 0.7465277089285715 0.25347229107142855 
3988949870 2.791e-08 0.2877306 0.7122694 
315200650 2.791e-08 0.2624634 2.517502 
3736894086 2.295127e-08 0.30860112246511845 0.6913988775348816 
3490627259 2.791e-08 0.2467228 2.661134 
911013108 2.791e-08 0.2195212 0.7804788 
3475245566 3.598829e-08 0.2693872048193419 0.730612795180658 
3869596591 1.4e-08 0.5128759542142861 0.4871240457857139 
879162223 1.438751e-08 0.32152682555497364 0.6784731744450263 
3528332227 2.820263e-08 0.36236556028396133 0.6376344397160387 
3149440925 1.420263e-08 0.3257122390670206 0.6742877609329794 
134948105 1.420263e-08 0.3257122390670206 0.6742877609329794 
174500547 1.75631e-08 0.15494196827439355 0.8450580317256065 
3678948817 1.907266e-08 0.39928436830520764 0.6007156316947924 
3952655669 1.418488e-08 0.3613132700870997 0.6386867299129003 
1736323711 1.4680690000000001e-08 0.3491106602341646 0.6508893397658354 
781549661 1.4e-08 0.18304233494975342 0.8169576650502466 
2597880038 1.405558e-08 0.1823185303841285 0.8176814696158715 
4285226245 1.427777e-08 0.3955311197088436 0.6044688802911564 
2707460946 1.432938e-08 0.394106538806657 0.605893461193343 
2719204682 1.44804e-08 0.38999629534027624 0.6100037046597238 
1055469694 1.44075e-08 0.3919696238101916 0.6080303761898084 
2716949832 1.427777e-08 0.3955311197088436 0.6044688802911564 
1061526795 1.4e-08 0.3921199134020071 0.607880086597993 
695939830 1.4e-08 0.9999999999999999 1.1102230246251565e-16 
73116178 1.412973e-08 0.32400065382196785 0.6759993461780321 
2766526296 1.4e-08 0.6971728610714285 0.3028271389285715 
110439229 1.433431e-08 0.35689191805171644 0.6431080819482835 
1449522982 1.425753e-08 0.3588138611560277 0.6411861388439724 
360107933 1.418121e-08 0.3607449145628546 0.6392550854371454 
470332523 1.4275090000000001e-08 0.3583724789019123 0.6416275210980877 
3217169414 1.418121e-08 0.3607449145628546 0.6392550854371454 
3418547556 1.4588700000000001e-08 0.35066862639220076 0.6493313736077992 
4263904522 1.41531e-08 0.38626593739360177 0.6137340626063983 
762210064 1.41531e-08 0.38626593739360177 0.6137340626063983 
964813250 1.416939e-08 0.3858218623755423 0.6141781376244577 
3971437066 1.41531e-08 0.38626593739360177 0.6137340626063983 
2855048822 1.471371e-08 0.37154874185541137 0.6284512581445887 
2197427154 1.837396e-08 0.2517677418444603 0.7482322581555396 
4185666246 1.4e-08 0.3270029827377053 0.6729970172622948 
1924091726 1.4781e-08 0.17305310271402163 0.8269468972859784 
3822766993 1.4e-08 0.20152372041887043 0.7984762795811295 
3730019172 1.4e-08 0.18304233494975344 0.8169576650502466 
1501621654 1.4e-08 0.36608440841064366 0.6339155915893564 
3673394291 1.58131e-08 0.0860445226742385 0.9139554773257615 
3320450569 1.913994e-08 0.26728398259596947 0.7327160174040306 
4148810631 1.4e-08 0.36541398112200646 0.6345860188779935 
1140472632 1.4e-08 0.19606009674382988 0.8039399032561702 
933412597 2.811668e-08 0.3055758360334379 0.694424163966562 
3962269793 1.40228e-08 0.41133916335981235 0.5886608366401876 
604674024 1.4e-08 0.9999999999999999 1.1102230246251565e-16 
921835634 1.4e-08 0.3270029827377054 0.6729970172622946 
4081327903 1.4e-08 0.3904900313232419 0.6095099686767581 
2118254765 1.414142e-08 0.19434363359576132 0.8056563664042387 
3580551846 1.414142e-08 0.19434363359576132 0.8056563664042387 
3416864524 1.55585e-08 0.16440528938676285 0.8355947106132371 
2130045942 1.4e-08 0.3270032163114311 0.6729967836885689 
14462253 1.4e-08 0.6930881477001748 0.3069118522998252 
1937837823 1.4e-08 0.32700298273770523 0.6729970172622948 
2252599940 1.715942e-08 0.08220942449873556 0.9177905755012644 
2922107309 1.715942e-08 0.08220942449873556 0.9177905755012644 
