179097684 6.297360599999999e-07 0.47664927402651613 0.5233507259734839 
3534547045 1.25938163e-06 0.45447203544120957 0.5455279645587905 
2235064901 1.26653828e-06 0.4251146604031551 0.574885339596845 
545239233 1.98768796e-06 0.3827713142500027 0.6172286857499973 
2246051850 1.99202096e-06 0.36968853490001996 0.63031146509998 
2984600922 2.1818439600000002e-06 0.2897862215153698 0.7102137784846302 
426576124 2.16965096e-06 0.2040941102413607 0.7959058897586393 
1236021306 2.791e-08 0.1472545 3.568774 
2757833455 2.791e-08 0.09426119 4.052334 
3122982648 1.406823e-08 0.34530925491482756 0.6546907450851724 
2177968201 1.403975e-08 0.2494945335657802 0.7505054664342198 
3113062634 2.6372180000000004e-08 0.3460997582214641 0.6539002417785359 
896813269 2.103744e-08 0.07937160356828185 0.9206283964317181 
1867247157 1.4e-08 0.3167555837294732 0.6832444162705268 
785216844 1.792803e-08 0.5606375284122128 0.4393624715877872 
2716949832 1.662294e-08 0.295660643025097 0.704339356974903 
552634658 1.4e-08 0.35105350924054296 0.6489464907594571 
3707800333 1.423396e-08 0.299417956314424 0.700582043685576 
2185291493 1.423396e-08 0.299417956314424 0.700582043685576 
4287239676 1.423396e-08 0.299417956314424 0.700582043685576 
1462644303 1.423396e-08 0.299417956314424 0.700582043685576 
4088625113 1.423396e-08 0.299417956314424 0.700582043685576 
1237914369 1.4273710000000001e-08 0.2985841251826791 0.7014158748173209 
1002680420 1.4e-08 0.2502029198307259 0.7497970801692742 
