3534547045 1.94332774e-06 0.43380773527627836 0.5661922647237216 
2235064901 2.29946574e-06 0.42912618758382565 0.5708738124161743 
2340740170 3.061793e-06 0.3196501812524939 0.6803498187475061 
1465560917 1.8243929000000001e-06 0.33413779213486855 0.6658622078651315 
3953846011 2.791e-08 0.3201611 1.991016 
1651612823 2.791e-08 0.2811109 2.347346 
1239791232 4.1909999999999996e-08 0.3512643650441422 0.6487356349558577 
3037779432 2.791e-08 0.2287227 2.825384 
2261252686 1.3999989999999996e-08 0.4486699177642271 0.551330082235773 
769686034 2.791e-08 0.1968894 3.11586 
3824069879 2.791e-08 0.1911105 3.168592 
916523109 2.791e-08 0.1554218 3.494249 
90391199 2.791e-08 0.1431386 3.606331 
1768543625 2.791e-08 0.1007977 3.992689 
2063946235 1.729087e-08 0.9999999999999984 1.5543122344752192e-15 
3149440925 1.42009e-08 0.2838085793926592 0.7161914206073408 
3592986772 1.698154e-08 0.2593055018272785 0.7406944981727215 
3697249003 3.4413839999999995e-08 0.6474298149684394 0.35257018503156057 
4240624600 1.4e-08 0.2878812325069439 0.712118767493056 
1950077488 1.747032e-08 0.11026792192415481 0.8897320780758452 
3006103420 1.4e-08 0.14394061625347193 0.856059383746528 
2670951229 1.399999e-08 1.0 0.0 
58759274 1.604317e-08 0.1710941648114296 0.8289058351885704 
2135013218 1.604317e-08 0.1710941648114296 0.8289058351885704 
470332523 1.4e-08 0.6215726000909997 0.3784273999090003 
