3534547045 1.490036e-06 0.4585710418033183 0.5414289581966817 
3150846686 4.81085e-06 0.3904392782033472 0.6095607217966528 
4259593397 2.22628495e-06 0.31813339017425285 0.6818666098257471 
4031050948 6.841776e-07 0.22310705648101128 0.7768929435189887 
3774459889 2.791e-08 0.3439726 1.773738 
3197676583 2.791e-08 0.2958843 2.21254 
3891448235 2.791e-08 0.2926389 2.242153 
251961497 2.791e-08 0.2007151 3.080951 
769686034 1.400001e-08 0.3925128020622842 0.6074871979377158 
43001897 2.791e-08 0.1574502 3.47574 
1634407402 1.45776e-08 0.2688624166666668 0.7311375833333331 
3375523036 1.45776e-08 0.2688624166666668 0.7311375833333331 
879162223 2.582847e-08 0.3802007513878856 0.6197992486121144 
2858952728 2.414664e-08 0.26315309766724904 0.736846902332751 
2125331604 2.016878e-08 0.5145087286885976 0.48549127131140235 
4119421155 2.406522e-07 0.23871532218181948 0.7612846778181805 
250719570 2.739709e-08 0.3769332486616755 0.6230667513383246 
649593533 1.415285e-08 0.3648337309296821 0.6351662690703179 
2348040613 2.330937e-08 0.4430353174528656 0.5569646825471344 
2980075456 1.719694e-08 0.11395557764866567 0.8860444223513343 
85224627 1.948141e-08 0.19047210653643656 0.8095278934635635 
1965662198 1.932856e-08 0.19197835746687808 0.8080216425331219 
3715668764 1.4e-08 0.2556916231930231 0.7443083768069769 
3270476896 1.419561e-08 0.2556916231930231 0.7443083768069769 
4201342597 1.419561e-08 0.2556916231930231 0.7443083768069769 
2711965517 1.434846e-08 0.25296781418459613 0.7470321858154039 
1165174376 1.454407e-08 0.2495655317332157 0.7504344682667843 
762210064 1.419561e-08 0.2556916231930231 0.7443083768069769 
3940915008 1.419561e-08 0.2556916231930231 0.7443083768069769 
2744143284 1.42594e-08 0.2545477764222274 0.7454522235777725 
678688578 1.419561e-08 0.2556916231930231 0.7443083768069769 
1301910447 1.419561e-08 0.2556916231930231 0.7443083768069769 
2855048822 1.419561e-08 0.2556916231930231 0.7443083768069769 
238807518 1.419561e-08 0.2556916231930231 0.7443083768069769 
481400394 1.4e-08 0.2592641830796507 0.7407358169203493 
3284371529 1.4e-08 0.5369076603571427 0.46309233964285734 
3378187523 1.405713e-08 0.44960887720772275 0.5503911227922773 
771038762 4.217139e-08 0.44960887720772275 0.5503911227922773 
3607398139 1.405713e-08 0.44960887720772275 0.5503911227922773 
927207199 1.4e-08 0.368816933484868 0.631183066515132 
2231250662 1.4e-08 0.2592641830796507 0.7407358169203493 
2606270759 1.437364e-08 0.09895184836266331 0.9010481516373366 
2972065009 1.4e-08 0.4514436025759284 0.5485563974240716 
4052933330 1.4e-08 0.4496129286016375 0.5503870713983625 
2437059955 1.4e-08 0.29478018526437355 0.7052198147356264 
445707895 1.73027e-08 0.07460449913580187 0.9253955008641981 
3750558344 1.73027e-08 0.07460449913580187 0.9253955008641981 
480183180 1.4e-08 0.25926418307965077 0.7407358169203493 
1678023283 1.4e-08 0.25926418307965077 0.7407358169203493 
2118254765 1.4e-08 0.3357294199409727 0.6642705800590273 
3446120764 1.4e-08 0.368816933484868 0.631183066515132 
1937837823 1.4e-08 0.4514436025759283 0.5485563974240717 
2252599940 1.4e-08 0.25926418307965077 0.7407358169203493 
2922107309 1.4e-08 0.4514436025759283 0.5485563974240717 
917430777 1.4e-08 0.3357294199409727 0.6642705800590273 
3767002695 1.4e-08 0.3688169334848679 0.6311830665151321 
