179097684 5.04123e-07 0.47472402129569213 0.5252759787043079 
3534547045 2.098593e-06 0.439245338219099 0.5607546617809009 
3150846686 2.3304280199999997e-06 0.39089216495931994 0.60910783504068 
2246051850 3.89947484e-06 0.3258092517726 0.6741907482274 
3737780296 1.214316e-06 0.2612127917976966 0.7387872082023035 
953296898 2.791e-08 0.391265 1.342198 
949068759 2.7948920000000002e-08 0.3645382578647046 0.6354617421352954 
2487301543 2.791e-08 0.348284 1.734396 
810769555 2.655113e-08 0.34767526271009935 0.6523247372899006 
2046083849 5.284029e-08 0.33380715560039503 0.666192844399605 
1327969783 2.791e-08 0.3117887 2.067414 
2906924538 2.791e-08 0.2844315 2.317046 
739080713 2.791e-08 0.2659022 0.7340978 
1347872676 2.791e-08 0.2555213 2.580848 
811613008 2.791e-08 0.252018 2.612816 
3490627259 1.4000000000000001e-08 0.4918595248571428 0.5081404751428572 
3012070026 2.791e-08 0.2305469 2.808738 
825415804 2.791e-08 0.208302 3.011721 
3519923770 2.791e-08 0.2045193 3.046238 
265770918 2.791e-08 0.2026199 3.06357 
251961497 2.791e-08 0.2007151 3.080951 
3462747 4.256497e-08 0.19496262054463634 0.8050373794553637 
2545005546 2.791e-08 0.1891735 3.186267 
1415695418 2.791e-08 0.1695076 3.365717 
266059373 2.791e-08 0.1614908 3.438869 
126484229 2.791e-08 0.1390013 3.644085 
1211996162 1.625813e-08 0.20255720528744695 0.7974427947125531 
1471982444 2.122885e-08 0.21146585766539402 0.788534142334606 
3149440925 1.74325e-08 0.3117501 0.6882499 
528880979 1.46257e-08 0.30174238554539823 0.6982576144546018 
2674988631 1.453458e-08 0.28684186324545674 0.7131581367545432 
3434666020 1.577181e-08 0.07986165928133267 0.9201383407186673 
3167902617 1.574739e-08 0.3694187217696154 0.6305812782303846 
2014426858 1.439302e-08 0.22779772881620353 0.7722022711837965 
2716949832 1.439302e-08 0.22779772881620353 0.7722022711837965 
552634658 1.439302e-08 0.22779772881620353 0.7722022711837965 
2622395779 1.439302e-08 0.22779772881620353 0.7722022711837965 
3607413901 1.452771e-08 0.22568575961429527 0.7743142403857047 
2185291493 1.4e-08 0.9999999999999999 1.1102230246251565e-16 
1649557018 1.413469e-08 0.39222212158898695 0.607777878411013 
3459912306 1.415151e-08 0.11584266508684213 0.8841573349131578 
3190311976 1.4e-08 0.22933153373478465 0.7706684662652153 
2747938267 2.986758e-08 0.14386015932842527 0.8561398406715748 
1517815290 1.426785e-08 0.15465517258281136 0.8453448274171886 
2454553876 1.579264e-08 0.45497180740000587 0.5450281925999941 
3339828518 1.4e-08 0.29779471490643933 0.7022052850935607 
1449522982 1.4e-08 0.3959955785573313 0.6040044214426687 
1657444763 1.4e-08 0.3959955785573313 0.6040044214426687 
2135013218 1.512183e-08 0.249882980485374 0.7501170195146261 
3217169414 1.4e-08 0.3959955785573311 0.604004421442669 
3030801476 1.4e-08 0.8897978969984368 0.11020210300156319 
2208266878 1.4e-08 0.7167783637234004 0.2832216362765996 
3715668764 1.737273e-08 0.18872665762987118 0.8112733423701288 
3418547556 1.4e-08 0.3570166203842465 0.6429833796157536 
