179097684 5.7382443e-07 0.45188016813532644 0.5481198318646736 
3534547045 8.8682118e-07 0.44338297943387767 0.5566170205661223 
3921011129 1.1522688300000002e-06 0.42861688739801396 0.571383112601986 
2340740170 1.992716e-06 0.3938332290718401 0.60616677092816 
1572835533 2.23288273e-06 0.3509489072766557 0.6490510927233444 
2555962951 1.04667e-06 0.22373112148417662 0.7762688785158234 
2718413753 2.38759e-08 0.45442196524528916 0.5455780347547108 
2937387076 1.4e-08 0.7622083443571429 0.2377916556428571 
1593891639 2.791e-08 0.3595451 1.63164 
3357643131 2.791e-08 0.3539575 1.682626 
1503861029 2.791e-08 0.2974989 2.197807 
1651612823 2.791e-08 0.2811109 2.347346 
3382444416 2.791e-08 0.2777688 2.377842 
315200650 2.791e-08 0.2624634 2.517502 
3490627259 2.791e-08 0.2467228 2.661134 
4188445920 2.791e-08 0.2377899 2.742646 
199935986 1.4e-08 0.4339301269285714 0.5660698730714286 
126484229 2.791e-08 0.1390013 3.644085 
2768642543 2.791e-08 0.1137257 3.874722 
2729381062 2.791e-08 0.1115845 3.894261 
1452489764 1.528496e-08 0.8151488788325255 0.18485112116747449 
690117576 2.0377539999999998e-08 0.2696617063934116 0.7303382936065884 
821115011 1.437985e-08 0.4074848160446735 0.5925151839553264 
4004407106 1.4e-08 0.6121735541428573 0.38782644585714265 
1382686479 1.46505e-08 0.39155501085599737 0.6084449891440027 
1803925302 1.46505e-08 0.39155501085599737 0.6084449891440027 
4209590891 1.46505e-08 0.39155501085599737 0.6084449891440027 
395113485 1.424198e-08 0.4155426710689008 0.5844573289310993 
4019363830 1.424198e-08 0.4155426710689008 0.5844573289310993 
921818415 1.424198e-08 0.4155426710689008 0.5844573289310993 
2286860921 1.424198e-08 0.4155426710689008 0.5844573289310993 
3653734512 1.518296e-08 0.37782334186125693 0.6221766581387431 
1869365069 2.091e-08 0.217729300310856 0.782270699689144 
1950077488 1.622723e-08 0.07332813412239803 0.926671865877602 
4119421155 1.423543e-08 0.36974328634469533 0.6302567136553047 
1913762779 1.423543e-08 0.36974328634469533 0.6302567136553047 
3929228125 1.423543e-08 0.36974328634469533 0.6302567136553047 
2883513480 1.423543e-08 0.36974328634469533 0.6302567136553047 
301219709 2.074068e-08 0.12466459400077529 0.8753354059992247 
37051273 1.428025e-08 0.20085351049686767 0.7991464895031324 
3633199892 1.4e-08 0.629058107357143 0.37094189264285704 
1199222225 1.402564e-08 0.0810207939602043 0.9189792060397957 
439844059 1.4e-08 0.37596104790927615 0.6240389520907239 
3012889883 1.732534e-08 0.07461984733055746 0.9253801526694425 
4167430602 1.494762e-08 0.0398027411010917 0.9601972588989083 
781549661 1.521614e-08 0.16339858290823658 0.8366014170917634 
907719639 1.521614e-08 0.16339858290823658 0.8366014170917634 
2789348510 1.432177e-08 0.3683677088459388 0.6316322911540613 
3563522875 1.432177e-08 0.3683677088459388 0.6316322911540613 
1292023300 1.835587e-08 0.2874109263967603 0.7125890736032396 
3314075649 1.98083e-08 0.2729731517343741 0.7270268482656259 
2681498831 1.4e-08 1.0 0.0 
463844675 4.324875e-08 0.4590135606711033 0.5409864393288967 
2014426858 1.4e-08 0.37683411439417874 0.6231658856058213 
3607413901 1.4e-08 0.45626107449417524 0.5437389255058247 
1674415855 1.459313e-08 0.34639261045463354 0.6536073895453665 
1960974751 1.4e-08 0.505913406 0.494086594 
309459595 1.4e-08 0.6026771448734679 0.3973228551265321 
3180086772 1.545949e-08 0.5938484343597353 0.40615156564026467 
3833074883 1.545949e-08 0.5938484343597353 0.40615156564026467 
1462644303 1.4e-08 0.5866373199552287 0.4133626800447713 
