179097684 5.7308668e-07 0.4534677234731759 0.5465322765268241 
3534547045 1.0248061300000001e-06 0.4564858281654939 0.5435141718345061 
3921011129 8.12997e-07 0.4411925697913645 0.5588074302086354 
3150846686 1.119063e-06 0.40359679089232364 0.5964032091076763 
2340740170 2.5299084699999997e-06 0.372471718148307 0.627528281851693 
1572835533 2.7031046700000002e-06 0.3157719267382247 0.6842280732617754 
1075699702 1.498037e-06 0.2840539810848753 0.7159460189151248 
3800257563 7.964485900000001e-07 0.20976489643971769 0.7902351035602824 
4046076794 2.791e-08 0.3054914 2.124876 
315200650 2.4321789999999997e-08 0.3011848015298217 0.6988151984701783 
129185354 2.441969e-08 0.2940358112244668 0.7059641887755332 
1347872676 2.791e-08 0.2555213 2.580848 
3833318790 2.791e-08 0.2232179 2.875614 
2681375347 2.791e-08 0.1513489 3.531414 
828787466 2.791e-08 0.1327549 3.701082 
1498734392 2.791e-08 0.09862425 4.012522 
2013640095 1.407925e-08 0.18374644207600455 0.8162535579239955 
2681498831 1.429087e-08 0.2106641386172294 0.7893358613827706 
2719204682 1.429087e-08 0.2106641386172294 0.7893358613827706 
2343849308 1.429087e-08 0.2106641386172294 0.7893358613827706 
2950407739 1.435167e-08 0.20362704027920367 0.7963729597207964 
2747938267 1.410861e-08 0.2714684246856339 0.7285315753143661 
66064165 1.410861e-08 0.2714684246856339 0.7285315753143661 
105819081 2.821722e-08 0.2714684246856339 0.7285315753143661 
533433650 1.410861e-08 0.2714684246856339 0.7285315753143661 
3217169414 1.410861e-08 0.2714684246856339 0.7285315753143661 
3418547556 1.410861e-08 0.2714684246856339 0.7285315753143661 
755060644 1.410861e-08 0.2714684246856339 0.7285315753143661 
1292024166 1.647772e-08 0.13180391880804035 0.8681960811919597 
