3534547045 1.56237102e-06 0.4737084950111995 0.5262915049888005 
3373526895 2.821293e-06 0.4124027065249097 0.5875972934750904 
2340740170 1.27675902e-06 0.3280320223944891 0.671967977605511 
1572835533 9.8461264e-07 0.3697623290801566 0.6302376709198434 
1465560917 1.389556e-06 0.3204833917576583 0.6795166082423417 
3004792470 7.1254299e-07 0.2327696376406672 0.7672303623593328 
426576124 3.6283e-07 0.20241503846153847 0.7975849615384616 
1516068388 2.796249e-08 0.4075727827886572 0.5924272172113427 
1481166135 2.791e-08 0.3836252 1.411911 
2408568032 2.791e-08 0.3581562 1.644313 
3774459889 2.791e-08 0.3439726 1.773738 
3933289935 1.497875e-08 0.6273363051656513 0.3726636948343487 
511603307 2.791e-08 0.3352044 0.6647955999999999 
1593850299 1.4000009999999996e-08 0.6413105379924731 0.35868946200752694 
598947138 2.791e-08 0.3155433 2.033153 
659524895 2.1584080000000002e-08 0.3970718120948402 0.6029281879051598 
2466232951 2.791e-08 0.3039036 2.139364 
333964007 2.791e-08 0.3023105 2.153901 
3197676583 2.791e-08 0.2958843 2.21254 
3891448235 2.791e-08 0.2926389 2.242153 
3823443426 1.4e-08 0.5703282905 0.4296717095 
164438789 2.791e-08 0.2693195 2.454941 
1664502715 2.791e-08 0.2395872 2.726246 
385785803 1.4e-08 0.32595510864285715 0.6740448913571429 
1128709694 1.4e-08 0.28946517592857146 0.7105348240714285 
937177227 1.46505e-08 0.253041109090909 0.746958890909091 
2999719241 1.46505e-08 0.253041109090909 0.746958890909091 
1931993247 1.46505e-08 0.253041109090909 0.746958890909091 
1172086036 1.405249e-08 0.23573479155375163 0.7642652084462483 
4083845756 1.4e-08 0.5639457142857144 0.4360542857142856 
898751805 1.551056e-08 0.06587802775442454 0.9341219722455755 
2125331604 1.472778e-08 0.34877687500703136 0.6512231249929686 
4240624600 1.472778e-08 0.34877687500703136 0.6512231249929686 
3349724438 1.472778e-08 0.34877687500703136 0.6512231249929686 
4253718737 1.472778e-08 0.34877687500703136 0.6512231249929686 
3815024321 1.4e-08 0.7385428572857144 0.26145714271428555 
3604532305 1.545556e-08 0.34877687500703086 0.6512231249929692 
2533881277 1.475853e-08 0.041864815000052666 0.9581351849999473 
472358284 1.863232e-08 0.5969177837172762 0.4030822162827238 
4055959668 2.091e-08 0.2157069932329029 0.7842930067670971 
2848685905 1.420773e-08 0.36979992687640517 0.6302000731235948 
1896745001 1.793336e-08 0.3112120503386009 0.6887879496613991 
3099973400 1.430674e-08 0.7387547788023916 0.2612452211976084 
754560055 1.430674e-08 0.7387547788023916 0.2612452211976084 
3563522875 1.4e-08 0.3958984435179391 0.6041015564820609 
3302973195 1.403102e-08 0.3958984435179391 0.6041015564820609 
2589646060 1.403102e-08 0.3958984435179391 0.6041015564820609 
3433591204 1.403102e-08 0.3958984435179391 0.6041015564820609 
1237914369 1.403102e-08 0.3958984435179391 0.6041015564820609 
2649056468 1.403102e-08 0.3958984435179391 0.6041015564820609 
1771264541 1.4e-08 0.23661862864008426 0.7633813713599158 
3449694611 1.4e-08 0.37528696536283634 0.6247130346371637 
1194638860 1.711796e-08 0.2987056876520333 0.7012943123479667 
114837353 1.711796e-08 0.2987056876520333 0.7012943123479667 
