3534547045 1.592425e-06 0.3977909696021492 0.6022090303978508 
3373526895 2.02103832e-06 0.3982012397840397 0.6017987602159602 
545239233 4.060639000000001e-06 0.36826224502513255 0.6317377549748675 
1790255658 2.791e-08 0.3664086 1.569011 
3833318790 2.791e-08 0.2232179 2.875614 
3268335666 2.791e-08 0.2120632 0.7879368 
2669757562 1.4e-08 0.3693754930714286 0.6306245069285714 
3443220506 2.791e-08 0.1348424 3.682034 
1382686479 1.493117e-08 0.24419735699942405 0.755802643000576 
1803925302 1.461228e-08 0.24952657976093331 0.7504734202390667 
283080478 1.741e-08 0.21128227857553122 0.7887177214244687 
2681498831 1.408825e-08 0.4192254737138827 0.5807745262861173 
2655011401 1.650843e-08 0.2500574092524244 0.7499425907475756 
855708858 1.40578e-08 0.18242726696854372 0.8175727330314563 
551137729 1.402616e-08 0.4340856275112534 0.5659143724887465 
937177227 1.402616e-08 0.4340856275112534 0.5659143724887465 
690117576 1.4e-08 0.3947912016615811 0.6052087983384189 
