179097684 4.7894061e-07 0.46277841724912727 0.5372215827508727 
3921011129 1.0529590300000002e-06 0.4315621932925839 0.5684378067074161 
3150846686 2.63791477e-06 0.40201995291651665 0.5979800470834833 
545239233 2.139872e-06 0.34564291682272985 0.6543570831772701 
1222799196 3.450772e-06 0.329635501197183 0.670364498802817 
426576124 3.4994260999999996e-07 0.2063336660753152 0.7936663339246848 
618276123 3.2426337e-07 0.09785197473990688 0.9021480252600931 
905418128 2.2334360000000002e-08 0.7624835843695248 0.2375164156304752 
790319072 4.235748e-08 0.3092873465406346 0.6907126534593654 
2440120768 2.791e-08 0.2910082 2.257034 
732124878 2.791e-08 0.289372 2.271963 
1878784256 2.791e-08 0.2760897 2.393164 
290926289 5.582e-08 0.27775805000000003 0.7222419499999999 
129185354 2.663349e-08 0.26959528619794104 0.730404713802059 
2261252686 2.791e-08 0.2250582 2.858822 
3833318790 3.22704e-08 0.32523309280337515 0.6747669071966249 
2545005546 1.4000000000000003e-08 0.37713088464285704 0.622869115357143 
266059373 2.791e-08 0.1614908 3.438869 
879162223 1.411483e-08 0.13944894090579907 0.8605510590942009 
4253718737 2.183063e-08 0.25714491796617867 0.7428550820338213 
3653734512 2.091e-08 0.21264663703969394 0.787353362960306 
1405660995 1.404397e-08 0.3766664321262434 0.6233335678737566 
250719570 1.4000010000000003e-08 0.9868015495443601 0.013198450455639943 
2719204682 1.4e-08 0.37784943377057134 0.6221505662294287 
3449694611 1.4e-08 0.33099245156287277 0.6690075484371272 
2341758500 1.457958e-08 0.15626244855333776 0.8437375514466623 
3967778277 1.464215e-08 0.2891787261107847 0.7108212738892152 
2670951229 1.464215e-08 0.2891787261107847 0.7108212738892152 
381652938 1.632472e-08 0.3430217972304796 0.6569782027695203 
1965662198 2.202734e-08 0.29239720883444364 0.7076027911655564 
3279439195 1.4e-08 0.10452538970978745 0.8954746102902126 
3284371529 1.415617e-08 0.19965667664857212 0.8003433233514279 
2655011401 1.4e-08 0.27937308788200016 0.7206269121179998 
3879652638 1.462484e-08 0.14643133199727315 0.8535686680027268 
1629863604 1.637141e-08 0.09404610582210551 0.9059538941778945 
1501621654 1.4e-08 0.3999810566917399 0.6000189433082601 
213831427 1.4e-08 0.23764137137168975 0.7623586286283103 
4148810631 1.401449e-08 0.30435573531409543 0.6956442646859046 
2056593038 1.401449e-08 0.30435573531409543 0.6956442646859046 
3863839146 1.401449e-08 0.30435573531409543 0.6956442646859046 
834694043 1.4e-08 0.297968807831804 0.702031192168196 
1972280475 1.4921619999999998e-08 0.2595785476744086 0.7404214523255914 
3269595313 1.4e-08 0.42276343854531323 0.5772365614546868 
1780437574 1.4e-08 0.13968654394100008 0.8603134560589999 
3654632673 1.4e-08 1.0 0.0 
1367591863 1.4e-08 0.3046707435001454 0.6953292564998546 
3019838765 1.407809e-08 0.16027211383119067 0.8397278861688093 
1411431829 1.4e-08 0.33333317405541263 0.6666668259445874 
36058418 1.4e-08 0.14596193047000758 0.8540380695299924 
2830063464 1.4e-08 0.2718508292567303 0.7281491707432697 
3548864168 1.869811e-08 0.2495796063116454 0.7504203936883546 
2983660352 1.4e-08 0.3046707435001455 0.6953292564998546 
2299185056 1.719831e-08 0.12387790741845302 0.8761220925815469 
3737371746 1.719831e-08 0.12387790741845302 0.8761220925815469 
