3534547045 1.328214e-06 0.46946584202468394 0.530534157975316 
2235064901 2.230688e-06 0.39017580740793295 0.6098241925920671 
1465560917 7.53994612e-06 0.3055413880429779 0.6944586119570221 
4188445920 1.4000000000000003e-08 0.4740511506428571 0.5259488493571429 
3012070026 2.791e-08 0.2305469 2.808738 
251961497 2.791e-08 0.2007151 3.080951 
2545005546 1.399999e-08 0.37713115402225283 0.6228688459777472 
2683944377 1.513536e-08 0.9960218983889383 0.003978101611061713 
66987975 1.590535e-08 0.18035593124912203 0.8196440687508779 
2016090987 1.448307e-08 0.06569296784107234 0.9343070321589276 
3190311976 1.556357e-08 1.0 0.0 
2747938267 1.556357e-08 1.0 0.0 
3177521820 1.556357e-08 1.0 0.0 
1923515514 1.410357e-08 0.4056587323295992 0.5943412676704007 
1449522982 1.411269e-08 0.4053965847419425 0.5946034152580575 
3279439195 1.410357e-08 0.4056587323295992 0.5943412676704007 
4193709834 1.410357e-08 0.4056587323295992 0.5943412676704007 
4201342597 1.410357e-08 0.4056587323295992 0.5943412676704007 
1987038079 1.410357e-08 0.4056587323295992 0.5943412676704007 
4105879141 1.410357e-08 0.4056587323295992 0.5943412676704007 
1703904600 1.410357e-08 0.4056587323295992 0.5943412676704007 
118566979 1.410357e-08 0.4056587323295992 0.5943412676704007 
3593659676 1.410357e-08 0.4056587323295992 0.5943412676704007 
3223248356 2.379907e-08 0.4807949493422865 0.5192050506577135 
1450024594 5.602737e-08 0.21081381984517325 0.7891861801548268 
1501621654 1.400912e-08 0.21081383867088327 0.7891861613291167 
2714424842 5.622539e-08 0.311860918740198 0.688139081259802 
2606270759 1.400912e-08 0.21081383867088327 0.7891861613291167 
3152769946 1.406091e-08 0.20344481125225458 0.7965551887477454 
1897972748 1.4e-08 0.4086597376801261 0.5913402623198739 
156734636 1.410585e-08 0.36690146731677853 0.6330985326832215 
2126166399 1.4e-08 0.21095116882864604 0.7890488311713539 
947239549 1.4e-08 0.21081707411115153 0.7891829258888485 
702973591 1.4e-08 0.21095116882864604 0.7890488311713539 
1297296453 1.972762e-08 0.29001148275979394 0.7099885172402061 
3805166987 1.4e-08 0.210951168828646 0.7890488311713539 
3745170176 1.4e-08 0.21081383867088327 0.7891861613291167 
3201531403 1.419396e-08 0.20153763685910753 0.7984623631408925 
4281747617 1.943387e-08 0.15206524721695064 0.8479347527830494 
3582615942 2.530662e-08 0.11672643593619275 0.8832735640638072 
