3534547045 2.7254784300000003e-06 0.40593920436689035 0.5940607956331097 
3373526895 3.62259625e-06 0.39101167056923847 0.6089883294307615 
2799798816 1.77983408e-06 0.28535262814175555 0.7146473718582445 
426576124 3.2153284999999996e-07 0.1810506711318924 0.8189493288681076 
2261252686 2.791e-08 0.1751016 2.858822 
911013108 2.791e-08 0.1708121 2.909347 
769686034 2.791e-08 0.1543447 3.11586 
4274934102 2.791e-08 0.09842192 4.032403 
2723643411 2.91606e-08 0.2758070587993355 0.7241929412006645 
4253718737 2.091e-08 0.4860361656145385 0.5139638343854616 
2748669076 1.427536e-08 0.2805712079941016 0.7194287920058984 
