3921011129 2.8031900000000003e-06 0.6399799075355985 0.3600200924644015 
3150846686 1.948235e-06 0.5461648203697602 0.4538351796302398 
2246051850 3.66072138e-06 0.4925497343983958 0.5074502656016042 
2555962951 6.671352e-07 0.37664965062554023 0.6233503493744598 
2937387076 2.231499e-08 0.6253643851061551 0.3746356148938449 
1434498202 1.4e-08 1.0 0.0 
102901530 1.4e-08 0.9967857142857143 0.003214285714285725 
598947138 1.4e-08 0.9967857142857143 0.003214285714285725 
2440120768 2.791e-08 0.5 2.257034 
1878784256 2.7886270000000002e-08 0.7551577793452262 0.2448422206547738 
290926289 1.4000010000000001e-08 0.9967850022964269 0.0032149977035731414 
164438789 2.791e-08 0.5 2.454941 
443746396 2.791e-08 0.5 2.677339 
4188445920 2.791e-08 0.5 2.742646 
2856850640 2.791e-08 0.5 2.960313 
3108364485 2.791e-08 0.3 3.028955 
728028737 2.791e-08 0.3 3.098381 
769686034 2.791e-08 0.3 3.11586 
3462747 1.4e-08 0.5980714285714286 0.4019285714285714 
754869367 2.791e-08 0.3 0.7 
43001897 2.791e-08 0.3 3.47574 
1128709694 1.4e-08 0.5980714285714286 0.4019285714285714 
2729381062 2.791e-08 0.3 3.894261 
4260098875 1.512056e-08 0.29220699278162643 0.7077930072183736 
821115011 1.446266e-08 0.5000000651444663 0.49999993485553373 
1149406307 1.74325e-08 0.3195611644916105 0.6804388355083895 
3632514288 1.403622e-08 0.4999999044548134 0.5000000955451867 
3929228125 1.998986e-08 0.35618404886875116 0.6438159511312489 
4285226245 1.530738e-08 1.0 0.0 
3302973195 1.863091e-08 0.7490240680675286 0.25097593193247136 
2185291493 1.421171e-08 0.672558610849559 0.32744138915044096 
3180086772 1.421171e-08 0.672558610849559 0.32744138915044096 
1657444763 1.4e-08 0.522478145783426 0.477521854216574 
4193709834 1.427201e-08 0.32592933067358193 0.674070669326418 
2655011401 1.456135e-08 0.3508833859487096 0.6491166140512904 
2197427154 1.468225e-08 0.9999999999999946 5.440092820663267e-15 
3824375258 1.4e-08 0.6983123886770667 0.3016876113229333 
3378187523 2.091e-08 0.33369201339072213 0.6663079866092778 
3408999490 1.400001e-08 0.9999999999999999 1.1102230246251565e-16 
3438744891 1.5187e-08 0.22686758501718493 0.773132414982815 
213831427 1.824907e-08 0.6916290554504704 0.3083709445495296 
2993076447 1.425608e-08 0.2695936114438392 0.7304063885561608 
1426981231 1.4991283000000002e-07 0.7195592437396997 0.2804407562603003 
3872525629 2.132017e-08 0.3272722497053259 0.672727750294674 
3827929005 1.766266e-08 0.49720117588892915 0.5027988241110708 
2574253871 1.439278e-08 0.49720117588892915 0.5027988241110708 
3700209637 2.254769e-08 0.6347530181859571 0.3652469818140429 
1268185054 1.459985e-08 0.4901493604599131 0.5098506395400869 
1140472632 1.439278e-08 0.49720117588892915 0.5027988241110708 
975973597 1.439278e-08 0.49720117588892915 0.5027988241110708 
3962269793 1.439278e-08 0.49720117588892915 0.5027988241110708 
3421068049 1.464886e-08 0.48850949086213274 0.5114905091378672 
3953247145 1.707393e-08 0.40866384931183114 0.5913361506881689 
335748715 1.458713e-08 0.49135281133381536 0.5086471886661846 
253060996 1.74325e-08 0.39961279219847984 0.6003872078015202 
3578947201 1.74325e-08 0.39961279219847984 0.6003872078015202 
571790981 1.74325e-08 0.39961279219847984 0.6003872078015202 
2308303797 2.091e-08 0.33369201339072213 0.6663079866092778 
2256454524 1.4e-08 0.626637844683488 0.37336215531651196 
4281208133 2.091e-08 0.33369201339072213 0.6663079866092778 
1179141501 2.091e-08 0.33369201339072213 0.6663079866092778 
3325553423 1.4e-08 0.5111505100221901 0.48884948997780986 
1852572783 1.43739e-08 0.6052785957066625 0.39472140429333746 
2233621492 1.43739e-08 0.6052785957066625 0.39472140429333746 
3229926557 1.567125e-08 0.22226210417165196 0.7777378958283481 
2972065009 1.567125e-08 0.22226210417165196 0.7777378958283481 
1823433846 1.406461e-08 0.26003899293929816 0.7399610070607019 
4052933330 2.806461e-08 0.6275642889918649 0.3724357110081351 
