179097684 6.988500999999999e-07 0.6651845135064288 0.3348154864935712 
3373526895 1.366708e-06 0.6803634076382166 0.31963659236178343 
2235064901 1.4114682799999999e-06 0.6199791509690512 0.3800208490309488 
3150846686 4.40617969e-06 0.4697085902337252 0.5302914097662748 
4031050948 1.8804126e-06 0.47345520023888654 0.5265447997611135 
129185354 2.796194e-08 0.49907123754646493 0.500928762453535 
3736894086 2.791e-08 0.5 2.596808 
199935986 2.791e-08 0.5 0.5 
2027098952 1.487161e-08 0.4829869055956373 0.5170130944043627 
309459595 1.7883000000000002e-08 0.48740458793120073 0.5125954120687992 
2704180049 1.450602e-08 0.4817031183287114 0.5182968816712886 
515125813 1.44505e-08 0.32147995352466935 0.6785200464753307 
2454553876 1.47161e-08 0.31567779971651694 0.684322200283483 
3339828518 1.44505e-08 0.32147995352466935 0.6785200464753307 
110318614 1.4e-08 0.33182471917201667 0.6681752808279833 
2056593038 1.4e-08 0.48561807961324155 0.5143819203867585 
3962269793 1.404118e-08 0.088570722832458 0.911429277167542 
253060996 1.545501e-08 0.9966392774899531 0.003360722510046932 
486617589 1.4e-08 0.4991139334670469 0.5008860665329531 
3132125139 1.42656e-08 0.4770593296766459 0.5229406703233541 
2937776487 1.42656e-08 0.4770593296766459 0.5229406703233541 
1972280475 1.4e-08 0.4854685802847012 0.5145314197152988 
3790847783 1.422736e-08 0.475218412193913 0.5247815878060871 
1780437574 1.4e-08 0.21414021030394711 0.7858597896960529 
1568097097 1.403464e-08 1.0 0.0 
987951561 1.421464e-08 0.4741865725691819 0.5258134274308182 
2076479023 1.41627e-08 0.47592559483042046 0.5240744051695796 
4033914667 1.4408337e-06 0.4812419986904867 0.5187580013095132 
158383826 1.423138e-08 0.48173913510082356 0.5182608648991764 
4173667888 1.4e-08 0.3269824177819535 0.6730175822180464 
1170376605 1.4e-08 0.48561807961324155 0.5143819203867585 
937108946 1.508853e-08 0.44809586552631986 0.5519041344736801 
2666331198 1.4e-08 0.4856180796132416 0.5143819203867583 
3029967998 1.4e-08 0.996785002296427 0.0032149977035730304 
2974776181 1.4e-08 0.48885527340321666 0.5111447265967833 
3365535355 1.4e-08 0.48561807961324155 0.5143819203867585 
2796062071 1.4e-08 0.48561807961324155 0.5143819203867585 
