3534547045 1.188637e-06 0.6736902126298572 0.3263097873701428 
2235064901 3.3310810000000003e-06 0.5842347207789834 0.4157652792210166 
1572835533 5.41263502e-06 0.48760214424795456 0.5123978557520454 
2519559028 8.9573568e-07 0.3737684670487791 0.6262315329512209 
2620740164 1.3999999999999998e-08 0.9967857142857144 0.003214285714285614 
2326007700 1.4e-08 0.9967857142857143 0.003214285714285725 
1104410542 1.472778e-08 0.2999999570046641 0.7000000429953359 
3869596591 1.498425e-08 0.29486516620946335 0.7051348337905367 
2848685905 1.425981e-08 0.5047997653628105 0.49520023463718954 
3707800333 1.46505e-08 0.300000048858351 0.699999951141649 
309459595 1.518632e-08 0.28941512596858693 0.7105848740314131 
1323984060 1.4e-08 0.5069542585545909 0.49304574144540914 
1987038079 1.450596e-08 0.5000000597157599 0.4999999402842401 
3797386594 1.450596e-08 0.5000000597157599 0.4999999402842401 
241690685 1.76573e-08 0.41543284843290756 0.5845671515670925 
2810179169 1.444e-08 0.4254300869724662 0.5745699130275338 
213831427 2.091e-08 0.29999983876755376 0.7000001612324462 
3320450569 1.4e-08 0.5032150758749757 0.4967849241250243 
1268185054 1.4e-08 0.5032150758749757 0.4967849241250243 
4108567391 1.1203798000000001e-07 0.6689855115348744 0.3310144884651256 
3132125139 1.426768e-08 0.3659406788075972 0.6340593211924028 
3242796679 1.426768e-08 0.3659406788075972 0.6340593211924028 
444974319 1.426768e-08 0.3659406788075972 0.6340593211924028 
3734593757 1.426768e-08 0.3659406788075972 0.6340593211924028 
111235536 1.426768e-08 0.3659406788075972 0.6340593211924028 
1490861810 1.426768e-08 0.3659406788075972 0.6340593211924028 
845186953 1.426768e-08 0.3659406788075972 0.6340593211924028 
2279859862 1.426768e-08 0.3659406788075972 0.6340593211924028 
1407916447 1.426768e-08 0.3659406788075972 0.6340593211924028 
3539250331 2.853536e-08 0.3659406788075972 0.6340593211924028 
2929070229 1.426768e-08 0.3659406788075972 0.6340593211924028 
368451981 1.426768e-08 0.3659406788075972 0.6340593211924028 
2937776487 1.426768e-08 0.3659406788075972 0.6340593211924028 
4232177374 1.426768e-08 0.3659406788075972 0.6340593211924028 
34775558 1.426768e-08 0.3659406788075972 0.6340593211924028 
747443871 1.426768e-08 0.3659406788075972 0.6340593211924028 
2640871332 1.426768e-08 0.3659406788075972 0.6340593211924028 
1056843563 1.426768e-08 0.3659406788075972 0.6340593211924028 
303951786 1.426768e-08 0.3659406788075972 0.6340593211924028 
834694043 1.426768e-08 0.3659406788075972 0.6340593211924028 
3563967453 1.426768e-08 0.3659406788075972 0.6340593211924028 
1235889872 1.990768e-08 0.1744345698975755 0.8255654301024244 
3775520932 1.990768e-08 0.1744345698975755 0.8255654301024244 
3568714221 1.4e-08 0.3729374645863984 0.6270625354136016 
