3534547045 1.592425e-06 0.6228851001004245 0.3771148998995755 
3373526895 2.02103832e-06 0.5869989077723382 0.4130010922276618 
545239233 4.060639000000001e-06 0.5282666325009383 0.4717333674990617 
1790255658 2.791e-08 0.5 1.569011 
3833318790 2.791e-08 0.5 2.875614 
3268335666 2.791e-08 0.5 0.5 
2669757562 1.4e-08 0.5980714285714286 0.4019285714285714 
3443220506 2.791e-08 0.3 3.682034 
1382686479 1.493117e-08 0.4248281828002639 0.5751718171997361 
1803925302 1.461228e-08 0.4340993888826259 0.5659006111173741 
283080478 1.741e-08 0.3002584721424469 0.6997415278575532 
2681498831 1.408825e-08 0.5439180852060521 0.4560819147939479 
2655011401 1.650843e-08 0.4853808024142817 0.5146191975857183 
855708858 1.40578e-08 0.38247417695746366 0.6175258230425363 
551137729 1.402616e-08 0.6356347806043074 0.36436521939569255 
937177227 1.402616e-08 0.6356347806043074 0.36436521939569255 
690117576 1.4e-08 0.5106152710484321 0.4893847289515679 
