3534547045 1.328214e-06 0.6906003866034027 0.3093996133965973 
2235064901 2.230688e-06 0.61393277720962 0.38606722279037997 
1465560917 7.53994612e-06 0.469634566785884 0.530365433214116 
4188445920 1.4000000000000003e-08 0.996785714285714 0.003214285714285947 
3012070026 2.791e-08 0.5 2.808738 
251961497 2.791e-08 0.3 3.080951 
2545005546 1.399999e-08 0.5980718557656113 0.4019281442343887 
2683944377 1.513536e-08 0.9960218983889383 0.003978101611061713 
66987975 1.590535e-08 0.43821748009500805 0.561782519904992 
2016090987 1.448307e-08 0.12044235096564468 0.8795576490343553 
3190311976 1.556357e-08 1.0 0.0 
2747938267 1.556357e-08 1.0 0.0 
3177521820 1.556357e-08 1.0 0.0 
1923515514 1.410357e-08 0.5251784288090072 0.4748215711909928 
1449522982 1.411269e-08 0.5248390443776382 0.4751609556223618 
3279439195 1.410357e-08 0.5251784288090072 0.4748215711909928 
4193709834 1.410357e-08 0.5251784288090072 0.4748215711909928 
4201342597 1.410357e-08 0.5251784288090072 0.4748215711909928 
1987038079 1.410357e-08 0.5251784288090072 0.4748215711909928 
4105879141 1.410357e-08 0.5251784288090072 0.4748215711909928 
1703904600 1.410357e-08 0.5251784288090072 0.4748215711909928 
118566979 1.410357e-08 0.5251784288090072 0.4748215711909928 
3593659676 1.410357e-08 0.5251784288090072 0.4748215711909928 
3223248356 2.379907e-08 0.6224521154144133 0.37754788458558675 
1450024594 5.602737e-08 0.4155732953921166 0.5844267046078834 
1501621654 1.400912e-08 0.4155733325028827 0.5844266674971172 
2714424842 5.622539e-08 0.5459127534469567 0.45408724655304333 
2606270759 1.400912e-08 0.4155733325028827 0.5844266674971172 
3152769946 1.406091e-08 0.26338598878229574 0.7366140112177042 
1897972748 1.4e-08 0.5290636237998465 0.4709363762001535 
156734636 1.410585e-08 0.5033786545344004 0.49662134546559955 
2126166399 1.4e-08 0.41584404884519877 0.5841559511548012 
947239549 1.4e-08 0.4155797104650805 0.5844202895349195 
702973591 1.4e-08 0.41584404884519877 0.5841559511548012 
1297296453 1.972762e-08 0.3754578977696171 0.624542102230383 
3805166987 1.4e-08 0.4158440488451989 0.5841559511548011 
3745170176 1.4e-08 0.41557333250288264 0.5844266674971174 
3201531403 1.419396e-08 0.4416880524246683 0.5583119475753318 
4281747617 1.943387e-08 0.29976334543426064 0.7002366545657394 
3582615942 2.530662e-08 0.23010061521111755 0.7698993847888824 
