3534547045 2.12410454e-06 0.6192238729411608 0.38077612705883923 
3921011129 9.9520913e-07 0.5940782873028957 0.4059217126971043 
3150846686 2.86498743e-06 0.5490172724865634 0.4509827275134366 
1465560917 1.30315636e-06 0.5088782007151558 0.49112179928484423 
3953846011 2.791e-08 0.5 1.991016 
1035492323 2.791e-08 0.5 2.362569 
1239791232 2.791e-08 0.5 2.709894 
2326007700 2.791e-08 0.5 2.994536 
3108364485 2.791e-08 0.3 3.028955 
2669757562 2.791e-08 0.3 3.221765 
916523109 2.791e-08 0.3 3.494249 
1634407402 1.5644229999999998e-08 0.4682397890084077 0.5317602109915923 
3952655669 1.567125e-08 0.3151764111563109 0.6848235888436891 
176241382 1.413063e-08 0.25198084455083725 0.7480191554491628 
564959126 1.418558e-08 0.40766975015562995 0.5923302498443701 
4177016268 1.4e-08 0.5232321258143059 0.4767678741856941 
3330100144 1.852782e-08 0.4844455566807075 0.5155544433192925 
310481256 1.852782e-08 0.4844455566807075 0.5155544433192925 
1842102965 1.427543e-08 1.0 0.0 
