179097684 6.1264934e-07 0.6390441945346671 0.3609558054653329 
3373526895 2.4388616600000003e-06 0.6305348859031603 0.3694651140968397 
545239233 3.54874513e-06 0.5443677543317071 0.45563224566829286 
1222799196 1.528384e-06 0.48408028910078993 0.5159197108992101 
2519559028 8.0057092e-07 0.5154369080584524 0.48456309194154756 
476505668 2.3530419e-07 0.35583726749617156 0.6441627325038284 
3891448235 1.4000009999999996e-08 0.9967850022964272 0.0032149977035728083 
392861532 2.791e-08 0.3 3.347551 
3321237907 1.45086e-08 0.4982000168563413 0.5017999831436587 
4093093422 2.091e-08 0.33369201339072213 0.6663079866092778 
879162223 1.472778e-08 0.4999999283411064 0.5000000716588936 
1428265047 1.4e-08 0.9999999999999996 4.440892098500626e-16 
4167430602 1.434529e-08 0.5000000350631837 0.4999999649368163 
1906851972 1.434529e-08 0.5000000350631837 0.4999999649368163 
1837088337 1.438199e-08 0.25820449014469177 0.7417955098553082 
1649557018 1.455515e-08 0.518841925260889 0.481158074739111 
1553963666 1.4e-08 1.0 0.0 
1449522982 1.4e-08 0.501865432066038 0.49813456793396205 
1301910447 1.431889e-08 0.25713895925674346 0.7428610407432565 
4106915849 1.4e-08 0.9967864262760192 0.0032135737239807893 
3953247145 1.642238e-08 0.28325179145848206 0.716748208541518 
335748715 1.642238e-08 0.28325179145848206 0.716748208541518 
1090143039 1.496846e-08 0.3578792730571922 0.6421207269428078 
4281208133 1.838286e-08 0.37956553006441873 0.6204344699355813 
1852572783 1.4e-08 0.5080763406854191 0.49192365931458093 
