179097684 7.754807999999999e-07 0.6429280051939118 0.3570719948060882 
1572835533 2.2766300000000003e-06 0.5059023315901532 0.4940976684098468 
2799798816 5.5932038e-06 0.570942767910779 0.429057232089221 
4031050948 7.7270053e-07 0.46588841224316796 0.5341115877568321 
426576124 4.702955e-07 0.34569946662637585 0.6543005333736241 
2440120768 2.7933089999999998e-08 0.49958669091031466 0.5004133090896854 
1347872676 2.791e-08 0.5 2.580848 
2710766136 1.90182e-08 0.7337708090145229 0.26622919098547715 
300193622 2.791e-08 0.3 3.311367 
3384709749 2.791e-08 0.3 3.720179 
3396227953 1.437577e-08 0.5153846579983452 0.4846153420016548 
2898323513 1.458727e-08 0.5000000895736454 0.4999999104263546 
4096225443 1.488967e-08 0.4898453966162413 0.5101546033837587 
2681498831 1.413618e-08 0.4709270676723563 0.5290729323276437 
481808867 1.413618e-08 0.4709270676723563 0.5290729323276437 
649593533 1.463452e-08 0.23839182972861428 0.7616081702713857 
114837353 1.498228e-08 1.0 0.0 
1703904600 1.645319e-08 0.8908625014358904 0.10913749856410959 
3284371529 1.558052e-08 0.29855657363596766 0.7014434263640323 
3654632673 2.091e-08 0.33369201339072213 0.6663079866092778 
128622011 1.523087e-08 0.478871942747522 0.521128057252478 
3609244734 1.446336e-08 0.36143053896190175 0.6385694610380983 
2039580977 1.419886e-08 0.48285353862835545 0.5171464613716446 
2262451740 1.4e-08 0.7028398426042898 0.2971601573957102 
2653682721 1.4e-08 0.6388448159658016 0.36115518403419844 
1035993485 1.495247e-08 0.2456862615962279 0.7543137384037721 
3582615942 4.787646e-08 0.6518735894535741 0.3481264105464259 
397871699 1.4e-08 0.4856918685646591 0.5143081314353408 
3113011764 1.4e-08 0.5258915823495878 0.47410841765041223 
987951561 1.4e-08 0.5292179503509195 0.47078204964908055 
2625819210 1.467188e-08 0.5614927202780936 0.4385072797219064 
1810710620 1.467188e-08 0.5614927202780936 0.4385072797219064 
3992359301 1.4e-08 0.6102397842230609 0.3897602157769391 
4003951159 1.58681e-08 0.6102397842230609 0.3897602157769391 
2076479023 1.4e-08 0.24017110089375066 0.7598288991062494 
2429918584 2.225871e-08 0.39775681208483143 0.6022431879151686 
2818974547 1.4e-08 0.23775392126745043 0.7622460787325496 
3918917420 1.4e-08 0.5070546882758716 0.49294531172412837 
3030365988 1.4e-08 0.47550784253490075 0.5244921574650993 
476539146 1.4e-08 0.4830314628411969 0.5169685371588031 
1418880935 1.409337e-08 0.9933748989773198 0.006625101022680213 
3492071944 1.75684e-08 0.19858097493226468 0.8014190250677353 
2049910583 1.863228e-08 0.40491244620540884 0.5950875537945912 
1554871714 1.4e-08 0.7542082791859313 0.24579172081406875 
2745937630 1.50528e-08 0.5502148283153984 0.44978517168460164 
2664573428 1.4e-08 0.538889008736327 0.46111099126367305 
2765174409 1.4e-08 0.5070546882758719 0.49294531172412814 
1723287288 1.4e-08 0.26240117542355346 0.7375988245764465 
