179097684 8.2318908e-07 0.6830131809373131 0.3169868190626869 
3534547045 2.32908284e-06 0.6276874737216486 0.37231252627835143 
545239233 2.1353453100000004e-06 0.5191757688502807 0.4808242311497193 
1222799196 3.21975445e-06 0.4914373843140247 0.5085626156859753 
3737780296 1.349516e-06 0.44769958480833305 0.552300415191667 
1403705120 3.3492e-07 0.31666666666666665 0.6833333333333333 
3498415124 1.400001e-08 0.996785002296427 0.0032149977035730304 
3953846011 2.791e-08 0.5 1.991016 
1651612823 2.791e-08 0.5 2.347346 
3279231079 1.4e-08 1.0 0.0 
2956861855 1.4e-08 0.5980714285714286 0.4019285714285714 
253808213 2.791e-08 0.3 3.275379 
754869367 2.791e-08 0.3 3.383931 
217284033 1.646287e-08 0.847665079053652 0.15233492094634804 
2250775120 1.523127e-08 0.5883098446467521 0.41169015535324793 
3016084464 1.453458e-08 0.5000001102444913 0.4999998897555087 
4075596975 1.453458e-08 0.5000001102444913 0.4999998897555087 
220564665 1.741e-08 0.6854292688103576 0.3145707311896424 
2027098952 1.4e-08 1.0 0.0 
1543523724 2.091e-08 0.33369201339072213 0.6663079866092778 
72955594 1.402474e-08 0.1280680395844547 0.8719319604155453 
1314810707 1.4e-08 0.5131774164233387 0.4868225835766613 
4138371369 1.402397e-08 0.48162160722112113 0.5183783927788789 
241690685 1.40672e-08 0.9920232905020172 0.007976709497982792 
1871304206 1.427021e-08 0.263006593139543 0.736993406860457 
3408999490 1.494491e-08 0.9367731220863824 0.06322687791361759 
3085765731 1.444316e-08 0.5905079240452342 0.4094920759547658 
571790981 1.422158e-08 0.5997083606922132 0.4002916393077868 
1852572783 1.4e-08 0.5121997262745763 0.48780027372542367 
