179097684 6.7087647e-07 0.6731557709438116 0.3268442290561884 
3373526895 1.81970415e-06 0.6613907029221143 0.3386092970778857 
3150846686 2.3101002e-06 0.5395631351902966 0.46043686480970336 
2340740170 1.56804596e-06 0.49777734273121527 0.5022226572687847 
1075699702 4.6958862e-06 0.47317977783658344 0.5268202221634166 
3736601249 2.791e-08 0.5 2.470508 
251961497 1.3999999999999998e-08 0.5980714285714287 0.4019285714285713 
921425487 2.147549e-08 0.3898863308823221 0.6101136691176778 
3015378843 2.791e-08 0.3 3.625184 
865537991 2.791e-08 0.3 3.855233 
438292632 1.545765e-08 0.45139461690489824 0.5486053830951018 
2177968201 1.495727e-08 0.293500834160849 0.7064991658391511 
3783228500 1.400916e-08 0.49999963050905205 0.500000369490948 
220564665 1.415349e-08 0.4770488069946898 0.5229511930053101 
766581564 1.429791e-08 0.5000001173824102 0.49999988261758976 
2606325002 1.453188e-08 0.48561587352847374 0.5143841264715263 
1314810707 1.429181e-08 0.4034803899757484 0.5965196100242516 
1499007652 1.4e-08 0.5003267731244421 0.49967322687555793 
3467386575 1.660873e-08 0.1735974114895992 0.8264025885104008 
1703904600 1.414436e-08 0.4168223980446853 0.5831776019553148 
1840937626 1.41352e-08 0.41709251047083346 0.5829074895291666 
213831427 1.4e-08 0.4073337523785215 0.5926662476214786 
846691466 2.82704e-08 0.41451467990861784 0.5854853200913821 
3962269793 2.085417e-08 0.3383933093578386 0.6616066906421614 
977281884 3.4032429999999995e-08 0.3744653794575002 0.6255346205424999 
3578947201 1.461195e-08 0.2097691791500905 0.7902308208499095 
571790981 1.461195e-08 0.2097691791500905 0.7902308208499095 
2606270759 1.469815e-08 1.0 0.0 
2800683865 1.40226e-08 0.21022085968391468 0.7897791403160853 
480183180 1.40226e-08 0.21022085968391468 0.7897791403160853 
