179097684 7.4108982e-07 0.6574442140278198 0.34255578597218017 
3373526895 1.640316e-06 0.6432354135145296 0.3567645864854704 
2235064901 1.34607433e-06 0.6184336371691671 0.3815663628308329 
3150846686 2.52962379e-06 0.5273240651627482 0.4726759348372518 
4259593397 2.0141169499999998e-06 0.46868097729248254 0.5313190227075175 
2555962951 6.741116e-07 0.3073414483067926 0.6926585516932073 
2408568032 1.4e-08 1.0 0.0 
741863299 4.1909999999999996e-08 0.6659508470532093 0.3340491529467907 
598947138 2.796859e-08 0.501047424986386 0.498952575013614 
1035492323 1.4e-08 0.9967857142857143 0.003214285714285725 
1347872676 2.791e-08 0.5 2.580848 
57770090 1.521291e-08 0.5 0.5 
3485819286 1.8083e-08 0.3852375158989106 0.6147624841010895 
378125977 1.428025e-08 0.6311544742190477 0.3688455257809523 
4035587434 2.205229e-08 0.6348547021647186 0.3651452978352814 
3952655669 1.444481e-08 0.49097743063267696 0.509022569367323 
3063534263 1.554962e-08 0.284144137720031 0.715855862279969 
907719639 1.472778e-08 0.29999995700466386 0.7000000429953361 
1906851972 1.472778e-08 0.29999995700466386 0.7000000429953361 
2597880038 1.472778e-08 0.29999995700466386 0.7000000429953361 
1837088337 1.472778e-08 0.29999995700466386 0.7000000429953361 
1848242772 1.920672e-08 0.3692497052998741 0.6307502947001259 
3449694611 1.417658e-08 0.49296652917008227 0.5070334708299178 
3089865955 2.4432100000000002e-08 0.8581226466126944 0.14187735338730556 
1759850032 1.417658e-08 0.49296652917008227 0.5070334708299178 
1495382923 1.417658e-08 0.49296652917008227 0.5070334708299178 
3363025910 1.4353160000000001e-08 0.486901799889502 0.513098200110498 
1449522982 1.579505e-08 0.2201601485822975 0.7798398514177025 
3279439195 1.561847e-08 0.2226492450838538 0.7773507549161462 
470332523 1.4e-08 0.49918424557871466 0.5008157544212853 
584993009 1.4e-08 0.4991842455787147 0.5008157544212852 
3270476896 1.4e-08 0.4993215235547547 0.5006784764452453 
3681452412 1.418247e-08 0.4927617994680759 0.507238200531924 
570164134 1.577082e-08 0.29495401422796486 0.7050459857720351 
2105330617 1.577082e-08 0.29495401422796486 0.7050459857720351 
964813250 1.604882e-08 0.13765290428748492 0.8623470957125151 
2039170765 1.604882e-08 0.13765290428748492 0.8623470957125151 
932943525 1.4e-08 1.0 0.0 
2292589682 1.404329e-08 0.24882272737022468 0.7511772726297753 
3971437066 1.404329e-08 0.24882272737022468 0.7511772726297753 
3940915008 1.4e-08 0.5107618356983702 0.4892381643016298 
3593659676 1.4e-08 0.49932152355475506 0.500678476445245 
1301910447 1.443033e-08 0.5070218535630278 0.49297814643697224 
1734007597 1.443033e-08 0.5070218535630278 0.49297814643697224 
2087527840 2.365495e-08 0.9999999999999956 4.440892098500626e-15 
2065940037 1.4e-08 0.9967864262760188 0.0032135737239812334 
