179097684 5.2213341e-07 0.6920513316738511 0.30794866832614887 
3373526895 2.083557e-06 0.6788197058553594 0.32118029414464055 
545239233 2.525004e-06 0.52355240741666 0.47644759258334 
2246051850 1.247864e-06 0.5013982643554727 0.49860173564452726 
1222799196 2.101408e-06 0.4955294904083013 0.5044705095916987 
1075699702 2.7569181e-07 0.5319146280680945 0.46808537193190547 
3800257563 7.256600000000001e-07 0.323076923076923 0.676923076923077 
2932274237 2.791e-08 0.5 1.229931 
873214132 2.791e-08 0.5 1.72138 
790319072 2.791e-08 0.5 1.908066 
1227575429 1.3999990000000001e-08 0.9967864262760187 0.0032135737239813444 
1878784256 2.791e-08 0.5 2.393164 
2911053862 2.791e-08 0.5 2.533265 
1239791232 2.791e-08 0.5 2.709894 
3037779432 2.791e-08 0.5 2.825384 
888311950 8.373e-08 0.43333333333333335 0.5666666666666667 
2856850640 2.791e-08 0.5 2.960313 
3824069879 2.6035939999999996e-08 0.3215939197893374 0.6784060802106626 
126484229 2.791e-08 0.3 3.644085 
3196256300 4.911934e-08 0.6393687015708376 0.3606312984291624 
217284033 1.6404820000000002e-08 0.4684400849700747 0.5315599150299253 
3288380490 2.069974e-08 0.6741627314339556 0.32583726856604445 
451270221 1.4e-08 0.5704328455118107 0.4295671544881893 
1246511018 1.686505e-08 0.20686271312566523 0.7931372868743347 
3783228500 2.603293e-08 0.5450409598588998 0.4549590401411002 
1072840122 2.091e-08 0.5 0.5 
301219709 1.4e-08 0.530047170545299 0.46995282945470096 
3059144981 1.934906e-08 0.530047170545299 0.46995282945470096 
785216844 1.404951e-08 0.2524823491199969 0.7475176508800031 
3802520055 1.420934e-08 0.49230778050328194 0.5076922194967181 
4096225443 1.420934e-08 0.49230778050328194 0.5076922194967181 
1371202285 1.420934e-08 0.49230778050328194 0.5076922194967181 
2369258877 1.420934e-08 0.49230778050328194 0.5076922194967181 
1541925803 1.420934e-08 0.49230778050328194 0.5076922194967181 
1292023300 1.420934e-08 0.49230778050328194 0.5076922194967181 
1848242772 1.420934e-08 0.49230778050328194 0.5076922194967181 
2681498831 1.4e-08 0.5067504698264125 0.4932495301735875 
3458484829 2.109901e-08 0.3964213910868725 0.6035786089131274 
1055469694 1.4e-08 0.25337523491320624 0.7466247650867938 
627452446 1.60834e-08 0.43494339740456023 0.5650566025954398 
2014426858 1.661037e-08 0.21057233035195794 0.789427669648042 
2716949832 1.58931e-08 0.22319454913043302 0.776805450869567 
66987975 1.4e-08 0.5067504698264125 0.4932495301735875 
3707800333 3.022916e-08 0.5770504373922398 0.4229495626077602 
3528190190 1.622916e-08 0.21496799587902266 0.7850320041209773 
2185291493 1.4e-08 0.9967857142857142 0.003214285714285836 
