3534547045 2.7254784300000003e-06 0.6059288670004883 0.3940711329995117 
3373526895 3.62259625e-06 0.5560527198277243 0.4439472801722757 
2799798816 1.77983408e-06 0.5453647072806013 0.45463529271939873 
426576124 3.2153284999999996e-07 0.3306689132741175 0.6693310867258825 
2261252686 2.791e-08 0.5 2.858822 
911013108 2.791e-08 0.5 2.909347 
769686034 2.791e-08 0.3 3.11586 
4274934102 2.791e-08 0.3 4.032403 
2723643411 2.91606e-08 0.4931724553595079 0.5068275446404922 
4253718737 2.091e-08 0.46716881874701094 0.5328311812529891 
2748669076 1.427536e-08 0.5906102065798291 0.4093897934201709 
