179097684 3.1576962999999996e-07 0.9729675396585783 0.027032460341421705 
3373526895 2.76836909e-06 0.6660692224169025 0.3339307775830975 
3921011129 1.26404677e-06 0.5996259985626027 0.4003740014373973 
4259593397 4.00774877e-06 0.48780071404202785 0.5121992859579722 
659524895 2.791e-08 0.5 2.110437 
3108364485 2.791e-08 0.3 3.028955 
1866926464 2.791e-08 0.3 3.203992 
1134132465 2.791e-08 0.3 3.972905 
2118016430 2.091e-08 0.33369201339072213 0.6663079866092778 
1239307652 1.404977e-08 0.47899910222256165 0.5210008977774383 
