179097684 5.04123e-07 0.6892096788229727 0.3107903211770273 
3534547045 2.098593e-06 0.6758077404943473 0.32419225950565267 
3150846686 2.3304280199999997e-06 0.5433908519295254 0.4566091480704746 
2246051850 3.89947484e-06 0.4830068268876623 0.5169931731123377 
3737780296 1.214316e-06 0.495759229774165 0.504240770225835 
953296898 2.791e-08 0.5 1.342198 
949068759 2.7948920000000002e-08 0.49930372980422855 0.5006962701957715 
2487301543 2.791e-08 0.5 1.734396 
810769555 2.655113e-08 0.5255896830003093 0.4744103169996907 
2046083849 5.284029e-08 0.5281954357177071 0.4718045642822929 
1327969783 2.791e-08 0.5 2.067414 
2906924538 2.791e-08 0.5 2.317046 
739080713 2.791e-08 0.5 0.5 
1347872676 2.791e-08 0.5 2.580848 
811613008 2.791e-08 0.5 2.612816 
3490627259 1.4000000000000001e-08 0.9967857142857142 0.003214285714285836 
3012070026 2.791e-08 0.5 2.808738 
825415804 2.791e-08 0.3 3.011721 
3519923770 2.791e-08 0.3 3.046238 
265770918 2.791e-08 0.3 3.06357 
251961497 2.791e-08 0.3 3.080951 
3462747 4.256497e-08 0.3000000100930548 0.6999999899069451 
2545005546 2.791e-08 0.3 3.186267 
1415695418 2.791e-08 0.3 3.365717 
266059373 2.791e-08 0.3 3.438869 
126484229 2.791e-08 0.3 3.644085 
1211996162 1.625813e-08 0.42916989838314734 0.5708301016168527 
1471982444 2.122885e-08 0.3286800745212294 0.6713199254787706 
3149440925 1.74325e-08 0.5 0.5 
528880979 1.46257e-08 0.5000007753254557 0.4999992246745443 
2674988631 1.453458e-08 0.5000001102444915 0.49999988975550846 
3434666020 1.577181e-08 0.2961300702807998 0.7038699297192001 
3167902617 1.574739e-08 0.8106044840361241 0.18939551596387594 
2014426858 1.439302e-08 0.46523150013151493 0.5347684998684851 
2716949832 1.439302e-08 0.46523150013151493 0.5347684998684851 
552634658 1.439302e-08 0.46523150013151493 0.5347684998684851 
2622395779 1.439302e-08 0.46523150013151493 0.5347684998684851 
3607413901 1.452771e-08 0.4609182235894643 0.5390817764105357 
2185291493 1.4e-08 1.0 0.0 
1649557018 1.413469e-08 0.5178990439506679 0.4821009560493321 
3459912306 1.415151e-08 0.23658557588635057 0.7634144241136495 
3190311976 1.4e-08 0.5602089764170542 0.43979102358294575 
2747938267 2.986758e-08 0.298807253182057 0.7011927468179431 
1517815290 1.426785e-08 0.25627061329063305 0.743729386709367 
2454553876 1.579264e-08 0.6733468208210008 0.32665317917899916 
3339828518 1.4e-08 0.5190922573112418 0.48090774268875824 
1449522982 1.4e-08 0.5228816026813619 0.47711839731863814 
1657444763 1.4e-08 0.5228816026813619 0.47711839731863814 
2135013218 1.512183e-08 0.46235340977192485 0.5376465902280751 
3217169414 1.4e-08 0.5228816026813616 0.47711839731863837 
3030801476 1.4e-08 0.9999993563488067 6.436511933438638e-07 
2208266878 1.4e-08 0.9967850538408121 0.003214946159187937 
3715668764 1.737273e-08 0.3854366173896039 0.6145633826103961 
3418547556 1.4e-08 0.5046356419624407 0.4953643580375593 
