179097684 4.937466e-07 0.719135037613647 0.28086496238635295 
3534547045 8.061142600000001e-07 0.6753898612128802 0.32461013878711975 
3373526895 1.38371945e-06 0.6583555350333861 0.34164446496661394 
3150846686 1.041102e-06 0.5625904962068327 0.43740950379316734 
1572835533 4.24011099e-06 0.5041057060493448 0.4958942939506552 
2799798816 1.48685674e-06 0.47779903110551514 0.5222009688944849 
2250879299 3.962001e-08 0.5284960027117356 0.4715039972882644 
769686034 5.333092000000001e-08 0.680337035250845 0.319662964749155 
921425487 1.4e-08 0.5980714285714286 0.4019285714285714 
385785803 2.369999e-08 0.35329128830856044 0.6467087116914396 
2190522392 2.791e-08 0.3 3.512807 
1134132465 2.791e-08 0.3 3.972905 
1035956119 1.506164e-08 0.6999999581989752 0.3000000418010248 
937177227 1.436787e-08 0.4999998561660839 0.5000001438339161 
313359544 1.466659e-08 0.49729598404502684 0.5027040159549732 
472358284 1.436673e-08 0.5131968676755476 0.4868031323244524 
1199222225 1.407932e-08 0.12950974028992437 0.8704902597100757 
3802520055 2.009337e-08 0.3629872095439914 0.6370127904560086 
2013640095 2.270043e-08 0.46444703340016114 0.5355529665998389 
2027098952 2.1374660000000002e-08 0.32643794100116674 0.6735620589988333 
2707460946 1.757224e-08 0.48521008436958923 0.5147899156304108 
2606325002 1.43938e-08 0.48521008436958923 0.5147899156304108 
2024675612 1.43938e-08 0.48521008436958923 0.5147899156304108 
3314075649 1.43938e-08 0.48521008436958923 0.5147899156304108 
3458484829 1.43938e-08 0.48521008436958923 0.5147899156304108 
2719204682 1.43938e-08 0.48521008436958923 0.5147899156304108 
463844675 1.43938e-08 0.48521008436958923 0.5147899156304108 
3167902617 1.43938e-08 0.48521008436958923 0.5147899156304108 
3468130899 1.43938e-08 0.48521008436958923 0.5147899156304108 
2475979558 1.459172e-08 0.41306968031494895 0.586930319685051 
2564127097 1.4e-08 0.2999992690809641 0.7000007309190359 
3554620561 1.472778e-08 0.2999992690809641 0.7000007309190359 
3967778277 1.472778e-08 0.2999992690809641 0.7000007309190359 
1759850032 1.472778e-08 0.2999992690809641 0.7000007309190359 
346987663 1.472778e-08 0.2999992690809641 0.7000007309190359 
1598213090 1.4e-08 0.6346402662963521 0.36535973370364794 
826924968 1.776133e-08 0.4106469676896352 0.5893530323103648 
3190311976 1.4e-08 0.2604870109512482 0.7395129890487517 
3177521820 1.608305e-08 0.27622126916027256 0.7237787308397274 
764400056 1.448414e-08 0.48218374804434333 0.5178162519556566 
2766526296 1.4e-08 0.19935706106761714 0.8006429389323828 
1923515514 1.675465e-08 0.5302983785485774 0.4697016214514226 
3339828518 1.4e-08 1.0 0.0 
105819081 1.4e-08 0.9967850022964269 0.0032149977035731414 
533433650 1.4e-08 0.5521975457729764 0.4478024542270236 
