3921011129 2.52830169e-06 0.676042812715646 0.32395718728435396 
545239233 2.473808e-06 0.5456856099424875 0.4543143900575125 
1572835533 2.7938394600000002e-06 0.4979454774256931 0.5020545225743069 
2555962951 2.2441434600000004e-06 0.3872914513089176 0.6127085486910824 
1403705120 3.2792e-07 0.3021483898511832 0.6978516101488168 
1239791232 2.791e-08 0.5 2.709894 
3838279446 2.791e-08 0.5 2.943275 
2326007700 2.791e-08 0.5 2.994536 
392861532 2.791e-08 0.3 3.347551 
1134132465 2.791e-08 0.3 3.972905 
1913762779 1.449514e-08 0.4784231155968491 0.521576884403151 
1736323711 1.419113e-08 0.5593551526972873 0.4406448473027127 
4096225443 1.627333e-08 0.40000007165891643 0.5999999283410835 
907719639 1.420257e-08 0.24413926633744842 0.7558607336625516 
1896745001 1.835344e-08 0.38017396193847036 0.6198260380615297 
4256642775 1.451546e-08 0.49982683189322624 0.5001731681067738 
2449448537 1.466438e-08 0.4947509806260374 0.5052490193739626 
3707800333 1.451546e-08 0.49982683189322624 0.5001731681067738 
105819081 1.435902e-08 0.13851390242690512 0.8614860975730949 
1342185090 1.4e-08 0.5669915491497896 0.43300845085021045 
1657444763 1.407446e-08 0.49435788676094455 0.5056421132390554 
470332523 1.407446e-08 0.49435788676094455 0.5056421132390554 
3217169414 1.407446e-08 0.49435788676094455 0.5056421132390554 
2208266878 1.407446e-08 0.49435788676094455 0.5056421132390554 
1292024166 1.407446e-08 0.49435788676094455 0.5056421132390554 
4201342597 1.407446e-08 0.49435788676094455 0.5056421132390554 
762210064 1.407446e-08 0.49435788676094455 0.5056421132390554 
570164134 1.407446e-08 0.49435788676094455 0.5056421132390554 
2039170765 1.407446e-08 0.49435788676094455 0.5056421132390554 
118566979 1.407446e-08 0.49435788676094455 0.5056421132390554 
678688578 1.4e-08 0.4969871644929603 0.5030128355070397 
2919535035 1.4e-08 0.49698716449296026 0.5030128355070398 
3663377129 1.4e-08 0.4969871644929602 0.5030128355070398 
1965972368 1.4e-08 0.5174350000000002 0.4825649999999998 
3320450569 1.440369e-08 0.6927178676668376 0.30728213233316237 
253060996 1.4e-08 0.9999999999999999 1.1102230246251565e-16 
