179097684 6.685202299999999e-07 0.6635739690942111 0.33642603090578893 
3921011129 2.8289980000000003e-06 0.6280020711261634 0.37199792887383665 
2235064901 4.04706375e-06 0.5000658821069591 0.4999341178930409 
3004792470 5.1131788e-07 0.4982530966031084 0.5017469033968915 
426576124 2.791e-07 0.3 3.100238 
873214132 2.1508090000000002e-08 0.6488256279381385 0.35117437206186153 
1986278615 1.9311060000000003e-08 0.7226428792619358 0.2773571207380642 
1503861029 2.791e-08 0.5 2.197807 
4061687915 2.791e-08 0.5 2.227322 
3988949870 2.791e-08 0.5 2.286942 
1651612823 2.791e-08 0.5 2.347346 
1347872676 2.791e-08 0.5 2.580848 
3833318790 2.791e-08 0.5 2.875614 
825415804 2.791e-08 0.3 3.011721 
300193622 2.791e-08 0.3 3.311367 
266059373 2.1137880000000002e-08 0.39611351753345175 0.6038864824665482 
43001897 1.4e-08 0.5980714285714286 0.4019285714285714 
3709881891 2.791e-08 0.3 0.7 
2768642543 2.791e-08 0.3 3.874722 
302486611 1.402224e-08 0.49999994625582816 0.5000000537441718 
1078741991 1.402224e-08 0.49999994625582816 0.5000000537441718 
438292632 1.402224e-08 0.49999994625582816 0.5000000537441718 
3147695692 1.402224e-08 0.49999994625582816 0.5000000537441718 
740082705 1.402224e-08 0.49999994625582816 0.5000000537441718 
3288380490 1.668593e-08 0.4876363773347659 0.5123636226652342 
2945849429 1.43005e-08 0.4884087197093428 0.5115912802906573 
965372172 1.915567e-08 0.5099534498140759 0.49004655018592413 
528880979 1.6227159999999995e-08 0.5769071194699708 0.42309288053002925 
2521380987 1.469414e-08 0.5104228745418701 0.4895771254581299 
3929228125 1.446479e-08 0.5185160087163847 0.4814839912836153 
3702894340 1.446479e-08 0.5185160087163847 0.4814839912836153 
4285585893 1.446479e-08 0.5185160087163847 0.4814839912836153 
406745133 1.446479e-08 0.5185160087163847 0.4814839912836153 
2883513480 1.446479e-08 0.5185160087163847 0.4814839912836153 
2707460946 1.439108e-08 0.47783998868084493 0.5221600113191551 
627452446 1.453458e-08 0.5000003858559323 0.4999996141440677 
1462644303 1.501833e-08 1.0 0.0 
4088625113 1.4e-08 1.0 0.0 
287394855 1.991813e-08 0.3503089898499508 0.6496910101500493 
2670951229 2.137479e-08 0.32643595562810207 0.673564044371898 
3211480542 2.133005e-08 0.3278146999767021 0.6721853000232979 
1922039940 1.4e-08 0.5190925434467082 0.4809074565532918 
1495382923 1.4e-08 0.3758995883050405 0.6241004116949596 
2766526296 1.4e-08 0.499450281517004 0.500549718482996 
470332523 1.418739e-08 0.2643271658043048 0.7356728341956952 
3270476896 1.494588e-08 0.613164161907737 0.38683583809226296 
1987038079 1.414624e-08 0.4995543937932571 0.5004456062067428 
2039170765 1.414624e-08 0.4995543937932571 0.5004456062067428 
2810179169 1.429248e-08 0.4944429761422738 0.5055570238577263 
101557930 1.562176e-08 0.268736323388552 0.731263676611448 
2222966094 1.542799e-08 0.9999999999999972 2.7755575615628914e-15 
3284371529 2.140533e-08 0.16333090733097924 0.8366690926690208 
871205577 1.4e-08 0.5047725962609947 0.4952274037390053 
110318614 1.493005e-08 1.0 0.0 
3076001680 1.619559e-08 0.430826781954112 0.5691732180458879 
1797275806 1.4e-08 0.5190925434467082 0.4809074565532918 
3730019172 1.4e-08 0.5047725962609948 0.4952274037390052 
2714424842 1.4e-08 0.5047725962609947 0.4952274037390053 
220748477 1.4e-08 0.6545912845838291 0.3454087154161709 
2574253871 1.4e-08 0.5357303698371909 0.4642696301628091 
3866772787 1.4e-08 0.5000000895736453 0.4999999104263547 
3085765731 1.4e-08 0.4911881074503669 0.5088118925496331 
1403954297 1.4e-08 1.0 0.0 
102828162 1.4e-08 0.49118810745036673 0.5088118925496332 
3962269793 1.922104e-08 0.3577659431698356 0.6422340568301643 
4106915849 1.4e-08 0.2678651849185954 0.7321348150814047 
977281884 1.4e-08 0.35499008978188457 0.6450099102181155 
2025893757 1.4e-08 0.4911881074503667 0.5088118925496333 
1090143039 1.4e-08 0.5047729510016902 0.4952270489983098 
253060996 1.4e-08 1.0 0.0 
571790981 1.4e-08 0.7099801795637696 0.2900198204362304 
517786421 1.446147e-08 0.5154229785241787 0.48457702147582127 
2256454524 1.4e-08 0.5047725962609946 0.4952274037390054 
2606270759 1.564654e-08 0.07741110396988637 0.9225888960301136 
4081327903 1.564654e-08 0.07741110396988637 0.9225888960301136 
3325553423 1.4e-08 0.990874598342876 0.009125401657124055 
4124564224 1.4e-08 0.48840871970934285 0.5115912802906571 
1852572783 1.4e-08 0.49118845829926555 0.5088115417007344 
3229926557 1.4e-08 0.5005042963920684 0.4994957036079316 
2972065009 1.4e-08 0.2523862981304974 0.7476137018695026 
4052933330 1.4e-08 0.08651542390778472 0.9134845760922152 
3239027265 1.760379e-08 0.1494732454433295 0.8505267545566705 
3357191835 1.4e-08 0.5047729568131069 0.49522704318689315 
2437059955 1.4e-08 0.49118810745036673 0.5088118925496332 
445707895 1.545666e-08 0.48524229540668373 0.5147577045933163 
480183180 1.438971e-08 0.5514633685675367 0.44853663143246325 
3892593010 1.438971e-08 0.5514633685675367 0.44853663143246325 
776375684 1.4e-08 0.4964118631665273 0.5035881368334727 
1678023283 1.4e-08 0.9999992857153062 7.142846938368308e-07 
