179097684 6.2866793e-07 0.6652399477788484 0.33476005222115157 
3534547045 5.21435659e-06 0.575634616785005 0.42436538321499495 
2246051850 3.5768568e-06 0.5016977423064201 0.49830225769357994 
949068759 2.791e-08 0.5 1.581439 
1037584679 2.791e-08 0.5 1.669806 
739080713 2.791e-08 0.5 2.486124 
315200650 2.791e-08 0.5 2.517502 
1239791232 2.791e-08 0.5 2.709894 
911013108 1.4000000000000001e-08 0.9967857142857142 0.003214285714285836 
199935986 1.400001e-08 0.996785002296427 0.0032149977035730304 
2326007700 2.791e-08 0.5 2.994536 
825415804 2.791e-08 0.3 3.011721 
265770918 7.018217e-08 0.4204641345168347 0.5795358654831653 
3475245566 2.605221e-08 0.3213930795122563 0.6786069204877436 
828787466 9.1975e-08 0.3337972275074748 0.6662027724925252 
3708838243 2.791e-08 0.3 3.739326 
1507417240 2.791e-08 0.3 3.933485 
4274934102 2.791e-08 0.3 4.032403 
188552836 1.421444e-08 0.5000000895736455 0.4999999104263545 
976558236 1.40167e-08 0.49999985668223385 0.5000001433177661 
1950077488 1.429534e-08 0.5000000027832026 0.49999999721679744 
3111692719 1.4374020000000002e-08 0.4972631205318224 0.5027368794681776 
2961226102 2.091e-08 0.4999994625588005 0.5000005374411995 
1896745001 1.955513e-08 0.636554769681368 0.36344523031863196 
1737134642 1.481458e-08 0.33486472371852205 0.665135276281478 
2719204682 1.433716e-08 0.5127067645413204 0.48729323545867964 
2716949832 1.58786e-08 0.2233531062057448 0.7766468937942552 
552634658 1.587512e-08 0.22340206765042026 0.7765979323495797 
2649056468 1.942043e-08 0.27266440752273896 0.7273355924772611 
3381587904 1.942043e-08 0.27266440752273896 0.7273355924772611 
72955594 1.467269e-08 0.3190368989014579 0.6809631010985421 
2780384598 1.467269e-08 0.3190368989014579 0.6809631010985421 
1577969976 1.467269e-08 0.3190368989014579 0.6809631010985421 
229435916 1.467269e-08 0.3190368989014579 0.6809631010985421 
19131048 1.467269e-08 0.3190368989014579 0.6809631010985421 
2426951832 1.467269e-08 0.3190368989014579 0.6809631010985421 
1922039940 1.4e-08 0.5005962850827047 0.4994037149172953 
3715668764 1.481924e-08 0.6867229825057294 0.3132770174942706 
4138371369 1.4e-08 0.5005962850827049 0.49940371491729507 
3590332688 1.4e-08 0.5001985859776061 0.49980141402239386 
3797386594 1.461587e-08 0.5001985859776061 0.49980141402239386 
3443287411 1.461587e-08 0.5001985859776061 0.49980141402239386 
1165174376 1.461587e-08 0.5001985859776061 0.49980141402239386 
4267941538 1.461587e-08 0.5001985859776061 0.49980141402239386 
3372193553 1.461587e-08 0.5001985859776061 0.49980141402239386 
3681452412 1.461587e-08 0.5001985859776061 0.49980141402239386 
570164134 1.586621e-08 0.5106088666942173 0.48939113330578266 
2418772576 1.461587e-08 0.5001985859776061 0.49980141402239386 
1301910447 1.401861e-08 0.2519369114868058 0.7480630885131943 
2919535035 1.401861e-08 0.2519369114868058 0.7480630885131943 
2217687738 1.418527e-08 0.5008678478811484 0.49913215211885165 
3408999490 1.650292e-08 0.9999999999999984 1.5543122344752192e-15 
1403954297 1.407868e-08 0.480740101392912 0.519259898607088 
517786421 1.407868e-08 0.480740101392912 0.519259898607088 
248584559 1.422864e-08 0.4612466489755563 0.5387533510244438 
3152769946 1.4457280000000002e-08 0.45395209330382746 0.5460479066961725 
1776728451 2.841391e-08 0.4896781694525954 0.5103218305474047 
1897972748 1.3999989999999996e-08 1.0 0.0 
1367591863 1.4e-08 0.5074961183223584 0.4925038816776416 
2661924784 1.421496e-08 0.3144814557170441 0.6855185442829559 
3353888196 3.075732e-08 0.2268565918362761 0.7731434081637238 
2711363118 1.593713e-08 0.5633238722901016 0.4366761277098984 
1414813075 1.4e-08 0.3193100938399681 0.6806899061600319 
36058418 1.627623e-08 0.2031688772870193 0.7968311227129807 
1595418714 1.4e-08 0.48344186076274015 0.5165581392372598 
