179097684 7.095030800000001e-07 0.6455773474481864 0.3544226525518136 
3534547045 2.179636e-06 0.604775453696762 0.395224546303238 
3921011129 1.492949e-06 0.6085316209338558 0.3914683790661442 
3150846686 2.5455504e-06 0.550379007849618 0.449620992150382 
1222799196 1.18388166e-06 0.4711832496058487 0.5288167503941513 
290926289 2.791e-08 0.5 2.408534 
4226750145 2.791e-08 0.5 2.892456 
2757833455 1.3999999999999998e-08 0.5980714285714287 0.4019285714285713 
3099973400 1.445408e-08 0.5000000895736456 0.4999999104263544 
110318614 1.4e-08 0.5108549575891941 0.4891450424108059 
1804212609 1.401222e-08 0.21387464314126778 0.7861253568587322 
