179097684 6.6469335e-07 0.6768913993076864 0.3231086006923136 
3373526895 2.0874e-06 0.6465504146447902 0.35344958535520976 
2246051850 1.89285224e-06 0.5411090346802956 0.4588909653197044 
1465560917 2.40254824e-06 0.49170175293515905 0.508298247064841 
2519559028 3.0700996e-07 0.48181824459375844 0.5181817554062416 
3498415124 2.442015e-08 0.5714543112962042 0.42854568870379584 
3555679070 4.241835e-08 0.5000000167110228 0.4999999832889772 
2408568032 2.791e-08 0.5 1.644313 
1156624510 2.791e-08 0.5 0.5 
333964007 1.948061e-08 0.7163533380114894 0.28364666198851063 
2250879299 2.791e-08 0.5 0.5 
1878784256 1.4e-08 0.9967857142857143 0.003214285714285725 
1664502715 2.791e-08 0.5 2.726246 
3176785673 1.7628289999999997e-08 0.7916252795931995 0.2083747204068005 
2261252686 2.428462e-08 0.5746435398206766 0.4253564601793234 
199935986 2.791e-08 0.5 2.926287 
3838279446 4.241835e-08 0.5000000167110228 0.4999999832889772 
251961497 2.791e-08 0.3 3.080951 
728028737 2.791e-08 0.3 3.098381 
921425487 2.791e-08 0.3 3.293348 
3245569981 2.791e-08 0.3 3.777765 
2729381062 2.791e-08 0.3 3.894261 
2707128518 1.450835e-08 0.500000048858348 0.49999995114165197 
2312786130 1.450835e-08 0.500000048858348 0.49999995114165197 
3375523036 1.450835e-08 0.500000048858348 0.49999995114165197 
451270221 1.4e-08 0.5 0.5 
2250775120 2.091e-08 0.5 0.5 
2159618959 1.466094e-08 0.2999999570046639 0.7000000429953361 
3401497744 1.466094e-08 0.2999999570046639 0.7000000429953361 
432337108 1.466094e-08 0.2999999570046639 0.7000000429953361 
4209590891 1.466094e-08 0.2999999570046639 0.7000000429953361 
3986570268 1.466094e-08 0.2999999570046639 0.7000000429953361 
174500547 1.466094e-08 0.2999999570046639 0.7000000429953361 
1370908750 2.091e-08 0.33369201339072213 0.6663079866092778 
976558236 2.091e-08 0.33369201339072213 0.6663079866092778 
2438291630 2.091e-08 0.33369201339072213 0.6663079866092778 
3121292019 1.912697e-08 0.36479902462334596 0.6352009753766541 
1950077488 1.828632e-08 0.24052304507675448 0.7594769549232455 
3111692719 1.6572319999999997e-08 0.48249128667561325 0.5175087133243867 
3332562587 1.4e-08 0.6902040950149305 0.3097959049850695 
3929228125 1.420918e-08 0.2552636995538805 0.7447363004461195 
766581564 1.409711e-08 0.12864650465332997 0.8713534953466701 
1743198400 1.402176e-08 0.49999990515735154 0.5000000948426484 
3952655669 1.402176e-08 0.49999990515735154 0.5000000948426484 
896813269 2.804352e-08 0.49999990515735154 0.5000000948426484 
1736323711 1.402176e-08 0.49999990515735154 0.5000000948426484 
1199222225 1.402176e-08 0.49999990515735154 0.5000000948426484 
3492274228 1.402176e-08 0.49999990515735154 0.5000000948426484 
1420914473 1.402176e-08 0.49999990515735154 0.5000000948426484 
1086559163 1.402176e-08 0.49999990515735154 0.5000000948426484 
3063534263 1.402176e-08 0.49999990515735154 0.5000000948426484 
4167430602 1.402176e-08 0.49999990515735154 0.5000000948426484 
1896745001 1.4e-08 0.500777047867082 0.499222952132918 
2369258877 1.4e-08 0.5007770478670819 0.4992229521329181 
2589646060 1.412929e-08 0.6339586580668496 0.3660413419331504 
463844675 1.412929e-08 0.6339586580668496 0.3660413419331504 
627452446 2.819153e-08 0.5688869416572117 0.43111305834278835 
3202152185 1.412929e-08 0.6339586580668496 0.3660413419331504 
2185291493 1.412929e-08 0.6339586580668496 0.3660413419331504 
4287239676 1.412929e-08 0.6339586580668496 0.3660413419331504 
1237914369 1.425858e-08 0.6282102234470303 0.37178977655296974 
1831065885 1.412929e-08 0.6339586580668496 0.3660413419331504 
1553963666 1.412929e-08 0.6339586580668496 0.3660413419331504 
2649056468 1.412929e-08 0.6339586580668496 0.3660413419331504 
552498239 1.425858e-08 0.6282102234470303 0.37178977655296974 
114837353 2.825858e-08 0.6339586580668496 0.3660413419331504 
1850435983 4.4003140000000005e-08 0.7511955855411675 0.2488044144588325 
2426951832 1.406224e-08 0.503504957567228 0.496495042432772 
3089865955 1.406224e-08 0.503504957567228 0.496495042432772 
2654473721 1.406224e-08 0.503504957567228 0.496495042432772 
2704180049 1.406224e-08 0.503504957567228 0.496495042432772 
771359632 1.406224e-08 0.503504957567228 0.496495042432772 
4186562710 1.406224e-08 0.503504957567228 0.496495042432772 
1922039940 1.406224e-08 0.503504957567228 0.496495042432772 
2472898255 1.406224e-08 0.503504957567228 0.496495042432772 
3459912306 1.406224e-08 0.503504957567228 0.496495042432772 
1598213090 1.406224e-08 0.503504957567228 0.496495042432772 
1298902656 1.406224e-08 0.503504957567228 0.496495042432772 
3532628785 1.406224e-08 0.503504957567228 0.496495042432772 
3190311976 2.812448e-08 0.503504957567228 0.496495042432772 
841878026 1.406224e-08 0.503504957567228 0.496495042432772 
3177521820 1.406224e-08 0.503504957567228 0.496495042432772 
3363025910 1.406224e-08 0.503504957567228 0.496495042432772 
96665495 1.406224e-08 0.503504957567228 0.496495042432772 
149784911 1.406224e-08 0.503504957567228 0.496495042432772 
3279439195 1.716753e-08 0.7465538564858984 0.25344614351410155 
2208266878 1.4e-08 0.639813266274097 0.36018673372590304 
3715668764 1.791666e-08 0.19759284248571382 0.8024071575142862 
3418547556 1.791666e-08 0.19759284248571382 0.8024071575142862 
3270476896 1.463615e-08 0.30600222011456424 0.6939977798854358 
3934203265 2.081091e-08 0.3374078155928937 0.6625921844071063 
1323984060 1.4e-08 0.5057433967500126 0.49425660324998744 
4197927596 1.4e-08 0.639812809264948 0.360187190735052 
1414892502 1.4e-08 0.996785714285714 0.003214285714285947 
4201342597 1.4e-08 0.5057430355049871 0.4942569644950129 
3590332688 1.4e-08 0.9967864262760188 0.0032135737239812334 
1745749016 1.4e-08 0.8415558571428576 0.15844414285714237 
2933223072 1.4e-08 0.6339586580668493 0.36604134193315074 
1987038079 1.660898e-08 0.7716600133083041 0.22833998669169586 
3797386594 1.489992e-08 0.47519768928290745 0.5248023107170925 
1280619132 1.4e-08 0.6398132662740967 0.36018673372590326 
4105879141 1.4e-08 0.639813266274097 0.36018673372590304 
