179097684 6.184254999999999e-07 0.6679349587285689 0.3320650412714311 
2235064901 2.44319736e-06 0.67799985736095 0.32200014263904997 
545239233 1.6848425e-06 0.5150960909663925 0.48490390903360747 
1572835533 2.30188633e-06 0.4954010480039272 0.5045989519960727 
1075699702 3.452416e-06 0.454061253924025 0.545938746075975 
2519559028 5.6206378e-07 0.46926740498466407 0.5307325950153359 
2440120768 1.399999e-08 0.9967864262760188 0.0032135737239812334 
3414514926 1.472778e-08 0.2999999570046639 0.7000000429953361 
1541925803 1.438148e-08 0.4876477815049 0.5123522184950999 
2716949832 1.886455e-08 0.4721225481476778 0.5278774518523222 
2704180049 1.639782e-08 1.0 0.0 
2391696826 1.402936e-08 0.6925640739100428 0.3074359260899572 
4278040469 2.080476e-08 1.0 0.0 
3814978291 1.490162e-08 0.14825010189409443 0.8517498981059055 
