179097684 6.297360599999999e-07 0.6936104468910352 0.30638955310896476 
3534547045 1.25938163e-06 0.6910501576238117 0.3089498423761883 
2235064901 1.26653828e-06 0.6434576098629056 0.35654239013709443 
545239233 1.98768796e-06 0.5068998488171403 0.49310015118285966 
2246051850 1.99202096e-06 0.4991986698109544 0.5008013301890456 
2984600922 2.1818439600000002e-06 0.4907069776889657 0.5092930223110343 
426576124 2.16965096e-06 0.4035604849542399 0.5964395150457601 
1236021306 2.791e-08 0.3 3.568774 
2757833455 2.791e-08 0.3 4.052334 
3122982648 1.406823e-08 0.5000000119431508 0.4999999880568492 
2177968201 1.403975e-08 0.48461546475464534 0.5153845352453547 
3113062634 2.6372180000000004e-08 0.49681340473935887 0.5031865952606411 
896813269 2.103744e-08 0.22150931857469866 0.7784906814253013 
1867247157 1.4e-08 0.5000004478685486 0.4999995521314514 
785216844 1.792803e-08 0.7809000765839856 0.21909992341601436 
2716949832 1.662294e-08 0.4219199117461668 0.5780800882538333 
552634658 1.4e-08 0.5009678126972729 0.49903218730272714 
3707800333 1.423396e-08 0.48641402278018975 0.5135859772198103 
2185291493 1.423396e-08 0.48641402278018975 0.5135859772198103 
4287239676 1.423396e-08 0.48641402278018975 0.5135859772198103 
1462644303 1.423396e-08 0.48641402278018975 0.5135859772198103 
4088625113 1.423396e-08 0.48641402278018975 0.5135859772198103 
1237914369 1.4273710000000001e-08 0.4850594375037961 0.5149405624962039 
1002680420 1.4e-08 0.48599142652064525 0.5140085734793547 
