179097684 9.305832e-07 0.43577549222857564 0.5642245077714243 
3150846686 8.10254573e-06 0.33737998881464026 0.6626200111853597 
4031050948 4.9538e-07 0.2887318825951795 0.7112681174048205 
426576124 2.791e-07 0.1 0.9 
211811971 1.4000000000000003e-08 0.5980714285714285 0.4019285714285715 
2298477853 2.791e-08 0.3 2.644979 
3838279446 2.791e-08 0.3 2.943275 
253808213 2.791e-08 0.1 3.275379 
300193622 8.373e-08 0.1 0.9 
2909632847 1.627333e-08 0.3000000537441876 0.6999999462558124 
1382686479 1.607776e-08 0.29999998718125526 0.7000000128187447 
110358663 1.449922e-08 0.30000009320502824 0.6999999067949718 
406745133 1.466812e-08 0.29151997759919585 0.7084800224008041 
3099973400 1.43537e-08 0.15463680016875472 0.8453631998312453 
2789348510 1.469716e-08 0.1510230710274811 0.8489769289725189 
3314075649 1.4e-08 0.31069766795715775 0.6893023320428422 
579073438 2.116942e-08 0.1977616769850095 0.8022383230149905 
309459595 1.945303e-08 0.10760534477148295 0.892394655228517 
2348040613 1.741e-08 0.12023262492820223 0.8797673750717978 
2353028958 1.4e-08 0.33862617758865593 0.6613738224113441 
2980075456 1.807328e-08 0.33862617758865593 0.6613738224113441 
1061526795 2.088858e-08 0.811638981581924 0.18836101841807595 
695939830 1.4e-08 0.325324377524503 0.6746756224754971 
2135013218 1.425808e-08 0.2832017314839111 0.716798268516089 
470332523 1.425808e-08 0.2832017314839111 0.716798268516089 
1292024166 1.425808e-08 0.2832017314839111 0.716798268516089 
4105879141 1.4e-08 0.2858281490263196 0.7141718509736804 
3981989558 1.720519e-08 0.3 0.7 
3971437066 1.4e-08 0.6506701705543324 0.3493298294456676 
101557930 1.4e-08 0.45463195839884596 0.545368041601154 
2222966094 1.511226e-08 0.18744365273212535 0.8125563472678746 
871205577 1.407827e-08 0.26534188250348134 0.7346581174965187 
2695808785 1.4e-08 0.266825333156592 0.733174666843408 
213831427 1.4e-08 0.3011830413549771 0.6988169586450229 
3297235373 1.6280740000000002e-08 0.11472312266494908 0.8852768773350509 
1483909303 1.416043e-08 0.46724874513713544 0.5327512548628646 
2279859862 1.651267e-08 0.4006888739435989 0.599311126056401 
2640871332 1.4e-08 0.273312814552272 0.7266871854477279 
2542288242 1.4e-08 0.31069766795715786 0.6893023320428422 
303951786 1.4e-08 0.1051984134946226 0.8948015865053774 
834694043 1.4e-08 0.2961423232106075 0.7038576767893925 
2847894498 1.41873e-08 0.2941874954020271 0.7058125045979728 
3548864168 1.4e-08 0.2668253331565919 0.733174666843408 
3031255937 3.558469e-08 0.42662604235815504 0.573373957641845 
251537365 1.5418403e-07 0.2707720606596869 0.7292279393403132 
2813706888 4.1020770000000007e-08 0.37008948060316305 0.629910519396837 
1663116443 1.403346e-08 0.27077206065968695 0.729227939340313 
687910112 1.40223e-08 0.2707721089541374 0.7292278910458626 
2758596397 1.402509e-08 0.2707719962671131 0.7292280037328869 
543650404 1.4e-08 0.2707719640708377 0.7292280359291623 
1552816674 1.4e-08 0.27077206065968695 0.729227939340313 
3349800779 1.615403e-08 0.659906663099934 0.34009333690006605 
3312688964 1.932189e-08 0.1518134708214981 0.8481865291785019 
1974243393 1.403346e-08 0.27077206065968695 0.729227939340313 
2123043148 1.4e-08 0.24197407499652715 0.7580259250034729 
2378665575 1.401673e-08 0.13522533755371952 0.8647746624462804 
1605385292 1.452307e-08 0.2277907890033666 0.7722092109966334 
2350232122 1.452307e-08 0.2277907890033666 0.7722092109966334 
1844403144 1.403346e-08 0.27077206065968695 0.729227939340313 
2798351548 1.4e-08 0.06744517179613305 0.9325548282038669 
173807622 2.979402e-08 0.39485792722839175 0.6051420727716083 
1286422349 1.4e-08 0.29812330382265584 0.7018766961773442 
