179097684 6.819986e-07 0.4958397275831399 0.5041602724168601 
2235064901 3.75741571e-06 0.3867012425616997 0.6132987574383003 
2246051850 2.56295605e-06 0.2961954934895125 0.7038045065104874 
1075699702 2.8802715e-06 0.26347045368448135 0.7365295463155186 
4031050948 3.9073999999999996e-07 0.2571428571428572 0.7428571428571429 
1403705120 2.791e-07 0.1 3.836717 
1593891639 2.791e-08 0.3 1.63164 
3197676583 1.399999e-08 0.5980718557656113 0.4019281442343887 
4188445920 2.791e-08 0.3 2.742646 
1434594601 2.630732e-08 0.31827643408754674 0.6817235659124532 
3012070026 2.791e-08 0.3 2.808738 
911013108 2.791e-08 0.3 2.909347 
2545005546 1.4e-08 0.19935714285714287 0.8006428571428571 
2729381062 1.4e-08 0.19935714285714287 0.8006428571428571 
1104410542 1.415154e-08 0.2999999561300954 0.7000000438699046 
1471982444 1.432679e-08 0.2999999132843801 0.70000008671562 
356405251 1.432679e-08 0.2999999132843801 0.70000008671562 
2842015324 1.432679e-08 0.2999999132843801 0.70000008671562 
378125977 1.58729e-08 0.2674660193898588 0.7325339806101412 
3815024321 1.4e-08 0.30000004161405236 0.6999999583859476 
2848685905 1.4e-08 0.11428572598512825 0.8857142740148718 
3006103420 1.449e-08 0.11428572598512825 0.8857142740148718 
1199222225 1.449e-08 0.11428572598512825 0.8857142740148718 
2378434411 1.51632e-08 1.0 0.0 
1543523724 1.51632e-08 1.0 0.0 
2789348510 1.550389e-08 0.3790948838531329 0.620905116146867 
1371202285 1.550389e-08 0.3790948838531329 0.620905116146867 
629078091 1.550389e-08 0.3790948838531329 0.620905116146867 
2369258877 1.580268e-08 0.05239618120231846 0.9476038187976815 
2707460946 1.535217e-08 0.27996275169201 0.72003724830799 
3607413901 1.412971e-08 0.42476539007158426 0.5752346099284158 
649593533 1.4187870000000001e-08 0.42302415935220467 0.5769758406477954 
550176535 1.412971e-08 0.42476539007158426 0.5752346099284158 
2348040613 1.412971e-08 0.42476539007158426 0.5752346099284158 
1061526795 1.412971e-08 0.42476539007158426 0.5752346099284158 
3554620561 1.412971e-08 0.42476539007158426 0.5752346099284158 
2789301560 1.412971e-08 0.42476539007158426 0.5752346099284158 
287394855 1.4e-08 0.4247744088216157 0.5752255911783843 
3211480542 1.425942e-08 0.42476539007158626 0.5752346099284138 
722767024 2.825942e-08 0.42476993251870326 0.5752300674812967 
1298902656 1.425942e-08 0.4247653900715842 0.5752346099284158 
826924968 1.4e-08 0.9999999999999998 2.220446049250313e-16 
