179097684 6.418314e-07 0.4343007263622249 0.5656992736377751 
3534547045 1.261423e-06 0.4384973174905337 0.5615026825094662 
2235064901 2.94945536e-06 0.3953063196730458 0.6046936803269543 
2799798816 5.194059310000001e-06 0.29160545507963487 0.7083945449203651 
2555962951 3.0701e-07 0.10000000000000002 0.9 
3497999925 2.791e-08 0.3 1.786951 
1347872676 2.791e-08 0.3 2.580848 
4226750145 2.791e-08 0.3 2.892456 
728028737 2.791e-08 0.1 3.098381 
1415695418 2.791e-08 0.1 3.365717 
2729381062 2.791e-08 0.1 3.894261 
3288380490 1.741e-08 0.12023262492820222 0.8797673750717978 
1249238030 1.562996e-08 0.10000000716589089 0.8999999928341091 
3214077756 1.562996e-08 0.10000000716589089 0.8999999928341091 
451270221 1.562996e-08 0.10000000716589089 0.8999999928341091 
3160344427 1.422698e-08 0.300000016536671 0.699999983463329 
3182159117 1.422698e-08 0.300000016536671 0.699999983463329 
766581564 1.422698e-08 0.300000016536671 0.699999983463329 
629078091 1.403012e-08 0.29734557167143055 0.7026544283285694 
1848242772 1.449e-08 0.11428567918748657 0.8857143208125134 
3468130899 2.849e-08 0.3520182341673106 0.6479817658326894 
3736523900 1.425124e-08 0.2999998820895573 0.7000001179104427 
149784911 2.225682e-08 0.18809964765856038 0.8119003523414396 
1965662198 1.743464e-08 0.1287316223005842 0.8712683776994158 
2604064924 1.423522e-08 0.31044976179624584 0.6895502382037542 
3458662533 1.423522e-08 0.31044976179624584 0.6895502382037542 
2105330617 2.823522e-08 0.3067115514116841 0.693288448588316 
2222966094 1.4745959999999999e-08 0.3138532714755603 0.6861467285244397 
3827929005 1.4e-08 0.30291053375236116 0.6970894662476388 
3607398139 1.3999989999999998e-08 0.9390435520244859 0.06095644797551414 
1140472632 1.4e-08 0.11828567795904864 0.8817143220409513 
1090143039 1.630471e-08 0.24817971597082536 0.7518202840291747 
1678023283 1.4e-08 0.30000007817336954 0.6999999218266304 
2118254765 1.4e-08 0.30291053375236116 0.6970894662476388 
3580551846 1.4e-08 0.29798528942991226 0.7020147105700878 
