179097684 6.2866793e-07 0.4562545335596875 0.5437454664403125 
3534547045 5.21435659e-06 0.373850266215223 0.626149733784777 
2246051850 3.5768568e-06 0.30295649034509353 0.6970435096549065 
949068759 2.791e-08 0.3 1.581439 
1037584679 2.791e-08 0.3 1.669806 
739080713 2.791e-08 0.3 2.486124 
315200650 2.791e-08 0.3 2.517502 
1239791232 2.791e-08 0.3 2.709894 
911013108 1.4000000000000001e-08 0.5980714285714285 0.4019285714285715 
199935986 1.400001e-08 0.5980710013778562 0.4019289986221438 
2326007700 2.791e-08 0.3 2.994536 
825415804 2.791e-08 0.1 3.011721 
265770918 7.018217e-08 0.22046413242192447 0.7795358675780755 
3475245566 2.605221e-08 0.10713102650408544 0.8928689734959145 
828787466 9.1975e-08 0.15172601250339765 0.8482739874966023 
3708838243 2.791e-08 0.1 3.739326 
1507417240 2.791e-08 0.1 3.933485 
4274934102 2.791e-08 0.1 4.032403 
188552836 1.421444e-08 0.3000000537441874 0.6999999462558126 
976558236 1.40167e-08 0.29999991400934023 0.7000000859906598 
1950077488 1.429534e-08 0.3000000016699217 0.6999999983300783 
3111692719 1.4374020000000002e-08 0.2983578723190936 0.7016421276809064 
2961226102 2.091e-08 0.29999967753528034 0.7000003224647197 
1896745001 1.955513e-08 0.49117662546572316 0.5088233745342768 
1737134642 1.481458e-08 0.129596988204016 0.870403011795984 
2719204682 1.433716e-08 0.30762405872479226 0.6923759412752077 
2716949832 1.58786e-08 0.1324111947745619 0.8675888052254381 
552634658 1.587512e-08 0.13244022075722 0.86755977924278 
2649056468 1.942043e-08 0.11041470306970803 0.889585296930292 
3381587904 1.942043e-08 0.11041470306970803 0.889585296930292 
72955594 1.467269e-08 0.11879984617032362 0.8812001538296764 
2780384598 1.467269e-08 0.11879984617032362 0.8812001538296764 
1577969976 1.467269e-08 0.11879984617032362 0.8812001538296764 
229435916 1.467269e-08 0.11879984617032362 0.8812001538296764 
19131048 1.467269e-08 0.11879984617032362 0.8812001538296764 
2426951832 1.467269e-08 0.11879984617032362 0.8812001538296764 
1922039940 1.4e-08 0.30035777104962286 0.6996422289503772 
3715668764 1.481924e-08 0.4825620958148368 0.5174379041851632 
4138371369 1.4e-08 0.3003577710496229 0.6996422289503771 
3590332688 1.4e-08 0.3001191515865638 0.6998808484134362 
3797386594 1.461587e-08 0.3001191515865638 0.6998808484134362 
3443287411 1.461587e-08 0.3001191515865638 0.6998808484134362 
1165174376 1.461587e-08 0.3001191515865638 0.6998808484134362 
4267941538 1.461587e-08 0.3001191515865638 0.6998808484134362 
3372193553 1.461587e-08 0.3001191515865638 0.6998808484134362 
3681452412 1.461587e-08 0.3001191515865638 0.6998808484134362 
570164134 1.586621e-08 0.32629673400890835 0.6737032659910916 
2418772576 1.461587e-08 0.3001191515865638 0.6998808484134362 
1301910447 1.401861e-08 0.1511621468920835 0.8488378531079165 
2919535035 1.401861e-08 0.1511621468920835 0.8488378531079165 
2217687738 1.418527e-08 0.1511639194697069 0.8488360805302931 
3408999490 1.650292e-08 0.9999999999999984 1.5543122344752192e-15 
1403954297 1.407868e-08 0.28241922547990256 0.7175807745200975 
517786421 1.407868e-08 0.28241922547990256 0.7175807745200975 
248584559 1.422864e-08 0.25564851206647093 0.7443514879335291 
3152769946 1.4457280000000002e-08 0.2516054641488213 0.7483945358511788 
1776728451 2.841391e-08 0.28324106025943685 0.7167589397405632 
1897972748 1.3999989999999996e-08 0.8405702735140624 0.15942972648593756 
1367591863 1.4e-08 0.1531643579954321 0.846835642004568 
2661924784 1.421496e-08 0.09938277157974558 0.9006172284202544 
3353888196 3.075732e-08 0.13611395510176566 0.8638860448982344 
2711363118 1.593713e-08 0.397235952265938 0.602764047734062 
1414813075 1.4e-08 0.1009087230496586 0.8990912769503414 
36058418 1.627623e-08 0.06021520858840345 0.9397847914115965 
1595418714 1.4e-08 0.28400642152709954 0.7159935784729005 
