3534547045 2.7254784300000003e-06 0.4060901060474219 0.5939098939525781 
3373526895 3.62259625e-06 0.3578713297212838 0.6421286702787161 
2799798816 1.77983408e-06 0.3312414322465952 0.6687585677534048 
426576124 3.2153284999999996e-07 0.12810623681468813 0.8718937631853119 
2261252686 2.791e-08 0.3 2.858822 
911013108 2.791e-08 0.3 2.909347 
769686034 2.791e-08 0.1 3.11586 
4274934102 2.791e-08 0.1 4.032403 
2723643411 2.91606e-08 0.29393903454632514 0.7060609654536749 
4253718737 2.091e-08 0.33369201339072213 0.6663079866092778 
2748669076 1.427536e-08 0.36017964416923853 0.6398203558307615 
