179097684 5.8830259e-07 0.49223061658867073 0.5077693834113293 
3534547045 7.2631324e-07 0.49093556581955355 0.5090644341804464 
3921011129 1.23673904e-06 0.4723091853106721 0.5276908146893279 
2235064901 7.5944679e-07 0.41913866188857424 0.5808613381114258 
2340740170 3.9273210000000004e-06 0.28531102608769426 0.7146889739123057 
2246051850 1.7276610899999999e-06 0.2823455014398014 0.7176544985601986 
2799798816 1.8999560800000002e-06 0.23104201323808163 0.7689579867619184 
618276123 2.931e-07 0.10102984911780878 0.8989701508821912 
811613008 2.5334319999999997e-08 0.3305002857783434 0.6694997142216565 
3108364485 2.791e-08 0.1 3.028955 
2795063678 1.465413e-08 0.3000000248050073 0.6999999751949927 
845665321 1.428206e-08 0.1539077473241186 0.8460922526758814 
395113485 2.838548e-08 0.2779508826521896 0.7220491173478104 
3633199892 1.429914e-08 0.30254787881453277 0.6974521211854672 
439844059 1.458727e-08 0.1166667084677087 0.8833332915322913 
2024675612 1.4e-08 0.3090124625622884 0.6909875374377116 
3433591204 2.8728916e-07 0.302710026752886 0.6972899732471141 
4256642775 1.467745e-08 0.29361540007853487 0.7063845999214651 
393090083 1.424864e-08 0.05971969171899051 0.9402803082810095 
3607413901 1.399999e-08 0.44807136100662764 0.5519286389933724 
3381587904 1.415404e-08 0.17707118675120728 0.8229288132487927 
19131048 1.415404e-08 0.17707118675120728 0.8229288132487927 
2654473721 1.430808e-08 0.17516484812246352 0.8248351518775365 
2747938267 1.4e-08 0.17901947572314705 0.820980524276853 
1923515514 1.779916e-08 0.1408084797329794 0.8591915202670206 
96665495 1.458569e-08 0.09141428593744427 0.9085857140625557 
360107933 1.4e-08 0.17901947572314697 0.8209805242768531 
4138371369 1.420862e-08 0.15223767247882056 0.8477623275211794 
