179097684 3.1576962999999996e-07 0.9453331531597878 0.05466684684021217 
3373526895 2.76836909e-06 0.4602362677066078 0.5397637322933921 
3921011129 1.26404677e-06 0.408844305720681 0.591155694279319 
4259593397 4.00774877e-06 0.27729830548219975 0.7227016945178002 
659524895 2.791e-08 0.3 2.110437 
3108364485 2.791e-08 0.1 3.028955 
1866926464 2.791e-08 0.1 3.203992 
1134132465 2.791e-08 0.1 3.972905 
2118016430 2.091e-08 0.2002152080344333 0.7997847919655667 
1239307652 1.404977e-08 0.21048033056453863 0.7895196694354614 
