179097684 6.988500999999999e-07 0.464187990623965 0.535812009376035 
3373526895 1.366708e-06 0.47506779063893945 0.5249322093610606 
2235064901 1.4114682799999999e-06 0.416471707803946 0.5835282921960541 
3150846686 4.40617969e-06 0.2730199747286411 0.726980025271359 
4031050948 1.8804126e-06 0.2766440735527264 0.7233559264472735 
129185354 2.796194e-08 0.29944274252787895 0.700557257472121 
3736894086 2.791e-08 0.3 2.596808 
199935986 2.791e-08 0.3 0.7 
2027098952 1.487161e-08 0.2897921433573824 0.7102078566426175 
309459595 1.7883000000000002e-08 0.2924427527587207 0.7075572472412792 
2704180049 1.450602e-08 0.28890538295864554 0.7110946170413545 
515125813 1.44505e-08 0.12147994253736247 0.8785200574626375 
2454553876 1.47161e-08 0.11928744094129262 0.8807125590587074 
3339828518 1.44505e-08 0.12147994253736247 0.8785200574626375 
110318614 1.4e-08 0.1253889935454397 0.8746110064545602 
2056593038 1.4e-08 0.2864440069644996 0.7135559930355004 
3962269793 1.404118e-08 0.012502123465361758 0.9874978765346383 
253060996 1.545501e-08 0.9966392774899531 0.003360722510046932 
486617589 1.4e-08 0.299347661664698 0.700652338335302 
3132125139 1.42656e-08 0.279845989138529 0.720154010861471 
2937776487 1.42656e-08 0.279845989138529 0.720154010861471 
1972280475 1.4e-08 0.24810459417464545 0.7518954058253545 
3790847783 1.422736e-08 0.2785071036697305 0.7214928963302695 
1780437574 1.4e-08 0.07138007010131547 0.9286199298986846 
1568097097 1.403464e-08 0.5701208299006784 0.42987917009932164 
987951561 1.421464e-08 0.27626888643269487 0.7237311135673051 
2076479023 1.41627e-08 0.2772820693682449 0.722717930631755 
4033914667 1.4408337e-06 0.27593090272520354 0.7240690972747965 
158383826 1.423138e-08 0.2805305232298076 0.7194694767701924 
4173667888 1.4e-08 0.19399707381760692 0.8060029261823931 
1170376605 1.4e-08 0.2864440069644996 0.7135559930355004 
937108946 1.508853e-08 0.2626116296672289 0.737388370332771 
2666331198 1.4e-08 0.2864440069644997 0.7135559930355003 
3029967998 1.4e-08 0.5980710013778561 0.40192899862214393 
2974776181 1.4e-08 0.2002660621301123 0.7997339378698877 
3365535355 1.4e-08 0.28644400696449984 0.7135559930355002 
2796062071 1.4e-08 0.2864440069644996 0.7135559930355004 
