179097684 1.12778577e-06 0.413593358395741 0.586406641604259 
3534547045 1.88266532e-06 0.421710748530202 0.5782892514697979 
2235064901 1.916192e-06 0.4017285405253821 0.5982714594746179 
2340740170 3.390159e-06 0.2924954411743368 0.7075045588256632 
1434498202 2.791e-08 0.3 1.760575 
1878784256 2.791e-08 0.3 2.393164 
326805806 2.791e-08 0.3 2.628873 
1434594601 2.791e-08 0.3 2.792141 
3663377129 1.913168e-08 0.43765014332219027 0.5623498566778098 
1945448119 1.469432e-08 0.28442329277914646 0.7155767072208535 
