3534547045 1.188637e-06 0.47538103414604727 0.5246189658539527 
2235064901 3.3310810000000003e-06 0.38258550239344147 0.6174144976065585 
1572835533 5.41263502e-06 0.2867539451383848 0.7132460548616152 
2519559028 8.9573568e-07 0.19991647869635024 0.8000835213036498 
2620740164 1.3999999999999998e-08 0.5980714285714287 0.4019285714285713 
2326007700 1.4e-08 0.5980714285714286 0.4019285714285714 
1104410542 1.472778e-08 0.09999998566822134 0.9000000143317787 
3869596591 1.498425e-08 0.09828838873648776 0.9017116112635122 
2848685905 1.425981e-08 0.30479969856297867 0.6952003014370214 
3707800333 1.46505e-08 0.10000001628611703 0.899999983713883 
309459595 1.518632e-08 0.09647170865619567 0.9035282913438043 
1323984060 1.4e-08 0.30417255513275465 0.6958274448672453 
1987038079 1.450596e-08 0.30000003582945595 0.6999999641705441 
3797386594 1.450596e-08 0.30000003582945595 0.6999999641705441 
241690685 1.76573e-08 0.24247670995024345 0.7575232900497566 
2810179169 1.444e-08 0.2288499874411549 0.7711500125588451 
213831427 2.091e-08 0.09999994625585126 0.9000000537441487 
3320450569 1.4e-08 0.2938841546556276 0.7061158453443723 
1268185054 1.4e-08 0.2938841546556276 0.7061158453443723 
4108567391 1.1203798000000001e-07 0.475835196232863 0.5241648037671369 
3132125139 1.426768e-08 0.1577294518967575 0.8422705481032425 
3242796679 1.426768e-08 0.1577294518967575 0.8422705481032425 
444974319 1.426768e-08 0.1577294518967575 0.8422705481032425 
3734593757 1.426768e-08 0.1577294518967575 0.8422705481032425 
111235536 1.426768e-08 0.1577294518967575 0.8422705481032425 
1490861810 1.426768e-08 0.1577294518967575 0.8422705481032425 
845186953 1.426768e-08 0.1577294518967575 0.8422705481032425 
2279859862 1.426768e-08 0.1577294518967575 0.8422705481032425 
1407916447 1.426768e-08 0.1577294518967575 0.8422705481032425 
3539250331 2.853536e-08 0.1577294518967575 0.8422705481032425 
2929070229 1.426768e-08 0.1577294518967575 0.8422705481032425 
368451981 1.426768e-08 0.1577294518967575 0.8422705481032425 
2937776487 1.426768e-08 0.1577294518967575 0.8422705481032425 
4232177374 1.426768e-08 0.1577294518967575 0.8422705481032425 
34775558 1.426768e-08 0.1577294518967575 0.8422705481032425 
747443871 1.426768e-08 0.1577294518967575 0.8422705481032425 
2640871332 1.426768e-08 0.1577294518967575 0.8422705481032425 
1056843563 1.426768e-08 0.1577294518967575 0.8422705481032425 
303951786 1.426768e-08 0.1577294518967575 0.8422705481032425 
834694043 1.426768e-08 0.1577294518967575 0.8422705481032425 
3563967453 1.426768e-08 0.1577294518967575 0.8422705481032425 
1235889872 1.990768e-08 0.10352867569647042 0.8964713243035296 
3775520932 1.990768e-08 0.10352867569647042 0.8964713243035296 
3568714221 1.4e-08 0.16074523901702353 0.8392547609829765 
