179097684 6.881756e-07 0.4675335107208999 0.5324664892791001 
3534547045 1.508482e-06 0.45006560420884195 0.549934395791158 
3921011129 2.12168344e-06 0.39628720155301705 0.603712798446983 
2340740170 2.4989098700000003e-06 0.2990313799050618 0.7009686200949382 
2246051850 8.157706300000001e-07 0.3114683205572695 0.6885316794427305 
3737780296 3.3605125e-07 0.27462397083446244 0.7253760291655376 
426576124 3.2132345e-07 0.1262807021708498 0.8737192978291501 
1425083048 2.791e-08 0.3 1.070723 
810769555 2.791e-08 0.3 1.894413 
1019134040 1.4e-08 0.5980714285714286 0.4019285714285714 
4046076794 2.7969100000000003e-08 0.2993660861450672 0.7006339138549328 
732124878 1.4e-08 0.5980714285714286 0.4019285714285714 
3736601249 1.830203e-08 0.4574902346898131 0.5425097653101869 
2620740164 2.791e-08 0.3 2.501788 
3012070026 2.791e-08 0.3 2.808738 
888311950 4.263778e-08 0.23091675478706247 0.7690832452129375 
2326007700 2.791e-08 0.3 2.994536 
728028737 1.4000000000000003e-08 0.19935714285714282 0.8006428571428572 
1866926464 2.791e-08 0.1 3.203992 
300193622 2.791e-08 0.1 3.311367 
828787466 2.791e-08 0.1 3.701082 
3392858646 2.791e-08 0.1 3.816401 
1634407402 5.01687e-08 0.34033061895003336 0.6596693810499666 
1726701215 1.419861e-08 0.2936371765563911 0.7063628234436089 
432337108 1.40591e-08 0.3074303491756906 0.6925696508243093 
4253718737 1.4e-08 0.5991765910438173 0.40082340895618274 
2878871175 1.424781e-08 0.2945320887210098 0.7054679112789902 
607396504 1.50433e-08 0.2771492791758019 0.7228507208241981 
1820499179 1.4e-08 0.3087281444354252 0.6912718555645748 
1371202285 1.4e-08 0.28181818181818175 0.7181818181818183 
754560055 1.46505e-08 0.28181818181818175 0.7181818181818183 
3434666020 1.46505e-08 0.28181818181818175 0.7181818181818183 
2369258877 1.46505e-08 0.28181818181818175 0.7181818181818183 
2707460946 1.46505e-08 0.28181818181818175 0.7181818181818183 
2024675612 1.46505e-08 0.28181818181818175 0.7181818181818183 
1292023300 1.46505e-08 0.28181818181818175 0.7181818181818183 
3314075649 1.46505e-08 0.28181818181818175 0.7181818181818183 
3433591204 1.46505e-08 0.28181818181818175 0.7181818181818183 
1848242772 1.46505e-08 0.28181818181818175 0.7181818181818183 
463844675 1.405431e-08 0.14832602068067877 0.8516739793193212 
393090083 1.454063e-08 0.28449613905788707 0.7155038609421129 
3736523900 1.454063e-08 0.28449613905788707 0.7155038609421129 
3607413901 1.454063e-08 0.28449613905788707 0.7155038609421129 
3833074883 2.760387e-08 0.1516635167460215 0.8483364832539785 
552498239 1.493893e-08 0.27637704124239637 0.7236229587576036 
114837353 2.036438e-08 0.1326274989811002 0.8673725010188997 
2564127097 1.472778e-08 0.09999998566822134 0.9000000143317787 
3554620561 1.472778e-08 0.09999998566822134 0.9000000143317787 
2789301560 1.472778e-08 0.09999998566822134 0.9000000143317787 
3201932102 1.472778e-08 0.09999998566822134 0.9000000143317787 
3527214469 1.472778e-08 0.09999998566822134 0.9000000143317787 
224410298 1.472778e-08 0.09999998566822134 0.9000000143317787 
3967778277 1.472778e-08 0.09999998566822134 0.9000000143317787 
1922039940 1.472778e-08 0.09999998566822134 0.9000000143317787 
1314810707 1.751566e-08 0.23901468742827847 0.7609853125717215 
2472898255 1.426428e-08 0.036535665938145286 0.9634643340618547 
1495382923 1.4e-08 0.29780283938752433 0.7021971606124757 
764400056 1.431345e-08 0.29999412370602097 0.700005876293979 
2454553876 1.431345e-08 0.29999412370602097 0.700005876293979 
1342185090 1.431345e-08 0.29999412370602097 0.700005876293979 
149784911 1.431345e-08 0.29999412370602097 0.700005876293979 
1965662198 1.431345e-08 0.29999412370602097 0.700005876293979 
1657444763 1.431345e-08 0.29999412370602097 0.700005876293979 
58759274 1.431345e-08 0.29999412370602097 0.700005876293979 
2391696826 1.4e-08 0.29780283938752417 0.7021971606124758 
3590332688 1.4e-08 0.3067107778542819 0.6932892221457181 
3797386594 1.4e-08 0.30000592580043506 0.6999940741995649 
1280619132 1.407638e-08 0.30000592580043506 0.6999940741995649 
4105879141 1.4e-08 0.5980714285714288 0.4019285714285712 
3088551619 1.4e-08 0.30671077785428186 0.6932892221457181 
3443287411 1.476213e-08 0.04988366474761311 0.9501163352523869 
3981989558 1.476213e-08 0.04988366474761311 0.9501163352523869 
3467386575 1.423656e-08 0.14790994755344053 0.8520900524465594 
4267941538 1.4e-08 0.5980714285714286 0.4019285714285714 
