3534547045 1.592425e-06 0.40401967331030353 0.5959803266896965 
3373526895 2.02103832e-06 0.3870342441207402 0.6129657558792598 
545239233 4.060639000000001e-06 0.32685673160722445 0.6731432683927756 
1790255658 2.791e-08 0.3 1.569011 
3833318790 2.791e-08 0.3 2.875614 
3268335666 2.791e-08 0.3 0.7 
2669757562 1.4e-08 0.19935714285714287 0.8006428571428571 
3443220506 2.791e-08 0.1 3.682034 
1382686479 1.493117e-08 0.25489690968015827 0.7451030903198417 
1803925302 1.461228e-08 0.2604596333295755 0.7395403666704246 
283080478 1.741e-08 0.1801550832854682 0.8198449167145319 
2681498831 1.408825e-08 0.34386102962743714 0.6561389703725629 
2655011401 1.650843e-08 0.27404937961998826 0.7259506203800117 
855708858 1.40578e-08 0.13444416884838747 0.8655558311516125 
551137729 1.402616e-08 0.4298801737031679 0.5701198262968321 
937177227 1.402616e-08 0.4298801737031679 0.5701198262968321 
690117576 1.4e-08 0.3063691626290593 0.6936308373709408 
