179097684 5.7382443e-07 0.46379113774014163 0.5362088622598584 
3534547045 8.8682118e-07 0.46559850762490135 0.5344014923750986 
3921011129 1.1522688300000002e-06 0.434528773459932 0.565471226540068 
2340740170 1.992716e-06 0.3489725198111405 0.6510274801888595 
1572835533 2.23288273e-06 0.29567362699024585 0.7043263730097542 
2555962951 1.04667e-06 0.24208638606507601 0.757913613934924 
2718413753 2.38759e-08 0.35068835101504026 0.6493116489849597 
2937387076 1.4e-08 0.5980714285714286 0.4019285714285714 
1593891639 2.791e-08 0.3 1.63164 
3357643131 2.791e-08 0.3 1.682626 
1503861029 2.791e-08 0.3 2.197807 
1651612823 2.791e-08 0.3 2.347346 
3382444416 2.791e-08 0.3 2.377842 
315200650 2.791e-08 0.3 2.517502 
3490627259 2.791e-08 0.3 2.661134 
4188445920 2.791e-08 0.3 2.742646 
199935986 1.4e-08 0.5980714285714286 0.4019285714285714 
126484229 2.791e-08 0.1 3.644085 
2768642543 2.791e-08 0.1 3.874722 
2729381062 2.791e-08 0.1 3.894261 
1452489764 1.528496e-08 0.9129889774000063 0.08701102259999371 
690117576 2.0377539999999998e-08 0.20544678111293121 0.7945532188870688 
821115011 1.437985e-08 0.2911365556664363 0.7088634443335637 
4004407106 1.4e-08 0.5980714285714287 0.4019285714285713 
1382686479 1.46505e-08 0.2999999804566638 0.7000000195433362 
1803925302 1.46505e-08 0.2999999804566638 0.7000000195433362 
4209590891 1.46505e-08 0.2999999804566638 0.7000000195433362 
395113485 1.424198e-08 0.3289831084887618 0.6710168915112382 
4019363830 1.424198e-08 0.3289831084887618 0.6710168915112382 
921818415 1.424198e-08 0.3289831084887618 0.6710168915112382 
2286860921 1.424198e-08 0.3289831084887618 0.6710168915112382 
3653734512 1.518296e-08 0.28947910774186014 0.7105208922581399 
1869365069 2.091e-08 0.2002152080344333 0.7997847919655667 
1950077488 1.622723e-08 0.06449806898651222 0.9355019310134878 
4119421155 1.423543e-08 0.32831823171586155 0.6716817682841385 
1913762779 1.423543e-08 0.32831823171586155 0.6716817682841385 
3929228125 1.423543e-08 0.32831823171586155 0.6716817682841385 
2883513480 1.423543e-08 0.32831823171586155 0.6716817682841385 
301219709 2.074068e-08 0.06728323275803876 0.9327167672419613 
37051273 1.428025e-08 0.15388910256054178 0.8461108974394582 
3633199892 1.4e-08 0.5980714285714287 0.4019285714285713 
1199222225 1.402564e-08 0.05969781058119268 0.9403021894188073 
439844059 1.4e-08 0.33383937180820905 0.6661606281917909 
3012889883 1.732534e-08 0.040273379916353706 0.9597266200836463 
4167430602 1.494762e-08 0.03500975406118167 0.9649902459388183 
781549661 1.521614e-08 0.1217895383892806 0.8782104616107194 
907719639 1.521614e-08 0.1217895383892806 0.8782104616107194 
2789348510 1.432177e-08 0.356111264480936 0.643888735519064 
3563522875 1.432177e-08 0.356111264480936 0.643888735519064 
1292023300 1.835587e-08 0.2778481011417674 0.7221518988582326 
3314075649 1.98083e-08 0.21135079739301205 0.788649202606988 
2681498831 1.4e-08 1.0 0.0 
463844675 4.324875e-08 0.431004043457266 0.568995956542734 
2014426858 1.4e-08 0.36429597316465245 0.6357040268353475 
3607413901 1.4e-08 0.4442688513450109 0.5557311486549892 
1674415855 1.459313e-08 0.27423734234505803 0.725762657654942 
1960974751 1.4e-08 0.5980714285714287 0.4019285714285713 
309459595 1.4e-08 0.5980710013778565 0.4019289986221435 
3180086772 1.545949e-08 0.5770571991702185 0.42294280082978153 
3833074883 1.545949e-08 0.5770571991702185 0.42294280082978153 
1462644303 1.4e-08 0.5980718557656115 0.4019281442343885 
