179097684 6.7087647e-07 0.4734248536753664 0.5265751463246335 
3373526895 1.81970415e-06 0.4583494846719715 0.5416505153280284 
3150846686 2.3101002e-06 0.34189637611466017 0.6581036238853398 
2340740170 1.56804596e-06 0.29446556250203126 0.7055344374979687 
1075699702 4.6958862e-06 0.27251442582076435 0.7274855741792357 
3736601249 2.791e-08 0.3 2.470508 
251961497 1.3999999999999998e-08 0.19935714285714287 0.8006428571428571 
921425487 2.147549e-08 0.12996211029410737 0.8700378897058927 
3015378843 2.791e-08 0.1 3.625184 
865537991 2.791e-08 0.1 3.855233 
438292632 1.545765e-08 0.27083677014293894 0.7291632298570611 
2177968201 1.495727e-08 0.09783361138694968 0.9021663886130503 
3783228500 1.400916e-08 0.299999778305431 0.700000221694569 
220564665 1.415349e-08 0.27722035464134626 0.7227796453586537 
766581564 1.429791e-08 0.3000000704294459 0.6999999295705541 
2606325002 1.453188e-08 0.2900119554507095 0.7099880445492905 
1314810707 1.429181e-08 0.20885367452538012 0.7911463254746198 
1499007652 1.4e-08 0.30019606387466513 0.6998039361253349 
3467386575 1.660873e-08 0.08985927985217934 0.9101407201478207 
1703904600 1.414436e-08 0.2162826281696238 0.7837173718303763 
1840937626 1.41352e-08 0.21642278528618625 0.7835772147138138 
213831427 1.4e-08 0.21084829165446906 0.7891517083455309 
846691466 2.82704e-08 0.21482938932845505 0.7851706106715449 
3962269793 2.085417e-08 0.2020899865674374 0.7979100134325626 
977281884 3.4032429999999995e-08 0.21072248085280654 0.7892775191471935 
3578947201 1.461195e-08 0.1250898475088633 0.8749101524911367 
571790981 1.461195e-08 0.1250898475088633 0.8749101524911367 
2606270759 1.469815e-08 1.0 0.0 
2800683865 1.40226e-08 0.10908031872039776 0.8909196812796022 
480183180 1.40226e-08 0.10908031872039776 0.8909196812796022 
