179097684 5.2213341e-07 0.4965305650367654 0.5034694349632346 
3373526895 2.083557e-06 0.47490539672572435 0.5250946032742756 
545239233 2.525004e-06 0.3240298528928995 0.6759701471071005 
2246051850 1.247864e-06 0.3070537312788739 0.6929462687211261 
1222799196 2.101408e-06 0.2972115272293951 0.7027884727706049 
1075699702 2.7569181e-07 0.3191487768408567 0.6808512231591433 
3800257563 7.256600000000001e-07 0.12307692307692308 0.8769230769230769 
2932274237 2.791e-08 0.3 1.229931 
873214132 2.791e-08 0.3 1.72138 
790319072 2.791e-08 0.3 1.908066 
1227575429 1.3999990000000001e-08 0.5980718557656112 0.40192814423438883 
1878784256 2.791e-08 0.3 2.393164 
2911053862 2.791e-08 0.3 2.533265 
1239791232 2.791e-08 0.3 2.709894 
3037779432 2.791e-08 0.3 2.825384 
888311950 8.373e-08 0.2333333333333333 0.7666666666666667 
2856850640 2.791e-08 0.3 2.960313 
3824069879 2.6035939999999996e-08 0.10719797326311246 0.8928020267368876 
126484229 2.791e-08 0.1 3.644085 
3196256300 4.911934e-08 0.3827311223787524 0.6172688776212476 
217284033 1.6404820000000002e-08 0.2873928516527358 0.7126071483472642 
3288380490 2.069974e-08 0.4044976388603737 0.5955023611396263 
451270221 1.4e-08 0.3693977256311293 0.6306022743688706 
1246511018 1.686505e-08 0.12411762787539918 0.8758823721246008 
3783228500 2.603293e-08 0.3270245759153401 0.6729754240846599 
1072840122 2.091e-08 0.30000000000000004 0.7 
301219709 1.4e-08 0.3180283023271788 0.6819716976728212 
3059144981 1.934906e-08 0.3180283023271788 0.6819716976728212 
785216844 1.404951e-08 0.15148940947199824 0.8485105905280017 
3802520055 1.420934e-08 0.29230774467382353 0.7076922553261764 
4096225443 1.420934e-08 0.29230774467382353 0.7076922553261764 
1371202285 1.420934e-08 0.29230774467382353 0.7076922553261764 
2369258877 1.420934e-08 0.29230774467382353 0.7076922553261764 
1541925803 1.420934e-08 0.29230774467382353 0.7076922553261764 
1292023300 1.420934e-08 0.29230774467382353 0.7076922553261764 
1848242772 1.420934e-08 0.29230774467382353 0.7076922553261764 
2681498831 1.4e-08 0.3040502818958477 0.6959497181041523 
3458484829 2.109901e-08 0.19821069554343626 0.8017893044565637 
1055469694 1.4e-08 0.15202514094792394 0.847974859052076 
627452446 1.60834e-08 0.2582476422089575 0.7417523577910425 
2014426858 1.661037e-08 0.125027321146475 0.874972678853525 
2716949832 1.58931e-08 0.1339167294782598 0.8660832705217402 
66987975 1.4e-08 0.30405028189584765 0.6959497181041523 
3707800333 3.022916e-08 0.3462302624353439 0.6537697375646561 
3528190190 1.622916e-08 0.12898079752741365 0.8710192024725864 
2185291493 1.4e-08 0.5980714285714286 0.4019285714285714 
