179097684 4.7894061e-07 0.4718363061712635 0.5281636938287365 
3921011129 1.0529590300000002e-06 0.45277827162391737 0.5472217283760826 
3150846686 2.63791477e-06 0.39134796991435744 0.6086520300856426 
545239233 2.139872e-06 0.31272403137465626 0.6872759686253438 
1222799196 3.450772e-06 0.30309721601914924 0.6969027839808508 
426576124 3.4994260999999996e-07 0.10788643432894407 0.8921135656710559 
618276123 3.2426337e-07 0.09898281365616943 0.9010171863438305 
905418128 2.2334360000000002e-08 0.5700609285423895 0.42993907145761046 
790319072 4.235748e-08 0.3 0.7 
2440120768 2.791e-08 0.3 2.257034 
732124878 2.791e-08 0.3 2.271963 
1878784256 2.791e-08 0.3 2.393164 
290926289 5.582e-08 0.3 0.7 
129185354 2.663349e-08 0.31437862630845603 0.685621373691544 
2261252686 2.791e-08 0.3 2.858822 
3833318790 3.22704e-08 0.3860111501963012 0.6139888498036987 
2545005546 1.4000000000000003e-08 0.19935714285714282 0.8006428571428572 
266059373 2.791e-08 0.1 3.438869 
879162223 1.411483e-08 0.10000000325722286 0.8999999967427772 
4253718737 2.183063e-08 0.2873485556761303 0.7126514443238696 
3653734512 2.091e-08 0.2002152080344333 0.7997847919655667 
1405660995 1.404397e-08 0.3000000165353037 0.6999999834646963 
250719570 1.4000010000000003e-08 1.0 0.0 
2719204682 1.4e-08 0.3009422308729507 0.6990577691270493 
3449694611 1.4e-08 0.2999999999999998 0.7000000000000002 
2341758500 1.457958e-08 0.18111960972981517 0.8188803902701849 
3967778277 1.464215e-08 0.2999719112958785 0.7000280887041215 
2670951229 1.464215e-08 0.2999719112958785 0.7000280887041215 
381652938 1.632472e-08 0.2686477917367169 0.7313522082632831 
1965662198 2.202734e-08 0.28478148737197917 0.7152185126280208 
3279439195 1.4e-08 0.07053531138186885 0.9294646886181311 
3284371529 1.415617e-08 0.15594184851803755 0.8440581514819625 
2655011401 1.4e-08 0.3095888571428573 0.6904111428571427 
3879652638 1.462484e-08 0.0982376769971725 0.9017623230028275 
1629863604 1.637141e-08 0.08524010627255156 0.9147598937274485 
1501621654 1.4e-08 0.31325714133715843 0.6867428586628416 
213831427 1.4e-08 0.28214124552747527 0.7178587544725248 
4148810631 1.401449e-08 0.291393709032203 0.708606290967797 
2056593038 1.401449e-08 0.291393709032203 0.708606290967797 
3863839146 1.401449e-08 0.291393709032203 0.708606290967797 
834694043 1.4e-08 0.3322616674321424 0.6677383325678576 
1972280475 1.4921619999999998e-08 0.3437768997001642 0.6562231002998358 
3269595313 1.4e-08 0.5980718557656114 0.4019281442343886 
1780437574 1.4e-08 0.1547944285714286 0.8452055714285713 
3654632673 1.4e-08 1.0 0.0 
1367591863 1.4e-08 0.29169530152105133 0.7083046984789487 
3019838765 1.407809e-08 0.18218764981982502 0.817812350180175 
1411431829 1.4e-08 0.36799101752114516 0.6320089824788548 
36058418 1.4e-08 0.11546963028205957 0.8845303697179404 
2830063464 1.4e-08 0.29712876469830235 0.7028712353016977 
3548864168 1.869811e-08 0.27552929149464556 0.7244707085053544 
2983660352 1.4e-08 0.29169530152105133 0.7083046984789487 
2299185056 1.719831e-08 0.1186021445351057 0.8813978554648942 
3737371746 1.719831e-08 0.1186021445351057 0.8813978554648942 
