179097684 4.2101331e-07 0.49357643453248495 0.5064235654675151 
3534547045 1.34022998e-06 0.46275376369328763 0.5372462363067123 
3921011129 1.34195935e-06 0.4741712823988697 0.5258287176011303 
545239233 1.22343481e-06 0.31630228687824435 0.6836977131217556 
1465560917 2.539681e-06 0.29093561218560376 0.7090643878143963 
4259593397 2.5649368799999997e-06 0.2935813484724779 0.7064186515275221 
2519559028 7.5873166e-07 0.277850407937019 0.722149592062981 
790319072 2.791e-08 0.3 1.908066 
741863299 2.480531e-08 0.3375486942110379 0.662451305788962 
739080713 2.791e-08 0.3 2.486124 
2620740164 2.791e-08 0.3 2.501788 
1239791232 4.249495e-08 0.23759706383114765 0.7624029361688524 
1664502715 2.791e-08 0.3 2.726246 
921425487 7.066723e-08 0.14202011675347634 0.8579798832465236 
3707879645 1.82884e-08 0.22891559677172416 0.7710844032282759 
3604532305 1.458495e-08 0.11818177968737831 0.8818182203126217 
965372172 1.458495e-08 0.11818177968737831 0.8818182203126217 
3160344427 1.590942e-08 0.40933819921362996 0.59066180078637 
2674988631 1.484723e-08 0.29999994983877565 0.7000000501612244 
2683944377 1.484723e-08 0.29999994983877565 0.7000000501612244 
2024675612 1.607932e-08 0.05785900934844864 0.9421409906515513 
1462644303 1.43697e-08 0.2913421992108394 0.7086578007891606 
2649056468 1.710469e-08 0.2665391533649443 0.7334608466350556 
1089013536 1.407213e-08 0.16817113810123685 0.8318288618987631 
552498239 1.462918e-08 0.2980877594697152 0.7019122405302848 
481049431 1.401288e-08 0.2980877594697152 0.7019122405302848 
2353028958 1.401288e-08 0.2980877594697152 0.7019122405302848 
3449694611 1.401288e-08 0.2980877594697152 0.7019122405302848 
1194638860 1.401288e-08 0.2980877594697152 0.7019122405302848 
2341758500 1.401288e-08 0.2980877594697152 0.7019122405302848 
2780384598 1.401288e-08 0.2980877594697152 0.7019122405302848 
3342541004 1.401288e-08 0.2980877594697152 0.7019122405302848 
1577969976 1.401288e-08 0.2980877594697152 0.7019122405302848 
695939830 1.401288e-08 0.2980877594697152 0.7019122405302848 
19131048 1.401288e-08 0.2980877594697152 0.7019122405302848 
2426951832 1.401288e-08 0.2980877594697152 0.7019122405302848 
3526559023 1.401288e-08 0.2980877594697152 0.7019122405302848 
73116178 1.401288e-08 0.2980877594697152 0.7019122405302848 
2789301560 1.401288e-08 0.2980877594697152 0.7019122405302848 
224410298 1.401288e-08 0.2980877594697152 0.7019122405302848 
2704180049 1.401288e-08 0.2980877594697152 0.7019122405302848 
