179097684 7.048699099999999e-07 0.46029488122580625 0.5397051187741937 
3534547045 9.032971799999999e-07 0.4720720204100071 0.5279279795899929 
3921011129 1.892998e-06 0.41326443158266274 0.5867355684173372 
2246051850 2.5616537699999998e-06 0.3154420664286605 0.6845579335713394 
3004792470 3.4873686e-06 0.28847566812926145 0.7115243318707385 
426576124 3.4953952e-07 0.14030418125794078 0.8596958187420592 
825415804 2.791e-08 0.1 3.011721 
251961497 2.791e-08 0.1 3.080951 
3824069879 2.791e-08 0.1 3.168592 
43001897 2.791e-08 0.1 3.47574 
3059103076 1.435702e-08 0.30000008061628797 0.6999999193837121 
766581564 1.461952e-08 0.30000001168941365 0.6999999883105863 
3702894340 1.461952e-08 0.30000001168941365 0.6999999883105863 
2674988631 1.4884280000000001e-08 0.294663643178818 0.705336356821182 
3633199892 2.102375e-08 0.39826386824424814 0.6017361317557519 
2013640095 2.013729e-08 0.21227241883119408 0.7877275811688059 
3302973195 1.45132e-08 0.3110739838447565 0.6889260161552435 
3433591204 1.45132e-08 0.3110739838447565 0.6889260161552435 
4256642775 1.45132e-08 0.3110739838447565 0.6889260161552435 
2449448537 1.459904e-08 0.3092449190039701 0.6907550809960299 
3607413901 1.456033e-08 0.296266764093099 0.7037332359069011 
79461789 1.4e-08 0.3076505112435472 0.6923494887564527 
552498239 1.4e-08 0.1566377203890578 0.8433622796109422 
2789301560 1.428292e-08 0.11462295206903411 0.8853770479309659 
3459912306 1.428292e-08 0.11462295206903411 0.8853770479309659 
841878026 1.900153e-08 0.22032408219329763 0.7796759178067023 
3681452412 1.439099e-08 0.05688109207795465 0.9431189079220453 
1905833305 1.4e-08 0.303110938418707 0.696889061581293 
1629863604 1.4e-08 0.3224770673096943 0.6775229326903057 
3378187523 1.4e-08 0.3578452069809243 0.6421547930190756 
