179097684 7.095030800000001e-07 0.4468491122560873 0.5531508877439126 
3534547045 2.179636e-06 0.41170273460452167 0.5882972653954783 
3921011129 1.492949e-06 0.3974075245510314 0.6025924754489687 
3150846686 2.5455504e-06 0.3526378211457226 0.6473621788542774 
1222799196 1.18388166e-06 0.25882557755024294 0.7411744224497571 
290926289 2.791e-08 0.3 2.408534 
4226750145 2.791e-08 0.3 2.892456 
2757833455 1.3999999999999998e-08 0.19935714285714287 0.8006428571428571 
3099973400 1.445408e-08 0.30000005374418737 0.6999999462558126 
110318614 1.4e-08 0.30972828798567204 0.690271712014328 
1804212609 1.401222e-08 0.03941499857054496 0.960585001429455 
