3534547045 1.490036e-06 0.2976615270859822 0.7023384729140179 
3150846686 4.81085e-06 0.30140501437145767 0.6985949856285423 
4259593397 2.22628495e-06 0.30434644507597014 0.6956535549240299 
4031050948 6.841776e-07 0.29974775008108306 0.700252249918917 
3774459889 2.791e-08 0.3 1.773738 
3197676583 2.791e-08 0.3 2.21254 
3891448235 2.791e-08 0.3 2.242153 
251961497 2.791e-08 0.3 3.080951 
769686034 1.400001e-08 0.36822524060226763 0.6317747593977323 
43001897 2.791e-08 0.3 3.47574 
1634407402 1.45776e-08 0.3000000000000001 0.7 
3375523036 1.45776e-08 0.3000000000000001 0.7 
879162223 2.582847e-08 0.3412865265517793 0.6587134734482207 
2858952728 2.414664e-08 0.35134649018694564 0.6486535098130544 
2125331604 2.016878e-08 0.16639892755651867 0.8336010724434814 
4119421155 2.406522e-07 0.27544532381388237 0.7245546761861177 
250719570 2.739709e-08 0.3074516220043058 0.6925483779956942 
649593533 1.415285e-08 0.3007645407659706 0.6992354592340294 
2348040613 2.330937e-08 0.22609956340558351 0.7739004365944164 
2980075456 1.719694e-08 0.36782524985033166 0.6321747501496684 
85224627 1.948141e-08 0.3301551433934752 0.6698448566065248 
1965662198 1.932856e-08 0.32838038800377567 0.6716196119962243 
3715668764 1.4e-08 0.28035822155726203 0.719641778442738 
3270476896 1.419561e-08 0.28035822155726203 0.719641778442738 
4201342597 1.419561e-08 0.28035822155726203 0.719641778442738 
2711965517 1.434846e-08 0.2866641693901814 0.7133358306098185 
1165174376 1.454407e-08 0.28280320128317005 0.71719679871683 
762210064 1.419561e-08 0.28035822155726203 0.719641778442738 
3940915008 1.419561e-08 0.28035822155726203 0.719641778442738 
2744143284 1.42594e-08 0.2819322755085043 0.7180677244914957 
678688578 1.419561e-08 0.28035822155726203 0.719641778442738 
1301910447 1.419561e-08 0.28035822155726203 0.719641778442738 
2855048822 1.419561e-08 0.28035822155726203 0.719641778442738 
238807518 1.419561e-08 0.28035822155726203 0.719641778442738 
481400394 1.4e-08 0.28141109190785657 0.7185889080921435 
3284371529 1.4e-08 0.0 1.0 
3378187523 1.405713e-08 0.29401052717244575 0.7059894728275542 
771038762 4.217139e-08 0.29401052717244575 0.7059894728275542 
3607398139 1.405713e-08 0.29401052717244575 0.7059894728275542 
927207199 1.4e-08 0.2931303879128333 0.7068696120871667 
2231250662 1.4e-08 0.28261597101089875 0.7173840289891013 
2606270759 1.437364e-08 0.16020427212116128 0.8397957278788387 
2972065009 1.4e-08 0.29395222537184157 0.7060477746281584 
4052933330 1.4e-08 0.2940128943026685 0.7059871056973315 
2437059955 1.4e-08 0.2950469232581752 0.7049530767418248 
445707895 1.73027e-08 0.25047435276897145 0.7495256472310285 
3750558344 1.73027e-08 0.25047435276897145 0.7495256472310285 
480183180 1.4e-08 0.2776857135460798 0.7223142864539203 
1678023283 1.4e-08 0.27858212056225234 0.7214178794377477 
2118254765 1.4e-08 0.3013669151747741 0.6986330848252259 
3446120764 1.4e-08 0.29452443116942206 0.7054755688305779 
1937837823 1.4e-08 0.2931181204429731 0.7068818795570269 
2252599940 1.4e-08 0.27895476232665245 0.7210452376733476 
2922107309 1.4e-08 0.29414067704887503 0.705859322951125 
917430777 1.4e-08 0.30136691517477404 0.698633084825226 
3767002695 1.4e-08 0.29888981780737545 0.7011101821926246 
