179097684 6.7087647e-07 0.3003532455181613 0.6996467544818388 
3373526895 1.81970415e-06 0.28900924341511425 0.7109907565848858 
3150846686 2.3101002e-06 0.3029009988122783 0.6970990011877217 
2340740170 1.56804596e-06 0.3108892771747579 0.6891107228252421 
1075699702 4.6958862e-06 0.2964601590907068 0.7035398409092932 
3736601249 2.791e-08 0.3 2.470508 
251961497 1.3999999999999998e-08 0.0 1.0 
921425487 2.147549e-08 0.36762248542162684 0.6323775145783732 
3015378843 2.791e-08 0.3 3.625184 
865537991 2.791e-08 0.3 3.855233 
438292632 1.545765e-08 0.28646505046871995 0.71353494953128 
2177968201 1.495727e-08 0.30654121651675875 0.6934587834832413 
3783228500 1.400916e-08 0.2999999882378731 0.7000000117621269 
220564665 1.415349e-08 0.3002589737464532 0.6997410262535468 
766581564 1.429791e-08 0.2999999214338099 0.7000000785661902 
2606325002 1.453188e-08 0.3004565145840302 0.6995434854159698 
1314810707 1.429181e-08 0.2775029813352356 0.7224970186647643 
1499007652 1.4e-08 0.2999756327929237 0.7000243672070763 
3467386575 1.660873e-08 0.1182212620425096 0.8817787379574904 
1703904600 1.414436e-08 0.29904009233655765 0.7009599076634423 
1840937626 1.41352e-08 0.2990421210570175 0.7009578789429824 
213831427 1.4e-08 0.2773976286022274 0.7226023713977726 
846691466 2.82704e-08 0.28931271711503015 0.7106872828849699 
3962269793 2.085417e-08 0.24810451887401283 0.7518954811259871 
977281884 3.4032429999999995e-08 0.3385536294245355 0.6614463705754645 
3578947201 1.461195e-08 0.20732848930694306 0.792671510693057 
571790981 1.461195e-08 0.20732848930694306 0.792671510693057 
2606270759 1.469815e-08 0.7541940615214032 0.24580593847859677 
2800683865 1.40226e-08 0.44927546209565816 0.5507245379043418 
480183180 1.40226e-08 0.44927546209565816 0.5507245379043418 
