179097684 5.7308668e-07 0.2933286128022302 0.7066713871977698 
3534547045 1.0248061300000001e-06 0.30352780092351195 0.696472199076488 
3921011129 8.12997e-07 0.30000000256813075 0.6999999974318692 
3150846686 1.119063e-06 0.30099596481780183 0.6990040351821982 
2340740170 2.5299084699999997e-06 0.3023123626251279 0.6976876373748722 
1572835533 2.7031046700000002e-06 0.3012957903191455 0.6987042096808544 
1075699702 1.498037e-06 0.3000223996946567 0.6999776003053433 
3800257563 7.964485900000001e-07 0.29989802071556815 0.7001019792844319 
4046076794 2.791e-08 0.3 2.124876 
315200650 2.4321789999999997e-08 0.1967285302603138 0.8032714697396862 
129185354 2.441969e-08 0.33599099206141203 0.664009007938588 
1347872676 2.791e-08 0.3 2.580848 
3833318790 2.791e-08 0.3 2.875614 
2681375347 2.791e-08 0.3 3.531414 
828787466 2.791e-08 0.3 3.701082 
1498734392 2.791e-08 0.3 4.012522 
2013640095 1.407925e-08 0.15180329286739772 0.8481967071326023 
2681498831 1.429087e-08 0.29999991558966427 0.7000000844103358 
2719204682 1.429087e-08 0.29999991558966427 0.7000000844103358 
2343849308 1.429087e-08 0.29999991558966427 0.7000000844103358 
2950407739 1.435167e-08 0.30053658381370146 0.6994634161862985 
2747938267 1.410861e-08 0.2959256409494993 0.7040743590505008 
66064165 1.410861e-08 0.2959256409494993 0.7040743590505008 
105819081 2.821722e-08 0.2959256409494993 0.7040743590505008 
533433650 1.410861e-08 0.2959256409494993 0.7040743590505008 
3217169414 1.410861e-08 0.2959256409494993 0.7040743590505008 
3418547556 1.410861e-08 0.2959256409494993 0.7040743590505008 
755060644 1.410861e-08 0.2959256409494993 0.7040743590505008 
1292024166 1.647772e-08 0.24858431275735912 0.7514156872426409 
