179097684 1.06994e-06 0.30747908527017137 0.6925209147298286 
3373526895 3.362108e-06 0.3057321792353718 0.6942678207646282 
3921011129 1.029202e-06 0.29469654765410547 0.7053034523458945 
1465560917 1.53084393e-06 0.3178533572333142 0.6821466427666858 
426576124 8.8721803e-07 0.33417177702516637 0.6658282229748336 
636961411 1.4000000000000001e-08 0.5980714285714285 0.4019285714285715 
2932274237 4.141207e-08 0.2605517401383122 0.7394482598616878 
717226258 2.719206e-08 0.29853587254558994 0.70146412745441 
1434498202 1.4000000000000001e-08 0.0 1.0 
2870158420 2.6114309999999998e-08 0.28377679851349197 0.716223201486508 
315200650 2.791e-08 0.3 2.517502 
3176785673 2.791e-08 0.3 2.775594 
1434594601 1.4658859999999997e-08 0.002760521898334871 0.9972394781016651 
2261252686 2.791e-08 0.3 2.858822 
4226750145 2.791e-08 0.3 2.892456 
199935986 2.791e-08 0.3 2.926287 
3268335666 1.4000000000000003e-08 0.5980714285714285 0.4019285714285715 
2326007700 1.399999e-08 0.17637935582371822 0.8236206441762818 
825415804 2.791e-08 0.3 3.011721 
1134132465 2.791e-08 0.3 3.972905 
15308464 1.492709e-08 0.30014094647955936 0.6998590535204406 
3321237907 1.541202e-08 0.2885684581106783 0.7114315418893217 
3330100144 1.5080590000000003e-08 0.29491040123569007 0.70508959876431 
3642829293 1.4e-08 0.39089892254767833 0.6091010774523217 
451270221 1.424046e-08 0.3000000872152307 0.6999999127847694 
2177968201 1.424046e-08 0.3000000872152307 0.6999999127847694 
1382686479 1.424046e-08 0.3000000872152307 0.6999999127847694 
4069401935 1.656671e-08 0.0 1.0 
2945849429 1.548272e-08 0.30759568867025266 0.6924043113297473 
3113062634 1.41535e-08 0.29999987761956415 0.7000001223804359 
1565786989 1.41535e-08 0.29999987761956415 0.7000001223804359 
3121292019 1.41535e-08 0.29999987761956415 0.7000001223804359 
3297362622 1.41535e-08 0.29999987761956415 0.7000001223804359 
3604532305 1.41535e-08 0.29999987761956415 0.7000001223804359 
1820499179 1.41535e-08 0.29999987761956415 0.7000001223804359 
1072840122 2.120309e-08 0.4565209578857542 0.5434790421142458 
1826422368 1.741e-08 0.12023262492820223 0.8797673750717978 
250719570 1.8670420000000003e-08 0.24254339868912636 0.7574566013108737 
2066612683 1.573044e-08 0.37620361034204364 0.6237963896579564 
1002680420 1.410234e-08 0.2900290100909399 0.70997098990906 
3467386575 2.593194e-08 0.3231373022751415 0.6768626977248585 
2744143284 1.594919e-08 0.326562852452045 0.673437147547955 
399492375 1.4e-08 0.30422147194665633 0.6957785280533437 
2748669076 1.407523e-08 0.1517609034447396 0.8482390965552604 
933412597 1.506244e-08 0.002286765084678827 0.9977132349153212 
2231250662 1.482198e-08 0.0 1.0 
3085765731 1.482198e-08 0.0 1.0 
102828162 1.482198e-08 0.0 1.0 
4175762635 1.556309e-08 0.27366712398345516 0.7263328760165448 
2316491956 5.708666e-07 0.2591311059670506 0.7408688940329494 
3229926557 1.412193e-08 0.2427590063020669 0.7572409936979331 
480183180 2.689884e-08 0.2275181748762665 0.7724818251237335 
3892593010 1.412193e-08 0.2427590063020669 0.7572409936979331 
2922107309 1.412193e-08 0.2427590063020669 0.7572409936979331 
34775558 1.4e-08 0.2921491221547049 0.7078508778452951 
1235889872 1.454667e-08 0.3681658918854776 0.6318341081145225 
36858200 1.90235e-08 0.012709979576657721 0.9872900204233422 
340569875 1.4e-08 0.2706365170539076 0.7293634829460924 
4292574364 1.898671e-08 0.1861408861556568 0.8138591138443432 
3269561540 4.57215e-08 0.4296494282495509 0.5703505717504491 
2126166399 1.4e-08 0.0 1.0 
363773044 1.411798e-08 0.45584126755978477 0.5441587324402153 
312808672 1.4e-08 0.2858291008771348 0.7141708991228652 
1563060474 1.6216849999999997e-08 0.0017982439900783704 0.9982017560099217 
3790847783 1.424864e-08 0.15356487491980658 0.8464351250801934 
2747516691 1.424864e-08 0.15356487491980658 0.8464351250801934 
1780437574 1.4e-08 0.23633204963936566 0.7636679503606343 
1441326850 1.682905e-08 0.4379120058968869 0.5620879941031132 
1869505131 1.682905e-08 0.4379120058968869 0.5620879941031132 
792228939 1.4e-08 0.31430432652603707 0.685695673473963 
3805166987 1.4e-08 0.31258437419676477 0.6874156258032352 
3654632673 1.666401e-08 0.4181761456068108 0.5818238543931892 
717671056 1.4e-08 0.0 1.0 
3858463531 1.4e-08 0.2900293164950014 0.7099706835049986 
1421662397 1.4e-08 0.2982533482100922 0.7017466517899078 
2661924784 1.4e-08 0.30312186279945097 0.696878137200549 
1367690675 1.4e-08 0.3051528029989289 0.6948471970010711 
3216152648 1.4e-08 1.0 0.0 
