179097684 7.4108982e-07 0.3008189816178655 0.6991810183821345 
3373526895 1.640316e-06 0.29122610804662347 0.7087738919533766 
2235064901 1.34607433e-06 0.2985233787721713 0.7014766212278287 
3150846686 2.52962379e-06 0.2968789672407134 0.7031210327592866 
4259593397 2.0141169499999998e-06 0.3152094455663003 0.6847905544336996 
2555962951 6.741116e-07 0.30788512731761275 0.6921148726823872 
2408568032 1.4e-08 1.0 0.0 
741863299 4.1909999999999996e-08 0.1997852541159628 0.8002147458840372 
598947138 2.796859e-08 0.2993715450081681 0.7006284549918319 
1035492323 1.4e-08 0.0 1.0 
1347872676 2.791e-08 0.3 2.580848 
57770090 1.521291e-08 0.3000000000000001 0.7 
3485819286 1.8083e-08 0.15601530545181203 0.8439846945481879 
378125977 1.428025e-08 0.2999999999999975 0.7000000000000025 
4035587434 2.205229e-08 0.710114609553609 0.28988539044639094 
3952655669 1.444481e-08 0.31263165451053393 0.6873683454894661 
3063534263 1.554962e-08 0.32151305817370796 0.678486941826292 
907719639 1.472778e-08 0.30000010032245056 0.6999998996775494 
1906851972 1.472778e-08 0.30000010032245056 0.6999998996775494 
2597880038 1.472778e-08 0.30000010032245056 0.6999998996775494 
1837088337 1.472778e-08 0.30000010032245056 0.6999998996775494 
1848242772 1.920672e-08 0.33453605714648343 0.6654639428535165 
3449694611 1.417658e-08 0.29989154144933977 0.7001084585506603 
3089865955 2.4432100000000002e-08 0.5220308236311919 0.4779691763688081 
1759850032 1.417658e-08 0.29989154144933977 0.7001084585506603 
1495382923 1.417658e-08 0.29989154144933977 0.7001084585506603 
3363025910 1.4353160000000001e-08 0.30850463791108584 0.6914953620889142 
1449522982 1.579505e-08 0.31967431356128145 0.6803256864387186 
3279439195 1.561847e-08 0.3141086497752635 0.6858913502247366 
470332523 1.4e-08 0.29106117347713434 0.7089388265228657 
584993009 1.4e-08 0.29751933533870184 0.7024806646612982 
3270476896 1.4e-08 0.2754073759607 0.7245926240393 
3681452412 1.418247e-08 0.2998686852678255 0.7001313147321745 
570164134 1.577082e-08 0.17697240853677876 0.8230275914632212 
2105330617 1.577082e-08 0.17697240853677876 0.8230275914632212 
964813250 1.604882e-08 0.1376529700478596 0.8623470299521404 
2039170765 1.604882e-08 0.1376529700478596 0.8623470299521404 
932943525 1.4e-08 0.0 1.0 
2292589682 1.404329e-08 0.4494828643672488 0.5505171356327512 
3971437066 1.404329e-08 0.4494828643672488 0.5505171356327512 
3940915008 1.4e-08 0.29706422568073243 0.7029357743192676 
3593659676 1.4e-08 0.29110894602190224 0.7088910539780977 
1301910447 1.443033e-08 0.30925635179261096 0.690743648207389 
1734007597 1.443033e-08 0.30925635179261096 0.690743648207389 
2087527840 2.365495e-08 0.0 1.0 
2065940037 1.4e-08 0.030241178167056244 0.9697588218329437 
