179097684 4.937466e-07 0.29021779802511466 0.7097822019748854 
3534547045 8.061142600000001e-07 0.29247249333507397 0.707527506664926 
3373526895 1.38371945e-06 0.2869205414309195 0.7130794585690805 
3150846686 1.041102e-06 0.3062227654245961 0.6937772345754039 
1572835533 4.24011099e-06 0.30411270561453607 0.6958872943854639 
2799798816 1.48685674e-06 0.2925915015398354 0.7074084984601646 
2250879299 3.962001e-08 0.30051544072331726 0.6994845592766827 
769686034 5.333092000000001e-08 0.47100256286596964 0.5289974371340304 
921425487 1.4e-08 0.18072145355763972 0.8192785464423603 
385785803 2.369999e-08 0.18542778198343599 0.814572218016564 
2190522392 2.791e-08 0.3 3.512807 
1134132465 2.791e-08 0.3 3.972905 
1035956119 1.506164e-08 0.29999999463700994 0.70000000536299 
937177227 1.436787e-08 0.30000007716441335 0.6999999228355867 
313359544 1.466659e-08 0.30378577771239984 0.6962142222876002 
472358284 1.436673e-08 0.2965488703064617 0.7034511296935383 
1199222225 1.407932e-08 0.38699888847239017 0.6130011115276098 
3802520055 2.009337e-08 0.37294628322322315 0.6270537167767769 
2013640095 2.270043e-08 0.30143765071941353 0.6985623492805865 
2027098952 2.1374660000000002e-08 0.34506455034711875 0.6549354496528812 
2707460946 1.757224e-08 0.2999999541111312 0.7000000458888689 
2606325002 1.43938e-08 0.2999999541111312 0.7000000458888689 
2024675612 1.43938e-08 0.2999999541111312 0.7000000458888689 
3314075649 1.43938e-08 0.2999999541111312 0.7000000458888689 
3458484829 1.43938e-08 0.2999999541111312 0.7000000458888689 
2719204682 1.43938e-08 0.2999999541111312 0.7000000458888689 
463844675 1.43938e-08 0.2999999541111312 0.7000000458888689 
3167902617 1.43938e-08 0.2999999541111312 0.7000000458888689 
3468130899 1.43938e-08 0.2999999541111312 0.7000000458888689 
2475979558 1.459172e-08 0.3406211645537736 0.6593788354462264 
2564127097 1.4e-08 0.29999926908096386 0.7000007309190361 
3554620561 1.472778e-08 0.29999926908096386 0.7000007309190361 
3967778277 1.472778e-08 0.29999926908096386 0.7000007309190361 
1759850032 1.472778e-08 0.29999926908096386 0.7000007309190361 
346987663 1.472778e-08 0.29999926908096386 0.7000007309190361 
1598213090 1.4e-08 0.36670616889559116 0.6332938311044088 
826924968 1.776133e-08 0.3226617945567144 0.6773382054432856 
3190311976 1.4e-08 0.44767679578993846 0.5523232042100615 
3177521820 1.608305e-08 0.16792748582791953 0.8320725141720805 
764400056 1.448414e-08 0.2981288042979976 0.7018711957020024 
2766526296 1.4e-08 0.09436506780497698 0.905634932195023 
1923515514 1.675465e-08 0.3559832200269796 0.6440167799730204 
3339828518 1.4e-08 0.9999999999999999 1.1102230246251565e-16 
105819081 1.4e-08 0.5980710013778561 0.40192899862214393 
533433650 1.4e-08 0.2900055407419951 0.709994459258005 
