179097684 6.685202299999999e-07 0.30337138253749363 0.6966286174625064 
3921011129 2.8289980000000003e-06 0.29822501374929844 0.7017749862507016 
2235064901 4.04706375e-06 0.29990283182098443 0.7000971681790156 
3004792470 5.1131788e-07 0.2924969806812737 0.7075030193187263 
426576124 2.791e-07 0.3 3.100238 
873214132 2.1508090000000002e-08 0.32270315241943665 0.6772968475805634 
1986278615 1.9311060000000003e-08 0.2770859661481715 0.7229140338518285 
1503861029 2.791e-08 0.3 2.197807 
4061687915 2.791e-08 0.3 2.227322 
3988949870 2.791e-08 0.3 2.286942 
1651612823 2.791e-08 0.3 2.347346 
1347872676 2.791e-08 0.3 2.580848 
3833318790 2.791e-08 0.3 2.875614 
825415804 2.791e-08 0.3 3.011721 
300193622 2.791e-08 0.3 3.311367 
266059373 2.1137880000000002e-08 0.13260178641050946 0.8673982135894905 
43001897 1.4e-08 0.19964838060438023 0.8003516193956197 
3709881891 2.791e-08 0.3 0.7 
2768642543 2.791e-08 0.3 3.874722 
302486611 1.402224e-08 0.3000000567336752 0.6999999432663249 
1078741991 1.402224e-08 0.3000000567336752 0.6999999432663249 
438292632 1.402224e-08 0.3000000567336752 0.6999999432663249 
3147695692 1.402224e-08 0.3000000567336752 0.6999999432663249 
740082705 1.402224e-08 0.3000000567336752 0.6999999432663249 
3288380490 1.668593e-08 0.3012656223368181 0.6987343776631819 
2945849429 1.43005e-08 0.2930452318256059 0.7069547681743942 
965372172 1.915567e-08 0.4335096379298878 0.5664903620701123 
528880979 1.6227159999999995e-08 0.44874721753644947 0.5512527824635505 
2521380987 1.469414e-08 0.28431054546042994 0.71568945453957 
3929228125 1.446479e-08 0.28881850054317565 0.7111814994568244 
3702894340 1.446479e-08 0.28881850054317565 0.7111814994568244 
4285585893 1.446479e-08 0.28881850054317565 0.7111814994568244 
406745133 1.446479e-08 0.28881850054317565 0.7111814994568244 
2883513480 1.446479e-08 0.28881850054317565 0.7111814994568244 
2707460946 1.439108e-08 0.29215571659709977 0.7078442834029002 
627452446 1.453458e-08 0.2999997147380817 0.7000002852619183 
1462644303 1.501833e-08 0.0 1.0 
4088625113 1.4e-08 0.9911405133130105 0.008859486686989548 
287394855 1.991813e-08 0.34979907854950737 0.6502009214504927 
2670951229 2.137479e-08 0.33769104011112705 0.662308959888873 
3211480542 2.133005e-08 0.3222905372764824 0.6777094627235176 
1922039940 1.4e-08 0.27635866164562184 0.7236413383543782 
1495382923 1.4e-08 0.08811307850299696 0.911886921497003 
2766526296 1.4e-08 0.2979080962355218 0.7020919037644782 
470332523 1.418739e-08 0.14723282289666814 0.8527671771033318 
3270476896 1.494588e-08 0.27113850393714495 0.728861496062855 
1987038079 1.414624e-08 0.29960974316154926 0.7003902568384508 
2039170765 1.414624e-08 0.29960974316154926 0.7003902568384508 
2810179169 1.429248e-08 0.29654415000767076 0.7034558499923292 
101557930 1.562176e-08 0.19461872244118525 0.8053812775588147 
2222966094 1.542799e-08 0.9999999999999987 1.3322676295501878e-15 
3284371529 2.140533e-08 0.14499135364143312 0.8550086463585669 
871205577 1.4e-08 0.2968023594430233 0.7031976405569766 
110318614 1.493005e-08 0.0 1.0 
3076001680 1.619559e-08 0.023426384936587726 0.9765736150634122 
1797275806 1.4e-08 0.3320420127920197 0.6679579872079803 
3730019172 1.4e-08 0.30045769588029053 0.6995423041197095 
2714424842 1.4e-08 0.3027393809358311 0.6972606190641689 
220748477 1.4e-08 0.26195146313416806 0.7380485368658319 
2574253871 1.4e-08 0.28107751621316734 0.7189224837868327 
3866772787 1.4e-08 0.30000005374418726 0.6999999462558127 
3085765731 1.4e-08 0.28467277069263097 0.715327229307369 
1403954297 1.4e-08 0.9999999999999998 2.220446049250313e-16 
102828162 1.4e-08 0.2846126221638973 0.7153873778361026 
3962269793 1.922104e-08 0.2885979684348397 0.7114020315651604 
4106915849 1.4e-08 0.13890613616778733 0.8610938638322126 
977281884 1.4e-08 0.4491897644613472 0.5508102355386528 
2025893757 1.4e-08 0.2810353783403871 0.7189646216596128 
1090143039 1.4e-08 0.3060297033130341 0.6939702966869659 
253060996 1.4e-08 0.0 1.0 
571790981 1.4e-08 0.29926877703760746 0.7007312229623925 
517786421 1.446147e-08 0.28836078959499717 0.7116392104050029 
2256454524 1.4e-08 0.29448338810361435 0.7055166118963856 
2606270759 1.564654e-08 0.32106536241503425 0.6789346375849658 
4081327903 1.564654e-08 0.32106536241503425 0.6789346375849658 
3325553423 1.4e-08 0.7315909013220927 0.2684090986779073 
4124564224 1.4e-08 0.2930452318256059 0.7069547681743942 
1852572783 1.4e-08 0.2629081768234124 0.7370918231765876 
3229926557 1.4e-08 0.21022636644715656 0.7897736335528435 
2972065009 1.4e-08 0.1564922632322789 0.8435077367677211 
4052933330 1.4e-08 0.25948488057407904 0.740515119425921 
3239027265 1.760379e-08 0.34226619778506023 0.6577338022149397 
3357191835 1.4e-08 0.29229387543145646 0.7077061245685435 
2437059955 1.4e-08 0.2881173953473161 0.7118826046526838 
445707895 1.545666e-08 0.27080991454893627 0.7291900854510638 
480183180 1.438971e-08 0.3052334934928695 0.6947665065071305 
3892593010 1.438971e-08 0.3052334934928695 0.6947665065071305 
776375684 1.4e-08 0.30032208141304156 0.6996779185869584 
1678023283 1.4e-08 0.6006109309490808 0.3993890690509192 
