179097684 6.8450435e-07 0.3001261284662267 0.6998738715337733 
3534547045 1.163219e-06 0.30184752233099266 0.6981524776690073 
3921011129 1.12691954e-06 0.29770597924079545 0.7022940207592046 
2340740170 1.89569441e-06 0.2971759740146097 0.7028240259853903 
2246051850 1.13607157e-06 0.2945639377785241 0.7054360622214759 
4259593397 3.45341835e-06 0.29976891233569153 0.7002310876643085 
2555962951 1.710271e-06 0.2998513010116569 0.7001486989883431 
290926289 2.791e-08 0.3 2.408534 
164438789 4.08662e-08 0.39369645024457517 0.6063035497554248 
2250757420 2.791e-08 0.3 3.835792 
1837234470 1.401835e-08 0.2999999399688207 0.7000000600311793 
481808867 1.485585e-08 0.30000002714656393 0.6999999728534361 
3607413901 1.4e-08 0.2052057887705531 0.7947942112294469 
1960974751 1.408392e-08 0.2958207269753552 0.7041792730246448 
3180086772 1.408392e-08 0.2958207269753552 0.7041792730246448 
79461789 1.408392e-08 0.2958207269753552 0.7041792730246448 
72955594 1.408392e-08 0.2958207269753552 0.7041792730246448 
1771264541 1.408392e-08 0.2958207269753552 0.7041792730246448 
1759850032 1.416805e-08 0.29999928069330545 0.7000007193066946 
2472898255 1.416805e-08 0.29999928069330545 0.7000007193066946 
3459912306 1.416805e-08 0.29999928069330545 0.7000007193066946 
381652938 1.475288e-08 0.29902301776464413 0.7009769822353559 
