179097684 9.030329e-07 0.3006368038305845 0.6993631961694156 
3534547045 3.7741490000000003e-06 0.3050021167863245 0.6949978832136755 
1222799196 2.32455244e-06 0.2895697723902526 0.7104302276097474 
4259593397 3.775073e-07 0.31006367178757965 0.6899363282124203 
2487301543 2.791e-08 0.3 1.734396 
739080713 2.791e-08 0.3 2.486124 
326805806 1.399999e-08 0.5980718557656113 0.4019281442343887 
3384709749 2.791e-08 0.3 3.720179 
3245569981 2.791e-08 0.3 3.777765 
1078741991 1.566419e-08 0.40089848246222753 0.5991015175377725 
4209590891 1.652623e-08 0.313746823201798 0.6862531767982021 
410848061 1.411141e-08 0.2999999288572694 0.7000000711427306 
2848685905 1.458727e-08 0.2999996864926241 0.7000003135073759 
1826422368 1.458727e-08 0.2999996864926241 0.7000003135073759 
1906851972 1.458727e-08 0.3000000537441873 0.6999999462558126 
1896745001 1.458727e-08 0.3000000537441873 0.6999999462558126 
2369258877 1.758997e-08 0.3983207158211618 0.6016792841788382 
249728555 1.807835e-08 0.3985622313969023 0.6014377686030977 
4285226245 1.4e-08 0.2999999999999994 0.7000000000000006 
2449448537 1.4e-08 0.0 1.0 
627452446 1.748783e-08 0.3653843350902415 0.6346156649097585 
2622395779 1.491488e-08 0.30260764207038476 0.6973923579296153 
649593533 1.405857e-08 0.4047050788412181 0.5952949211587819 
3707800333 1.969635e-08 0.31027947924389193 0.6897205207561081 
2348040613 1.4e-08 0.29480256019761814 0.7051974398023819 
2733144751 2.4781700000000003e-08 0.3384171519112419 0.6615828480887581 
2649056468 1.4000000000000001e-08 0.0 1.0 
2780384598 1.410477e-08 0.2974097313753771 0.7025902686246229 
1495382923 1.410477e-08 0.2974097313753771 0.7025902686246229 
2747938267 1.4209540000000002e-08 0.29893479623456287 0.7010652037654371 
2744143284 1.427114e-08 0.26191178194850706 0.7380882180514929 
2751602400 1.4e-08 0.29622598606544254 0.7037740139345574 
4156410056 1.4e-08 0.30091913477332505 0.6990808652266749 
2197427154 1.4e-08 0.29999999477707767 0.7000000052229223 
3690557900 1.464749e-08 0.29999999477707767 0.7000000052229223 
769315986 1.464749e-08 0.29999999477707767 0.7000000052229223 
1856937876 1.464749e-08 0.29999999477707767 0.7000000052229223 
354497373 1.464749e-08 0.29999999477707767 0.7000000052229223 
1230311851 1.464749e-08 0.29999999477707767 0.7000000052229223 
3825172902 1.464749e-08 0.29999999477707767 0.7000000052229223 
110318614 1.464749e-08 0.29999999477707767 0.7000000052229223 
1063934737 1.464749e-08 0.29999999477707767 0.7000000052229223 
2445084109 1.464749e-08 0.29999999477707767 0.7000000052229223 
1905833305 1.464749e-08 0.29999999477707767 0.7000000052229223 
3879652638 1.464749e-08 0.29999999477707767 0.7000000052229223 
1629863604 1.464749e-08 0.29999999477707767 0.7000000052229223 
3076001680 1.464749e-08 0.29999999477707767 0.7000000052229223 
1493833725 1.464749e-08 0.29999999477707767 0.7000000052229223 
564959126 1.4e-08 0.24761658457160443 0.7523834154283956 
3584287056 1.450781e-08 0.29379235499296785 0.7062076450070321 
2282291379 1.4e-08 0.3008526814381326 0.6991473185618674 
1483909303 1.464067e-08 0.36796896252291783 0.6320310374770821 
63319263 1.4e-08 0.3026076420703848 0.6973923579296152 
3673394291 1.4e-08 0.2928491969818001 0.7071508030181999 
4188119649 1.4e-08 0.29711025394202634 0.7028897460579737 
1275089537 1.4e-08 0.0 1.0 
3700209637 1.4e-08 0.0 1.0 
3320450569 1.979096e-08 0.4655662996883851 0.5344337003116149 
