179097684 7.095030800000001e-07 0.28741804182891667 0.7125819581710833 
3534547045 2.179636e-06 0.30655964419562043 0.6934403558043796 
3921011129 1.492949e-06 0.3058976668664498 0.6941023331335502 
3150846686 2.5455504e-06 0.31013897456725364 0.6898610254327464 
1222799196 1.18388166e-06 0.26831554841222344 0.7316844515877765 
290926289 2.791e-08 0.3 2.408534 
4226750145 2.791e-08 0.3 2.892456 
2757833455 1.3999999999999998e-08 0.3728471214421377 0.6271528785578623 
3099973400 1.445408e-08 0.3000000353367339 0.6999999646632661 
110318614 1.4e-08 0.2969692301291022 0.7030307698708977 
1804212609 1.401222e-08 0.17846495817620595 0.8215350418237941 
