3921011129 2.52830169e-06 0.29845084038165737 0.7015491596183426 
545239233 2.473808e-06 0.299778731976844 0.700221268023156 
1572835533 2.7938394600000002e-06 0.30035333312927043 0.6996466668707295 
2555962951 2.2441434600000004e-06 0.3028287555025856 0.6971712444974144 
1403705120 3.2792e-07 0.3060620087367131 0.6939379912632869 
1239791232 2.791e-08 0.3 2.709894 
3838279446 2.791e-08 0.3 2.943275 
2326007700 2.791e-08 0.3 2.994536 
392861532 2.791e-08 0.3 3.347551 
1134132465 2.791e-08 0.3 3.972905 
1913762779 1.449514e-08 0.29503074637607096 0.704969253623929 
1736323711 1.419113e-08 0.3045571917159616 0.6954428082840385 
4096225443 1.627333e-08 0.3000000537441875 0.6999999462558125 
907719639 1.420257e-08 0.15055415931854732 0.8494458406814527 
1896745001 1.835344e-08 0.4606176167556626 0.5393823832443374 
4256642775 1.451546e-08 0.29903743817306855 0.7009625618269315 
2449448537 1.466438e-08 0.29884277879476767 0.7011572212052324 
3707800333 1.451546e-08 0.29903743817306855 0.7009625618269315 
105819081 1.435902e-08 0.41164195142598137 0.5883580485740186 
1342185090 1.4e-08 0.3087150500054382 0.6912849499945618 
1657444763 1.407446e-08 0.29879997903359656 0.7012000209664034 
470332523 1.407446e-08 0.29879997903359656 0.7012000209664034 
3217169414 1.407446e-08 0.29879997903359656 0.7012000209664034 
2208266878 1.407446e-08 0.29879997903359656 0.7012000209664034 
1292024166 1.407446e-08 0.29879997903359656 0.7012000209664034 
4201342597 1.407446e-08 0.29879997903359656 0.7012000209664034 
762210064 1.407446e-08 0.29879997903359656 0.7012000209664034 
570164134 1.407446e-08 0.29879997903359656 0.7012000209664034 
2039170765 1.407446e-08 0.29879997903359656 0.7012000209664034 
118566979 1.407446e-08 0.29879997903359656 0.7012000209664034 
678688578 1.4e-08 0.2988996662271724 0.7011003337728277 
2919535035 1.4e-08 0.2962256483593304 0.7037743516406696 
3663377129 1.4e-08 0.2965551746886015 0.7034448253113985 
1965972368 1.4e-08 0.0 1.0 
3320450569 1.440369e-08 0.30015011122159985 0.6998498887784002 
253060996 1.4e-08 0.15188058980420532 0.8481194101957947 
