3534547045 1.188637e-06 0.30075084967618476 0.6992491503238152 
2235064901 3.3310810000000003e-06 0.30317999490527253 0.6968200050947275 
1572835533 5.41263502e-06 0.2967388724355616 0.7032611275644385 
2519559028 8.9573568e-07 0.3558121962056357 0.6441878037943642 
2620740164 1.3999999999999998e-08 0.45339109479920464 0.5466089052007954 
2326007700 1.4e-08 0.0 1.0 
1104410542 1.472778e-08 0.30000010032245067 0.6999998996775494 
3869596591 1.498425e-08 0.3096298143881981 0.6903701856118019 
2848685905 1.425981e-08 0.2999998544575606 0.7000001455424394 
3707800333 1.46505e-08 0.2999998859971807 0.7000001140028194 
309459595 1.518632e-08 0.3110034350014117 0.6889965649985883 
1323984060 1.4e-08 0.29026401717092504 0.709735982829075 
1987038079 1.450596e-08 0.2999999163979359 0.7000000836020641 
3797386594 1.450596e-08 0.2999999163979359 0.7000000836020641 
241690685 1.76573e-08 0.3719957384729343 0.6280042615270657 
2810179169 1.444e-08 0.30770780479050686 0.6922921952094931 
213831427 2.091e-08 0.30000017345919483 0.6999998265408052 
3320450569 1.4e-08 0.26918566059225885 0.7308143394077411 
1268185054 1.4e-08 0.2810826547248485 0.7189173452751515 
4108567391 1.1203798000000001e-07 0.2993515925349766 0.7006484074650234 
3132125139 1.426768e-08 0.2757031792908881 0.7242968207091118 
3242796679 1.426768e-08 0.2757031792908881 0.7242968207091118 
444974319 1.426768e-08 0.2757031792908881 0.7242968207091118 
3734593757 1.426768e-08 0.2757031792908881 0.7242968207091118 
111235536 1.426768e-08 0.2757031792908881 0.7242968207091118 
1490861810 1.426768e-08 0.2757031792908881 0.7242968207091118 
845186953 1.426768e-08 0.2757031792908881 0.7242968207091118 
2279859862 1.426768e-08 0.2757031792908881 0.7242968207091118 
1407916447 1.426768e-08 0.2757031792908881 0.7242968207091118 
3539250331 2.853536e-08 0.2757031792908881 0.7242968207091118 
2929070229 1.426768e-08 0.2757031792908881 0.7242968207091118 
368451981 1.426768e-08 0.2757031792908881 0.7242968207091118 
2937776487 1.426768e-08 0.2757031792908881 0.7242968207091118 
4232177374 1.426768e-08 0.2757031792908881 0.7242968207091118 
34775558 1.426768e-08 0.2757031792908881 0.7242968207091118 
747443871 1.426768e-08 0.2757031792908881 0.7242968207091118 
2640871332 1.426768e-08 0.2757031792908881 0.7242968207091118 
1056843563 1.426768e-08 0.2757031792908881 0.7242968207091118 
303951786 1.426768e-08 0.2757031792908881 0.7242968207091118 
834694043 1.426768e-08 0.2757031792908881 0.7242968207091118 
3563967453 1.426768e-08 0.2757031792908881 0.7242968207091118 
1235889872 1.990768e-08 0.18564108865081602 0.814358911349184 
3775520932 1.990768e-08 0.18564108865081602 0.814358911349184 
3568714221 1.4e-08 0.2766821615376771 0.7233178384623229 
