179097684 6.988500999999999e-07 0.2986893295642265 0.7013106704357734 
3373526895 1.366708e-06 0.29705808260864397 0.702941917391356 
2235064901 1.4114682799999999e-06 0.2997423800305359 0.7002576199694641 
3150846686 4.40617969e-06 0.3061275215548235 0.6938724784451765 
4031050948 1.8804126e-06 0.30001364834237415 0.6999863516576259 
129185354 2.796194e-08 0.3008248558357105 0.6991751441642895 
3736894086 2.791e-08 0.3 2.596808 
199935986 2.791e-08 0.3 0.7 
2027098952 1.487161e-08 0.30124278080388955 0.6987572191961104 
309459595 1.7883000000000002e-08 0.3154412796216409 0.6845587203783591 
2704180049 1.450602e-08 0.3030013435290671 0.696998656470933 
515125813 1.44505e-08 0.3000000200127698 0.6999999799872302 
2454553876 1.47161e-08 0.30339342377300715 0.6966065762269928 
3339828518 1.44505e-08 0.3000000200127698 0.6999999799872302 
110318614 1.4e-08 0.28027623267749296 0.719723767322507 
2056593038 1.4e-08 0.29790967891061626 0.7020903210893837 
3962269793 1.404118e-08 0.03087453954513606 0.9691254604548639 
253060996 1.545501e-08 0.999941765907576 5.8234092424003236e-05 
486617589 1.4e-08 0.293567576252502 0.7064324237474979 
3132125139 1.42656e-08 0.29408652490266346 0.7059134750973366 
2937776487 1.42656e-08 0.29408652490266346 0.7059134750973366 
1972280475 1.4e-08 0.25156533546947923 0.7484346645305208 
3790847783 1.422736e-08 0.2962207510932641 0.7037792489067358 
1780437574 1.4e-08 0.4009938522786716 0.5990061477213284 
1568097097 1.403464e-08 0.0 1.0 
987951561 1.421464e-08 0.2915103786725122 0.7084896213274878 
2076479023 1.41627e-08 0.29034409791317317 0.7096559020868268 
4033914667 1.4408337e-06 0.2873283340175556 0.7126716659824444 
158383826 1.423138e-08 0.28712339013088045 0.7128766098691195 
4173667888 1.4e-08 0.37494142420016985 0.6250585757998302 
1170376605 1.4e-08 0.2959868621819142 0.7040131378180858 
937108946 1.508853e-08 0.3256013119573769 0.6743986880426232 
2666331198 1.4e-08 0.2966310489281107 0.7033689510718892 
3029967998 1.4e-08 0.29091712366924394 0.7090828763307561 
2974776181 1.4e-08 0.24820278887942337 0.7517972111205766 
3365535355 1.4e-08 0.2961319177989505 0.7038680822010495 
2796062071 1.4e-08 0.2951823870408637 0.7048176129591364 
