3534547045 1.56237102e-06 0.29595936679489 0.70404063320511 
3373526895 2.821293e-06 0.2977997228011827 0.7022002771988173 
2340740170 1.27675902e-06 0.302785017436894 0.697214982563106 
1572835533 9.8461264e-07 0.2840854699058006 0.7159145300941994 
1465560917 1.389556e-06 0.32954938182633076 0.6704506181736692 
3004792470 7.1254299e-07 0.3000135093572468 0.6999864906427532 
426576124 3.6283e-07 0.30000000000000004 0.7 
1516068388 2.796249e-08 0.30131401030451865 0.6986859896954813 
1481166135 2.791e-08 0.3 1.411911 
2408568032 2.791e-08 0.3 1.644313 
3774459889 2.791e-08 0.3 1.773738 
3933289935 1.497875e-08 0.3724588008402308 0.6275411991597692 
511603307 2.791e-08 0.3 0.7 
1593850299 1.4000009999999996e-08 0.24797570117378612 0.7520242988262139 
598947138 2.791e-08 0.3 2.033153 
659524895 2.1584080000000002e-08 0.30730851652220814 0.6926914834777919 
2466232951 2.791e-08 0.3 2.139364 
333964007 2.791e-08 0.3 2.153901 
3197676583 2.791e-08 0.3 2.21254 
3891448235 2.791e-08 0.3 2.242153 
3823443426 1.4e-08 0.0 1.0 
164438789 2.791e-08 0.3 2.454941 
1664502715 2.791e-08 0.3 2.726246 
385785803 1.4e-08 0.3397841131827711 0.660215886817229 
1128709694 1.4e-08 0.5980714285714286 0.4019285714285714 
937177227 1.46505e-08 0.29999999999999993 0.7000000000000001 
2999719241 1.46505e-08 0.29999999999999993 0.7000000000000001 
1931993247 1.46505e-08 0.29999999999999993 0.7000000000000001 
1172086036 1.405249e-08 0.29999998925116483 0.7000000107488351 
4083845756 1.4e-08 0.12251642195141056 0.8774835780485895 
898751805 1.551056e-08 0.07113132208706009 0.9288686779129399 
2125331604 1.472778e-08 0.2999999785023303 0.7000000214976697 
4240624600 1.472778e-08 0.2999999785023303 0.7000000214976697 
3349724438 1.472778e-08 0.2999999785023303 0.7000000214976697 
4253718737 1.472778e-08 0.2999999785023303 0.7000000214976697 
3815024321 1.4e-08 0.3538983934301312 0.6461016065698688 
3604532305 1.545556e-08 0.29999997850233007 0.7000000214976699 
2533881277 1.475853e-08 0.3972268565883693 0.6027731434116307 
472358284 1.863232e-08 0.6740704662461608 0.32592953375383915 
4055959668 2.091e-08 0.4004304160688666 0.5995695839311335 
2848685905 1.420773e-08 0.24886731230866005 0.75113268769134 
1896745001 1.793336e-08 0.2987942385614318 0.7012057614385683 
3099973400 1.430674e-08 0.11718686936929297 0.882813130630707 
754560055 1.430674e-08 0.11718686936929297 0.882813130630707 
3563522875 1.4e-08 0.29821001874155306 0.7017899812584469 
3302973195 1.403102e-08 0.29821001874155306 0.7017899812584469 
2589646060 1.403102e-08 0.29821001874155306 0.7017899812584469 
3433591204 1.403102e-08 0.29821001874155306 0.7017899812584469 
1237914369 1.403102e-08 0.29821001874155306 0.7017899812584469 
2649056468 1.403102e-08 0.29821001874155306 0.7017899812584469 
1771264541 1.4e-08 0.29737548921086443 0.7026245107891356 
3449694611 1.4e-08 0.24694737041023265 0.7530526295897674 
1194638860 1.711796e-08 0.2953923363152892 0.7046076636847107 
114837353 1.711796e-08 0.2953923363152892 0.7046076636847107 
