179097684 6.6469335e-07 0.29736600586429157 0.7026339941357085 
3373526895 2.0874e-06 0.30769250843459633 0.6923074915654037 
2246051850 1.89285224e-06 0.30228325901403935 0.6977167409859606 
1465560917 2.40254824e-06 0.3009820094004326 0.6990179905995674 
2519559028 3.0700996e-07 0.3000000156173201 0.6999999843826799 
3498415124 2.442015e-08 0.34153948857102967 0.6584605114289703 
3555679070 4.241835e-08 0.2999999766045681 0.7000000233954319 
2408568032 2.791e-08 0.3 1.644313 
1156624510 2.791e-08 0.3 0.7 
333964007 1.948061e-08 0.42981200280689363 0.5701879971931063 
2250879299 2.791e-08 0.3 0.7 
1878784256 1.4e-08 0.0 1.0 
1664502715 2.791e-08 0.3 2.726246 
3176785673 1.7628289999999997e-08 0.4749751677559197 0.5250248322440803 
2261252686 2.428462e-08 0.3076488476565407 0.6923511523434593 
199935986 2.791e-08 0.3 2.926287 
3838279446 4.241835e-08 0.2999999766045681 0.7000000233954319 
251961497 2.791e-08 0.3 3.080951 
728028737 2.791e-08 0.3 3.098381 
921425487 2.791e-08 0.3 3.293348 
3245569981 2.791e-08 0.3 3.777765 
2729381062 2.791e-08 0.3 3.894261 
2707128518 1.450835e-08 0.29999993159831284 0.7000000684016872 
2312786130 1.450835e-08 0.29999993159831284 0.7000000684016872 
3375523036 1.450835e-08 0.29999993159831284 0.7000000684016872 
451270221 1.4e-08 0.30000000000000004 0.7 
2250775120 2.091e-08 0.30000000000000004 0.7 
2159618959 1.466094e-08 0.29999998282095247 0.7000000171790475 
3401497744 1.466094e-08 0.29999998282095247 0.7000000171790475 
432337108 1.466094e-08 0.29999998282095247 0.7000000171790475 
4209590891 1.466094e-08 0.29999998282095247 0.7000000171790475 
3986570268 1.466094e-08 0.29999998282095247 0.7000000171790475 
174500547 1.466094e-08 0.29999998282095247 0.7000000171790475 
1370908750 2.091e-08 0.3316424760839797 0.6683575239160203 
976558236 2.091e-08 0.4004304160688666 0.5995695839311335 
2438291630 2.091e-08 0.4004304160688666 0.5995695839311335 
3121292019 1.912697e-08 0.2188794147740076 0.7811205852259924 
1950077488 1.828632e-08 0.28984215464686347 0.7101578453531365 
3111692719 1.6572319999999997e-08 0.17935192772590794 0.8206480722740921 
3332562587 1.4e-08 0.2979974809772043 0.7020025190227956 
3929228125 1.420918e-08 0.1531581698452825 0.8468418301547175 
766581564 1.409711e-08 0.32936257904463623 0.6706374209553638 
1743198400 1.402176e-08 0.3000000532412307 0.6999999467587693 
3952655669 1.402176e-08 0.3000000532412307 0.6999999467587693 
896813269 2.804352e-08 0.3000000532412307 0.6999999467587693 
1736323711 1.402176e-08 0.3000000532412307 0.6999999467587693 
1199222225 1.402176e-08 0.3000000532412307 0.6999999467587693 
3492274228 1.402176e-08 0.3000000532412307 0.6999999467587693 
1420914473 1.402176e-08 0.3000000532412307 0.6999999467587693 
1086559163 1.402176e-08 0.3000000532412307 0.6999999467587693 
3063534263 1.402176e-08 0.3000000532412307 0.6999999467587693 
4167430602 1.402176e-08 0.3000000532412307 0.6999999467587693 
1896745001 1.4e-08 0.29891205332398296 0.701087946676017 
2369258877 1.4e-08 0.3004663390382685 0.6995336609617315 
2589646060 1.412929e-08 0.2908354759078826 0.7091645240921174 
463844675 1.412929e-08 0.2908354759078826 0.7091645240921174 
627452446 2.819153e-08 0.2922997506594492 0.7077002493405509 
3202152185 1.412929e-08 0.2908354759078826 0.7091645240921174 
2185291493 1.412929e-08 0.2908354759078826 0.7091645240921174 
4287239676 1.412929e-08 0.2908354759078826 0.7091645240921174 
1237914369 1.425858e-08 0.28819831858365186 0.7118016814163481 
1831065885 1.412929e-08 0.2908354759078826 0.7091645240921174 
1553963666 1.412929e-08 0.2908354759078826 0.7091645240921174 
2649056468 1.412929e-08 0.2908354759078826 0.7091645240921174 
552498239 1.425858e-08 0.29191662034534244 0.7080833796546575 
114837353 2.825858e-08 0.2908354759078826 0.7091645240921174 
1850435983 4.4003140000000005e-08 0.4382866155607763 0.5617133844392237 
2426951832 1.406224e-08 0.29377100720211674 0.7062289927978833 
3089865955 1.406224e-08 0.29377100720211674 0.7062289927978833 
2654473721 1.406224e-08 0.29377100720211674 0.7062289927978833 
2704180049 1.406224e-08 0.29377100720211674 0.7062289927978833 
771359632 1.406224e-08 0.29377100720211674 0.7062289927978833 
4186562710 1.406224e-08 0.29377100720211674 0.7062289927978833 
1922039940 1.406224e-08 0.29377100720211674 0.7062289927978833 
2472898255 1.406224e-08 0.29377100720211674 0.7062289927978833 
3459912306 1.406224e-08 0.29377100720211674 0.7062289927978833 
1598213090 1.406224e-08 0.29377100720211674 0.7062289927978833 
1298902656 1.406224e-08 0.29377100720211674 0.7062289927978833 
3532628785 1.406224e-08 0.29377100720211674 0.7062289927978833 
3190311976 2.812448e-08 0.29377100720211674 0.7062289927978833 
841878026 1.406224e-08 0.29377100720211674 0.7062289927978833 
3177521820 1.406224e-08 0.29377100720211674 0.7062289927978833 
3363025910 1.406224e-08 0.29377100720211674 0.7062289927978833 
96665495 1.406224e-08 0.29377100720211674 0.7062289927978833 
149784911 1.406224e-08 0.29377100720211674 0.7062289927978833 
3279439195 1.716753e-08 0.0 1.0 
2208266878 1.4e-08 0.28477822969270766 0.7152217703072923 
3715668764 1.791666e-08 0.11875981372415095 0.881240186275849 
3418547556 1.791666e-08 0.11664764510941533 0.8833523548905846 
3270476896 1.463615e-08 0.3210150242430111 0.6789849757569889 
3934203265 2.081091e-08 0.21445016296489214 0.7855498370351078 
1323984060 1.4e-08 0.2933343868036276 0.7066656131963724 
4197927596 1.4e-08 0.2921994472821579 0.7078005527178421 
1414892502 1.4e-08 0.5980714285714285 0.4019285714285715 
4201342597 1.4e-08 0.2950768183964078 0.7049231816035921 
3590332688 1.4e-08 0.5980718557656113 0.4019281442343887 
1745749016 1.4e-08 0.0 1.0 
2933223072 1.4e-08 0.29083547590788256 0.7091645240921174 
1987038079 1.660898e-08 0.0 1.0 
3797386594 1.489992e-08 0.28827677393081835 0.7117232260691817 
1280619132 1.4e-08 0.2798899903414253 0.7201100096585746 
4105879141 1.4e-08 0.2935213415278919 0.7064786584721081 
