179097684 7.754807999999999e-07 0.28717193836167026 0.7128280616383298 
1572835533 2.2766300000000003e-06 0.29764933491643314 0.7023506650835669 
2799798816 5.5932038e-06 0.3041411840875507 0.6958588159124492 
4031050948 7.7270053e-07 0.27592301293302784 0.7240769870669721 
426576124 4.702955e-07 0.328008593077367 0.6719914069226329 
2440120768 2.7933089999999998e-08 0.29975201454618877 0.7002479854538113 
1347872676 2.791e-08 0.3 2.580848 
2710766136 1.90182e-08 0.051499478919985985 0.948500521080014 
300193622 2.791e-08 0.3 3.311367 
3384709749 2.791e-08 0.3 3.720179 
3396227953 1.437577e-08 0.3000000232199294 0.6999999767800706 
2898323513 1.458727e-08 0.29999987459689675 0.7000001254031032 
4096225443 1.488967e-08 0.30835708110404686 0.6916429188959532 
2681498831 1.413618e-08 0.28885915240011656 0.7111408475998835 
481808867 1.413618e-08 0.28885915240011656 0.7111408475998835 
649593533 1.463452e-08 0.23819438947624708 0.761805610523753 
114837353 1.498228e-08 0.0 1.0 
1703904600 1.645319e-08 0.0 1.0 
3284371529 1.558052e-08 0.29214567010587456 0.7078543298941254 
3654632673 2.091e-08 0.390587690384003 0.609412309615997 
128622011 1.523087e-08 0.3049122086843226 0.6950877913156774 
3609244734 1.446336e-08 0.28340706712280894 0.7165929328771911 
2039580977 1.419886e-08 0.30158935104476553 0.6984106489552344 
2262451740 1.4e-08 0.2998995056291297 0.7001004943708703 
2653682721 1.4e-08 0.6672372233641977 0.33276277663580234 
1035993485 1.495247e-08 0.17952662610257372 0.8204733738974263 
3582615942 4.787646e-08 0.19704101825782866 0.8029589817421714 
397871699 1.4e-08 0.2945169937346158 0.7054830062653842 
3113011764 1.4e-08 0.3004695702762962 0.6995304297237037 
987951561 1.4e-08 0.28510917223068255 0.7148908277693174 
2625819210 1.467188e-08 0.31112586772654366 0.6888741322734564 
1810710620 1.467188e-08 0.31112586772654366 0.6888741322734564 
3992359301 1.4e-08 0.36614190272371167 0.6338580972762884 
4003951159 1.58681e-08 0.36614190272371167 0.6338580972762884 
2076479023 1.4e-08 0.1454338624876564 0.8545661375123436 
2429918584 2.225871e-08 0.34290483110403924 0.6570951688959608 
2818974547 1.4e-08 0.14418517760626726 0.8558148223937327 
3918917420 1.4e-08 0.29566724460764077 0.7043327553923593 
3030365988 1.4e-08 0.28194178378396284 0.7180582162160372 
476539146 1.4e-08 0.2792399080493923 0.7207600919506076 
1418880935 1.409337e-08 0.4413204991324839 0.558679500867516 
3492071944 1.75684e-08 0.4778401705358074 0.5221598294641926 
2049910583 1.863228e-08 0.44632761424855977 0.5536723857514403 
1554871714 1.4e-08 0.24012303071844385 0.7598769692815561 
2745937630 1.50528e-08 0.2935569844473182 0.7064430155526817 
2664573428 1.4e-08 0.29874823505170484 0.7012517649482952 
2765174409 1.4e-08 0.3042327961433636 0.6957672038566364 
1723287288 1.4e-08 0.20030601517857624 0.7996939848214237 
