179097684 6.1264934e-07 0.27580785701058813 0.7241921429894118 
3373526895 2.4388616600000003e-06 0.3005334819104505 0.6994665180895495 
545239233 3.54874513e-06 0.3011654182224644 0.6988345817775357 
1222799196 1.528384e-06 0.29839184791619144 0.7016081520838086 
2519559028 8.0057092e-07 0.30976379081100597 0.690236209188994 
476505668 2.3530419e-07 0.35583726749617156 0.6441627325038284 
3891448235 1.4000009999999996e-08 0.0 1.0 
392861532 2.791e-08 0.3 3.347551 
3321237907 1.45086e-08 0.30251994674642224 0.6974800532535778 
4093093422 2.091e-08 0.29439370874129395 0.705606291258706 
879162223 1.472778e-08 0.29999999055234955 0.7000000094476504 
1428265047 1.4e-08 0.0 1.0 
4167430602 1.434529e-08 0.30000003968595623 0.6999999603140438 
1906851972 1.434529e-08 0.30000003968595623 0.6999999603140438 
1837088337 1.438199e-08 0.3771263767239139 0.6228736232760861 
1649557018 1.455515e-08 0.3065199817060638 0.6934800182939362 
1553963666 1.4e-08 0.6373491873898592 0.36265081261014076 
1449522982 1.4e-08 0.29943662334075133 0.7005633766592487 
1301910447 1.431889e-08 0.4466594079868301 0.5533405920131699 
4106915849 1.4e-08 0.0 1.0 
3953247145 1.642238e-08 0.1704878112648996 0.8295121887351005 
335748715 1.642238e-08 0.1704878112648996 0.8295121887351005 
1090143039 1.496846e-08 0.08279527011724049 0.9172047298827595 
4281208133 1.838286e-08 0.4497779633584785 0.5502220366415215 
1852572783 1.4e-08 0.3048458037936648 0.6951541962063352 
