179097684 4.2101331e-07 0.29984564880140324 0.7001543511985968 
3534547045 1.34022998e-06 0.29983392616388665 0.7001660738361133 
3921011129 1.34195935e-06 0.2998393152204661 0.7001606847795339 
545239233 1.22343481e-06 0.2927501183547904 0.7072498816452095 
1465560917 2.539681e-06 0.29883559343527955 0.7011644065647205 
4259593397 2.5649368799999997e-06 0.2992890081973586 0.7007109918026414 
2519559028 7.5873166e-07 0.32340226481328943 0.6765977351867105 
790319072 2.791e-08 0.3 1.908066 
741863299 2.480531e-08 0.21238638017424494 0.7876136198257551 
739080713 2.791e-08 0.3 2.486124 
2620740164 2.791e-08 0.3 2.501788 
1239791232 4.249495e-08 0.2999999722980739 0.700000027701926 
1664502715 2.791e-08 0.3 2.726246 
921425487 7.066723e-08 0.30000001215873595 0.699999987841264 
3707879645 1.82884e-08 0.4578311935434483 0.5421688064565517 
3604532305 1.458495e-08 0.2999999192872129 0.7000000807127871 
965372172 1.458495e-08 0.2999999192872129 0.7000000807127871 
3160344427 1.590942e-08 0.0 1.0 
2674988631 1.484723e-08 0.3000000578710095 0.6999999421289905 
2683944377 1.484723e-08 0.3000000578710095 0.6999999421289905 
2024675612 1.607932e-08 0.3841400212893473 0.6158599787106527 
1462644303 1.43697e-08 0.2962445222002354 0.7037554777997646 
2649056468 1.710469e-08 0.4114188122283833 0.5885811877716167 
1089013536 1.407213e-08 0.46691762350418586 0.5330823764958141 
552498239 1.462918e-08 0.2899949665588883 0.7100050334411117 
481049431 1.401288e-08 0.2899949665588883 0.7100050334411117 
2353028958 1.401288e-08 0.2899949665588883 0.7100050334411117 
3449694611 1.401288e-08 0.2899949665588883 0.7100050334411117 
1194638860 1.401288e-08 0.2899949665588883 0.7100050334411117 
2341758500 1.401288e-08 0.2899949665588883 0.7100050334411117 
2780384598 1.401288e-08 0.2899949665588883 0.7100050334411117 
3342541004 1.401288e-08 0.2899949665588883 0.7100050334411117 
1577969976 1.401288e-08 0.2899949665588883 0.7100050334411117 
695939830 1.401288e-08 0.2899949665588883 0.7100050334411117 
19131048 1.401288e-08 0.2899949665588883 0.7100050334411117 
2426951832 1.401288e-08 0.2899949665588883 0.7100050334411117 
3526559023 1.401288e-08 0.2899949665588883 0.7100050334411117 
73116178 1.401288e-08 0.2899949665588883 0.7100050334411117 
2789301560 1.401288e-08 0.2899949665588883 0.7100050334411117 
224410298 1.401288e-08 0.2899949665588883 0.7100050334411117 
2704180049 1.401288e-08 0.2899949665588883 0.7100050334411117 
