179097684 6.184254999999999e-07 0.30319131879315253 0.6968086812068475 
2235064901 2.44319736e-06 0.299107923971974 0.700892076028026 
545239233 1.6848425e-06 0.3052516105889463 0.6947483894110538 
1572835533 2.30188633e-06 0.2987604496952347 0.7012395503047653 
1075699702 3.452416e-06 0.2905020975881371 0.7094979024118628 
2519559028 5.6206378e-07 0.2974110556391844 0.7025889443608155 
2440120768 1.399999e-08 0.59230161320412 0.40769838679588 
3414514926 1.472778e-08 0.30000009159815155 0.6999999084018484 
1541925803 1.438148e-08 0.29999996868151013 0.7000000313184899 
2716949832 1.886455e-08 0.299999984991897 0.7000000150081029 
2704180049 1.639782e-08 0.9999999999999987 1.3322676295501878e-15 
2391696826 1.402936e-08 0.29915155922675407 0.7008484407732459 
4278040469 2.080476e-08 1.0 0.0 
3814978291 1.490162e-08 0.12546789836183633 0.8745321016381636 
