6.578059e+00	1	8.309168e-05	659524895	5.586351e-08	5.485414e-05	2542835646	5.485414e-05	0	
7.493309e+01	1	1.275592e-04	276262414	3.072493e-07	1.181797e-04	1134175585	5.485414e-05	0	
8.923017e+01	0	6.745821e-05	3129006749	2.793176e-08	5.485414e-05	905418128	5.485414e-05	0	
9.421439e+01	1	8.944424e-05	3384709749	5.586351e-08	5.485414e-05	3938221642	5.485414e-05	0	
1.254380e+02	1	2.579508e-05	1134132465	5.586351e-08	5.485414e-05	717226258	5.485414e-05	0	
1.352011e+02	2	1.839389e-05	343742982	4.790349e-08	5.485414e-05	3747246174	5.485414e-05	3687573659	7.960025e-09	1	
2.890685e+02	1	2.040295e-04	276262414	5.865669e-07	1.219945e-04	4080189872	1.181797e-04	1	
5.005958e+02	2	3.437667e-05	865537991	4.739434e-08	5.485414e-05	3150420704	5.485414e-05	3196256300	8.469170e-09	2	
5.128660e+02	1	1.234061e-04	1119993136	3.072493e-07	1.181797e-04	1584276479	5.485414e-05	2	
5.638470e+02	1	1.831788e-04	276262414	6.144986e-07	1.513384e-04	3228084226	5.485414e-05	2	
5.913231e+02	1	5.545917e-05	3037779432	5.586351e-08	5.485414e-05	582973675	5.485414e-05	2	
6.021014e+02	1	1.291263e-04	3471981902	3.072493e-07	1.181797e-04	1503861029	5.485414e-05	2	
6.433220e+02	1	1.187416e-04	343742982	7.583525e-08	6.565972e-05	811613008	5.485414e-05	2	
6.597995e+02	1	1.910591e-04	1119993136	5.865669e-07	1.219945e-04	416783067	1.181797e-04	2	
7.202821e+02	1	1.501664e-04	2759854154	3.072493e-07	1.181797e-04	333964007	5.485414e-05	2	
7.228376e+02	1	1.530727e-04	2759854154	3.830846e-07	1.219945e-04	343742982	7.652448e-05	2	
7.554057e+02	1	1.662234e-04	3865200818	3.072493e-07	1.181797e-04	3015378843	5.485414e-05	2	
8.613545e+02	1	8.596450e-05	4231632140	5.586351e-08	5.485414e-05	2038493855	5.485414e-05	2	
8.840538e+02	1	1.304309e-04	3865200818	3.631128e-07	1.219945e-04	3037779432	6.911189e-05	2	
9.109562e+02	1	2.010464e-05	2759854154	4.110163e-07	1.313031e-04	2046083849	5.485414e-05	2	
9.536070e+02	1	1.659353e-04	4126262021	5.586351e-07	1.181797e-04	858471941	1.181797e-04	2	
1.018777e+03	2	6.510013e-05	1134132465	6.614603e-08	6.911189e-05	314650893	5.485414e-05	848448836	8.824619e-09	2211003714	8.824619e-09	4	
1.136940e+03	1	1.087491e-04	1909946179	3.072493e-07	1.181797e-04	3953846011	5.485414e-05	4	
1.236148e+03	1	7.529101e-05	3357643131	5.586351e-08	5.485414e-05	2737363250	5.485414e-05	4	
1.255111e+03	1	5.849886e-05	3357643131	8.379527e-08	6.911189e-05	916523109	5.485414e-05	4	
1.311352e+03	1	1.224846e-04	659524895	8.379527e-08	6.911189e-05	3421887303	5.485414e-05	4	
1.318646e+03	1	1.426664e-04	2759854154	4.389481e-07	1.344197e-04	3891448235	5.485414e-05	4	
1.395045e+03	1	8.931436e-05	2759854154	5.050941e-07	1.373982e-04	1134132465	7.311581e-05	4	
1.481898e+03	1	1.399802e-04	3471981902	3.351811e-07	1.219945e-04	4046076794	5.485414e-05	4	
1.490287e+03	1	4.129373e-05	3616865126	5.586351e-08	5.485414e-05	4263717482	5.485414e-05	4	
1.517769e+03	2	4.585918e-05	3384709749	7.101670e-08	6.911189e-05	90391199	5.485414e-05	2916276788	1.277857e-08	5	
1.758278e+03	1	7.664541e-05	276262414	6.424304e-07	1.537035e-04	2074240873	5.485414e-05	5	
2.255078e+03	1	1.507298e-04	4143790437	3.072493e-07	1.181797e-04	1434594601	5.485414e-05	5	
2.333742e+03	1	2.099072e-04	4143790437	5.865669e-07	1.219945e-04	2023909660	1.181797e-04	5	
2.680721e+03	1	8.792014e-05	870896792	3.072493e-07	1.181797e-04	728028737	5.485414e-05	5	
2.815034e+03	1	7.949485e-05	1498734392	5.586351e-08	5.485414e-05	3382444416	5.485414e-05	5	
2.905982e+03	1	1.204639e-04	3384709749	9.894845e-08	7.486810e-05	4252347608	5.485414e-05	5	
2.941269e+03	1	8.213282e-05	2729381062	5.586351e-08	5.485414e-05	3481866093	5.485414e-05	5	
3.255232e+03	1	1.107743e-04	3616865126	8.379527e-08	6.911189e-05	245436729	5.485414e-05	5	
3.572111e+03	1	9.288675e-05	1236021306	4.071033e-08	5.485414e-05	2916276788	4.226726e-05	5	
3.984366e+03	1	1.194437e-04	2759854154	5.330259e-07	1.439795e-04	4188445920	5.485414e-05	5	
4.314886e+03	1	4.242590e-05	3709881891	5.586351e-08	5.485414e-05	2451350669	5.485414e-05	5	
4.331849e+03	1	4.771955e-05	1593850299	5.586351e-08	5.485414e-05	1425083048	5.485414e-05	5	
4.386702e+03	1	7.674616e-05	941534069	5.586351e-08	5.485414e-05	486050091	5.485414e-05	5	
4.463392e+03	1	1.138394e-04	659524895	1.675905e-07	7.911336e-05	3616865126	7.911336e-05	5	
4.623094e+03	1	1.320672e-04	4126262021	5.865669e-07	1.488970e-04	2406269022	5.485414e-05	5	
4.917250e+03	1	1.091311e-04	2263814062	5.586351e-08	5.485414e-05	4122240121	5.485414e-05	5	
4.941146e+03	1	1.261221e-04	2729381062	1.117270e-07	6.911189e-05	941534069	6.911189e-05	5	
5.159640e+03	1	7.515776e-05	4231632140	1.032579e-07	6.911189e-05	865537991	6.542627e-05	5	
5.352876e+03	1	1.767983e-04	2759854154	5.609576e-07	1.465861e-04	741863299	5.485414e-05	5	
5.629015e+03	1	1.122282e-04	2759854154	5.697822e-07	1.491031e-04	2211003714	3.736015e-05	5	
6.183151e+03	1	8.435572e-05	2298477853	5.586351e-08	5.485414e-05	1651612823	5.485414e-05	5	
6.648576e+03	1	8.791649e-05	659524895	1.955223e-07	9.967659e-05	3498415124	5.485414e-05	5	
6.782163e+03	1	9.906985e-05	3384709749	1.268802e-07	8.362055e-05	1516068388	5.485414e-05	5	
6.831758e+03	1	5.084462e-05	2298477853	8.379527e-08	6.911189e-05	3268335666	5.485414e-05	5	
7.366887e+03	2	6.316817e-05	3384709749	2.028617e-07	9.084645e-05	2298477853	7.911336e-05	3696193412	7.813786e-09	6	
7.452387e+03	1	1.534597e-04	1119993136	6.144986e-07	1.513384e-04	1128709694	5.485414e-05	6	
7.675776e+03	2	9.945267e-06	2263814062	6.737407e-08	6.911189e-05	1123501568	5.485414e-05	15308464	8.210598e-09	1239307652	8.210598e-09	8	
7.689774e+03	1	2.097796e-05	4143790437	6.144986e-07	1.513384e-04	754869367	5.485414e-05	8	
7.839097e+03	1	9.358222e-05	2263814062	7.558467e-08	7.356551e-05	1239307652	3.647273e-05	8	
8.435453e+03	1	1.031646e-04	2759854154	5.777423e-07	1.498809e-04	3687573659	3.609786e-05	8	
9.129452e+03	1	1.072324e-04	3384709749	2.307935e-07	1.062291e-04	1735432893	5.485414e-05	8	
1.007535e+04	1	4.116690e-05	290926289	5.586351e-08	5.485414e-05	259930472	5.485414e-05	8	
1.100028e+04	2	6.082285e-05	2759854154	6.737359e-07	1.505756e-04	4231632140	8.481729e-05	1945448119	7.264237e-09	9	
1.130483e+04	1	1.793255e-04	2759854154	6.810001e-07	1.584917e-04	1945448119	3.501386e-05	9	
1.175941e+04	1	1.410737e-04	3680235706	3.072493e-07	1.181797e-04	770580294	5.485414e-05	9	
1.275843e+04	1	1.142811e-04	4143790437	6.424304e-07	1.537035e-04	253808213	5.485414e-05	9	
1.373320e+04	1	6.549621e-05	3475245566	5.586351e-08	5.485414e-05	911013108	5.485414e-05	9	
1.386637e+04	1	1.263556e-04	2759854154	6.898247e-07	1.590593e-04	848448836	3.736015e-05	9	
1.395028e+04	1	1.622985e-04	2759854154	7.177565e-07	1.597434e-04	905418128	5.485414e-05	9	
1.424685e+04	1	7.918885e-05	810769555	5.586351e-08	5.485414e-05	3933289935	5.485414e-05	9	
1.444528e+04	1	6.538620e-05	1876278061	3.072493e-07	1.181797e-04	3555679070	5.485414e-05	9	
1.500734e+04	2	3.648067e-05	2729381062	1.283787e-07	8.707552e-05	2504591099	5.485414e-05	3396227953	1.128004e-08	10	
1.536841e+04	1	2.089361e-04	276262414	6.703622e-07	1.559979e-04	2693713428	5.485414e-05	10	
1.665217e+04	1	8.979789e-05	276262414	6.785728e-07	1.582267e-04	15308464	3.647273e-05	10	
1.712818e+04	1	1.070692e-04	2759854154	7.456883e-07	1.618710e-04	40245973	5.485414e-05	10	
1.719457e+04	1	1.404154e-04	3266729976	3.351811e-07	1.181797e-04	3709881891	6.911189e-05	10	
1.768047e+04	1	1.285875e-04	3384709749	2.420735e-07	1.108965e-04	3396227953	4.054589e-05	10	
1.824209e+04	1	1.811873e-05	3384709749	2.498873e-07	1.126745e-04	3696193412	3.587544e-05	10	
1.963472e+04	2	3.262843e-05	29350397	3.883020e-08	5.485414e-05	3833318790	5.485414e-05	3321237907	8.516655e-09	3187199216	8.516655e-09	12	
2.083899e+04	1	1.735768e-04	3680235706	3.351811e-07	1.219945e-04	482917538	5.485414e-05	12	
2.099795e+04	1	1.001103e-04	511603307	5.586351e-08	5.485414e-05	870323177	5.485414e-05	12	
2.220246e+04	1	1.526112e-04	3384709749	2.778190e-07	1.138740e-04	838860310	5.485414e-05	12	
2.261765e+04	1	1.150123e-04	4143790437	6.703622e-07	1.559979e-04	2250757420	5.485414e-05	12	
2.406891e+04	1	1.061533e-04	870896792	3.351811e-07	1.219945e-04	3621383820	5.485414e-05	12	
2.751300e+04	1	1.220108e-04	810769555	8.379527e-08	6.911189e-05	858320168	5.485414e-05	12	
2.784517e+04	2	5.378625e-05	2681375347	2.975378e-08	5.485414e-05	632754209	5.485414e-05	3330100144	8.703243e-09	310481256	8.703243e-09	817087088	8.703243e-09	15	
3.005929e+04	1	2.444776e-04	2759854154	9.412106e-07	1.639441e-04	659524895	1.049322e-04	15	
3.212651e+04	1	2.407112e-04	3266729976	6.144986e-07	1.255846e-04	3160176677	1.181797e-04	15	
3.287078e+04	1	1.759950e-04	1119993136	6.703622e-07	1.537035e-04	1498734392	6.911189e-05	15	
3.361947e+04	1	1.572658e-04	3471981902	3.631128e-07	1.255846e-04	2487301543	5.485414e-05	15	
3.994943e+04	1	1.613099e-04	455065046	3.072493e-07	1.181797e-04	443746396	5.485414e-05	15	
4.075467e+04	1	7.698298e-05	2759854154	9.496797e-07	1.771763e-04	3196256300	3.685165e-05	15	
4.414440e+04	1	2.099763e-04	4143790437	6.982939e-07	1.582267e-04	2308721517	5.485414e-05	15	
4.973473e+04	1	6.963008e-05	3471981902	3.910446e-07	1.289804e-04	3919026803	5.485414e-05	15	
4.991042e+04	0	6.026685e-05	1347872676	2.793176e-08	5.485414e-05	2125112500	5.485414e-05	15	
5.017417e+04	1	1.866616e-04	3384709749	4.061978e-07	1.179679e-04	2729381062	9.120270e-05	15	
5.048373e+04	1	8.563110e-05	2681375347	5.768554e-08	5.602185e-05	561528368	5.485414e-05	15	
5.245882e+04	1	1.957264e-04	1119993136	6.982939e-07	1.582267e-04	1768543625	5.485414e-05	15	
5.654843e+04	1	7.892931e-05	3749853089	5.586351e-08	5.485414e-05	1206764858	5.485414e-05	15	
5.780747e+04	1	7.511302e-05	997905375	5.586351e-08	5.485414e-05	199935986	5.485414e-05	15	
5.882571e+04	1	1.426944e-04	3384709749	4.469081e-07	1.338924e-04	1236021306	6.219348e-05	15	
5.977552e+04	1	6.254127e-05	276262414	7.065045e-07	1.588701e-04	1790255658	5.485414e-05	15	
6.063633e+04	1	1.326489e-04	870896792	3.631128e-07	1.255846e-04	1661091397	5.485414e-05	15	
6.083256e+04	3	8.047388e-05	2263814062	7.320352e-08	7.644010e-05	392861532	5.485414e-05	551137729	7.578228e-09	1218250404	7.578228e-09	1035956119	7.578228e-09	1211996162	7.578228e-09	19	
6.286552e+04	1	1.415072e-04	3823986536	3.072493e-07	1.181797e-04	331336395	5.485414e-05	19	
6.720477e+04	1	1.375434e-04	4143790437	7.714974e-07	1.603945e-04	2263814062	7.562882e-05	19	
7.075645e+04	1	1.947131e-04	3266729976	6.424304e-07	1.537035e-04	2906924538	5.485414e-05	19	
7.447842e+04	1	1.656774e-04	3865200818	3.910446e-07	1.289804e-04	3823443426	5.485414e-05	19	
7.706573e+04	1	1.070988e-04	3680235706	3.631128e-07	1.255846e-04	3061883439	5.485414e-05	19	
7.978775e+04	1	7.486485e-05	1458665800	5.586351e-08	5.485414e-05	1731090175	5.485414e-05	19	
8.110431e+04	1	4.539758e-05	869234806	5.586351e-08	5.485414e-05	3775452048	5.485414e-05	19	
8.185756e+04	1	1.981984e-04	276262414	7.152078e-07	1.610207e-04	3330100144	3.718808e-05	19	
8.202156e+04	1	1.694262e-04	1119993136	7.262257e-07	1.603945e-04	3245569981	5.485414e-05	19	
8.322933e+04	1	1.338928e-04	3680235706	3.910446e-07	1.289804e-04	3704423751	5.485414e-05	19	
8.497392e+04	1	1.888669e-04	276262414	7.431395e-07	1.616792e-04	3919821980	5.485414e-05	19	
8.721858e+04	1	1.021532e-04	1963165541	5.586351e-08	5.485414e-05	4061687915	5.485414e-05	19	
8.724207e+04	2	1.112310e-04	4143790437	1.065534e-06	1.658141e-04	1909946179	1.219945e-04	188552836	1.321238e-08	20	
8.858208e+04	1	1.191851e-04	4143790437	1.078747e-06	1.846570e-04	188552836	4.274025e-05	20	
8.885789e+04	1	1.501499e-04	276262414	7.710713e-07	1.637571e-04	2779686750	5.485414e-05	20	
8.967376e+04	1	7.303685e-05	290926289	8.379527e-08	6.911189e-05	3428193420	5.485414e-05	20	
9.153358e+04	1	1.867833e-04	276262414	1.134184e-06	1.657836e-04	870896792	1.289804e-04	20	
9.782561e+04	1	2.024873e-04	4143790437	1.086325e-06	1.854171e-04	1211996162	3.551124e-05	20	
9.913421e+04	1	4.532051e-05	1119993136	7.541574e-07	1.625052e-04	3732071459	5.485414e-05	20	
