2429525676 2.791e-08 0.2 3.913848 
1498734392 2.791e-08 0.2 4.012522 
3481866093 2.791e-08 0.2 3.758521 
618276123 2.791e-07 0.2 4.033088 
29350397 2.791e-08 0.2 3.797059 
126484229 2.791e-08 0.2 3.644085 
3384709749 2.791e-08 0.2 3.720179 
754869367 2.791e-08 0.2 3.383931 
997905375 2.791e-08 0.2 3.663035 
828787466 2.791e-08 0.2 3.701082 
3919026803 2.791e-08 0.2 4.092343 
2729381062 2.791e-08 0.2 3.894261 
2768642543 2.791e-08 0.2 3.874722 
266059373 2.791e-08 0.2 3.438869 
4028593304 2.791e-08 0.2 3.329435 
865537991 2.791e-08 0.2 3.855233 
3475245566 2.791e-08 0.2 3.239587 
476505668 2.791e-07 0.2 3.645247 
4031050948 3.6283e-07 0.20000000000000007 0.7999999999999999 
2669757562 2.791e-08 0.2 3.221765 
3428193420 2.791e-08 0.2 2.332171 
1128709694 2.791e-08 0.2 3.587528 
1403705120 3.0701e-07 0.20000000000000004 0.7999999999999999 
3245569981 2.791e-08 0.2 3.777765 
916523109 2.791e-08 0.2 3.494249 
3800257563 3.0701e-07 0.20000000000000004 0.7999999999999999 
3709881891 2.791e-08 0.2 3.550069 
869234806 1.4000000000000001e-08 0.7974285714285714 0.20257142857142862 
253808213 2.791e-08 0.2 3.275379 
300193622 2.791e-08 0.2 3.311367 
3357643131 2.791e-08 0.4 1.682626 
1236021306 2.791e-08 0.2 3.568774 
3279231079 2.791e-08 0.2 2.549077 
4212779140 1.41535e-08 0.376488000475763 0.6235119995242371 
2250757420 2.791e-08 0.2 3.835792 
1533953788 2.791e-08 0.2 3.257459 
3228084226 2.791e-08 0.2 3.953171 
378125977 1.424046e-08 0.19999994369659171 0.8000000563034083 
43001897 2.791e-08 0.2 3.47574 
1945735688 1.424046e-08 0.19999994369659171 0.8000000563034083 
1963165541 2.791e-08 0.2 2.423954 
3736894086 2.791e-08 0.2 2.596808 
888311950 2.791e-08 0.2 2.842078 
1866926464 2.791e-08 0.2 3.203992 
1347872676 2.791e-08 0.2 2.580848 
2606325002 2.091e-08 0.2669536107125777 0.7330463892874223 
472358284 1.41535e-08 0.376488000475763 0.6235119995242371 
3443220506 2.791e-08 0.2 3.682034 
1292023300 1.776939e-08 0.06083825632346825 0.9391617436765317 
728028737 2.791e-08 0.2 3.098381 
769686034 6.989522999999999e-08 0.180098779260141 0.819901220739859 
242414939 2.791e-08 0.4 1.483389 
1950077488 1.41535e-08 0.376488000475763 0.6235119995242371 
2919643181 2.791e-08 0.4 1.949321 
1019134040 2.791e-08 0.2 2.096047 
2298477853 2.791e-08 0.2 2.644979 
3108364485 2.791e-08 0.2 3.028955 
3981989558 1.4e-08 0.39871428571428563 0.6012857142857144 
1848242772 1.9490140000000003e-08 0.23356464541786612 0.7664353545821339 
2620740164 2.791e-08 0.2 2.501788 
1905833305 1.458727e-08 0.40000002388630235 0.5999999761136976 
811613008 2.791e-08 0.2 2.612816 
2504591099 2.791e-08 0.2 2.693592 
3293059020 1.424046e-08 0.19999994369659171 0.8000000563034083 
3953846011 2.791e-08 0.4 1.991016 
3438744891 1.990395e-08 0.15303876485992635 0.8469612351400737 
927207199 1.482198e-08 0.5918044880450709 0.4081955119549291 
1403954297 1.482198e-08 0.5918044880450709 0.4081955119549291 
3632514288 1.41535e-08 0.376488000475763 0.6235119995242371 
3593659676 1.4e-08 0.38740116955866033 0.6125988304413397 
385785803 2.791e-08 0.2 3.420508 
2555962951 3.0701e-07 0.20000000000000004 0.7999999999999999 
3891448235 2.791e-08 0.2 2.242153 
4274934102 2.791e-08 0.2 4.032403 
2067231467 1.4e-08 0.2810165207176854 0.7189834792823147 
3416864524 1.412193e-08 0.27859019907672644 0.7214098009232736 
326805806 2.791e-08 0.2 2.628873 
392861532 2.791e-08 0.2 3.347551 
517786421 1.431225e-08 1.0 0.0 
1878784256 2.791e-08 0.2 2.393164 
3775520932 1.442474e-08 0.20062387671233906 0.799376123287661 
