2250757420 2.791e-08 0.2 3.835792 
3443220506 2.791e-08 0.2 3.682034 
501991070 2.791e-08 0.2 4.072314 
313359544 1.665988e-08 0.33505643498032384 0.6649435650196762 
825415804 2.791e-08 0.2 3.011721 
385785803 2.791e-08 0.2 3.420508 
3708838243 2.791e-08 0.2 3.739326 
865537991 2.791e-08 0.2 3.855233 
3475245566 2.791e-08 0.2 3.239587 
2190522392 2.791e-08 0.2 3.512807 
2757833455 2.791e-08 0.2 4.052334 
817087088 1.472778e-08 0.19999997133644268 0.8000000286635573 
43001897 2.791e-08 0.2 3.47574 
3228084226 2.791e-08 0.2 3.953171 
1415695418 5.582e-08 0.2 0.8 
618276123 2.791e-07 0.2 4.033088 
432337108 1.447793e-08 0.12851745150492283 0.8714825484950772 
3384709749 2.791e-08 0.2 3.720179 
2768642543 2.791e-08 0.2 3.874722 
3245569981 2.791e-08 0.2 3.777765 
3187199216 1.472778e-08 0.19999997133644268 0.8000000286635573 
3037779432 2.791e-08 0.2 2.825384 
785216844 1.509959e-08 0.25554352863818247 0.7444564713618176 
2956861855 2.791e-08 0.2 3.133389 
997905375 2.791e-08 0.2 3.663035 
393090083 1.429087e-08 0.2000000359853656 0.7999999640146345 
463844675 1.429087e-08 0.2000000359853656 0.7999999640146345 
3642829293 1.4e-08 0.1999999999999999 0.8 
2710766136 2.791e-08 0.2 2.759095 
2766526296 1.410861e-08 0.2167113669835653 0.7832886330164347 
2298477853 2.791e-08 0.2 2.644979 
2449448537 1.429087e-08 0.2000000359853656 0.7999999640146345 
2475979558 1.435167e-08 0.19787351907402626 0.8021264809259737 
1194638860 1.435167e-08 0.19787351907402626 0.8021264809259737 
1848242772 1.2166557e-07 0.1999999866698437 0.8000000133301564 
85224627 1.410861e-08 0.2167113669835653 0.7832886330164347 
2711965517 1.534566e-08 0.19924162055732977 0.8007583794426703 
355298688 1.410861e-08 0.2167113669835653 0.7832886330164347 
1236021306 2.791e-08 0.2 3.568774 
3458484829 1.429087e-08 0.2000000359853656 0.7999999640146345 
2391696826 1.746351e-08 0.10840951559515463 0.8915904844048453 
4256642775 1.429087e-08 0.2000000359853656 0.7999999640146345 
629078091 1.44355e-08 0.2346806607380473 0.7653193392619527 
287394855 1.404219e-08 0.2405924737461117 0.7594075262538883 
2348040613 1.4642540000000001e-08 0.19394281644367237 0.8060571835563276 
584993009 1.410861e-08 0.2167113669835653 0.7832886330164347 
3167902617 1.429087e-08 0.2000000359853656 0.7999999640146345 
3381587904 1.435167e-08 0.19787351907402626 0.8021264809259737 
3197676583 2.791e-08 0.2 2.21254 
2029773149 1.472778e-08 0.19999997133644268 0.8000000286635573 
3696193412 1.472778e-08 0.19999997133644268 0.8000000286635573 
2733144751 1.4642540000000001e-08 0.19394281644367237 0.8060571835563276 
2326007700 2.791e-08 0.2 2.994536 
1657444763 1.410861e-08 0.2167113669835653 0.7832886330164347 
2980075456 1.435167e-08 0.19787351907402626 0.8021264809259737 
164438789 1.4000010000000003e-08 0.3987140009185707 0.6012859990814293 
781549661 1.4e-08 0.2000000370059088 0.7999999629940913 
