3245569981 2.791e-08 0.2 3.777765 
1403705120 3.0701e-07 0.20000000000000004 0.7999999999999999 
2768642543 2.791e-08 0.2 3.874722 
3228084226 2.791e-08 0.2 3.953171 
2429525676 2.791e-08 0.2 3.913848 
997905375 2.791e-08 0.2 3.663035 
501991070 5.582e-08 0.2 0.8 
1498734392 2.791e-08 0.2 4.012522 
3015378843 2.791e-08 0.2 3.625184 
3919026803 2.791e-08 0.2 4.092343 
865537991 2.791e-08 0.2 3.855233 
2545005546 2.791e-08 0.2 3.186267 
2956861855 2.791e-08 0.2 3.133389 
3800257563 3.0701e-07 0.20000000000000004 0.7999999999999999 
300193622 2.791e-08 0.2 3.311367 
921425487 2.791e-08 0.2 3.293348 
3384709749 2.791e-08 0.2 3.720179 
2681375347 2.791e-08 0.2 3.531414 
769686034 2.791e-08 0.2 3.11586 
4274934102 2.791e-08 0.2 4.032403 
3475245566 2.791e-08 0.2 3.239587 
618276123 2.791e-07 0.2 4.033088 
2408568032 2.791e-08 0.4 1.644313 
1134132465 2.791e-08 0.2 3.972905 
3888264012 1.458727e-08 0.20000003582945822 0.7999999641705418 
3708838243 2.791e-08 0.2 3.739326 
129185354 2.791e-08 0.2 2.564938 
2312786130 1.458727e-08 0.20000003582945822 0.7999999641705418 
1586980658 2.791e-08 0.2 3.402195 
1931993247 1.458727e-08 0.20000003582945822 0.7999999641705418 
375852842 1.4e-08 0.20000003582945822 0.7999999641705418 
1415695418 2.791e-08 0.2 3.365717 
1664502715 1.399999e-08 0.3987145705104075 0.6012854294895925 
3176785673 2.791e-08 0.2 2.775594 
3736894086 2.791e-08 0.2 2.596808 
2620740164 2.791e-08 0.2 2.501788 
2962530363 1.458727e-08 0.20000003582945822 0.7999999641705418 
1963165541 2.791e-08 0.2 2.423954 
690117576 1.458727e-08 0.20000003582945822 0.7999999641705418 
476505668 3.0701e-07 0.20000000000000004 0.7999999999999999 
2911053862 2.791e-08 0.2 2.533265 
90391199 4.249727e-08 0.2000000122985307 0.7999999877014693 
126484229 2.791e-08 0.2 3.644085 
4031050948 3.0701e-07 0.20000000000000004 0.7999999999999999 
315200650 2.791e-08 0.2 2.517502 
2789348510 1.959059e-08 0.2849323515366926 0.7150676484633074 
888311950 2.791e-08 0.2 2.842078 
3481866093 2.791e-08 0.2 3.758521 
739080713 2.791e-08 0.2 2.486124 
2489195127 1.461952e-08 0.21738887472508997 0.7826111252749101 
754560055 1.424864e-08 0.10237659603491914 0.8976234039650809 
2681498831 1.45132e-08 0.3999522649432582 0.6000477350567418 
2654473721 1.4e-08 0.200000065758199 0.7999999342418009 
2326007700 2.791e-08 0.2 2.994536 
828787466 2.791e-08 0.2 3.701082 
911013108 2.791e-08 0.2 2.909347 
2063946235 1.458727e-08 0.20000003582945822 0.7999999641705418 
2110688926 1.428292e-08 0.200000065758199 0.7999999342418009 
3284371529 1.426168e-08 0.3864179924335325 0.6135820075664675 
1471982444 1.458727e-08 0.20000003582945822 0.7999999641705418 
3967778277 1.428292e-08 0.200000065758199 0.7999999342418009 
2074240873 2.791e-08 0.2 2.168487 
2710766136 2.791e-08 0.2 2.759095 
2261252686 2.791e-08 0.2 2.858822 
2622395779 1.456033e-08 0.33387948079442153 0.6661205192055785 
4185666246 1.4e-08 0.3472425300425313 0.6527574699574688 
3519923770 2.791e-08 0.2 3.046238 
356405251 1.458727e-08 0.20000003582945822 0.7999999641705418 
346987663 1.428292e-08 0.200000065758199 0.7999999342418009 
2704180049 1.428292e-08 0.200000065758199 0.7999999342418009 
2065940037 1.426168e-08 0.3864179924335325 0.6135820075664675 
2367820772 1.428292e-08 0.200000065758199 0.7999999342418009 
4088625113 1.4e-08 0.39871457051040743 0.6012854294895926 
2353028958 1.452644e-08 0.20226803113871927 0.7977319688612807 
1298902656 1.423433e-08 1.0 0.0 
3372193553 1.465267e-08 0.09747660116617302 0.902523398833827 
