4028593304 2.791e-08 0.2 3.329435 
3708838243 2.791e-08 0.2 3.739326 
501991070 2.791e-08 0.2 4.072314 
3443220506 2.791e-08 0.2 3.682034 
1507417240 2.791e-08 0.2 3.933485 
3392858646 2.791e-08 0.2 3.816401 
2429525676 2.791e-08 0.2 3.913848 
916523109 5.582e-08 0.2 0.8 
1019134040 2.791e-08 0.2 2.096047 
2757833455 2.791e-08 0.2 4.052334 
1498734392 2.791e-08 0.2 4.012522 
476505668 2.791e-07 0.2 3.645247 
3919026803 2.791e-08 0.2 4.092343 
1768543625 2.791e-08 0.2 3.992689 
3475245566 2.791e-08 0.2 3.239587 
3245569981 2.791e-08 0.2 3.777765 
1586980658 2.791e-08 0.2 3.402195 
3228084226 2.791e-08 0.2 3.953171 
1403705120 2.791e-07 0.2 3.836717 
3015378843 2.791e-08 0.2 3.625184 
1128709694 2.791e-08 0.2 3.587528 
618276123 3.0701e-07 0.20000000000000004 0.7999999999999999 
3012070026 2.791e-08 0.2 2.808738 
1415695418 2.791e-08 0.2 3.365717 
2768642543 2.791e-08 0.2 3.874722 
1434594601 2.791e-08 0.2 2.792141 
4274934102 2.791e-08 0.2 4.032403 
3196256300 2.053241e-08 0.13593143717663927 0.8640685628233608 
2190522392 2.791e-08 0.2 3.512807 
385785803 2.791e-08 0.2 3.420508 
828787466 2.791e-08 0.2 3.701082 
1651612823 2.791e-08 0.2 2.347346 
3384709749 2.791e-08 0.2 3.720179 
728028737 2.791e-08 0.2 3.098381 
3838279446 2.791e-08 0.2 2.943275 
843517319 2.791e-08 0.2 3.45728 
392861532 2.791e-08 0.2 3.347551 
333964007 2.791e-08 0.2 2.153901 
1533953788 2.791e-08 0.2 3.257459 
199935986 2.791e-08 0.2 2.926287 
1347872676 2.791e-08 0.2 2.580848 
769686034 2.791e-08 0.2 3.11586 
1664502715 2.791e-08 0.2 2.726246 
1452489764 1.56825e-08 0.04449226845209628 0.9555077315479037 
266059373 2.791e-08 0.2 3.438869 
29350397 2.791e-08 0.2 3.797059 
3800257563 2.791e-07 0.2 3.458677 
2956861855 2.791e-08 0.2 3.133389 
3833318790 2.791e-08 0.2 2.875614 
2710766136 2.791e-08 0.2 2.759095 
2250757420 2.791e-08 0.2 3.835792 
1931993247 2.091e-08 0.2669536107125777 0.7330463892874223 
90391199 1.475518e-08 0.3783078213888275 0.6216921786111724 
443746396 2.791e-08 0.2 2.677339 
1803925302 1.461142e-08 0.2117780843786029 0.7882219156213971 
2455922112 1.461142e-08 0.2117780843786029 0.7882219156213971 
811613008 2.791e-08 0.2 2.612816 
220564665 1.628663e-08 0.149601283261572 0.850398716738428 
2326007700 5.582e-08 0.2 0.8 
1494850122 2.091e-08 0.2669536107125777 0.7330463892874223 
2555962951 3.0701e-07 0.20000000000000004 0.7999999999999999 
326805806 2.791e-08 0.2 2.628873 
3108364485 2.791e-08 0.2 3.028955 
2504591099 2.791e-08 0.2 2.693592 
2441325815 1.461142e-08 0.2117780843786029 0.7882219156213971 
3696843781 8.845422999999999e-08 0.4000000590100206 0.5999999409899794 
2729381062 2.791e-08 0.2 3.894261 
3037779432 2.791e-08 0.2 2.825384 
1327969783 2.791e-08 0.2 2.067414 
1837234470 1.449e-08 0.24285716771839794 0.7571428322816021 
3121292019 1.74325e-08 0.2795353506381758 0.7204646493618242 
3983774618 1.449e-08 0.24285716771839794 0.7571428322816021 
126484229 2.791e-08 0.2 3.644085 
164438789 2.791e-08 0.2 2.454941 
66296937 1.449e-08 0.24285716771839794 0.7571428322816021 
4226750145 2.791e-08 0.2 2.892456 
921425487 1.4e-08 0.39871428571428574 0.6012857142857142 
838860310 5.582e-08 0.2 0.8 
2261252686 2.791e-08 0.2 2.858822 
2620740164 2.791e-08 0.2 2.501788 
528880979 1.4e-08 0.25135716858854196 0.748642831411458 
739080713 2.1057839999999998e-08 0.2650794193516524 0.7349205806483476 
426576124 6.698400000000001e-07 0.2 0.8 
3929228125 1.798436e-08 0.9999999999999992 7.771561172376096e-16 
2911053862 2.791e-08 0.2 2.533265 
57770090 1.56825e-08 0.04449226845209628 0.9555077315479037 
3707800333 1.408697e-08 0.19102708279901093 0.8089729172009891 
2466232951 2.791e-08 0.2 2.139364 
1737134642 1.4173939999999999e-08 0.3797095101721537 0.6202904898278463 
2693713428 2.791e-08 0.4 1.471354 
1285693762 1.474563e-08 0.3974193870645742 0.6025806129354259 
