43001897 2.791e-08 0.2 3.47574 
3708838243 2.791e-08 0.2 3.739326 
2757833455 2.791e-08 0.2 4.052334 
618276123 2.791e-07 0.2 4.033088 
754869367 2.791e-08 0.2 3.383931 
3481866093 2.791e-08 0.2 3.758521 
828787466 2.791e-08 0.2 3.701082 
3245569981 2.791e-08 0.2 3.777765 
266059373 2.791e-08 0.2 3.438869 
3384709749 2.791e-08 0.2 3.720179 
843517319 2.791e-08 0.2 3.45728 
385785803 2.791e-08 0.2 3.420508 
1128709694 2.791e-08 0.2 3.587528 
3919026803 2.791e-08 0.2 4.092343 
501991070 2.791e-08 0.2 4.072314 
3392858646 2.791e-08 0.2 3.816401 
1134132465 2.791e-08 0.2 3.972905 
2190522392 2.791e-08 0.2 3.512807 
4274934102 2.791e-08 0.2 4.032403 
2669757562 2.791e-08 0.2 3.221765 
1236021306 2.791e-08 0.2 3.568774 
1768543625 2.791e-08 0.2 3.992689 
1347872676 2.791e-08 0.2 2.580848 
1403705120 3.0701e-07 0.20000000000000004 0.7999999999999999 
1507417240 2.791e-08 0.2 3.933485 
1415695418 2.791e-08 0.2 3.365717 
3824069879 2.791e-08 0.2 3.168592 
3838279446 2.791e-08 0.2 2.943275 
4028593304 2.791e-08 0.2 3.329435 
251961497 2.791e-08 0.2 3.080951 
2681375347 2.791e-08 0.2 3.531414 
911013108 2.791e-08 0.2 2.909347 
1498734392 5.582e-08 0.2 0.8 
315200650 2.791e-08 0.2 2.517502 
888311950 2.791e-08 0.2 2.842078 
1866926464 2.791e-08 0.2 3.203992 
1842102965 1.405223e-08 0.4000000597157623 0.5999999402842378 
126484229 2.791e-08 0.2 3.644085 
4031050948 6.9775e-07 0.20000000000000004 0.7999999999999999 
1035492323 2.791e-08 0.2 2.362569 
997905375 2.791e-08 0.2 3.663035 
2429525676 2.791e-08 0.2 3.913848 
1963165541 2.791e-08 0.2 2.423954 
2250775120 1.472778e-08 0.19999997133644265 0.8000000286635573 
314650893 1.4000010000000003e-08 0.7974280018371414 0.20257199816285865 
2906924538 2.791e-08 0.2 2.317046 
2409063466 2.791e-08 0.4 1.218974 
4188445920 2.791e-08 0.2 2.742646 
3462747 2.791e-08 0.2 3.150966 
3279439195 1.4e-08 0.7974280018371417 0.2025719981628583 
2177968201 1.472778e-08 0.19999997133644265 0.8000000286635573 
825415804 2.791e-08 0.2 3.011721 
511603307 2.791e-08 0.4 1.853747 
921425487 2.791e-08 0.2 3.293348 
29350397 2.791e-08 0.2 3.797059 
3497999925 1.4000000000000001e-08 0.7974285714285714 0.20257142857142862 
2247026945 1.92553e-08 0.14494710547225959 0.8550528945277405 
1790255658 1.4000000000000001e-08 0.7974285714285714 0.20257142857142862 
649593533 1.4e-08 0.19935714285714284 0.8006428571428572 
3059144981 1.440351e-08 0.3939317875411961 0.6060682124588039 
2856850640 2.791e-08 0.2 2.960313 
1382686479 1.472778e-08 0.19999997133644265 0.8000000286635573 
533433650 1.433427e-08 0.19791731428135134 0.8020826857186487 
2746930994 1.421406e-08 0.06590766277825892 0.9340923372217411 
1462644303 1.455515e-08 0.38434610901012456 0.6156538909898754 
2027098952 1.434529e-08 0.2181818334821165 0.7818181665178835 
265770918 2.791e-08 0.2 3.06357 
1237914369 1.455515e-08 0.38434610901012456 0.6156538909898754 
4283280385 1.421406e-08 0.06590766277825892 0.9340923372217411 
3378187523 1.426731e-08 0.4016517571657725 0.5983482428342275 
4226750145 2.791e-08 0.2 2.892456 
2733144751 1.455515e-08 0.38434610901012456 0.6156538909898754 
309459595 1.4e-08 0.38434610901012456 0.6156538909898754 
2555962951 5.8611e-07 0.2 0.8 
2649056468 1.455515e-08 0.38434610901012456 0.6156538909898754 
1803925302 1.472778e-08 0.19999997133644265 0.8000000286635573 
4013164456 1.569624e-08 0.11856876870013928 0.8814312312998607 
769686034 2.791e-08 0.2 3.11586 
2292589682 1.4e-08 0.7974285714285715 0.2025714285714285 
728028737 2.791e-08 0.2 3.098381 
1220275327 2.0248100000000002e-08 0.28159285688013086 0.7184071431198691 
66064165 1.569323e-08 0.2129856392865707 0.7870143607134293 
3662110242 1.92553e-08 0.14494710547225959 0.8550528945277405 
2348040613 1.455515e-08 0.38434610901012456 0.6156538909898754 
1499007652 2.145384e-08 0.14524166821957213 0.8547583317804279 
4088625113 1.455515e-08 0.38434610901012456 0.6156538909898754 
3176785673 2.791e-08 0.2 2.775594 
