3919026803 2.791e-08 0.2 4.092343 
1134132465 2.791e-08 0.2 3.972905 
997905375 2.791e-08 0.2 3.663035 
29350397 2.791e-08 0.2 3.797059 
1403705120 2.791e-07 0.2 3.836717 
3519923770 2.791e-08 0.2 3.046238 
2729381062 2.791e-08 0.2 3.894261 
828787466 2.791e-08 0.2 3.701082 
4274934102 2.791e-08 0.2 4.032403 
1128056158 1.627333e-08 0.2000000358294583 0.7999999641705418 
2669757562 2.791e-08 0.2 3.221765 
1768543625 2.791e-08 0.2 3.992689 
265770918 2.791e-08 0.2 3.06357 
1415695418 2.791e-08 0.2 3.365717 
3462747 2.791e-08 0.2 3.150966 
1128709694 2.791e-08 0.2 3.587528 
2190522392 2.791e-08 0.2 3.512807 
3709881891 2.791e-08 0.2 3.550069 
2250757420 2.791e-08 0.2 3.835792 
921425487 2.791e-08 0.2 3.293348 
43001897 2.791e-08 0.2 3.47574 
618276123 2.791e-07 0.2 4.033088 
199935986 2.791e-08 0.2 2.926287 
888311950 2.791e-08 0.2 2.842078 
2326007700 2.791e-08 0.2 2.994536 
2555962951 2.9197156e-07 0.19118300426246998 0.80881699573753 
1347872676 2.791e-08 0.2 2.580848 
3662110242 1.503844e-08 0.3711821172940809 0.6288178827059191 
3537925318 1.47974e-08 0.40000004299534697 0.599999957004653 
333964007 2.791e-08 0.2 2.153901 
90391199 2.791e-08 0.2 3.606331 
3149440925 1.56026e-08 0.2 0.8 
3707879645 1.472778e-08 0.19999997133644268 0.8000000286635573 
3443220506 2.791e-08 0.2 3.682034 
3555679070 2.791e-08 0.4 1.619016 
3037779432 2.791e-08 0.2 2.825384 
3330100144 1.473735e-08 0.3999999348555528 0.6000000651444473 
1931993247 1.47974e-08 0.40000004299534697 0.599999957004653 
2945849429 1.449922e-08 0.38711109351740053 0.6128889064825995 
1327969783 2.791e-08 0.2 2.067414 
1498734392 2.791e-08 0.2 4.012522 
3800257563 3.0701e-07 0.20000000000000004 0.7999999999999999 
4035587434 1.43537e-08 0.2061824002250063 0.7938175997749937 
3228084226 1.4731949999999993e-08 0.7578087082836966 0.24219129171630338 
2681375347 2.791e-08 0.2 3.531414 
3697249003 2.140922e-08 0.13036439440577471 0.8696356055942253 
3393811039 1.627333e-08 0.2000000358294583 0.7999999641705418 
1541946641 2.791e-08 0.4 1.813522 
393090083 1.4e-08 0.4009149220963832 0.5990850779036168 
3481866093 2.791e-08 0.2 3.758521 
3475245566 2.791e-08 0.2 3.239587 
965372172 1.498651e-08 0.40000001436028476 0.5999999856397152 
3176785673 1.4000000000000003e-08 0.39871428571428563 0.6012857142857144 
1820499179 1.431889e-08 0.10285558370269743 0.8971444162973026 
976558236 1.449922e-08 0.38711109351740053 0.6128889064825995 
1850435983 1.604027e-08 1.0 0.0 
326805806 2.791e-08 0.2 2.628873 
451270221 1.56026e-08 0.2 0.8 
769686034 2.791e-08 0.2 3.11586 
3197676583 2.791e-08 0.2 2.21254 
1737134642 1.762795e-08 0.6054561080556728 0.39454389194432715 
865537991 2.791e-08 0.2 3.855233 
1533953788 2.791e-08 0.2 3.257459 
728028737 2.791e-08 0.2 3.098381 
1130108289 1.56026e-08 0.2 0.8 
1987038079 1.408404e-08 0.11375752629690514 0.8862424737030948 
164438789 2.791e-08 0.2 2.454941 
4078497741 1.4e-08 0.3811767857142858 0.6188232142857142 
110439229 1.425808e-08 0.22473791010664318 0.7752620898933569 
627452446 1.572983e-08 0.19054898286932823 0.8094510171306718 
4267941538 1.701426e-08 0.18833208739806068 0.8116679126019393 
2919535035 1.511226e-08 0.22493238327854814 0.7750676167214519 
