4274934102 2.791e-08 0.2 4.032403 
2669757562 2.791e-08 0.2 3.221765 
90391199 2.791e-08 0.2 3.606331 
1128709694 2.791e-08 0.2 3.587528 
3462747 2.791e-08 0.2 3.150966 
501991070 2.791e-08 0.2 4.072314 
997905375 2.791e-08 0.2 3.663035 
916523109 2.791e-08 0.2 3.494249 
1403705120 2.791e-07 0.2 3.836717 
1134132465 2.791e-08 0.2 3.972905 
3015378843 2.791e-08 0.2 3.625184 
2729381062 2.791e-08 0.2 3.894261 
392861532 2.791e-08 0.2 3.347551 
1507417240 4.112981e-08 0.13571664931104716 0.8642833506889529 
618276123 2.791e-07 0.2 4.033088 
3228084226 2.791e-08 0.2 3.953171 
1533953788 2.791e-08 0.2 3.257459 
2768642543 2.791e-08 0.2 3.874722 
1866926464 2.791e-08 0.2 3.203992 
3392858646 2.791e-08 0.2 3.816401 
3245569981 2.791e-08 0.2 3.777765 
843517319 2.791e-08 0.2 3.45728 
300193622 2.791e-08 0.2 3.311367 
838860310 2.791e-08 0.2 2.439423 
476505668 2.791e-07 0.2 3.645247 
251961497 2.791e-08 0.2 3.080951 
266059373 2.791e-08 0.2 3.438869 
3490627259 2.791e-08 0.2 2.661134 
754869367 2.791e-08 0.2 3.383931 
3384709749 2.791e-08 0.2 3.720179 
865537991 5.582e-08 0.2 0.8 
164438789 2.791e-08 0.2 2.454941 
3475245566 2.791e-08 0.2 3.239587 
385785803 2.791e-08 0.2 3.420508 
3519923770 2.791e-08 0.2 3.046238 
3083717413 2.091e-08 0.19999999999999998 0.8 
129185354 5.582e-08 0.2 0.8 
315200650 2.791e-08 0.2 2.517502 
2205180068 2.791e-08 0.4 1.747461 
4075596975 1.65766e-08 0.16836981999631412 0.8316301800036858 
3012070026 2.791e-08 0.2 2.808738 
3702894340 1.971734e-08 0.14794029264959926 0.8520597073504007 
3800257563 3.0701e-07 0.20000000000000004 0.7999999999999999 
1950077488 1.458495e-08 0.19999993485556336 0.8000000651444367 
3182159117 1.590942e-08 0.35086131361168355 0.6491386863883164 
1078741991 1.451227e-08 0.39999993081979746 0.6000000691802025 
1415695418 2.791e-08 0.2 3.365717 
3428193420 4.8819999999999996e-08 0.2000000000000001 0.7999999999999999 
3824069879 2.791e-08 0.2 3.168592 
1405660995 1.458495e-08 0.19999993485556336 0.8000000651444367 
2438291630 1.43187e-08 0.4000000611055336 0.5999999388944663 
3778036871 1.458495e-08 0.19999993485556336 0.8000000651444367 
3687573659 1.469019e-08 0.37998147062767734 0.6200185293723226 
3443220506 2.791e-08 0.2 3.682034 
2710766136 2.791e-08 0.2 2.759095 
2545005546 2.791e-08 0.2 3.186267 
1236021306 2.791e-08 0.2 3.568774 
406745133 1.484723e-08 0.22666662876707502 0.773333371232925 
2980075456 1.401288e-08 0.20503120023009463 0.7949687997699053 
333964007 2.791e-08 0.2 2.153901 
3481866093 2.791e-08 0.2 3.758521 
4212779140 1.843742e-08 0.6438671251366691 0.3561328748633309 
3108364485 2.791e-08 0.2 3.028955 
