828787466 2.791e-08 0.2 3.701082 
501991070 2.791e-08 0.2 4.072314 
3708838243 2.791e-08 0.2 3.739326 
618276123 2.791e-07 0.2 4.033088 
1498734392 2.791e-08 0.2 4.012522 
392861532 2.791e-08 0.2 3.347551 
1403705120 2.791e-07 0.2 3.836717 
1134132465 2.791e-08 0.2 3.972905 
3869596591 1.472778e-08 0.19999997133644265 0.8000000286635573 
4274934102 2.791e-08 0.2 4.032403 
2190522392 2.791e-08 0.2 3.512807 
217284033 1.472778e-08 0.19999997133644265 0.8000000286635573 
3519923770 2.791e-08 0.2 3.046238 
2768642543 2.791e-08 0.2 3.874722 
2911053862 2.791e-08 0.2 2.533265 
3015378843 2.791e-08 0.2 3.625184 
911013108 2.791e-08 0.2 2.909347 
1507417240 2.791e-08 0.2 3.933485 
2757833455 2.791e-08 0.2 4.052334 
2681375347 2.791e-08 0.2 3.531414 
1866926464 2.791e-08 0.2 3.203992 
385785803 2.791e-08 0.2 3.420508 
3800257563 3.0701e-07 0.20000000000000004 0.7999999999999999 
3443220506 2.791e-08 0.2 3.682034 
300193622 2.791e-08 0.2 3.311367 
2961226102 1.462938e-08 0.2173777770246407 0.7826222229753593 
266059373 2.791e-08 0.2 3.438869 
843517319 2.791e-08 0.2 3.45728 
1239791232 2.791e-08 0.2 2.709894 
1533953788 2.791e-08 0.2 3.257459 
3592986772 1.420707e-08 0.1999999641705547 0.8000000358294452 
432337108 1.424014e-08 0.39999995905205954 0.6000000409479405 
1726701215 1.472778e-08 0.19999997133644265 0.8000000286635573 
2138100036 1.472778e-08 0.19999997133644265 0.8000000286635573 
3838279446 2.791e-08 0.2 2.943275 
1236021306 8.373e-08 0.2 0.8 
265770918 2.791e-08 0.2 3.06357 
2215785330 1.472778e-08 0.19999997133644265 0.8000000286635573 
1458665800 2.791e-08 0.4 1.96317 
4028593304 2.791e-08 0.2 3.329435 
1227575429 1.399999e-08 0.3987145705104075 0.6012854294895925 
3294683754 1.462938e-08 0.2173777770246407 0.7826222229753593 
2898323513 2.091e-08 0.2 0.8 
3562383954 1.4e-08 0.40103478050895697 0.5989652194910431 
4119421155 1.537571e-08 0.3630401457883897 0.6369598542116103 
1327969783 2.791e-08 0.2 2.067414 
3593732192 1.472778e-08 0.19999997133644265 0.8000000286635573 
3736601249 2.791e-08 0.2 2.470508 
3458484829 1.418633e-08 0.20389574871477723 0.7961042512852228 
253808213 2.791e-08 0.2 3.275379 
72955594 2.091e-08 0.13347680535628886 0.8665231946437111 
3288380490 1.446266e-08 0.400000052115573 0.599999947884427 
2451350669 2.791e-08 0.4 1.544302 
1246511018 1.420707e-08 0.1999999641705547 0.8000000358294452 
1199222225 1.4e-08 0.20000000000000018 0.7999999999999998 
1761715697 1.695698e-08 0.2194573168885813 0.7805426831114187 
249728555 1.530738e-08 1.0 0.0 
2087527840 1.404441e-08 0.19806947084489 0.80193052915511 
1737134642 1.431889e-08 0.10285558370269737 0.8971444162973026 
481808867 1.481601e-08 0.06279243422036933 0.9372075657796307 
249938527 1.456135e-08 0.12778122170019074 0.8722187782998092 
57770090 1.472778e-08 0.19999997133644265 0.8000000286635573 
2669757562 2.791e-08 0.2 3.221765 
3012070026 2.791e-08 0.2 2.808738 
3481866093 2.791e-08 0.2 3.758521 
3004792470 1.0067341e-06 0.19273650391528135 0.8072634960847187 
3690557900 1.468225e-08 0.9999999999999964 3.552713678800501e-15 
3428193420 2.791e-08 0.2 2.332171 
3532745758 1.462938e-08 0.2173777770246407 0.7826222229753593 
3833318790 2.791e-08 0.2 2.875614 
3967778277 1.420724e-08 0.21077393823110965 0.7892260617688903 
896813269 1.462938e-08 0.2173777770246407 0.7826222229753593 
2261252686 2.791e-08 0.2 2.858822 
2013640095 1.4e-08 0.4010347805089568 0.5989652194910432 
3830801972 1.439278e-08 0.2211521533695157 0.7788478466304842 
