3228084226 2.791e-08 0.2 3.953171 
3015378843 2.791e-08 0.2 3.625184 
1134132465 2.791e-08 0.2 3.972905 
2429525676 2.791e-08 0.2 3.913848 
2856850640 2.791e-08 0.2 2.960313 
501991070 2.791e-08 0.2 4.072314 
4274934102 2.791e-08 0.2 4.032403 
2956861855 2.791e-08 0.2 3.133389 
2669757562 2.791e-08 0.2 3.221765 
2757833455 2.791e-08 0.2 4.052334 
3245569981 2.791e-08 0.2 3.777765 
1236021306 2.791e-08 0.2 3.568774 
2914302410 1.411483e-08 0.20000000651444588 0.7999999934855542 
754869367 2.791e-08 0.2 3.383931 
90391199 2.791e-08 0.2 3.606331 
3800257563 2.791e-07 0.2 3.458677 
1498734392 2.791e-08 0.2 4.012522 
1533953788 2.791e-08 0.2 3.257459 
1403705120 2.791e-07 0.2 3.836717 
2555962951 2.791e-07 0.2 3.277007 
921425487 2.791e-08 0.2 3.293348 
300193622 2.791e-08 0.2 3.311367 
1434594601 2.791e-08 0.2 2.792141 
3443220506 2.791e-08 0.2 3.682034 
769686034 2.791e-08 0.2 3.11586 
3384709749 2.791e-08 0.2 3.720179 
728028737 2.791e-08 0.2 3.098381 
392861532 2.791e-08 0.2 3.347551 
838860310 2.791e-08 0.2 2.439423 
3481866093 5.582e-08 0.2 0.8 
888311950 5.582e-08 0.2 0.8 
1866926464 2.791e-08 0.2 3.203992 
2466232951 2.791e-08 0.2 2.139364 
3519923770 2.791e-08 0.2 3.046238 
528880979 1.404397e-08 0.39485570531457714 0.6051442946854229 
997905375 2.791e-08 0.2 3.663035 
1199222225 1.406311e-08 0.20304785909340511 0.7969521409065949 
287394855 1.464215e-08 0.20146478247628977 0.7985352175237103 
2704180049 1.464215e-08 0.20146478247628977 0.7985352175237103 
451270221 1.411483e-08 0.20000000651444588 0.7999999934855542 
1896745001 1.412623e-08 0.2021405837010339 0.7978594162989661 
1149406307 1.411483e-08 0.20000000651444588 0.7999999934855542 
3607413901 1.447519e-08 0.23253443556592884 0.7674655644340711 
3838279446 2.791e-08 0.2 2.943275 
2589646060 2.543833e-08 0.22450250293121102 0.775497497068789 
2606325002 1.406311e-08 0.20304785909340511 0.7969521409065949 
43001897 2.791e-08 0.2 3.47574 
29350397 2.791e-08 0.2 3.797059 
1850435983 1.508963e-08 0.19549038410717867 0.8045096158928213 
1586980658 2.791e-08 0.2 3.402195 
3160344427 1.4e-08 0.41149548638819733 0.5885045136118027 
825415804 2.791e-08 0.2 3.011721 
360107933 1.4e-08 0.20396316983536125 0.7960368301646388 
199935986 2.791e-08 0.2 2.926287 
4055959668 1.404397e-08 0.39485570531457714 0.6051442946854229 
1249238030 2.075669e-07 0.19999996622075442 0.8000000337792456 
1483909303 1.401449e-08 0.2773705984608869 0.722629401539113 
1906851972 1.406311e-08 0.20304785909340511 0.7969521409065949 
4061687915 2.791e-08 0.2 2.227322 
916523109 2.791e-08 0.2 3.494249 
739080713 2.791e-08 0.2 2.486124 
