4274934102 2.791e-08 0.2 4.032403 
997905375 2.791e-08 0.2 3.663035 
1507417240 2.791e-08 0.2 3.933485 
3392858646 2.791e-08 0.2 3.816401 
3708838243 2.791e-08 0.2 3.739326 
2768642543 2.791e-08 0.2 3.874722 
739080713 2.189656e-08 0.25492588790202664 0.7450741120979734 
1236021306 2.791e-08 0.2 3.568774 
2429525676 2.791e-08 0.2 3.913848 
356405251 1.696172e-08 0.1645469916965968 0.8354530083034032 
3800257563 4.1865e-07 0.20000000000000004 0.7999999999999999 
2669757562 2.791e-08 0.2 3.221765 
3228084226 2.791e-08 0.2 3.953171 
4198169764 1.823915e-08 0.15302248185907788 0.8469775181409221 
1403705120 3.0701e-07 0.20000000000000004 0.7999999999999999 
754869367 2.791e-08 0.2 3.383931 
3384709749 2.791e-08 0.2 3.720179 
3983774618 1.401835e-08 0.39999960075793545 0.6000003992420646 
43001897 2.791e-08 0.2 3.47574 
3481866093 2.791e-08 0.2 3.758521 
843517319 2.791e-08 0.2 3.45728 
3015378843 2.791e-08 0.2 3.625184 
3462747 2.791e-08 0.2 3.150966 
2343849308 2.090517e-08 0.26701528856259005 0.73298471143741 
3245569981 4.7653389999999995e-08 0.24143126147148086 0.7585687385285191 
1128709694 5.582e-08 0.2 0.8 
911013108 2.791e-08 0.2 2.909347 
3037779432 2.791e-08 0.2 2.825384 
769686034 2.791e-08 0.2 3.11586 
4188445920 6.347911e-08 0.2638033204939389 0.736196679506061 
1434594601 2.791e-08 0.2 2.792141 
266059373 2.791e-08 0.2 3.438869 
2622395779 1.4e-08 0.40052388594892885 0.5994761140510712 
250719570 1.485585e-08 0.20000002388630422 0.7999999761136958 
1761715697 1.607458e-08 0.08681408783308803 0.9131859121669119 
2426951832 1.438293e-08 0.10328807672884985 0.8967119232711501 
4046076794 2.791e-08 0.2 2.124876 
287394855 1.416805e-08 0.19999952070805907 0.800000479291941 
265770918 2.791e-08 0.2 3.06357 
3967778277 1.416805e-08 0.19999952070805907 0.800000479291941 
2654473721 1.416805e-08 0.19999952070805907 0.800000479291941 
4186562710 1.416805e-08 0.19999952070805907 0.800000479291941 
2670951229 1.416805e-08 0.19999952070805907 0.800000479291941 
3527214469 1.416805e-08 0.19999952070805907 0.800000479291941 
1298902656 2.023819e-08 0.15387709424543328 0.8461229057545667 
2789301560 1.416805e-08 0.19999952070805907 0.800000479291941 
1533953788 1.399999e-08 0.3987145705104075 0.6012854294895925 
