1768543625 2.791e-08 0.2 3.992689 
916523109 2.791e-08 0.2 3.494249 
126484229 2.791e-08 0.2 3.644085 
3015378843 2.791e-08 0.2 3.625184 
769686034 2.791e-08 0.2 3.11586 
3475245566 2.791e-08 0.2 3.239587 
476505668 2.791e-07 0.2 3.645247 
3384709749 2.791e-08 0.2 3.720179 
90391199 2.791e-08 0.2 3.606331 
300193622 2.791e-08 0.2 3.311367 
3245569981 2.791e-08 0.2 3.777765 
385785803 2.791e-08 0.2 3.420508 
3037779432 2.791e-08 0.2 2.825384 
618276123 2.791e-07 0.2 4.033088 
2768642543 2.791e-08 0.2 3.874722 
2429525676 2.791e-08 0.2 3.913848 
2545005546 2.791e-08 0.2 3.186267 
997905375 2.791e-08 0.2 3.663035 
2326007700 2.791e-08 0.2 2.994536 
3519923770 2.791e-08 0.2 3.046238 
2555962951 2.791e-07 0.2 3.277007 
501991070 2.791e-08 0.2 4.072314 
3228084226 2.791e-08 0.2 3.953171 
3833318790 2.791e-08 0.2 2.875614 
728028737 2.791e-08 0.2 3.098381 
2669757562 2.791e-08 0.2 3.221765 
2681375347 2.791e-08 0.2 3.531414 
1134132465 2.791e-08 0.2 3.972905 
825415804 2.791e-08 0.2 3.011721 
1128709694 2.791e-08 0.2 3.587528 
921425487 2.791e-08 0.2 3.293348 
29350397 2.791e-08 0.2 3.797059 
1239791232 2.791e-08 0.2 2.709894 
1347872676 1.4000010000000001e-08 0.39871400091857073 0.6012859990814292 
410848061 1.453458e-08 0.38461546941883956 0.6153845305811605 
828787466 2.791e-08 0.2 3.701082 
43001897 2.791e-08 0.2 3.47574 
3800257563 2.791e-07 0.2 3.458677 
4028593304 2.791e-08 0.2 3.329435 
1507417240 2.791e-08 0.2 3.933485 
333964007 2.791e-08 0.2 2.153901 
511603307 1.4000000000000003e-08 0.7974285714285713 0.20257142857142874 
2729381062 2.791e-08 0.2 3.894261 
1236021306 2.791e-08 0.2 3.568774 
2911053862 2.791e-08 0.2 2.533265 
1960974751 1.41258e-08 0.1999988276756149 0.8000011723243852 
1237914369 1.4e-08 0.20487989050983055 0.7951201094901694 
343742982 2.791e-08 0.4 1.532022 
37051273 1.569551e-08 0.356167101897656 0.643832898102344 
392861532 2.791e-08 0.2 3.347551 
843517319 2.791e-08 0.2 3.45728 
3443220506 2.791e-08 0.2 3.682034 
1831065885 1.4e-08 0.3993017363932626 0.6006982636067374 
378125977 1.434159e-08 0.2000000325722342 0.7999999674277658 
3687573659 1.4e-08 0.20000000000000018 0.7999999999999998 
3528190190 1.4e-08 0.20608449575059176 0.7939155042494083 
1502094437 2.791e-08 0.4 1.459367 
2087527840 1.45538e-08 0.15613648024679458 0.8438635197532054 
4226750145 2.791e-08 0.2 2.892456 
1856937876 1.4e-08 0.39871428571428574 0.6012857142857142 
3604532305 1.964255e-08 0.28417898898055494 0.7158210110194451 
1945735688 1.436897e-08 0.3999999348555527 0.6000000651444473 
3824069879 2.791e-08 0.2 3.168592 
4083845756 1.434159e-08 0.2000000325722342 0.7999999674277658 
253656606 1.4e-08 0.39871428571428574 0.6012857142857142 
2066612683 1.45694e-08 0.20608449575059176 0.7939155042494083 
2654714783 1.513524e-08 0.6177228169896222 0.38227718301037783 
2848685905 1.605503e-08 0.17409572917352606 0.8259042708264739 
