3228084226 2.791e-08 0.2 3.953171 
3481866093 2.791e-08 0.2 3.758521 
3443220506 2.791e-08 0.2 3.682034 
3245569981 2.791e-08 0.2 3.777765 
2250757420 2.791e-08 0.2 3.835792 
385785803 2.791e-08 0.2 3.420508 
2757833455 2.791e-08 0.2 4.052334 
3015378843 2.791e-08 0.2 3.625184 
1768543625 2.791e-08 0.2 3.992689 
3919026803 2.791e-08 0.2 4.092343 
2555962951 2.791e-07 0.2 3.277007 
997905375 2.791e-08 0.2 3.663035 
392861532 2.791e-08 0.2 3.347551 
1403705120 2.791e-07 0.2 3.836717 
476505668 3.0701e-07 0.20000000000000004 0.7999999999999999 
3709881891 2.791e-08 0.2 3.550069 
2729381062 2.791e-08 0.2 3.894261 
843517319 2.791e-08 0.2 3.45728 
1236021306 2.791e-08 0.2 3.568774 
1866926464 2.791e-08 0.2 3.203992 
1664502715 2.791e-08 0.2 2.726246 
1507417240 2.791e-08 0.2 3.933485 
3708838243 2.791e-08 0.2 3.739326 
2429525676 2.791e-08 0.2 3.913848 
754869367 2.791e-08 0.2 3.383931 
3519923770 2.791e-08 0.2 3.046238 
29350397 2.791e-08 0.2 3.797059 
315200650 2.791e-08 0.2 2.517502 
1498734392 2.791e-08 0.2 4.012522 
2681375347 2.5507780000000002e-08 0.21883519459553122 0.7811648054044688 
2480932170 2.791e-08 0.4 1.51979 
916523109 2.791e-08 0.2 3.494249 
921425487 2.791e-08 0.2 3.293348 
3197676583 2.791e-08 0.2 2.21254 
126484229 2.791e-08 0.2 3.644085 
1128709694 2.791e-08 0.2 3.587528 
3004792470 3.0701e-07 0.20000000000000004 0.7999999999999999 
3108364485 2.791e-08 0.2 3.028955 
57770090 1.515611e-08 0.1841501546241087 0.8158498453758913 
1227575429 2.791e-08 0.2 2.019059 
90391199 2.791e-08 0.2 3.606331 
2326007700 8.373e-08 0.2 0.8 
3736894086 2.791e-08 0.2 2.596808 
618276123 2.791e-07 0.2 4.033088 
1134132465 2.791e-08 0.2 3.972905 
2466232951 2.791e-08 0.2 2.139364 
253808213 2.791e-08 0.2 3.275379 
2261252686 2.791e-08 0.2 2.858822 
129185354 2.791e-08 0.2 2.564938 
2063946235 2.091e-08 0.40000000000000013 0.5999999999999999 
3913511150 1.415385e-08 0.7887606552280827 0.2112393447719173 
2883513480 1.46505e-08 0.21818181818181812 0.7818181818181819 
888311950 1.4000000000000003e-08 0.39871428571428563 0.6012857142857144 
1533953788 2.791e-08 0.2 3.257459 
2027098952 1.4e-08 0.20000000000000018 0.7999999999999998 
3392858646 2.791e-08 0.2 3.816401 
3071577057 1.515611e-08 0.1841501546241087 0.8158498453758913 
2378434411 1.46505e-08 0.1999999999999999 0.8 
266059373 2.791e-08 0.2 3.438869 
1237914369 1.4e-08 0.39871457051040754 0.6012854294895924 
1428265047 1.472778e-08 0.19999994983878008 0.8000000501612199 
3012070026 2.791e-08 0.2 2.808738 
1172086036 2.091e-08 0.40000000000000013 0.5999999999999999 
3167902617 1.74325e-08 0.19948372293130645 0.8005162770686935 
2669757562 2.791e-08 0.2 3.221765 
3528190190 1.741e-08 0.08015508328546814 0.9198449167145318 
3736601249 5.582e-08 0.2 0.8 
695939830 1.4e-08 0.3999999999999947 0.6000000000000053 
1649557018 1.593011e-08 0.1457198572400558 0.8542801427599442 
3824069879 2.791e-08 0.2 3.168592 
43001897 2.791e-08 0.2 3.47574 
3475245566 2.791e-08 0.2 3.239587 
3384709749 2.268409e-08 0.24607555339447165 0.7539244466055284 
3279231079 2.791e-08 0.2 2.549077 
3111692719 1.4e-08 0.3999999999999999 0.6000000000000001 
