3919026803 2.791e-08 0.2 4.092343 
3708838243 2.791e-08 0.2 3.739326 
3015378843 2.791e-08 0.2 3.625184 
1498734392 2.791e-08 0.2 4.012522 
501991070 2.791e-08 0.2 4.072314 
3481866093 2.791e-08 0.2 3.758521 
3384709749 2.791e-08 0.2 3.720179 
90391199 2.791e-08 0.2 3.606331 
476505668 3.0701e-07 0.20000000000000004 0.7999999999999999 
997905375 2.791e-08 0.2 3.663035 
2555962951 2.791e-07 0.2 3.277007 
1128709694 2.791e-08 0.2 3.587528 
921425487 2.791e-08 0.2 3.293348 
3108364485 2.791e-08 0.2 3.028955 
1236021306 2.791e-08 0.2 3.568774 
43001897 2.791e-08 0.2 3.47574 
3838279446 2.791e-08 0.2 2.943275 
2768642543 2.791e-08 0.2 3.874722 
2190522392 2.791e-08 0.2 3.512807 
2669757562 2.791e-08 0.2 3.221765 
1507417240 2.791e-08 0.2 3.933485 
2729381062 2.791e-08 0.2 3.894261 
1403705120 2.791e-07 0.2 3.836717 
865537991 2.791e-08 0.2 3.855233 
3245569981 2.791e-08 0.2 3.777765 
1347872676 2.791e-08 0.2 2.580848 
2250757420 2.791e-08 0.2 3.835792 
911013108 2.791e-08 0.2 2.909347 
3396227953 1.469432e-08 0.1982711509596908 0.8017288490403092 
3012070026 2.791e-08 0.2 2.808738 
1768543625 2.791e-08 0.2 3.992689 
2440120768 2.791e-08 0.2 2.257034 
4274934102 2.791e-08 0.2 4.032403 
3833318790 2.791e-08 0.2 2.875614 
1415695418 2.791e-08 0.2 3.365717 
3709881891 5.582e-08 0.2 0.8 
3824069879 2.791e-08 0.2 3.168592 
2710766136 2.791e-08 0.2 2.759095 
754869367 2.791e-08 0.2 3.383931 
3475245566 2.791e-08 0.2 3.239587 
2326007700 2.791e-08 0.2 2.994536 
3268335666 2.791e-08 0.2 2.9774 
769686034 2.791e-08 0.2 3.11586 
1239791232 2.791e-08 0.2 2.709894 
3443220506 2.791e-08 0.2 3.682034 
2545005546 2.791e-08 0.2 3.186267 
821115011 1.433799e-08 0.5839730673546287 0.4160269326453713 
2856850640 2.791e-08 0.2 2.960313 
1149406307 2.091e-08 0.40000000000000036 0.5999999999999996 
3462747 2.791e-08 0.2 3.150966 
126484229 2.791e-08 0.2 3.644085 
392861532 2.791e-08 0.2 3.347551 
1866926464 2.791e-08 0.2 3.203992 
1963165541 2.791e-08 0.2 2.423954 
426576124 2.791e-07 0.2 0.8 
3528190190 1.46505e-08 0.2 0.8 
4088625113 1.46505e-08 0.2 0.8 
4028593304 2.791e-08 0.2 3.329435 
2159618959 2.091e-08 0.40000000000000036 0.5999999999999996 
29350397 5.582e-08 0.2 0.8 
3392858646 2.791e-08 0.2 3.816401 
1896745001 1.741e-08 0.16031016657093627 0.8396898334290637 
1227575429 2.791e-08 0.2 2.019059 
3037779432 2.791e-08 0.2 2.825384 
266059373 2.791e-08 0.2 3.438869 
1037584679 2.791e-08 0.4 1.669806 
2870037616 2.4236740000000004e-08 0.4606230045789986 0.5393769954210015 
315200650 2.791e-08 0.2 2.517502 
2472898255 1.4e-08 0.40455604026394776 0.5954439597360522 
828787466 2.791e-08 0.2 3.701082 
2519559028 3.0701e-07 0.20000000000000004 0.7999999999999999 
2744143284 1.4e-08 0.3732133519580498 0.6267866480419502 
1601889739 1.4e-08 0.3987142857142856 0.6012857142857144 
3696843781 2.091e-08 0.2669536107125777 0.7330463892874223 
3940915008 1.4e-08 0.32311743385995145 0.6768825661400486 
810769555 2.791e-08 0.4 1.894413 
290926289 2.791e-08 0.2 2.408534 
2620740164 2.791e-08 0.2 2.501788 
3797386594 1.406239e-08 0.10325114375077254 0.8967488562492274 
3176785673 2.791e-08 0.2 2.775594 
4093093422 1.71072e-08 0.3262953610175832 0.6737046389824168 
4287239676 1.46505e-08 0.2 0.8 
300193622 2.791e-08 0.2 3.311367 
3519923770 2.791e-08 0.2 3.046238 
1134132465 2.791e-08 0.2 3.972905 
3562383954 1.405858e-08 0.3716582277450991 0.628341772254901 
242414939 2.791e-08 0.4 1.483389 
755060644 1.4e-08 0.3732133519580497 0.6267866480419503 
2328187860 1.447886e-08 0.24166279215443995 0.75833720784556 
1218250404 1.469432e-08 0.1982711509596908 0.8017288490403092 
1211996162 1.469432e-08 0.1982711509596908 0.8017288490403092 
