1507417240 2.791e-08 0.2 3.933485 
2250757420 2.791e-08 0.2 3.835792 
3392858646 2.791e-08 0.2 3.816401 
501991070 2.791e-08 0.2 4.072314 
3519923770 2.791e-08 0.2 3.046238 
1768543625 2.791e-08 0.2 3.992689 
3245569981 2.791e-08 0.2 3.777765 
4061687915 2.791e-08 0.2 2.227322 
3015378843 2.791e-08 0.2 3.625184 
2190522392 2.791e-08 0.2 3.512807 
1403705120 2.791e-07 0.2 3.836717 
1498734392 2.791e-08 0.2 4.012522 
2429525676 2.791e-08 0.2 3.913848 
1236021306 2.791e-08 0.2 3.568774 
1586980658 2.791e-08 0.2 3.402195 
126484229 2.791e-08 0.2 3.644085 
3462747 2.791e-08 0.2 3.150966 
3481866093 2.791e-08 0.2 3.758521 
728028737 2.791e-08 0.2 3.098381 
3443220506 2.791e-08 0.2 3.682034 
1533953788 2.791e-08 0.2 3.257459 
828787466 2.791e-08 0.2 3.701082 
43001897 2.791e-08 0.2 3.47574 
3800257563 2.791e-07 0.2 3.458677 
300193622 2.791e-08 0.2 3.311367 
4028593304 2.791e-08 0.2 3.329435 
4274934102 2.791e-08 0.2 4.032403 
2729381062 2.791e-08 0.2 3.894261 
90391199 2.791e-08 0.2 3.606331 
2669757562 2.791e-08 0.2 3.221765 
2710766136 2.791e-08 0.2 2.759095 
1128709694 2.791e-08 0.2 3.587528 
2151269300 1.472778e-08 0.19999997133644268 0.8000000286635573 
1471982444 1.472778e-08 0.19999997133644268 0.8000000286635573 
217284033 1.472778e-08 0.19999997133644268 0.8000000286635573 
3888264012 1.472778e-08 0.19999997133644268 0.8000000286635573 
3838279446 2.791e-08 0.2 2.943275 
845665321 1.472778e-08 0.19999997133644268 0.8000000286635573 
3228084226 2.791e-08 0.2 3.953171 
290926289 2.791e-08 0.2 2.408534 
375852842 1.472778e-08 0.19999997133644268 0.8000000286635573 
888311950 2.791e-08 0.2 2.842078 
3823443426 2.791e-08 0.2 2.301969 
3122982648 1.472778e-08 0.19999997133644268 0.8000000286635573 
2681375347 2.791e-08 0.2 3.531414 
476505668 2.791e-07 0.2 3.645247 
865537991 2.791e-08 0.2 3.855233 
916523109 2.791e-08 0.2 3.494249 
3303338876 1.472778e-08 0.19999997133644268 0.8000000286635573 
1239791232 2.791e-08 0.2 2.709894 
3708838243 2.791e-08 0.2 3.739326 
2063946235 1.472778e-08 0.19999997133644268 0.8000000286635573 
2956861855 2.791e-08 0.2 3.133389 
3709881891 2.791e-08 0.2 3.550069 
1035492323 2.791e-08 0.2 2.362569 
754869367 2.791e-08 0.2 3.383931 
3279231079 2.791e-08 0.2 2.549077 
2250879299 2.791e-08 0.2 2.183122 
3197676583 2.791e-08 0.2 2.21254 
253808213 1.4e-08 0.39871428571428574 0.6012857142857142 
1172086036 1.472778e-08 0.19999997133644268 0.8000000286635573 
1415695418 2.791e-08 0.2 3.365717 
1738909006 1.472778e-08 0.19999997133644268 0.8000000286635573 
3913511150 1.472778e-08 0.19999997133644268 0.8000000286635573 
3824069879 5.582e-08 0.2 0.8 
2875471576 1.472778e-08 0.19999997133644268 0.8000000286635573 
392861532 2.791e-08 0.2 3.347551 
3037779432 2.791e-08 0.2 2.825384 
3176785673 2.791e-08 0.2 2.775594 
3428193420 2.791e-08 0.2 2.332171 
2620740164 2.791e-08 0.2 2.501788 
3593732192 1.472778e-08 0.19999997133644268 0.8000000286635573 
769686034 2.791e-08 0.2 3.11586 
3953846011 2.791e-08 0.4 1.991016 
3475245566 2.791e-08 0.2 3.239587 
1664502715 2.791e-08 0.2 2.726246 
426576124 2.7909996e-07 0.20000002866356556 0.7999999713364344 
3498415124 2.791e-08 0.4 1.319352 
1651612823 2.791e-08 0.2 2.347346 
129185354 2.791e-08 0.2 2.564938 
3071577057 1.4e-08 0.4013786484010296 0.5986213515989705 
3988949870 2.791e-08 0.2 2.286942 
3737780296 3.0701e-07 0.20000000000000004 0.7999999999999999 
785216844 1.741e-08 0.08015508328546814 0.9198449167145318 
385785803 2.791e-08 0.2 3.420508 
1055469694 1.745133e-08 0.319860909797096 0.680139090202904 
3983774618 1.458727e-08 0.4000000716589163 0.5999999283410837 
4226750145 2.791e-08 0.2 2.892456 
907719639 2.378338e-08 0.26656928670205016 0.7334307132979498 
722767024 1.424668e-08 0.37341045840695397 0.626589541593046 
826924968 1.424668e-08 0.37341045840695397 0.626589541593046 
2670951229 1.424668e-08 0.37341045840695397 0.626589541593046 
2766526296 1.424668e-08 0.37341045840695397 0.626589541593046 
1314810707 1.424668e-08 0.37341045840695397 0.626589541593046 
764400056 1.424668e-08 0.37341045840695397 0.626589541593046 
470332523 1.709938e-08 1.0 0.0 
1458665800 2.791e-08 0.4 1.96317 
2426951832 1.954722e-08 0.14278245192922573 0.8572175480707742 
79461789 1.478985e-08 1.0 0.0 
3384709749 2.791e-08 0.2 3.720179 
