501991070 2.791e-08 0.2 4.072314 
3475245566 2.791e-08 0.2 3.239587 
3462747 2.791e-08 0.2 3.150966 
29350397 2.791e-08 0.2 3.797059 
769686034 2.791e-08 0.2 3.11586 
1415695418 2.791e-08 0.2 3.365717 
2669757562 2.791e-08 0.2 3.221765 
3481866093 2.791e-08 0.2 3.758521 
1842102965 1.41524e-08 0.2 0.8 
1768543625 2.791e-08 0.2 3.992689 
3384709749 2.791e-08 0.2 3.720179 
302486611 1.41524e-08 0.2 0.8 
2429525676 2.791e-08 0.2 3.913848 
825415804 2.791e-08 0.2 3.011721 
2729381062 2.791e-08 0.2 3.894261 
3228084226 2.791e-08 0.2 3.953171 
1507417240 2.791e-08 0.2 3.933485 
1541946641 2.791e-08 0.4 1.813522 
838860310 2.791e-08 0.2 2.439423 
1533953788 2.791e-08 0.2 3.257459 
3443220506 2.791e-08 0.2 3.682034 
1726701215 1.74325e-08 0.40000000000000013 0.5999999999999999 
739080713 2.791e-08 0.2 2.486124 
3485819286 1.495727e-08 0.19566722277389945 0.8043327772261005 
2250757420 2.791e-08 0.2 3.835792 
1820499179 1.4e-08 0.19982845235334368 0.8001715476466563 
3824069879 2.791e-08 0.2 3.168592 
3823443426 2.791e-08 0.2 2.301969 
3083717413 1.415349e-08 0.19982845235334365 0.8001715476466563 
2326007700 2.791e-08 0.2 2.994536 
916523109 2.791e-08 0.2 3.494249 
129185354 2.791e-08 0.2 2.564938 
4035587434 1.66795e-08 0.11155410334042787 0.8884458966595721 
1923515514 1.415661e-08 0.2104383214013536 0.7895616785986463 
3459374364 1.415349e-08 0.19982845235334365 0.8001715476466563 
1382686479 1.495727e-08 0.19566722277389945 0.8043327772261005 
538453177 1.415349e-08 0.19982845235334365 0.8001715476466563 
1285693762 1.41524e-08 0.2 0.8 
3279439195 1.415661e-08 0.2104383214013536 0.7895616785986463 
3490627259 1.4e-08 0.39871428571428574 0.6012857142857142 
4240624600 1.415349e-08 0.19982845235334365 0.8001715476466563 
3736523900 1.4e-08 0.20362285770165223 0.7963771422983478 
4212779140 1.415349e-08 0.19982845235334365 0.8001715476466563 
1598213090 1.415661e-08 0.2104383214013536 0.7895616785986463 
1458665800 1.9412329999999998e-08 0.5750984039525395 0.4249015960474605 
19131048 1.415661e-08 0.2104383214013536 0.7895616785986463 
4226750145 1.3999990000000003e-08 0.39871457051040743 0.6012854294895926 
241690685 1.41352e-08 0.2012819371734653 0.7987180628265347 
2733144751 1.400615e-08 0.21242901792372784 0.7875709820762722 
3297235373 1.4e-08 0.21279237465240117 0.7872076253475988 
2110688926 1.415661e-08 0.2104383214013536 0.7895616785986463 
2911053862 2.791e-08 0.2 2.533265 
533433650 1.415661e-08 0.2104383214013536 0.7895616785986463 
2674988631 1.429791e-08 0.20542624761241338 0.7945737523875867 
898751805 1.714265e-08 1.0 0.0 
378125977 1.495727e-08 0.19566722277389945 0.8043327772261005 
841878026 1.415661e-08 0.2104383214013536 0.7895616785986463 
517786421 1.4e-08 0.21279237465240114 0.7872076253475988 
