2768642543 2.791e-08 0.2 3.874722 
3384709749 2.791e-08 0.2 3.720179 
3228084226 2.791e-08 0.2 3.953171 
1931993247 1.472778e-08 0.19999997133644273 0.8000000286635572 
126484229 2.791e-08 0.2 3.644085 
1104410542 1.472778e-08 0.19999997133644273 0.8000000286635572 
1403705120 2.791e-07 0.2 3.836717 
769686034 2.791e-08 0.2 3.11586 
501991070 2.791e-08 0.2 4.072314 
2429525676 2.791e-08 0.2 3.913848 
1498734392 2.791e-08 0.2 4.012522 
1634407402 1.472778e-08 0.19999997133644273 0.8000000286635572 
90391199 2.791e-08 0.2 3.606331 
937177227 1.4e-08 0.19999997133644273 0.8000000286635572 
997905375 2.791e-08 0.2 3.663035 
611212867 1.472778e-08 0.19999997133644273 0.8000000286635572 
921425487 2.791e-08 0.2 3.293348 
1434594601 2.791e-08 0.2 2.792141 
4274934102 2.791e-08 0.2 4.032403 
3245569981 2.791e-08 0.2 3.777765 
3443220506 2.791e-08 0.2 3.682034 
3071577057 1.472778e-08 0.19999997133644273 0.8000000286635572 
3015378843 2.791e-08 0.2 3.625184 
43001897 2.791e-08 0.2 3.47574 
4075596975 1.406021e-08 0.20000002149767354 0.7999999785023264 
607396504 1.406021e-08 0.20000002149767354 0.7999999785023264 
2501379955 1.406021e-08 0.20000002149767354 0.7999999785023264 
1541946641 2.791e-08 0.4 1.813522 
916523109 2.791e-08 0.2 3.494249 
2312786130 1.472778e-08 0.19999997133644273 0.8000000286635572 
220564665 1.406021e-08 0.20000002149767354 0.7999999785023264 
2883513480 1.4e-08 0.20086016444727176 0.7991398355527283 
1347872676 4.222889e-08 0.16706046000557243 0.8329395399944276 
1128709694 2.791e-08 0.2 3.587528 
3462747 2.791e-08 0.2 3.150966 
2681375347 2.791e-08 0.2 3.531414 
3869596591 1.472778e-08 0.19999997133644273 0.8000000286635572 
3833318790 2.791e-08 0.2 2.875614 
2440120768 2.791e-08 0.2 2.257034 
2729381062 2.791e-08 0.2 3.894261 
266059373 2.791e-08 0.2 3.438869 
3037779432 2.791e-08 0.2 2.825384 
1072840122 1.486377e-08 0.24812136040288335 0.7518786395971166 
2961226102 1.507515e-08 1.0 0.0 
2716949832 1.4e-08 0.20086016444727176 0.7991398355527283 
129185354 1.399998999999997e-08 1.0 0.0 
2707128518 2.091e-08 0.13347680535628886 0.8665231946437111 
3653734512 1.4120420000000002e-08 0.199147213911612 0.8008527860883881 
4283280385 1.406021e-08 0.20000002149767354 0.7999999785023264 
1199222225 1.4e-08 0.2008601644472717 0.7991398355527283 
538453177 1.406021e-08 0.20000002149767354 0.7999999785023264 
2733144751 1.4e-08 0.39871428571428574 0.6012857142857142 
3268335666 2.791e-08 0.2 2.9774 
483021244 1.590535e-08 0.14575820355605779 0.8542417964439422 
3519923770 2.797021e-08 0.19956947051881269 0.8004305294811873 
1866926464 2.791e-08 0.2 3.203992 
3532745758 1.486377e-08 0.24812136040288335 0.7518786395971166 
2746930994 1.406021e-08 0.20000002149767354 0.7999999785023264 
3929228125 1.486377e-08 0.24812136040288335 0.7518786395971166 
3197676583 2.791e-08 0.2 2.21254 
1398579088 1.406021e-08 0.20000002149767354 0.7999999785023264 
4055959668 1.406021e-08 0.20000002149767354 0.7999999785023264 
841878026 1.556357e-08 1.0 0.0 
3607413901 1.747021e-08 0.11968948138556923 0.8803105186144308 
825415804 2.791e-08 0.2 3.011721 
3294683754 1.486377e-08 0.24812136040288335 0.7518786395971166 
678688578 1.421626e-08 0.3821991782259889 0.6178008217740111 
988314595 1.4e-08 0.194051600769891 0.805948399230109 
1924091726 1.400912e-08 0.18117960488990184 0.8188203951100982 
3934203265 1.410357e-08 0.38525301675015594 0.614746983249844 
3353888196 2.653056e-08 0.09566955339258654 0.9043304466074135 
