2729381062 2.791e-08 0.2 3.894261 
2190522392 2.791e-08 0.2 3.512807 
3919026803 2.791e-08 0.2 4.092343 
3392858646 2.791e-08 0.2 3.816401 
2326007700 2.791e-08 0.2 2.994536 
1134132465 2.791e-08 0.2 3.972905 
90391199 2.791e-08 0.2 3.606331 
997905375 2.791e-08 0.2 3.663035 
3228084226 2.791e-08 0.2 3.953171 
501991070 2.791e-08 0.2 4.072314 
385785803 2.791e-08 0.2 3.420508 
2681375347 2.791e-08 0.2 3.531414 
43001897 2.791e-08 0.2 3.47574 
3268335666 2.791e-08 0.2 2.9774 
476505668 2.791e-07 0.2 3.645247 
828787466 2.791e-08 0.2 3.701082 
618276123 2.791e-07 0.2 4.033088 
3708838243 2.791e-08 0.2 3.739326 
4028593304 2.791e-08 0.2 3.329435 
3443220506 2.791e-08 0.2 3.682034 
3824069879 2.791e-08 0.2 3.168592 
2250757420 2.791e-08 0.2 3.835792 
1403705120 2.791e-07 0.2 3.836717 
728028737 2.791e-08 0.2 3.098381 
2429525676 2.791e-08 0.2 3.913848 
865537991 2.791e-08 0.2 3.855233 
1533953788 2.791e-08 0.2 3.257459 
1128709694 2.791e-08 0.2 3.587528 
843517319 3.77729e-08 0.14777790426469772 0.8522220957353023 
2856850640 2.791e-08 0.2 2.960313 
911013108 2.791e-08 0.2 2.909347 
1768543625 2.791e-08 0.2 3.992689 
426576124 2.791e-07 0.2 3.100238 
3800257563 3.0701e-07 0.20000000000000004 0.7999999999999999 
3245569981 2.791e-08 0.2 3.777765 
3838279446 2.791e-08 0.2 2.943275 
3015378843 2.791e-08 0.2 3.625184 
3462747 2.791e-08 0.2 3.150966 
3519923770 2.791e-08 0.2 3.046238 
2669757562 2.791e-08 0.2 3.221765 
921425487 2.791e-08 0.2 3.293348 
199935986 2.791e-08 0.2 2.926287 
1963165541 2.791e-08 0.2 2.423954 
2542835646 2.791e-08 0.4 1.593916 
2504591099 2.791e-08 0.2 2.693592 
2261252686 2.791e-08 0.2 2.858822 
326805806 2.791e-08 0.2 2.628873 
392861532 5.582e-08 0.2 0.8 
511603307 2.791e-08 0.4 1.853747 
3129006749 2.791e-08 0.4 1.93552 
769686034 2.791e-08 0.2 3.11586 
1586980658 2.791e-08 0.2 3.402195 
1664502715 2.791e-08 0.2 2.726246 
3475245566 2.791e-08 0.2 3.239587 
1866926464 2.791e-08 0.2 3.203992 
825415804 2.791e-08 0.2 3.011721 
126484229 2.791e-08 0.2 3.644085 
315200650 2.791e-08 0.2 2.517502 
2674988631 1.40779e-08 0.08811290322071451 0.9118870967792855 
2620740164 2.791e-08 0.2 2.501788 
1458432161 2.791e-08 0.2 2.047297 
2555962951 3.0701e-07 0.20000000000000004 0.7999999999999999 
3481866093 2.791e-08 0.2 3.758521 
2956861855 2.791e-08 0.2 3.133389 
1236021306 2.791e-08 0.2 3.568774 
1246511018 1.449881e-08 0.39273534354640977 0.6072646564535902 
3841896594 2.791e-08 0.4 0.75069 
4069401935 1.449881e-08 0.39273534354640977 0.6072646564535902 
405521437 2.791e-08 0.4 1.657035 
164438789 2.791e-08 0.2 2.454941 
732124878 2.791e-08 0.2 2.271963 
1371202285 1.445408e-08 0.40000007165891666 0.5999999283410833 
3176785673 2.791e-08 0.2 2.775594 
1239791232 2.791e-08 0.2 2.709894 
888311950 2.791e-08 0.2 2.842078 
3012070026 2.791e-08 0.2 2.808738 
463844675 1.725091e-08 0.3235769454614593 0.6764230545385407 
916523109 2.791e-08 0.2 3.494249 
771359632 1.4e-08 0.3029994201377102 0.6970005798622898 
3401497744 1.449881e-08 0.39273534354640977 0.6072646564535902 
741863299 2.791e-08 0.4 1.921769 
2480932170 2.791e-08 0.4 1.51979 
356405251 1.4e-08 0.2103968119124427 0.7896031880875574 
1651612823 2.791e-08 0.2 2.347346 
4186562710 1.4e-08 0.4019552055663878 0.5980447944336122 
2205180068 2.791e-08 0.4 1.747461 
1019134040 1.4000000000000001e-08 0.3987142857142857 0.6012857142857143 
6723929 2.791e-08 0.4 0.6 
1621314342 1.40138e-08 0.4023608190007216 0.5976391809992784 
937177227 1.477325e-08 0.37784509163521907 0.6221549083647809 
2151269300 1.472778e-08 0.1999999570046672 0.8000000429953328 
3418547556 1.411444e-08 0.05217272819138059 0.9478272718086194 
2597880038 1.445408e-08 0.40000007165891666 0.5999999283410833 
3108364485 2.791e-08 0.2 3.028955 
1285693762 1.458479e-08 0.21549503301332196 0.784504966986678 
474866315 1.80471e-08 0.30930177147574955 0.6906982285242504 
871205577 1.4e-08 0.40275743180802237 0.5972425681919776 
1737134642 1.445408e-08 0.40000007165891666 0.5999999283410833 
149784911 1.418204e-08 0.20383643804994603 0.796163561950054 
2932274237 1.4e-08 0.7974285714285715 0.2025714285714285 
302486611 1.412566e-08 0.2062544068543068 0.7937455931456932 
3187199216 1.412566e-08 0.2062544068543068 0.7937455931456932 
1285693762 1.412566e-08 0.2062544068543068 0.7937455931456932 
817087088 1.412566e-08 0.2062544068543068 0.7937455931456932 
4096225443 1.445408e-08 0.40000007165891666 0.5999999283410833 
1601889739 1.454031e-08 0.7677960319992956 0.23220396800070442 
3330100144 1.412566e-08 0.2062544068543068 0.7937455931456932 
3321237907 1.412566e-08 0.2062544068543068 0.7937455931456932 
249728555 1.443429e-08 0.19335900830591599 0.806640991694084 
1218250404 1.412566e-08 0.2062544068543068 0.7937455931456932 
1211996162 1.412566e-08 0.2062544068543068 0.7937455931456932 
114837353 1.40138e-08 0.4023608190007216 0.5976391809992784 
1347872676 2.791e-08 0.2 2.580848 
2710766136 2.791e-08 0.2 2.759095 
3467386575 1.4e-08 0.40275771949210776 0.5972422805078923 
