4274934102 2.791e-08 0.2 4.032403 
1768543625 2.791e-08 0.2 3.992689 
3481866093 2.791e-08 0.2 3.758521 
3392858646 2.791e-08 0.2 3.816401 
3919026803 2.791e-08 0.2 4.092343 
4028593304 2.791e-08 0.2 3.329435 
1586980658 2.791e-08 0.2 3.402195 
1498734392 2.791e-08 0.2 4.012522 
3384709749 2.791e-08 0.2 3.720179 
769686034 2.791e-08 0.2 3.11586 
29350397 2.791e-08 0.2 3.797059 
865537991 2.791e-08 0.2 3.855233 
1533953788 2.791e-08 0.2 3.257459 
2250757420 2.791e-08 0.2 3.835792 
3228084226 2.791e-08 0.2 3.953171 
2429525676 2.791e-08 0.2 3.913848 
1128709694 2.791e-08 0.2 3.587528 
126484229 2.791e-08 0.2 3.644085 
90391199 2.791e-08 0.2 3.606331 
43001897 2.791e-08 0.2 3.47574 
3443220506 2.791e-08 0.2 3.682034 
501991070 2.791e-08 0.2 4.072314 
3037779432 2.791e-08 0.2 2.825384 
2190522392 2.791e-08 0.2 3.512807 
385785803 2.791e-08 0.2 3.420508 
2555962951 2.791e-07 0.2 3.277007 
2729381062 2.791e-08 0.2 3.894261 
618276123 2.791e-07 0.2 4.033088 
3245569981 2.791e-08 0.2 3.777765 
1415695418 2.791e-08 0.2 3.365717 
476505668 2.791e-07 0.2 3.645247 
921425487 2.791e-08 0.2 3.293348 
916523109 2.791e-08 0.2 3.494249 
266059373 2.791e-08 0.2 3.438869 
3012070026 2.791e-08 0.2 2.808738 
2261252686 2.791e-08 0.2 2.858822 
253808213 2.791e-08 0.2 3.275379 
2074240873 2.791e-08 0.2 2.168487 
1507417240 2.791e-08 0.2 3.933485 
838860310 2.791e-08 0.2 2.439423 
1134132465 2.791e-08 0.2 3.972905 
199935986 2.791e-08 0.2 2.926287 
3709881891 2.791e-08 0.2 3.550069 
3108364485 2.791e-08 0.2 3.028955 
3475245566 2.791e-08 0.2 3.239587 
997905375 2.791e-08 0.2 3.663035 
3375523036 1.632485e-08 0.11397756589902318 0.8860224341009768 
392861532 2.791e-08 0.2 3.347551 
2956861855 2.791e-08 0.2 3.133389 
426576124 3.9073999999999996e-07 0.20000000000000007 0.7999999999999999 
300193622 2.791e-08 0.2 3.311367 
326805806 2.791e-08 0.2 2.628873 
1403705120 2.791e-07 0.2 3.836717 
1037584679 2.791e-08 0.4 1.669806 
3519923770 2.791e-08 0.2 3.046238 
741863299 2.791e-08 0.4 1.921769 
1218250404 1.435503e-08 0.21632677294555833 0.7836732270544416 
2710766136 2.791e-08 0.2 2.759095 
2519559028 2.791e-07 0.2 2.761399 
843517319 2.791e-08 0.2 3.45728 
4061687915 2.791e-08 0.2 2.227322 
314650893 2.791e-08 0.4 1.251992 
728028737 2.791e-08 0.2 3.098381 
2177968201 1.683382e-08 1.0 0.0 
333964007 2.791e-08 0.2 2.153901 
129185354 2.791e-08 0.2 2.564938 
315200650 2.791e-08 0.2 2.517502 
4188445920 2.791e-08 0.2 2.742646 
3268335666 2.791e-08 0.2 2.9774 
2848685905 1.4e-08 0.7974291410208147 0.20257085897918525 
3933289935 2.791e-08 0.4 1.84029 
2545005546 2.791e-08 0.2 3.186267 
2451350669 2.791e-08 0.4 1.544302 
828787466 2.791e-08 0.2 3.701082 
3160344427 1.401507e-08 0.1997849457762252 0.8002150542237748 
732124878 2.791e-08 0.2 2.271963 
1398579088 1.449e-08 0.4 0.6 
1420914473 1.4e-08 0.4140000000000001 0.5859999999999999 
2369258877 2.091e-08 0.39999999999999963 0.6000000000000003 
1222799196 3.141931e-07 0.39085517791447366 0.6091448220855263 
4167430602 1.456174e-08 0.2399690335911364 0.7600309664088636 
2681375347 2.791e-08 0.2 3.531414 
1826422368 1.499674e-08 0.09305355697304882 0.9069464430269512 
3891448235 2.791e-08 0.2 0.8 
1676003954 1.507688e-08 0.3291511309165321 0.670848869083468 
2961226102 1.750756e-08 0.15941684620815239 0.8405831537918476 
2024675612 1.4e-08 0.40000000000000047 0.5999999999999995 
1347872676 2.791e-08 0.2 2.580848 
1736323711 1.700828e-08 0.17763731720794054 0.8223626827920595 
3737780296 9.236746e-07 0.1609870510675513 0.8390129489324487 
2906924538 2.507765e-08 0.22258863968513798 0.777411360314862 
102901530 2.791e-08 0.4 1.867253 
3838279446 2.791e-08 0.2 2.943275 
551137729 1.435503e-08 0.21632677294555833 0.7836732270544416 
