4274934102 2.791e-08 0.2 4.032403 
2757833455 2.791e-08 0.2 4.052334 
126484229 2.791e-08 0.2 3.644085 
2555962951 2.791e-07 0.2 3.277007 
2768642543 2.791e-08 0.2 3.874722 
3245569981 2.791e-08 0.2 3.777765 
1236021306 2.791e-08 0.2 3.568774 
3481866093 2.791e-08 0.2 3.758521 
3392858646 2.791e-08 0.2 3.816401 
501991070 2.791e-08 0.2 4.072314 
1128709694 2.791e-08 0.2 3.587528 
3228084226 2.791e-08 0.2 3.953171 
1768543625 2.791e-08 0.2 3.992689 
997905375 2.791e-08 0.2 3.663035 
1507417240 2.791e-08 0.2 3.933485 
3037779432 2.791e-08 0.2 2.825384 
3443220506 2.791e-08 0.2 3.682034 
3824069879 2.791e-08 0.2 3.168592 
828787466 2.791e-08 0.2 3.701082 
3838279446 2.791e-08 0.2 2.943275 
2956861855 2.791e-08 0.2 3.133389 
1403705120 2.791e-07 0.2 3.836717 
29350397 2.791e-08 0.2 3.797059 
326805806 2.791e-08 0.2 2.628873 
618276123 2.791e-07 0.2 4.033088 
921425487 2.791e-08 0.2 3.293348 
1134132465 2.791e-08 0.2 3.972905 
3268335666 2.791e-08 0.2 2.9774 
265770918 2.791e-08 0.2 3.06357 
3919026803 2.791e-08 0.2 4.092343 
2261252686 2.791e-08 0.2 2.858822 
3800257563 3.0701e-07 0.20000000000000004 0.7999999999999999 
392861532 2.791e-08 0.2 3.347551 
728028737 2.791e-08 0.2 3.098381 
2190522392 2.791e-08 0.2 3.512807 
2681375347 2.791e-08 0.2 3.531414 
2250879299 2.791e-08 0.2 2.183122 
266059373 2.791e-08 0.2 3.438869 
300193622 2.791e-08 0.2 3.311367 
1866926464 2.791e-08 0.2 3.203992 
199935986 2.791e-08 0.2 2.926287 
2250757420 2.791e-08 0.2 3.835792 
1498734392 2.791e-08 0.2 4.012522 
3475245566 2.791e-08 0.2 3.239587 
769686034 2.791e-08 0.2 3.11586 
315200650 2.791e-08 0.2 2.517502 
1586980658 2.791e-08 0.2 3.402195 
1664502715 2.791e-08 0.2 2.726246 
2487301543 2.791e-08 0.4 1.734396 
1415695418 2.791e-08 0.2 3.365717 
2911053862 2.791e-08 0.2 2.533265 
916523109 2.791e-08 0.2 3.494249 
838860310 2.791e-08 0.2 2.439423 
825415804 2.791e-08 0.2 3.011721 
1494850122 1.4e-08 0.19999982085290172 0.8000001791470983 
1963165541 2.791e-08 0.2 2.423954 
3708838243 1.4e-08 0.39871428571428574 0.6012857142857142 
2906924538 2.791e-08 0.2 2.317046 
2451350669 2.791e-08 0.4 1.544302 
451270221 1.472778e-08 0.19999997133644265 0.8000000286635573 
1533953788 2.791e-08 0.2 3.257459 
1878784256 2.791e-08 0.2 2.393164 
253808213 2.791e-08 0.2 3.275379 
3498415124 2.791e-08 0.4 1.319352 
1130108289 1.472778e-08 0.19999997133644265 0.8000000286635573 
3384709749 2.791e-08 0.2 3.720179 
3519923770 2.791e-08 0.2 3.046238 
2177968201 1.472778e-08 0.19999997133644265 0.8000000286635573 
3709881891 2.791e-08 0.2 3.550069 
3059144981 1.407932e-08 0.2024051946166538 0.7975948053833462 
598947138 2.791e-08 0.2 2.033153 
3485819286 1.472778e-08 0.19999997133644265 0.8000000286635573 
3952655669 1.407932e-08 0.2024051946166538 0.7975948053833462 
2173231515 2.100565e-08 0.9999999999999974 2.55351295663786e-15 
3833074883 1.950338e-08 0.1633090955373047 0.8366909044626953 
2125331604 1.741e-08 0.12010328127611075 0.8798967187238893 
1290268226 1.416396e-08 0.3865332491744579 0.613466750825542 
1848242772 1.465418e-08 0.21734954447948354 0.7826504555205165 
3462747 2.791e-08 0.2 3.150966 
2312786130 2.091e-08 0.19999982085290172 0.8000001791470983 
2445084109 1.464932e-08 0.6191929330465962 0.3808070669534038 
2205180068 1.860006e-08 0.6002131175920937 0.3997868824079063 
732124878 2.791e-08 0.2 2.271963 
2029773149 1.458727e-08 0.4000000716589164 0.5999999283410836 
2856850640 2.791e-08 0.2 2.960313 
2298477853 2.791e-08 0.2 2.644979 
2744143284 1.421293e-08 0.2178243116255322 0.7821756883744678 
164438789 1.399999e-08 0.3987145705104075 0.6012854294895925 
2308303797 1.452145e-08 0.39247735909473347 0.6075226409052665 
2900628886 1.4e-08 0.4008117860900471 0.5991882139099529 
1734007597 3.948839e-08 0.23520242482146342 0.7647975751785365 
921835634 1.473438e-08 0.38680557622554984 0.6131944237744502 
776375684 1.569804e-08 0.11852856962814078 0.8814714303718593 
3621383820 2.791e-08 0.4 0.894234 
3892593010 1.4e-08 0.797429141020815 0.20257085897918503 
3325553423 1.50429e-08 0.3788724478808087 0.6211275521191912 
1165174376 2.821293e-08 0.21047011860213075 0.7895298813978693 
846691466 1.406146e-08 0.1100853571902162 0.8899146428097838 
977281884 1.452145e-08 0.39247735909473347 0.6075226409052665 
2601128578 1.772836e-08 0.31486273970068296 0.6851372602993171 
2714424842 1.4e-08 0.647910638487984 0.352089361512016 
