4274934102 2.791e-08 0.2 4.032403 
2757833455 2.791e-08 0.2 4.052334 
1507417240 2.791e-08 0.2 3.933485 
90391199 2.791e-08 0.2 3.606331 
3919026803 2.791e-08 0.2 4.092343 
385785803 2.791e-08 0.2 3.420508 
916523109 2.791e-08 0.2 3.494249 
3228084226 2.791e-08 0.2 3.953171 
3708838243 2.791e-08 0.2 3.739326 
501991070 2.791e-08 0.2 4.072314 
1415695418 2.791e-08 0.2 3.365717 
126484229 2.791e-08 0.2 3.644085 
4028593304 2.791e-08 0.2 3.329435 
3384709749 2.791e-08 0.2 3.720179 
266059373 2.791e-08 0.2 3.438869 
843517319 2.791e-08 0.2 3.45728 
2205180068 2.791e-08 0.4 1.747461 
426576124 3.0701e-07 0.20000000000000004 0.7999999999999999 
1586980658 2.791e-08 0.2 3.402195 
265770918 2.791e-08 0.2 3.06357 
392861532 2.791e-08 0.2 3.347551 
2768642543 2.791e-08 0.2 3.874722 
2545005546 2.791e-08 0.2 3.186267 
290926289 2.791e-08 0.2 2.408534 
1498734392 2.791e-08 0.2 4.012522 
1134132465 2.791e-08 0.2 3.972905 
3245569981 2.791e-08 0.2 3.777765 
2555962951 2.791e-07 0.2 3.277007 
1236021306 2.791e-08 0.2 3.568774 
2429525676 2.791e-08 0.2 3.913848 
997905375 2.791e-08 0.2 3.663035 
3392858646 2.791e-08 0.2 3.816401 
2261252686 2.791e-08 0.2 2.858822 
3490627259 2.791e-08 0.2 2.661134 
828787466 2.791e-08 0.2 3.701082 
2298477853 2.791e-08 0.2 2.644979 
2729381062 2.791e-08 0.2 3.894261 
3519923770 2.791e-08 0.2 3.046238 
921425487 2.791e-08 0.2 3.293348 
3108364485 2.791e-08 0.2 3.028955 
754869367 2.791e-08 0.2 3.383931 
4226750145 2.791e-08 0.2 2.892456 
769686034 2.791e-08 0.2 3.11586 
300193622 2.791e-08 0.2 3.311367 
911013108 2.791e-08 0.2 2.909347 
1866926464 2.791e-08 0.2 3.203992 
3800257563 2.791e-07 0.2 3.458677 
1434594601 2.791e-08 0.2 2.792141 
2519559028 2.791e-07 0.2 2.761399 
4031050948 2.791e-07 0.2 2.928368 
838860310 2.791e-08 0.2 2.439423 
29350397 2.791e-08 0.2 3.797059 
2250757420 2.791e-08 0.2 3.835792 
4061687915 2.791e-08 0.2 2.227322 
1078741991 1.411729e-08 0.24643244231733263 0.7535675576826674 
3709881891 2.791e-08 0.2 3.550069 
2856850640 2.791e-08 0.2 2.960313 
2326007700 2.791e-08 0.2 2.994536 
3481866093 2.791e-08 0.2 3.758521 
732124878 2.791e-08 0.2 2.271963 
1533953788 2.791e-08 0.2 3.257459 
2681375347 2.791e-08 0.2 3.531414 
2956861855 2.791e-08 0.2 3.133389 
1239791232 2.791e-08 0.2 2.709894 
199935986 2.791e-08 0.2 2.926287 
3015378843 2.791e-08 0.2 3.625184 
3443220506 2.791e-08 0.2 3.682034 
4198169764 1.407292e-08 0.4176383754450781 0.5823616245549219 
2250775120 1.500508e-08 0.3888622416746836 0.6111377583253164 
3176785673 2.791e-08 0.2 2.775594 
888311950 2.791e-08 0.2 2.842078 
3838279446 2.791e-08 0.2 2.943275 
3833318790 2.791e-08 0.2 2.875614 
1471982444 1.708473e-08 0.1633622538957303 0.8366377461042697 
690117576 1.4e-08 0.2083896087609986 0.7916103912390013 
739080713 2.791e-08 0.2 2.486124 
1503861029 1.399999e-08 0.3987145705104075 0.6012854294895925 
762210064 1.4373679999999999e-08 0.22776109461347832 0.7722389053865217 
2695808785 1.4e-08 0.38674988170917557 0.6132501182908244 
2171266278 1.4e-08 0.7974285714285715 0.2025714285714285 
3737780296 3.0701e-07 0.20000000000000004 0.7999999999999999 
1298902656 1.4e-08 0.208389680410638 0.791610319589362 
3526559023 1.405675e-08 0.13236822934846948 0.8676317706515305 
2875471576 1.407292e-08 0.4176383754450781 0.5823616245549219 
571790981 1.4e-08 0.23384036360170432 0.7661596363982957 
2308303797 1.4e-08 0.23384036360170443 0.7661596363982955 
4175762635 1.4e-08 0.39640895436410095 0.603591045635899 
3428193420 2.791e-08 0.2 2.332171 
3268335666 2.791e-08 0.2 2.9774 
1501621654 1.4e-08 0.23384036360170427 0.7661596363982958 
1035956119 1.411729e-08 0.24643244231733263 0.7535675576826674 
1804212609 1.411729e-08 0.24643244231733263 0.7535675576826674 
149784911 1.458727e-08 0.216666705481913 0.783333294518087 
3147695692 1.411729e-08 0.24643244231733263 0.7535675576826674 
1285693762 1.411729e-08 0.24643244231733263 0.7535675576826674 
3179285865 1.411729e-08 0.24643244231733263 0.7535675576826674 
2723643411 1.411729e-08 0.24643244231733263 0.7535675576826674 
15308464 1.411729e-08 0.24643244231733263 0.7535675576826674 
3330100144 1.411729e-08 0.24643244231733263 0.7535675576826674 
