EJECTION: 4.751911e+04 4274934102  2.791000e-08
EJECTION: 1.385604e+05 1533953788  2.791000e-08
EJECTION: 1.678668e+05 3384709749  2.791000e-08
EJECTION: 2.201598e+05 2681375347  2.791000e-08
EJECTION: 2.520501e+05 392861532  2.791000e-08
EJECTION: 2.618661e+05 43001897  2.791000e-08
EJECTION: 2.999035e+05 3462747  5.582000e-08
EJECTION: 3.097761e+05 2729381062  2.791000e-08
EJECTION: 3.338330e+05 3228084226  2.791000e-08
EJECTION: 3.796292e+05 266059373  2.791000e-08
EJECTION: 4.219759e+05 2250879299  2.791000e-08
EJECTION: 4.909902e+05 3176785673  2.791000e-08
EJECTION: 5.279038e+05 1134132465  2.791000e-08
EJECTION: 5.290799e+05 865537991  2.791000e-08
EJECTION: 5.316479e+05 476505668  2.791000e-07
EJECTION: 5.693089e+05 3037779432  2.791000e-08
EJECTION: 6.079784e+05 2911053862  2.791000e-08
EJECTION: 6.557953e+05 2190522392  2.791000e-08
EJECTION: 6.590115e+05 126484229  2.791000e-08
EJECTION: 6.741059e+05 3392858646  2.791000e-08
EJECTION: 7.351714e+05 3708838243  2.791000e-08
EJECTION: 7.467548e+05 3012070026  2.791000e-08
EJECTION: 7.918883e+05 769686034  2.791000e-08
EJECTION: 8.326778e+05 1866926464  2.791000e-08
EJECTION: 8.923696e+05 2555962951  2.791000e-07
EJECTION: 9.456738e+05 511603307  2.791000e-08
EJECTION: 1.012034e+06 3475245566  2.791000e-08
EJECTION: 1.034840e+06 3245569981  2.791000e-08
EJECTION: 1.045594e+06 90391199  2.791000e-08
EJECTION: 1.155101e+06 3884425642  1.403975e-08
EJECTION: 1.253205e+06 2261252686  2.791000e-08
EJECTION: 1.490243e+06 501991070  2.791000e-08
EJECTION: 1.555872e+06 2074240873  2.791000e-08
EJECTION: 1.585335e+06 3443220506  2.791000e-08
EJECTION: 1.607317e+06 2250775120  1.403975e-08
EJECTION: 1.679529e+06 2151269300  1.406823e-08
EJECTION: 1.733509e+06 253808213  2.791000e-08
EJECTION: 2.047989e+06 57770090  1.860667e-08
EJECTION: 2.067494e+06 1128709694  2.549034e-08
EJECTION: 2.088711e+06 2919643181  2.791000e-08
EJECTION: 2.133151e+06 4226750145  2.791000e-08
EJECTION: 2.217738e+06 3815024321  1.400000e-08
EJECTION: 2.346677e+06 3129006749  2.791000e-08
EJECTION: 2.412850e+06 3147695692  2.094975e-08
EJECTION: 2.785565e+06 217284033  1.411333e-08
EJECTION: 3.135956e+06 607396504  1.411332e-08
EJECTION: 3.346957e+06 1586980658  2.791000e-08
EJECTION: 3.990698e+06 3653734512  1.404509e-08
EJECTION: 4.024281e+06 3149440925  1.403975e-08
EJECTION: 4.036458e+06 3382444416  2.791000e-08
