EJECTION: 6.379872e+04 2250757420  2.791000e-08
EJECTION: 4.280257e+05 3443220506  2.791000e-08
EJECTION: 4.466783e+05 501991070  2.791000e-08
EJECTION: 4.592329e+05 313359544  1.665988e-08
EJECTION: 5.032950e+05 825415804  2.791000e-08
EJECTION: 5.209976e+05 385785803  2.791000e-08
EJECTION: 5.626569e+05 3708838243  2.791000e-08
EJECTION: 5.755272e+05 865537991  2.791000e-08
EJECTION: 6.541413e+05 3475245566  2.791000e-08
EJECTION: 7.242755e+05 2190522392  2.791000e-08
EJECTION: 7.564312e+05 2757833455  2.791000e-08
EJECTION: 8.024244e+05 817087088  1.472778e-08
EJECTION: 8.064008e+05 43001897  2.791000e-08
EJECTION: 8.297629e+05 3228084226  2.791000e-08
EJECTION: 8.710320e+05 1415695418  5.582000e-08
EJECTION: 9.283449e+05 618276123  2.791000e-07
EJECTION: 9.611216e+05 432337108  1.447793e-08
EJECTION: 1.016245e+06 3384709749  2.791000e-08
EJECTION: 1.022964e+06 2768642543  2.791000e-08
EJECTION: 1.053855e+06 3245569981  2.791000e-08
EJECTION: 1.106409e+06 3187199216  1.472778e-08
EJECTION: 1.132414e+06 3037779432  2.791000e-08
EJECTION: 1.149117e+06 785216844  1.509959e-08
EJECTION: 1.173230e+06 2956861855  2.791000e-08
EJECTION: 1.342898e+06 997905375  2.791000e-08
EJECTION: 1.610699e+06 393090083  1.429087e-08
EJECTION: 1.708237e+06 463844675  1.429087e-08
EJECTION: 1.834286e+06 3642829293  1.400000e-08
EJECTION: 1.879702e+06 2710766136  2.791000e-08
EJECTION: 1.904623e+06 2766526296  1.410861e-08
EJECTION: 1.919341e+06 2298477853  2.791000e-08
EJECTION: 1.955945e+06 2449448537  1.429087e-08
EJECTION: 1.981586e+06 2475979558  1.435167e-08
EJECTION: 1.997328e+06 1194638860  1.435167e-08
EJECTION: 2.098323e+06 1848242772  1.216655e-07
EJECTION: 2.299799e+06 85224627  1.410861e-08
EJECTION: 2.340189e+06 2711965517  1.534566e-08
EJECTION: 2.388644e+06 355298688  1.410861e-08
EJECTION: 2.464872e+06 1236021306  2.791000e-08
EJECTION: 2.496669e+06 3458484829  1.429087e-08
EJECTION: 2.581850e+06 2391696826  1.746351e-08
EJECTION: 2.668698e+06 4256642775  1.429087e-08
EJECTION: 2.797512e+06 629078091  1.443550e-08
EJECTION: 2.930802e+06 287394855  1.404219e-08
EJECTION: 3.109983e+06 2348040613  1.464255e-08
EJECTION: 3.167776e+06 584993009  1.410861e-08
EJECTION: 3.247492e+06 3167902617  1.429087e-08
EJECTION: 3.336507e+06 3381587904  1.435167e-08
EJECTION: 3.342475e+06 3197676583  2.791000e-08
EJECTION: 3.732444e+06 2029773149  1.472778e-08
EJECTION: 3.801080e+06 3696193412  1.472778e-08
EJECTION: 3.972609e+06 2733144751  1.464255e-08
EJECTION: 4.048931e+06 2326007700  2.791000e-08
EJECTION: 4.120014e+06 1657444763  1.410861e-08
EJECTION: 4.264369e+06 2980075456  1.435167e-08
EJECTION: 4.465634e+06 164438789  1.400000e-08
EJECTION: 4.810721e+06 781549661  1.400000e-08
