EJECTION: 3.365620e+04 618276123  2.791000e-07
EJECTION: 6.634093e+04 1768543625  2.791000e-08
EJECTION: 1.516304e+05 2250757420  2.791000e-08
EJECTION: 1.906700e+05 2429525676  2.791000e-08
EJECTION: 2.043511e+05 29350397  2.791000e-08
EJECTION: 2.192232e+05 300193622  2.791000e-08
EJECTION: 2.385658e+05 126484229  2.791000e-08
EJECTION: 2.866819e+05 501991070  2.791000e-08
EJECTION: 3.855584e+05 3015378843  2.791000e-08
EJECTION: 3.972748e+05 865537991  2.791000e-08
EJECTION: 4.008307e+05 1037584679  2.791000e-08
EJECTION: 4.044468e+05 1382686479  1.610784e-08
EJECTION: 5.066187e+05 2999719241  1.472778e-08
EJECTION: 5.343613e+05 432337108  1.465050e-08
EJECTION: 5.354150e+05 4226750145  2.791000e-08
EJECTION: 5.530897e+05 3778036871  1.465418e-08
EJECTION: 6.277447e+05 916523109  2.791000e-08
EJECTION: 6.441781e+05 392861532  2.791000e-08
EJECTION: 6.835083e+05 3986570268  1.465050e-08
EJECTION: 7.370491e+05 3012070026  2.791000e-08
EJECTION: 7.418224e+05 3592986772  1.465050e-08
EJECTION: 7.437891e+05 3485819286  1.610784e-08
EJECTION: 7.469249e+05 754869367  2.791000e-08
EJECTION: 7.989213e+05 1498734392  2.791000e-08
EJECTION: 8.663781e+05 1998372786  1.465050e-08
EJECTION: 8.738593e+05 2533881277  1.465418e-08
EJECTION: 8.801673e+05 3245569981  2.791000e-08
EJECTION: 8.922626e+05 43001897  2.791000e-08
EJECTION: 9.231009e+05 739080713  2.791000e-08
EJECTION: 9.443064e+05 528880979  1.465418e-08
EJECTION: 9.558732e+05 4028593304  2.791000e-08
EJECTION: 9.730189e+05 921425487  2.791000e-08
EJECTION: 9.789022e+05 2669757562  2.791000e-08
EJECTION: 9.799819e+05 251961497  4.256418e-08
EJECTION: 9.873474e+05 1405660995  1.465418e-08
EJECTION: 1.025848e+06 2757833455  2.791000e-08
EJECTION: 1.034732e+06 888311950  2.791000e-08
EJECTION: 1.063652e+06 843517319  2.641895e-08
EJECTION: 1.065662e+06 2455922112  1.465050e-08
EJECTION: 1.068060e+06 3708838243  2.791000e-08
EJECTION: 1.109553e+06 728028737  2.791000e-08
EJECTION: 1.170236e+06 1236021306  2.791000e-08
EJECTION: 1.240736e+06 2369258877  1.438148e-08
EJECTION: 1.324646e+06 199935986  7.054778e-08
EJECTION: 1.342645e+06 2501379955  1.465418e-08
EJECTION: 1.352921e+06 1533953788  2.791000e-08
EJECTION: 1.363394e+06 385785803  5.582000e-08
EJECTION: 1.421326e+06 2504591099  2.791000e-08
EJECTION: 1.458829e+06 3888264012  1.741000e-08
EJECTION: 1.571353e+06 3869596591  1.472778e-08
EJECTION: 1.773829e+06 3302973195  1.438148e-08
EJECTION: 1.824574e+06 4032129539  2.930836e-08
EJECTION: 1.852088e+06 659524895  2.791000e-08
EJECTION: 1.941103e+06 1743198400  1.738827e-08
EJECTION: 1.949690e+06 2312786130  1.472778e-08
EJECTION: 2.117314e+06 253808213  2.791000e-08
EJECTION: 2.315524e+06 769686034  9.773000e-08
EJECTION: 2.404770e+06 2261252686  2.791000e-08
EJECTION: 2.701111e+06 2916276788  2.091000e-08
EJECTION: 2.761421e+06 2729381062  2.791000e-08
EJECTION: 2.763830e+06 463844675  1.400000e-08
EJECTION: 2.861524e+06 1026028388  1.472778e-08
EJECTION: 3.064972e+06 997905375  2.791000e-08
EJECTION: 3.578048e+06 476505668  6.720752e-07
EJECTION: 3.743545e+06 695939830  1.439972e-08
EJECTION: 3.955968e+06 3268335666  2.791000e-08
EJECTION: 4.104648e+06 1869365069  1.465418e-08
EJECTION: 4.527343e+06 1803925302  1.400000e-08
