EJECTION: 5.504252e+04 618276123  2.791000e-07
EJECTION: 9.695734e+04 3015378843  2.791000e-08
EJECTION: 1.264768e+05 1768543625  2.791000e-08
EJECTION: 1.859272e+05 828787466  2.791000e-08
EJECTION: 2.172829e+05 2757833455  2.791000e-08
EJECTION: 2.703497e+05 392861532  2.791000e-08
EJECTION: 2.802997e+05 1134132465  2.791000e-08
EJECTION: 2.824924e+05 1533953788  2.791000e-08
EJECTION: 3.361174e+05 385785803  2.791000e-08
EJECTION: 3.403667e+05 3919026803  2.791000e-08
EJECTION: 3.538905e+05 4274934102  2.791000e-08
EJECTION: 3.889106e+05 29350397  2.791000e-08
EJECTION: 3.998963e+05 3428193420  2.791000e-08
EJECTION: 4.742433e+05 997905375  2.791000e-08
EJECTION: 4.767728e+05 2298477853  2.791000e-08
EJECTION: 4.901026e+05 3384709749  2.791000e-08
EJECTION: 5.022214e+05 3824069879  2.791000e-08
EJECTION: 5.181497e+05 90391199  2.791000e-08
EJECTION: 5.233036e+05 2669757562  2.791000e-08
EJECTION: 5.834700e+05 1498734392  2.791000e-08
EJECTION: 6.412388e+05 2870037616  2.791000e-08
EJECTION: 6.608284e+05 2555962951  2.791000e-07
EJECTION: 6.742378e+05 43001897  2.791000e-08
EJECTION: 7.064948e+05 2261252686  2.791000e-08
EJECTION: 7.296904e+05 2768642543  2.791000e-08
EJECTION: 7.922943e+05 1019134040  2.791000e-08
EJECTION: 8.295185e+05 865537991  2.791000e-08
EJECTION: 9.128774e+05 3228084226  2.791000e-08
EJECTION: 9.697596e+05 843517319  2.791000e-08
EJECTION: 1.022066e+06 1370908750  1.935941e-08
EJECTION: 1.038605e+06 265770918  5.582000e-08
EJECTION: 1.214121e+06 2250879299  2.791000e-08
EJECTION: 1.443870e+06 1130108289  1.400000e-08
EJECTION: 1.515783e+06 3519923770  2.791000e-08
EJECTION: 1.647228e+06 333964007  2.791000e-08
EJECTION: 1.681405e+06 888311950  2.791000e-08
EJECTION: 1.696679e+06 2326007700  2.791000e-08
EJECTION: 1.834921e+06 690117576  1.432679e-08
EJECTION: 2.016110e+06 2956861855  2.791000e-08
EJECTION: 2.091213e+06 3375523036  1.415154e-08
EJECTION: 2.118930e+06 1149406307  1.432679e-08
EJECTION: 2.270118e+06 906368509  1.690701e-08
EJECTION: 2.324780e+06 2856850640  2.791000e-08
EJECTION: 2.688168e+06 3037779432  2.791000e-08
EJECTION: 3.072414e+06 3176785673  1.400000e-08
EJECTION: 3.129777e+06 4198169764  1.432679e-08
EJECTION: 3.271416e+06 1676003954  1.400000e-08
EJECTION: 3.317345e+06 896813269  1.449000e-08
EJECTION: 3.431734e+06 2984600922  4.186500e-07
EJECTION: 3.448224e+06 2001290253  2.091000e-08
EJECTION: 3.454999e+06 2177968201  1.743250e-08
EJECTION: 3.785225e+06 37051273  1.449000e-08
EJECTION: 3.917597e+06 2013640095  2.898000e-08
EJECTION: 3.973075e+06 4093093422  1.432679e-08
EJECTION: 4.318267e+06 754869367  1.400000e-08
EJECTION: 4.407106e+06 4226750145  2.791000e-08
EJECTION: 4.580804e+06 2898323513  1.449000e-08
