EJECTION: 9.089071e+04 4274934102  2.791000e-08
EJECTION: 1.068813e+05 997905375  2.791000e-08
EJECTION: 1.938175e+05 1507417240  2.791000e-08
EJECTION: 2.316336e+05 3392858646  2.791000e-08
EJECTION: 2.398716e+05 3708838243  2.791000e-08
EJECTION: 3.038449e+05 2768642543  2.791000e-08
EJECTION: 3.089407e+05 739080713  2.189656e-08
EJECTION: 4.242428e+05 1236021306  2.791000e-08
EJECTION: 4.757027e+05 2429525676  2.791000e-08
EJECTION: 5.229861e+05 356405251  1.696172e-08
EJECTION: 6.070624e+05 3800257563  4.186500e-07
EJECTION: 6.217040e+05 2669757562  2.791000e-08
EJECTION: 7.111008e+05 3228084226  2.791000e-08
EJECTION: 7.294327e+05 4198169764  1.823915e-08
EJECTION: 7.372500e+05 1403705120  3.070100e-07
EJECTION: 7.433426e+05 754869367  2.791000e-08
EJECTION: 8.572505e+05 3384709749  2.791000e-08
EJECTION: 9.687763e+05 3983774618  1.401835e-08
EJECTION: 9.892276e+05 43001897  2.791000e-08
EJECTION: 9.976605e+05 3481866093  2.791000e-08
EJECTION: 1.028028e+06 843517319  2.791000e-08
EJECTION: 1.166988e+06 3015378843  2.791000e-08
EJECTION: 1.262386e+06 3462747  2.791000e-08
EJECTION: 1.274200e+06 2343849308  2.090517e-08
EJECTION: 1.326075e+06 3245569981  4.765339e-08
EJECTION: 1.388372e+06 1128709694  5.582000e-08
EJECTION: 1.619158e+06 911013108  2.791000e-08
EJECTION: 1.745214e+06 3037779432  2.791000e-08
EJECTION: 1.775279e+06 769686034  2.791000e-08
EJECTION: 1.789424e+06 4188445920  6.347911e-08
EJECTION: 2.228557e+06 1434594601  2.791000e-08
EJECTION: 2.240520e+06 266059373  2.791000e-08
EJECTION: 2.406831e+06 2622395779  1.400000e-08
EJECTION: 2.599993e+06 250719570  1.485585e-08
EJECTION: 2.744949e+06 1761715697  1.607458e-08
EJECTION: 2.856583e+06 2426951832  1.438293e-08
EJECTION: 2.879175e+06 4046076794  2.791000e-08
EJECTION: 3.138866e+06 287394855  1.416805e-08
EJECTION: 3.231902e+06 265770918  2.791000e-08
EJECTION: 3.245557e+06 3967778277  1.416805e-08
EJECTION: 3.412402e+06 2654473721  1.416805e-08
EJECTION: 3.529924e+06 4186562710  1.416805e-08
EJECTION: 3.733780e+06 2670951229  1.416805e-08
EJECTION: 4.236758e+06 3527214469  1.416805e-08
EJECTION: 4.857944e+06 1298902656  2.023819e-08
EJECTION: 4.934563e+06 2789301560  1.416805e-08
EJECTION: 4.986936e+06 1533953788  1.400000e-08
