EJECTION: 8.844542e+04 3228084226  2.791000e-08
EJECTION: 1.172513e+05 3015378843  2.791000e-08
EJECTION: 1.238570e+05 1134132465  2.791000e-08
EJECTION: 2.102608e+05 2429525676  2.791000e-08
EJECTION: 2.285597e+05 2856850640  2.791000e-08
EJECTION: 2.456242e+05 501991070  2.791000e-08
EJECTION: 2.556575e+05 4274934102  2.791000e-08
EJECTION: 2.863526e+05 2956861855  2.791000e-08
EJECTION: 2.921014e+05 2669757562  2.791000e-08
EJECTION: 2.928126e+05 2757833455  2.791000e-08
EJECTION: 3.094793e+05 3245569981  2.791000e-08
EJECTION: 4.388104e+05 1236021306  2.791000e-08
EJECTION: 5.274973e+05 2914302410  1.411483e-08
EJECTION: 5.649302e+05 754869367  2.791000e-08
EJECTION: 5.663799e+05 90391199  2.791000e-08
EJECTION: 6.253649e+05 3800257563  2.791000e-07
EJECTION: 6.319782e+05 1498734392  2.791000e-08
EJECTION: 6.354829e+05 1533953788  2.791000e-08
EJECTION: 6.627060e+05 1403705120  2.791000e-07
EJECTION: 6.907659e+05 2555962951  2.791000e-07
EJECTION: 8.271930e+05 921425487  2.791000e-08
EJECTION: 8.552984e+05 300193622  2.791000e-08
EJECTION: 8.778537e+05 1434594601  2.791000e-08
EJECTION: 8.830134e+05 3443220506  2.791000e-08
EJECTION: 8.862142e+05 769686034  2.791000e-08
EJECTION: 9.378947e+05 3384709749  2.791000e-08
EJECTION: 9.672812e+05 728028737  2.791000e-08
EJECTION: 9.957170e+05 392861532  2.791000e-08
EJECTION: 1.005710e+06 838860310  2.791000e-08
EJECTION: 1.076420e+06 3481866093  5.582000e-08
EJECTION: 1.127945e+06 888311950  5.582000e-08
EJECTION: 1.173264e+06 1866926464  2.791000e-08
EJECTION: 1.193452e+06 2466232951  2.791000e-08
EJECTION: 1.346161e+06 3519923770  2.791000e-08
EJECTION: 1.409442e+06 528880979  1.404397e-08
EJECTION: 1.524561e+06 997905375  2.791000e-08
EJECTION: 1.627776e+06 1199222225  1.406311e-08
EJECTION: 1.713623e+06 287394855  1.464215e-08
EJECTION: 1.842898e+06 2704180049  1.464215e-08
EJECTION: 1.848677e+06 451270221  1.411483e-08
EJECTION: 1.874553e+06 1896745001  1.412623e-08
EJECTION: 1.916571e+06 1149406307  1.411483e-08
EJECTION: 1.991733e+06 3607413901  1.447519e-08
EJECTION: 2.033360e+06 3838279446  2.791000e-08
EJECTION: 2.131532e+06 2589646060  2.543834e-08
EJECTION: 2.192097e+06 2606325002  1.406311e-08
EJECTION: 2.238014e+06 43001897  2.791000e-08
EJECTION: 2.352529e+06 29350397  2.791000e-08
EJECTION: 2.402286e+06 1850435983  1.508963e-08
EJECTION: 2.533919e+06 1586980658  2.791000e-08
EJECTION: 2.609309e+06 3160344427  1.400000e-08
EJECTION: 2.647923e+06 825415804  2.791000e-08
EJECTION: 2.876907e+06 360107933  1.400000e-08
EJECTION: 2.914363e+06 199935986  2.791000e-08
EJECTION: 2.965329e+06 4055959668  1.404397e-08
EJECTION: 4.076903e+06 1249238030  2.075669e-07
EJECTION: 4.136821e+06 1483909303  1.401449e-08
EJECTION: 4.182426e+06 1906851972  1.406311e-08
EJECTION: 4.321919e+06 4061687915  2.791000e-08
EJECTION: 4.329876e+06 916523109  2.791000e-08
EJECTION: 4.377256e+06 739080713  2.791000e-08
