EJECTION: 2.039840e+05 2768642543  2.791000e-08
EJECTION: 2.250906e+05 3384709749  2.791000e-08
EJECTION: 2.621677e+05 3228084226  2.791000e-08
EJECTION: 2.623024e+05 1931993247  1.472778e-08
EJECTION: 2.698765e+05 126484229  2.791000e-08
EJECTION: 2.727113e+05 1104410542  1.472778e-08
EJECTION: 2.911713e+05 1403705120  2.791000e-07
EJECTION: 3.127570e+05 769686034  2.791000e-08
EJECTION: 3.419431e+05 501991070  2.791000e-08
EJECTION: 3.517739e+05 2429525676  2.791000e-08
EJECTION: 3.640054e+05 1498734392  2.791000e-08
EJECTION: 3.775499e+05 1634407402  1.472778e-08
EJECTION: 4.023755e+05 90391199  2.791000e-08
EJECTION: 4.069581e+05 937177227  1.400000e-08
EJECTION: 4.669522e+05 997905375  2.791000e-08
EJECTION: 4.860066e+05 611212867  1.472778e-08
EJECTION: 5.160270e+05 921425487  2.791000e-08
EJECTION: 5.781196e+05 1434594601  2.791000e-08
EJECTION: 5.914474e+05 4274934102  2.791000e-08
EJECTION: 6.226266e+05 3245569981  2.791000e-08
EJECTION: 6.288732e+05 3443220506  2.791000e-08
EJECTION: 7.158065e+05 3071577057  1.472778e-08
EJECTION: 7.558251e+05 3015378843  2.791000e-08
EJECTION: 7.828395e+05 43001897  2.791000e-08
EJECTION: 8.510225e+05 4075596975  1.406021e-08
EJECTION: 8.893110e+05 607396504  1.406021e-08
EJECTION: 9.121694e+05 2501379955  1.406021e-08
EJECTION: 9.359930e+05 1541946641  2.791000e-08
EJECTION: 9.684610e+05 916523109  2.791000e-08
EJECTION: 9.874529e+05 2312786130  1.472778e-08
EJECTION: 1.043371e+06 220564665  1.406021e-08
EJECTION: 1.098745e+06 2883513480  1.400000e-08
EJECTION: 1.109887e+06 1347872676  4.222889e-08
EJECTION: 1.205349e+06 1128709694  2.791000e-08
EJECTION: 1.299889e+06 3462747  2.791000e-08
EJECTION: 1.329327e+06 2681375347  2.791000e-08
EJECTION: 1.356899e+06 3869596591  1.472778e-08
EJECTION: 1.380429e+06 3833318790  2.791000e-08
EJECTION: 1.429604e+06 2440120768  2.791000e-08
EJECTION: 1.434117e+06 2729381062  2.791000e-08
EJECTION: 1.476360e+06 266059373  2.791000e-08
EJECTION: 1.487176e+06 3037779432  2.791000e-08
EJECTION: 1.540995e+06 1072840122  1.486377e-08
EJECTION: 1.623987e+06 2961226102  1.507515e-08
EJECTION: 1.743017e+06 2716949832  1.400000e-08
EJECTION: 1.782171e+06 129185354  1.400000e-08
EJECTION: 1.947742e+06 2707128518  2.091000e-08
EJECTION: 1.999192e+06 3653734512  1.412042e-08
EJECTION: 2.093957e+06 4283280385  1.406021e-08
EJECTION: 2.099565e+06 1199222225  1.400000e-08
EJECTION: 2.195555e+06 538453177  1.406021e-08
EJECTION: 2.293418e+06 2733144751  1.400000e-08
EJECTION: 2.369060e+06 3268335666  2.791000e-08
EJECTION: 2.467829e+06 483021244  1.590535e-08
EJECTION: 2.602148e+06 3519923770  2.797021e-08
EJECTION: 2.629663e+06 1866926464  2.791000e-08
EJECTION: 2.746795e+06 3532745758  1.486377e-08
EJECTION: 3.126008e+06 2746930994  1.406021e-08
EJECTION: 3.136584e+06 3929228125  1.486377e-08
EJECTION: 3.242857e+06 3197676583  2.791000e-08
EJECTION: 3.409801e+06 1398579088  1.406021e-08
EJECTION: 3.815968e+06 4055959668  1.406021e-08
EJECTION: 3.847915e+06 841878026  1.556357e-08
EJECTION: 3.851117e+06 3607413901  1.747021e-08
EJECTION: 3.917745e+06 825415804  2.791000e-08
EJECTION: 3.980302e+06 3294683754  1.486377e-08
EJECTION: 4.106386e+06 678688578  1.421626e-08
EJECTION: 4.256296e+06 988314595  1.400000e-08
EJECTION: 4.300855e+06 1924091726  1.400912e-08
EJECTION: 4.589217e+06 3934203265  1.410357e-08
EJECTION: 4.680037e+06 3353888196  2.653056e-08
