EJECTION: 7.821875e+04 3919026803  2.791000e-08
EJECTION: 8.843921e+04 3708838243  2.791000e-08
EJECTION: 1.203900e+05 3015378843  2.791000e-08
EJECTION: 1.472250e+05 1498734392  2.791000e-08
EJECTION: 1.519848e+05 501991070  2.791000e-08
EJECTION: 1.748528e+05 3481866093  2.791000e-08
EJECTION: 1.782007e+05 3384709749  2.791000e-08
EJECTION: 2.271280e+05 90391199  2.791000e-08
EJECTION: 2.512700e+05 476505668  3.070100e-07
EJECTION: 2.962949e+05 997905375  2.791000e-08
EJECTION: 3.382196e+05 2555962951  2.791000e-07
EJECTION: 3.509396e+05 1128709694  2.791000e-08
EJECTION: 4.360374e+05 921425487  2.791000e-08
EJECTION: 4.448149e+05 3108364485  2.791000e-08
EJECTION: 4.727147e+05 1236021306  2.791000e-08
EJECTION: 4.901013e+05 43001897  2.791000e-08
EJECTION: 5.164422e+05 3838279446  2.791000e-08
EJECTION: 5.838381e+05 2768642543  2.791000e-08
EJECTION: 5.956989e+05 2190522392  2.791000e-08
EJECTION: 5.957024e+05 2669757562  2.791000e-08
EJECTION: 5.983730e+05 1507417240  2.791000e-08
EJECTION: 6.002876e+05 2729381062  2.791000e-08
EJECTION: 6.253128e+05 1403705120  2.791000e-07
EJECTION: 6.892599e+05 865537991  2.791000e-08
EJECTION: 7.173997e+05 3245569981  2.791000e-08
EJECTION: 7.502703e+05 1347872676  2.791000e-08
EJECTION: 7.508564e+05 2250757420  2.791000e-08
EJECTION: 8.691455e+05 911013108  2.791000e-08
EJECTION: 9.070932e+05 3396227953  2.091000e-08
EJECTION: 9.660315e+05 3012070026  2.791000e-08
EJECTION: 9.723020e+05 1768543625  2.791000e-08
EJECTION: 9.776814e+05 2440120768  2.791000e-08
EJECTION: 9.823265e+05 4274934102  2.791000e-08
EJECTION: 1.035196e+06 3833318790  2.791000e-08
EJECTION: 1.053537e+06 1415695418  2.791000e-08
EJECTION: 1.207845e+06 3709881891  5.582000e-08
EJECTION: 1.230523e+06 3824069879  2.791000e-08
EJECTION: 1.270554e+06 2710766136  2.791000e-08
EJECTION: 1.359201e+06 754869367  2.791000e-08
EJECTION: 1.417255e+06 3475245566  2.791000e-08
EJECTION: 1.678282e+06 2326007700  2.791000e-08
EJECTION: 1.789546e+06 3268335666  2.791000e-08
EJECTION: 1.911705e+06 769686034  2.791000e-08
EJECTION: 1.928834e+06 1239791232  2.791000e-08
EJECTION: 1.958278e+06 3443220506  2.791000e-08
EJECTION: 2.064578e+06 2545005546  2.791000e-08
EJECTION: 2.121399e+06 821115011  1.433799e-08
EJECTION: 2.126796e+06 2856850640  2.791000e-08
EJECTION: 2.165178e+06 1149406307  2.091000e-08
EJECTION: 2.698730e+06 3462747  2.791000e-08
EJECTION: 2.751614e+06 126484229  2.791000e-08
EJECTION: 2.943118e+06 392861532  2.791000e-08
EJECTION: 3.007014e+06 1866926464  2.791000e-08
EJECTION: 3.174053e+06 1963165541  2.791000e-08
EJECTION: 3.224693e+06 426576124  2.791000e-07
EJECTION: 3.342935e+06 3528190190  1.465050e-08
EJECTION: 3.350871e+06 4088625113  1.465050e-08
EJECTION: 3.420707e+06 4028593304  2.791000e-08
EJECTION: 3.444170e+06 2159618959  2.091000e-08
EJECTION: 3.515890e+06 29350397  5.582000e-08
EJECTION: 4.535614e+06 3392858646  2.791000e-08
EJECTION: 4.672452e+06 1896745001  1.741000e-08
EJECTION: 4.896205e+06 1227575429  2.791000e-08
EJECTION: 5.037151e+06 3037779432  2.791000e-08
EJECTION: 5.262251e+06 266059373  2.791000e-08
EJECTION: 5.663460e+06 1037584679  2.791000e-08
EJECTION: 5.755080e+06 2870037616  2.423674e-08
EJECTION: 5.953466e+06 315200650  2.791000e-08
EJECTION: 6.322925e+06 2472898255  1.400000e-08
EJECTION: 6.489340e+06 828787466  2.791000e-08
EJECTION: 7.622707e+06 2519559028  3.070100e-07
EJECTION: 7.955915e+06 2744143284  1.400000e-08
EJECTION: 8.378854e+06 1601889739  1.400000e-08
EJECTION: 8.435049e+06 3696843781  2.091000e-08
EJECTION: 8.444776e+06 3940915008  1.400000e-08
EJECTION: 8.912495e+06 810769555  2.791000e-08
EJECTION: 9.883457e+06 290926289  2.791000e-08
EJECTION: 1.043906e+07 2620740164  2.791000e-08
EJECTION: 1.121061e+07 3797386594  1.406239e-08
EJECTION: 1.187000e+07 3176785673  2.791000e-08
EJECTION: 1.358157e+07 4093093422  1.710720e-08
EJECTION: 1.406830e+07 4287239676  1.465050e-08
EJECTION: 1.438748e+07 300193622  2.791000e-08
EJECTION: 1.466090e+07 3519923770  2.791000e-08
EJECTION: 1.722746e+07 1134132465  2.791000e-08
EJECTION: 1.742481e+07 3562383954  1.405858e-08
EJECTION: 1.846206e+07 242414939  2.791000e-08
EJECTION: 2.053457e+07 755060644  1.400000e-08
EJECTION: 2.625080e+07 2328187860  1.447886e-08
EJECTION: 4.515304e+07 1218250404  1.469432e-08
EJECTION: 8.643811e+07 1211996162  1.469432e-08
