EJECTION: 8.914823e+04 3228084226  2.791000e-08
EJECTION: 1.285253e+05 3481866093  2.791000e-08
EJECTION: 2.233953e+05 3443220506  2.791000e-08
EJECTION: 2.360733e+05 3245569981  2.791000e-08
EJECTION: 2.364224e+05 2250757420  2.791000e-08
EJECTION: 2.692183e+05 385785803  2.791000e-08
EJECTION: 2.819966e+05 2757833455  2.791000e-08
EJECTION: 3.318681e+05 3015378843  2.791000e-08
EJECTION: 3.648826e+05 1768543625  2.791000e-08
EJECTION: 3.869962e+05 3919026803  2.791000e-08
EJECTION: 3.880151e+05 2555962951  2.791000e-07
EJECTION: 4.472332e+05 997905375  2.791000e-08
EJECTION: 4.922969e+05 392861532  2.791000e-08
EJECTION: 5.048594e+05 1403705120  2.791000e-07
EJECTION: 5.386876e+05 476505668  3.070100e-07
EJECTION: 5.829920e+05 3709881891  2.791000e-08
EJECTION: 5.924501e+05 2729381062  2.791000e-08
EJECTION: 6.274038e+05 843517319  2.791000e-08
EJECTION: 6.556982e+05 1236021306  2.791000e-08
EJECTION: 7.076331e+05 1866926464  2.791000e-08
EJECTION: 7.261727e+05 1664502715  2.791000e-08
EJECTION: 7.426587e+05 1507417240  2.791000e-08
EJECTION: 8.441010e+05 3708838243  2.791000e-08
EJECTION: 8.552977e+05 2429525676  2.791000e-08
EJECTION: 9.076893e+05 754869367  2.791000e-08
EJECTION: 9.165623e+05 3519923770  2.791000e-08
EJECTION: 9.505562e+05 29350397  2.791000e-08
EJECTION: 1.068736e+06 315200650  2.791000e-08
EJECTION: 1.081113e+06 1498734392  2.791000e-08
EJECTION: 1.107477e+06 2681375347  2.550777e-08
EJECTION: 1.179824e+06 2480932170  2.791000e-08
EJECTION: 1.185116e+06 916523109  2.791000e-08
EJECTION: 1.213455e+06 921425487  2.791000e-08
EJECTION: 1.310511e+06 3197676583  2.791000e-08
EJECTION: 1.330764e+06 126484229  2.791000e-08
EJECTION: 1.344281e+06 1128709694  2.791000e-08
EJECTION: 1.499848e+06 3004792470  3.070100e-07
EJECTION: 1.536222e+06 3108364485  2.791000e-08
EJECTION: 1.663980e+06 57770090  1.515611e-08
EJECTION: 1.698222e+06 1227575429  2.791000e-08
EJECTION: 1.809472e+06 90391199  2.791000e-08
EJECTION: 1.908715e+06 2326007700  8.373000e-08
EJECTION: 2.079241e+06 3736894086  2.791000e-08
EJECTION: 2.149537e+06 618276123  2.791000e-07
EJECTION: 2.153440e+06 1134132465  2.791000e-08
EJECTION: 2.195484e+06 2466232951  2.791000e-08
EJECTION: 2.220993e+06 253808213  2.791000e-08
EJECTION: 2.299090e+06 2261252686  2.791000e-08
EJECTION: 2.378596e+06 129185354  2.791000e-08
EJECTION: 2.379366e+06 2063946235  2.091000e-08
EJECTION: 2.449102e+06 3913511150  1.415385e-08
EJECTION: 2.570394e+06 2883513480  1.465050e-08
EJECTION: 2.701167e+06 888311950  1.400000e-08
EJECTION: 2.873928e+06 1533953788  2.791000e-08
EJECTION: 2.966089e+06 2027098952  1.400000e-08
EJECTION: 3.054157e+06 3392858646  2.791000e-08
EJECTION: 3.144942e+06 3071577057  1.515611e-08
EJECTION: 3.596588e+06 2378434411  1.465050e-08
EJECTION: 3.928683e+06 266059373  2.791000e-08
EJECTION: 3.940192e+06 1237914369  1.400000e-08
EJECTION: 4.252341e+06 1428265047  1.472778e-08
EJECTION: 4.898152e+06 3012070026  2.791000e-08
EJECTION: 5.230770e+06 1172086036  2.091000e-08
EJECTION: 5.271237e+06 3167902617  1.743250e-08
EJECTION: 5.466497e+06 2669757562  2.791000e-08
EJECTION: 5.478082e+06 3528190190  1.741000e-08
EJECTION: 6.178747e+06 3736601249  5.582000e-08
EJECTION: 6.685148e+06 695939830  1.400000e-08
EJECTION: 7.116175e+06 1649557018  1.593011e-08
EJECTION: 7.457806e+06 3824069879  2.791000e-08
EJECTION: 8.029833e+06 43001897  2.791000e-08
EJECTION: 8.368827e+06 3475245566  2.791000e-08
EJECTION: 8.769644e+06 3384709749  2.268409e-08
EJECTION: 8.986101e+06 3279231079  2.791000e-08
EJECTION: 9.638863e+06 3111692719  1.400000e-08
