EJECTION: 7.433704e+04 1768543625  2.791000e-08
EJECTION: 1.492981e+05 916523109  2.791000e-08
EJECTION: 1.708703e+05 126484229  2.791000e-08
EJECTION: 1.955656e+05 3015378843  2.791000e-08
EJECTION: 1.956742e+05 769686034  2.791000e-08
EJECTION: 2.430214e+05 3475245566  2.791000e-08
EJECTION: 2.717369e+05 476505668  2.791000e-07
EJECTION: 2.720151e+05 3384709749  2.791000e-08
EJECTION: 3.492610e+05 90391199  2.791000e-08
EJECTION: 3.574398e+05 300193622  2.791000e-08
EJECTION: 3.719031e+05 3245569981  2.791000e-08
EJECTION: 4.603452e+05 385785803  2.791000e-08
EJECTION: 5.096190e+05 3037779432  2.791000e-08
EJECTION: 6.159211e+05 618276123  2.791000e-07
EJECTION: 6.817985e+05 2768642543  2.791000e-08
EJECTION: 7.479119e+05 2429525676  2.791000e-08
EJECTION: 7.535967e+05 2545005546  2.791000e-08
EJECTION: 7.763864e+05 997905375  2.791000e-08
EJECTION: 8.446568e+05 2326007700  2.791000e-08
EJECTION: 8.682851e+05 3519923770  2.791000e-08
EJECTION: 9.101627e+05 2555962951  2.791000e-07
EJECTION: 9.510771e+05 501991070  2.791000e-08
EJECTION: 9.538640e+05 3228084226  2.791000e-08
EJECTION: 9.585996e+05 3833318790  2.791000e-08
EJECTION: 1.018020e+06 728028737  2.791000e-08
EJECTION: 1.026127e+06 2669757562  2.791000e-08
EJECTION: 1.043414e+06 2681375347  2.791000e-08
EJECTION: 1.096088e+06 1134132465  2.791000e-08
EJECTION: 1.103862e+06 825415804  2.791000e-08
EJECTION: 1.104536e+06 1128709694  2.791000e-08
EJECTION: 1.125540e+06 921425487  2.791000e-08
EJECTION: 1.245216e+06 29350397  2.791000e-08
EJECTION: 1.343201e+06 1239791232  2.791000e-08
EJECTION: 1.348289e+06 1347872676  1.400000e-08
EJECTION: 1.413396e+06 410848061  1.453458e-08
EJECTION: 1.526131e+06 828787466  2.791000e-08
EJECTION: 1.540596e+06 43001897  2.791000e-08
EJECTION: 1.610716e+06 3800257563  2.791000e-07
EJECTION: 1.731588e+06 4028593304  2.791000e-08
EJECTION: 2.205221e+06 1507417240  2.791000e-08
EJECTION: 2.205648e+06 333964007  2.791000e-08
EJECTION: 2.339731e+06 511603307  1.400000e-08
EJECTION: 2.380464e+06 2729381062  2.791000e-08
EJECTION: 2.473710e+06 1236021306  2.791000e-08
EJECTION: 2.477787e+06 2911053862  2.791000e-08
EJECTION: 2.724735e+06 1960974751  1.412580e-08
EJECTION: 2.877999e+06 1237914369  1.400000e-08
EJECTION: 2.971185e+06 343742982  2.791000e-08
EJECTION: 3.176991e+06 37051273  1.569551e-08
EJECTION: 3.243401e+06 392861532  2.791000e-08
EJECTION: 3.443793e+06 843517319  2.791000e-08
EJECTION: 3.733550e+06 3443220506  2.791000e-08
EJECTION: 3.741936e+06 1831065885  1.400000e-08
EJECTION: 3.759168e+06 378125977  1.434159e-08
EJECTION: 3.760109e+06 3687573659  1.400000e-08
EJECTION: 3.836495e+06 3528190190  1.400000e-08
EJECTION: 4.037382e+06 1502094437  2.791000e-08
EJECTION: 4.196211e+06 2087527840  1.455380e-08
EJECTION: 4.723931e+06 4226750145  2.791000e-08
EJECTION: 5.177846e+06 1856937876  1.400000e-08
EJECTION: 5.204791e+06 3604532305  1.964256e-08
EJECTION: 5.568595e+06 1945735688  1.436897e-08
EJECTION: 5.585284e+06 3824069879  2.791000e-08
EJECTION: 7.127326e+06 4083845756  1.434159e-08
EJECTION: 7.854361e+06 253656606  1.400000e-08
EJECTION: 7.989343e+06 2066612683  1.456940e-08
EJECTION: 8.188564e+06 2654714783  1.513524e-08
EJECTION: 8.584450e+06 2848685905  1.605503e-08
