EJECTION: 5.829579e+04 4274934102  2.791000e-08
EJECTION: 6.916200e+04 1768543625  2.791000e-08
EJECTION: 8.523682e+04 3481866093  2.791000e-08
EJECTION: 9.127008e+04 3392858646  2.791000e-08
EJECTION: 1.339205e+05 3919026803  2.791000e-08
EJECTION: 1.612805e+05 4028593304  2.791000e-08
EJECTION: 1.697900e+05 1586980658  2.791000e-08
EJECTION: 1.718227e+05 1498734392  2.791000e-08
EJECTION: 1.770297e+05 3384709749  2.791000e-08
EJECTION: 2.099537e+05 769686034  2.791000e-08
EJECTION: 2.233064e+05 29350397  2.791000e-08
EJECTION: 2.367907e+05 865537991  2.791000e-08
EJECTION: 2.490247e+05 1533953788  2.791000e-08
EJECTION: 3.096696e+05 2250757420  2.791000e-08
EJECTION: 4.213015e+05 3228084226  2.791000e-08
EJECTION: 4.333038e+05 2429525676  2.791000e-08
EJECTION: 4.401542e+05 1128709694  2.791000e-08
EJECTION: 4.861252e+05 126484229  2.791000e-08
EJECTION: 5.197474e+05 90391199  2.791000e-08
EJECTION: 5.472871e+05 43001897  2.791000e-08
EJECTION: 5.516342e+05 3443220506  2.791000e-08
EJECTION: 5.775205e+05 501991070  2.791000e-08
EJECTION: 6.841903e+05 3037779432  2.791000e-08
EJECTION: 7.065518e+05 2190522392  2.791000e-08
EJECTION: 7.066400e+05 385785803  2.791000e-08
EJECTION: 7.538764e+05 2555962951  2.791000e-07
EJECTION: 7.996094e+05 2729381062  2.791000e-08
EJECTION: 8.265372e+05 618276123  2.791000e-07
EJECTION: 8.764172e+05 3245569981  2.791000e-08
EJECTION: 1.137864e+06 1415695418  2.791000e-08
EJECTION: 1.351167e+06 476505668  2.791000e-07
EJECTION: 1.363773e+06 921425487  2.791000e-08
EJECTION: 1.371714e+06 916523109  2.791000e-08
EJECTION: 1.391912e+06 266059373  2.791000e-08
EJECTION: 1.403105e+06 3012070026  2.791000e-08
EJECTION: 1.423905e+06 2261252686  2.791000e-08
EJECTION: 1.593290e+06 253808213  2.791000e-08
EJECTION: 1.777179e+06 2074240873  2.791000e-08
EJECTION: 1.900937e+06 1507417240  2.791000e-08
EJECTION: 1.922317e+06 838860310  2.791000e-08
EJECTION: 1.985921e+06 1134132465  2.791000e-08
EJECTION: 1.989773e+06 199935986  2.791000e-08
EJECTION: 2.061828e+06 3709881891  2.791000e-08
EJECTION: 2.091267e+06 3108364485  2.791000e-08
EJECTION: 2.284621e+06 3475245566  2.791000e-08
EJECTION: 2.375522e+06 997905375  2.791000e-08
EJECTION: 2.495952e+06 3375523036  1.632485e-08
EJECTION: 2.539682e+06 392861532  2.791000e-08
EJECTION: 2.548020e+06 2956861855  2.791000e-08
EJECTION: 2.560159e+06 426576124  3.907400e-07
EJECTION: 2.661980e+06 300193622  2.791000e-08
EJECTION: 3.042139e+06 326805806  2.791000e-08
EJECTION: 3.131180e+06 1403705120  2.791000e-07
EJECTION: 3.217466e+06 1037584679  2.791000e-08
EJECTION: 3.264445e+06 3519923770  2.791000e-08
EJECTION: 3.707315e+06 741863299  2.791000e-08
EJECTION: 3.753321e+06 1218250404  2.091000e-08
EJECTION: 3.858744e+06 2710766136  2.791000e-08
EJECTION: 4.015429e+06 2519559028  2.791000e-07
EJECTION: 4.356979e+06 843517319  2.791000e-08
EJECTION: 5.184405e+06 4061687915  2.791000e-08
EJECTION: 5.308618e+06 314650893  2.791000e-08
EJECTION: 5.808768e+06 728028737  2.791000e-08
EJECTION: 6.260102e+06 2177968201  1.683382e-08
EJECTION: 6.618749e+06 333964007  2.791000e-08
EJECTION: 7.191730e+06 129185354  2.791000e-08
EJECTION: 8.762184e+06 315200650  2.791000e-08
EJECTION: 8.845019e+06 4188445920  2.791000e-08
EJECTION: 1.098585e+07 3268335666  2.791000e-08
EJECTION: 1.123039e+07 2848685905  1.400000e-08
EJECTION: 1.165906e+07 3933289935  2.791000e-08
EJECTION: 1.170378e+07 2545005546  2.791000e-08
EJECTION: 1.191184e+07 2451350669  2.791000e-08
EJECTION: 1.227034e+07 828787466  2.791000e-08
EJECTION: 1.235827e+07 3160344427  1.401507e-08
EJECTION: 1.262998e+07 732124878  2.791000e-08
EJECTION: 1.310959e+07 1398579088  1.449000e-08
EJECTION: 1.346543e+07 1420914473  1.400000e-08
EJECTION: 1.462352e+07 2369258877  2.091000e-08
EJECTION: 1.578122e+07 1222799196  3.141931e-07
EJECTION: 1.640611e+07 4167430602  1.456174e-08
EJECTION: 1.645986e+07 2681375347  2.791000e-08
EJECTION: 1.718599e+07 1826422368  1.499674e-08
EJECTION: 1.783515e+07 3891448235  2.791000e-08
EJECTION: 1.864769e+07 1676003954  1.507688e-08
EJECTION: 2.141650e+07 2961226102  1.750756e-08
EJECTION: 2.614752e+07 2024675612  1.400000e-08
EJECTION: 2.763412e+07 1347872676  2.791000e-08
EJECTION: 2.968264e+07 1736323711  1.700828e-08
EJECTION: 3.501993e+07 3737780296  9.236746e-07
EJECTION: 3.720118e+07 2906924538  2.507765e-08
EJECTION: 4.591620e+07 102901530  2.791000e-08
EJECTION: 6.298495e+07 3838279446  2.791000e-08
EJECTION: 8.003429e+07 551137729  1.435503e-08