EJECTION: 1.185774e+05 3228084226  2.791000e-08
EJECTION: 1.988310e+05 126484229  2.791000e-08
EJECTION: 2.661512e+05 3919026803  2.791000e-08
EJECTION: 3.056826e+05 997905375  2.791000e-08
EJECTION: 3.172540e+05 2795063678  1.431693e-08
EJECTION: 3.360687e+05 1134132465  2.791000e-08
EJECTION: 3.645086e+05 266059373  2.791000e-08
EJECTION: 3.688294e+05 164438789  2.791000e-08
EJECTION: 3.739794e+05 1026028388  1.431693e-08
EJECTION: 4.315120e+05 1507417240  2.791000e-08
EJECTION: 4.442738e+05 865537991  2.791000e-08
EJECTION: 4.504965e+05 659524895  2.791000e-08
EJECTION: 5.322961e+05 3392858646  2.791000e-08
EJECTION: 5.413296e+05 392861532  2.791000e-08
EJECTION: 5.887762e+05 1498734392  2.791000e-08
EJECTION: 5.941246e+05 2504591099  2.791000e-08
EJECTION: 6.621470e+05 3708838243  2.791000e-08
EJECTION: 7.380731e+05 300193622  5.582000e-08
EJECTION: 7.744974e+05 250719570  1.448359e-08
EJECTION: 8.001333e+05 1586980658  2.791000e-08
EJECTION: 8.191685e+05 728028737  2.791000e-08
EJECTION: 8.472331e+05 265770918  7.013693e-08
EJECTION: 8.686724e+05 3481866093  2.791000e-08
EJECTION: 8.791989e+05 1237914369  1.414057e-08
EJECTION: 9.654205e+05 1415695418  2.791000e-08
EJECTION: 9.688842e+05 2429525676  2.791000e-08
EJECTION: 1.047204e+06 1403705120  3.486894e-07
EJECTION: 1.058530e+06 3147695692  1.431693e-08
EJECTION: 1.152410e+06 1601889739  1.445050e-08
EJECTION: 1.231984e+06 385785803  2.791000e-08
EJECTION: 1.340284e+06 381652938  1.445050e-08
EJECTION: 1.542272e+06 1850435983  1.425301e-08
EJECTION: 1.643008e+06 3211480542  1.400000e-08
EJECTION: 1.663659e+06 66064165  1.445050e-08
EJECTION: 1.694101e+06 911013108  2.791000e-08
EJECTION: 1.737501e+06 3653734512  1.883624e-08
EJECTION: 1.784714e+06 3320450569  1.419681e-08
EJECTION: 1.791204e+06 3459912306  1.635587e-08
EJECTION: 1.799275e+06 3012070026  2.791000e-08
EJECTION: 1.800605e+06 3363025910  1.445050e-08
EJECTION: 1.826636e+06 3814978291  1.405194e-08
EJECTION: 1.838299e+06 2002691604  1.405194e-08
EJECTION: 1.853736e+06 2472898255  2.253935e-08
EJECTION: 1.980674e+06 3584287056  1.417035e-08
EJECTION: 2.059239e+06 722767024  1.445050e-08
EJECTION: 2.213946e+06 1275089537  1.419681e-08
EJECTION: 2.239295e+06 2256454524  1.400000e-08
EJECTION: 2.244558e+06 3623563876  1.419681e-08
EJECTION: 2.267855e+06 627452446  1.413779e-08
EJECTION: 2.402921e+06 1541925803  1.448359e-08
EJECTION: 2.434543e+06 4267941538  1.410388e-08
EJECTION: 2.486286e+06 3177521820  1.445050e-08
EJECTION: 2.514653e+06 1128056158  1.431693e-08
EJECTION: 2.517176e+06 1495382923  1.445050e-08
EJECTION: 2.545028e+06 826924968  1.445050e-08
EJECTION: 2.615825e+06 841878026  1.445050e-08
EJECTION: 2.624970e+06 1426981231  1.400000e-08
EJECTION: 2.855987e+06 3961635192  1.426560e-08
EJECTION: 2.884468e+06 1035492323  1.400000e-08
EJECTION: 2.928067e+06 792228939  1.400000e-08
EJECTION: 2.977843e+06 917430777  1.426560e-08
EJECTION: 3.171246e+06 72955594  1.601414e-08
EJECTION: 3.229434e+06 3175271190  1.416270e-08
EJECTION: 3.396192e+06 3031255937  1.698156e-08
EJECTION: 3.421840e+06 3340012098  1.426560e-08
EJECTION: 3.473495e+06 303951786  1.465567e-08
EJECTION: 3.484677e+06 528880979  1.419807e-08
EJECTION: 3.727830e+06 740082705  1.431693e-08
EJECTION: 3.812588e+06 964813250  1.405194e-08
EJECTION: 3.923956e+06 2945849429  1.410522e-08
EJECTION: 4.207330e+06 2745086324  1.400000e-08
EJECTION: 4.927300e+06 4045350386  1.730697e-08
EJECTION: 4.959365e+06 1498211576  1.400000e-08
