EJECTION: 6.742445e+04 4274934102  2.791000e-08
EJECTION: 6.823382e+04 2757833455  2.791000e-08
EJECTION: 8.621676e+04 126484229  2.791000e-08
EJECTION: 9.337853e+04 2555962951  2.791000e-07
EJECTION: 9.575425e+04 2768642543  2.791000e-08
EJECTION: 9.776338e+04 3245569981  2.791000e-08
EJECTION: 1.279515e+05 1236021306  2.791000e-08
EJECTION: 1.313442e+05 3481866093  2.791000e-08
EJECTION: 1.633706e+05 3392858646  2.791000e-08
EJECTION: 1.923713e+05 501991070  2.791000e-08
EJECTION: 2.487832e+05 1128709694  2.791000e-08
EJECTION: 3.635660e+05 3228084226  2.791000e-08
EJECTION: 3.799491e+05 1768543625  2.791000e-08
EJECTION: 3.855714e+05 997905375  2.791000e-08
EJECTION: 4.001819e+05 1507417240  2.791000e-08
EJECTION: 4.300305e+05 3037779432  2.791000e-08
EJECTION: 4.654243e+05 3443220506  2.791000e-08
EJECTION: 5.061483e+05 3824069879  2.791000e-08
EJECTION: 5.267614e+05 828787466  2.791000e-08
EJECTION: 5.944067e+05 3838279446  2.791000e-08
EJECTION: 6.138541e+05 2956861855  2.791000e-08
EJECTION: 6.254963e+05 1403705120  2.791000e-07
EJECTION: 6.683013e+05 29350397  2.791000e-08
EJECTION: 7.025974e+05 326805806  2.791000e-08
EJECTION: 7.296388e+05 618276123  2.791000e-07
EJECTION: 7.376122e+05 921425487  2.791000e-08
EJECTION: 7.572105e+05 1134132465  2.791000e-08
EJECTION: 7.974486e+05 3268335666  2.791000e-08
EJECTION: 8.375231e+05 265770918  2.791000e-08
EJECTION: 8.471508e+05 3919026803  2.791000e-08
EJECTION: 8.591343e+05 2261252686  2.791000e-08
EJECTION: 8.881459e+05 3800257563  3.070100e-07
EJECTION: 1.031652e+06 392861532  2.791000e-08
EJECTION: 1.046653e+06 728028737  2.791000e-08
EJECTION: 1.137188e+06 2190522392  2.791000e-08
EJECTION: 1.176853e+06 2681375347  2.791000e-08
EJECTION: 1.190711e+06 2250879299  2.791000e-08
EJECTION: 1.197306e+06 266059373  2.791000e-08
EJECTION: 1.227367e+06 300193622  2.791000e-08
EJECTION: 1.276427e+06 1866926464  2.791000e-08
EJECTION: 1.300185e+06 199935986  2.791000e-08
EJECTION: 1.454740e+06 2250757420  2.791000e-08
EJECTION: 1.466861e+06 1498734392  2.791000e-08
EJECTION: 1.566563e+06 3475245566  2.791000e-08
EJECTION: 1.763464e+06 769686034  2.791000e-08
EJECTION: 1.767569e+06 315200650  2.791000e-08
EJECTION: 1.861410e+06 1586980658  2.791000e-08
EJECTION: 1.889613e+06 1664502715  2.791000e-08
EJECTION: 1.897448e+06 2487301543  2.791000e-08
EJECTION: 1.906439e+06 1415695418  2.791000e-08
EJECTION: 2.140922e+06 2911053862  2.791000e-08
EJECTION: 2.328157e+06 916523109  2.791000e-08
EJECTION: 2.409478e+06 838860310  2.791000e-08
EJECTION: 2.440631e+06 825415804  2.791000e-08
EJECTION: 2.637054e+06 1494850122  1.400000e-08
EJECTION: 2.827971e+06 1963165541  2.791000e-08
EJECTION: 2.988028e+06 3708838243  1.400000e-08
EJECTION: 3.141766e+06 2906924538  2.791000e-08
EJECTION: 3.248806e+06 2451350669  2.791000e-08
EJECTION: 3.308961e+06 451270221  1.472778e-08
EJECTION: 3.463775e+06 1533953788  2.791000e-08
EJECTION: 3.556482e+06 1878784256  2.791000e-08
EJECTION: 4.008195e+06 253808213  2.791000e-08
EJECTION: 4.171915e+06 3498415124  2.791000e-08
EJECTION: 4.286832e+06 1130108289  1.472778e-08
EJECTION: 4.494802e+06 3384709749  2.791000e-08
EJECTION: 4.885801e+06 3519923770  2.791000e-08
EJECTION: 4.961924e+06 2177968201  1.472778e-08
EJECTION: 5.366630e+06 3709881891  2.791000e-08
EJECTION: 5.992562e+06 3059144981  1.407932e-08
EJECTION: 6.053766e+06 598947138  2.791000e-08
EJECTION: 6.343867e+06 3485819286  1.472778e-08
EJECTION: 6.758379e+06 3952655669  1.407932e-08
EJECTION: 7.173934e+06 2173231515  2.100565e-08
EJECTION: 7.631005e+06 3833074883  1.950338e-08
EJECTION: 7.785918e+06 2125331604  1.741000e-08
EJECTION: 8.087202e+06 1290268226  1.416396e-08
EJECTION: 8.327312e+06 1848242772  1.465418e-08
EJECTION: 8.353293e+06 3462747  2.791000e-08
EJECTION: 9.538846e+06 2312786130  2.091000e-08
EJECTION: 1.077717e+07 2445084109  1.464932e-08
EJECTION: 1.086186e+07 2205180068  1.860006e-08
EJECTION: 1.262714e+07 732124878  2.791000e-08
EJECTION: 1.410452e+07 2029773149  1.458727e-08
EJECTION: 1.412766e+07 2856850640  2.791000e-08
EJECTION: 1.590514e+07 2298477853  2.791000e-08
EJECTION: 1.610884e+07 2744143284  1.421293e-08
EJECTION: 1.637273e+07 164438789  1.400000e-08
EJECTION: 1.988689e+07 2308303797  1.452145e-08
EJECTION: 2.008500e+07 2900628886  1.400000e-08
EJECTION: 2.327051e+07 1734007597  3.948839e-08
EJECTION: 2.438494e+07 921835634  1.473438e-08
EJECTION: 2.798681e+07 776375684  1.569804e-08
EJECTION: 3.007958e+07 3621383820  2.791000e-08
EJECTION: 3.700332e+07 3892593010  1.400000e-08
EJECTION: 3.753420e+07 3325553423  1.504291e-08
EJECTION: 3.855984e+07 1165174376  2.821293e-08
EJECTION: 4.009004e+07 846691466  1.406146e-08
EJECTION: 4.380406e+07 977281884  1.452145e-08
EJECTION: 5.993562e+07 2601128578  1.772836e-08
EJECTION: 7.311127e+07 2714424842  1.400000e-08
