EJECTION: 6.414495e+04 2757833455  2.791000e-08
EJECTION: 9.887446e+04 4274934102  2.791000e-08
EJECTION: 1.692929e+05 1768543625  2.791000e-08
EJECTION: 1.974833e+05 392861532  2.791000e-08
EJECTION: 2.267998e+05 501991070  2.791000e-08
EJECTION: 2.360722e+05 3443220506  2.791000e-08
EJECTION: 2.624996e+05 253808213  2.791000e-08
EJECTION: 2.647153e+05 916523109  2.791000e-08
EJECTION: 3.050969e+05 3709881891  2.791000e-08
EJECTION: 3.179934e+05 2729381062  2.791000e-08
EJECTION: 3.624177e+05 385785803  2.791000e-08
EJECTION: 3.672413e+05 1507417240  2.791000e-08
EJECTION: 3.781452e+05 3708838243  2.791000e-08
EJECTION: 4.489393e+05 754869367  2.791000e-08
EJECTION: 4.495723e+05 4028593304  2.791000e-08
EJECTION: 4.531642e+05 2545005546  2.791000e-08
EJECTION: 4.653227e+05 266059373  2.791000e-08
EJECTION: 4.742485e+05 3475245566  2.791000e-08
EJECTION: 5.059585e+05 3268335666  2.791000e-08
EJECTION: 5.126405e+05 2856850640  2.791000e-08
EJECTION: 5.533807e+05 739080713  2.791000e-08
EJECTION: 5.553677e+05 2768642543  2.791000e-08
EJECTION: 5.700118e+05 1128709694  2.791000e-08
EJECTION: 5.964452e+05 1498734392  2.791000e-08
EJECTION: 6.563302e+05 126484229  2.791000e-08
EJECTION: 7.071455e+05 265770918  2.791000e-08
EJECTION: 7.188335e+05 843517319  2.791000e-08
EJECTION: 7.390179e+05 4226750145  2.791000e-08
EJECTION: 7.714112e+05 43001897  2.791000e-08
EJECTION: 7.775959e+05 3833318790  5.582000e-08
EJECTION: 8.884205e+05 1236021306  2.791000e-08
EJECTION: 9.162338e+05 90391199  2.791000e-08
EJECTION: 9.379916e+05 1134132465  2.791000e-08
EJECTION: 1.033509e+06 3519923770  2.791000e-08
EJECTION: 1.052374e+06 3736894086  2.791000e-08
EJECTION: 1.075294e+06 3823443426  2.791000e-08
EJECTION: 1.083097e+06 997905375  2.791000e-08
EJECTION: 1.094614e+06 1878784256  2.791000e-08
EJECTION: 1.115246e+06 3384709749  2.791000e-08
EJECTION: 1.141385e+06 511603307  2.791000e-08
EJECTION: 1.247670e+06 4188445920  2.791000e-08
EJECTION: 1.250966e+06 1239791232  2.791000e-08
EJECTION: 1.364507e+06 921425487  2.791000e-08
EJECTION: 1.369357e+06 1664502715  2.791000e-08
EJECTION: 1.529069e+06 2429525676  2.791000e-08
EJECTION: 1.741752e+06 4061687915  2.791000e-08
EJECTION: 1.829190e+06 769686034  2.791000e-08
EJECTION: 2.049908e+06 3004792470  3.070100e-07
EJECTION: 2.227530e+06 2298477853  2.791000e-08
EJECTION: 2.239702e+06 1593891639  2.791000e-08
EJECTION: 2.287458e+06 3108364485  2.791000e-08
EJECTION: 2.384423e+06 865537991  2.791000e-08
EJECTION: 2.435974e+06 3037779432  2.791000e-08
EJECTION: 2.645038e+06 1533953788  2.791000e-08
EJECTION: 2.855130e+06 811613008  2.791000e-08
EJECTION: 2.959108e+06 3490627259  2.791000e-08
EJECTION: 2.999512e+06 3228084226  2.791000e-08
EJECTION: 3.006445e+06 2312786130  2.211294e-08
EJECTION: 3.009845e+06 629078091  1.465050e-08
EJECTION: 3.152870e+06 1586980658  2.791000e-08
EJECTION: 3.169386e+06 3279231079  2.791000e-08
EJECTION: 3.375008e+06 2261252686  2.791000e-08
EJECTION: 3.456930e+06 313359544  1.419861e-08
EJECTION: 3.549100e+06 2250757420  2.791000e-08
EJECTION: 3.648124e+06 2440120768  2.791000e-08
EJECTION: 4.128234e+06 3824069879  2.791000e-08
EJECTION: 4.217212e+06 2533881277  1.951620e-08
EJECTION: 4.608623e+06 3563522875  1.465050e-08
EJECTION: 4.703794e+06 1541925803  1.465050e-08
EJECTION: 5.142128e+06 3449694611  1.621588e-08
EJECTION: 5.197671e+06 2367820772  1.472778e-08
EJECTION: 5.310649e+06 875106938  1.465050e-08
EJECTION: 5.562584e+06 2911053862  2.791000e-08
EJECTION: 5.629907e+06 2654473721  1.472778e-08
EJECTION: 6.128356e+06 3015378843  2.791000e-08
EJECTION: 6.390344e+06 3180086772  2.091000e-08
EJECTION: 6.425709e+06 249728555  1.465050e-08
EJECTION: 6.475872e+06 2704180049  1.472778e-08
EJECTION: 7.013781e+06 2710766136  2.791000e-08
EJECTION: 7.189135e+06 4186562710  1.472778e-08
EJECTION: 7.244029e+06 907719639  1.554316e-08
EJECTION: 7.347930e+06 199935986  2.791000e-08
EJECTION: 7.394459e+06 3491092596  1.419861e-08
EJECTION: 7.449723e+06 1737134642  1.465050e-08
EJECTION: 7.636284e+06 771359632  1.537828e-08
EJECTION: 7.790221e+06 287394855  1.472778e-08
EJECTION: 7.957336e+06 3302973195  1.465050e-08
EJECTION: 8.071149e+06 283080478  1.400000e-08
