EJECTION: 1.348242e+05 2429525676  2.791000e-08
EJECTION: 1.765019e+05 1498734392  2.791000e-08
EJECTION: 2.157784e+05 3481866093  2.791000e-08
EJECTION: 2.168629e+05 618276123  2.791000e-07
EJECTION: 2.231000e+05 29350397  2.791000e-08
EJECTION: 2.482011e+05 126484229  2.791000e-08
EJECTION: 2.650499e+05 3384709749  2.791000e-08
EJECTION: 3.049221e+05 754869367  2.791000e-08
EJECTION: 3.658698e+05 997905375  2.791000e-08
EJECTION: 3.693070e+05 828787466  2.791000e-08
EJECTION: 3.825682e+05 3919026803  2.791000e-08
EJECTION: 3.977671e+05 2729381062  2.791000e-08
EJECTION: 4.064882e+05 2768642543  2.791000e-08
EJECTION: 4.082963e+05 266059373  2.791000e-08
EJECTION: 4.120016e+05 4028593304  2.791000e-08
EJECTION: 4.237998e+05 865537991  2.791000e-08
EJECTION: 5.096706e+05 3475245566  2.791000e-08
EJECTION: 5.102520e+05 476505668  2.791000e-07
EJECTION: 5.894673e+05 4031050948  3.628300e-07
EJECTION: 6.449432e+05 2669757562  2.791000e-08
EJECTION: 6.813105e+05 3428193420  2.791000e-08
EJECTION: 6.906729e+05 1128709694  2.791000e-08
EJECTION: 7.453470e+05 1403705120  3.070100e-07
EJECTION: 7.998313e+05 3245569981  2.791000e-08
EJECTION: 8.212575e+05 916523109  2.791000e-08
EJECTION: 8.961211e+05 3800257563  3.070100e-07
EJECTION: 9.148222e+05 3709881891  2.791000e-08
EJECTION: 1.003775e+06 869234806  1.400000e-08
EJECTION: 1.274826e+06 253808213  2.791000e-08
EJECTION: 1.282207e+06 300193622  2.791000e-08
EJECTION: 1.297825e+06 3357643131  2.791000e-08
EJECTION: 1.325742e+06 1236021306  2.791000e-08
EJECTION: 1.371802e+06 3279231079  2.791000e-08
EJECTION: 1.549597e+06 4212779140  1.415350e-08
EJECTION: 1.550947e+06 2250757420  2.791000e-08
EJECTION: 1.637552e+06 1533953788  2.791000e-08
EJECTION: 1.659225e+06 3228084226  2.791000e-08
EJECTION: 1.660752e+06 378125977  1.424046e-08
EJECTION: 1.737659e+06 43001897  2.791000e-08
EJECTION: 1.775722e+06 1945735688  1.424046e-08
EJECTION: 1.791890e+06 1963165541  2.791000e-08
EJECTION: 1.863689e+06 3736894086  2.791000e-08
EJECTION: 1.950388e+06 888311950  2.791000e-08
EJECTION: 2.086790e+06 1866926464  2.791000e-08
EJECTION: 2.110789e+06 1347872676  2.791000e-08
EJECTION: 2.163257e+06 2606325002  2.091000e-08
EJECTION: 2.166909e+06 472358284  1.415350e-08
EJECTION: 2.186011e+06 3443220506  2.791000e-08
EJECTION: 2.244699e+06 1292023300  1.776939e-08
EJECTION: 2.275463e+06 728028737  2.791000e-08
EJECTION: 2.284782e+06 769686034  6.989523e-08
EJECTION: 2.326775e+06 242414939  2.791000e-08
EJECTION: 2.396016e+06 1950077488  1.415350e-08
EJECTION: 2.550820e+06 2919643181  2.791000e-08
EJECTION: 2.719671e+06 1019134040  2.791000e-08
EJECTION: 2.745320e+06 2298477853  2.791000e-08
EJECTION: 2.803969e+06 3108364485  2.791000e-08
EJECTION: 2.885893e+06 3981989558  1.400000e-08
EJECTION: 3.511472e+06 1848242772  1.949014e-08
EJECTION: 3.569159e+06 2620740164  2.791000e-08
EJECTION: 3.704847e+06 1905833305  1.458727e-08
EJECTION: 3.803449e+06 811613008  2.791000e-08
EJECTION: 3.845637e+06 2504591099  2.791000e-08
EJECTION: 4.100158e+06 3293059020  1.424046e-08
EJECTION: 4.120008e+06 3953846011  2.791000e-08
EJECTION: 4.185752e+06 3438744891  1.990395e-08
EJECTION: 4.469521e+06 927207199  1.482198e-08
EJECTION: 4.579782e+06 1403954297  1.482198e-08
EJECTION: 4.817679e+06 3632514288  1.415350e-08
EJECTION: 4.823456e+06 3593659676  1.400000e-08
EJECTION: 4.851190e+06 385785803  2.791000e-08
EJECTION: 4.952045e+06 2555962951  3.070100e-07
EJECTION: 5.347115e+06 3891448235  2.791000e-08
EJECTION: 5.616638e+06 4274934102  2.791000e-08
EJECTION: 6.272641e+06 2067231467  1.400000e-08
EJECTION: 6.655629e+06 3416864524  1.412193e-08
EJECTION: 7.144508e+06 326805806  2.791000e-08
EJECTION: 7.773689e+06 392861532  2.791000e-08
EJECTION: 7.881516e+06 517786421  1.431225e-08
EJECTION: 8.767601e+06 1878784256  2.791000e-08
EJECTION: 8.909713e+06 3775520932  1.442474e-08
