EJECTION: 3.742447e+04 43001897  2.791000e-08
EJECTION: 5.315910e+04 3708838243  2.791000e-08
EJECTION: 6.679511e+04 2757833455  2.791000e-08
EJECTION: 1.096504e+05 618276123  2.791000e-07
EJECTION: 1.120263e+05 754869367  2.791000e-08
EJECTION: 1.231977e+05 3481866093  2.791000e-08
EJECTION: 1.852742e+05 828787466  2.791000e-08
EJECTION: 2.689002e+05 3245569981  2.791000e-08
EJECTION: 2.754265e+05 266059373  2.791000e-08
EJECTION: 2.943932e+05 3384709749  2.791000e-08
EJECTION: 3.654629e+05 843517319  2.791000e-08
EJECTION: 3.718070e+05 385785803  2.791000e-08
EJECTION: 4.015674e+05 1128709694  2.791000e-08
EJECTION: 4.206980e+05 3919026803  2.791000e-08
EJECTION: 4.319795e+05 501991070  2.791000e-08
EJECTION: 4.789338e+05 3392858646  2.791000e-08
EJECTION: 5.139201e+05 1134132465  2.791000e-08
EJECTION: 5.212937e+05 2190522392  2.791000e-08
EJECTION: 5.235324e+05 4274934102  2.791000e-08
EJECTION: 5.389995e+05 2669757562  2.791000e-08
EJECTION: 5.488212e+05 1236021306  2.791000e-08
EJECTION: 5.908693e+05 1768543625  2.791000e-08
EJECTION: 6.181289e+05 1347872676  2.791000e-08
EJECTION: 6.368186e+05 1403705120  3.070100e-07
EJECTION: 6.437824e+05 1507417240  2.791000e-08
EJECTION: 7.250024e+05 1415695418  2.791000e-08
EJECTION: 7.569362e+05 3824069879  2.791000e-08
EJECTION: 7.583096e+05 3838279446  2.791000e-08
EJECTION: 8.456882e+05 4028593304  2.791000e-08
EJECTION: 8.806820e+05 251961497  2.791000e-08
EJECTION: 1.024255e+06 2681375347  2.791000e-08
EJECTION: 1.060984e+06 911013108  2.791000e-08
EJECTION: 1.112016e+06 1498734392  5.582000e-08
EJECTION: 1.220383e+06 315200650  2.791000e-08
EJECTION: 1.232000e+06 888311950  2.791000e-08
EJECTION: 1.323109e+06 1866926464  2.791000e-08
EJECTION: 1.382353e+06 1842102965  1.405223e-08
EJECTION: 1.458026e+06 126484229  2.791000e-08
EJECTION: 1.465769e+06 4031050948  6.977500e-07
EJECTION: 1.555847e+06 1035492323  2.791000e-08
EJECTION: 1.590234e+06 997905375  2.791000e-08
EJECTION: 1.623615e+06 2429525676  2.791000e-08
EJECTION: 1.725779e+06 1963165541  2.791000e-08
EJECTION: 1.749274e+06 2250775120  1.472778e-08
EJECTION: 1.787592e+06 314650893  1.400000e-08
EJECTION: 1.819357e+06 2906924538  2.791000e-08
EJECTION: 1.926529e+06 2409063466  2.791000e-08
EJECTION: 2.380491e+06 4188445920  2.791000e-08
EJECTION: 2.455372e+06 3462747  2.791000e-08
EJECTION: 2.535746e+06 3279439195  1.400000e-08
EJECTION: 2.550990e+06 2177968201  1.472778e-08
EJECTION: 2.634942e+06 825415804  2.791000e-08
EJECTION: 2.639202e+06 511603307  2.791000e-08
EJECTION: 2.649334e+06 921425487  2.791000e-08
EJECTION: 2.741631e+06 29350397  2.791000e-08
EJECTION: 2.858051e+06 3497999925  1.400000e-08
EJECTION: 2.935477e+06 2247026945  1.925530e-08
EJECTION: 2.940677e+06 1790255658  1.400000e-08
EJECTION: 3.060836e+06 649593533  1.400000e-08
EJECTION: 3.279221e+06 3059144981  1.440351e-08
EJECTION: 3.513944e+06 2856850640  2.791000e-08
EJECTION: 3.523967e+06 1382686479  1.472778e-08
EJECTION: 3.568263e+06 533433650  1.433427e-08
EJECTION: 3.593937e+06 2746930994  1.421406e-08
EJECTION: 4.088546e+06 1462644303  1.455515e-08
EJECTION: 4.306723e+06 2027098952  1.434529e-08
EJECTION: 4.534378e+06 265770918  2.791000e-08
EJECTION: 4.614357e+06 1237914369  1.455515e-08
EJECTION: 4.700647e+06 4283280385  1.421406e-08
EJECTION: 4.763572e+06 3378187523  1.426731e-08
EJECTION: 4.950573e+06 4226750145  2.791000e-08
EJECTION: 5.164539e+06 2733144751  1.455515e-08
EJECTION: 5.472600e+06 309459595  1.400000e-08
EJECTION: 5.914674e+06 2555962951  5.861100e-07
EJECTION: 6.099466e+06 2649056468  1.455515e-08
EJECTION: 6.128249e+06 1803925302  1.472778e-08
EJECTION: 6.165793e+06 4013164456  1.569624e-08
EJECTION: 6.193193e+06 769686034  2.791000e-08
EJECTION: 6.434708e+06 2292589682  1.400000e-08
EJECTION: 7.271882e+06 728028737  2.791000e-08
EJECTION: 7.283555e+06 1220275327  2.024810e-08
EJECTION: 8.587198e+06 66064165  1.569323e-08
EJECTION: 8.760961e+06 3662110242  1.925530e-08
EJECTION: 8.943818e+06 2348040613  1.455515e-08
EJECTION: 9.078853e+06 1499007652  2.145384e-08
EJECTION: 9.408845e+06 4088625113  1.455515e-08
EJECTION: 9.471417e+06 3176785673  2.791000e-08
