EJECTION: 1.392385e+05 2729381062  2.791000e-08
EJECTION: 1.469391e+05 2190522392  2.791000e-08
EJECTION: 1.765107e+05 3919026803  2.791000e-08
EJECTION: 1.989579e+05 3392858646  2.791000e-08
EJECTION: 2.113870e+05 2326007700  2.791000e-08
EJECTION: 2.234140e+05 1134132465  2.791000e-08
EJECTION: 2.260940e+05 90391199  2.791000e-08
EJECTION: 2.305805e+05 997905375  2.791000e-08
EJECTION: 2.780635e+05 3228084226  2.791000e-08
EJECTION: 3.517728e+05 501991070  2.791000e-08
EJECTION: 3.631334e+05 385785803  2.791000e-08
EJECTION: 3.668882e+05 2681375347  2.791000e-08
EJECTION: 3.689665e+05 43001897  2.791000e-08
EJECTION: 4.031636e+05 3268335666  2.791000e-08
EJECTION: 4.137951e+05 476505668  2.791000e-07
EJECTION: 4.195842e+05 828787466  2.791000e-08
EJECTION: 5.192044e+05 618276123  2.791000e-07
EJECTION: 6.169106e+05 3708838243  2.791000e-08
EJECTION: 6.814484e+05 4028593304  2.791000e-08
EJECTION: 6.933302e+05 3443220506  2.791000e-08
EJECTION: 7.271897e+05 3824069879  2.791000e-08
EJECTION: 7.454728e+05 2250757420  2.791000e-08
EJECTION: 7.749480e+05 1403705120  2.791000e-07
EJECTION: 8.126732e+05 728028737  2.791000e-08
EJECTION: 8.310862e+05 2429525676  2.791000e-08
EJECTION: 8.695846e+05 865537991  2.791000e-08
EJECTION: 8.765820e+05 1533953788  2.791000e-08
EJECTION: 9.654582e+05 1128709694  2.791000e-08
EJECTION: 9.687237e+05 843517319  3.777290e-08
EJECTION: 9.774896e+05 2856850640  2.791000e-08
EJECTION: 1.005108e+06 911013108  2.791000e-08
EJECTION: 1.018880e+06 1768543625  2.791000e-08
EJECTION: 1.100745e+06 426576124  2.791000e-07
EJECTION: 1.139593e+06 3800257563  3.070100e-07
EJECTION: 1.170758e+06 3245569981  2.791000e-08
EJECTION: 1.173861e+06 3838279446  2.791000e-08
EJECTION: 1.186629e+06 3015378843  2.791000e-08
EJECTION: 1.243236e+06 3462747  2.791000e-08
EJECTION: 1.404037e+06 3519923770  2.791000e-08
EJECTION: 1.407893e+06 2669757562  2.791000e-08
EJECTION: 1.436925e+06 921425487  2.791000e-08
EJECTION: 1.476766e+06 199935986  2.791000e-08
EJECTION: 1.515047e+06 1963165541  2.791000e-08
EJECTION: 1.533116e+06 2542835646  2.791000e-08
EJECTION: 1.605817e+06 2504591099  2.791000e-08
EJECTION: 1.850815e+06 2261252686  2.791000e-08
EJECTION: 1.919743e+06 326805806  2.791000e-08
EJECTION: 2.023377e+06 392861532  5.582000e-08
EJECTION: 2.058191e+06 511603307  2.791000e-08
EJECTION: 2.065281e+06 3129006749  2.791000e-08
EJECTION: 2.153618e+06 769686034  2.791000e-08
EJECTION: 2.190007e+06 1586980658  2.791000e-08
EJECTION: 2.413442e+06 1664502715  2.791000e-08
EJECTION: 2.480088e+06 3475245566  2.791000e-08
EJECTION: 2.518538e+06 1866926464  2.791000e-08
EJECTION: 2.992714e+06 825415804  2.791000e-08
EJECTION: 3.063547e+06 126484229  2.791000e-08
EJECTION: 3.247177e+06 315200650  2.791000e-08
EJECTION: 3.304126e+06 2674988631  1.407790e-08
EJECTION: 3.320068e+06 2620740164  2.791000e-08
EJECTION: 3.348707e+06 1458432161  2.791000e-08
EJECTION: 3.418187e+06 2555962951  3.070100e-07
EJECTION: 3.572930e+06 3481866093  2.791000e-08
EJECTION: 4.261276e+06 2956861855  2.791000e-08
EJECTION: 4.345143e+06 1236021306  2.791000e-08
EJECTION: 4.493536e+06 1246511018  1.449881e-08
EJECTION: 4.494934e+06 3841896594  2.791000e-08
EJECTION: 4.543104e+06 4069401935  1.449881e-08
EJECTION: 4.712240e+06 405521437  2.791000e-08
EJECTION: 4.793201e+06 164438789  2.791000e-08
EJECTION: 4.893036e+06 732124878  2.791000e-08
EJECTION: 4.959311e+06 1371202285  1.445408e-08
EJECTION: 4.979862e+06 3176785673  2.791000e-08
EJECTION: 5.502081e+06 1239791232  2.791000e-08
EJECTION: 5.589606e+06 888311950  2.791000e-08
EJECTION: 5.766232e+06 3012070026  2.791000e-08
EJECTION: 5.992325e+06 463844675  1.725091e-08
EJECTION: 6.334739e+06 916523109  2.791000e-08
EJECTION: 6.355812e+06 771359632  1.400000e-08
EJECTION: 6.508245e+06 3401497744  1.449881e-08
EJECTION: 6.604277e+06 741863299  2.791000e-08
EJECTION: 6.781047e+06 2480932170  2.791000e-08
EJECTION: 7.071877e+06 356405251  1.400000e-08
EJECTION: 7.135520e+06 1651612823  2.791000e-08
EJECTION: 7.760322e+06 4186562710  1.400000e-08
EJECTION: 7.822247e+06 2205180068  2.791000e-08
EJECTION: 9.088684e+06 1019134040  1.400000e-08
EJECTION: 9.209600e+06 6723929  2.791000e-08
EJECTION: 9.680989e+06 1621314342  1.401380e-08
EJECTION: 1.052239e+07 937177227  1.477325e-08
EJECTION: 1.166740e+07 2151269300  1.472778e-08
EJECTION: 1.218810e+07 3418547556  1.411444e-08
EJECTION: 1.333230e+07 2597880038  1.445408e-08
EJECTION: 1.381770e+07 3108364485  2.791000e-08
EJECTION: 1.492278e+07 1285693762  1.458479e-08
EJECTION: 1.501163e+07 474866315  1.804710e-08
EJECTION: 1.904598e+07 871205577  1.400000e-08
EJECTION: 2.029613e+07 1737134642  1.445408e-08
EJECTION: 2.292923e+07 149784911  1.418204e-08
EJECTION: 2.527623e+07 2932274237  1.400000e-08
EJECTION: 2.787230e+07 302486611  1.412566e-08
EJECTION: 3.061430e+07 3187199216  1.412566e-08
EJECTION: 3.073244e+07 1285693762  1.412566e-08
EJECTION: 3.195021e+07 817087088  1.412566e-08
EJECTION: 3.279835e+07 4096225443  1.445408e-08
EJECTION: 3.356135e+07 1601889739  1.454031e-08
EJECTION: 3.474584e+07 3330100144  1.412566e-08
EJECTION: 3.764801e+07 3321237907  1.412566e-08
EJECTION: 3.779767e+07 249728555  1.443429e-08
EJECTION: 3.851678e+07 1218250404  1.412566e-08
EJECTION: 4.265902e+07 1211996162  1.412566e-08
EJECTION: 4.578876e+07 114837353  1.401380e-08
EJECTION: 4.633334e+07 1347872676  2.791000e-08
EJECTION: 6.909773e+07 2710766136  2.791000e-08
EJECTION: 7.035278e+07 3467386575  1.400000e-08
