EJECTION: 5.919059e+04 618276123  2.791000e-07
EJECTION: 6.860081e+04 1498734392  2.791000e-08
EJECTION: 6.977278e+04 2757833455  2.791000e-08
EJECTION: 2.688564e+05 266059373  2.791000e-08
EJECTION: 2.932640e+05 2250757420  2.791000e-08
EJECTION: 3.238193e+05 4274934102  2.791000e-08
EJECTION: 3.357138e+05 3245569981  2.791000e-08
EJECTION: 3.955041e+05 2768642543  2.791000e-08
EJECTION: 4.244129e+05 865537991  2.791000e-08
EJECTION: 4.914523e+05 501991070  2.791000e-08
EJECTION: 4.982067e+05 2729381062  2.791000e-08
EJECTION: 5.007675e+05 1403705120  2.791000e-07
EJECTION: 5.095107e+05 843517319  2.791000e-08
EJECTION: 5.379340e+05 1507417240  2.791000e-08
EJECTION: 5.863621e+05 126484229  2.791000e-08
EJECTION: 6.289410e+05 1134132465  2.791000e-08
EJECTION: 6.408199e+05 769686034  2.791000e-08
EJECTION: 6.628375e+05 476505668  2.791000e-07
EJECTION: 6.990675e+05 3037779432  2.791000e-08
EJECTION: 7.331570e+05 43001897  2.791000e-08
EJECTION: 7.345622e+05 3384709749  2.791000e-08
EJECTION: 7.380778e+05 2190522392  2.791000e-08
EJECTION: 8.710742e+05 2956861855  2.791000e-08
EJECTION: 9.148455e+05 3462747  2.791000e-08
EJECTION: 9.373289e+05 29350397  2.791000e-08
EJECTION: 9.441896e+05 3012070026  2.791000e-08
EJECTION: 1.009545e+06 1533953788  2.791000e-08
EJECTION: 1.018746e+06 3443220506  2.791000e-08
EJECTION: 1.059800e+06 3800257563  2.791000e-07
EJECTION: 1.120159e+06 3303338876  1.405249e-08
EJECTION: 1.153486e+06 2856850640  2.791000e-08
EJECTION: 1.157235e+06 3481866093  2.791000e-08
EJECTION: 1.258971e+06 3869596591  1.465050e-08
EJECTION: 1.287498e+06 690117576  1.405249e-08
EJECTION: 1.311147e+06 3491092596  1.465050e-08
EJECTION: 1.320770e+06 3708838243  2.791000e-08
EJECTION: 1.321817e+06 1634407402  1.465050e-08
EJECTION: 1.401458e+06 2263814062  2.791000e-08
EJECTION: 1.446465e+06 326805806  2.791000e-08
EJECTION: 1.529442e+06 1768543625  2.791000e-08
EJECTION: 1.569508e+06 2875471576  1.405249e-08
EJECTION: 1.579488e+06 2261252686  2.791000e-08
EJECTION: 1.611020e+06 4188445920  2.791000e-08
EJECTION: 1.617529e+06 3108364485  2.791000e-08
EJECTION: 1.695020e+06 3382444416  2.791000e-08
EJECTION: 1.727725e+06 4226750145  2.791000e-08
EJECTION: 1.798800e+06 2429525676  2.791000e-08
EJECTION: 1.825897e+06 2710766136  2.791000e-08
EJECTION: 1.868165e+06 2215785330  1.465050e-08
EJECTION: 1.919434e+06 1738909006  1.405249e-08
EJECTION: 2.061066e+06 474866315  2.091000e-08
EJECTION: 2.202757e+06 1227575429  2.791000e-08
EJECTION: 2.306153e+06 1236021306  2.791000e-08
EJECTION: 2.349703e+06 3537925318  1.465050e-08
EJECTION: 2.386338e+06 4028593304  2.791000e-08
EJECTION: 2.465894e+06 2962530363  1.405249e-08
EJECTION: 2.521521e+06 3519923770  2.791000e-08
EJECTION: 2.546720e+06 2328232000  1.465050e-08
EJECTION: 2.551885e+06 3288380490  1.405249e-08
EJECTION: 2.625955e+06 251961497  2.791000e-08
EJECTION: 2.683711e+06 265770918  2.791000e-08
EJECTION: 2.822062e+06 3279231079  2.791000e-08
EJECTION: 3.018767e+06 3736894086  2.791000e-08
EJECTION: 3.071836e+06 3122982648  1.405249e-08
EJECTION: 3.082981e+06 810769555  2.791000e-08
EJECTION: 3.138205e+06 443746396  2.791000e-08
EJECTION: 3.363953e+06 392861532  2.791000e-08
EJECTION: 3.519137e+06 739080713  2.791000e-08
EJECTION: 3.576023e+06 3475245566  2.791000e-08
EJECTION: 3.981480e+06 811613008  2.791000e-08
EJECTION: 4.430129e+06 4031050948  4.869232e-07
EJECTION: 4.856273e+06 1998372786  2.091000e-08
EJECTION: 4.906909e+06 3632514288  1.551056e-08
EJECTION: 4.967696e+06 2545005546  2.791000e-08
EJECTION: 5.098757e+06 3083717413  1.431889e-08
EJECTION: 5.859800e+06 1035956119  1.414644e-08
EJECTION: 6.372534e+06 1415695418  2.791000e-08
EJECTION: 6.607301e+06 3428193420  2.791000e-08
EJECTION: 6.651796e+06 911013108  2.791000e-08
EJECTION: 6.710127e+06 3113062634  1.472778e-08
EJECTION: 6.846068e+06 1370908750  2.091000e-08
EJECTION: 7.770388e+06 199935986  2.791000e-08
EJECTION: 7.804909e+06 1026028388  1.400000e-08
EJECTION: 8.090620e+06 997905375  2.791000e-08
EJECTION: 8.240187e+06 3016084464  1.571509e-08
EJECTION: 8.425801e+06 907719639  1.400240e-08
EJECTION: 8.505568e+06 1586980658  2.791000e-08
EJECTION: 9.789886e+06 611212867  1.465050e-08
EJECTION: 9.964035e+06 3434666020  1.430674e-08
