865537991 2.791e-08 0.1080236 3.855233 
29350397 2.791e-08 0.1114263 3.797059 
476505668 2.791e-07 0.1208196 3.645247 
3384709749 2.791e-08 0.1160882 3.720179 
828787466 2.791e-08 0.1172761 3.701082 
2757833455 2.791e-08 0.09724849 4.052334 
3392858646 2.791e-08 0.1102832 3.816401 
1498734392 2.791e-08 0.09933466 4.012522 
3245569981 2.791e-08 0.1125783 3.777765 
266059373 2.791e-08 0.1348716 3.438869 
385785803 2.791e-08 0.1361984 3.420508 
3919026803 2.791e-08 0.09519618 4.092343 
4028593304 2.791e-08 0.1429745 3.329435 
253808213 2.791e-08 0.1471547 3.275379 
2429525676 2.791e-08 0.1047001 3.913848 
754869367 2.791e-08 0.1388803 3.383931 
2911053862 2.791e-08 0.218574 2.533265 
4188445920 2.791e-08 0.1954879 2.742646 
3555679070 2.791e-08 0.3558591 1.619016 
618276123 2.791e-07 0.09825148 4.033088 
3519923770 2.791e-08 0.1662754 3.046238 
1586980658 2.791e-08 0.1375346 3.402195 
2326007700 2.791e-08 0.1709223 2.994536 
2681375347 2.791e-08 0.1283789 3.531414 
3732071459 2.791e-08 0.4225756 1.296703 
3481866093 2.791e-08 0.1137393 3.758521 
1664502715 2.791e-08 0.1972046 2.726246 
3708838243 2.791e-08 0.1149092 3.739326 
3800257563 2.791e-07 0.1334549 3.458677 
1507417240 2.791e-08 0.1036097 3.933485 
3330100144 1.406706e-08 0.26238581651034426 0.7376141834896557 
3108364485 2.791e-08 0.1678146 3.028955 
2956861855 2.791e-08 0.1587266 3.133389 
3838279446 2.791e-08 0.1756578 2.943275 
1128709694 2.791e-08 0.1245951 3.587528 
3293059020 1.42009e-08 0.24557936832369318 0.7544206316763068 
1403705120 2.9294294e-07 0.1039399356065724 0.8960600643934276 
4226750145 2.791e-08 0.1804819 2.892456 
1434594601 2.791e-08 0.1903969 2.792141 
1945735688 1.42009e-08 0.24557936832369318 0.7544206316763068 
2962530363 1.729087e-08 0.9999999999999981 1.887379141862766e-15 
2349140130 2.791e-08 0.609175 0.610679 
3709881891 2.791e-08 0.1271084 3.550069 
2118016430 1.42009e-08 0.24557936832369318 0.7544206316763068 
3490627259 2.791e-08 0.2041703 2.661134 
2489195127 1.472778e-08 0.14702697892841568 0.8529730210715843 
2674988631 1.472778e-08 0.14702697892841568 0.8529730210715843 
392861532 2.791e-08 0.1416002 3.347551 
4055959668 1.960273e-08 0.1779062432440754 0.8220937567559246 
3443220506 2.791e-08 0.1184731 3.682034 
265770918 2.791e-08 0.1647461 3.06357 
406745133 1.472778e-08 0.14702697892841568 0.8529730210715843 
766581564 1.472778e-08 0.14702697892841568 0.8529730210715843 
4119421155 1.472778e-08 0.14702697892841568 0.8529730210715843 
3702894340 1.472778e-08 0.14702697892841568 0.8529730210715843 
3678948817 1.472778e-08 0.14702697892841568 0.8529730210715843 
1072840122 1.472778e-08 0.14702697892841568 0.8529730210715843 
3475245566 2.791e-08 0.1499896 3.239587 
1676003954 1.472778e-08 0.14702697892841568 0.8529730210715843 
3532745758 1.472778e-08 0.14702697892841568 0.8529730210715843 
4253718737 2.098984e-08 0.16703963150743392 0.832960368492566 
1593891639 2.791e-08 0.3534721 1.63164 
873214132 2.791e-08 0.3369592 1.72138 
4285585893 1.472778e-08 0.14702697892841568 0.8529730210715843 
2286860921 1.508342e-08 0.3769345659008369 0.623065434099163 
3632514288 1.741e-08 0.35729070318516987 0.6427092968148301 
2945849429 2.091e-08 0.19332253254423729 0.8066774674557627 
728028737 2.791e-08 0.1617168 3.098381 
2768642543 2.791e-08 0.106907 3.874722 
811613008 2.791e-08 0.209498 2.612816 
3485819286 1.4256350000000001e-08 0.24462418863369195 0.755375811366308 
1236021306 2.791e-08 0.1258471 3.568774 
3012889883 2.2347029999999998e-08 0.15605868214379878 0.8439413178562012 
1035492323 1.4e-08 0.4772568135 0.5227431865000001 
843517319 2.791e-08 0.1335543 3.45728 
2795041644 2.531805e-08 0.3486385403451447 0.6513614596548554 
2747938267 1.406032e-08 0.4828867431369345 0.5171132568630654 
3339828518 2.093772e-08 0.14082728148050505 0.859172718519495 
1965662198 1.994762e-08 0.2830030792318788 0.7169969207681213 
1906851972 1.514653e-08 1.0 0.0 
3182159117 1.472778e-08 0.14702697892841568 0.8529730210715843 
825415804 7.007635e-08 0.1884584110991502 0.8115415889008498 
1533953788 2.791e-08 0.1485673 3.257459 
3737780296 7.0580608e-07 0.15088763505936686 0.8491123649406331 
