1768543625 2.791e-08 0.1003905 3.992689 
2429525676 2.791e-08 0.1047001 3.913848 
3800257563 2.791e-07 0.1334549 3.458677 
1533953788 2.791e-08 0.1485673 3.257459 
3708838243 2.791e-08 0.1149092 3.739326 
3245569981 2.791e-08 0.1125783 3.777765 
1963165541 2.791e-08 0.2316902 2.423954 
1434594601 2.791e-08 0.1903969 2.792141 
392861532 2.791e-08 0.1416002 3.347551 
90391199 2.791e-08 0.1233524 3.606331 
3519923770 2.791e-08 0.1662754 3.046238 
43001897 2.791e-08 0.1322464 3.47574 
3709881891 2.791e-08 0.1271084 3.550069 
1128709694 2.791e-08 0.1245951 3.587528 
2190522392 2.791e-08 0.1296587 3.512807 
865537991 2.791e-08 0.1080236 3.855233 
1236021306 2.791e-08 0.1258471 3.568774 
828787466 2.791e-08 0.1172761 3.701082 
1134132465 2.791e-08 0.101455 3.972905 
769686034 2.791e-08 0.1602168 3.11586 
126484229 2.791e-08 0.1208945 3.644085 
476505668 2.791e-07 0.1208196 3.645247 
2757833455 2.791e-08 0.09724849 4.052334 
385785803 2.791e-08 0.1361984 3.420508 
754869367 2.791e-08 0.1388803 3.383931 
916523109 2.791e-08 0.1309479 3.494249 
3108364485 2.791e-08 0.1678146 3.028955 
253808213 2.791e-08 0.1471547 3.275379 
2261252686 2.791e-08 0.1837474 2.858822 
1507417240 2.791e-08 0.1036097 3.933485 
3228084226 2.791e-08 0.102528 3.953171 
1586980658 2.791e-08 0.1375346 3.402195 
2729381062 2.791e-08 0.1057992 3.894261 
2856850640 2.791e-08 0.1740694 2.960313 
3443220506 2.791e-08 0.1184731 3.682034 
2681375347 2.791e-08 0.1283789 3.531414 
843517319 2.791e-08 0.1335543 3.45728 
3833318790 2.791e-08 0.1821097 2.875614 
443746396 2.791e-08 0.2024141 2.677339 
2906924538 2.791e-08 0.2452792 2.317046 
164438789 2.791e-08 0.2278942 2.454941 
2669757562 2.791e-08 0.1514215 3.221765 
598947138 2.791e-08 0.2853589 2.033153 
3268335666 2.791e-08 0.172491 2.9774 
1403705120 2.791e-07 0.1090952 3.836717 
825415804 2.791e-08 0.1693635 3.011721 
3838279446 2.791e-08 0.1756578 2.943275 
732124878 2.791e-08 0.2512458 2.271963 
3384709749 2.791e-08 0.1160882 3.720179 
3012070026 2.791e-08 0.1887197 2.808738 
2440120768 2.791e-08 0.2532535 2.257034 
659524895 1.4612639999999998e-08 0.5230326864276408 0.4769673135723592 
3462747 2.791e-08 0.1572462 3.150966 
2911053862 2.791e-08 0.218574 2.533265 
838860310 2.791e-08 0.2297874 2.439423 
3485819286 1.420263e-08 0.3079904426809003 0.6920095573190996 
300193622 2.791e-08 0.1443583 3.311367 
4061687915 2.791e-08 0.257297 2.227322 
1239791232 2.791e-08 0.1989312 2.709894 
1503861029 2.791e-08 0.2613777 2.197807 
888311950 2.791e-08 0.185395 2.842078 
29350397 2.791e-08 0.1114263 3.797059 
2545005546 2.791e-08 0.1543144 3.186267 
953296898 2.791e-08 0.4124495 1.342198 
811613008 2.791e-08 0.209498 2.612816 
3814978291 1.41531e-08 0.42593727716800667 0.5740627228319933 
3737780296 1.41582142e-06 0.1815359958642211 0.8184640041357789 
4138371369 1.41531e-08 0.42593727716800667 0.5740627228319933 
1292023300 1.427777e-08 0.39158597882154966 0.6084140211784503 
2604064924 1.41531e-08 0.42593727716800667 0.5740627228319933 
1275089537 1.4e-08 0.43059520553475106 0.5694047944652489 
3241671100 1.4e-08 0.7528437419285714 0.2471562580714286 
821115011 2.434593e-08 0.43037671183468096 0.569623288165319 
