3245569981 2.791e-08 0.1125783 3.777765 
1403705120 3.0701e-07 0.1085965181818182 0.8914034818181817 
2768642543 2.791e-08 0.106907 3.874722 
3228084226 2.791e-08 0.102528 3.953171 
2429525676 2.791e-08 0.1047001 3.913848 
997905375 2.791e-08 0.1196792 3.663035 
501991070 5.582e-08 0.096733305 0.903266695 
1498734392 2.791e-08 0.09933466 4.012522 
3015378843 2.791e-08 0.1221188 3.625184 
3919026803 2.791e-08 0.09519618 4.092343 
865537991 2.791e-08 0.1080236 3.855233 
2545005546 2.791e-08 0.1543144 3.186267 
2956861855 2.791e-08 0.1587266 3.133389 
3800257563 3.0701e-07 0.1332269909090909 0.8667730090909092 
300193622 2.791e-08 0.1443583 3.311367 
921425487 2.791e-08 0.1457517 3.293348 
3384709749 2.791e-08 0.1160882 3.720179 
2681375347 2.791e-08 0.1283789 3.531414 
769686034 2.791e-08 0.1602168 3.11586 
4274934102 2.791e-08 0.09828733 4.032403 
3475245566 2.791e-08 0.1499896 3.239587 
618276123 2.791e-07 0.09825148 4.033088 
2408568032 2.791e-08 0.351092 1.644313 
1134132465 2.791e-08 0.101455 3.972905 
3888264012 1.458727e-08 0.26870177313718613 0.7312982268628139 
3708838243 2.791e-08 0.1149092 3.739326 
129185354 2.791e-08 0.2149142 2.564938 
2312786130 1.458727e-08 0.2481338277858285 0.7518661722141715 
1586980658 2.791e-08 0.1375346 3.402195 
1931993247 1.458727e-08 0.2481338277858285 0.7518661722141715 
375852842 1.4e-08 0.26870177313718613 0.7312982268628139 
1415695418 2.791e-08 0.1402355 3.365717 
1664502715 1.399999e-08 0.39314173695838356 0.6068582630416164 
3176785673 2.791e-08 0.192084 2.775594 
3736894086 2.791e-08 0.2112936 2.596808 
2620740164 2.791e-08 0.2222729 2.501788 
2962530363 1.458727e-08 0.26870177313718613 0.7312982268628139 
1963165541 2.791e-08 0.2316902 2.423954 
690117576 1.458727e-08 0.26870177313718613 0.7312982268628139 
476505668 3.0701e-07 0.11975863636363639 0.8802413636363636 
2911053862 2.791e-08 0.218574 2.533265 
90391199 4.249727e-08 0.16618386607058247 0.8338161339294176 
126484229 2.791e-08 0.1208945 3.644085 
4031050948 3.0701e-07 0.18168074545454546 0.8183192545454545 
315200650 2.791e-08 0.2204186 2.517502 
2789348510 1.959059e-08 0.21570604220439235 0.7842939577956076 
888311950 2.791e-08 0.185395 2.842078 
3481866093 2.791e-08 0.1137393 3.758521 
739080713 2.791e-08 0.2241369 2.486124 
2489195127 1.461952e-08 0.2898465446324631 0.7101534553675368 
754560055 1.424864e-08 0.12701546049466414 0.8729845395053358 
2681498831 1.45132e-08 0.3448049061437445 0.6551950938562555 
2654473721 1.4e-08 0.1535382816859811 0.8464617183140188 
2326007700 2.791e-08 0.1709223 2.994536 
828787466 2.791e-08 0.1172761 3.701082 
911013108 2.791e-08 0.178864 2.909347 
2063946235 1.458727e-08 0.26870177313718613 0.7312982268628139 
2110688926 1.428292e-08 0.1535382816859811 0.8464617183140188 
3284371529 1.426168e-08 0.3592472000218024 0.6407527999781977 
1471982444 1.458727e-08 0.26870177313718613 0.7312982268628139 
3967778277 1.428292e-08 0.1535382816859811 0.8464617183140188 
2074240873 2.791e-08 0.2654954 2.168487 
2710766136 2.791e-08 0.193781 2.759095 
2261252686 2.791e-08 0.1837474 2.858822 
2622395779 1.456033e-08 0.30315257830431797 0.696847421695682 
4185666246 1.4e-08 0.3152858271758364 0.6847141728241636 
3519923770 2.791e-08 0.1662754 3.046238 
356405251 1.458727e-08 0.26870177313718613 0.7312982268628139 
346987663 1.428292e-08 0.1535382816859811 0.8464617183140188 
2704180049 1.428292e-08 0.1535382816859811 0.8464617183140188 
2065940037 1.426168e-08 0.3592472000218024 0.6407527999781977 
2367820772 1.428292e-08 0.1535382816859811 0.8464617183140188 
4088625113 1.4e-08 0.5129403142430816 0.4870596857569184 
2353028958 1.452644e-08 0.21414871673853922 0.7858512832614608 
1298902656 1.423433e-08 1.0 0.0 
3372193553 1.465267e-08 0.07483192463415657 0.9251680753658434 
