618276123 2.791e-07 0.09825148 4.033088 
1498734392 2.791e-08 0.09933466 4.012522 
2757833455 2.791e-08 0.09724849 4.052334 
266059373 2.791e-08 0.1348716 3.438869 
2250757420 2.791e-08 0.109149 3.835792 
4274934102 2.791e-08 0.09828733 4.032403 
3245569981 2.791e-08 0.1125783 3.777765 
2768642543 2.791e-08 0.106907 3.874722 
865537991 2.791e-08 0.1080236 3.855233 
501991070 2.791e-08 0.09621812 4.072314 
2729381062 2.791e-08 0.1057992 3.894261 
1403705120 2.791e-07 0.1090952 3.836717 
843517319 2.791e-08 0.1335543 3.45728 
1507417240 2.791e-08 0.1036097 3.933485 
126484229 2.791e-08 0.1208945 3.644085 
1134132465 2.791e-08 0.101455 3.972905 
769686034 2.791e-08 0.1602168 3.11586 
476505668 2.791e-07 0.1208196 3.645247 
3037779432 2.791e-08 0.1870524 2.825384 
43001897 2.791e-08 0.1322464 3.47574 
3384709749 2.791e-08 0.1160882 3.720179 
2190522392 2.791e-08 0.1296587 3.512807 
2956861855 2.791e-08 0.1587266 3.133389 
3462747 2.791e-08 0.1572462 3.150966 
29350397 2.791e-08 0.1114263 3.797059 
3012070026 2.791e-08 0.1887197 2.808738 
1533953788 2.791e-08 0.1485673 3.257459 
3443220506 2.791e-08 0.1184731 3.682034 
3800257563 2.791e-07 0.1334549 3.458677 
3303338876 1.405249e-08 0.1935431930654535 0.8064568069345465 
2856850640 2.791e-08 0.1740694 2.960313 
3481866093 2.791e-08 0.1137393 3.758521 
3869596591 1.46505e-08 0.21054849090909095 0.7894515090909091 
690117576 1.405249e-08 0.1935431930654535 0.8064568069345465 
3491092596 1.46505e-08 0.21054849090909095 0.7894515090909091 
3708838243 2.791e-08 0.1149092 3.739326 
1634407402 1.46505e-08 0.21054849090909095 0.7894515090909091 
2263814062 2.791e-08 0.31853 1.826881 
326805806 2.791e-08 0.2077123 2.628873 
1768543625 2.791e-08 0.1003905 3.992689 
2875471576 1.405249e-08 0.1935431930654535 0.8064568069345465 
2261252686 2.791e-08 0.1837474 2.858822 
4188445920 2.791e-08 0.1954879 2.742646 
3108364485 2.791e-08 0.1678146 3.028955 
3382444416 2.791e-08 0.2374566 2.377842 
4226750145 2.791e-08 0.1804819 2.892456 
2429525676 2.791e-08 0.1047001 3.913848 
2710766136 2.791e-08 0.193781 2.759095 
2215785330 1.46505e-08 0.21054849090909095 0.7894515090909091 
1738909006 1.405249e-08 0.1935431930654535 0.8064568069345465 
474866315 2.091e-08 0.15977033450502154 0.8402296654949785 
1227575429 2.791e-08 0.2875111 2.019059 
1236021306 2.791e-08 0.1258471 3.568774 
3537925318 1.46505e-08 0.21054849090909095 0.7894515090909091 
4028593304 2.791e-08 0.1429745 3.329435 
2962530363 1.405249e-08 0.1935431930654535 0.8064568069345465 
3519923770 2.791e-08 0.1662754 3.046238 
2328232000 1.46505e-08 0.21054849090909095 0.7894515090909091 
3288380490 1.405249e-08 0.1935431930654535 0.8064568069345465 
251961497 2.791e-08 0.1632265 3.080951 
265770918 2.791e-08 0.1647461 3.06357 
3279231079 2.791e-08 0.2167392 2.549077 
3736894086 2.791e-08 0.2112936 2.596808 
3122982648 1.405249e-08 0.1935431930654535 0.8064568069345465 
810769555 2.791e-08 0.3072659 1.894413 
443746396 2.791e-08 0.2024141 2.677339 
392861532 2.791e-08 0.1416002 3.347551 
739080713 2.791e-08 0.2241369 2.486124 
3475245566 2.791e-08 0.1499896 3.239587 
811613008 2.791e-08 0.209498 2.612816 
4031050948 4.869231999999999e-07 0.1747206141766579 0.825279385823342 
1998372786 2.091e-08 0.29053061991869916 0.7094693800813008 
3632514288 1.551056e-08 0.08963221323085677 0.9103677867691432 
2545005546 2.791e-08 0.1543144 3.186267 
3083717413 1.431889e-08 0.17250543740774021 0.8274945625922598 
1035956119 1.414644e-08 0.5170626103012788 0.48293738969872124 
1415695418 2.791e-08 0.1402355 3.365717 
3428193420 2.791e-08 0.2433092 2.332171 
911013108 2.791e-08 0.178864 2.909347 
3113062634 1.472778e-08 0.3354322759632908 0.6645677240367092 
1370908750 2.091e-08 0.20805523515064567 0.7919447648493543 
199935986 2.791e-08 0.177256 2.926287 
1026028388 1.4e-08 0.21054849090909095 0.7894515090909091 
997905375 2.791e-08 0.1196792 3.663035 
3016084464 1.571509e-08 0.09814263443809856 0.9018573655619014 
907719639 1.40024e-08 0.08195698629132521 0.9180430137086748 
1586980658 2.791e-08 0.1375346 3.402195 
611212867 1.46505e-08 0.21054849090909095 0.7894515090909091 
3434666020 1.430674e-08 0.6588076211165738 0.34119237888342624 
