3919026803 2.791e-08 0.09519618 4.092343 
3708838243 2.791e-08 0.1149092 3.739326 
3015378843 2.791e-08 0.1221188 3.625184 
1498734392 2.791e-08 0.09933466 4.012522 
501991070 2.791e-08 0.09621812 4.072314 
3481866093 2.791e-08 0.1137393 3.758521 
3384709749 2.791e-08 0.1160882 3.720179 
90391199 2.791e-08 0.1233524 3.606331 
476505668 3.0701e-07 0.12150680909090911 0.878493190909091 
997905375 2.791e-08 0.1196792 3.663035 
2555962951 2.791e-07 0.147027 3.277007 
1128709694 2.791e-08 0.1245951 3.587528 
921425487 2.791e-08 0.1457517 3.293348 
3108364485 2.791e-08 0.1678146 3.028955 
1236021306 2.791e-08 0.1258471 3.568774 
43001897 2.791e-08 0.1322464 3.47574 
3838279446 2.791e-08 0.1756578 2.943275 
2768642543 2.791e-08 0.106907 3.874722 
2190522392 2.791e-08 0.1296587 3.512807 
2669757562 2.791e-08 0.1514215 3.221765 
1507417240 2.791e-08 0.1036097 3.933485 
2729381062 2.791e-08 0.1057992 3.894261 
1403705120 2.791e-07 0.1090952 3.836717 
865537991 2.791e-08 0.1080236 3.855233 
3245569981 2.791e-08 0.1125783 3.777765 
1347872676 2.791e-08 0.213099 2.580848 
2250757420 2.791e-08 0.109149 3.835792 
911013108 2.791e-08 0.178864 2.909347 
3396227953 1.469432e-08 0.1756575554360732 0.8243424445639268 
3012070026 2.791e-08 0.1887197 2.808738 
1768543625 2.791e-08 0.1003905 3.992689 
2440120768 2.791e-08 0.2532535 2.257034 
4274934102 2.791e-08 0.09828733 4.032403 
3833318790 2.791e-08 0.1821097 2.875614 
1415695418 2.791e-08 0.1402355 3.365717 
3709881891 5.582e-08 0.1316534 0.8683466 
3824069879 2.791e-08 0.1557754 3.168592 
2710766136 2.791e-08 0.193781 2.759095 
754869367 2.791e-08 0.1388803 3.383931 
3475245566 2.791e-08 0.1499896 3.239587 
2326007700 2.791e-08 0.1709223 2.994536 
3268335666 2.791e-08 0.172491 2.9774 
769686034 2.791e-08 0.1602168 3.11586 
1239791232 2.791e-08 0.1989312 2.709894 
3443220506 2.791e-08 0.1184731 3.682034 
2545005546 2.791e-08 0.1543144 3.186267 
821115011 1.433799e-08 0.6820045775070283 0.31799542249297175 
2856850640 2.791e-08 0.1740694 2.960313 
1149406307 2.091e-08 0.31626509999999963 0.6837349000000004 
3462747 2.791e-08 0.1572462 3.150966 
126484229 2.791e-08 0.1208945 3.644085 
392861532 2.791e-08 0.1416002 3.347551 
1866926464 2.791e-08 0.1528631 3.203992 
1963165541 2.791e-08 0.2316902 2.423954 
426576124 2.791e-07 0.1615568 0.8384431999999999 
3528190190 1.46505e-08 0.24853056363636364 0.7514694363636364 
4088625113 1.46505e-08 0.24853056363636364 0.7514694363636364 
4028593304 2.791e-08 0.1429745 3.329435 
2159618959 2.091e-08 0.32538739999999994 0.6746126000000001 
29350397 5.582e-08 0.14434115 0.85565885 
3392858646 2.791e-08 0.1102832 3.816401 
1896745001 1.741e-08 0.1724195957782884 0.8275804042217116 
1227575429 2.791e-08 0.2875111 2.019059 
3037779432 2.791e-08 0.1870524 2.825384 
266059373 2.791e-08 0.1348716 3.438869 
1037584679 2.791e-08 0.3463526 1.669806 
2870037616 2.4236740000000004e-08 0.41254870283709766 0.5874512971629023 
315200650 2.791e-08 0.2204186 2.517502 
2472898255 1.4e-08 0.5702914797183085 0.4297085202816915 
828787466 2.791e-08 0.1172761 3.701082 
2519559028 3.0701e-07 0.19387605454545456 0.8061239454545455 
2744143284 1.4e-08 0.33323502306156505 0.666764976938435 
1601889739 1.4e-08 0.5628444233571427 0.4371555766428573 
3696843781 2.091e-08 0.2264411979196557 0.7735588020803443 
3940915008 1.4e-08 0.31377091135002 0.68622908864998 
810769555 2.791e-08 0.3072659 1.894413 
290926289 2.791e-08 0.2336027 2.408534 
2620740164 2.791e-08 0.2222729 2.501788 
3797386594 1.406239e-08 0.1426649574576101 0.8573350425423899 
3176785673 2.791e-08 0.192084 2.775594 
4093093422 1.71072e-08 0.4250762239875607 0.5749237760124393 
4287239676 1.46505e-08 0.24853056363636364 0.7514694363636364 
300193622 2.791e-08 0.1443583 3.311367 
3519923770 2.791e-08 0.1662754 3.046238 
1134132465 2.791e-08 0.101455 3.972905 
3562383954 1.405858e-08 0.3318464825652312 0.6681535174347688 
242414939 2.791e-08 0.382543 1.483389 
755060644 1.4e-08 0.3332350230615649 0.6667649769384352 
2328187860 1.447886e-08 0.31434485464718687 0.6856551453528131 
1218250404 1.469432e-08 0.1756575554360732 0.8243424445639268 
1211996162 1.469432e-08 0.1756575554360732 0.8243424445639268 
