618276123 2.791e-07 0.09825148 4.033088 
1768543625 2.791e-08 0.1003905 3.992689 
2250757420 2.791e-08 0.109149 3.835792 
2429525676 2.791e-08 0.1047001 3.913848 
29350397 2.791e-08 0.1114263 3.797059 
300193622 2.791e-08 0.1443583 3.311367 
126484229 2.791e-08 0.1208945 3.644085 
501991070 2.791e-08 0.09621812 4.072314 
3015378843 2.791e-08 0.1221188 3.625184 
865537991 2.791e-08 0.1080236 3.855233 
1037584679 2.791e-08 0.3463526 1.669806 
1382686479 1.610784e-08 0.0985378506056678 0.9014621493943322 
2999719241 1.472778e-08 0.10909518436471738 0.8909048156352826 
432337108 1.46505e-08 0.17525822283420378 0.8247417771657962 
4226750145 2.791e-08 0.1804819 2.892456 
3778036871 1.465418e-08 0.1494945226925897 0.8505054773074103 
916523109 2.791e-08 0.1309479 3.494249 
392861532 2.791e-08 0.1416002 3.347551 
3986570268 1.46505e-08 0.17525822283420378 0.8247417771657962 
3012070026 2.791e-08 0.1887197 2.808738 
3592986772 1.46505e-08 0.17525822283420378 0.8247417771657962 
3485819286 1.610784e-08 0.0985378506056678 0.9014621493943322 
754869367 2.791e-08 0.1388803 3.383931 
1498734392 2.791e-08 0.09933466 4.012522 
1998372786 1.46505e-08 0.17525822283420378 0.8247417771657962 
2533881277 1.465418e-08 0.1494945226925897 0.8505054773074103 
3245569981 2.791e-08 0.1125783 3.777765 
43001897 2.791e-08 0.1322464 3.47574 
739080713 2.791e-08 0.2241369 2.486124 
528880979 1.465418e-08 0.1494945226925897 0.8505054773074103 
4028593304 2.791e-08 0.1429745 3.329435 
921425487 2.791e-08 0.1457517 3.293348 
2669757562 2.791e-08 0.1514215 3.221765 
251961497 4.256418e-08 0.15849879545550494 0.8415012045444951 
1405660995 1.465418e-08 0.1494945226925897 0.8505054773074103 
2757833455 2.791e-08 0.09724849 4.052334 
888311950 2.791e-08 0.185395 2.842078 
843517319 2.641895e-08 0.14109192503865595 0.858908074961344 
2455922112 1.46505e-08 0.17525822283420378 0.8247417771657962 
3708838243 2.791e-08 0.1149092 3.739326 
728028737 2.791e-08 0.1617168 3.098381 
1236021306 2.791e-08 0.1258471 3.568774 
2369258877 1.438148e-08 0.24179212646777798 0.758207873532222 
199935986 7.054778e-08 0.166902166423706 0.833097833576294 
2501379955 1.465418e-08 0.1494945226925897 0.8505054773074103 
1533953788 2.791e-08 0.1485673 3.257459 
385785803 5.582e-08 0.15356035 0.84643965 
2504591099 2.791e-08 0.2006677 2.693592 
3888264012 1.741e-08 0.2391593259217534 0.7608406740782466 
3869596591 1.472778e-08 0.10909518436471738 0.8909048156352826 
3302973195 1.438148e-08 0.24179212646777798 0.758207873532222 
4032129539 2.930836e-08 0.1494945226925897 0.8505054773074103 
659524895 2.791e-08 0.2738405 2.110437 
1743198400 1.738827e-08 0.04922131593372049 0.9507786840662795 
2312786130 1.472778e-08 0.10909518436471738 0.8909048156352826 
253808213 2.791e-08 0.1471547 3.275379 
769686034 9.773e-08 0.18518837291625953 0.8148116270837404 
2261252686 2.791e-08 0.1837474 2.858822 
2916276788 2.091e-08 0.2095029500000002 0.7904970499999998 
2729381062 2.791e-08 0.1057992 3.894261 
463844675 1.4e-08 0.29769056952370826 0.7023094304762918 
1026028388 1.472778e-08 0.10909518436471738 0.8909048156352826 
997905375 2.791e-08 0.1196792 3.663035 
476505668 6.7207525e-07 0.13513154417388726 0.8648684558261127 
695939830 1.439972e-08 0.08481003771529735 0.9151899622847026 
3268335666 2.791e-08 0.172491 2.9774 
1869365069 1.465418e-08 0.1494945226925897 0.8505054773074103 
1803925302 1.4e-08 0.17525822283420378 0.8247417771657962 
