3015378843 2.791e-08 0.1221188 3.625184 
3443220506 2.791e-08 0.1184731 3.682034 
1533953788 2.791e-08 0.1485673 3.257459 
43001897 2.791e-08 0.1322464 3.47574 
1498734392 2.791e-08 0.09933466 4.012522 
3384709749 2.791e-08 0.1160882 3.720179 
2956861855 2.791e-08 0.1587266 3.133389 
828787466 2.791e-08 0.1172761 3.701082 
90391199 2.791e-08 0.1233524 3.606331 
3708838243 2.791e-08 0.1149092 3.739326 
251961497 2.791e-08 0.1632265 3.080951 
2173231515 2.091e-08 0.07134802415112386 0.9286519758488762 
2250757420 2.791e-08 0.109149 3.835792 
4226750145 2.791e-08 0.1804819 2.892456 
2729381062 2.791e-08 0.1057992 3.894261 
740082705 2.091e-08 0.07134802415112386 0.9286519758488762 
102901530 2.791e-08 0.3117474 1.867253 
1507417240 1.4e-08 0.20655333764285716 0.7934466623571428 
2250775120 1.420345e-08 0.35731951368213705 0.642680486317863 
2757833455 2.791e-08 0.09724849 4.052334 
2261252686 2.791e-08 0.1837474 2.858822 
811613008 2.791e-08 0.209498 2.612816 
754869367 2.791e-08 0.1388803 3.383931 
3604532305 1.446232e-08 0.35731948844106143 0.6426805115589386 
3228084226 2.791e-08 0.102528 3.953171 
3245569981 2.791e-08 0.1125783 3.777765 
4274934102 2.791e-08 0.09828733 4.032403 
2298477853 2.791e-08 0.2059364 2.644979 
2286860921 1.555694e-08 0.20975467724473626 0.7902453227552637 
3490627259 2.791e-08 0.2041703 2.661134 
911013108 2.791e-08 0.178864 2.909347 
3709881891 2.791e-08 0.1271084 3.550069 
552634658 1.451546e-08 0.24632044825509264 0.7536795517449073 
2710766136 2.791e-08 0.193781 2.759095 
1761715697 1.420257e-08 0.1317346956087788 0.8682653043912212 
3458484829 2.845891e-08 0.24632044825509264 0.7536795517449073 
385785803 2.791e-08 0.1361984 3.420508 
2906924538 2.300195e-08 0.6000465263597218 0.3999534736402782 
4028593304 2.791e-08 0.1429745 3.329435 
4031050948 3.3492e-07 0.17599673333333335 0.8240032666666667 
3392858646 2.791e-08 0.1102832 3.816401 
2620740164 2.791e-08 0.2222729 2.501788 
2013640095 1.627333e-08 0.1932755846247913 0.8067244153752087 
550176535 1.4e-08 0.2553896152734905 0.7446103847265095 
1867247157 1.4e-08 0.4331630008861776 0.5668369991138225 
997905375 2.791e-08 0.1196792 3.663035 
1128709694 2.791e-08 0.1245951 3.587528 
2205180068 2.791e-08 0.3323064 1.747461 
3481866093 2.791e-08 0.1137393 3.758521 
3012070026 2.433078e-08 0.21648162644189783 0.7835183735581022 
598947138 2.5805059999999998e-08 0.30863586052502884 0.6913641394749712 
843517319 2.791e-08 0.1335543 3.45728 
3458662533 1.407446e-08 0.2813507587986807 0.7186492412013192 
2135013218 1.407446e-08 0.2813507587986807 0.7186492412013192 
1165174376 1.407446e-08 0.2813507587986807 0.7186492412013192 
776688125 1.4e-08 0.2828471429058343 0.7171528570941657 
2002691604 1.4e-08 0.2828471429058343 0.7171528570941657 
476505668 2.791e-07 0.1208196 3.645247 
