2429525676 2.791e-08 0.1047001 3.913848 
1498734392 2.791e-08 0.09933466 4.012522 
3481866093 2.791e-08 0.1137393 3.758521 
618276123 2.791e-07 0.09825148 4.033088 
29350397 2.791e-08 0.1114263 3.797059 
126484229 2.791e-08 0.1208945 3.644085 
3384709749 2.791e-08 0.1160882 3.720179 
754869367 2.791e-08 0.1388803 3.383931 
997905375 2.791e-08 0.1196792 3.663035 
828787466 2.791e-08 0.1172761 3.701082 
3919026803 2.791e-08 0.09519618 4.092343 
2729381062 2.791e-08 0.1057992 3.894261 
2768642543 2.791e-08 0.106907 3.874722 
266059373 2.791e-08 0.1348716 3.438869 
4028593304 2.791e-08 0.1429745 3.329435 
865537991 2.791e-08 0.1080236 3.855233 
3475245566 2.791e-08 0.1499896 3.239587 
476505668 2.791e-07 0.1208196 3.645247 
4031050948 3.6283e-07 0.17711006923076922 0.8228899307692308 
2669757562 2.791e-08 0.1514215 3.221765 
3428193420 2.791e-08 0.2433092 2.332171 
1128709694 2.791e-08 0.1245951 3.587528 
1403705120 3.0701e-07 0.11039130909090909 0.8896086909090909 
3245569981 2.791e-08 0.1125783 3.777765 
916523109 2.791e-08 0.1309479 3.494249 
3800257563 3.0701e-07 0.1364385818181818 0.8635614181818182 
3709881891 2.791e-08 0.1271084 3.550069 
869234806 1.4000000000000001e-08 0.6441053851428571 0.3558946148571429 
253808213 2.791e-08 0.1471547 3.275379 
300193622 2.791e-08 0.1443583 3.311367 
3357643131 2.791e-08 0.3439935 1.682626 
1236021306 2.791e-08 0.1258471 3.568774 
3279231079 2.791e-08 0.2167392 2.549077 
4212779140 1.41535e-08 0.3676761239343326 0.6323238760656674 
2250757420 2.791e-08 0.109149 3.835792 
1533953788 2.791e-08 0.1485673 3.257459 
3228084226 2.791e-08 0.102528 3.953171 
378125977 1.424046e-08 0.2714994307111191 0.7285005692888809 
43001897 2.791e-08 0.1322464 3.47574 
1945735688 1.424046e-08 0.2714994307111191 0.7285005692888809 
1963165541 2.791e-08 0.2316902 2.423954 
3736894086 2.791e-08 0.2112936 2.596808 
888311950 2.791e-08 0.185395 2.842078 
1866926464 2.791e-08 0.1528631 3.203992 
1347872676 2.791e-08 0.213099 2.580848 
2606325002 2.091e-08 0.27190159588713536 0.7280984041128646 
472358284 1.41535e-08 0.3676761239343326 0.6323238760656674 
3443220506 2.791e-08 0.1184731 3.682034 
1292023300 1.776939e-08 0.27078711490416163 0.7292128850958384 
728028737 2.791e-08 0.1617168 3.098381 
769686034 6.989522999999999e-08 0.1568124304696076 0.8431875695303924 
242414939 2.791e-08 0.382543 1.483389 
1950077488 1.41535e-08 0.3676761239343326 0.6323238760656674 
2919643181 2.791e-08 0.2984017 1.949321 
1019134040 2.791e-08 0.2759494 2.096047 
2298477853 2.791e-08 0.2059364 2.644979 
3108364485 2.791e-08 0.1678146 3.028955 
3981989558 1.4e-08 0.4929276804285714 0.5070723195714286 
1848242772 1.9490140000000003e-08 0.20591556188761043 0.7940844381123896 
2620740164 2.791e-08 0.2222729 2.501788 
1905833305 1.458727e-08 0.31258347699949096 0.687416523000509 
811613008 2.791e-08 0.209498 2.612816 
2504591099 2.791e-08 0.2006677 2.693592 
3293059020 1.424046e-08 0.2714994307111191 0.7285005692888809 
3953846011 2.791e-08 0.2918418 1.991016 
3438744891 1.990395e-08 0.15948159802299372 0.8405184019770062 
927207199 1.482198e-08 0.5649521933063496 0.4350478066936504 
1403954297 1.482198e-08 0.5649521933063496 0.4350478066936504 
3632514288 1.41535e-08 0.3676761239343326 0.6323238760656674 
3593659676 1.4e-08 0.416205634582744 0.5837943654172559 
385785803 2.791e-08 0.1361984 3.420508 
2555962951 3.0701e-07 0.14640959090909092 0.8535904090909091 
3891448235 2.791e-08 0.2552706 2.242153 
4274934102 2.791e-08 0.09828733 4.032403 
2067231467 1.4e-08 0.3114492997334956 0.6885507002665043 
3416864524 1.412193e-08 0.30876021877101345 0.6912397812289865 
326805806 2.791e-08 0.2077123 2.628873 
392861532 2.791e-08 0.1416002 3.347551 
517786421 1.431225e-08 1.0 0.0 
1878784256 2.791e-08 0.2355249 2.393164 
3775520932 1.442474e-08 0.2925234445463757 0.7074765554536243 
