1134132465 2.791e-08 0.101455 3.972905 
3443220506 2.791e-08 0.1184731 3.682034 
476505668 2.791e-07 0.1208196 3.645247 
1768543625 2.791e-08 0.1003905 3.992689 
3708838243 2.791e-08 0.1149092 3.739326 
2429525676 2.791e-08 0.1047001 3.913848 
3481866093 2.791e-08 0.1137393 3.758521 
3228084226 2.791e-08 0.102528 3.953171 
769686034 2.791e-08 0.1602168 3.11586 
618276123 2.791e-07 0.09825148 4.033088 
2956861855 2.791e-08 0.1587266 3.133389 
916523109 2.791e-08 0.1309479 3.494249 
2555962951 2.9535813e-07 0.1480895398240773 0.8519104601759226 
843517319 2.791e-08 0.1335543 3.45728 
3824069879 2.791e-08 0.1557754 3.168592 
1586980658 2.791e-08 0.1375346 3.402195 
1239791232 2.791e-08 0.1989312 2.709894 
3015378843 2.3303739999999998e-08 0.1462570260395971 0.8537429739604029 
1913762779 1.453458e-08 0.24819289318532503 0.751807106814675 
2757833455 2.791e-08 0.09724849 4.052334 
2729381062 2.791e-08 0.1057992 3.894261 
4069401935 1.41298e-08 0.3443837346436784 0.6556162653563216 
2669757562 2.791e-08 0.1514215 3.221765 
2298477853 2.791e-08 0.2059364 2.644979 
1072840122 1.453458e-08 0.24819289318532503 0.751807106814675 
3815024321 1.46257e-08 0.26778683392461816 0.7322131660753819 
1866926464 2.791e-08 0.1528631 3.203992 
199935986 2.791e-08 0.177256 2.926287 
253808213 2.791e-08 0.1471547 3.275379 
630280293 1.465497e-08 0.1615713612427635 0.8384286387572365 
1403705120 2.791e-07 0.1090952 3.836717 
997905375 2.791e-08 0.1196792 3.663035 
1035492323 2.4269459999999998e-08 0.27530877856367636 0.7246912214363237 
2870158420 2.791e-08 0.2780672 2.081706 
90391199 2.791e-08 0.1233524 3.606331 
3707879645 1.465497e-08 0.1615713612427635 0.8384286387572365 
3800257563 3.3492e-07 0.13746761666666668 0.8625323833333334 
3838279446 2.791e-08 0.1756578 2.943275 
2746930994 1.465497e-08 0.1615713612427635 0.8384286387572365 
1444500749 2.791e-08 0.3899476 1.447429 
3349724438 1.465497e-08 0.1615713612427635 0.8384286387572365 
4212779140 1.465497e-08 0.1615713612427635 0.8384286387572365 
2875471576 1.4e-08 0.3253989500000001 0.6746010499999999 
538453177 1.465497e-08 0.1615713612427635 0.8384286387572365 
72955594 1.413469e-08 0.42383255466884984 0.5761674453311502 
406745133 1.453458e-08 0.24819289318532503 0.751807106814675 
659524895 1.3955e-07 0.28676271999999997 0.71323728 
1503202005 1.439302e-08 0.18672999181531905 0.813270008184681 
443746396 2.791e-08 0.2024141 2.677339 
