4274934102 2.791e-08 0.09828733 4.032403 
2768642543 2.791e-08 0.106907 3.874722 
828787466 2.791e-08 0.1172761 3.701082 
2757833455 2.791e-08 0.09724849 4.052334 
3015378843 2.791e-08 0.1221188 3.625184 
1134132465 2.791e-08 0.101455 3.972905 
4028593304 2.791e-08 0.1429745 3.329435 
2250757420 2.791e-08 0.109149 3.835792 
29350397 2.791e-08 0.1114263 3.797059 
126484229 2.791e-08 0.1208945 3.644085 
43001897 2.791e-08 0.1322464 3.47574 
865537991 2.791e-08 0.1080236 3.855233 
2956861855 2.791e-08 0.1587266 3.133389 
997905375 2.791e-08 0.1196792 3.663035 
2555962951 2.791e-07 0.147027 3.277007 
2916276788 1.734937e-08 0.04764703590101542 0.9523529640989846 
392861532 2.791e-08 0.1416002 3.347551 
3228084226 2.791e-08 0.102528 3.953171 
90391199 2.791e-08 0.1233524 3.606331 
476505668 3.0701e-07 0.12580489090909092 0.874195109090909 
1768543625 2.791e-08 0.1003905 3.992689 
3833318790 2.791e-08 0.1821097 2.875614 
2211003714 1.734937e-08 0.04764703590101542 0.9523529640989846 
1403705120 2.791e-07 0.1090952 3.836717 
3708838243 2.791e-08 0.1149092 3.739326 
1586980658 2.791e-08 0.1375346 3.402195 
2729381062 2.791e-08 0.1057992 3.894261 
3108364485 2.791e-08 0.1678146 3.028955 
3392858646 2.791e-08 0.1102832 3.816401 
266059373 2.791e-08 0.1348716 3.438869 
2519559028 2.9644937000000003e-07 0.18500478909855667 0.8149952109014433 
3642829293 1.458727e-08 0.4081372981166782 0.5918627018833218 
2911053862 2.791e-08 0.218574 2.533265 
251961497 2.791e-08 0.1632265 3.080951 
3824069879 1.433252e-08 0.6611594714676833 0.3388405285323167 
501991070 2.791e-08 0.09621812 4.072314 
1498734392 2.791e-08 0.09933466 4.012522 
728028737 2.791e-08 0.1617168 3.098381 
2190522392 2.791e-08 0.1296587 3.512807 
315200650 2.791e-08 0.2204186 2.517502 
1128709694 2.791e-08 0.1245951 3.587528 
3481866093 2.791e-08 0.1137393 3.758521 
4093093422 1.408571e-08 0.29583061627622087 0.7041693837237791 
199935986 2.791e-08 0.177256 2.926287 
2429525676 2.791e-08 0.1047001 3.913848 
1382686479 1.447508e-08 0.2746192166666666 0.7253807833333334 
3059103076 1.456079e-08 0.27300271007186644 0.7269972899281336 
300193622 2.791e-08 0.1443583 3.311367 
1249238030 1.408571e-08 0.29583061627622087 0.7041693837237791 
921425487 5.582e-08 0.16230785 0.83769215 
3800257563 2.791e-07 0.1334549 3.458677 
618276123 3.3492e-07 0.10093177500000002 0.8990682249999999 
3736894086 2.791e-08 0.2112936 2.596808 
769686034 2.791e-08 0.1602168 3.11586 
129185354 2.791e-08 0.2149142 2.564938 
1347872676 2.791e-08 0.213099 2.580848 
15308464 1.734937e-08 0.04764703590101542 0.9523529640989846 
4188445920 2.791e-08 0.1954879 2.742646 
1960974751 1.412845e-08 0.30789241734983597 0.692107582650164 
1019134040 2.791e-08 0.2759494 2.096047 
474866315 1.458727e-08 0.4081372981166782 0.5918627018833218 
2504591099 2.791e-08 0.2006677 2.693592 
3933289935 2.791e-08 0.316261 1.84029 
3434666020 1.412845e-08 0.30789241734983597 0.692107582650164 
1086559163 1.4e-08 0.4695712164539529 0.5304287835460471 
2545005546 2.791e-08 0.1543144 3.186267 
695939830 1.4e-08 0.5169982612142858 0.4830017387857142 
1425083048 2.791e-08 0.4766794 1.070723 
174500547 1.447508e-08 0.2746192166666666 0.7253807833333334 
1664502715 2.791e-08 0.1972046 2.726246 
175860597 2.0554910000000002e-08 0.19138194686346233 0.8086180531365377 
579073438 1.412845e-08 0.30789241734983597 0.692107582650164 
3707800333 1.412845e-08 0.30789241734983597 0.692107582650164 
2622395779 1.412845e-08 0.30789241734983597 0.692107582650164 
754869367 2.791e-08 0.1388803 3.383931 
3126241903 2.791e-08 0.5782491 0.708406 
253808213 2.791e-08 0.1471547 3.275379 
393090083 1.412845e-08 0.30789241734983597 0.692107582650164 
2733144751 1.4e-08 0.28393842644082845 0.7160615735591715 
3633199892 1.768403e-08 0.14652529806554274 0.8534747019344573 
