90391199 2.791e-08 0.1233524 3.606331 
3708838243 2.791e-08 0.1149092 3.739326 
2298477853 2.791e-08 0.2059364 2.644979 
300193622 2.791e-08 0.1443583 3.311367 
1768543625 2.791e-08 0.1003905 3.992689 
828787466 2.791e-08 0.1172761 3.701082 
2429525676 2.791e-08 0.1047001 3.913848 
392861532 2.791e-08 0.1416002 3.347551 
843517319 2.791e-08 0.1335543 3.45728 
1128709694 2.791e-08 0.1245951 3.587528 
3443220506 2.791e-08 0.1184731 3.682034 
2768642543 2.791e-08 0.106907 3.874722 
1866926464 2.791e-08 0.1528631 3.203992 
2956861855 5.582e-08 0.1656088 0.8343912 
2545005546 2.791e-08 0.1543144 3.186267 
3392858646 2.791e-08 0.1102832 3.816401 
1494850122 1.472778e-08 0.14702697892841576 0.8529730210715842 
2014426858 1.432164e-08 0.22981421892803894 0.770185781071961 
2504591099 2.791e-08 0.2006677 2.693592 
916523109 2.791e-08 0.1309479 3.494249 
627452446 1.4e-08 0.22981421892803894 0.770185781071961 
1621314342 2.377916e-08 0.126789169335321 0.873210830664679 
1403705120 2.791e-07 0.1090952 3.836717 
1415695418 2.791e-08 0.1402355 3.365717 
579073438 1.470503e-08 0.22673667635145794 0.773263323648542 
1236021306 2.791e-08 0.1258471 3.568774 
43001897 2.791e-08 0.1322464 3.47574 
739080713 2.791e-08 0.2241369 2.486124 
3108364485 2.791e-08 0.1678146 3.028955 
2909632847 1.472778e-08 0.14702697892841576 0.8529730210715842 
4188445920 2.791e-08 0.1954879 2.742646 
1674415855 1.46505e-08 0.1361614312663155 0.8638385687336845 
73116178 1.503869e-08 0.3870611142458213 0.6129388857541787 
1507417240 2.791e-08 0.1036097 3.933485 
754869367 2.791e-08 0.1388803 3.383931 
607396504 1.657934e-08 0.23359359990995615 0.7664064000900439 
2185291493 1.46505e-08 0.1361614312663155 0.8638385687336845 
3527214469 1.503869e-08 0.3870611142458213 0.6129388857541787 
3414514926 1.472778e-08 0.14702697892841576 0.8529730210715842 
3554620561 1.503869e-08 0.3870611142458213 0.6129388857541787 
2711965517 1.450596e-08 0.20735012476413756 0.7926498752358624 
1371202285 1.4e-08 0.2868905672229711 0.7131094327770289 
2066612683 1.470503e-08 0.22673667635145794 0.773263323648542 
1593891639 1.400001e-08 0.7046713760204457 0.2953286239795543 
4061687915 1.4e-08 0.5129399478571428 0.4870600521428572 
4028593304 2.791e-08 0.1429745 3.329435 
997905375 2.791e-08 0.1196792 3.663035 
785216844 2.456062e-08 0.2851926000000002 0.7148073999999998 
1745749016 2.570615e-08 0.20735012476413756 0.7926498752358624 
2649056468 1.43908e-08 0.15046981402856985 0.8495301859714302 
1420914473 1.431889e-08 0.07561273952528245 0.9243872604747175 
4226750145 2.791e-08 0.1804819 2.892456 
3089865955 1.503869e-08 0.3870611142458213 0.6129388857541787 
1292024166 1.4e-08 0.109071495 0.890928505 
3986570268 2.091e-08 0.10907149499999999 0.890928505 
552634658 1.4e-08 0.1361614312663155 0.8638385687336845 
629078091 1.405324e-08 0.2868905672229711 0.7131094327770289 
2533881277 1.657934e-08 0.23359359990995615 0.7664064000900439 
2348040613 1.46505e-08 0.1361614312663155 0.8638385687336845 
224410298 1.503869e-08 0.3870611142458213 0.6129388857541787 
3372193553 1.490151e-08 0.2301047930302324 0.7698952069697675 
3824069879 2.791e-08 0.1557754 3.168592 
1128056158 1.4e-08 0.14702697892841576 0.8529730210715842 
772925454 1.472778e-08 0.14702697892841576 0.8529730210715842 
4138371369 1.403225e-08 0.08609017225652543 0.9139098277434745 
1086559163 1.432604e-08 0.3836262301717668 0.6163737698282332 
250347941 1.444e-08 0.20531473267791503 0.794685267322085 
4267941538 1.4e-08 0.2301047930302324 0.7698952069697675 
3940915008 1.444e-08 0.20531473267791503 0.794685267322085 
932943525 1.444e-08 0.20531473267791503 0.794685267322085 
1837088337 1.577709e-08 0.35463362082070277 0.6453663791792972 
3438744891 1.4e-08 0.2991170825467312 0.7008829174532688 
3876565829 1.426768e-08 0.17806937373886436 0.8219306262611357 
1931993247 1.472778e-08 0.14702697892841576 0.8529730210715842 
1134132465 2.791e-08 0.101455 3.972905 
2542288242 1.426768e-08 0.17806937373886436 0.8219306262611357 
