865537991 2.791e-08 0.1080236 3.855233 
1236021306 2.791e-08 0.1258471 3.568774 
501991070 2.791e-08 0.09621812 4.072314 
1134132465 2.791e-08 0.101455 3.972905 
754869367 2.791e-08 0.1388803 3.383931 
3392858646 2.791e-08 0.1102832 3.816401 
2190522392 2.791e-08 0.1296587 3.512807 
3443220506 2.791e-08 0.1184731 3.682034 
997905375 2.791e-08 0.1196792 3.663035 
426576124 2.791e-07 0.1615568 3.100238 
3015378843 2.791e-08 0.1221188 3.625184 
1415695418 2.791e-08 0.1402355 3.365717 
618276123 2.791e-07 0.09825148 4.033088 
3708838243 2.791e-08 0.1149092 3.739326 
1866926464 2.791e-08 0.1528631 3.203992 
1498734392 2.791e-08 0.09933466 4.012522 
300193622 2.791e-08 0.1443583 3.311367 
3228084226 2.791e-08 0.102528 3.953171 
4188445920 2.791e-08 0.1954879 2.742646 
251961497 2.791e-08 0.1632265 3.080951 
2856850640 2.791e-08 0.1740694 2.960313 
3384709749 2.791e-08 0.1160882 3.720179 
4274934102 2.791e-08 0.09828733 4.032403 
392861532 2.791e-08 0.1416002 3.347551 
2757833455 2.791e-08 0.09724849 4.052334 
2429525676 2.791e-08 0.1047001 3.913848 
43001897 2.791e-08 0.1322464 3.47574 
126484229 2.791e-08 0.1208945 3.644085 
1227575429 2.791e-08 0.2875111 2.019059 
3245569981 2.791e-08 0.1125783 3.777765 
3838279446 2.791e-08 0.1756578 2.943275 
1434594601 2.791e-08 0.1903969 2.792141 
3481866093 2.791e-08 0.1137393 3.758521 
2729381062 2.791e-08 0.1057992 3.894261 
385785803 2.791e-08 0.1361984 3.420508 
1586980658 2.791e-08 0.1375346 3.402195 
3108364485 2.791e-08 0.1678146 3.028955 
1035492323 5.582e-08 0.24632570000000004 0.7536742999999999 
4226750145 2.791e-08 0.1804819 2.892456 
443746396 2.791e-08 0.2024141 2.677339 
2956861855 2.791e-08 0.1587266 3.133389 
3519923770 2.791e-08 0.1662754 3.046238 
911013108 2.791e-08 0.178864 2.909347 
3709881891 2.791e-08 0.1271084 3.550069 
2681375347 2.791e-08 0.1283789 3.531414 
265770918 2.791e-08 0.1647461 3.06357 
888311950 2.791e-08 0.185395 2.842078 
2250757420 2.791e-08 0.109149 3.835792 
476505668 5.582e-07 0.12713725 0.87286275 
242414939 2.791e-08 0.382543 1.483389 
29350397 2.791e-08 0.1114263 3.797059 
732124878 2.791e-08 0.2512458 2.271963 
3475245566 2.791e-08 0.1499896 3.239587 
1458665800 2.791e-08 0.2962067 1.96317 
199935986 2.791e-08 0.177256 2.926287 
3268335666 2.791e-08 0.172491 2.9774 
3059144981 1.472778e-08 0.290419758377677 0.709580241622323 
3176785673 2.791e-08 0.192084 2.775594 
2298477853 2.791e-08 0.2059364 2.644979 
2480932170 5.582e-08 0.37641325000000003 0.62358675 
2766526296 1.446657e-08 0.17976417982105553 0.8202358201789445 
2906924538 2.791e-08 0.2452792 2.317046 
2870158420 2.791e-08 0.2780672 2.081706 
1736323711 1.472778e-08 0.290419758377677 0.709580241622323 
1128709694 2.791e-08 0.1245951 3.587528 
728028737 2.791e-08 0.1617168 3.098381 
1061526795 1.426567e-08 0.45844371499950287 0.5415562850004971 
811613008 2.791e-08 0.209498 2.612816 
326805806 2.791e-08 0.2077123 2.628873 
3177521820 1.4e-08 0.5298545641592646 0.4701454358407354 
4031050948 2.791e-07 0.1770594 2.928368 
551137729 1.437323e-08 0.2749132151079233 0.7250867848920767 
283080478 1.472778e-08 0.290419758377677 0.709580241622323 
238807518 1.40119e-08 0.11668669253708494 0.883313307462915 
3006103420 1.4779710000000001e-08 0.2893993392995927 0.7106006607004073 
2980075456 1.426567e-08 0.45844371499950287 0.5415562850004971 
2046636587 1.713667e-08 1.0 0.0 
3189348033 1.4e-08 0.9999999999999999 1.1102230246251565e-16 
3168933829 1.621892e-08 0.2415405220104205 0.7584594779895795 
3012070026 2.791e-08 0.1887197 2.808738 
3872525629 1.600009e-08 0.27935662664463407 0.7206433733553659 
769315986 1.42299e-08 0.2876149040757001 0.7123850959242999 
3182159117 1.48316e-08 0.4301518180266049 0.5698481819733952 
2025893757 1.407398e-08 0.14041878871938476 0.8595812112806153 
3197676583 2.392419e-08 0.302537960825424 0.697462039174576 
2501379955 1.456593e-08 0.4379974161789459 0.5620025838210541 
2272534990 1.509941e-08 0.11967210862874776 0.8803278913712522 
301219709 1.511936e-08 0.2828981060732454 0.7171018939267546 
2542835646 1.4000010000000003e-08 0.7189870028664265 0.2810129971335735 
1768543625 2.791e-08 0.1003905 3.992689 
1441326850 1.4e-08 0.45570316151964363 0.5442968384803564 
1382686479 1.445401e-08 0.13716131578710689 0.8628386842128931 
4088691616 1.401311e-08 0.09891396565635922 0.9010860343436408 
312808672 1.4e-08 1.0 0.0 
3357643131 1.399999e-08 0.6857761030543593 0.3142238969456407 
3356410364 1.4e-08 0.33969311937750324 0.6603068806224968 
451270221 1.4e-08 0.5298541856919892 0.47014581430801083 
2269474534 1.4e-08 0.5 0.5 
