3392858646 2.791e-08 0.1102832 3.816401 
3228084226 2.791e-08 0.102528 3.953171 
501991070 2.791e-08 0.09621812 4.072314 
392861532 2.791e-08 0.1416002 3.347551 
3443220506 2.791e-08 0.1184731 3.682034 
3015378843 2.791e-08 0.1221188 3.625184 
3919026803 2.791e-08 0.09519618 4.092343 
3245569981 2.791e-08 0.1125783 3.777765 
2757833455 2.791e-08 0.09724849 4.052334 
90391199 2.791e-08 0.1233524 3.606331 
1768543625 2.791e-08 0.1003905 3.992689 
1134132465 2.791e-08 0.101455 3.972905 
1415695418 2.791e-08 0.1402355 3.365717 
2545005546 2.791e-08 0.1543144 3.186267 
769686034 2.791e-08 0.1602168 3.11586 
2956861855 2.791e-08 0.1587266 3.133389 
828787466 2.791e-08 0.1172761 3.701082 
754869367 2.791e-08 0.1388803 3.383931 
2429525676 2.791e-08 0.1047001 3.913848 
43001897 2.791e-08 0.1322464 3.47574 
476505668 2.791e-07 0.1208196 3.645247 
385785803 2.791e-08 0.1361984 3.420508 
3384709749 2.791e-08 0.1160882 3.720179 
865537991 2.791e-08 0.1080236 3.855233 
253808213 2.791e-08 0.1471547 3.275379 
251961497 2.791e-08 0.1632265 3.080951 
1533953788 2.791e-08 0.1485673 3.257459 
4274934102 2.791e-08 0.09828733 4.032403 
1236021306 2.791e-08 0.1258471 3.568774 
3475245566 2.791e-08 0.1499896 3.239587 
4028593304 2.791e-08 0.1429745 3.329435 
916523109 2.791e-08 0.1309479 3.494249 
2620740164 2.791e-08 0.2222729 2.501788 
129185354 2.791e-08 0.2149142 2.564938 
741863299 2.791e-08 0.3028172 1.921769 
1239791232 2.791e-08 0.1989312 2.709894 
29350397 2.791e-08 0.1114263 3.797059 
265770918 2.791e-08 0.1647461 3.06357 
300193622 2.791e-08 0.1443583 3.311367 
843517319 2.791e-08 0.1335543 3.45728 
2326007700 2.791e-08 0.1709223 2.994536 
2250757420 2.791e-08 0.109149 3.835792 
2261252686 2.791e-08 0.1837474 2.858822 
3481866093 2.791e-08 0.1137393 3.758521 
3519923770 2.791e-08 0.1662754 3.046238 
3709881891 2.791e-08 0.1271084 3.550069 
426576124 3.0701e-07 0.16283870909090908 0.8371612909090909 
3037779432 2.791e-08 0.1870524 2.825384 
1866926464 1.4e-08 0.30474350864285715 0.6952564913571428 
3833318790 2.791e-08 0.1821097 2.875614 
3004792470 3.0701e-07 0.2321686090909091 0.7678313909090909 
164438789 2.791e-08 0.2278942 2.454941 
443746396 2.791e-08 0.2024141 2.677339 
888311950 2.791e-08 0.185395 2.842078 
1565786989 1.424198e-08 0.464942016536475 0.535057983463525 
3428193420 2.791e-08 0.2433092 2.332171 
1037584679 2.791e-08 0.3463526 1.669806 
2856850640 2.791e-08 0.1740694 2.960313 
3737780296 6.4531512e-07 0.2339908770645149 0.7660091229354851 
3492274228 1.4e-08 0.21626128202979544 0.7837387179702046 
3562383954 1.423543e-08 0.3548743357843595 0.6451256642156404 
266059373 2.791e-08 0.1348716 3.438869 
732124878 2.791e-08 0.2512458 2.271963 
2190522392 2.791e-08 0.1296587 3.512807 
3268335666 2.791e-08 0.172491 2.9774 
3121292019 1.424198e-08 0.464942016536475 0.535057983463525 
3279231079 2.791e-08 0.2167392 2.549077 
3891448235 1.400001e-08 0.5088998112144206 0.4911001887855794 
3294683754 1.423543e-08 0.3548743357843595 0.6451256642156404 
1347872676 2.791e-08 0.213099 2.580848 
326805806 2.791e-08 0.2077123 2.628873 
1434594601 2.2825819999999998e-08 0.2328055456058096 0.7671944543941904 
739080713 2.791e-08 0.2241369 2.486124 
921425487 5.582e-08 0.1672357 0.8327643 
4287239676 1.459313e-08 0.3875714578332849 0.612428542166715 
