4274934102 2.791e-08 0.09828733 4.032403 
1533953788 2.791e-08 0.1485673 3.257459 
3384709749 2.791e-08 0.1160882 3.720179 
2681375347 2.791e-08 0.1283789 3.531414 
392861532 2.791e-08 0.1416002 3.347551 
43001897 2.791e-08 0.1322464 3.47574 
3462747 5.582e-08 0.18608019999999997 0.8139198000000001 
2729381062 2.791e-08 0.1057992 3.894261 
3228084226 2.791e-08 0.102528 3.953171 
266059373 2.791e-08 0.1348716 3.438869 
2250879299 2.791e-08 0.2634319 2.183122 
3176785673 2.791e-08 0.192084 2.775594 
1134132465 2.791e-08 0.101455 3.972905 
865537991 2.791e-08 0.1080236 3.855233 
476505668 2.791e-07 0.1208196 3.645247 
3037779432 2.791e-08 0.1870524 2.825384 
2911053862 2.791e-08 0.218574 2.533265 
2190522392 2.791e-08 0.1296587 3.512807 
126484229 2.791e-08 0.1208945 3.644085 
3392858646 2.791e-08 0.1102832 3.816401 
3708838243 2.791e-08 0.1149092 3.739326 
3012070026 2.791e-08 0.1887197 2.808738 
769686034 2.791e-08 0.1602168 3.11586 
1866926464 2.791e-08 0.1528631 3.203992 
2555962951 2.791e-07 0.147027 3.277007 
511603307 2.791e-08 0.3140002 1.853747 
3475245566 2.791e-08 0.1499896 3.239587 
3245569981 2.791e-08 0.1125783 3.777765 
90391199 2.791e-08 0.1233524 3.606331 
3884425642 1.403975e-08 0.20734816505771284 0.7926518349422872 
2261252686 2.791e-08 0.1837474 2.858822 
501991070 2.791e-08 0.09621812 4.072314 
2074240873 2.791e-08 0.2654954 2.168487 
3443220506 2.791e-08 0.1184731 3.682034 
2250775120 1.403975e-08 0.20734816505771284 0.7926518349422872 
2151269300 1.406823e-08 0.33075492790051186 0.6692450720994881 
253808213 2.791e-08 0.1471547 3.275379 
57770090 1.860667e-08 0.3197618772755834 0.6802381227244165 
1128709694 2.549034e-08 0.13642223842443843 0.8635777615755615 
2919643181 2.791e-08 0.2984017 1.949321 
4226750145 2.791e-08 0.1804819 2.892456 
3815024321 1.4e-08 0.332366885666987 0.667633114333013 
3129006749 2.791e-08 0.3006054 1.93552 
3147695692 2.094975e-08 0.246066177138152 0.753933822861848 
217284033 1.411332e-08 0.32969821412239064 0.6703017858776094 
607396504 1.411332e-08 0.3478760282834009 0.6521239717165991 
1586980658 2.791e-08 0.1375346 3.402195 
3653734512 1.404509e-08 0.3399570698433152 0.6600429301566848 
3149440925 1.403975e-08 0.20734816505771284 0.7926518349422872 
3382444416 2.791e-08 0.2374566 2.377842 
