3228084226 2.791e-08 0.102528 3.953171 
3015378843 2.791e-08 0.1221188 3.625184 
1134132465 2.791e-08 0.101455 3.972905 
2429525676 2.791e-08 0.1047001 3.913848 
2856850640 2.791e-08 0.1740694 2.960313 
501991070 2.791e-08 0.09621812 4.072314 
4274934102 2.791e-08 0.09828733 4.032403 
2956861855 2.791e-08 0.1587266 3.133389 
2669757562 2.791e-08 0.1514215 3.221765 
2757833455 2.791e-08 0.09724849 4.052334 
3245569981 2.791e-08 0.1125783 3.777765 
1236021306 2.791e-08 0.1258471 3.568774 
2914302410 1.411483e-08 0.12116283121927064 0.8788371687807294 
754869367 2.791e-08 0.1388803 3.383931 
90391199 2.791e-08 0.1233524 3.606331 
3800257563 2.791e-07 0.1334549 3.458677 
1498734392 2.791e-08 0.09933466 4.012522 
1533953788 2.791e-08 0.1485673 3.257459 
1403705120 2.791e-07 0.1090952 3.836717 
2555962951 2.791e-07 0.147027 3.277007 
921425487 2.791e-08 0.1457517 3.293348 
300193622 2.791e-08 0.1443583 3.311367 
1434594601 2.791e-08 0.1903969 2.792141 
3443220506 2.791e-08 0.1184731 3.682034 
769686034 2.791e-08 0.1602168 3.11586 
3384709749 2.791e-08 0.1160882 3.720179 
728028737 2.791e-08 0.1617168 3.098381 
392861532 2.791e-08 0.1416002 3.347551 
838860310 2.791e-08 0.2297874 2.439423 
3481866093 5.582e-08 0.12496885 0.87503115 
888311950 5.582e-08 0.19129980000000002 0.8087002 
1866926464 2.791e-08 0.1528631 3.203992 
2466232951 2.791e-08 0.2696497 2.139364 
3519923770 2.791e-08 0.1662754 3.046238 
528880979 1.404397e-08 0.38584419766912104 0.614155802330879 
997905375 2.791e-08 0.1196792 3.663035 
1199222225 1.406311e-08 0.19968715289941208 0.8003128471005879 
287394855 1.464215e-08 0.2511723754699773 0.7488276245300227 
2704180049 1.464215e-08 0.2511723754699773 0.7488276245300227 
451270221 1.411483e-08 0.12116283121927064 0.8788371687807294 
1896745001 1.412623e-08 0.19879489409497444 0.8012051059050256 
1149406307 1.411483e-08 0.12116283121927064 0.8788371687807294 
3607413901 1.447519e-08 0.2761667781040974 0.7238332218959026 
3838279446 2.791e-08 0.1756578 2.943275 
2589646060 2.543833e-08 0.22078669447335977 0.7792133055266403 
2606325002 1.406311e-08 0.19968715289941208 0.8003128471005879 
43001897 2.791e-08 0.1322464 3.47574 
29350397 2.791e-08 0.1114263 3.797059 
1850435983 1.508963e-08 0.24372390823948153 0.7562760917605185 
1586980658 2.791e-08 0.1375346 3.402195 
3160344427 1.4e-08 0.42736670384601 0.57263329615399 
825415804 2.791e-08 0.1693635 3.011721 
360107933 1.4e-08 0.2005873140579465 0.7994126859420535 
199935986 2.791e-08 0.177256 2.926287 
4055959668 1.404397e-08 0.38584419766912104 0.614155802330879 
1249238030 2.075669e-07 0.13131185371190823 0.8686881462880918 
1483909303 1.401449e-08 0.27522689095807346 0.7247731090419265 
1906851972 1.406311e-08 0.19968715289941208 0.8003128471005879 
4061687915 2.791e-08 0.257297 2.227322 
916523109 2.791e-08 0.1309479 3.494249 
739080713 2.791e-08 0.2241369 2.486124 
