2768642543 2.791e-08 0.106907 3.874722 
3015378843 2.791e-08 0.1221188 3.625184 
2681375347 2.791e-08 0.1283789 3.531414 
4028593304 2.791e-08 0.1429745 3.329435 
2729381062 2.791e-08 0.1057992 3.894261 
3919026803 2.791e-08 0.09519618 4.092343 
997905375 2.791e-08 0.1196792 3.663035 
3800257563 2.791e-07 0.1334549 3.458677 
3228084226 2.791e-08 0.102528 3.953171 
501991070 2.791e-08 0.09621812 4.072314 
1768543625 2.791e-08 0.1003905 3.992689 
4274934102 2.791e-08 0.09828733 4.032403 
3384709749 2.791e-08 0.1160882 3.720179 
843517319 2.791e-08 0.1335543 3.45728 
3708838243 2.791e-08 0.1149092 3.739326 
2261252686 2.791e-08 0.1837474 2.858822 
1533953788 2.791e-08 0.1485673 3.257459 
2757833455 2.791e-08 0.09724849 4.052334 
476505668 2.791e-07 0.1208196 3.645247 
3392858646 2.791e-08 0.1102832 3.816401 
443746396 2.791e-08 0.2024141 2.677339 
2250757420 2.791e-08 0.109149 3.835792 
2555962951 2.791e-07 0.147027 3.277007 
828787466 2.791e-08 0.1172761 3.701082 
1586980658 2.791e-08 0.1375346 3.402195 
1403705120 2.791e-07 0.1090952 3.836717 
3245569981 2.791e-08 0.1125783 3.777765 
1128709694 2.791e-08 0.1245951 3.587528 
3736894086 2.791e-08 0.2112936 2.596808 
754869367 2.791e-08 0.1388803 3.383931 
326805806 2.791e-08 0.2077123 2.628873 
2856850640 2.791e-08 0.1740694 2.960313 
2001290253 1.862927e-08 1.0 0.0 
3012070026 2.791e-08 0.1887197 2.808738 
266059373 2.791e-08 0.1348716 3.438869 
3475245566 2.791e-08 0.1499896 3.239587 
3519923770 2.791e-08 0.1662754 3.046238 
29350397 2.791e-08 0.1114263 3.797059 
921425487 2.791e-08 0.1457517 3.293348 
392861532 2.791e-08 0.1416002 3.347551 
426576124 5.3957073e-07 0.14062755298086685 0.8593724470191332 
251961497 2.791e-08 0.1632265 3.080951 
1134132465 2.791e-08 0.101455 3.972905 
3176785673 2.791e-08 0.192084 2.775594 
728028737 2.791e-08 0.1617168 3.098381 
3833318790 2.791e-08 0.1821097 2.875614 
2250879299 5.582e-08 0.26549995 0.7345000500000001 
3004792470 3.0701e-07 0.22948267272727277 0.7705173272727273 
3490627259 2.791e-08 0.2041703 2.661134 
3481866093 2.791e-08 0.1137393 3.758521 
821115011 1.472778e-08 0.290419716755366 0.7095802832446341 
1415695418 1.399999e-08 0.2795696857640613 0.7204303142359387 
618276123 2.791e-07 0.09825148 4.033088 
2848685905 1.458636e-08 0.16024720533429868 0.8397527946657013 
1382686479 1.434323e-08 0.23119350825142276 0.7688064917485773 
315200650 2.791e-08 0.2204186 2.517502 
1227575429 1.3999990000000003e-08 0.5731743237673741 0.4268256762326259 
1507417240 2.791e-08 0.1036097 3.933485 
511603307 2.791e-08 0.3140002 1.853747 
911013108 2.791e-08 0.178864 2.909347 
551137729 1.427543e-08 1.0 0.0 
1327969783 2.791e-08 0.2801941 2.067414 
1458432161 4.1909999999999996e-08 0.332945056167979 0.667054943832021 
4004407106 1.431889e-08 0.14935646883366466 0.8506435311663354 
2906924538 2.791e-08 0.2452792 2.317046 
2545005546 2.791e-08 0.1543144 3.186267 
265770918 2.791e-08 0.1647461 3.06357 
3268335666 2.791e-08 0.172491 2.9774 
1664502715 5.582e-08 0.21254939999999997 0.7874506 
1986278615 2.791e-08 0.3095025 0.6904975 
964813250 1.4e-08 0.38971909207142874 0.6102809079285713 
1037584679 1.4e-08 0.6904786475714286 0.3095213524285714 
2780384598 1.4e-08 0.34566287488870057 0.6543371251112995 
769686034 2.791e-08 0.1602168 3.11586 
2533881277 1.515741e-08 0.1189428195461272 0.8810571804538728 
2519559028 3.0701e-07 0.19206254545454546 0.8079374545454545 
90391199 2.791e-08 0.1233524 3.606331 
3059103076 1.446984e-08 0.22917058262959747 0.7708294173704026 
2584856907 1.4e-08 0.2904197167553661 0.7095802832446338 
1963165541 2.791e-08 0.2316902 2.423954 
651046398 1.916885e-08 0.33756432902860634 0.6624356709713937 
3775452048 1.3999989999999996e-08 0.6810872197051571 0.31891278029484293 
811613008 2.791e-08 0.209498 2.612816 
4138371369 1.550236e-08 0.13746208704720617 0.8625379129527938 
875106938 1.4e-08 0.2311935082514228 0.7688064917485772 
2919535035 2.9301e-08 0.21169735674090892 0.788302643259091 
2135013218 1.4e-08 0.807203650214286 0.19279634978571403 
3382444416 2.791e-08 0.2374566 0.7625434 
2190522392 2.791e-08 0.1296587 3.512807 
77395223 1.434323e-08 0.23119350825142276 0.7688064917485773 
4093093422 2.119813e-08 0.2663684117662384 0.7336315882337616 
