828787466 2.791e-08 0.1172761 3.701082 
501991070 2.791e-08 0.09621812 4.072314 
3708838243 2.791e-08 0.1149092 3.739326 
618276123 2.791e-07 0.09825148 4.033088 
1498734392 2.791e-08 0.09933466 4.012522 
392861532 2.791e-08 0.1416002 3.347551 
1403705120 2.791e-07 0.1090952 3.836717 
1134132465 2.791e-08 0.101455 3.972905 
3869596591 1.472778e-08 0.16155677684603695 0.838443223153963 
4274934102 2.791e-08 0.09828733 4.032403 
2190522392 2.791e-08 0.1296587 3.512807 
217284033 1.472778e-08 0.16155677684603695 0.838443223153963 
3519923770 2.791e-08 0.1662754 3.046238 
2768642543 2.791e-08 0.106907 3.874722 
2911053862 2.791e-08 0.218574 2.533265 
3015378843 2.791e-08 0.1221188 3.625184 
911013108 2.791e-08 0.178864 2.909347 
1507417240 2.791e-08 0.1036097 3.933485 
2757833455 2.791e-08 0.09724849 4.052334 
2681375347 2.791e-08 0.1283789 3.531414 
1866926464 2.791e-08 0.1528631 3.203992 
385785803 2.791e-08 0.1361984 3.420508 
3800257563 3.0701e-07 0.1361614090909091 0.8638385909090909 
3443220506 2.791e-08 0.1184731 3.682034 
300193622 2.791e-08 0.1443583 3.311367 
2961226102 1.462938e-08 0.2727000511477427 0.7272999488522573 
266059373 2.791e-08 0.1348716 3.438869 
843517319 2.791e-08 0.1335543 3.45728 
1239791232 2.791e-08 0.1989312 2.709894 
1533953788 2.791e-08 0.1485673 3.257459 
3592986772 1.420707e-08 0.21530007809624793 0.784699921903752 
432337108 1.424014e-08 0.33455985860829646 0.6654401413917035 
1726701215 1.472778e-08 0.16155677684603695 0.838443223153963 
2138100036 1.472778e-08 0.16155677684603695 0.838443223153963 
3838279446 2.791e-08 0.1756578 2.943275 
1236021306 8.373e-08 0.1723039 0.8276961 
265770918 2.791e-08 0.1647461 3.06357 
2215785330 1.472778e-08 0.16155677684603695 0.838443223153963 
1458665800 2.791e-08 0.2962067 1.96317 
4028593304 2.791e-08 0.1429745 3.329435 
1227575429 1.399999e-08 0.5731743237673742 0.4268256762326258 
3294683754 1.462938e-08 0.2727000511477427 0.7272999488522573 
2898323513 2.091e-08 0.17190805 0.82809195 
3562383954 1.4e-08 0.4353685511209312 0.5646314488790688 
4119421155 1.537571e-08 0.28498669596395876 0.7150133040360412 
1327969783 2.791e-08 0.2801941 2.067414 
3593732192 1.472778e-08 0.16155677684603695 0.838443223153963 
3736601249 2.791e-08 0.2260107 2.470508 
3458484829 1.418633e-08 0.1831101990313068 0.8168898009686932 
253808213 2.791e-08 0.1471547 3.275379 
72955594 2.091e-08 0.17995990260640843 0.8200400973935915 
3288380490 1.446266e-08 0.3592232286209866 0.6407767713790133 
2451350669 2.791e-08 0.3703197 1.544302 
1246511018 1.420707e-08 0.21530007809624793 0.784699921903752 
1199222225 1.4e-08 0.22066575000000002 0.77933425 
1761715697 1.695698e-08 0.22352495825711097 0.7764750417428891 
249728555 1.530738e-08 1.0 0.0 
2087527840 1.404441e-08 0.28911909086809695 0.710880909131903 
1737134642 1.431889e-08 0.0830850948256997 0.9169149051743003 
481808867 1.481601e-08 0.06395629198864382 0.9360437080113562 
249938527 1.456135e-08 0.13730999518359563 0.8626900048164043 
57770090 1.472778e-08 0.16155677684603695 0.838443223153963 
2669757562 2.791e-08 0.1514215 3.221765 
3012070026 2.791e-08 0.1887197 2.808738 
3481866093 2.791e-08 0.1137393 3.758521 
3004792470 1.0067341e-06 0.17891633854412162 0.8210836614558784 
3690557900 1.468225e-08 0.9999999999999964 3.552713678800501e-15 
3428193420 2.791e-08 0.2433092 2.332171 
3532745758 1.462938e-08 0.2727000511477427 0.7272999488522573 
3833318790 2.791e-08 0.1821097 2.875614 
3967778277 1.420724e-08 0.24379742213141706 0.7562025778685829 
896813269 1.462938e-08 0.2727000511477427 0.7272999488522573 
2261252686 2.791e-08 0.1837474 2.858822 
2013640095 1.4e-08 0.43536855112093115 0.5646314488790689 
3830801972 1.439278e-08 0.22023522060007966 0.7797647793999203 
