1415695418 2.791e-08 0.1402355 3.365717 
501991070 2.791e-08 0.09621812 4.072314 
3392858646 2.791e-08 0.1102832 3.816401 
3709881891 2.791e-08 0.1271084 3.550069 
3800257563 2.791e-07 0.1334549 3.458677 
1498734392 2.791e-08 0.09933466 4.012522 
2729381062 2.791e-08 0.1057992 3.894261 
1236021306 2.791e-08 0.1258471 3.568774 
253808213 2.791e-08 0.1471547 3.275379 
1586980658 2.791e-08 0.1375346 3.402195 
266059373 2.791e-08 0.1348716 3.438869 
251961497 2.791e-08 0.1632265 3.080951 
2757833455 2.791e-08 0.09724849 4.052334 
4188445920 2.791e-08 0.1954879 2.742646 
1507417240 2.791e-08 0.1036097 3.933485 
2429525676 2.791e-08 0.1047001 3.913848 
1403705120 2.791e-07 0.1090952 3.836717 
2545005546 2.791e-08 0.1543144 3.186267 
2681375347 2.791e-08 0.1283789 3.531414 
618276123 2.791e-07 0.09825148 4.033088 
3462747 2.791e-08 0.1572462 3.150966 
2768642543 2.791e-08 0.106907 3.874722 
3268335666 2.791e-08 0.172491 2.9774 
2326007700 2.791e-08 0.1709223 2.994536 
754869367 2.791e-08 0.1388803 3.383931 
916523109 2.791e-08 0.1309479 3.494249 
3475245566 2.791e-08 0.1499896 3.239587 
1768543625 2.791e-08 0.1003905 3.992689 
1790255658 2.791e-08 0.3654735 1.569011 
3824069879 2.791e-08 0.1557754 3.168592 
3384709749 2.791e-08 0.1160882 3.720179 
476505668 3.3492e-07 0.12219545 0.87780455 
300193622 2.791e-08 0.1443583 3.311367 
828787466 2.791e-08 0.1172761 3.701082 
3632514288 2.091e-08 0.28643500000000005 0.713565 
2250757420 2.791e-08 0.109149 3.835792 
3015378843 2.791e-08 0.1221188 3.625184 
1878784256 2.791e-08 0.2355249 2.393164 
3176785673 2.791e-08 0.192084 2.775594 
888311950 2.791e-08 0.185395 2.842078 
90391199 2.791e-08 0.1233524 3.606331 
2298477853 2.791e-08 0.2059364 2.644979 
1239791232 2.791e-08 0.1989312 2.709894 
825415804 2.791e-08 0.1693635 3.011721 
3838279446 2.791e-08 0.1756578 2.943275 
2911053862 2.791e-08 0.218574 2.533265 
1156624510 2.637667e-08 0.3065113341069968 0.6934886658930032 
2521380987 1.57422e-08 0.44799076562432594 0.5520092343756741 
629078091 1.709954e-08 0.1003075709967929 0.8996924290032071 
1837088337 1.45099e-08 0.19833812681341706 0.801661873186583 
1869365069 1.436673e-08 0.3643794103471837 0.6356205896528163 
43001897 2.791e-08 0.1322464 3.47574 
249728555 1.4e-08 0.14949628451437746 0.8505037154856225 
126484229 2.791e-08 0.1208945 3.644085 
265770918 2.791e-08 0.1647461 3.06357 
3012070026 2.791e-08 0.1887197 2.808738 
4256642775 1.43938e-08 0.18236693221852615 0.8176330677814738 
290926289 2.791e-08 0.2336027 2.408534 
4028593304 1.400001e-08 0.285029674621661 0.714970325378339 
3037779432 2.791e-08 0.1870524 2.825384 
2261252686 2.791e-08 0.1837474 2.858822 
481808867 1.43938e-08 0.18236693221852615 0.8176330677814738 
392861532 2.791e-08 0.1416002 3.347551 
4167430602 1.879728e-08 0.22612377664083458 0.7738762233591654 
250719570 1.43938e-08 0.18236693221852615 0.8176330677814738 
2681498831 1.43938e-08 0.18236693221852615 0.8176330677814738 
1906851972 1.403417e-08 0.1222169406927877 0.8777830593072123 
1771264541 1.446466e-08 0.30294277419220533 0.6970572258077947 
1922039940 1.472778e-08 0.16155640638353164 0.8384435936164684 
1172086036 1.458727e-08 0.2913850188674939 0.7086149811325061 
2504591099 2.791e-08 0.2006677 2.693592 
164438789 2.791e-08 0.2278942 2.454941 
3481866093 2.791e-08 0.1137393 3.758521 
3302973195 1.43938e-08 0.18236693221852615 0.8176330677814738 
3241671100 2.791e-08 0.3776357 1.507607 
4186562710 1.472778e-08 0.16155640638353164 0.8384435936164684 
224410298 1.472778e-08 0.16155640638353164 0.8384435936164684 
4253718737 1.571671e-08 0.30752940869940326 0.6924705913005967 
3696843781 1.507586e-08 1.0 0.0 
315200650 2.791e-08 0.2204186 2.517502 
1055469694 1.43938e-08 0.18236693221852615 0.8176330677814738 
1621314342 1.462464e-08 0.10139842521316411 0.8986015747868359 
375852842 1.508811e-08 0.28171268264714583 0.7182873173528541 
783121895 2.091e-08 0.150835931061693 0.849164068938307 
2747938267 1.608305e-08 0.13622922473830462 0.8637707752616954 
