3919026803 2.791e-08 0.09519618 4.092343 
2729381062 2.791e-08 0.1057992 3.894261 
1128709694 2.791e-08 0.1245951 3.587528 
43001897 2.791e-08 0.1322464 3.47574 
3245569981 2.791e-08 0.1125783 3.777765 
2710766136 2.791e-08 0.193781 2.759095 
443746396 2.791e-08 0.2024141 2.677339 
921425487 2.791e-08 0.1457517 3.293348 
843517319 2.791e-08 0.1335543 3.45728 
865537991 2.791e-08 0.1080236 3.855233 
1403705120 2.791e-07 0.1090952 3.836717 
3443220506 2.791e-08 0.1184731 3.682034 
29350397 2.791e-08 0.1114263 3.797059 
3709881891 2.791e-08 0.1271084 3.550069 
3393811039 1.97216e-08 0.24632570000000006 0.7536742999999999 
916523109 2.791e-08 0.1309479 3.494249 
2909632847 1.63768e-08 0.24632570000000006 0.7536742999999999 
476505668 2.791e-07 0.1208196 3.645247 
1541946641 2.791e-08 0.3208067 1.813522 
266059373 2.791e-08 0.1348716 3.438869 
3176785673 2.791e-08 0.192084 2.775594 
1768543625 2.791e-08 0.1003905 3.992689 
3330100144 1.706862e-08 0.29178086085483196 0.708219139145168 
3384709749 2.791e-08 0.1160882 3.720179 
2768642543 2.791e-08 0.106907 3.874722 
126484229 2.791e-08 0.1208945 3.644085 
77395223 1.419274e-08 0.18102526586957218 0.8189747341304279 
1498734392 2.161768e-08 0.128248283839894 0.871751716160106 
66296937 1.419274e-08 0.18102526586957218 0.8189747341304279 
879162223 1.4e-08 0.20600235000000014 0.7939976499999999 
1543523724 1.458727e-08 0.167009751505345 0.832990248494655 
3303338876 1.835793e-08 0.9999999999999993 6.661338147750939e-16 
1503861029 2.791e-08 0.2613777 2.197807 
4019363830 1.419274e-08 0.18102526586957218 0.8189747341304279 
3592986772 1.419274e-08 0.18102526586957218 0.8189747341304279 
3986570268 1.419274e-08 0.18102526586957218 0.8189747341304279 
906368509 1.419274e-08 0.18102526586957218 0.8189747341304279 
1837234470 1.419274e-08 0.18102526586957218 0.8189747341304279 
3708838243 2.791e-08 0.1149092 3.739326 
2597880038 1.458727e-08 0.167009751505345 0.832990248494655 
2956861855 1.4e-08 0.3164328147142857 0.6835671852857144 
2892683898 1.419274e-08 0.18102526586957218 0.8189747341304279 
3833318790 2.791e-08 0.1821097 2.875614 
2250757420 2.791e-08 0.109149 3.835792 
326805806 2.791e-08 0.2077123 2.628873 
2027098952 1.50517e-08 0.16185655692322956 0.8381434430767705 
2138100036 2.091e-08 0.29512174999999996 0.70487825 
4274934102 2.7033339999999997e-08 0.10147467461660307 0.8985253253833969 
552498239 1.415404e-08 0.14806146646920557 0.8519385335307944 
3967778277 1.415404e-08 0.14806146646920557 0.8519385335307944 
90391199 2.791e-08 0.1233524 3.606331 
2378434411 1.458727e-08 0.167009751505345 0.832990248494655 
3012889883 1.458727e-08 0.167009751505345 0.832990248494655 
3099973400 1.458727e-08 0.167009751505345 0.832990248494655 
1878784256 1.4e-08 0.4695357113571429 0.5304642886428571 
722767024 1.4e-08 0.25652132577750736 0.7434786742224926 
2475979558 1.415404e-08 0.14806146646920557 0.8519385335307944 
1601889739 1.4e-08 0.29244781876835235 0.7075521812316476 
1314810707 1.4e-08 0.3211442641627062 0.6788557358372938 
1664502715 2.791e-08 0.1972046 2.726246 
3201932102 1.415404e-08 0.14806146646920557 0.8519385335307944 
3459912306 1.5294210000000002e-08 0.25178638693989425 0.7482136130601058 
3449694611 1.415404e-08 0.14806146646920557 0.8519385335307944 
1831065885 1.415404e-08 0.14806146646920557 0.8519385335307944 
2856850640 4.206404e-08 0.1653180453628276 0.8346819546371724 
2622395779 1.424864e-08 0.08548943400357417 0.9145105659964259 
1449522982 1.4e-08 0.09175873328277542 0.9082412667172246 
3279439195 1.4e-08 0.1496905656331282 0.8503094343668718 
