1768543625 2.791e-08 0.1003905 3.992689 
828787466 2.791e-08 0.1172761 3.701082 
2757833455 2.791e-08 0.09724849 4.052334 
476505668 2.791e-07 0.1208196 3.645247 
2681375347 2.791e-08 0.1283789 3.531414 
90391199 2.791e-08 0.1233524 3.606331 
1236021306 2.791e-08 0.1258471 3.568774 
2250757420 2.791e-08 0.109149 3.835792 
1128709694 2.791e-08 0.1245951 3.587528 
3709881891 2.791e-08 0.1271084 3.550069 
2545005546 2.791e-08 0.1543144 3.186267 
253808213 2.791e-08 0.1471547 3.275379 
3919026803 2.791e-08 0.09519618 4.092343 
300193622 2.791e-08 0.1443583 3.311367 
29350397 2.791e-08 0.1114263 3.797059 
769686034 2.791e-08 0.1602168 3.11586 
385785803 2.791e-08 0.1361984 3.420508 
2768642543 2.791e-08 0.106907 3.874722 
315200650 2.791e-08 0.2204186 2.517502 
126484229 2.791e-08 0.1208945 3.644085 
997905375 2.791e-08 0.1196792 3.663035 
1507417240 2.791e-08 0.1036097 3.933485 
426576124 2.791e-07 0.1615568 3.100238 
825415804 2.791e-08 0.1693635 3.011721 
2729381062 2.791e-08 0.1057992 3.894261 
3015378843 2.791e-08 0.1221188 3.625184 
1866926464 2.791e-08 0.1528631 3.203992 
4274934102 2.791e-08 0.09828733 4.032403 
1415695418 2.791e-08 0.1402355 3.365717 
443746396 2.791e-08 0.2024141 2.677339 
2429525676 2.791e-08 0.1047001 3.913848 
4028593304 2.791e-08 0.1429745 3.329435 
266059373 2.791e-08 0.1348716 3.438869 
618276123 2.791e-07 0.09825148 4.033088 
2298477853 2.791e-08 0.2059364 2.644979 
865537991 2.791e-08 0.1080236 3.855233 
1498734392 2.791e-08 0.09933466 4.012522 
4226750145 2.791e-08 0.1804819 2.892456 
3838279446 2.791e-08 0.1756578 2.943275 
3519923770 2.791e-08 0.1662754 3.046238 
2710766136 2.791e-08 0.193781 2.759095 
869234806 2.791e-08 0.3230912 1.800212 
911013108 2.791e-08 0.178864 2.909347 
843517319 2.791e-08 0.1335543 3.45728 
3037779432 2.791e-08 0.1870524 2.825384 
2856850640 2.791e-08 0.1740694 2.960313 
953296898 2.853938e-08 0.40335373596062707 0.5966462640393729 
3443220506 2.791e-08 0.1184731 3.682034 
2190522392 2.791e-08 0.1296587 3.512807 
1239791232 2.791e-08 0.1989312 2.709894 
2326007700 2.791e-08 0.1709223 2.994536 
2956861855 2.791e-08 0.1587266 3.133389 
3475245566 2.791e-08 0.1499896 3.239587 
129185354 2.791e-08 0.2149142 2.564938 
43001897 2.791e-08 0.1322464 3.47574 
2669757562 2.791e-08 0.1514215 3.221765 
3490627259 2.791e-08 0.2041703 2.661134 
3357643131 2.791e-08 0.3439935 1.682626 
501991070 2.791e-08 0.09621812 4.072314 
3802520055 1.458727e-08 0.31519321479933365 0.6848067852006663 
199935986 2.791e-08 0.177256 2.926287 
3176785673 2.791e-08 0.192084 2.775594 
1878784256 2.791e-08 0.2355249 2.393164 
3462747 2.791e-08 0.1572462 3.150966 
4031050948 2.791e-07 0.1770594 2.928368 
3833318790 2.791e-08 0.1821097 2.875614 
265770918 2.791e-08 0.1647461 3.06357 
2620740164 2.791e-08 0.2222729 2.501788 
1837088337 1.458727e-08 0.31519321479933365 0.6848067852006663 
3268335666 2.791e-08 0.172491 2.9774 
3736601249 3.521564000000001e-08 0.1791237824159947 0.8208762175840053 
2451350669 2.791e-08 0.3703197 1.544302 
3421887303 2.791e-08 0.5341594 0.857171 
2555962951 2.791e-07 0.147027 3.277007 
2521380987 1.433472e-08 0.4225924446766414 0.5774075553233586 
2308721517 2.791e-08 0.4559157 1.154261 
3004792470 3.3492e-07 0.2301471666666667 0.7698528333333333 
1871304206 1.464749e-08 0.14393881939271005 0.85606118060729 
2879167783 2.059531e-08 0.3124276566849443 0.6875723433150557 
4185666246 1.464749e-08 0.14393881939271005 0.85606118060729 
1761715697 1.458727e-08 0.31519321479933365 0.6848067852006663 
3824375258 1.464749e-08 0.14393881939271005 0.85606118060729 
3952655669 1.458727e-08 0.26521020618185787 0.7347897938181421 
3696843781 1.919258e-08 0.5036686608053739 0.49633133919462613 
1347872676 2.791e-08 0.213099 2.580848 
3363823620 1.458727e-08 0.31519321479933365 0.6848067852006663 
3663377129 1.4e-08 0.4615261970859278 0.5384738029140722 
