43001897 2.791e-08 0.1322464 3.47574 
3708838243 2.791e-08 0.1149092 3.739326 
2757833455 2.791e-08 0.09724849 4.052334 
618276123 2.791e-07 0.09825148 4.033088 
754869367 2.791e-08 0.1388803 3.383931 
3481866093 2.791e-08 0.1137393 3.758521 
828787466 2.791e-08 0.1172761 3.701082 
3245569981 2.791e-08 0.1125783 3.777765 
266059373 2.791e-08 0.1348716 3.438869 
3384709749 2.791e-08 0.1160882 3.720179 
843517319 2.791e-08 0.1335543 3.45728 
385785803 2.791e-08 0.1361984 3.420508 
1128709694 2.791e-08 0.1245951 3.587528 
3919026803 2.791e-08 0.09519618 4.092343 
501991070 2.791e-08 0.09621812 4.072314 
3392858646 2.791e-08 0.1102832 3.816401 
1134132465 2.791e-08 0.101455 3.972905 
2190522392 2.791e-08 0.1296587 3.512807 
4274934102 2.791e-08 0.09828733 4.032403 
2669757562 2.791e-08 0.1514215 3.221765 
1236021306 2.791e-08 0.1258471 3.568774 
1768543625 2.791e-08 0.1003905 3.992689 
1347872676 2.791e-08 0.213099 2.580848 
1403705120 3.0701e-07 0.11027916363636363 0.8897208363636364 
1507417240 2.791e-08 0.1036097 3.933485 
1415695418 2.791e-08 0.1402355 3.365717 
3824069879 2.791e-08 0.1557754 3.168592 
3838279446 2.791e-08 0.1756578 2.943275 
4028593304 2.791e-08 0.1429745 3.329435 
251961497 2.791e-08 0.1632265 3.080951 
2681375347 2.791e-08 0.1283789 3.531414 
911013108 2.791e-08 0.178864 2.909347 
1498734392 5.582e-08 0.11514128000000001 0.88485872 
315200650 2.791e-08 0.2204186 2.517502 
888311950 2.791e-08 0.185395 2.842078 
1866926464 2.791e-08 0.1528631 3.203992 
1842102965 1.405223e-08 0.38304583218467597 0.6169541678153241 
126484229 2.791e-08 0.1208945 3.644085 
4031050948 6.9775e-07 0.169366852 0.830633148 
1035492323 2.791e-08 0.2393979 2.362569 
997905375 2.791e-08 0.1196792 3.663035 
2429525676 2.791e-08 0.1047001 3.913848 
1963165541 2.791e-08 0.2316902 2.423954 
2250775120 1.472778e-08 0.21100966975855678 0.7889903302414432 
314650893 1.4000010000000003e-08 0.8627558953886459 0.13724410461135406 
2906924538 2.791e-08 0.2452792 2.317046 
2409063466 2.791e-08 0.4404547 1.218974 
4188445920 2.791e-08 0.1954879 2.742646 
3462747 2.791e-08 0.1572462 3.150966 
3279439195 1.4e-08 0.8475022938555045 0.15249770614449554 
2177968201 1.472778e-08 0.21100966975855678 0.7889903302414432 
825415804 2.791e-08 0.1693635 3.011721 
511603307 2.791e-08 0.3140002 1.853747 
921425487 2.791e-08 0.1457517 3.293348 
29350397 2.791e-08 0.1114263 3.797059 
3497999925 1.4000000000000001e-08 0.6486750495714284 0.3513249504285716 
2247026945 1.92553e-08 0.14543101138387873 0.8545689886161213 
1790255658 1.4000000000000001e-08 0.7285975275 0.27140247250000005 
649593533 1.4e-08 0.15202851116071434 0.8479714888392856 
3059144981 1.440351e-08 0.4262572606933723 0.5737427393066277 
2856850640 2.791e-08 0.1740694 2.960313 
1382686479 1.472778e-08 0.21100966975855678 0.7889903302414432 
533433650 1.433427e-08 0.21415812304950282 0.7858418769504971 
2746930994 1.421406e-08 0.06311412941834207 0.936885870581658 
1462644303 1.455515e-08 0.31933774998954706 0.6806622500104529 
2027098952 1.434529e-08 0.29054909310242377 0.7094509068975763 
265770918 2.791e-08 0.1647461 3.06357 
1237914369 1.455515e-08 0.31933774998954706 0.6806622500104529 
4283280385 1.421406e-08 0.06311412941834207 0.936885870581658 
3378187523 1.426731e-08 0.4963100267335852 0.5036899732664148 
4226750145 2.791e-08 0.1804819 2.892456 
2733144751 1.455515e-08 0.31933774998954706 0.6806622500104529 
309459595 1.4e-08 0.31933774998954706 0.6806622500104529 
2555962951 5.8611e-07 0.14414723333333332 0.8558527666666667 
2649056468 1.455515e-08 0.31933774998954706 0.6806622500104529 
1803925302 1.472778e-08 0.21100966975855678 0.7889903302414432 
4013164456 1.569624e-08 0.1428534375474112 0.8571465624525888 
769686034 2.791e-08 0.1602168 3.11586 
2292589682 1.4e-08 0.8426339997142857 0.15736600028571435 
728028737 2.791e-08 0.1617168 3.098381 
1220275327 2.0248100000000002e-08 0.30616617381893074 0.6938338261810693 
66064165 1.569323e-08 0.21846823992044198 0.781531760079558 
3662110242 1.92553e-08 0.14543101138387873 0.8545689886161213 
2348040613 1.455515e-08 0.31933774998954706 0.6806622500104529 
1499007652 2.145384e-08 0.2502356146291933 0.7497643853708067 
4088625113 1.455515e-08 0.31933774998954706 0.6806622500104529 
3176785673 2.791e-08 0.192084 2.775594 
