2729381062 2.791e-08 0.1057992 3.894261 
2190522392 2.791e-08 0.1296587 3.512807 
3919026803 2.791e-08 0.09519618 4.092343 
3392858646 2.791e-08 0.1102832 3.816401 
2326007700 2.791e-08 0.1709223 2.994536 
1134132465 2.791e-08 0.101455 3.972905 
90391199 2.791e-08 0.1233524 3.606331 
997905375 2.791e-08 0.1196792 3.663035 
3228084226 2.791e-08 0.102528 3.953171 
501991070 2.791e-08 0.09621812 4.072314 
385785803 2.791e-08 0.1361984 3.420508 
2681375347 2.791e-08 0.1283789 3.531414 
43001897 2.791e-08 0.1322464 3.47574 
3268335666 2.791e-08 0.172491 2.9774 
476505668 2.791e-07 0.1208196 3.645247 
828787466 2.791e-08 0.1172761 3.701082 
618276123 2.791e-07 0.09825148 4.033088 
3708838243 2.791e-08 0.1149092 3.739326 
4028593304 2.791e-08 0.1429745 3.329435 
3443220506 2.791e-08 0.1184731 3.682034 
3824069879 2.791e-08 0.1557754 3.168592 
2250757420 2.791e-08 0.109149 3.835792 
1403705120 2.791e-07 0.1090952 3.836717 
728028737 2.791e-08 0.1617168 3.098381 
2429525676 2.791e-08 0.1047001 3.913848 
865537991 2.791e-08 0.1080236 3.855233 
1533953788 2.791e-08 0.1485673 3.257459 
1128709694 2.791e-08 0.1245951 3.587528 
843517319 3.77729e-08 0.09868187279769357 0.9013181272023064 
2856850640 2.791e-08 0.1740694 2.960313 
911013108 2.791e-08 0.178864 2.909347 
1768543625 2.791e-08 0.1003905 3.992689 
426576124 2.791e-07 0.1615568 3.100238 
3800257563 3.0701e-07 0.13287794545454545 0.8671220545454545 
3245569981 2.791e-08 0.1125783 3.777765 
3838279446 2.791e-08 0.1756578 2.943275 
3015378843 2.791e-08 0.1221188 3.625184 
3462747 2.791e-08 0.1572462 3.150966 
3519923770 2.791e-08 0.1662754 3.046238 
2669757562 2.791e-08 0.1514215 3.221765 
921425487 2.791e-08 0.1457517 3.293348 
199935986 2.791e-08 0.177256 2.926287 
1963165541 2.791e-08 0.2316902 2.423954 
2542835646 2.791e-08 0.360653 1.593916 
2504591099 2.791e-08 0.2006677 2.693592 
2261252686 2.791e-08 0.1837474 2.858822 
326805806 2.791e-08 0.2077123 2.628873 
392861532 5.582e-08 0.15317315 0.84682685 
511603307 2.791e-08 0.3140002 1.853747 
3129006749 2.791e-08 0.3006054 1.93552 
769686034 2.791e-08 0.1602168 3.11586 
1586980658 2.791e-08 0.1375346 3.402195 
1664502715 2.791e-08 0.1972046 2.726246 
3475245566 2.791e-08 0.1499896 3.239587 
1866926464 2.791e-08 0.1528631 3.203992 
825415804 2.791e-08 0.1693635 3.011721 
126484229 2.791e-08 0.1208945 3.644085 
315200650 2.791e-08 0.2204186 2.517502 
2674988631 1.40779e-08 0.10845147599373262 0.8915485240062674 
2620740164 2.791e-08 0.2222729 2.501788 
1458432161 2.791e-08 0.2832152 2.047297 
2555962951 3.0701e-07 0.14592196363636364 0.8540780363636363 
3481866093 2.791e-08 0.1137393 3.758521 
2956861855 2.791e-08 0.1587266 3.133389 
1236021306 2.791e-08 0.1258471 3.568774 
1246511018 1.449881e-08 0.35507679263975933 0.6449232073602407 
3841896594 2.791e-08 0.5653596 0.75069 
4069401935 1.449881e-08 0.35507679263975933 0.6449232073602407 
405521437 2.791e-08 0.3487188 1.657035 
164438789 2.791e-08 0.2278942 2.454941 
732124878 2.791e-08 0.2512458 2.271963 
1371202285 1.445408e-08 0.4032302079518724 0.5967697920481276 
3176785673 2.791e-08 0.192084 2.775594 
1239791232 2.791e-08 0.1989312 2.709894 
888311950 2.791e-08 0.185395 2.842078 
3012070026 2.791e-08 0.1887197 2.808738 
463844675 1.725091e-08 0.43964496652932117 0.5603550334706788 
916523109 2.791e-08 0.1309479 3.494249 
771359632 1.4e-08 0.3305635803870575 0.6694364196129425 
3401497744 1.449881e-08 0.35507679263975933 0.6449232073602407 
741863299 2.791e-08 0.3028172 1.921769 
2480932170 2.791e-08 0.3751908 1.51979 
356405251 1.4e-08 0.18626366639564962 0.8137363336043504 
1651612823 2.791e-08 0.2413488 2.347346 
4186562710 1.4e-08 0.44754416918055534 0.5524558308194447 
2205180068 2.791e-08 0.3323064 1.747461 
1019134040 1.4000000000000001e-08 0.5501248395714285 0.44987516042857145 
6723929 2.791e-08 0.4200375 0.5799624999999999 
1621314342 1.40138e-08 0.3899445344755558 0.6100554655244441 
937177227 1.477325e-08 0.2777349401451949 0.722265059854805 
2151269300 1.472778e-08 0.1770593619363607 0.8229406380636393 
3418547556 1.411444e-08 0.10218849535544966 0.8978115046445503 
2597880038 1.445408e-08 0.4032302079518724 0.5967697920481276 
3108364485 2.791e-08 0.1678146 3.028955 
1285693762 1.458479e-08 0.2926191471339358 0.7073808528660642 
474866315 1.80471e-08 0.36722873514304233 0.6327712648569577 
871205577 1.4e-08 0.3903289083738246 0.6096710916261754 
1737134642 1.445408e-08 0.4032302079518724 0.5967697920481276 
149784911 1.418204e-08 0.2054824864459908 0.7945175135540092 
2932274237 1.4e-08 0.8729635973571428 0.1270364026428572 
302486611 1.412566e-08 0.20836439803036022 0.7916356019696398 
3187199216 1.412566e-08 0.20836439803036022 0.7916356019696398 
1285693762 1.412566e-08 0.20836439803036022 0.7916356019696398 
817087088 1.412566e-08 0.20836439803036022 0.7916356019696398 
4096225443 1.445408e-08 0.4032302079518724 0.5967697920481276 
1601889739 1.454031e-08 0.6830680123271013 0.31693198767289865 
3330100144 1.412566e-08 0.20836439803036022 0.7916356019696398 
3321237907 1.412566e-08 0.20836439803036022 0.7916356019696398 
249728555 1.443429e-08 0.14212849071551148 0.8578715092844885 
1218250404 1.412566e-08 0.20836439803036022 0.7916356019696398 
1211996162 1.412566e-08 0.20836439803036022 0.7916356019696398 
114837353 1.40138e-08 0.3899445344755558 0.6100554655244441 
1347872676 2.791e-08 0.213099 2.580848 
2710766136 2.791e-08 0.193781 2.759095 
3467386575 1.4e-08 0.39032918718038706 0.6096708128196129 
