2757833455 2.791e-08 0.09724849 4.052334 
4274934102 2.791e-08 0.09828733 4.032403 
1768543625 2.791e-08 0.1003905 3.992689 
392861532 2.791e-08 0.1416002 3.347551 
501991070 2.791e-08 0.09621812 4.072314 
3443220506 2.791e-08 0.1184731 3.682034 
253808213 2.791e-08 0.1471547 3.275379 
916523109 2.791e-08 0.1309479 3.494249 
3709881891 2.791e-08 0.1271084 3.550069 
2729381062 2.791e-08 0.1057992 3.894261 
385785803 2.791e-08 0.1361984 3.420508 
1507417240 2.791e-08 0.1036097 3.933485 
3708838243 2.791e-08 0.1149092 3.739326 
754869367 2.791e-08 0.1388803 3.383931 
4028593304 2.791e-08 0.1429745 3.329435 
2545005546 2.791e-08 0.1543144 3.186267 
266059373 2.791e-08 0.1348716 3.438869 
3475245566 2.791e-08 0.1499896 3.239587 
3268335666 2.791e-08 0.172491 2.9774 
2856850640 2.791e-08 0.1740694 2.960313 
739080713 2.791e-08 0.2241369 2.486124 
2768642543 2.791e-08 0.106907 3.874722 
1128709694 2.791e-08 0.1245951 3.587528 
1498734392 2.791e-08 0.09933466 4.012522 
126484229 2.791e-08 0.1208945 3.644085 
265770918 2.791e-08 0.1647461 3.06357 
843517319 2.791e-08 0.1335543 3.45728 
4226750145 2.791e-08 0.1804819 2.892456 
43001897 2.791e-08 0.1322464 3.47574 
3833318790 5.582e-08 0.1922619 0.8077381 
1236021306 2.791e-08 0.1258471 3.568774 
90391199 2.791e-08 0.1233524 3.606331 
1134132465 2.791e-08 0.101455 3.972905 
3519923770 2.791e-08 0.1662754 3.046238 
3736894086 2.791e-08 0.2112936 2.596808 
3823443426 2.791e-08 0.2472586 2.301969 
997905375 2.791e-08 0.1196792 3.663035 
1878784256 2.791e-08 0.2355249 2.393164 
3384709749 2.791e-08 0.1160882 3.720179 
511603307 2.791e-08 0.3140002 1.853747 
4188445920 2.791e-08 0.1954879 2.742646 
1239791232 2.791e-08 0.1989312 2.709894 
921425487 2.791e-08 0.1457517 3.293348 
1664502715 2.791e-08 0.1972046 2.726246 
2429525676 2.791e-08 0.1047001 3.913848 
4061687915 2.791e-08 0.257297 2.227322 
769686034 2.791e-08 0.1602168 3.11586 
3004792470 3.0701e-07 0.2245618 0.7754382 
2298477853 2.791e-08 0.2059364 2.644979 
1593891639 2.791e-08 0.3534721 1.63164 
3108364485 2.791e-08 0.1678146 3.028955 
865537991 2.791e-08 0.1080236 3.855233 
3037779432 2.791e-08 0.1870524 2.825384 
1533953788 2.791e-08 0.1485673 3.257459 
811613008 2.791e-08 0.209498 2.612816 
3490627259 2.791e-08 0.2041703 2.661134 
3228084226 2.791e-08 0.102528 3.953171 
2312786130 2.211294e-08 0.33509685342609347 0.6649031465739066 
629078091 1.46505e-08 0.1753927818181818 0.8246072181818183 
1586980658 2.791e-08 0.1375346 3.402195 
3279231079 2.791e-08 0.2167392 2.549077 
2261252686 2.791e-08 0.1837474 2.858822 
313359544 1.419861e-08 0.2911007428809083 0.7088992571190917 
2250757420 2.791e-08 0.109149 3.835792 
2440120768 2.791e-08 0.2532535 2.257034 
3824069879 2.791e-08 0.1557754 3.168592 
2533881277 1.95162e-08 0.42360341649501443 0.5763965835049856 
3563522875 1.46505e-08 0.1753927818181818 0.8246072181818183 
1541925803 1.46505e-08 0.1753927818181818 0.8246072181818183 
3449694611 1.621588e-08 0.2477074719657521 0.7522925280342478 
2367820772 1.472778e-08 0.12081958268440238 0.8791804173155976 
875106938 1.46505e-08 0.1753927818181818 0.8246072181818183 
2911053862 2.791e-08 0.218574 2.533265 
2654473721 1.472778e-08 0.12081958268440238 0.8791804173155976 
3015378843 2.791e-08 0.1221188 3.625184 
3180086772 2.091e-08 0.24230044476327112 0.7576995552367289 
249728555 1.46505e-08 0.1753927818181818 0.8246072181818183 
2704180049 1.472778e-08 0.12081958268440238 0.8791804173155976 
2710766136 2.791e-08 0.193781 2.759095 
4186562710 1.472778e-08 0.12081958268440238 0.8791804173155976 
907719639 1.554316e-08 0.15970900936155846 0.8402909906384415 
199935986 2.791e-08 0.177256 2.926287 
3491092596 1.419861e-08 0.2911007428809083 0.7088992571190917 
1737134642 1.46505e-08 0.1753927818181818 0.8246072181818183 
771359632 1.537828e-08 0.11570892411034833 0.8842910758896516 
287394855 1.472778e-08 0.12081958268440238 0.8791804173155976 
3302973195 1.46505e-08 0.1753927818181818 0.8246072181818183 
283080478 1.4e-08 0.25092922100556686 0.7490707789944331 
