1403705120 2.791e-07 0.1090952 3.836717 
1768543625 2.791e-08 0.1003905 3.992689 
3443220506 2.791e-08 0.1184731 3.682034 
392861532 2.791e-08 0.1416002 3.347551 
3245569981 2.791e-08 0.1125783 3.777765 
3015378843 2.791e-08 0.1221188 3.625184 
1533953788 2.791e-08 0.1485673 3.257459 
2768642543 2.791e-08 0.106907 3.874722 
266059373 2.791e-08 0.1348716 3.438869 
3228084226 2.791e-08 0.102528 3.953171 
253808213 2.791e-08 0.1471547 3.275379 
843517319 2.791e-08 0.1335543 3.45728 
443746396 2.791e-08 0.2024141 2.677339 
4028593304 2.791e-08 0.1429745 3.329435 
865537991 2.791e-08 0.1080236 3.855233 
90391199 2.791e-08 0.1233524 3.606331 
501991070 2.791e-08 0.09621812 4.072314 
43001897 2.791e-08 0.1322464 3.47574 
754869367 2.791e-08 0.1388803 3.383931 
2440120768 2.791e-08 0.2532535 2.257034 
2250757420 2.791e-08 0.109149 3.835792 
921425487 2.791e-08 0.1457517 3.293348 
134948105 1.436217e-08 0.19320109560327048 0.8067989043967295 
3462747 2.791e-08 0.1572462 3.150966 
126484229 2.791e-08 0.1208945 3.644085 
1866926464 2.791e-08 0.1528631 3.203992 
251961497 2.791e-08 0.1632265 3.080951 
300193622 2.791e-08 0.1443583 3.311367 
3392858646 2.791e-08 0.1102832 3.816401 
2620740164 2.791e-08 0.2222729 2.501788 
3519923770 2.791e-08 0.1662754 3.046238 
2879167783 1.4160910000000001e-08 0.31891143410567685 0.6810885658943231 
2429525676 2.791e-08 0.1047001 3.913848 
1035956119 1.421444e-08 0.3354323600917879 0.6645676399082121 
3481866093 2.791e-08 0.1137393 3.758521 
2681375347 2.791e-08 0.1283789 3.531414 
356405251 1.412722e-08 0.319671960678847 0.680328039321153 
2455922112 1.436217e-08 0.19320109560327048 0.8067989043967295 
1902671923 1.436217e-08 0.19320109560327048 0.8067989043967295 
2597880038 1.41622e-08 0.11222322230028085 0.8877767776997192 
3268335666 2.791e-08 0.172491 2.9774 
769686034 2.791e-08 0.1602168 3.11586 
2298477853 2.791e-08 0.2059364 2.644979 
3149440925 8.913441e-08 0.19320109560327045 0.8067989043967295 
472358284 1.429534e-08 0.2937141367856153 0.7062858632143847 
2066612683 1.433716e-08 0.30114294192061664 0.6988570580793834 
888311950 2.791e-08 0.185395 2.842078 
3736894086 2.791e-08 0.2112936 2.596808 
1026028388 1.4e-08 0.23843685000000012 0.7615631499999999 
629078091 1.481458e-08 0.1492148747100455 0.8507851252899545 
1848242772 1.433716e-08 0.30114294192061664 0.6988570580793834 
110358663 1.621996e-08 0.1710723688122797 0.8289276311877203 
1236021306 2.791e-08 0.1258471 3.568774 
309459595 1.437701e-08 0.29371353437595904 0.706286465624041 
916523109 2.791e-08 0.1309479 3.494249 
1759850032 1.4e-08 0.3494559740449296 0.6505440259550703 
728028737 2.791e-08 0.1617168 3.098381 
2341758500 1.468939e-08 0.159593536976839 0.840406463023161 
426576124 3.0701e-07 0.16103121818181818 0.8389687818181818 
378125977 2.414584e-08 0.27108203318109764 0.7289179668189023 
2980075456 1.467269e-08 0.15977518138338703 0.840224818616613 
4287239676 1.437701e-08 0.29371353437595904 0.706286465624041 
3433591204 1.433716e-08 0.30114294192061664 0.6988570580793834 
3526559023 1.4e-08 0.2693368872017893 0.7306631127982107 
37613351 1.4938160000000003e-08 0.14798045399044765 0.8520195460095523 
114837353 1.467269e-08 0.15977518138338703 0.840224818616613 
1503202005 1.4e-08 0.45528345789907904 0.544716542100921 
3730019172 1.4e-08 0.4552834578990791 0.5447165421009209 
3783228500 1.40167e-08 0.26901598955710326 0.7309840104428967 
3302973195 1.433716e-08 0.30114294192061664 0.6988570580793834 
4278040469 1.41435e-08 0.14928138087667503 0.8507186191233249 
3458662533 1.461587e-08 0.21848528094779399 0.781514719052206 
1128056158 2.112444e-08 0.23601641196169 0.76398358803831 
3490627259 2.791e-08 0.2041703 2.661134 
2789301560 1.412358e-08 0.15284844710712822 0.8471515528928718 
1565378304 1.4e-08 0.3494559740449296 0.6505440259550703 
4226750145 1.4e-08 0.35980355921428575 0.6401964407857142 
