3919026803 2.791e-08 0.08987664 4.092343 
2729381062 2.791e-08 0.1115845 3.894261 
1128709694 2.791e-08 0.1451993 3.587528 
43001897 2.791e-08 0.1574502 3.47574 
3245569981 2.791e-08 0.1243512 3.777765 
2710766136 2.791e-08 0.2359872 2.759095 
443746396 2.791e-08 0.244947 2.677339 
921425487 2.791e-08 0.1774384 3.293348 
843517319 2.791e-08 0.1594732 3.45728 
865537991 2.791e-08 0.1158615 3.855233 
1403705120 2.791e-07 0.1178907 3.836717 
3443220506 2.791e-08 0.1348424 3.682034 
29350397 2.791e-08 0.1222369 3.797059 
3709881891 2.791e-08 0.1493044 3.550069 
3393811039 1.97216e-08 0.28522535 0.7147746500000001 
916523109 2.791e-08 0.1554218 3.494249 
2909632847 1.63768e-08 0.28522535 0.7147746500000001 
476505668 2.791e-07 0.1388739 3.645247 
1541946641 2.791e-08 0.3396126 1.813522 
266059373 2.791e-08 0.1614908 3.438869 
3176785673 2.791e-08 0.2341792 2.775594 
1768543625 2.791e-08 0.1007977 3.992689 
3330100144 1.706862e-08 0.3188099605866205 0.6811900394133795 
3384709749 2.791e-08 0.130662 3.720179 
2768642543 2.791e-08 0.1137257 3.874722 
126484229 2.791e-08 0.1390013 3.644085 
77395223 1.419274e-08 0.21773320534226692 0.7822667946577331 
1498734392 2.161768e-08 0.12733109276758653 0.8726689072324134 
66296937 1.419274e-08 0.21773320534226692 0.7822667946577331 
879162223 1.4e-08 0.24435180000000006 0.7556482 
1543523724 1.458727e-08 0.20456005662608015 0.7954399433739199 
3303338876 1.835793e-08 0.9999999999999993 6.661338147750939e-16 
1503861029 2.791e-08 0.2974989 2.197807 
4019363830 1.419274e-08 0.21773320534226692 0.7822667946577331 
3592986772 1.419274e-08 0.21773320534226692 0.7822667946577331 
3986570268 1.419274e-08 0.21773320534226692 0.7822667946577331 
906368509 1.419274e-08 0.21773320534226692 0.7822667946577331 
1837234470 1.419274e-08 0.21773320534226692 0.7822667946577331 
3708838243 2.791e-08 0.1285638 3.739326 
2597880038 1.458727e-08 0.20456005662608015 0.7954399433739199 
2956861855 1.4e-08 0.38868363107142856 0.6113163689285714 
2892683898 1.419274e-08 0.21773320534226692 0.7822667946577331 
3833318790 2.791e-08 0.2232179 2.875614 
2250757420 2.791e-08 0.117992 3.835792 
326805806 2.791e-08 0.2502583 2.628873 
2027098952 1.50517e-08 0.19824822293959624 0.8017517770604038 
2138100036 2.091e-08 0.32244574999999964 0.6775542500000004 
4274934102 2.7033339999999997e-08 0.09957302327792275 0.9004269767220773 
552498239 1.415404e-08 0.18354377614350803 0.816456223856492 
3967778277 1.415404e-08 0.18354377614350803 0.816456223856492 
90391199 2.791e-08 0.1431386 3.606331 
2378434411 1.458727e-08 0.20456005662608015 0.7954399433739199 
3012889883 1.458727e-08 0.20456005662608015 0.7954399433739199 
3099973400 1.458727e-08 0.20456005662608015 0.7954399433739199 
1878784256 1.4e-08 0.5504045376428571 0.44959546235714287 
722767024 1.4e-08 0.29590496809329236 0.7040950319067076 
2475979558 1.415404e-08 0.18354377614350803 0.816456223856492 
1601889739 1.4e-08 0.32473256979154147 0.6752674302084585 
1314810707 1.4e-08 0.3351980116667664 0.6648019883332337 
1664502715 2.791e-08 0.2395872 2.726246 
3201932102 1.415404e-08 0.18354377614350803 0.816456223856492 
3459912306 1.5294210000000002e-08 0.2816243476452852 0.7183756523547148 
3449694611 1.415404e-08 0.18354377614350803 0.816456223856492 
1831065885 1.415404e-08 0.18354377614350803 0.816456223856492 
2856850640 4.206404e-08 0.20370925206628415 0.7962907479337158 
2622395779 1.424864e-08 0.10471079265178714 0.8952892073482128 
1449522982 1.4e-08 0.1103653847424788 0.8896346152575212 
3279439195 1.4e-08 0.18556328209187561 0.8144367179081244 
