618276123 2.791e-07 0.09637043 4.033088 
1768543625 2.791e-08 0.1007977 3.992689 
2250757420 2.791e-08 0.117992 3.835792 
2429525676 2.791e-08 0.1094379 3.913848 
29350397 2.791e-08 0.1222369 3.797059 
300193622 2.791e-08 0.1754638 3.311367 
126484229 2.791e-08 0.1390013 3.644085 
501991070 2.791e-08 0.09207161 4.072314 
3015378843 2.791e-08 0.1410726 3.625184 
865537991 2.791e-08 0.1158615 3.855233 
1037584679 2.791e-08 0.3553625 1.669806 
1382686479 1.610784e-08 0.10955858085255375 0.8904414191474462 
2999719241 1.472778e-08 0.11789068310416578 0.8821093168958343 
432337108 1.46505e-08 0.21521895531337162 0.7847810446866283 
4226750145 2.791e-08 0.2213722 2.892456 
3778036871 1.465418e-08 0.18150148675060046 0.8184985132493996 
916523109 2.791e-08 0.1554218 3.494249 
392861532 2.791e-08 0.1714984 3.347551 
3986570268 1.46505e-08 0.21521895531337162 0.7847810446866283 
3012070026 2.791e-08 0.2305469 2.808738 
3592986772 1.46505e-08 0.21521895531337162 0.7847810446866283 
3485819286 1.610784e-08 0.10955858085255375 0.8904414191474462 
754869367 2.791e-08 0.1675115 3.383931 
1498734392 2.791e-08 0.09862425 4.012522 
1998372786 1.46505e-08 0.21521895531337162 0.7847810446866283 
2533881277 1.465418e-08 0.18150148675060046 0.8184985132493996 
3245569981 2.791e-08 0.1243512 3.777765 
43001897 2.791e-08 0.1574502 3.47574 
739080713 2.791e-08 0.2659022 2.486124 
528880979 1.465418e-08 0.18150148675060046 0.8184985132493996 
4028593304 2.791e-08 0.1734838 3.329435 
921425487 2.791e-08 0.1774384 3.293348 
2669757562 2.791e-08 0.1852833 3.221765 
251961497 4.256418e-08 0.19410015412280734 0.8058998458771927 
1405660995 1.465418e-08 0.18150148675060046 0.8184985132493996 
2757833455 2.791e-08 0.09426119 4.052334 
888311950 2.791e-08 0.2268932 2.842078 
843517319 2.641895e-08 0.16847365288930863 0.8315263471106914 
2455922112 1.46505e-08 0.21521895531337162 0.7847810446866283 
3708838243 2.791e-08 0.1285638 3.739326 
728028737 2.791e-08 0.1988049 3.098381 
1236021306 2.791e-08 0.1472545 3.568774 
2369258877 1.438148e-08 0.27997848905024586 0.7200215109497541 
199935986 7.054778e-08 0.20121030567946815 0.7987896943205318 
2501379955 1.465418e-08 0.18150148675060046 0.8184985132493996 
1533953788 2.791e-08 0.1813716 3.257459 
385785803 5.582e-08 0.18684420000000002 0.8131558 
2504591099 2.791e-08 0.2431658 2.693592 
3888264012 1.741e-08 0.27801792846169615 0.7219820715383038 
3869596591 1.472778e-08 0.11789068310416578 0.8821093168958343 
3302973195 1.438148e-08 0.27997848905024586 0.7200215109497541 
4032129539 2.930836e-08 0.18150148675060046 0.8184985132493996 
659524895 2.791e-08 0.3070738 2.110437 
1743198400 1.738827e-08 0.06044429769452913 0.9395557023054709 
2312786130 1.472778e-08 0.11789068310416578 0.8821093168958343 
253808213 2.791e-08 0.1794077 3.275379 
769686034 9.773e-08 0.22104375007119942 0.7789562499288005 
2261252686 2.791e-08 0.2250582 2.858822 
2916276788 2.091e-08 0.25201535000000014 0.7479846499999998 
2729381062 2.791e-08 0.1115845 3.894261 
463844675 1.4e-08 0.31326158857020836 0.6867384114297916 
1026028388 1.472778e-08 0.11789068310416578 0.8821093168958343 
997905375 2.791e-08 0.1369245 3.663035 
476505668 6.7207525e-07 0.15808937742032744 0.8419106225796725 
695939830 1.439972e-08 0.09122433693925022 0.9087756630607497 
3268335666 2.791e-08 0.2120632 2.9774 
1869365069 1.465418e-08 0.18150148675060046 0.8184985132493996 
1803925302 1.4e-08 0.21521895531337162 0.7847810446866283 
