29350397 2.791e-08 0.1222369 3.797059 
90391199 2.791e-08 0.1431386 3.606331 
843517319 2.791e-08 0.1594732 3.45728 
1768543625 2.791e-08 0.1007977 3.992689 
1128709694 2.791e-08 0.1451993 3.587528 
2757833455 2.791e-08 0.09426119 4.052334 
126484229 2.791e-08 0.1390013 3.644085 
3228084226 2.791e-08 0.1051285 3.953171 
1498734392 2.791e-08 0.09862425 4.012522 
3481866093 2.791e-08 0.1264602 3.758521 
618276123 2.791e-07 0.09637043 4.033088 
3015378843 2.791e-08 0.1410726 3.625184 
43001897 2.791e-08 0.1574502 3.47574 
2681375347 2.791e-08 0.1513489 3.531414 
865537991 2.791e-08 0.1158615 3.855233 
997905375 2.791e-08 0.1369245 3.663035 
2250757420 2.791e-08 0.117992 3.835792 
769686034 2.791e-08 0.1968894 3.11586 
1507417240 2.791e-08 0.1072859 3.933485 
392861532 2.791e-08 0.1714984 3.347551 
501991070 2.791e-08 0.09207161 4.072314 
828787466 2.791e-08 0.1327549 3.701082 
1533953788 2.791e-08 0.1813716 3.257459 
1403705120 2.791e-07 0.1178907 3.836717 
4028593304 2.791e-08 0.1734838 3.329435 
2768642543 2.791e-08 0.1137257 3.874722 
3519923770 2.791e-08 0.2045193 3.046238 
4083845756 1.519785e-08 0.6828850420125215 0.31711495798747846 
1586980658 2.791e-08 0.16551 3.402195 
3268335666 2.791e-08 0.2120632 2.9774 
3462747 2.791e-08 0.1930422 3.150966 
474866315 1.4e-08 0.37238970000000027 0.6276102999999997 
3919026803 2.791e-08 0.08987664 4.092343 
164438789 1.4e-08 0.5369076603571429 0.4630923396428571 
2190522392 2.791e-08 0.153388 3.512807 
2859795595 2.791e-08 0.4319761 0.970713 
754869367 2.791e-08 0.1675115 3.383931 
1494850122 1.46048e-08 0.390968828006123 0.609031171993877 
1866926464 2.791e-08 0.1872311 3.203992 
1458432161 1.3999989999999998e-08 0.6259683194059424 0.37403168059405756 
476505668 2.791e-07 0.1388739 3.645247 
4274934102 2.791e-08 0.09644541 4.032403 
3063534263 1.4e-08 0.2946391968331073 0.7053608031668928 
2795063678 1.621668e-08 0.5339136730822833 0.4660863269177167 
598947138 2.791e-08 0.3155433 2.033153 
3332562587 1.4e-08 0.5898669079763628 0.41013309202363724 
3012070026 2.791e-08 0.2305469 2.808738 
1878784256 2.791e-08 0.2760897 2.393164 
1420914473 1.446347e-08 0.2851977261102282 0.7148022738897718 
1371202285 1.453458e-08 0.26647482029321057 0.7335251797067894 
2504591099 2.791e-08 0.2431658 2.693592 
1134132465 2.791e-08 0.1029658 3.972905 
2856850640 2.791e-08 0.2139358 2.960313 
3708838243 2.791e-08 0.1285638 3.739326 
2911053862 2.791e-08 0.2607359 2.533265 
1347872676 2.791e-08 0.2555213 2.580848 
1002680420 1.426931e-08 0.1619959490967783 0.8380040509032217 
2205180068 2.791e-08 0.3468522 1.747461 
114837353 1.4e-08 0.3536027813029616 0.6463972186970384 
3037779432 2.791e-08 0.2287227 2.825384 
2620740164 2.791e-08 0.2641855 2.501788 
3176785673 2.791e-08 0.2341792 2.775594 
2795041644 1.446347e-08 0.2851977261102282 0.7148022738897718 
290926289 2.473425e-08 0.30963741095848873 0.6903625890415113 
1737134642 1.453458e-08 0.26647482029321057 0.7335251797067894 
1089013536 1.426931e-08 0.1619959490967783 0.8380040509032217 
2669757562 1.4000000000000003e-08 0.3693754930714285 0.6306245069285715 
3554620561 1.411242e-08 0.3536027813029616 0.6463972186970384 
4226750145 1.4e-08 0.44132129299999995 0.5586787070000001 
110358663 1.562466e-08 0.6642310575558125 0.33576894244418753 
2555962951 3.6283e-07 0.1801603538461539 0.8198396461538461 
4069401935 1.442681e-08 0.3491621854252416 0.6508378145747584 
265770918 2.791e-08 0.2026199 3.06357 
2768208421 1.432965e-08 0.31519453863445873 0.6848054613655412 
3363025910 1.4e-08 0.3598068934510521 0.6401931065489479 
3830801972 1.4e-08 0.29463919683310735 0.7053608031668926 
1230311851 1.4e-08 0.36015030927328756 0.6398496907267124 
220748477 1.40072e-08 0.2641494122289475 0.7358505877710525 
102828162 1.422229e-08 0.13616300868345715 0.8638369913165429 
