4274934102 2.791e-08 0.09644541 4.032403 
1768543625 2.791e-08 0.1007977 3.992689 
3481866093 2.791e-08 0.1264602 3.758521 
3392858646 2.791e-08 0.1201171 3.816401 
3919026803 2.791e-08 0.08987664 4.092343 
4028593304 2.791e-08 0.1734838 3.329435 
1586980658 2.791e-08 0.16551 3.402195 
1498734392 2.791e-08 0.09862425 4.012522 
3384709749 2.791e-08 0.130662 3.720179 
769686034 2.791e-08 0.1968894 3.11586 
29350397 2.791e-08 0.1222369 3.797059 
865537991 2.791e-08 0.1158615 3.855233 
1533953788 2.791e-08 0.1813716 3.257459 
2250757420 2.791e-08 0.117992 3.835792 
3228084226 2.791e-08 0.1051285 3.953171 
2429525676 2.791e-08 0.1094379 3.913848 
1128709694 2.791e-08 0.1451993 3.587528 
126484229 2.791e-08 0.1390013 3.644085 
90391199 2.791e-08 0.1431386 3.606331 
43001897 2.791e-08 0.1574502 3.47574 
3443220506 2.791e-08 0.1348424 3.682034 
501991070 2.791e-08 0.09207161 4.072314 
3037779432 2.791e-08 0.2287227 2.825384 
2190522392 2.791e-08 0.153388 3.512807 
385785803 2.791e-08 0.1635031 3.420508 
2555962951 2.791e-07 0.1792293 3.277007 
2729381062 2.791e-08 0.1115845 3.894261 
618276123 2.791e-07 0.09637043 4.033088 
3245569981 2.791e-08 0.1243512 3.777765 
1415695418 2.791e-08 0.1695076 3.365717 
476505668 2.791e-07 0.1388739 3.645247 
921425487 2.791e-08 0.1774384 3.293348 
916523109 2.791e-08 0.1554218 3.494249 
266059373 2.791e-08 0.1614908 3.438869 
3012070026 2.791e-08 0.2305469 2.808738 
2261252686 2.791e-08 0.2250582 2.858822 
253808213 2.791e-08 0.1794077 3.275379 
2074240873 2.791e-08 0.300712 2.168487 
1507417240 2.791e-08 0.1072859 3.933485 
838860310 2.791e-08 0.2710201 2.439423 
1134132465 2.791e-08 0.1029658 3.972905 
199935986 2.791e-08 0.2176647 2.926287 
3709881891 2.791e-08 0.1493044 3.550069 
3108364485 2.791e-08 0.2064133 3.028955 
3475245566 2.791e-08 0.1833301 3.239587 
997905375 2.791e-08 0.1369245 3.663035 
3375523036 1.632485e-08 0.11438509268589495 0.8856149073141051 
392861532 2.791e-08 0.1714984 3.347551 
2956861855 2.791e-08 0.1949685 3.133389 
426576124 3.9073999999999996e-07 0.21104685 0.78895315 
300193622 2.791e-08 0.1754638 3.311367 
326805806 2.791e-08 0.2502583 2.628873 
1403705120 2.791e-07 0.1178907 3.836717 
1037584679 2.791e-08 0.3553625 1.669806 
3519923770 2.791e-08 0.2045193 3.046238 
741863299 2.791e-08 0.3277498 1.921769 
1218250404 1.435503e-08 0.2351867899912712 0.7648132100087288 
2710766136 2.791e-08 0.2359872 2.759095 
2519559028 2.791e-07 0.2357348 2.761399 
843517319 2.791e-08 0.1594732 3.45728 
4061687915 2.791e-08 0.2942643 2.227322 
314650893 2.791e-08 0.4011507 1.251992 
728028737 2.791e-08 0.1988049 3.098381 
2177968201 1.683382e-08 1.0 0.0 
333964007 2.791e-08 0.3023105 2.153901 
129185354 2.791e-08 0.2572649 2.564938 
315200650 2.791e-08 0.2624634 2.517502 
4188445920 2.791e-08 0.2377899 2.742646 
3268335666 2.791e-08 0.2120632 2.9774 
2848685905 1.4e-08 0.7775037790741278 0.22249622092587218 
3933289935 2.791e-08 0.3366791 1.84029 
2545005546 2.791e-08 0.1891735 3.186267 
2451350669 2.791e-08 0.3691164 1.544302 
828787466 2.791e-08 0.1327549 3.701082 
3160344427 1.401507e-08 0.18013602143977892 0.8198639785602211 
732124878 2.791e-08 0.289372 2.271963 
1398579088 1.449e-08 0.37171394285714293 0.628286057142857 
1420914473 1.4e-08 0.384723930857143 0.6152760691428569 
2369258877 2.091e-08 0.36824604999999994 0.63175395 
1222799196 3.141931e-07 0.33826118107304076 0.6617388189269593 
4167430602 1.456174e-08 0.3274383622556252 0.6725616377443748 
2681375347 2.791e-08 0.1513489 3.531414 
1826422368 1.499674e-08 0.11561588071807608 0.884384119281924 
3891448235 2.791e-08 0.2926389 0.7073611 
1676003954 1.507688e-08 0.33301051339055177 0.6669894866094482 
2961226102 1.750756e-08 0.158903364546516 0.841096635453484 
2024675612 1.4e-08 0.37247025000000006 0.6275297499999999 
1347872676 2.791e-08 0.2555213 2.580848 
1736323711 1.700828e-08 0.2392059672589189 0.7607940327410811 
3737780296 9.236746e-07 0.23683528277761448 0.7631647172223855 
2906924538 2.507765e-08 0.3165561033430166 0.6834438966569834 
102901530 2.791e-08 0.3337242 1.867253 
3838279446 2.791e-08 0.2158029 2.943275 
551137729 1.435503e-08 0.2351867899912712 0.7648132100087288 
