4274934102 2.791e-08 0.09644541 4.032403 
2757833455 2.791e-08 0.09426119 4.052334 
126484229 2.791e-08 0.1390013 3.644085 
2555962951 2.791e-07 0.1792293 3.277007 
2768642543 2.791e-08 0.1137257 3.874722 
3245569981 2.791e-08 0.1243512 3.777765 
1236021306 2.791e-08 0.1472545 3.568774 
3481866093 2.791e-08 0.1264602 3.758521 
3392858646 2.791e-08 0.1201171 3.816401 
501991070 2.791e-08 0.09207161 4.072314 
1128709694 2.791e-08 0.1451993 3.587528 
3228084226 2.791e-08 0.1051285 3.953171 
1768543625 2.791e-08 0.1007977 3.992689 
997905375 2.791e-08 0.1369245 3.663035 
1507417240 2.791e-08 0.1072859 3.933485 
3037779432 2.791e-08 0.2287227 2.825384 
3443220506 2.791e-08 0.1348424 3.682034 
3824069879 2.791e-08 0.1911105 3.168592 
828787466 2.791e-08 0.1327549 3.701082 
3838279446 2.791e-08 0.2158029 2.943275 
2956861855 2.791e-08 0.1949685 3.133389 
1403705120 2.791e-07 0.1178907 3.836717 
29350397 2.791e-08 0.1222369 3.797059 
326805806 2.791e-08 0.2502583 2.628873 
618276123 2.791e-07 0.09637043 4.033088 
921425487 2.791e-08 0.1774384 3.293348 
1134132465 2.791e-08 0.1029658 3.972905 
3268335666 2.791e-08 0.2120632 2.9774 
265770918 2.791e-08 0.2026199 3.06357 
3919026803 2.791e-08 0.08987664 4.092343 
2261252686 2.791e-08 0.2250582 2.858822 
3800257563 3.0701e-07 0.15915010909090907 0.8408498909090909 
392861532 2.791e-08 0.1714984 3.347551 
728028737 2.791e-08 0.1988049 3.098381 
2190522392 2.791e-08 0.153388 3.512807 
2681375347 2.791e-08 0.1513489 3.531414 
2250879299 2.791e-08 0.2991081 2.183122 
266059373 2.791e-08 0.1614908 3.438869 
300193622 2.791e-08 0.1754638 3.311367 
1866926464 2.791e-08 0.1872311 3.203992 
199935986 2.791e-08 0.2176647 2.926287 
2250757420 2.791e-08 0.117992 3.835792 
1498734392 2.791e-08 0.09862425 4.012522 
3475245566 2.791e-08 0.1833301 3.239587 
769686034 2.791e-08 0.1968894 3.11586 
315200650 2.791e-08 0.2624634 2.517502 
1586980658 2.791e-08 0.16551 3.402195 
1664502715 2.791e-08 0.2395872 2.726246 
2487301543 2.791e-08 0.348284 1.734396 
1415695418 2.791e-08 0.1695076 3.365717 
2911053862 2.791e-08 0.2607359 2.533265 
916523109 2.791e-08 0.1554218 3.494249 
838860310 2.791e-08 0.2710201 2.439423 
825415804 2.791e-08 0.208302 3.011721 
1494850122 1.4e-08 0.23685613783936058 0.7631438621606395 
1963165541 2.791e-08 0.2727154 2.423954 
3708838243 1.4e-08 0.25630111842857145 0.7436988815714285 
2906924538 2.791e-08 0.2844315 2.317046 
2451350669 2.791e-08 0.3691164 1.544302 
451270221 1.472778e-08 0.2874071588094362 0.7125928411905638 
1533953788 2.791e-08 0.1813716 3.257459 
1878784256 2.791e-08 0.2760897 2.393164 
253808213 2.791e-08 0.1794077 3.275379 
3498415124 2.791e-08 0.3937687 1.319352 
1130108289 1.472778e-08 0.2874071588094362 0.7125928411905638 
3384709749 2.791e-08 0.130662 3.720179 
3519923770 2.791e-08 0.2045193 3.046238 
2177968201 1.472778e-08 0.2874071588094362 0.7125928411905638 
3709881891 2.791e-08 0.1493044 3.550069 
3059144981 1.407932e-08 0.22260878068247458 0.7773912193175254 
598947138 2.791e-08 0.3155433 2.033153 
3485819286 1.472778e-08 0.2874071588094362 0.7125928411905638 
3952655669 1.407932e-08 0.22260878068247458 0.7773912193175254 
2173231515 2.100565e-08 0.9999999999999974 2.55351295663786e-15 
3833074883 1.950338e-08 0.23994963259324906 0.7600503674067509 
2125331604 1.741e-08 0.14223612413041445 0.8577638758695856 
1290268226 1.416396e-08 0.3509070453980611 0.6490929546019388 
1848242772 1.465418e-08 0.3193511247525636 0.6806488752474364 
3462747 2.791e-08 0.1930422 3.150966 
2312786130 2.091e-08 0.23685613783936058 0.7631438621606395 
2445084109 1.464932e-08 0.7505115608080207 0.24948843919197927 
2205180068 1.860006e-08 0.5204631007641911 0.4795368992358089 
732124878 2.791e-08 0.289372 2.271963 
2029773149 1.458727e-08 0.43519759463112273 0.5648024053688773 
2856850640 2.791e-08 0.2139358 2.960313 
2298477853 2.791e-08 0.2484932 2.644979 
2744143284 1.421293e-08 0.29526086803986895 0.704739131960131 
164438789 1.399999e-08 0.5369080438628885 0.4630919561371115 
2308303797 1.452145e-08 0.3495198584325603 0.6504801415674397 
2900628886 1.4e-08 0.45726902788506113 0.5427309721149389 
1734007597 3.948839e-08 0.3188169015644772 0.6811830984355228 
921835634 1.473438e-08 0.3444688645355626 0.6555311354644374 
776375684 1.569804e-08 0.16954545877463073 0.8304545412253692 
3621383820 2.791e-08 0.4403574 0.894234 
3892593010 1.4e-08 0.8568914384938846 0.1431085615061154 
3325553423 1.50429e-08 0.33740403434414257 0.6625959656558574 
1165174376 2.821293e-08 0.26060567817440317 0.7393943218255968 
846691466 1.406146e-08 0.1492207085604872 0.8507792914395128 
977281884 1.452145e-08 0.3495198584325603 0.6504801415674397 
2601128578 1.772836e-08 0.27972602584220985 0.7202739741577902 
2714424842 1.4e-08 0.7853197260556352 0.21468027394436484 
