2429525676 2.791e-08 0.1094379 3.913848 
1498734392 2.791e-08 0.09862425 4.012522 
3481866093 2.791e-08 0.1264602 3.758521 
618276123 2.791e-07 0.09637043 4.033088 
29350397 2.791e-08 0.1222369 3.797059 
126484229 2.791e-08 0.1390013 3.644085 
3384709749 2.791e-08 0.130662 3.720179 
754869367 2.791e-08 0.1675115 3.383931 
997905375 2.791e-08 0.1369245 3.663035 
828787466 2.791e-08 0.1327549 3.701082 
3919026803 2.791e-08 0.08987664 4.092343 
2729381062 2.791e-08 0.1115845 3.894261 
2768642543 2.791e-08 0.1137257 3.874722 
266059373 2.791e-08 0.1614908 3.438869 
4028593304 2.791e-08 0.1734838 3.329435 
865537991 2.791e-08 0.1158615 3.855233 
3475245566 2.791e-08 0.1833301 3.239587 
476505668 2.791e-07 0.1388739 3.645247 
4031050948 3.6283e-07 0.21748635384615386 0.7825136461538461 
2669757562 2.791e-08 0.1852833 3.221765 
3428193420 2.791e-08 0.2827739 2.332171 
1128709694 2.791e-08 0.1451993 3.587528 
1403705120 3.0701e-07 0.12018596363636365 0.8798140363636363 
3245569981 2.791e-08 0.1243512 3.777765 
916523109 2.791e-08 0.1554218 3.494249 
3800257563 3.0701e-07 0.16342911818181816 0.8365708818181818 
3709881891 2.791e-08 0.1493044 3.550069 
869234806 1.4000000000000001e-08 0.6799499987857143 0.32005000121428573 
253808213 2.791e-08 0.1794077 3.275379 
300193622 2.791e-08 0.1754638 3.311367 
3357643131 2.791e-08 0.3539575 1.682626 
1236021306 2.791e-08 0.1472545 3.568774 
3279231079 2.791e-08 0.2590031 2.549077 
4212779140 1.41535e-08 0.3664648778810079 0.6335351221189921 
2250757420 2.791e-08 0.117992 3.835792 
1533953788 2.791e-08 0.1813716 3.257459 
3228084226 2.791e-08 0.1051285 3.953171 
378125977 1.424046e-08 0.3052779926304471 0.6947220073695529 
43001897 2.791e-08 0.1574502 3.47574 
1945735688 1.424046e-08 0.3052779926304471 0.6947220073695529 
1963165541 2.791e-08 0.2727154 2.423954 
3736894086 2.791e-08 0.2537724 2.596808 
888311950 2.791e-08 0.2268932 2.842078 
1866926464 2.791e-08 0.1872311 3.203992 
1347872676 2.791e-08 0.2555213 2.580848 
2606325002 2.091e-08 0.2594388665710186 0.7405611334289814 
472358284 1.41535e-08 0.3664648778810079 0.6335351221189921 
3443220506 2.791e-08 0.1348424 3.682034 
1292023300 1.776939e-08 0.13482183164138858 0.8651781683586114 
728028737 2.791e-08 0.1988049 3.098381 
769686034 6.989522999999999e-08 0.1898669067469567 0.8101330932530433 
242414939 2.791e-08 0.3757919 1.483389 
1950077488 1.41535e-08 0.3664648778810079 0.6335351221189921 
2919643181 2.791e-08 0.3247304 1.949321 
1019134040 2.791e-08 0.3086508 2.096047 
2298477853 2.791e-08 0.2484932 2.644979 
3108364485 2.791e-08 0.2064133 3.028955 
3981989558 1.4e-08 0.5703282905 0.4296717095 
1848242772 1.9490140000000003e-08 0.20250617601325327 0.7974938239867467 
2620740164 2.791e-08 0.2641855 2.501788 
1905833305 1.458727e-08 0.33427282829468663 0.6657271717053134 
811613008 2.791e-08 0.252018 2.612816 
2504591099 2.791e-08 0.2431658 2.693592 
3293059020 1.424046e-08 0.3052779926304471 0.6947220073695529 
3953846011 2.791e-08 0.3201611 1.991016 
3438744891 1.990395e-08 0.18898747188798734 0.8110125281120126 
927207199 1.482198e-08 0.6886365874869614 0.31136341251303856 
1403954297 1.482198e-08 0.6886365874869614 0.31136341251303856 
3632514288 1.41535e-08 0.3664648778810079 0.6335351221189921 
3593659676 1.4e-08 0.38864038857513694 0.6113596114248631 
385785803 2.791e-08 0.1635031 3.420508 
2555962951 3.0701e-07 0.1783455090909091 0.8216544909090909 
3891448235 2.791e-08 0.2926389 2.242153 
4274934102 2.791e-08 0.09644541 4.032403 
2067231467 1.4e-08 0.312822832476855 0.6871771675231451 
3416864524 1.412193e-08 0.3101218923104683 0.6898781076895317 
326805806 2.791e-08 0.2502583 2.628873 
392861532 2.791e-08 0.1714984 3.347551 
517786421 1.431225e-08 1.0 0.0 
1878784256 2.791e-08 0.2760897 2.393164 
3775520932 1.442474e-08 0.2318807793508756 0.7681192206491244 
