618276123 2.791e-07 0.09637043 4.033088 
1498734392 2.791e-08 0.09862425 4.012522 
2757833455 2.791e-08 0.09426119 4.052334 
266059373 2.791e-08 0.1614908 3.438869 
2250757420 2.791e-08 0.117992 3.835792 
4274934102 2.791e-08 0.09644541 4.032403 
3245569981 2.791e-08 0.1243512 3.777765 
2768642543 2.791e-08 0.1137257 3.874722 
865537991 2.791e-08 0.1158615 3.855233 
501991070 2.791e-08 0.09207161 4.072314 
2729381062 2.791e-08 0.1115845 3.894261 
1403705120 2.791e-07 0.1178907 3.836717 
843517319 2.791e-08 0.1594732 3.45728 
1507417240 2.791e-08 0.1072859 3.933485 
126484229 2.791e-08 0.1390013 3.644085 
1134132465 2.791e-08 0.1029658 3.972905 
769686034 2.791e-08 0.1968894 3.11586 
476505668 2.791e-07 0.1388739 3.645247 
3037779432 2.791e-08 0.2287227 2.825384 
43001897 2.791e-08 0.1574502 3.47574 
3384709749 2.791e-08 0.130662 3.720179 
2190522392 2.791e-08 0.153388 3.512807 
2956861855 2.791e-08 0.1949685 3.133389 
3462747 2.791e-08 0.1930422 3.150966 
29350397 2.791e-08 0.1222369 3.797059 
3012070026 2.791e-08 0.2305469 2.808738 
1533953788 2.791e-08 0.1813716 3.257459 
3443220506 2.791e-08 0.1348424 3.682034 
3800257563 2.791e-07 0.1593201 3.458677 
3303338876 1.405249e-08 0.23573479155375163 0.7642652084462483 
2856850640 2.791e-08 0.2139358 2.960313 
3481866093 2.791e-08 0.1264602 3.758521 
3869596591 1.46505e-08 0.253041109090909 0.746958890909091 
690117576 1.405249e-08 0.23573479155375163 0.7642652084462483 
3491092596 1.46505e-08 0.253041109090909 0.746958890909091 
3708838243 2.791e-08 0.1285638 3.739326 
1634407402 1.46505e-08 0.253041109090909 0.746958890909091 
2263814062 2.791e-08 0.3381486 1.826881 
326805806 2.791e-08 0.2502583 2.628873 
1768543625 2.791e-08 0.1007977 3.992689 
2875471576 1.405249e-08 0.23573479155375163 0.7642652084462483 
2261252686 2.791e-08 0.2250582 2.858822 
4188445920 2.791e-08 0.2377899 2.742646 
3108364485 2.791e-08 0.2064133 3.028955 
3382444416 2.791e-08 0.2777688 2.377842 
4226750145 2.791e-08 0.2213722 2.892456 
2429525676 2.791e-08 0.1094379 3.913848 
2710766136 2.791e-08 0.2359872 2.759095 
2215785330 1.46505e-08 0.253041109090909 0.746958890909091 
1738909006 1.405249e-08 0.23573479155375163 0.7642652084462483 
474866315 2.091e-08 0.18649546090387376 0.8135045390961262 
1227575429 2.791e-08 0.3170878 2.019059 
1236021306 2.791e-08 0.1472545 3.568774 
3537925318 1.46505e-08 0.253041109090909 0.746958890909091 
4028593304 2.791e-08 0.1734838 3.329435 
2962530363 1.405249e-08 0.23573479155375163 0.7642652084462483 
3519923770 2.791e-08 0.2045193 3.046238 
2328232000 1.46505e-08 0.253041109090909 0.746958890909091 
3288380490 1.405249e-08 0.23573479155375163 0.7642652084462483 
251961497 2.791e-08 0.2007151 3.080951 
265770918 2.791e-08 0.2026199 3.06357 
3279231079 2.791e-08 0.2590031 2.549077 
3736894086 2.791e-08 0.2537724 2.596808 
3122982648 1.405249e-08 0.23573479155375163 0.7642652084462483 
810769555 2.791e-08 0.3307478 1.894413 
443746396 2.791e-08 0.244947 2.677339 
392861532 2.791e-08 0.1714984 3.347551 
739080713 2.791e-08 0.2659022 2.486124 
3475245566 2.791e-08 0.1833301 3.239587 
811613008 2.791e-08 0.252018 2.612816 
4031050948 4.869231999999999e-07 0.21120888528034074 0.7887911147196592 
1998372786 2.091e-08 0.26853010526064086 0.7314698947393592 
3632514288 1.551056e-08 0.06587802775442454 0.9341219722455755 
2545005546 2.791e-08 0.1891735 3.186267 
3083717413 1.431889e-08 0.17936827101091837 0.8206317289890817 
1035956119 1.414644e-08 0.43768760925262745 0.5623123907473726 
1415695418 2.791e-08 0.1695076 3.365717 
3428193420 2.791e-08 0.2827739 2.332171 
911013108 2.791e-08 0.2195212 2.909347 
3113062634 1.472778e-08 0.34877687500703136 0.6512231249929686 
1370908750 2.091e-08 0.2227222004304161 0.7772777995695839 
199935986 2.791e-08 0.2176647 2.926287 
1026028388 1.4e-08 0.253041109090909 0.746958890909091 
997905375 2.791e-08 0.1369245 3.663035 
3016084464 1.571509e-08 0.11794965121855368 0.8820503487814463 
907719639 1.40024e-08 0.09510320251539131 0.9048967974846087 
1586980658 2.791e-08 0.16551 3.402195 
611212867 1.46505e-08 0.253041109090909 0.746958890909091 
3434666020 1.430674e-08 0.7387547788023916 0.2612452211976084 
