2250757420 2.791e-08 0.117992 3.835792 
3443220506 2.791e-08 0.1348424 3.682034 
501991070 2.791e-08 0.09207161 4.072314 
313359544 1.665988e-08 0.4073713302856921 0.5926286697143079 
825415804 2.791e-08 0.208302 3.011721 
385785803 2.791e-08 0.1635031 3.420508 
3708838243 2.791e-08 0.1285638 3.739326 
865537991 2.791e-08 0.1158615 3.855233 
3475245566 2.791e-08 0.1833301 3.239587 
2190522392 2.791e-08 0.153388 3.512807 
2757833455 2.791e-08 0.09426119 4.052334 
817087088 1.472778e-08 0.1986014715368726 0.8013985284631274 
43001897 2.791e-08 0.1574502 3.47574 
3228084226 2.791e-08 0.1051285 3.953171 
1415695418 5.582e-08 0.17445765000000002 0.82554235 
618276123 2.791e-07 0.09637043 4.033088 
432337108 1.447793e-08 0.09065145514586682 0.9093485448541332 
3384709749 2.791e-08 0.130662 3.720179 
2768642543 2.791e-08 0.1137257 3.874722 
3245569981 2.791e-08 0.1243512 3.777765 
3187199216 1.472778e-08 0.1986014715368726 0.8013985284631274 
3037779432 2.791e-08 0.2287227 2.825384 
785216844 1.509959e-08 0.3114124440310555 0.6885875559689445 
2956861855 2.791e-08 0.1949685 3.133389 
997905375 2.791e-08 0.1369245 3.663035 
393090083 1.429087e-08 0.2106641386172294 0.7893358613827706 
463844675 1.429087e-08 0.2106641386172294 0.7893358613827706 
3642829293 1.4e-08 0.27664223333333327 0.7233577666666667 
2710766136 2.791e-08 0.2359872 2.759095 
2766526296 1.410861e-08 0.2714684246856339 0.7285315753143661 
2298477853 2.791e-08 0.2484932 2.644979 
2449448537 1.429087e-08 0.2106641386172294 0.7893358613827706 
2475979558 1.435167e-08 0.20362704027920367 0.7963729597207964 
1194638860 1.435167e-08 0.20362704027920367 0.7963729597207964 
1848242772 1.2166557e-07 0.21066408667217906 0.7893359133278209 
85224627 1.410861e-08 0.2714684246856339 0.7285315753143661 
2711965517 1.534566e-08 0.24958454933567445 0.7504154506643256 
355298688 1.410861e-08 0.2714684246856339 0.7285315753143661 
1236021306 2.791e-08 0.1472545 3.568774 
3458484829 1.429087e-08 0.2106641386172294 0.7893358613827706 
2391696826 1.746351e-08 0.11156171327040995 0.88843828672959 
4256642775 1.429087e-08 0.2106641386172294 0.7893358613827706 
629078091 1.44355e-08 0.3116557577811751 0.6883442422188248 
287394855 1.404219e-08 0.3093290692715231 0.6906709307284769 
2348040613 1.4642540000000001e-08 0.19958204554427297 0.800417954455727 
584993009 1.410861e-08 0.2714684246856339 0.7285315753143661 
3167902617 1.429087e-08 0.2106641386172294 0.7893358613827706 
3381587904 1.435167e-08 0.20362704027920367 0.7963729597207964 
3197676583 2.791e-08 0.2958843 2.21254 
2029773149 1.472778e-08 0.1986014715368726 0.8013985284631274 
3696193412 1.472778e-08 0.1986014715368726 0.8013985284631274 
2733144751 1.4642540000000001e-08 0.19958204554427297 0.800417954455727 
2326007700 2.791e-08 0.2101853 2.994536 
1657444763 1.410861e-08 0.2714684246856339 0.7285315753143661 
2980075456 1.435167e-08 0.20362704027920367 0.7963729597207964 
164438789 1.4000010000000003e-08 0.536907276851945 0.46309272314805505 
781549661 1.4e-08 0.23356712043034447 0.7664328795696556 
