501991070 2.791e-08 0.09207161 4.072314 
1134132465 2.791e-08 0.1029658 3.972905 
1507417240 2.791e-08 0.1072859 3.933485 
4274934102 2.791e-08 0.09644541 4.032403 
3709881891 2.791e-08 0.1493044 3.550069 
392861532 2.791e-08 0.1714984 3.347551 
385785803 2.791e-08 0.1635031 3.420508 
1498734392 2.791e-08 0.09862425 4.012522 
618276123 2.791e-07 0.09637043 4.033088 
3392858646 2.791e-08 0.1201171 3.816401 
126484229 2.791e-08 0.1390013 3.644085 
1236021306 2.791e-08 0.1472545 3.568774 
90391199 2.791e-08 0.1431386 3.606331 
3708838243 2.791e-08 0.1285638 3.739326 
43001897 2.791e-08 0.1574502 3.47574 
2250757420 2.791e-08 0.117992 3.835792 
1239791232 2.791e-08 0.2413792 2.709894 
1403705120 2.791e-07 0.1178907 3.836717 
3475245566 2.791e-08 0.1833301 3.239587 
4028593304 2.791e-08 0.1734838 3.329435 
29350397 2.791e-08 0.1222369 3.797059 
769686034 2.791e-08 0.1968894 3.11586 
911013108 2.791e-08 0.2195212 2.909347 
1128709694 2.791e-08 0.1451993 3.587528 
828787466 2.791e-08 0.1327549 3.701082 
3228084226 2.791e-08 0.1051285 3.953171 
2555962951 2.791e-07 0.1792293 3.277007 
865537991 2.791e-08 0.1158615 3.855233 
3384709749 2.791e-08 0.130662 3.720179 
4188445920 2.791e-08 0.2377899 2.742646 
3004792470 3.3492e-07 0.27004092500000004 0.729959075 
3462747 2.791e-08 0.1930422 3.150966 
3443220506 2.791e-08 0.1348424 3.682034 
164438789 2.791e-08 0.2693195 2.454941 
4083845756 1.466094e-08 0.19860147153687252 0.8013985284631275 
825415804 2.791e-08 0.208302 3.011721 
754869367 2.791e-08 0.1675115 3.383931 
395113485 1.690115e-08 0.27677272860130747 0.7232272713986925 
1533953788 2.791e-08 0.1813716 3.257459 
2710766136 2.791e-08 0.2359872 2.759095 
3481866093 2.791e-08 0.1264602 3.758521 
3537925318 1.450835e-08 0.3468653793490808 0.6531346206509192 
3268335666 2.791e-08 0.2120632 2.9774 
2911053862 2.791e-08 0.2607359 2.533265 
2681375347 2.791e-08 0.1513489 3.531414 
3279231079 2.791e-08 0.2590031 2.549077 
443746396 2.791e-08 0.244947 2.677339 
2723643411 1.428014e-08 0.4228614634966516 0.5771385365033483 
4031050948 3.0701e-07 0.21677739090909096 0.783222609090909 
3149440925 2.091e-08 0.3151917500000002 0.6848082499999998 
4226750145 2.791e-08 0.2213722 2.892456 
1246511018 1.466094e-08 0.19860147153687252 0.8013985284631275 
129185354 2.791e-08 0.2572649 2.564938 
3823443426 2.791e-08 0.2860837 2.301969 
2620740164 2.791e-08 0.2641855 2.501788 
3012070026 2.791e-08 0.2305469 2.808738 
2919643181 1.4e-08 0.6473732474285714 0.3526267525714286 
997905375 2.791e-08 0.1369245 3.663035 
2669757562 2.791e-08 0.1852833 3.221765 
3037779432 2.791e-08 0.2287227 2.825384 
265770918 2.791e-08 0.2026199 3.06357 
3108364485 2.791e-08 0.2064133 3.028955 
2440120768 2.791e-08 0.2910082 2.257034 
1327969783 2.791e-08 0.3117887 2.067414 
2441325815 1.466094e-08 0.19860147153687252 0.8013985284631275 
2455922112 1.466094e-08 0.19860147153687252 0.8013985284631275 
2504591099 2.791e-08 0.2431658 2.693592 
253808213 2.791e-08 0.1794077 3.275379 
3988949870 2.791e-08 0.2877306 2.286942 
1902671923 1.466094e-08 0.19860147153687252 0.8013985284631275 
3592986772 1.466094e-08 0.19860147153687252 0.8013985284631275 
3428193420 2.791e-08 0.2827739 2.332171 
326805806 1.4e-08 1.0 0.0 
3833318790 2.791e-08 0.2232179 2.875614 
77395223 1.466094e-08 0.19860147153687252 0.8013985284631275 
1869365069 2.091e-08 0.40892894999999974 0.5910710500000003 
3736601249 2.791e-08 0.2676136 2.470508 
3519923770 2.791e-08 0.2045193 3.046238 
4061687915 2.7931759999999998e-08 0.29403505590052326 0.7059649440994767 
4004407106 2.091e-08 0.3547029999999994 0.6452970000000007 
2961226102 5.381728e-08 0.2703477636592559 0.729652236340744 
3755198008 1.402176e-08 0.27034771342488634 0.7296522865751136 
843517319 2.791e-08 0.1594732 3.45728 
105819081 1.406224e-08 0.3123961088295854 0.6876038911704145 
2454553876 1.406224e-08 0.31239610882958546 0.6876038911704145 
