3228084226 2.791e-08 0.1051285 3.953171 
126484229 2.791e-08 0.1390013 3.644085 
3919026803 2.791e-08 0.08987664 4.092343 
997905375 2.791e-08 0.1369245 3.663035 
2795063678 1.431693e-08 0.17922930642168783 0.8207706935783121 
1134132465 2.791e-08 0.1029658 3.972905 
266059373 2.791e-08 0.1614908 3.438869 
164438789 2.791e-08 0.2693195 2.454941 
1026028388 1.431693e-08 0.17922930642168783 0.8207706935783121 
1507417240 2.791e-08 0.1072859 3.933485 
865537991 2.791e-08 0.1158615 3.855233 
659524895 2.791e-08 0.3070738 2.110437 
3392858646 2.791e-08 0.1201171 3.816401 
392861532 2.791e-08 0.1714984 3.347551 
1498734392 2.791e-08 0.09862425 4.012522 
2504591099 2.791e-08 0.2431658 2.693592 
3708838243 2.791e-08 0.1285638 3.739326 
300193622 5.582e-08 0.1784177 0.8215823 
250719570 1.448359e-08 0.37143757234789576 0.6285624276521042 
1586980658 2.791e-08 0.16551 3.402195 
728028737 2.791e-08 0.1988049 3.098381 
265770918 7.013693e-08 0.23171381879685715 0.7682861812031428 
3481866093 2.791e-08 0.1264602 3.758521 
1237914369 1.414057e-08 0.22024030113354714 0.7797596988664528 
1415695418 2.791e-08 0.1695076 3.365717 
2429525676 2.791e-08 0.1094379 3.913848 
1403705120 3.4868943e-07 0.12282241043268792 0.8771775895673121 
3147695692 1.431693e-08 0.17922930642168783 0.8207706935783121 
1601889739 1.44505e-08 0.20046690393008923 0.7995330960699107 
385785803 2.791e-08 0.1635031 3.420508 
381652938 1.44505e-08 0.20046690393008923 0.7995330960699107 
1850435983 1.425301e-08 0.36542264442946765 0.6345773555705323 
3211480542 1.4e-08 0.39846478459158974 0.6015352154084103 
66064165 1.44505e-08 0.20046690393008923 0.7995330960699107 
911013108 2.791e-08 0.2195212 2.909347 
3653734512 1.883624e-08 0.18278683399659382 0.8172131660034062 
3320450569 1.419681e-08 0.14165020899442285 0.8583497910055772 
3459912306 1.635587e-08 0.20046690393008923 0.7995330960699107 
3012070026 2.791e-08 0.2305469 2.808738 
3363025910 1.44505e-08 0.20046690393008923 0.7995330960699107 
3814978291 1.405194e-08 0.30166667800632163 0.6983333219936784 
2002691604 1.405194e-08 0.30166667800632163 0.6983333219936784 
2472898255 2.253935e-08 0.3704033215400786 0.6295966784599214 
3584287056 1.417035e-08 0.3886752234628197 0.6113247765371803 
722767024 1.44505e-08 0.20046690393008923 0.7995330960699107 
1275089537 1.419681e-08 0.14165020899442285 0.8583497910055772 
2256454524 1.4e-08 0.20691764251726819 0.7930823574827318 
3623563876 1.419681e-08 0.14165020899442285 0.8583497910055772 
627452446 1.413779e-08 0.38047130082231756 0.6195286991776825 
1541925803 1.448359e-08 0.37143757234789576 0.6285624276521042 
4267941538 1.410388e-08 0.3005557378071957 0.6994442621928043 
3177521820 1.44505e-08 0.20046690393008923 0.7995330960699107 
1128056158 1.431693e-08 0.17922930642168783 0.8207706935783121 
1495382923 1.44505e-08 0.20046690393008923 0.7995330960699107 
826924968 1.44505e-08 0.20046690393008923 0.7995330960699107 
841878026 1.44505e-08 0.20046690393008923 0.7995330960699107 
1426981231 1.4e-08 0.14165020899442285 0.8583497910055772 
3961635192 1.42656e-08 0.3396909801566911 0.6603090198433089 
1035492323 1.3999999999999998e-08 0.5570885839285714 0.4429114160714286 
792228939 1.4e-08 0.30278586138172503 0.697214138618275 
917430777 1.42656e-08 0.3396909801566911 0.6603090198433089 
72955594 1.601414e-08 0.16427606163469705 0.835723938365303 
3175271190 1.41627e-08 0.3144357465280458 0.6855642534719542 
3031255937 1.698156e-08 0.11621738726790239 0.8837826127320976 
3340012098 1.42656e-08 0.3396909801566911 0.6603090198433089 
303951786 1.465566e-08 0.33065011378015674 0.6693498862198433 
528880979 1.419807e-08 0.27074737272727273 0.7292526272727273 
740082705 1.431693e-08 0.17922930642168783 0.8207706935783121 
964813250 1.405194e-08 0.30166667800632163 0.6983333219936784 
2945849429 1.410522e-08 0.3316344872323862 0.6683655127676138 
2745086324 1.4e-08 0.30278586138172503 0.697214138618275 
4045350386 1.730697e-08 0.114032238741566 0.885967761258434 
1498211576 1.4e-08 0.3180899390966253 0.6819100609033747 
