3919026803 2.791e-08 0.08987664 4.092343 
1134132465 2.791e-08 0.1029658 3.972905 
997905375 2.791e-08 0.1369245 3.663035 
29350397 2.791e-08 0.1222369 3.797059 
1403705120 2.791e-07 0.1178907 3.836717 
3519923770 2.791e-08 0.2045193 3.046238 
2729381062 2.791e-08 0.1115845 3.894261 
828787466 2.791e-08 0.1327549 3.701082 
4274934102 2.791e-08 0.09644541 4.032403 
1128056158 1.627333e-08 0.2779011247852253 0.7220988752147748 
2669757562 2.791e-08 0.1852833 3.221765 
1768543625 2.791e-08 0.1007977 3.992689 
265770918 2.791e-08 0.2026199 3.06357 
1415695418 2.791e-08 0.1695076 3.365717 
3462747 2.791e-08 0.1930422 3.150966 
1128709694 2.791e-08 0.1451993 3.587528 
2190522392 2.791e-08 0.153388 3.512807 
3709881891 2.791e-08 0.1493044 3.550069 
2250757420 2.791e-08 0.117992 3.835792 
921425487 2.791e-08 0.1774384 3.293348 
43001897 2.791e-08 0.1574502 3.47574 
618276123 2.791e-07 0.09637043 4.033088 
199935986 2.791e-08 0.2176647 2.926287 
888311950 2.791e-08 0.2268932 2.842078 
2326007700 2.791e-08 0.2101853 2.994536 
2555962951 2.9197156e-07 0.17132798012929756 0.8286720198707025 
1347872676 2.791e-08 0.2555213 2.580848 
3662110242 1.503844e-08 0.3935703378807905 0.6064296621192096 
3537925318 1.47974e-08 0.38917714183201113 0.6108228581679889 
333964007 2.791e-08 0.3023105 2.153901 
90391199 2.791e-08 0.1431386 3.606331 
3149440925 1.56026e-08 0.2527187272727273 0.7472812727272726 
3707879645 1.472778e-08 0.13887388009690005 0.8611261199031 
3443220506 2.791e-08 0.1348424 3.682034 
3555679070 2.791e-08 0.3609285 1.619016 
3037779432 2.791e-08 0.2287227 2.825384 
3330100144 1.473735e-08 0.3631105408634017 0.6368894591365983 
1931993247 1.47974e-08 0.38917714183201113 0.6108228581679889 
2945849429 1.449922e-08 0.33599974159659196 0.664000258403408 
1327969783 2.791e-08 0.3117887 2.067414 
1498734392 2.791e-08 0.09862425 4.012522 
3800257563 3.0701e-07 0.15822322727272725 0.8417767727272727 
4035587434 1.43537e-08 0.20060367147651828 0.7993963285234817 
3228084226 1.4731949999999993e-08 0.40242370521214116 0.5975762947878589 
2681375347 2.791e-08 0.1513489 3.531414 
3697249003 2.140922e-08 0.17996133271086007 0.82003866728914 
3393811039 1.627333e-08 0.2779011247852253 0.7220988752147748 
1541946641 2.791e-08 0.3396126 1.813522 
393090083 1.4e-08 0.34798101238229556 0.6520189876177045 
3481866093 2.791e-08 0.1264602 3.758521 
3475245566 2.791e-08 0.1833301 3.239587 
965372172 1.498651e-08 0.3616951514515512 0.6383048485484488 
3176785673 1.4000000000000003e-08 0.4668529622857142 0.5331470377142857 
1820499179 1.431889e-08 0.07141978022785014 0.9285802197721499 
976558236 1.449922e-08 0.33599974159659196 0.664000258403408 
1850435983 1.604027e-08 1.0 0.0 
326805806 2.791e-08 0.2502583 2.628873 
451270221 1.56026e-08 0.2527187272727273 0.7472812727272726 
769686034 2.791e-08 0.1968894 3.11586 
3197676583 2.791e-08 0.2958843 2.21254 
1737134642 1.762795e-08 0.6054561080556699 0.39454389194433015 
865537991 2.791e-08 0.1158615 3.855233 
1533953788 2.791e-08 0.1813716 3.257459 
728028737 2.791e-08 0.1988049 3.098381 
1130108289 1.56026e-08 0.2527187272727273 0.7472812727272726 
1987038079 1.408404e-08 0.12281219730479798 0.877187802695202 
164438789 2.791e-08 0.2693195 2.454941 
4078497741 1.4e-08 0.3811767857142839 0.6188232142857161 
110439229 1.425808e-08 0.24262620203122254 0.7573737979687775 
627452446 1.572983e-08 0.17230160185890167 0.8276983981410984 
4267941538 1.701426e-08 0.20332261283519437 0.7966773871648056 
2919535035 1.511226e-08 0.2182009443103643 0.7817990556896357 
