501991070 2.791e-08 0.09207161 4.072314 
618276123 2.791e-07 0.09637043 4.033088 
2757833455 2.791e-08 0.09426119 4.052334 
2429525676 2.791e-08 0.1094379 3.913848 
3800257563 2.791e-07 0.1593201 3.458677 
392861532 2.791e-08 0.1714984 3.347551 
1507417240 2.791e-08 0.1072859 3.933485 
728028737 2.791e-08 0.1988049 3.098381 
3384709749 2.791e-08 0.130662 3.720179 
3015378843 2.791e-08 0.1410726 3.625184 
2729381062 2.791e-08 0.1115845 3.894261 
1134132465 2.791e-08 0.1029658 3.972905 
3392858646 2.791e-08 0.1201171 3.816401 
916523109 2.791e-08 0.1554218 3.494249 
385785803 2.791e-08 0.1635031 3.420508 
3245569981 2.791e-08 0.1243512 3.777765 
126484229 2.791e-08 0.1390013 3.644085 
1236021306 2.791e-08 0.1472545 3.568774 
811613008 2.791e-08 0.252018 2.612816 
2190522392 2.791e-08 0.153388 3.512807 
2250757420 2.791e-08 0.117992 3.835792 
828787466 2.791e-08 0.1327549 3.701082 
865537991 2.791e-08 0.1158615 3.855233 
754869367 2.791e-08 0.1675115 3.383931 
2681375347 2.791e-08 0.1513489 3.531414 
3708838243 2.791e-08 0.1285638 3.739326 
1533953788 2.791e-08 0.1813716 3.257459 
476505668 3.3492e-07 0.14364638333333332 0.8563536166666667 
1498734392 2.791e-08 0.09862425 4.012522 
29350397 2.791e-08 0.1222369 3.797059 
1403705120 2.791e-07 0.1178907 3.836717 
2555962951 2.791e-07 0.1792293 3.277007 
2956861855 2.791e-08 0.1949685 3.133389 
4274934102 2.791e-08 0.09644541 4.032403 
888311950 8.373e-08 0.22193373333333336 0.7780662666666667 
3774459889 2.791e-08 0.3439726 1.773738 
2984600922 2.791e-07 0.2874072 2.289893 
2710766136 2.791e-08 0.2359872 2.759095 
843517319 2.791e-08 0.1594732 3.45728 
3519923770 2.791e-08 0.2045193 3.046238 
1246511018 1.527166e-08 0.22382867252152025 0.7761713274784797 
251961497 2.791e-08 0.2007151 3.080951 
2173231515 1.402224e-08 0.2534958727521456 0.7465041272478544 
1664502715 2.791e-08 0.2395872 2.726246 
3891448235 2.791e-08 0.2926389 2.242153 
2029773149 1.402224e-08 0.2534958727521456 0.7465041272478544 
1565786989 1.410525e-08 0.14997781928580195 0.8500221807141981 
3443220506 2.527668e-08 0.1488902571065504 0.8511097428934495 
1998372786 2.091e-08 0.23433955439980864 0.7656604456001914 
2620740164 2.791e-08 0.2641855 2.501788 
3933289935 2.791e-08 0.3366791 1.84029 
659524895 2.791e-08 0.3070738 2.110437 
265770918 2.791e-08 0.2026199 3.06357 
3490627259 2.791e-08 0.2467228 2.661134 
997905375 2.791e-08 0.1369245 3.663035 
3953846011 2.791e-08 0.3201611 1.991016 
463844675 1.701246e-08 0.031087136067932872 0.9689128639320671 
1434498202 2.791e-08 0.3454151 1.760575 
2466232951 2.791e-08 0.3039036 2.139364 
2024675612 1.424484e-08 0.3572931608605478 0.6427068391394521 
1405660995 1.4e-08 0.5335068268571428 0.4664931731428572 
3382444416 5.582e-08 0.28843845 0.71156155 
1382686479 2.091e-08 0.2992515272118603 0.7007484727881397 
3481866093 2.791e-08 0.1264602 3.758521 
4032129539 1.4e-08 0.42428809976805004 0.57571190023195 
3838279446 2.791e-08 0.2158029 2.943275 
199935986 2.791e-08 0.2176647 2.926287 
3678948817 1.446479e-08 0.25388996630682814 0.7461100336931719 
1771264541 1.419076e-08 0.3848754191759858 0.6151245808240142 
964813250 1.414624e-08 0.37568846853087623 0.6243115314691238 
1913762779 1.446479e-08 0.25388996630682814 0.7461100336931719 
1768543625 2.791e-08 0.1007977 3.992689 
3467386575 1.414624e-08 0.37568846853087623 0.6243115314691238 
769686034 2.78599e-08 0.19724346297007528 0.8027565370299248 
1128709694 2.791e-08 0.1451993 3.587528 
4188445920 2.791e-08 0.2377899 2.742646 
538453177 2.091e-08 0.24991362804878045 0.7500863719512195 
1837234470 1.4882340000000001e-08 0.2842932812287662 0.7157067187712338 
3279231079 1.4e-08 0.5163411800714286 0.4836588199285714 
241690685 1.414624e-08 0.37568846853087623 0.6243115314691238 
2074240873 2.791e-08 0.300712 2.168487 
3824069879 2.288038e-08 0.58007678281567 0.41992321718433 
3642829293 2.804448e-08 0.2534958727521456 0.7465041272478544 
