1134132465 2.791e-08 0.1029658 3.972905 
3443220506 2.791e-08 0.1348424 3.682034 
476505668 2.791e-07 0.1388739 3.645247 
1768543625 2.791e-08 0.1007977 3.992689 
3708838243 2.791e-08 0.1285638 3.739326 
2429525676 2.791e-08 0.1094379 3.913848 
3481866093 2.791e-08 0.1264602 3.758521 
3228084226 2.791e-08 0.1051285 3.953171 
769686034 2.791e-08 0.1968894 3.11586 
618276123 2.791e-07 0.09637043 4.033088 
2956861855 2.791e-08 0.1949685 3.133389 
916523109 2.791e-08 0.1554218 3.494249 
2555962951 2.9535813e-07 0.18051339574096031 0.8194866042590396 
843517319 2.791e-08 0.1594732 3.45728 
3824069879 2.791e-08 0.1911105 3.168592 
1586980658 2.791e-08 0.16551 3.402195 
1239791232 2.791e-08 0.2413792 2.709894 
3015378843 2.3303739999999998e-08 0.1689572689190662 0.8310427310809338 
1913762779 1.453458e-08 0.28684186324545674 0.7131581367545432 
2757833455 2.791e-08 0.09426119 4.052334 
2729381062 2.791e-08 0.1115845 3.894261 
4069401935 1.41298e-08 0.3537369733031927 0.6462630266968072 
2669757562 2.791e-08 0.1852833 3.221765 
2298477853 2.791e-08 0.2484932 2.644979 
1072840122 1.453458e-08 0.28684186324545674 0.7131581367545432 
3815024321 1.46257e-08 0.30174238554539823 0.6982576144546018 
1866926464 2.791e-08 0.1872311 3.203992 
199935986 2.791e-08 0.2176647 2.926287 
253808213 2.791e-08 0.1794077 3.275379 
630280293 1.465497e-08 0.19862001031758025 0.8013799896824197 
1403705120 2.791e-07 0.1178907 3.836717 
997905375 2.791e-08 0.1369245 3.663035 
1035492323 2.4269459999999998e-08 0.32136026821363145 0.6786397317863686 
2870158420 2.791e-08 0.3102224 2.081706 
90391199 2.791e-08 0.1431386 3.606331 
3707879645 1.465497e-08 0.19862001031758025 0.8013799896824197 
3800257563 3.3492e-07 0.16468544166666665 0.8353145583333333 
3838279446 2.791e-08 0.2158029 2.943275 
2746930994 1.465497e-08 0.19862001031758025 0.8013799896824197 
1444500749 2.791e-08 0.3797328 1.447429 
3349724438 1.465497e-08 0.19862001031758025 0.8013799896824197 
4212779140 1.465497e-08 0.19862001031758025 0.8013799896824197 
2875471576 1.4e-08 0.34251385000000023 0.6574861499999998 
538453177 1.465497e-08 0.19862001031758025 0.8013799896824197 
72955594 1.413469e-08 0.39222212158898695 0.607777878411013 
406745133 1.453458e-08 0.28684186324545674 0.7131581367545432 
659524895 1.3955e-07 0.31449035999999997 0.68550964 
1503202005 1.439302e-08 0.22779772881620353 0.7722022711837965 
443746396 2.791e-08 0.244947 2.677339 
