501991070 2.791e-08 0.09207161 4.072314 
3475245566 2.791e-08 0.1833301 3.239587 
3462747 2.791e-08 0.1930422 3.150966 
29350397 2.791e-08 0.1222369 3.797059 
769686034 2.791e-08 0.1968894 3.11586 
1415695418 2.791e-08 0.1695076 3.365717 
2669757562 2.791e-08 0.1852833 3.221765 
3481866093 2.791e-08 0.1264602 3.758521 
1842102965 1.41524e-08 0.1792293 0.8207707 
1768543625 2.791e-08 0.1007977 3.992689 
3384709749 2.791e-08 0.130662 3.720179 
302486611 1.41524e-08 0.1792293 0.8207707 
2429525676 2.791e-08 0.1094379 3.913848 
825415804 2.791e-08 0.208302 3.011721 
2729381062 2.791e-08 0.1115845 3.894261 
3228084226 2.791e-08 0.1051285 3.953171 
1507417240 2.791e-08 0.1072859 3.933485 
1541946641 2.791e-08 0.3396126 1.813522 
838860310 2.791e-08 0.2710201 2.439423 
1533953788 2.791e-08 0.1813716 3.257459 
3443220506 2.791e-08 0.1348424 3.682034 
1726701215 1.74325e-08 0.3797309666666665 0.6202690333333335 
739080713 2.791e-08 0.2659022 2.486124 
3485819286 1.495727e-08 0.19151579724552487 0.8084842027544752 
2250757420 2.791e-08 0.117992 3.835792 
1820499179 1.4e-08 0.24314248567518343 0.7568575143248166 
3824069879 2.791e-08 0.1911105 3.168592 
3823443426 2.791e-08 0.2860837 2.301969 
3083717413 1.415349e-08 0.24314248567518337 0.7568575143248166 
2326007700 2.791e-08 0.2101853 2.994536 
916523109 2.791e-08 0.1554218 3.494249 
129185354 2.791e-08 0.2572649 2.564938 
4035587434 1.66795e-08 0.13263219538955 0.86736780461045 
1923515514 1.415661e-08 0.24127487376291107 0.7587251262370889 
3459374364 1.415349e-08 0.24314248567518337 0.7568575143248166 
1382686479 1.495727e-08 0.19151579724552487 0.8084842027544752 
538453177 1.415349e-08 0.24314248567518337 0.7568575143248166 
1285693762 1.41524e-08 0.1792293 0.8207707 
3279439195 1.415661e-08 0.24127487376291107 0.7587251262370889 
3490627259 1.4e-08 0.49185952485714285 0.5081404751428571 
4240624600 1.415349e-08 0.24314248567518337 0.7568575143248166 
3736523900 1.4e-08 0.28392852221627685 0.7160714777837232 
4212779140 1.415349e-08 0.24314248567518337 0.7568575143248166 
1598213090 1.415661e-08 0.24127487376291107 0.7587251262370889 
1458665800 1.9412329999999998e-08 0.46469776976797744 0.5353022302320225 
19131048 1.415661e-08 0.24127487376291107 0.7587251262370889 
4226750145 1.3999990000000003e-08 0.44132160822972 0.55867839177028 
241690685 1.41352e-08 0.22075209581344496 0.779247904186555 
2733144751 1.400615e-08 0.2151189981286379 0.7848810018713621 
3297235373 1.4e-08 0.2439738779043403 0.7560261220956597 
2110688926 1.415661e-08 0.24127487376291107 0.7587251262370889 
2911053862 2.791e-08 0.2607359 2.533265 
533433650 1.415661e-08 0.24127487376291107 0.7587251262370889 
2674988631 1.429791e-08 0.19977912871913306 0.8002208712808669 
898751805 1.714265e-08 0.6397936370434926 0.36020636295650743 
378125977 1.495727e-08 0.19151579724552487 0.8084842027544752 
841878026 1.415661e-08 0.24127487376291107 0.7587251262370889 
517786421 1.4e-08 0.2439738779043404 0.7560261220956596 
