4028593304 2.791e-08 0.1734838 3.329435 
3708838243 2.791e-08 0.1285638 3.739326 
501991070 2.791e-08 0.09207161 4.072314 
3443220506 2.791e-08 0.1348424 3.682034 
1507417240 2.791e-08 0.1072859 3.933485 
3392858646 2.791e-08 0.1201171 3.816401 
2429525676 2.791e-08 0.1094379 3.913848 
916523109 5.582e-08 0.16146665000000002 0.83853335 
1019134040 2.791e-08 0.3086508 2.096047 
2757833455 2.791e-08 0.09426119 4.052334 
1498734392 2.791e-08 0.09862425 4.012522 
476505668 2.791e-07 0.1388739 3.645247 
3919026803 2.791e-08 0.08987664 4.092343 
1768543625 2.791e-08 0.1007977 3.992689 
3475245566 2.791e-08 0.1833301 3.239587 
3245569981 2.791e-08 0.1243512 3.777765 
1586980658 2.791e-08 0.16551 3.402195 
3228084226 2.791e-08 0.1051285 3.953171 
1403705120 2.791e-07 0.1178907 3.836717 
3015378843 2.791e-08 0.1410726 3.625184 
1128709694 2.791e-08 0.1451993 3.587528 
618276123 3.0701e-07 0.10356073636363637 0.8964392636363636 
3012070026 2.791e-08 0.2305469 2.808738 
1415695418 2.791e-08 0.1695076 3.365717 
2768642543 2.791e-08 0.1137257 3.874722 
1434594601 2.791e-08 0.2323657 2.792141 
4274934102 2.791e-08 0.09644541 4.032403 
3196256300 2.053241e-08 0.15420959380803323 0.8457904061919668 
2190522392 2.791e-08 0.153388 3.512807 
385785803 2.791e-08 0.1635031 3.420508 
828787466 2.791e-08 0.1327549 3.701082 
1651612823 2.791e-08 0.2811109 2.347346 
3384709749 2.791e-08 0.130662 3.720179 
728028737 2.791e-08 0.1988049 3.098381 
3838279446 2.791e-08 0.2158029 2.943275 
843517319 2.791e-08 0.1594732 3.45728 
392861532 2.791e-08 0.1714984 3.347551 
333964007 2.791e-08 0.3023105 2.153901 
1533953788 2.791e-08 0.1813716 3.257459 
199935986 2.791e-08 0.2176647 2.926287 
1347872676 2.791e-08 0.2555213 2.580848 
769686034 2.791e-08 0.1968894 3.11586 
1664502715 2.791e-08 0.2395872 2.726246 
1452489764 1.56825e-08 0.0916340402199905 0.9083659597800096 
266059373 2.791e-08 0.1614908 3.438869 
29350397 2.791e-08 0.1222369 3.797059 
3800257563 2.791e-07 0.1593201 3.458677 
2956861855 2.791e-08 0.1949685 3.133389 
3833318790 2.791e-08 0.2232179 2.875614 
2710766136 2.791e-08 0.2359872 2.759095 
2250757420 2.791e-08 0.117992 3.835792 
1931993247 2.091e-08 0.23995465664753712 0.7600453433524629 
90391199 1.475518e-08 0.2707522596132342 0.7292477403867659 
443746396 2.791e-08 0.244947 2.677339 
1803925302 1.461142e-08 0.257272487773797 0.7427275122262029 
2455922112 1.461142e-08 0.257272487773797 0.7427275122262029 
811613008 2.791e-08 0.252018 2.612816 
220564665 1.628663e-08 0.14505712834918214 0.8549428716508178 
2326007700 5.582e-08 0.21112425 0.78887575 
1494850122 2.091e-08 0.23995465664753712 0.7600453433524629 
2555962951 3.0701e-07 0.17977966363636366 0.8202203363636363 
326805806 2.791e-08 0.2502583 2.628873 
3108364485 2.791e-08 0.2064133 3.028955 
2504591099 2.791e-08 0.2431658 2.693592 
2441325815 1.461142e-08 0.257272487773797 0.7427275122262029 
3696843781 8.845422999999999e-08 0.3349891857829259 0.6650108142170741 
2729381062 2.791e-08 0.1115845 3.894261 
3037779432 2.791e-08 0.2287227 2.825384 
1327969783 2.791e-08 0.3117887 2.067414 
1837234470 1.449e-08 0.3219915329622291 0.6780084670377708 
3121292019 1.74325e-08 0.2710444345905635 0.7289555654094365 
3983774618 1.449e-08 0.3219915329622291 0.6780084670377708 
126484229 2.791e-08 0.1390013 3.644085 
164438789 2.791e-08 0.2693195 2.454941 
66296937 1.449e-08 0.3219915329622291 0.6780084670377708 
4226750145 2.791e-08 0.2213722 2.892456 
921425487 1.4e-08 0.3537361245714286 0.6462638754285714 
838860310 5.582e-08 0.27271265 0.72728735 
2261252686 2.791e-08 0.2250582 2.858822 
2620740164 2.791e-08 0.2641855 2.501788 
528880979 1.4e-08 0.3332612366159071 0.6667387633840929 
739080713 2.1057839999999998e-08 0.35242600390163475 0.6475739960983653 
426576124 6.698400000000001e-07 0.20938240416666667 0.7906175958333334 
3929228125 1.798436e-08 1.0 0.0 
2911053862 2.791e-08 0.2607359 2.533265 
57770090 1.56825e-08 0.0916340402199905 0.9083659597800096 
3707800333 1.408697e-08 0.18099914788472263 0.8190008521152774 
2466232951 2.791e-08 0.3039036 2.139364 
1737134642 1.4173939999999999e-08 0.3597767226398804 0.6402232773601195 
2693713428 2.791e-08 0.3771108 1.471354 
1285693762 1.474563e-08 0.34836387082870557 0.6516361291712944 
