618276123 2.791e-07 0.09637043 4.033088 
3015378843 2.791e-08 0.1410726 3.625184 
1768543625 2.791e-08 0.1007977 3.992689 
828787466 2.791e-08 0.1327549 3.701082 
2757833455 2.791e-08 0.09426119 4.052334 
392861532 2.791e-08 0.1714984 3.347551 
1134132465 2.791e-08 0.1029658 3.972905 
1533953788 2.791e-08 0.1813716 3.257459 
385785803 2.791e-08 0.1635031 3.420508 
3919026803 2.791e-08 0.08987664 4.092343 
4274934102 2.791e-08 0.09644541 4.032403 
29350397 2.791e-08 0.1222369 3.797059 
3428193420 2.791e-08 0.2827739 2.332171 
997905375 2.791e-08 0.1369245 3.663035 
2298477853 2.791e-08 0.2484932 2.644979 
3384709749 2.791e-08 0.130662 3.720179 
3824069879 2.791e-08 0.1911105 3.168592 
90391199 2.791e-08 0.1431386 3.606331 
2669757562 2.791e-08 0.1852833 3.221765 
1498734392 2.791e-08 0.09862425 4.012522 
2870037616 2.791e-08 0.3623066 1.606441 
2555962951 2.791e-07 0.1792293 3.277007 
43001897 2.791e-08 0.1574502 3.47574 
2261252686 2.791e-08 0.2250582 2.858822 
2768642543 2.791e-08 0.1137257 3.874722 
1019134040 2.791e-08 0.3086508 2.096047 
865537991 2.791e-08 0.1158615 3.855233 
3228084226 2.791e-08 0.1051285 3.953171 
843517319 2.791e-08 0.1594732 3.45728 
1370908750 1.935941e-08 0.45174850602368505 0.548251493976315 
265770918 5.582e-08 0.22199954999999996 0.7780004500000001 
2250879299 2.791e-08 0.2991081 2.183122 
1130108289 1.4e-08 0.27543902808650883 0.7245609719134911 
3519923770 2.791e-08 0.2045193 3.046238 
333964007 2.791e-08 0.3023105 2.153901 
888311950 2.791e-08 0.2268932 2.842078 
2326007700 2.791e-08 0.2101853 2.994536 
690117576 1.432679e-08 0.34849157529020924 0.6515084247097908 
2956861855 2.791e-08 0.1949685 3.133389 
3375523036 1.415154e-08 0.3645585216573291 0.635441478342671 
1149406307 1.432679e-08 0.34849157529020924 0.6515084247097908 
906368509 1.690701e-08 0.9999999999999969 3.1086244689504383e-15 
2856850640 2.791e-08 0.2139358 2.960313 
3037779432 2.791e-08 0.2287227 2.825384 
3176785673 1.4e-08 0.4668529622857143 0.5331470377142857 
4198169764 1.432679e-08 0.34849157529020924 0.6515084247097908 
1676003954 1.4e-08 0.19755155000000016 0.8024484499999999 
896813269 1.449e-08 0.1637274024750371 0.836272597524963 
2984600922 4.1865e-07 0.26368146 0.7363185400000001 
2001290253 2.091e-08 0.35466000000000025 0.6453399999999998 
2177968201 1.74325e-08 0.27543902808650883 0.7245609719134911 
37051273 1.449e-08 0.1637274024750371 0.836272597524963 
2013640095 2.898e-08 0.1637274024750371 0.836272597524963 
4093093422 1.432679e-08 0.34849157529020924 0.6515084247097908 
754869367 1.399999e-08 0.3339463788902706 0.6660536211097294 
4226750145 2.791e-08 0.2213722 2.892456 
2898323513 1.449e-08 0.1637274024750371 0.836272597524963 
