4274934102 2.791e-08 0.09644541 4.032403 
865537991 2.791e-08 0.1158615 3.855233 
3709881891 2.791e-08 0.1493044 3.550069 
29350397 2.791e-08 0.1222369 3.797059 
3475245566 2.791e-08 0.1833301 3.239587 
3012070026 2.791e-08 0.2305469 2.808738 
2729381062 2.791e-08 0.1115845 3.894261 
1236021306 2.791e-08 0.1472545 3.568774 
1134132465 2.791e-08 0.1029658 3.972905 
1415695418 2.791e-08 0.1695076 3.365717 
3443220506 2.791e-08 0.1348424 3.682034 
43001897 5.582e-08 0.166457 0.833543 
916523109 2.791e-08 0.1554218 3.494249 
921425487 2.791e-08 0.1774384 3.293348 
1498734392 2.791e-08 0.09862425 4.012522 
3392858646 2.791e-08 0.1201171 3.816401 
266059373 2.791e-08 0.1614908 3.438869 
253808213 2.791e-08 0.1794077 3.275379 
392861532 2.791e-08 0.1714984 3.347551 
828787466 2.791e-08 0.1327549 3.701082 
2545005546 2.791e-08 0.1891735 3.186267 
2190522392 2.791e-08 0.153388 3.512807 
618276123 2.791e-07 0.09637043 4.033088 
754869367 2.791e-08 0.1675115 3.383931 
251961497 2.791e-08 0.2007151 3.080951 
1239791232 2.791e-08 0.2413792 2.709894 
1507417240 2.791e-08 0.1072859 3.933485 
3708838243 2.791e-08 0.1285638 3.739326 
1963165541 2.791e-08 0.2727154 2.423954 
126484229 2.791e-08 0.1390013 3.644085 
129185354 2.791e-08 0.2572649 2.564938 
1768543625 2.791e-08 0.1007977 3.992689 
997905375 2.791e-08 0.1369245 3.663035 
1403705120 2.791e-07 0.1178907 3.836717 
3108364485 2.791e-08 0.2064133 3.028955 
3015378843 2.791e-08 0.1410726 3.625184 
3176785673 2.791e-08 0.2341792 2.775594 
3800257563 3.0701e-07 0.16394420909090907 0.8360557909090909 
911013108 2.791e-08 0.2195212 2.909347 
3919026803 2.791e-08 0.08987664 4.092343 
3459374364 1.408408e-08 0.2801088530682578 0.7198911469317422 
1664502715 8.373e-08 0.2639204 0.7360796000000001 
4226750145 2.791e-08 0.2213722 2.892456 
4055959668 1.4e-08 0.28179110680868485 0.7182088931913151 
3802520055 1.472778e-08 0.1388738800969 0.8611261199031 
1019134040 2.791e-08 0.3086508 2.096047 
1878784256 2.791e-08 0.2760897 2.393164 
1866926464 2.791e-08 0.1872311 3.203992 
739080713 2.791e-08 0.2659022 2.486124 
438292632 2.603144e-08 0.18600326597376093 0.8139967340262391 
3823443426 2.791e-08 0.2860837 2.301969 
283080478 1.418415e-08 0.3395200128232824 0.6604799871767175 
3563522875 1.405859e-08 0.9999999999999994 5.551115123125783e-16 
2892683898 1.408408e-08 0.2801088530682578 0.7198911469317422 
3268335666 2.791e-08 0.2120632 2.9774 
728028737 2.791e-08 0.1988049 3.098381 
3838279446 2.791e-08 0.2158029 2.943275 
4187488967 1.408408e-08 0.2801088530682578 0.7198911469317422 
769686034 2.131547e-08 0.2578025797226146 0.7421974202773853 
3462747 2.791e-08 0.1930422 3.150966 
2856850640 2.791e-08 0.2139358 2.960313 
2378434411 1.472778e-08 0.1388738800969 0.8611261199031 
3736894086 2.791e-08 0.2537724 2.596808 
4167430602 1.472778e-08 0.1388738800969 0.8611261199031 
3736523900 1.454159e-08 0.2913642789620819 0.7086357210379182 
1420914473 1.4e-08 0.1388738800969 0.8611261199031 
326805806 8.373e-08 0.2612544333333333 0.7387455666666667 
690117576 1.428025e-08 0.20647041090444362 0.7935295890955564 
439844059 1.472778e-08 0.1388738800969 0.8611261199031 
3012889883 1.472778e-08 0.1388738800969 0.8611261199031 
2027098952 1.472778e-08 0.1388738800969 0.8611261199031 
410848061 1.408408e-08 0.2801088530682578 0.7198911469317422 
3967778277 1.417658e-08 0.3730689342682098 0.6269310657317901 
1761715697 1.456146e-08 0.1821902333206629 0.8178097666793371 
6723929 2.791e-08 0.3950125 1.308003 
898751805 1.3999989999999996e-08 0.45378438772208185 0.5462156122779181 
481808867 1.4e-08 0.2106035060941558 0.7893964939058442 
3071577057 1.521291e-08 0.34877689999999995 0.6512231 
3401497744 2.01719e-08 0.224649771811282 0.775350228188718 
1292024166 1.404708e-08 0.17141650755485696 0.8285834924451431 
1657444763 1.4e-08 0.3777743994405727 0.6222256005594273 
3519923770 2.791e-08 0.2045193 3.046238 
2286860921 1.408408e-08 0.2801088530682578 0.7198911469317422 
4031050948 3.3492e-07 0.2158778916666667 0.7841221083333333 
1745749016 1.4e-08 0.28179110680868485 0.7182088931913151 
463844675 1.454159e-08 0.2913642789620819 0.7086357210379182 
1371202285 1.999776e-08 0.1022766526757758 0.8977233473242242 
1414892502 1.4e-08 0.3026357060937301 0.6973642939062699 
3934203265 1.404708e-08 0.17141650755485696 0.8285834924451431 
1577969976 1.417658e-08 0.3730689342682098 0.6269310657317901 
66987975 1.454159e-08 0.2913642789620819 0.7086357210379182 
552634658 1.454159e-08 0.2913642789620819 0.7086357210379182 
1922039940 1.417658e-08 0.3730689342682098 0.6269310657317901 
