865537991 2.791e-08 0.1158615 3.855233 
29350397 2.791e-08 0.1222369 3.797059 
476505668 2.791e-07 0.1388739 3.645247 
3384709749 2.791e-08 0.130662 3.720179 
828787466 2.791e-08 0.1327549 3.701082 
2757833455 2.791e-08 0.09426119 4.052334 
3392858646 2.791e-08 0.1201171 3.816401 
1498734392 2.791e-08 0.09862425 4.012522 
3245569981 2.791e-08 0.1243512 3.777765 
266059373 2.791e-08 0.1614908 3.438869 
385785803 2.791e-08 0.1635031 3.420508 
3919026803 2.791e-08 0.08987664 4.092343 
4028593304 2.791e-08 0.1734838 3.329435 
253808213 2.791e-08 0.1794077 3.275379 
2429525676 2.791e-08 0.1094379 3.913848 
754869367 2.791e-08 0.1675115 3.383931 
2911053862 2.791e-08 0.2607359 2.533265 
4188445920 2.791e-08 0.2377899 2.742646 
3555679070 2.791e-08 0.3609285 1.619016 
618276123 2.791e-07 0.09637043 4.033088 
3519923770 2.791e-08 0.2045193 3.046238 
1586980658 2.791e-08 0.16551 3.402195 
2326007700 2.791e-08 0.2101853 2.994536 
2681375347 2.791e-08 0.1513489 3.531414 
3732071459 2.791e-08 0.3962508 1.296703 
3481866093 2.791e-08 0.1264602 3.758521 
1664502715 2.791e-08 0.2395872 2.726246 
3708838243 2.791e-08 0.1285638 3.739326 
3800257563 2.791e-07 0.1593201 3.458677 
1507417240 2.791e-08 0.1072859 3.933485 
3330100144 1.406706e-08 0.3123918631185194 0.6876081368814806 
3108364485 2.791e-08 0.2064133 3.028955 
2956861855 2.791e-08 0.1949685 3.133389 
3838279446 2.791e-08 0.2158029 2.943275 
1128709694 2.791e-08 0.1451993 3.587528 
3293059020 1.42009e-08 0.2838085793926592 0.7161914206073408 
1403705120 2.9294294e-07 0.11231980661489914 0.8876801933851008 
4226750145 2.791e-08 0.2213722 2.892456 
1434594601 2.791e-08 0.2323657 2.792141 
1945735688 1.42009e-08 0.2838085793926592 0.7161914206073408 
2962530363 1.729087e-08 0.9999999999999984 1.5543122344752192e-15 
2349140130 2.791e-08 0.4714322 0.610679 
3709881891 2.791e-08 0.1493044 3.550069 
2118016430 1.42009e-08 0.2838085793926592 0.7161914206073408 
3490627259 2.791e-08 0.2467228 2.661134 
2489195127 1.472778e-08 0.1792292743132534 0.8207707256867466 
2674988631 1.472778e-08 0.1792292743132534 0.8207707256867466 
392861532 2.791e-08 0.1714984 3.347551 
4055959668 1.960273e-08 0.20560081453436402 0.794399185465636 
3443220506 2.791e-08 0.1348424 3.682034 
265770918 2.791e-08 0.2026199 3.06357 
406745133 1.472778e-08 0.1792292743132534 0.8207707256867466 
766581564 1.472778e-08 0.1792292743132534 0.8207707256867466 
4119421155 1.472778e-08 0.1792292743132534 0.8207707256867466 
3702894340 1.472778e-08 0.1792292743132534 0.8207707256867466 
3678948817 1.472778e-08 0.1792292743132534 0.8207707256867466 
1072840122 1.472778e-08 0.1792292743132534 0.8207707256867466 
3475245566 2.791e-08 0.1833301 3.239587 
1676003954 1.472778e-08 0.1792292743132534 0.8207707256867466 
3532745758 1.472778e-08 0.1792292743132534 0.8207707256867466 
4253718737 2.098984e-08 0.19238766279304673 0.8076123372069532 
1593891639 2.791e-08 0.3595451 1.63164 
873214132 2.791e-08 0.3497105 1.72138 
4285585893 1.472778e-08 0.1792292743132534 0.8207707256867466 
2286860921 1.508342e-08 0.35965760417730197 0.640342395822698 
3632514288 1.741e-08 0.3575268928717736 0.6424731071282264 
2945849429 2.091e-08 0.21264663703969394 0.787353362960306 
728028737 2.791e-08 0.1988049 3.098381 
2768642543 2.791e-08 0.1137257 3.874722 
811613008 2.791e-08 0.252018 2.612816 
3485819286 1.4256350000000001e-08 0.2827047073828304 0.7172952926171696 
1236021306 2.791e-08 0.1472545 3.568774 
3012889883 2.2347029999999998e-08 0.18035225509149166 0.8196477449085083 
1035492323 1.4e-08 0.5570885839285714 0.4429114160714286 
843517319 2.791e-08 0.1594732 3.45728 
2795041644 2.531805e-08 0.37114696402249103 0.628853035977509 
2747938267 1.406032e-08 0.43583149483796024 0.5641685051620398 
3339828518 2.093772e-08 0.16913942119772352 0.8308605788022765 
1965662198 1.994762e-08 0.28944097870015895 0.710559021299841 
1906851972 1.514653e-08 1.0 0.0 
3182159117 1.472778e-08 0.1792292743132534 0.8207707256867466 
825415804 7.007635e-08 0.2279068868041388 0.7720931131958613 
1533953788 2.791e-08 0.1813716 3.257459 
3737780296 7.0580608e-07 0.19341100778084147 0.8065889922191585 
