501991070 2.791e-08 0.09207161 4.072314 
1498734392 2.791e-08 0.09862425 4.012522 
4274934102 2.791e-08 0.09644541 4.032403 
2250757420 2.791e-08 0.117992 3.835792 
1768543625 2.791e-08 0.1007977 3.992689 
2956861855 2.791e-08 0.1949685 3.133389 
1403705120 2.791e-07 0.1178907 3.836717 
3384709749 2.791e-08 0.130662 3.720179 
3919026803 2.791e-08 0.08987664 4.092343 
3245569981 2.791e-08 0.1243512 3.777765 
865537991 2.791e-08 0.1158615 3.855233 
916523109 2.791e-08 0.1554218 3.494249 
1651612823 2.791e-08 0.2811109 2.347346 
392861532 2.791e-08 0.1714984 3.347551 
476505668 2.791e-07 0.1388739 3.645247 
843517319 2.791e-08 0.1594732 3.45728 
266059373 2.791e-08 0.1614908 3.438869 
3490627259 2.791e-08 0.2467228 2.661134 
4031050948 4.7447e-07 0.21643014117647064 0.7835698588235294 
199935986 2.791e-08 0.2176647 2.926287 
3129006749 2.791e-08 0.3262429 1.93552 
385785803 2.791e-08 0.1635031 3.420508 
1533953788 2.791e-08 0.1813716 3.257459 
3708838243 2.791e-08 0.1285638 3.739326 
2768642543 2.791e-08 0.1137257 3.874722 
443746396 2.791e-08 0.244947 2.677339 
828787466 2.791e-08 0.1327549 3.701082 
2190522392 2.791e-08 0.153388 3.512807 
2429525676 2.791e-08 0.1094379 3.913848 
1128709694 2.791e-08 0.1451993 3.587528 
2681375347 2.791e-08 0.1513489 3.531414 
1586980658 2.791e-08 0.16551 3.402195 
1458665800 2.791e-08 0.3232127 1.96317 
4209590891 2.091e-08 0.1953025274748924 0.8046974725251076 
3462747 2.791e-08 0.1930422 3.150966 
3294683754 2.091e-08 0.33446430000000005 0.6655357 
3532745758 1.4e-08 0.33446430000000005 0.6655357 
3176785673 2.791e-08 0.2341792 2.775594 
811613008 3.971074e-08 0.17712644941897332 0.8228735505810267 
1866926464 2.791e-08 0.1872311 3.203992 
2555962951 3.3492e-07 0.18578900833333334 0.8142109916666667 
1503861029 2.791e-08 0.2974989 2.197807 
2451350669 2.791e-08 0.3691164 1.544302 
395113485 1.418901e-08 0.30798830056813514 0.6920116994318648 
1415695418 2.791e-08 0.1695076 3.365717 
3988949870 2.791e-08 0.2877306 2.286942 
3492274228 1.420934e-08 0.2772120227386971 0.7227879772613028 
907719639 1.420934e-08 0.2772120227386971 0.7227879772613028 
2729381062 2.791e-08 0.1115845 3.894261 
3314075649 1.420934e-08 0.2772120227386971 0.7227879772613028 
2542835646 1.3999999999999998e-08 0.7250204622857144 0.2749795377142856 
1156624510 2.791e-08 0.3186271 2.005013 
2066612683 1.4e-08 0.20916552311438943 0.7908344768856106 
