3228084226 2.791e-08 0.1051285 3.953171 
3015378843 2.791e-08 0.1410726 3.625184 
1134132465 2.791e-08 0.1029658 3.972905 
2429525676 2.791e-08 0.1094379 3.913848 
2856850640 2.791e-08 0.2139358 2.960313 
501991070 2.791e-08 0.09207161 4.072314 
4274934102 2.791e-08 0.09644541 4.032403 
2956861855 2.791e-08 0.1949685 3.133389 
2669757562 2.791e-08 0.1852833 3.221765 
2757833455 2.791e-08 0.09426119 4.052334 
3245569981 2.791e-08 0.1243512 3.777765 
1236021306 2.791e-08 0.1472545 3.568774 
2914302410 1.411483e-08 0.13944894090579907 0.8605510590942009 
754869367 2.791e-08 0.1675115 3.383931 
90391199 2.791e-08 0.1431386 3.606331 
3800257563 2.791e-07 0.1593201 3.458677 
1498734392 2.791e-08 0.09862425 4.012522 
1533953788 2.791e-08 0.1813716 3.257459 
1403705120 2.791e-07 0.1178907 3.836717 
2555962951 2.791e-07 0.1792293 3.277007 
921425487 2.791e-08 0.1774384 3.293348 
300193622 2.791e-08 0.1754638 3.311367 
1434594601 2.791e-08 0.2323657 2.792141 
3443220506 2.791e-08 0.1348424 3.682034 
769686034 2.791e-08 0.1968894 3.11586 
3384709749 2.791e-08 0.130662 3.720179 
728028737 2.791e-08 0.1988049 3.098381 
392861532 2.791e-08 0.1714984 3.347551 
838860310 2.791e-08 0.2710201 2.439423 
3481866093 5.582e-08 0.14498165 0.85501835 
888311950 5.582e-08 0.2332402 0.7667598 
1866926464 2.791e-08 0.1872311 3.203992 
2466232951 2.791e-08 0.3039036 2.139364 
3519923770 2.791e-08 0.2045193 3.046238 
528880979 1.404397e-08 0.3766664321262434 0.6233335678737566 
997905375 2.791e-08 0.1369245 3.663035 
1199222225 1.406311e-08 0.2365749254043848 0.7634250745956153 
287394855 1.464215e-08 0.2891787261107847 0.7108212738892152 
2704180049 1.464215e-08 0.2891787261107847 0.7108212738892152 
451270221 1.411483e-08 0.13944894090579907 0.8605510590942009 
1896745001 1.412623e-08 0.2355178415758244 0.7644821584241757 
1149406307 1.411483e-08 0.13944894090579907 0.8605510590942009 
3607413901 1.447519e-08 0.30729724037158496 0.692702759628415 
3838279446 2.791e-08 0.2158029 2.943275 
2589646060 2.543833e-08 0.2615721393034573 0.7384278606965426 
2606325002 1.406311e-08 0.2365749254043848 0.7634250745956153 
43001897 2.791e-08 0.1574502 3.47574 
29350397 2.791e-08 0.1222369 3.797059 
1850435983 1.508963e-08 0.2806031880518625 0.7193968119481375 
1586980658 2.791e-08 0.16551 3.402195 
3160344427 1.4e-08 0.4037676937531742 0.5962323062468258 
825415804 2.791e-08 0.208302 3.011721 
360107933 1.4e-08 0.23764137137168986 0.7623586286283102 
199935986 2.791e-08 0.2176647 2.926287 
4055959668 1.404397e-08 0.3766664321262434 0.6233335678737566 
1249238030 2.075669e-07 0.1543534985914448 0.8456465014085552 
1483909303 1.401449e-08 0.30435573531409543 0.6956442646859046 
1906851972 1.406311e-08 0.2365749254043848 0.7634250745956153 
4061687915 2.791e-08 0.2942643 2.227322 
916523109 2.791e-08 0.1554218 3.494249 
739080713 2.791e-08 0.2659022 2.486124 
