4274934102 2.791e-08 0.09644541 4.032403 
1533953788 2.791e-08 0.1813716 3.257459 
3384709749 2.791e-08 0.130662 3.720179 
2681375347 2.791e-08 0.1513489 3.531414 
392861532 2.791e-08 0.1714984 3.347551 
43001897 2.791e-08 0.1574502 3.47574 
3462747 5.582e-08 0.22515355 0.77484645 
2729381062 2.791e-08 0.1115845 3.894261 
3228084226 2.791e-08 0.1051285 3.953171 
266059373 2.791e-08 0.1614908 3.438869 
2250879299 2.791e-08 0.2991081 2.183122 
3176785673 2.791e-08 0.2341792 2.775594 
1134132465 2.791e-08 0.1029658 3.972905 
865537991 2.791e-08 0.1158615 3.855233 
476505668 2.791e-07 0.1388739 3.645247 
3037779432 2.791e-08 0.2287227 2.825384 
2911053862 2.791e-08 0.2607359 2.533265 
2190522392 2.791e-08 0.153388 3.512807 
126484229 2.791e-08 0.1390013 3.644085 
3392858646 2.791e-08 0.1201171 3.816401 
3708838243 2.791e-08 0.1285638 3.739326 
3012070026 2.791e-08 0.2305469 2.808738 
769686034 2.791e-08 0.1968894 3.11586 
1866926464 2.791e-08 0.1872311 3.203992 
2555962951 2.791e-07 0.1792293 3.277007 
511603307 2.791e-08 0.3352044 1.853747 
3475245566 2.791e-08 0.1833301 3.239587 
3245569981 2.791e-08 0.1243512 3.777765 
90391199 2.791e-08 0.1431386 3.606331 
3884425642 1.403975e-08 0.2494945335657802 0.7505054664342198 
2261252686 2.791e-08 0.2250582 2.858822 
501991070 2.791e-08 0.09207161 4.072314 
2074240873 2.791e-08 0.300712 2.168487 
3443220506 2.791e-08 0.1348424 3.682034 
2250775120 1.403975e-08 0.2494945335657802 0.7505054664342198 
2151269300 1.406823e-08 0.34530925491482756 0.6546907450851724 
253808213 2.791e-08 0.1794077 3.275379 
57770090 1.860667e-08 0.33732450510963846 0.6626754948903615 
1128709694 2.549034e-08 0.1589822836023372 0.8410177163976628 
2919643181 2.791e-08 0.3247304 1.949321 
4226750145 2.791e-08 0.2213722 2.892456 
3815024321 1.4e-08 0.3469921442336017 0.6530078557663983 
3129006749 2.791e-08 0.3262429 1.93552 
3147695692 2.094975e-08 0.2845661884509361 0.7154338115490639 
217284033 1.411332e-08 0.3442060421835843 0.6557939578164157 
607396504 1.411332e-08 0.3549360493005579 0.6450639506994421 
1586980658 2.791e-08 0.16551 3.402195 
3653734512 1.404509e-08 0.3504832945800159 0.6495167054199841 
3149440925 1.403975e-08 0.2494945335657802 0.7505054664342198 
3382444416 2.791e-08 0.2777688 2.377842 
