2768642543 2.791e-08 0.1137257 3.874722 
3015378843 2.791e-08 0.1410726 3.625184 
2681375347 2.791e-08 0.1513489 3.531414 
4028593304 2.791e-08 0.1734838 3.329435 
2729381062 2.791e-08 0.1115845 3.894261 
3919026803 2.791e-08 0.08987664 4.092343 
997905375 2.791e-08 0.1369245 3.663035 
3800257563 2.791e-07 0.1593201 3.458677 
3228084226 2.791e-08 0.1051285 3.953171 
501991070 2.791e-08 0.09207161 4.072314 
1768543625 2.791e-08 0.1007977 3.992689 
4274934102 2.791e-08 0.09644541 4.032403 
3384709749 2.791e-08 0.130662 3.720179 
843517319 2.791e-08 0.1594732 3.45728 
3708838243 2.791e-08 0.1285638 3.739326 
2261252686 2.791e-08 0.2250582 2.858822 
1533953788 2.791e-08 0.1813716 3.257459 
2757833455 2.791e-08 0.09426119 4.052334 
476505668 2.791e-07 0.1388739 3.645247 
3392858646 2.791e-08 0.1201171 3.816401 
443746396 2.791e-08 0.244947 2.677339 
2250757420 2.791e-08 0.117992 3.835792 
2555962951 2.791e-07 0.1792293 3.277007 
828787466 2.791e-08 0.1327549 3.701082 
1586980658 2.791e-08 0.16551 3.402195 
1403705120 2.791e-07 0.1178907 3.836717 
3245569981 2.791e-08 0.1243512 3.777765 
1128709694 2.791e-08 0.1451993 3.587528 
3736894086 2.791e-08 0.2537724 2.596808 
754869367 2.791e-08 0.1675115 3.383931 
326805806 2.791e-08 0.2502583 2.628873 
2856850640 2.791e-08 0.2139358 2.960313 
2001290253 1.862927e-08 1.0 0.0 
3012070026 2.791e-08 0.2305469 2.808738 
266059373 2.791e-08 0.1614908 3.438869 
3475245566 2.791e-08 0.1833301 3.239587 
3519923770 2.791e-08 0.2045193 3.046238 
29350397 2.791e-08 0.1222369 3.797059 
921425487 2.791e-08 0.1774384 3.293348 
392861532 2.791e-08 0.1714984 3.347551 
426576124 5.3957073e-07 0.1806750408977892 0.8193249591022108 
251961497 2.791e-08 0.2007151 3.080951 
1134132465 2.791e-08 0.1029658 3.972905 
3176785673 2.791e-08 0.2341792 2.775594 
728028737 2.791e-08 0.1988049 3.098381 
3833318790 2.791e-08 0.2232179 2.875614 
2250879299 5.582e-08 0.30070929999999996 0.6992907 
3004792470 3.0701e-07 0.27074737272727273 0.7292526272727273 
3490627259 2.791e-08 0.2467228 2.661134 
3481866093 2.791e-08 0.1264602 3.758521 
821115011 1.472778e-08 0.3191569085182635 0.6808430914817365 
1415695418 1.399999e-08 0.33792574966124983 0.6620742503387502 
618276123 2.791e-07 0.09637043 4.033088 
2848685905 1.458636e-08 0.18456449541443742 0.8154355045855626 
1382686479 1.434323e-08 0.26861367936990815 0.7313863206300919 
315200650 2.791e-08 0.2624634 2.517502 
1227575429 1.3999990000000003e-08 0.6321376299554498 0.36786237004455025 
1507417240 2.791e-08 0.1072859 3.933485 
511603307 2.791e-08 0.3352044 1.853747 
911013108 2.791e-08 0.2195212 2.909347 
551137729 1.427543e-08 1.0 0.0 
1327969783 2.791e-08 0.3117887 2.067414 
1458432161 4.1909999999999996e-08 0.3815873713433548 0.6184126286566451 
4004407106 1.431889e-08 0.1641353741154905 0.8358646258845095 
2906924538 2.791e-08 0.2844315 2.317046 
2545005546 2.791e-08 0.1891735 3.186267 
265770918 2.791e-08 0.2026199 3.06357 
3268335666 2.791e-08 0.2120632 2.9774 
1664502715 5.582e-08 0.25445335 0.74554665 
1986278615 2.791e-08 0.3322386 0.6677614000000001 
964813250 1.4e-08 0.4740511506428573 0.5259488493571427 
1037584679 1.4e-08 0.7084405267857143 0.29155947321428566 
2780384598 1.4e-08 0.33043221457396443 0.6695677854260356 
769686034 2.791e-08 0.1968894 3.11586 
2533881277 1.515741e-08 0.11247944386881831 0.8875205561311816 
2519559028 3.0701e-07 0.23409206363636365 0.7659079363636363 
90391199 2.791e-08 0.1431386 3.606331 
3059103076 1.446984e-08 0.26626333009548464 0.7337366699045154 
2584856907 1.4e-08 0.31915690851826345 0.6808430914817365 
1963165541 2.791e-08 0.2727154 2.423954 
651046398 1.916885e-08 0.3023651159041883 0.6976348840958118 
3775452048 1.3999989999999996e-08 0.7028285271632339 0.29717147283676615 
811613008 2.791e-08 0.252018 2.612816 
4138371369 1.550236e-08 0.12677484543199596 0.8732251545680041 
875106938 1.4e-08 0.2686136793699082 0.7313863206300918 
2919535035 2.9301e-08 0.25415407353981717 0.7458459264601829 
2135013218 1.4e-08 0.7724477259285716 0.22755227407142842 
3382444416 2.791e-08 0.2777688 0.7222312 
2190522392 2.791e-08 0.153388 3.512807 
77395223 1.434323e-08 0.26861367936990815 0.7313863206300919 
4093093422 2.119813e-08 0.26140471278184974 0.7385952872181503 
