3392858646 2.791e-08 0.1201171 3.816401 
3228084226 2.791e-08 0.1051285 3.953171 
501991070 2.791e-08 0.09207161 4.072314 
392861532 2.791e-08 0.1714984 3.347551 
3443220506 2.791e-08 0.1348424 3.682034 
3015378843 2.791e-08 0.1410726 3.625184 
3919026803 2.791e-08 0.08987664 4.092343 
3245569981 2.791e-08 0.1243512 3.777765 
2757833455 2.791e-08 0.09426119 4.052334 
90391199 2.791e-08 0.1431386 3.606331 
1768543625 2.791e-08 0.1007977 3.992689 
1134132465 2.791e-08 0.1029658 3.972905 
1415695418 2.791e-08 0.1695076 3.365717 
2545005546 2.791e-08 0.1891735 3.186267 
769686034 2.791e-08 0.1968894 3.11586 
2956861855 2.791e-08 0.1949685 3.133389 
828787466 2.791e-08 0.1327549 3.701082 
754869367 2.791e-08 0.1675115 3.383931 
2429525676 2.791e-08 0.1094379 3.913848 
43001897 2.791e-08 0.1574502 3.47574 
476505668 2.791e-07 0.1388739 3.645247 
385785803 2.791e-08 0.1635031 3.420508 
3384709749 2.791e-08 0.130662 3.720179 
865537991 2.791e-08 0.1158615 3.855233 
253808213 2.791e-08 0.1794077 3.275379 
251961497 2.791e-08 0.2007151 3.080951 
1533953788 2.791e-08 0.1813716 3.257459 
4274934102 2.791e-08 0.09644541 4.032403 
1236021306 2.791e-08 0.1472545 3.568774 
3475245566 2.791e-08 0.1833301 3.239587 
4028593304 2.791e-08 0.1734838 3.329435 
916523109 2.791e-08 0.1554218 3.494249 
2620740164 2.791e-08 0.2641855 2.501788 
129185354 2.791e-08 0.2572649 2.564938 
741863299 2.791e-08 0.3277498 1.921769 
1239791232 2.791e-08 0.2413792 2.709894 
29350397 2.791e-08 0.1222369 3.797059 
265770918 2.791e-08 0.2026199 3.06357 
300193622 2.791e-08 0.1754638 3.311367 
843517319 2.791e-08 0.1594732 3.45728 
2326007700 2.791e-08 0.2101853 2.994536 
2250757420 2.791e-08 0.117992 3.835792 
2261252686 2.791e-08 0.2250582 2.858822 
3481866093 2.791e-08 0.1264602 3.758521 
3519923770 2.791e-08 0.2045193 3.046238 
3709881891 2.791e-08 0.1493044 3.550069 
426576124 3.0701e-07 0.20016526363636364 0.7998347363636363 
3037779432 2.791e-08 0.2287227 2.825384 
1866926464 1.4e-08 0.3732585715 0.6267414284999999 
3833318790 2.791e-08 0.2232179 2.875614 
3004792470 3.0701e-07 0.27300775454545456 0.7269922454545454 
164438789 2.791e-08 0.2693195 2.454941 
443746396 2.791e-08 0.244947 2.677339 
888311950 2.791e-08 0.2268932 2.842078 
1565786989 1.424198e-08 0.4155426710689008 0.5844573289310993 
3428193420 2.791e-08 0.2827739 2.332171 
1037584679 2.791e-08 0.3553625 1.669806 
2856850640 2.791e-08 0.2139358 2.960313 
3737780296 6.4531512e-07 0.2698170166596081 0.7301829833403919 
3492274228 1.4e-08 0.20487416737663533 0.7951258326233647 
3562383954 1.423543e-08 0.36974328634469533 0.6302567136553047 
266059373 2.791e-08 0.1614908 3.438869 
732124878 2.791e-08 0.289372 2.271963 
2190522392 2.791e-08 0.153388 3.512807 
3268335666 2.791e-08 0.2120632 2.9774 
3121292019 1.424198e-08 0.4155426710689008 0.5844573289310993 
3279231079 2.791e-08 0.2590031 2.549077 
3891448235 1.400001e-08 0.5833961332170478 0.41660386678295225 
3294683754 1.423543e-08 0.36974328634469533 0.6302567136553047 
1347872676 2.791e-08 0.2555213 2.580848 
326805806 2.791e-08 0.2502583 2.628873 
1434594601 2.2825819999999998e-08 0.2841223967857453 0.7158776032142546 
739080713 2.791e-08 0.2659022 2.486124 
921425487 5.582e-08 0.20399265 0.79600735 
4287239676 1.459313e-08 0.34639261045463354 0.6536073895453665 
