4274934102 2.791e-08 0.09644541 4.032403 
2669757562 2.791e-08 0.1852833 3.221765 
90391199 2.791e-08 0.1431386 3.606331 
1128709694 2.791e-08 0.1451993 3.587528 
3462747 2.791e-08 0.1930422 3.150966 
501991070 2.791e-08 0.09207161 4.072314 
997905375 2.791e-08 0.1369245 3.663035 
916523109 2.791e-08 0.1554218 3.494249 
1403705120 2.791e-07 0.1178907 3.836717 
1134132465 2.791e-08 0.1029658 3.972905 
3015378843 2.791e-08 0.1410726 3.625184 
2729381062 2.791e-08 0.1115845 3.894261 
392861532 2.791e-08 0.1714984 3.347551 
1507417240 4.112981e-08 0.07280241433160037 0.9271975856683996 
618276123 2.791e-07 0.09637043 4.033088 
3228084226 2.791e-08 0.1051285 3.953171 
1533953788 2.791e-08 0.1813716 3.257459 
2768642543 2.791e-08 0.1137257 3.874722 
1866926464 2.791e-08 0.1872311 3.203992 
3392858646 2.791e-08 0.1201171 3.816401 
3245569981 2.791e-08 0.1243512 3.777765 
843517319 2.791e-08 0.1594732 3.45728 
300193622 2.791e-08 0.1754638 3.311367 
838860310 2.791e-08 0.2710201 2.439423 
476505668 2.791e-07 0.1388739 3.645247 
251961497 2.791e-08 0.2007151 3.080951 
266059373 2.791e-08 0.1614908 3.438869 
3490627259 2.791e-08 0.2467228 2.661134 
754869367 2.791e-08 0.1675115 3.383931 
3384709749 2.791e-08 0.130662 3.720179 
865537991 5.582e-08 0.1190492 0.8809508 
164438789 2.791e-08 0.2693195 2.454941 
3475245566 2.791e-08 0.1833301 3.239587 
385785803 2.791e-08 0.1635031 3.420508 
3519923770 2.791e-08 0.2045193 3.046238 
3083717413 2.091e-08 0.16030594999999995 0.8396940500000001 
129185354 5.582e-08 0.258134 0.741866 
315200650 2.791e-08 0.2624634 2.517502 
2205180068 2.791e-08 0.3468522 1.747461 
4075596975 1.65766e-08 0.23524841712159997 0.7647515828784001 
3012070026 2.791e-08 0.2305469 2.808738 
3702894340 1.971734e-08 0.14868491648985718 0.8513150835101428 
3800257563 3.0701e-07 0.15878081818181816 0.8412191818181818 
1950077488 1.458495e-08 0.20100658907312816 0.7989934109268718 
3182159117 1.590942e-08 0.425950897644288 0.5740491023557119 
1078741991 1.451227e-08 0.3888533296443812 0.6111466703556188 
1415695418 2.791e-08 0.1695076 3.365717 
3428193420 4.8819999999999996e-08 0.2918650171958214 0.7081349828041785 
3824069879 2.791e-08 0.1911105 3.168592 
1405660995 1.458495e-08 0.20100658907312816 0.7989934109268718 
2438291630 1.43187e-08 0.3826062083801331 0.6173937916198668 
3778036871 1.458495e-08 0.20100658907312816 0.7989934109268718 
3687573659 1.469019e-08 0.46199249145177834 0.5380075085482217 
3443220506 2.791e-08 0.1348424 3.682034 
2710766136 2.791e-08 0.2359872 2.759095 
2545005546 2.791e-08 0.1891735 3.186267 
1236021306 2.791e-08 0.1472545 3.568774 
406745133 1.484723e-08 0.28682715870798714 0.7131728412920129 
2980075456 1.401288e-08 0.23170706177099765 0.7682929382290024 
333964007 2.791e-08 0.3023105 2.153901 
3481866093 2.791e-08 0.1264602 3.758521 
4212779140 1.843742e-08 0.655694315743785 0.344305684256215 
3108364485 2.791e-08 0.2064133 3.028955 
