1507417240 2.791e-08 0.1072859 3.933485 
997905375 2.791e-08 0.1369245 3.663035 
2190522392 2.791e-08 0.153388 3.512807 
916523109 2.791e-08 0.1554218 3.494249 
2669757562 2.791e-08 0.1852833 3.221765 
1236021306 2.791e-08 0.1472545 3.568774 
126484229 2.791e-08 0.1390013 3.644085 
2768642543 2.791e-08 0.1137257 3.874722 
811613008 2.791e-08 0.252018 2.612816 
3709881891 2.791e-08 0.1493044 3.550069 
2250757420 2.791e-08 0.117992 3.835792 
3824069879 2.791e-08 0.1911105 3.168592 
3245569981 2.791e-08 0.1243512 3.777765 
1403705120 2.791e-07 0.1178907 3.836717 
1866926464 2.791e-08 0.1872311 3.203992 
828787466 2.791e-08 0.1327549 3.701082 
618276123 2.791e-07 0.09637043 4.033088 
843517319 2.791e-08 0.1594732 3.45728 
392861532 2.791e-08 0.1714984 3.347551 
879162223 1.562996e-08 0.1593201114167045 0.8406798885832956 
3108364485 2.791e-08 0.2064133 3.028955 
754869367 2.791e-08 0.1675115 3.383931 
385785803 2.791e-08 0.1635031 3.420508 
3228084226 2.791e-08 0.1051285 3.953171 
865537991 2.791e-08 0.1158615 3.855233 
251961497 2.791e-08 0.2007151 3.080951 
921425487 2.791e-08 0.1774384 3.293348 
3485819286 2.091e-08 0.2581179000000002 0.7418820999999998 
888311950 2.791e-08 0.2268932 2.842078 
3528332227 1.562996e-08 0.1593201114167045 0.8406798885832956 
2326007700 2.791e-08 0.2101853 2.994536 
1412415798 1.515206e-08 0.41999481279140055 0.5800051872085994 
2429525676 2.791e-08 0.1094379 3.913848 
3481866093 2.791e-08 0.1264602 3.758521 
2842015324 1.540603e-07 0.1593201114167045 0.8406798885832956 
3392858646 2.791e-08 0.1201171 3.816401 
164438789 2.791e-08 0.2693195 2.454941 
102901530 2.791e-08 0.3337242 1.867253 
1128709694 2.791e-08 0.1451993 3.587528 
2956861855 2.791e-08 0.1949685 3.133389 
3823443426 2.7115309999999998e-08 0.2944681829932979 0.7055318170067021 
3268335666 2.791e-08 0.2120632 2.9774 
29350397 1.4000000000000003e-08 0.24368799135714278 0.7563120086428572 
2789348510 1.403012e-08 0.35960407996975535 0.6403959200302447 
1134132465 2.791e-08 0.1029658 3.972905 
3099973400 1.403012e-08 0.35960407996975535 0.6403959200302447 
266059373 2.791e-08 0.1614908 3.438869 
3375523036 1.505072e-08 0.3487321817809666 0.6512678182190335 
2589646060 1.4716979999999999e-08 0.18660717291093498 0.813392827089065 
533433650 1.4e-08 0.21767539072425698 0.782324609275743 
4256642775 1.449e-08 0.18953029893628517 0.8104697010637149 
1458665800 2.791e-08 0.3232127 0.6767873 
37051273 1.618041e-08 0.24236946874269175 0.7576305312573083 
2348040613 1.458839e-08 0.9999999999999971 2.886579864025407e-15 
3678948817 1.422698e-08 0.2692017763774648 0.7307982236225352 
2024675612 1.449e-08 0.18953029893628517 0.8104697010637149 
776688125 1.4e-08 0.36037774246180443 0.6396222575381956 
579073438 1.4000010000000003e-08 0.39232743856422553 0.6076725614357745 
3607413901 2.091e-08 0.21671988197034908 0.7832801180296509 
1314810707 2.821116e-08 0.3735941982620641 0.6264058017379359 
2521380987 2.4927720000000003e-07 0.2645705847715186 0.7354294152284814 
2545005546 2.791e-08 0.1891735 3.186267 
85224627 2.091e-08 0.21367040413677668 0.7863295958632233 
2574253871 1.4e-08 0.36037774246180465 0.6396222575381953 
1601889739 1.400779e-08 0.18810115125660104 0.8118988487433989 
3655816389 2.091e-08 0.2581179000000002 0.7418820999999998 
1290268226 1.41357e-08 0.3727981529829726 0.6272018470170274 
