3228084226 2.791e-08 0.1051285 3.953171 
3481866093 2.791e-08 0.1264602 3.758521 
3443220506 2.791e-08 0.1348424 3.682034 
3245569981 2.791e-08 0.1243512 3.777765 
2250757420 2.791e-08 0.117992 3.835792 
385785803 2.791e-08 0.1635031 3.420508 
2757833455 2.791e-08 0.09426119 4.052334 
3015378843 2.791e-08 0.1410726 3.625184 
1768543625 2.791e-08 0.1007977 3.992689 
3919026803 2.791e-08 0.08987664 4.092343 
2555962951 2.791e-07 0.1792293 3.277007 
997905375 2.791e-08 0.1369245 3.663035 
392861532 2.791e-08 0.1714984 3.347551 
1403705120 2.791e-07 0.1178907 3.836717 
476505668 3.0701e-07 0.1437982909090909 0.8562017090909091 
3709881891 2.791e-08 0.1493044 3.550069 
2729381062 2.791e-08 0.1115845 3.894261 
843517319 2.791e-08 0.1594732 3.45728 
1236021306 2.791e-08 0.1472545 3.568774 
1866926464 2.791e-08 0.1872311 3.203992 
1664502715 2.791e-08 0.2395872 2.726246 
1507417240 2.791e-08 0.1072859 3.933485 
3708838243 2.791e-08 0.1285638 3.739326 
2429525676 2.791e-08 0.1094379 3.913848 
754869367 2.791e-08 0.1675115 3.383931 
3519923770 2.791e-08 0.2045193 3.046238 
29350397 2.791e-08 0.1222369 3.797059 
315200650 2.791e-08 0.2624634 2.517502 
1498734392 2.791e-08 0.09862425 4.012522 
2681375347 2.5507780000000002e-08 0.16560232991659798 0.834397670083402 
2480932170 2.791e-08 0.3718027 1.51979 
916523109 2.791e-08 0.1554218 3.494249 
921425487 2.791e-08 0.1774384 3.293348 
3197676583 2.791e-08 0.2958843 2.21254 
126484229 2.791e-08 0.1390013 3.644085 
1128709694 2.791e-08 0.1451993 3.587528 
3004792470 3.0701e-07 0.2702821090909091 0.7297178909090909 
3108364485 2.791e-08 0.2064133 3.028955 
57770090 1.515611e-08 0.16155842950466842 0.8384415704953316 
1227575429 2.791e-08 0.3170878 2.019059 
90391199 2.791e-08 0.1431386 3.606331 
2326007700 8.373e-08 0.21678979999999998 0.7832102000000001 
3736894086 2.791e-08 0.2537724 2.596808 
618276123 2.791e-07 0.09637043 4.033088 
1134132465 2.791e-08 0.1029658 3.972905 
2466232951 2.791e-08 0.3039036 2.139364 
253808213 2.791e-08 0.1794077 3.275379 
2261252686 2.791e-08 0.2250582 2.858822 
129185354 2.791e-08 0.2572649 2.564938 
2063946235 2.091e-08 0.3566948500000002 0.6433051499999998 
3913511150 1.415385e-08 0.7007398958587238 0.29926010414127624 
2883513480 1.46505e-08 0.31966367272727264 0.6803363272727274 
888311950 1.4000000000000003e-08 0.45232780085714275 0.5476721991428573 
1533953788 2.791e-08 0.1813716 3.257459 
2027098952 1.4e-08 0.22315075000000012 0.7768492499999999 
3392858646 2.791e-08 0.1201171 3.816401 
3071577057 1.515611e-08 0.16155842950466842 0.8384415704953316 
2378434411 1.46505e-08 0.234429109090909 0.765570890909091 
266059373 2.791e-08 0.1614908 3.438869 
1237914369 1.4e-08 0.5833969666406905 0.4166030333593095 
1428265047 1.472778e-08 0.15932006004154708 0.8406799399584529 
3012070026 2.791e-08 0.2305469 2.808738 
1172086036 2.091e-08 0.3566948500000001 0.6433051499999999 
3167902617 1.74325e-08 0.18578340718485584 0.8142165928151441 
2669757562 2.791e-08 0.1852833 3.221765 
3528190190 1.741e-08 0.11064996448879956 0.8893500355112004 
3736601249 5.582e-08 0.2710094 0.7289905999999999 
695939830 1.4e-08 0.3987007499999951 0.601299250000005 
1649557018 1.593011e-08 0.11428051293855228 0.8857194870614478 
3824069879 2.791e-08 0.1911105 3.168592 
43001897 2.791e-08 0.1574502 3.47574 
3475245566 2.791e-08 0.1833301 3.239587 
3384709749 2.268409e-08 0.16076361978814227 0.8392363802118578 
3279231079 2.791e-08 0.2590031 2.549077 
3111692719 1.4e-08 0.3711271 0.6288729 
