501991070 2.791e-08 0.3 4.072314 
1134132465 2.791e-08 0.3 3.972905 
1507417240 2.791e-08 0.3 3.933485 
4274934102 2.791e-08 0.3 4.032403 
3709881891 2.791e-08 0.3 3.550069 
392861532 2.791e-08 0.3 3.347551 
385785803 2.791e-08 0.3 3.420508 
1498734392 2.791e-08 0.3 4.012522 
618276123 2.791e-07 0.3 4.033088 
3392858646 2.791e-08 0.3 3.816401 
126484229 2.791e-08 0.3 3.644085 
1236021306 2.791e-08 0.3 3.568774 
90391199 2.791e-08 0.3 3.606331 
3708838243 2.791e-08 0.3 3.739326 
43001897 2.791e-08 0.3 3.47574 
2250757420 2.791e-08 0.3 3.835792 
1239791232 2.791e-08 0.5 2.709894 
1403705120 2.791e-07 0.3 3.836717 
3475245566 2.791e-08 0.3 3.239587 
4028593304 2.791e-08 0.3 3.329435 
29350397 2.791e-08 0.3 3.797059 
769686034 2.791e-08 0.3 3.11586 
911013108 2.791e-08 0.5 2.909347 
1128709694 2.791e-08 0.3 3.587528 
828787466 2.791e-08 0.3 3.701082 
3228084226 2.791e-08 0.3 3.953171 
2555962951 2.791e-07 0.3 3.277007 
865537991 2.791e-08 0.3 3.855233 
3384709749 2.791e-08 0.3 3.720179 
4188445920 2.791e-08 0.5 2.742646 
3004792470 3.3492e-07 0.5 0.5 
3462747 2.791e-08 0.3 3.150966 
3443220506 2.791e-08 0.3 3.682034 
164438789 2.791e-08 0.5 2.454941 
4083845756 1.466094e-08 0.2999999570046639 0.7000000429953361 
825415804 2.791e-08 0.3 3.011721 
754869367 2.791e-08 0.3 3.383931 
395113485 1.690115e-08 0.4128417297047822 0.5871582702952178 
1533953788 2.791e-08 0.3 3.257459 
2710766136 2.791e-08 0.5 2.759095 
3481866093 2.791e-08 0.3 3.758521 
3537925318 1.450835e-08 0.500000048858348 0.49999995114165197 
3268335666 2.791e-08 0.5 2.9774 
2911053862 2.791e-08 0.5 2.533265 
2681375347 2.791e-08 0.3 3.531414 
3279231079 2.791e-08 0.5 2.549077 
443746396 2.791e-08 0.5 2.677339 
2723643411 1.428014e-08 0.4985977028236415 0.5014022971763585 
4031050948 3.0701e-07 0.5 0.5 
3149440925 2.091e-08 0.5 0.5 
4226750145 2.791e-08 0.5 2.892456 
1246511018 1.466094e-08 0.2999999570046639 0.7000000429953361 
129185354 2.791e-08 0.5 2.564938 
3823443426 2.791e-08 0.5 2.301969 
2620740164 2.791e-08 0.5 2.501788 
3012070026 2.791e-08 0.5 2.808738 
2919643181 1.4e-08 0.9967857142857143 0.003214285714285725 
997905375 2.791e-08 0.3 3.663035 
2669757562 2.791e-08 0.3 3.221765 
3037779432 2.791e-08 0.5 2.825384 
265770918 2.791e-08 0.3 3.06357 
3108364485 2.791e-08 0.3 3.028955 
2440120768 2.791e-08 0.5 2.257034 
1327969783 2.791e-08 0.5 2.067414 
2441325815 1.466094e-08 0.2999999570046639 0.7000000429953361 
2455922112 1.466094e-08 0.2999999570046639 0.7000000429953361 
2504591099 2.791e-08 0.5 2.693592 
253808213 2.791e-08 0.3 3.275379 
3988949870 2.791e-08 0.5 2.286942 
1902671923 1.466094e-08 0.2999999570046639 0.7000000429953361 
3592986772 1.466094e-08 0.2999999570046639 0.7000000429953361 
3428193420 2.791e-08 0.5 2.332171 
326805806 1.4e-08 1.0 0.0 
3833318790 2.791e-08 0.5 2.875614 
77395223 1.466094e-08 0.2999999570046639 0.7000000429953361 
1869365069 2.091e-08 0.4999999999999981 0.5000000000000019 
3736601249 2.791e-08 0.5 2.470508 
3519923770 2.791e-08 0.3 3.046238 
4061687915 2.7931759999999998e-08 0.4996104792537241 0.5003895207462759 
4004407106 2.091e-08 0.49999999999999906 0.5000000000000009 
2961226102 5.381728e-08 0.4999999980642962 0.5000000019357038 
3755198008 1.402176e-08 0.49999990515735154 0.5000000948426484 
843517319 2.791e-08 0.3 3.45728 
105819081 1.406224e-08 0.503504957567228 0.496495042432772 
2454553876 1.406224e-08 0.503504957567228 0.496495042432772 
