1768543625 2.791e-08 0.3 3.992689 
828787466 2.791e-08 0.3 3.701082 
2757833455 2.791e-08 0.3 4.052334 
476505668 2.791e-07 0.3 3.645247 
2681375347 2.791e-08 0.3 3.531414 
90391199 2.791e-08 0.3 3.606331 
1236021306 2.791e-08 0.3 3.568774 
2250757420 2.791e-08 0.3 3.835792 
1128709694 2.791e-08 0.3 3.587528 
3709881891 2.791e-08 0.3 3.550069 
2545005546 2.791e-08 0.3 3.186267 
253808213 2.791e-08 0.3 3.275379 
3919026803 2.791e-08 0.3 4.092343 
300193622 2.791e-08 0.3 3.311367 
29350397 2.791e-08 0.3 3.797059 
769686034 2.791e-08 0.3 3.11586 
385785803 2.791e-08 0.3 3.420508 
2768642543 2.791e-08 0.3 3.874722 
315200650 2.791e-08 0.5 2.517502 
126484229 2.791e-08 0.3 3.644085 
997905375 2.791e-08 0.3 3.663035 
1507417240 2.791e-08 0.3 3.933485 
426576124 2.791e-07 0.3 3.100238 
825415804 2.791e-08 0.3 3.011721 
2729381062 2.791e-08 0.3 3.894261 
3015378843 2.791e-08 0.3 3.625184 
1866926464 2.791e-08 0.3 3.203992 
4274934102 2.791e-08 0.3 4.032403 
1415695418 2.791e-08 0.3 3.365717 
443746396 2.791e-08 0.5 2.677339 
2429525676 2.791e-08 0.3 3.913848 
4028593304 2.791e-08 0.3 3.329435 
266059373 2.791e-08 0.3 3.438869 
618276123 2.791e-07 0.3 4.033088 
2298477853 2.791e-08 0.5 2.644979 
865537991 2.791e-08 0.3 3.855233 
1498734392 2.791e-08 0.3 4.012522 
4226750145 2.791e-08 0.5 2.892456 
3838279446 2.791e-08 0.5 2.943275 
3519923770 2.791e-08 0.3 3.046238 
2710766136 2.791e-08 0.5 2.759095 
869234806 2.791e-08 0.5 1.800212 
911013108 2.791e-08 0.5 2.909347 
843517319 2.791e-08 0.3 3.45728 
3037779432 2.791e-08 0.5 2.825384 
2856850640 2.791e-08 0.5 2.960313 
953296898 2.853938e-08 0.4889734815542594 0.5110265184457405 
3443220506 2.791e-08 0.3 3.682034 
2190522392 2.791e-08 0.3 3.512807 
1239791232 2.791e-08 0.5 2.709894 
2326007700 2.791e-08 0.5 2.994536 
2956861855 2.791e-08 0.3 3.133389 
3475245566 2.791e-08 0.3 3.239587 
129185354 2.791e-08 0.5 2.564938 
43001897 2.791e-08 0.3 3.47574 
2669757562 2.791e-08 0.3 3.221765 
3490627259 2.791e-08 0.5 2.661134 
3357643131 2.791e-08 0.5 1.682626 
501991070 2.791e-08 0.3 4.072314 
3802520055 1.458727e-08 0.5000000895736453 0.4999999104263547 
199935986 2.791e-08 0.5 2.926287 
3176785673 2.791e-08 0.5 2.775594 
1878784256 2.791e-08 0.5 2.393164 
3462747 2.791e-08 0.3 3.150966 
4031050948 2.791e-07 0.5 2.928368 
3833318790 2.791e-08 0.5 2.875614 
265770918 2.791e-08 0.3 3.06357 
2620740164 2.791e-08 0.5 2.501788 
1837088337 1.458727e-08 0.5000000895736453 0.4999999104263547 
3268335666 2.791e-08 0.5 2.9774 
3736601249 3.521564000000001e-08 0.39627279242972724 0.6037272075702728 
2451350669 2.791e-08 0.5 1.544302 
3421887303 2.791e-08 0.7 0.857171 
2555962951 2.791e-07 0.3 3.277007 
2521380987 1.433472e-08 0.6525845279713934 0.34741547202860656 
2308721517 2.791e-08 0.5 1.154261 
3004792470 3.3492e-07 0.5 0.5 
1871304206 1.464749e-08 0.32642886129680354 0.6735711387031964 
2879167783 2.059531e-08 0.3387907246844064 0.6612092753155936 
4185666246 1.464749e-08 0.32642886129680354 0.6735711387031964 
1761715697 1.458727e-08 0.5000000895736453 0.4999999104263547 
3824375258 1.464749e-08 0.32642886129680354 0.6735711387031964 
3952655669 1.458727e-08 0.49999947748770684 0.5000005225122932 
3696843781 1.919258e-08 0.727103912032671 0.272896087967329 
1347872676 2.791e-08 0.5 2.580848 
3363823620 1.458727e-08 0.5000000895736453 0.4999999104263547 
3663377129 1.4e-08 0.597775236363557 0.402224763636443 
