4274934102 2.791e-08 0.3 4.032403 
1533953788 2.791e-08 0.3 3.257459 
3384709749 2.791e-08 0.3 3.720179 
2681375347 2.791e-08 0.3 3.531414 
392861532 2.791e-08 0.3 3.347551 
43001897 2.791e-08 0.3 3.47574 
3462747 5.582e-08 0.4 0.6 
2729381062 2.791e-08 0.3 3.894261 
3228084226 2.791e-08 0.3 3.953171 
266059373 2.791e-08 0.3 3.438869 
2250879299 2.791e-08 0.5 2.183122 
3176785673 2.791e-08 0.5 2.775594 
1134132465 2.791e-08 0.3 3.972905 
865537991 2.791e-08 0.3 3.855233 
476505668 2.791e-07 0.3 3.645247 
3037779432 2.791e-08 0.5 2.825384 
2911053862 2.791e-08 0.5 2.533265 
2190522392 2.791e-08 0.3 3.512807 
126484229 2.791e-08 0.3 3.644085 
3392858646 2.791e-08 0.3 3.816401 
3708838243 2.791e-08 0.3 3.739326 
3012070026 2.791e-08 0.5 2.808738 
769686034 2.791e-08 0.3 3.11586 
1866926464 2.791e-08 0.3 3.203992 
2555962951 2.791e-07 0.3 3.277007 
511603307 2.791e-08 0.5 1.853747 
3475245566 2.791e-08 0.3 3.239587 
3245569981 2.791e-08 0.3 3.777765 
90391199 2.791e-08 0.3 3.606331 
3884425642 1.403975e-08 0.48461546475464534 0.5153845352453547 
2261252686 2.791e-08 0.5 2.858822 
501991070 2.791e-08 0.3 4.072314 
2074240873 2.791e-08 0.5 2.168487 
3443220506 2.791e-08 0.3 3.682034 
2250775120 1.403975e-08 0.48461546475464534 0.5153845352453547 
2151269300 1.406823e-08 0.5000000119431508 0.4999999880568492 
253808213 2.791e-08 0.3 3.275379 
57770090 1.860667e-08 0.49999992838729235 0.5000000716127077 
1128709694 2.549034e-08 0.3284773761354301 0.67152262386457 
2919643181 2.791e-08 0.5 1.949321 
4226750145 2.791e-08 0.5 2.892456 
3815024321 1.4e-08 0.5024367977156425 0.49756320228435746 
3129006749 2.791e-08 0.5 1.93552 
3147695692 2.094975e-08 0.49905130132817815 0.5009486986718219 
217284033 1.411332e-08 0.4984025847935845 0.5015974152064155 
607396504 1.411332e-08 0.4993486292997196 0.5006513707002804 
1586980658 2.791e-08 0.3 3.402195 
3653734512 1.404509e-08 0.5031058090862507 0.4968941909137493 
3149440925 1.403975e-08 0.48461546475464534 0.5153845352453547 
3382444416 2.791e-08 0.5 2.377842 
