3228084226 2.791e-08 0.3 3.953171 
3481866093 2.791e-08 0.3 3.758521 
3443220506 2.791e-08 0.3 3.682034 
3245569981 2.791e-08 0.3 3.777765 
2250757420 2.791e-08 0.3 3.835792 
385785803 2.791e-08 0.3 3.420508 
2757833455 2.791e-08 0.3 4.052334 
3015378843 2.791e-08 0.3 3.625184 
1768543625 2.791e-08 0.3 3.992689 
3919026803 2.791e-08 0.3 4.092343 
2555962951 2.791e-07 0.3 3.277007 
997905375 2.791e-08 0.3 3.663035 
392861532 2.791e-08 0.3 3.347551 
1403705120 2.791e-07 0.3 3.836717 
476505668 3.0701e-07 0.3 0.7 
3709881891 2.791e-08 0.3 3.550069 
2729381062 2.791e-08 0.3 3.894261 
843517319 2.791e-08 0.3 3.45728 
1236021306 2.791e-08 0.3 3.568774 
1866926464 2.791e-08 0.3 3.203992 
1664502715 2.791e-08 0.5 2.726246 
1507417240 2.791e-08 0.3 3.933485 
3708838243 2.791e-08 0.3 3.739326 
2429525676 2.791e-08 0.3 3.913848 
754869367 2.791e-08 0.3 3.383931 
3519923770 2.791e-08 0.3 3.046238 
29350397 2.791e-08 0.3 3.797059 
315200650 2.791e-08 0.5 2.517502 
1498734392 2.791e-08 0.3 4.012522 
2681375347 2.5507780000000002e-08 0.32825279189329687 0.6717472081067031 
2480932170 2.791e-08 0.5 1.51979 
916523109 2.791e-08 0.3 3.494249 
921425487 2.791e-08 0.3 3.293348 
3197676583 2.791e-08 0.5 2.21254 
126484229 2.791e-08 0.3 3.644085 
1128709694 2.791e-08 0.3 3.587528 
3004792470 3.0701e-07 0.5 0.5 
3108364485 2.791e-08 0.3 3.028955 
57770090 1.515611e-08 0.27622523193616305 0.7237747680638369 
1227575429 2.791e-08 0.5 2.019059 
90391199 2.791e-08 0.3 3.606331 
2326007700 8.373e-08 0.43333333333333335 0.5666666666666667 
3736894086 2.791e-08 0.5 2.596808 
618276123 2.791e-07 0.3 4.033088 
1134132465 2.791e-08 0.3 3.972905 
2466232951 2.791e-08 0.5 2.139364 
253808213 2.791e-08 0.3 3.275379 
2261252686 2.791e-08 0.5 2.858822 
129185354 2.791e-08 0.5 2.564938 
2063946235 2.091e-08 0.5 0.5 
3913511150 1.415385e-08 0.9859508190351034 0.014049180964896602 
2883513480 1.46505e-08 0.5 0.5 
888311950 1.4000000000000003e-08 0.996785714285714 0.003214285714285947 
1533953788 2.791e-08 0.3 3.257459 
2027098952 1.4e-08 0.5 0.5 
3392858646 2.791e-08 0.3 3.816401 
3071577057 1.515611e-08 0.27622523193616305 0.7237747680638369 
2378434411 1.46505e-08 0.49999999999999983 0.5000000000000002 
266059373 2.791e-08 0.3 3.438869 
1237914369 1.4e-08 0.9967864262760188 0.0032135737239812334 
1428265047 1.472778e-08 0.29999992475816994 0.70000007524183 
3012070026 2.791e-08 0.5 2.808738 
1172086036 2.091e-08 0.5 0.5 
3167902617 1.74325e-08 0.39961279219847984 0.6003872078015202 
2669757562 2.791e-08 0.3 3.221765 
3528190190 1.741e-08 0.20038770821367033 0.7996122917863296 
3736601249 5.582e-08 0.5 0.5 
695939830 1.4e-08 0.4999999999999962 0.5000000000000038 
1649557018 1.593011e-08 0.22327494007872337 0.7767250599212766 
3824069879 2.791e-08 0.3 3.168592 
43001897 2.791e-08 0.3 3.47574 
3475245566 2.791e-08 0.3 3.239587 
3384709749 2.268409e-08 0.3691133300917075 0.6308866699082925 
3279231079 2.791e-08 0.5 2.549077 
3111692719 1.4e-08 0.5 0.5 
