916523109 2.791e-08 0.3 3.494249 
1586980658 2.791e-08 0.3 3.402195 
3015378843 2.791e-08 0.3 3.625184 
3384709749 2.791e-08 0.3 3.720179 
3228084226 2.791e-08 0.3 3.953171 
501991070 2.791e-08 0.3 4.072314 
1128709694 2.791e-08 0.3 3.587528 
4028593304 2.791e-08 0.3 3.329435 
3245569981 2.791e-08 0.3 3.777765 
2429525676 2.791e-08 0.3 3.913848 
865537991 2.791e-08 0.3 3.855233 
2250757420 2.791e-08 0.3 3.835792 
1507417240 2.791e-08 0.3 3.933485 
266059373 2.791e-08 0.3 3.438869 
29350397 2.791e-08 0.3 3.797059 
1498734392 2.791e-08 0.3 4.012522 
3709881891 2.791e-08 0.3 3.550069 
253808213 2.791e-08 0.3 3.275379 
1134132465 2.791e-08 0.3 3.972905 
3481866093 2.791e-08 0.3 3.758521 
2710766136 2.791e-08 0.5 2.759095 
3012070026 2.791e-08 0.5 2.808738 
90391199 2.791e-08 0.3 3.606331 
3919026803 2.791e-08 0.3 4.092343 
2729381062 2.791e-08 0.3 3.894261 
997905375 2.791e-08 0.3 3.663035 
825415804 2.791e-08 0.3 3.011721 
3382444416 2.791e-08 0.5 2.377842 
3475245566 2.791e-08 0.3 3.239587 
3708838243 2.791e-08 0.3 3.739326 
2768642543 2.791e-08 0.3 3.874722 
843517319 2.791e-08 0.3 3.45728 
1236021306 2.791e-08 0.3 3.568774 
2519559028 2.791e-07 0.5 2.761399 
385785803 2.791e-08 0.3 3.420508 
618276123 2.791e-07 0.3 4.033088 
911013108 2.791e-08 0.5 2.909347 
4274934102 2.791e-08 0.3 4.032403 
4031050948 3.0701e-07 0.5 0.5 
476505668 2.791e-07 0.3 3.645247 
838860310 2.791e-08 0.5 2.439423 
3462747 2.791e-08 0.3 3.150966 
1035492323 2.791e-08 0.5 2.362569 
1415695418 2.791e-08 0.3 3.365717 
2856850640 2.791e-08 0.5 2.960313 
199935986 2.791e-08 0.5 2.926287 
300193622 2.791e-08 0.3 3.311367 
3838279446 2.791e-08 0.5 2.943275 
2261252686 2.791e-08 0.5 2.858822 
3736894086 2.791e-08 0.5 2.596808 
4226750145 2.791e-08 0.5 2.892456 
126484229 2.791e-08 0.3 3.644085 
2799798816 3.0701e-07 0.5 0.5 
251961497 2.791e-08 0.3 3.080951 
265770918 2.791e-08 0.3 3.06357 
2911053862 2.791e-08 0.5 2.533265 
2298477853 2.791e-08 0.5 2.644979 
3490627259 2.791e-08 0.5 2.661134 
3037779432 2.791e-08 0.5 2.825384 
2190522392 2.791e-08 0.3 3.512807 
2681375347 2.791e-08 0.3 3.531414 
1403705120 2.791e-07 0.3 3.836717 
888311950 2.791e-08 0.5 2.842078 
2504591099 2.791e-08 0.5 2.693592 
3736601249 2.791e-08 0.5 2.470508 
739080713 2.791e-08 0.5 2.486124 
828787466 2.791e-08 0.3 3.701082 
3687573659 1.4e-08 0.996785714285714 0.003214285714285947 
2326007700 2.791e-08 0.5 2.994536 
732124878 2.791e-08 0.5 2.271963 
921818415 1.413694e-08 0.4228339613589318 0.5771660386410682 
2956861855 2.791e-08 0.3 3.133389 
3519923770 2.791e-08 0.3 3.046238 
921425487 2.791e-08 0.3 3.293348 
43001897 2.791e-08 0.3 3.47574 
3122982648 1.431889e-08 0.15428337555404606 0.845716624445954 
1037584679 1.4000000000000001e-08 0.9967857142857142 0.003214285714285836 
1737134642 1.4e-08 1.0 0.0 
2426951832 1.40578e-08 0.49517221712192466 0.5048277828780754 
2870158420 2.791e-08 0.5 2.081706 
1866926464 2.791e-08 0.3 3.203992 
4122240121 2.32181e-08 0.6010397060913684 0.39896029390863164 
3428193420 2.79678e-08 0.498966668811991 0.5010333311880091 
3279231079 2.791e-08 0.5 2.549077 
1002680420 1.40578e-08 0.49517221712192466 0.5048277828780754 
2125331604 1.4e-08 0.996785714285714 0.003214285714285947 
695939830 1.40578e-08 0.49517221712192466 0.5048277828780754 
1657444763 1.41156e-08 0.4951826084256795 0.5048173915743205 
2250879299 2.279009e-08 0.6123275511417462 0.3876724488582538 
3527214469 1.40578e-08 0.49517221712192466 0.5048277828780754 
2138100036 1.402616e-08 0.6356347806043074 0.36436521939569255 
2747938267 1.40578e-08 0.49517221712192466 0.5048277828780754 
481808867 1.408825e-08 0.5439180852060521 0.4560819147939479 
3491092596 1.402616e-08 0.6356347806043074 0.36436521939569255 
1450024594 2.091e-08 0.33369201339072213 0.6663079866092778 
4256642775 1.410361e-08 0.25343205727746465 0.7465679427225353 
1292023300 1.408825e-08 0.5439180852060521 0.4560819147939479 
3458484829 1.414605e-08 0.5416956651435676 0.4583043348564324 
354497373 1.4e-08 0.5473467117074403 0.4526532882925597 
3182159117 1.4785e-08 0.24643219479201892 0.7535678052079811 
392861532 2.791e-08 0.3 3.347551 
1850435983 1.40578e-08 0.49517221712192466 0.5048277828780754 
771038762 1.741e-08 0.20038770821367033 0.7996122917863296 
66296937 2.091e-08 0.33369201339072213 0.6663079866092778 
3824069879 2.791e-08 0.3 3.168592 
1426981231 1.4e-08 0.9967850022964269 0.0032149977035731414 
4138371369 2.906848e-08 0.4209158905371552 0.5790841094628447 
481049431 1.40578e-08 0.49517221712192466 0.5048277828780754 
4061687915 2.791e-08 0.5 2.227322 
2654714783 1.4e-08 0.49721657098975663 0.5027834290102433 
3149440925 1.461228e-08 0.4340993888826259 0.5659006111173741 
2962530363 1.4e-08 0.44861940157376307 0.551380598426237 
2171266278 1.741e-08 0.20038770821367033 0.7996122917863296 
