865537991 2.791e-08 0.3 3.855233 
29350397 2.791e-08 0.3 3.797059 
476505668 2.791e-07 0.3 3.645247 
3384709749 2.791e-08 0.3 3.720179 
828787466 2.791e-08 0.3 3.701082 
2757833455 2.791e-08 0.3 4.052334 
3392858646 2.791e-08 0.3 3.816401 
1498734392 2.791e-08 0.3 4.012522 
3245569981 2.791e-08 0.3 3.777765 
266059373 2.791e-08 0.3 3.438869 
385785803 2.791e-08 0.3 3.420508 
3919026803 2.791e-08 0.3 4.092343 
4028593304 2.791e-08 0.3 3.329435 
253808213 2.791e-08 0.3 3.275379 
2429525676 2.791e-08 0.3 3.913848 
754869367 2.791e-08 0.3 3.383931 
2911053862 2.791e-08 0.5 2.533265 
4188445920 2.791e-08 0.5 2.742646 
3555679070 2.791e-08 0.5 1.619016 
618276123 2.791e-07 0.3 4.033088 
3519923770 2.791e-08 0.3 3.046238 
1586980658 2.791e-08 0.3 3.402195 
2326007700 2.791e-08 0.5 2.994536 
2681375347 2.791e-08 0.3 3.531414 
3732071459 2.791e-08 0.5 1.296703 
3481866093 2.791e-08 0.3 3.758521 
1664502715 2.791e-08 0.5 2.726246 
3708838243 2.791e-08 0.3 3.739326 
3800257563 2.791e-07 0.3 3.458677 
1507417240 2.791e-08 0.3 3.933485 
3330100144 1.406706e-08 0.5952203232231901 0.4047796767768099 
3108364485 2.791e-08 0.3 3.028955 
2956861855 2.791e-08 0.3 3.133389 
3838279446 2.791e-08 0.5 2.943275 
1128709694 2.791e-08 0.3 3.587528 
3293059020 1.42009e-08 0.49999993550699534 0.5000000644930047 
1403705120 2.9294294e-07 0.2858235805239068 0.7141764194760932 
4226750145 2.791e-08 0.5 2.892456 
1434594601 2.791e-08 0.5 2.792141 
1945735688 1.42009e-08 0.49999993550699534 0.5000000644930047 
2962530363 1.729087e-08 0.9999999999999984 1.5543122344752192e-15 
2349140130 2.791e-08 0.7 0.610679 
3709881891 2.791e-08 0.3 3.550069 
2118016430 1.42009e-08 0.49999993550699534 0.5000000644930047 
3490627259 2.791e-08 0.5 2.661134 
2489195127 1.472778e-08 0.2999999570046637 0.7000000429953364 
2674988631 1.472778e-08 0.2999999570046637 0.7000000429953364 
392861532 2.791e-08 0.3 3.347551 
4055959668 1.960273e-08 0.3622173587118371 0.6377826412881629 
3443220506 2.791e-08 0.3 3.682034 
265770918 2.791e-08 0.3 3.06357 
406745133 1.472778e-08 0.2999999570046637 0.7000000429953364 
766581564 1.472778e-08 0.2999999570046637 0.7000000429953364 
4119421155 1.472778e-08 0.2999999570046637 0.7000000429953364 
3702894340 1.472778e-08 0.2999999570046637 0.7000000429953364 
3678948817 1.472778e-08 0.2999999570046637 0.7000000429953364 
1072840122 1.472778e-08 0.2999999570046637 0.7000000429953364 
3475245566 2.791e-08 0.3 3.239587 
1676003954 1.472778e-08 0.2999999570046637 0.7000000429953364 
3532745758 1.472778e-08 0.2999999570046637 0.7000000429953364 
4253718737 2.098984e-08 0.3324227340465664 0.6675772659534336 
1593891639 2.791e-08 0.5 1.63164 
873214132 2.791e-08 0.5 1.72138 
4285585893 1.472778e-08 0.2999999570046637 0.7000000429953364 
2286860921 1.508342e-08 0.46259402708404335 0.5374059729159566 
3632514288 1.741e-08 0.49999999999999944 0.5000000000000006 
2945849429 2.091e-08 0.33369201339072213 0.6663079866092778 
728028737 2.791e-08 0.3 3.098381 
2768642543 2.791e-08 0.3 3.874722 
811613008 2.791e-08 0.5 2.612816 
3485819286 1.4256350000000001e-08 0.49805518832950163 0.5019448116704983 
1236021306 2.791e-08 0.3 3.568774 
3012889883 2.2347029999999998e-08 0.3177356939218005 0.6822643060781994 
1035492323 1.4e-08 0.9967857142857143 0.003214285714285725 
843517319 2.791e-08 0.3 3.45728 
2795041644 2.531805e-08 0.5511880066545444 0.44881199334545563 
2747938267 1.406032e-08 0.5683943525426778 0.4316056474573222 
3339828518 2.093772e-08 0.3332502297289294 0.6667497702710705 
1965662198 1.994762e-08 0.41174514249724925 0.5882548575027507 
1906851972 1.514653e-08 1.0 0.0 
3182159117 1.472778e-08 0.2999999570046637 0.7000000429953364 
825415804 7.007635e-08 0.41994837179934874 0.5800516282006513 
1533953788 2.791e-08 0.3 3.257459 
3737780296 7.0580608e-07 0.45551122677602046 0.5444887732239796 
