2768642543 2.791e-08 0.3 3.874722 
3384709749 2.791e-08 0.3 3.720179 
3228084226 2.791e-08 0.3 3.953171 
1931993247 1.472778e-08 0.299999957004664 0.700000042995336 
126484229 2.791e-08 0.3 3.644085 
1104410542 1.472778e-08 0.299999957004664 0.700000042995336 
1403705120 2.791e-07 0.3 3.836717 
769686034 2.791e-08 0.3 3.11586 
501991070 2.791e-08 0.3 4.072314 
2429525676 2.791e-08 0.3 3.913848 
1498734392 2.791e-08 0.3 4.012522 
1634407402 1.472778e-08 0.299999957004664 0.700000042995336 
90391199 2.791e-08 0.3 3.606331 
937177227 1.4e-08 0.299999957004664 0.700000042995336 
997905375 2.791e-08 0.3 3.663035 
611212867 1.472778e-08 0.299999957004664 0.700000042995336 
921425487 2.791e-08 0.3 3.293348 
1434594601 2.791e-08 0.5 2.792141 
4274934102 2.791e-08 0.3 4.032403 
3245569981 2.791e-08 0.3 3.777765 
3443220506 2.791e-08 0.3 3.682034 
3071577057 1.472778e-08 0.299999957004664 0.700000042995336 
3015378843 2.791e-08 0.3 3.625184 
43001897 2.791e-08 0.3 3.47574 
4075596975 1.406021e-08 0.30000003224651023 0.6999999677534898 
607396504 1.406021e-08 0.30000003224651023 0.6999999677534898 
2501379955 1.406021e-08 0.30000003224651023 0.6999999677534898 
1541946641 2.791e-08 0.5 1.813522 
916523109 2.791e-08 0.3 3.494249 
2312786130 1.472778e-08 0.299999957004664 0.700000042995336 
220564665 1.406021e-08 0.30000003224651023 0.6999999677534898 
2883513480 1.4e-08 0.30129024667090754 0.6987097533290925 
1347872676 4.222889e-08 0.38277507846848624 0.6172249215315138 
1128709694 2.791e-08 0.3 3.587528 
3462747 2.791e-08 0.3 3.150966 
2681375347 2.791e-08 0.3 3.531414 
3869596591 1.472778e-08 0.299999957004664 0.700000042995336 
3833318790 2.791e-08 0.5 2.875614 
2440120768 2.791e-08 0.5 2.257034 
2729381062 2.791e-08 0.3 3.894261 
266059373 2.791e-08 0.3 3.438869 
3037779432 2.791e-08 0.5 2.825384 
1072840122 1.486377e-08 0.47364687340963446 0.5263531265903656 
2961226102 1.507515e-08 1.0 0.0 
2716949832 1.4e-08 0.30129024667090754 0.6987097533290925 
129185354 1.399998999999997e-08 1.0 0.0 
2707128518 2.091e-08 0.33369201339072213 0.6663079866092778 
3653734512 1.4120420000000002e-08 0.2987208208674179 0.7012791791325821 
4283280385 1.406021e-08 0.30000003224651023 0.6999999677534898 
1199222225 1.4e-08 0.3012902466709077 0.6987097533290922 
538453177 1.406021e-08 0.30000003224651023 0.6999999677534898 
2733144751 1.4e-08 0.9967857142857143 0.003214285714285725 
3268335666 2.791e-08 0.5 2.9774 
483021244 1.590535e-08 0.43821748009500805 0.561782519904992 
3519923770 2.797021e-08 0.29935420577821903 0.700645794221781 
1866926464 2.791e-08 0.3 3.203992 
3532745758 1.486377e-08 0.47364687340963446 0.5263531265903656 
2746930994 1.406021e-08 0.30000003224651023 0.6999999677534898 
3929228125 1.486377e-08 0.47364687340963446 0.5263531265903656 
3197676583 2.791e-08 0.5 2.21254 
1398579088 1.406021e-08 0.30000003224651023 0.6999999677534898 
4055959668 1.406021e-08 0.30000003224651023 0.6999999677534898 
841878026 1.556357e-08 1.0 0.0 
3607413901 1.747021e-08 0.29922370346392274 0.7007762965360773 
825415804 2.791e-08 0.3 3.011721 
3294683754 1.486377e-08 0.47364687340963446 0.5263531265903656 
678688578 1.421626e-08 0.5210154241128011 0.4789845758871989 
988314595 1.4e-08 0.2645319059663479 0.7354680940336521 
1924091726 1.400912e-08 0.4155733325028827 0.5844266674971172 
3934203265 1.410357e-08 0.5251784288090072 0.4748215711909928 
3353888196 2.653056e-08 0.21943813789956884 0.7805618621004311 
