618276123 2.791e-07 0.3 4.033088 
1498734392 2.791e-08 0.3 4.012522 
2757833455 2.791e-08 0.3 4.052334 
266059373 2.791e-08 0.3 3.438869 
2250757420 2.791e-08 0.3 3.835792 
4274934102 2.791e-08 0.3 4.032403 
3245569981 2.791e-08 0.3 3.777765 
2768642543 2.791e-08 0.3 3.874722 
865537991 2.791e-08 0.3 3.855233 
501991070 2.791e-08 0.3 4.072314 
2729381062 2.791e-08 0.3 3.894261 
1403705120 2.791e-07 0.3 3.836717 
843517319 2.791e-08 0.3 3.45728 
1507417240 2.791e-08 0.3 3.933485 
126484229 2.791e-08 0.3 3.644085 
1134132465 2.791e-08 0.3 3.972905 
769686034 2.791e-08 0.3 3.11586 
476505668 2.791e-07 0.3 3.645247 
3037779432 2.791e-08 0.5 2.825384 
43001897 2.791e-08 0.3 3.47574 
3384709749 2.791e-08 0.3 3.720179 
2190522392 2.791e-08 0.3 3.512807 
2956861855 2.791e-08 0.3 3.133389 
3462747 2.791e-08 0.3 3.150966 
29350397 2.791e-08 0.3 3.797059 
3012070026 2.791e-08 0.5 2.808738 
1533953788 2.791e-08 0.3 3.257459 
3443220506 2.791e-08 0.3 3.682034 
3800257563 2.791e-07 0.3 3.458677 
3303338876 1.405249e-08 0.49999998208527474 0.5000000179147253 
2856850640 2.791e-08 0.5 2.960313 
3481866093 2.791e-08 0.3 3.758521 
3869596591 1.46505e-08 0.49999999999999983 0.5000000000000002 
690117576 1.405249e-08 0.49999998208527474 0.5000000179147253 
3491092596 1.46505e-08 0.49999999999999983 0.5000000000000002 
3708838243 2.791e-08 0.3 3.739326 
1634407402 1.46505e-08 0.49999999999999983 0.5000000000000002 
2263814062 2.791e-08 0.5 1.826881 
326805806 2.791e-08 0.5 2.628873 
1768543625 2.791e-08 0.3 3.992689 
2875471576 1.405249e-08 0.49999998208527474 0.5000000179147253 
2261252686 2.791e-08 0.5 2.858822 
4188445920 2.791e-08 0.5 2.742646 
3108364485 2.791e-08 0.3 3.028955 
3382444416 2.791e-08 0.5 2.377842 
4226750145 2.791e-08 0.5 2.892456 
2429525676 2.791e-08 0.3 3.913848 
2710766136 2.791e-08 0.5 2.759095 
2215785330 1.46505e-08 0.49999999999999983 0.5000000000000002 
1738909006 1.405249e-08 0.49999998208527474 0.5000000179147253 
474866315 2.091e-08 0.33369201339072213 0.6663079866092778 
1227575429 2.791e-08 0.5 2.019059 
1236021306 2.791e-08 0.3 3.568774 
3537925318 1.46505e-08 0.49999999999999983 0.5000000000000002 
4028593304 2.791e-08 0.3 3.329435 
2962530363 1.405249e-08 0.49999998208527474 0.5000000179147253 
3519923770 2.791e-08 0.3 3.046238 
2328232000 1.46505e-08 0.49999999999999983 0.5000000000000002 
3288380490 1.405249e-08 0.49999998208527474 0.5000000179147253 
251961497 2.791e-08 0.3 3.080951 
265770918 2.791e-08 0.3 3.06357 
3279231079 2.791e-08 0.5 2.549077 
3736894086 2.791e-08 0.5 2.596808 
3122982648 1.405249e-08 0.49999998208527474 0.5000000179147253 
810769555 2.791e-08 0.5 1.894413 
443746396 2.791e-08 0.5 2.677339 
392861532 2.791e-08 0.3 3.347551 
739080713 2.791e-08 0.5 2.486124 
3475245566 2.791e-08 0.3 3.239587 
811613008 2.791e-08 0.5 2.612816 
4031050948 4.869231999999999e-07 0.4564010299776227 0.5435989700223773 
1998372786 2.091e-08 0.33369201339072213 0.6663079866092778 
3632514288 1.551056e-08 0.23261249110283566 0.7673875088971643 
2545005546 2.791e-08 0.3 3.186267 
3083717413 1.431889e-08 0.25713897768303806 0.7428610223169619 
1035956119 1.414644e-08 0.6999999462558262 0.3000000537441738 
1415695418 2.791e-08 0.3 3.365717 
3428193420 2.791e-08 0.5 2.332171 
911013108 2.791e-08 0.5 2.909347 
3113062634 1.472778e-08 0.49999996417055065 0.5000000358294494 
1370908750 2.091e-08 0.33369201339072213 0.6663079866092778 
199935986 2.791e-08 0.5 2.926287 
1026028388 1.4e-08 0.49999999999999983 0.5000000000000002 
997905375 2.791e-08 0.3 3.663035 
3016084464 1.571509e-08 0.23306420771373235 0.7669357922862676 
907719639 1.40024e-08 0.1993240171038235 0.8006759828961765 
1586980658 2.791e-08 0.3 3.402195 
611212867 1.46505e-08 0.49999999999999983 0.5000000000000002 
3434666020 1.430674e-08 1.0 0.0 
