2757833455 2.791e-08 0.3 4.052334 
4274934102 2.791e-08 0.3 4.032403 
1768543625 2.791e-08 0.3 3.992689 
392861532 2.791e-08 0.3 3.347551 
501991070 2.791e-08 0.3 4.072314 
3443220506 2.791e-08 0.3 3.682034 
253808213 2.791e-08 0.3 3.275379 
916523109 2.791e-08 0.3 3.494249 
3709881891 2.791e-08 0.3 3.550069 
2729381062 2.791e-08 0.3 3.894261 
385785803 2.791e-08 0.3 3.420508 
1507417240 2.791e-08 0.3 3.933485 
3708838243 2.791e-08 0.3 3.739326 
754869367 2.791e-08 0.3 3.383931 
4028593304 2.791e-08 0.3 3.329435 
2545005546 2.791e-08 0.3 3.186267 
266059373 2.791e-08 0.3 3.438869 
3475245566 2.791e-08 0.3 3.239587 
3268335666 2.791e-08 0.5 2.9774 
2856850640 2.791e-08 0.5 2.960313 
739080713 2.791e-08 0.5 2.486124 
2768642543 2.791e-08 0.3 3.874722 
1128709694 2.791e-08 0.3 3.587528 
1498734392 2.791e-08 0.3 4.012522 
126484229 2.791e-08 0.3 3.644085 
265770918 2.791e-08 0.3 3.06357 
843517319 2.791e-08 0.3 3.45728 
4226750145 2.791e-08 0.5 2.892456 
43001897 2.791e-08 0.3 3.47574 
3833318790 5.582e-08 0.5 0.5 
1236021306 2.791e-08 0.3 3.568774 
90391199 2.791e-08 0.3 3.606331 
1134132465 2.791e-08 0.3 3.972905 
3519923770 2.791e-08 0.3 3.046238 
3736894086 2.791e-08 0.5 2.596808 
3823443426 2.791e-08 0.5 2.301969 
997905375 2.791e-08 0.3 3.663035 
1878784256 2.791e-08 0.5 2.393164 
3384709749 2.791e-08 0.3 3.720179 
511603307 2.791e-08 0.5 1.853747 
4188445920 2.791e-08 0.5 2.742646 
1239791232 2.791e-08 0.5 2.709894 
921425487 2.791e-08 0.3 3.293348 
1664502715 2.791e-08 0.5 2.726246 
2429525676 2.791e-08 0.3 3.913848 
4061687915 2.791e-08 0.5 2.227322 
769686034 2.791e-08 0.3 3.11586 
3004792470 3.0701e-07 0.5 0.5 
2298477853 2.791e-08 0.5 2.644979 
1593891639 2.791e-08 0.5 1.63164 
3108364485 2.791e-08 0.3 3.028955 
865537991 2.791e-08 0.3 3.855233 
3037779432 2.791e-08 0.5 2.825384 
1533953788 2.791e-08 0.3 3.257459 
811613008 2.791e-08 0.5 2.612816 
3490627259 2.791e-08 0.5 2.661134 
3228084226 2.791e-08 0.3 3.953171 
2312786130 2.211294e-08 0.6310784545157719 0.36892154548422806 
629078091 1.46505e-08 0.4818181818181817 0.5181818181818183 
1586980658 2.791e-08 0.3 3.402195 
3279231079 2.791e-08 0.5 2.549077 
2261252686 2.791e-08 0.5 2.858822 
313359544 1.419861e-08 0.4893952942606519 0.5106047057393481 
2250757420 2.791e-08 0.3 3.835792 
2440120768 2.791e-08 0.5 2.257034 
3824069879 2.791e-08 0.3 3.168592 
2533881277 1.95162e-08 0.7150469866059992 0.2849530133940008 
3563522875 1.46505e-08 0.4818181818181817 0.5181818181818183 
1541925803 1.46505e-08 0.4818181818181817 0.5181818181818183 
3449694611 1.621588e-08 0.31292658801125817 0.6870734119887418 
2367820772 1.472778e-08 0.2999999570046641 0.7000000429953359 
875106938 1.46505e-08 0.4818181818181817 0.5181818181818183 
2911053862 2.791e-08 0.5 2.533265 
2654473721 1.472778e-08 0.2999999570046641 0.7000000429953359 
3015378843 2.791e-08 0.3 3.625184 
3180086772 2.091e-08 0.33369201339072213 0.6663079866092778 
249728555 1.46505e-08 0.4818181818181817 0.5181818181818183 
2704180049 1.472778e-08 0.2999999570046641 0.7000000429953359 
2710766136 2.791e-08 0.5 2.759095 
4186562710 1.472778e-08 0.2999999570046641 0.7000000429953359 
907719639 1.554316e-08 0.2437539766301635 0.7562460233698365 
199935986 2.791e-08 0.5 2.926287 
3491092596 1.419861e-08 0.4893952942606519 0.5106047057393481 
1737134642 1.46505e-08 0.4818181818181817 0.5181818181818183 
771359632 1.537828e-08 0.28730998309135686 0.7126900169086432 
287394855 1.472778e-08 0.2999999570046641 0.7000000429953359 
3302973195 1.46505e-08 0.4818181818181817 0.5181818181818183 
283080478 1.4e-08 0.4906538599961195 0.5093461400038806 
