4274934102 2.791e-08 0.3 4.032403 
2757833455 2.791e-08 0.3 4.052334 
3384709749 2.791e-08 0.3 3.720179 
3015378843 2.791e-08 0.3 3.625184 
126484229 2.791e-08 0.3 3.644085 
3443220506 2.791e-08 0.3 3.682034 
2768642543 2.791e-08 0.3 3.874722 
476505668 2.791e-07 0.3 3.645247 
1768543625 2.791e-08 0.3 3.992689 
843517319 2.791e-08 0.3 3.45728 
3709881891 2.791e-08 0.3 3.550069 
3919026803 2.791e-08 0.3 4.092343 
1128709694 2.791e-08 0.3 3.587528 
865537991 2.791e-08 0.3 3.855233 
1931993247 1.45776e-08 0.5 0.5 
29350397 5.582e-08 0.3 0.7 
916523109 2.791e-08 0.3 3.494249 
129185354 2.791e-08 0.5 2.564938 
253808213 2.791e-08 0.3 3.275379 
1403705120 3.0701e-07 0.3 0.7 
997905375 2.791e-08 0.3 3.663035 
1415695418 2.791e-08 0.3 3.365717 
2250757420 2.791e-08 0.3 3.835792 
3838279446 2.791e-08 0.5 2.943275 
3037779432 2.791e-08 0.5 2.825384 
888311950 2.791e-08 0.5 2.842078 
392861532 2.791e-08 0.3 3.347551 
1134132465 2.791e-08 0.3 3.972905 
3481866093 2.791e-08 0.3 3.758521 
1738909006 1.410772e-08 0.5000000298578783 0.4999999701421217 
828787466 2.791e-08 0.3 3.701082 
2190522392 2.791e-08 0.3 3.512807 
1104410542 2.316316e-07 0.49999999999999994 0.5 
2718413753 2.791e-08 0.5 1.365239 
921425487 2.791e-08 0.3 3.293348 
2681375347 2.791e-08 0.3 3.531414 
2545005546 2.791e-08 0.3 3.186267 
754869367 2.791e-08 0.3 3.383931 
1866926464 2.791e-08 0.3 3.203992 
1434594601 2.791e-08 0.5 2.792141 
2856850640 2.791e-08 0.5 2.960313 
265770918 2.791e-08 0.3 3.06357 
1035492323 2.791e-08 0.5 2.362569 
1664502715 2.791e-08 0.5 2.726246 
326805806 2.791e-08 0.5 2.628873 
4188445920 2.791e-08 0.5 2.742646 
1370908750 1.480215e-08 0.5000000142462947 0.4999999857537053 
911013108 2.791e-08 0.5 2.909347 
2429525676 2.791e-08 0.3 3.913848 
3176785673 2.791e-08 0.5 2.775594 
315200650 2.791e-08 0.5 2.517502 
1736323711 1.4e-08 0.3522498789734854 0.6477501210265146 
825415804 2.791e-08 0.3 3.011721 
375852842 1.4e-08 0.5 0.5 
3182159117 1.43376e-08 0.343955634529405 0.656044365470595 
1848242772 1.415285e-08 0.49690398931677215 0.5030960106832278 
1533953788 2.791e-08 0.3 3.257459 
3279439195 1.4e-08 0.5216749958026224 0.47832500419737756 
4105879141 1.419561e-08 0.4825702136944247 0.5174297863055752 
1586980658 2.791e-08 0.3 3.402195 
511603307 2.791e-08 0.5 1.853747 
3245569981 1.4e-08 0.5980714285714286 0.4019285714285714 
1902671923 1.439498e-08 1.0 0.0 
4278040469 1.419561e-08 0.4825702136944247 0.5174297863055752 
3089865955 1.4e-08 0.5023291160858485 0.4976708839141515 
2956861855 2.791e-08 0.3 3.133389 
3294683754 2.091e-08 0.33369201339072213 0.6663079866092778 
682911345 1.439122e-08 0.47601096718851577 0.5239890328114842 
1414892502 1.419561e-08 0.4825702136944247 0.5174297863055752 
1896745001 1.414284e-08 0.24272410949620535 0.7572758905037946 
2441325815 1.406379e-08 0.4999999777735151 0.5000000222264849 
3971437066 1.419561e-08 0.4825702136944247 0.5174297863055752 
2046083849 2.791e-08 0.5 2.053171 
2065940037 1.439121e-08 0.4825700437228477 0.5174299562771523 
3467386575 1.419561e-08 0.4825702136944247 0.5174297863055752 
443746396 1.4e-08 0.9967857142857143 0.003214285714285725 
2087527840 1.4e-08 0.4825700437228477 0.5174299562771523 
3268335666 4.201772e-08 0.5000000100249749 0.49999998997502515 
