501991070 2.791e-08 0.3 4.072314 
1498734392 2.791e-08 0.3 4.012522 
4274934102 2.791e-08 0.3 4.032403 
2250757420 2.791e-08 0.3 3.835792 
1768543625 2.791e-08 0.3 3.992689 
2956861855 2.791e-08 0.3 3.133389 
1403705120 2.791e-07 0.3 3.836717 
3384709749 2.791e-08 0.3 3.720179 
3919026803 2.791e-08 0.3 4.092343 
3245569981 2.791e-08 0.3 3.777765 
865537991 2.791e-08 0.3 3.855233 
916523109 2.791e-08 0.3 3.494249 
1651612823 2.791e-08 0.5 2.347346 
392861532 2.791e-08 0.3 3.347551 
476505668 2.791e-07 0.3 3.645247 
843517319 2.791e-08 0.3 3.45728 
266059373 2.791e-08 0.3 3.438869 
3490627259 2.791e-08 0.5 2.661134 
4031050948 4.7447e-07 0.4764705882352941 0.5235294117647059 
199935986 2.791e-08 0.5 2.926287 
3129006749 2.791e-08 0.5 1.93552 
385785803 2.791e-08 0.3 3.420508 
1533953788 2.791e-08 0.3 3.257459 
3708838243 2.791e-08 0.3 3.739326 
2768642543 2.791e-08 0.3 3.874722 
443746396 2.791e-08 0.5 2.677339 
828787466 2.791e-08 0.3 3.701082 
2190522392 2.791e-08 0.3 3.512807 
2429525676 2.791e-08 0.3 3.913848 
1128709694 2.791e-08 0.3 3.587528 
2681375347 2.791e-08 0.3 3.531414 
1586980658 2.791e-08 0.3 3.402195 
1458665800 2.791e-08 0.5 1.96317 
4209590891 2.091e-08 0.33369201339072213 0.6663079866092778 
3462747 2.791e-08 0.3 3.150966 
3294683754 2.091e-08 0.5 0.5 
3532745758 1.4e-08 0.5 0.5 
3176785673 2.791e-08 0.5 2.775594 
811613008 3.971074e-08 0.3514162667328788 0.6485837332671212 
1866926464 2.791e-08 0.3 3.203992 
2555962951 3.3492e-07 0.33333333333333337 0.6666666666666666 
1503861029 2.791e-08 0.5 2.197807 
2451350669 2.791e-08 0.5 1.544302 
395113485 1.418901e-08 0.500000111182512 0.499999888817488 
1415695418 2.791e-08 0.3 3.365717 
3988949870 2.791e-08 0.5 2.286942 
3492274228 1.420934e-08 0.49230778050328194 0.5076922194967181 
907719639 1.420934e-08 0.49230778050328194 0.5076922194967181 
2729381062 2.791e-08 0.3 3.894261 
3314075649 1.420934e-08 0.49230778050328194 0.5076922194967181 
2542835646 1.3999999999999998e-08 0.9967857142857144 0.003214285714285614 
1156624510 2.791e-08 0.5 2.005013 
2066612683 1.4e-08 0.4000047295435597 0.5999952704564403 
