3392858646 2.791e-08 0.3 3.816401 
3228084226 2.791e-08 0.3 3.953171 
501991070 2.791e-08 0.3 4.072314 
392861532 2.791e-08 0.3 3.347551 
3443220506 2.791e-08 0.3 3.682034 
3015378843 2.791e-08 0.3 3.625184 
3919026803 2.791e-08 0.3 4.092343 
3245569981 2.791e-08 0.3 3.777765 
2757833455 2.791e-08 0.3 4.052334 
90391199 2.791e-08 0.3 3.606331 
1768543625 2.791e-08 0.3 3.992689 
1134132465 2.791e-08 0.3 3.972905 
1415695418 2.791e-08 0.3 3.365717 
2545005546 2.791e-08 0.3 3.186267 
769686034 2.791e-08 0.3 3.11586 
2956861855 2.791e-08 0.3 3.133389 
828787466 2.791e-08 0.3 3.701082 
754869367 2.791e-08 0.3 3.383931 
2429525676 2.791e-08 0.3 3.913848 
43001897 2.791e-08 0.3 3.47574 
476505668 2.791e-07 0.3 3.645247 
385785803 2.791e-08 0.3 3.420508 
3384709749 2.791e-08 0.3 3.720179 
865537991 2.791e-08 0.3 3.855233 
253808213 2.791e-08 0.3 3.275379 
251961497 2.791e-08 0.3 3.080951 
1533953788 2.791e-08 0.3 3.257459 
4274934102 2.791e-08 0.3 4.032403 
1236021306 2.791e-08 0.3 3.568774 
3475245566 2.791e-08 0.3 3.239587 
4028593304 2.791e-08 0.3 3.329435 
916523109 2.791e-08 0.3 3.494249 
2620740164 2.791e-08 0.5 2.501788 
129185354 2.791e-08 0.5 2.564938 
741863299 2.791e-08 0.5 1.921769 
1239791232 2.791e-08 0.5 2.709894 
29350397 2.791e-08 0.3 3.797059 
265770918 2.791e-08 0.3 3.06357 
300193622 2.791e-08 0.3 3.311367 
843517319 2.791e-08 0.3 3.45728 
2326007700 2.791e-08 0.5 2.994536 
2250757420 2.791e-08 0.3 3.835792 
2261252686 2.791e-08 0.5 2.858822 
3481866093 2.791e-08 0.3 3.758521 
3519923770 2.791e-08 0.3 3.046238 
3709881891 2.791e-08 0.3 3.550069 
426576124 3.0701e-07 0.3181818181818182 0.6818181818181819 
3037779432 2.791e-08 0.5 2.825384 
1866926464 1.4e-08 0.5980714285714286 0.4019285714285714 
3833318790 2.791e-08 0.5 2.875614 
3004792470 3.0701e-07 0.5 0.5 
164438789 2.791e-08 0.5 2.454941 
443746396 2.791e-08 0.5 2.677339 
888311950 2.791e-08 0.5 2.842078 
1565786989 1.424198e-08 0.5289830989882703 0.47101690101172966 
3428193420 2.791e-08 0.5 2.332171 
1037584679 2.791e-08 0.5 1.669806 
2856850640 2.791e-08 0.5 2.960313 
3737780296 6.4531512e-07 0.5027470850530525 0.49725291494694746 
3492274228 1.4e-08 0.26161605438573543 0.7383839456142646 
3562383954 1.423543e-08 0.5156286611639982 0.4843713388360018 
266059373 2.791e-08 0.3 3.438869 
732124878 2.791e-08 0.5 2.271963 
2190522392 2.791e-08 0.3 3.512807 
3268335666 2.791e-08 0.5 2.9774 
3121292019 1.424198e-08 0.5289830989882703 0.47101690101172966 
3279231079 2.791e-08 0.5 2.549077 
3891448235 1.400001e-08 0.996785002296427 0.0032149977035730304 
3294683754 1.423543e-08 0.5156286611639982 0.4843713388360018 
1347872676 2.791e-08 0.5 2.580848 
326805806 2.791e-08 0.5 2.628873 
1434594601 2.2825819999999998e-08 0.6113690548685655 0.3886309451314345 
739080713 2.791e-08 0.5 2.486124 
921425487 5.582e-08 0.4 0.6 
4287239676 1.459313e-08 0.4409555246723282 0.5590444753276718 
