2768642543 2.791e-08 0.3 3.874722 
3015378843 2.791e-08 0.3 3.625184 
2681375347 2.791e-08 0.3 3.531414 
4028593304 2.791e-08 0.3 3.329435 
2729381062 2.791e-08 0.3 3.894261 
3919026803 2.791e-08 0.3 4.092343 
997905375 2.791e-08 0.3 3.663035 
3800257563 2.791e-07 0.3 3.458677 
3228084226 2.791e-08 0.3 3.953171 
501991070 2.791e-08 0.3 4.072314 
1768543625 2.791e-08 0.3 3.992689 
4274934102 2.791e-08 0.3 4.032403 
3384709749 2.791e-08 0.3 3.720179 
843517319 2.791e-08 0.3 3.45728 
3708838243 2.791e-08 0.3 3.739326 
2261252686 2.791e-08 0.5 2.858822 
1533953788 2.791e-08 0.3 3.257459 
2757833455 2.791e-08 0.3 4.052334 
476505668 2.791e-07 0.3 3.645247 
3392858646 2.791e-08 0.3 3.816401 
443746396 2.791e-08 0.5 2.677339 
2250757420 2.791e-08 0.3 3.835792 
2555962951 2.791e-07 0.3 3.277007 
828787466 2.791e-08 0.3 3.701082 
1586980658 2.791e-08 0.3 3.402195 
1403705120 2.791e-07 0.3 3.836717 
3245569981 2.791e-08 0.3 3.777765 
1128709694 2.791e-08 0.3 3.587528 
3736894086 2.791e-08 0.5 2.596808 
754869367 2.791e-08 0.3 3.383931 
326805806 2.791e-08 0.5 2.628873 
2856850640 2.791e-08 0.5 2.960313 
2001290253 1.862927e-08 1.0 0.0 
3012070026 2.791e-08 0.5 2.808738 
266059373 2.791e-08 0.3 3.438869 
3475245566 2.791e-08 0.3 3.239587 
3519923770 2.791e-08 0.3 3.046238 
29350397 2.791e-08 0.3 3.797059 
921425487 2.791e-08 0.3 3.293348 
392861532 2.791e-08 0.3 3.347551 
426576124 5.3957073e-07 0.3792843433149163 0.6207156566850838 
251961497 2.791e-08 0.3 3.080951 
1134132465 2.791e-08 0.3 3.972905 
3176785673 2.791e-08 0.5 2.775594 
728028737 2.791e-08 0.3 3.098381 
3833318790 2.791e-08 0.5 2.875614 
2250879299 5.582e-08 0.5 0.5 
3004792470 3.0701e-07 0.5 0.5 
3490627259 2.791e-08 0.5 2.661134 
3481866093 2.791e-08 0.3 3.758521 
821115011 1.472778e-08 0.4999998566822337 0.5000001433177663 
1415695418 1.399999e-08 0.5980718557656113 0.4019281442343887 
618276123 2.791e-07 0.3 4.033088 
2848685905 1.458636e-08 0.31890524206633225 0.6810947579336677 
1382686479 1.434323e-08 0.47990306217696443 0.5200969378230356 
315200650 2.791e-08 0.5 2.517502 
1227575429 1.3999990000000003e-08 0.9967864262760185 0.0032135737239814555 
1507417240 2.791e-08 0.3 3.933485 
511603307 2.791e-08 0.5 1.853747 
911013108 2.791e-08 0.5 2.909347 
551137729 1.427543e-08 1.0 0.0 
1327969783 2.791e-08 0.5 2.067414 
1458432161 4.1909999999999996e-08 0.6659508470532093 0.3340491529467907 
4004407106 1.431889e-08 0.25713892240416225 0.7428610775958377 
2906924538 2.791e-08 0.5 2.317046 
2545005546 2.791e-08 0.3 3.186267 
265770918 2.791e-08 0.3 3.06357 
3268335666 2.791e-08 0.5 2.9774 
1664502715 5.582e-08 0.5 0.5 
1986278615 2.791e-08 0.5 0.5 
964813250 1.4e-08 0.9967857142857145 0.003214285714285503 
1037584679 1.4e-08 0.9967857142857143 0.003214285714285725 
2780384598 1.4e-08 0.4731697008100885 0.5268302991899114 
769686034 2.791e-08 0.3 3.11586 
2533881277 1.515741e-08 0.14376219288123732 0.8562378071187626 
2519559028 3.0701e-07 0.5 0.5 
90391199 2.791e-08 0.3 3.606331 
3059103076 1.446984e-08 0.4757039468652384 0.5242960531347616 
2584856907 1.4e-08 0.4999998566822335 0.5000001433177665 
1963165541 2.791e-08 0.5 2.423954 
651046398 1.916885e-08 0.36400201368365864 0.6359979863163414 
3775452048 1.3999989999999996e-08 0.996786426276019 0.0032135737239810114 
811613008 2.791e-08 0.5 2.612816 
4138371369 1.550236e-08 0.2367829461005803 0.7632170538994197 
875106938 1.4e-08 0.47990306217696443 0.5200969378230356 
2919535035 2.9301e-08 0.4999999837138858 0.5000000162861142 
2135013218 1.4e-08 0.9967857142857145 0.003214285714285503 
3382444416 2.791e-08 0.5 0.5 
2190522392 2.791e-08 0.3 3.512807 
77395223 1.434323e-08 0.47990306217696443 0.5200969378230356 
4093093422 2.119813e-08 0.34738389398610087 0.6526161060138991 
