865537991 2.791e-08 0.3 3.855233 
1236021306 2.791e-08 0.3 3.568774 
501991070 2.791e-08 0.3 4.072314 
1134132465 2.791e-08 0.3 3.972905 
754869367 2.791e-08 0.3 3.383931 
3392858646 2.791e-08 0.3 3.816401 
2190522392 2.791e-08 0.3 3.512807 
3443220506 2.791e-08 0.3 3.682034 
997905375 2.791e-08 0.3 3.663035 
426576124 2.791e-07 0.3 3.100238 
3015378843 2.791e-08 0.3 3.625184 
1415695418 2.791e-08 0.3 3.365717 
618276123 2.791e-07 0.3 4.033088 
3708838243 2.791e-08 0.3 3.739326 
1866926464 2.791e-08 0.3 3.203992 
1498734392 2.791e-08 0.3 4.012522 
300193622 2.791e-08 0.3 3.311367 
3228084226 2.791e-08 0.3 3.953171 
4188445920 2.791e-08 0.5 2.742646 
251961497 2.791e-08 0.3 3.080951 
2856850640 2.791e-08 0.5 2.960313 
3384709749 2.791e-08 0.3 3.720179 
4274934102 2.791e-08 0.3 4.032403 
392861532 2.791e-08 0.3 3.347551 
2757833455 2.791e-08 0.3 4.052334 
2429525676 2.791e-08 0.3 3.913848 
43001897 2.791e-08 0.3 3.47574 
126484229 2.791e-08 0.3 3.644085 
1227575429 2.791e-08 0.5 2.019059 
3245569981 2.791e-08 0.3 3.777765 
3838279446 2.791e-08 0.5 2.943275 
1434594601 2.791e-08 0.5 2.792141 
3481866093 2.791e-08 0.3 3.758521 
2729381062 2.791e-08 0.3 3.894261 
385785803 2.791e-08 0.3 3.420508 
1586980658 2.791e-08 0.3 3.402195 
3108364485 2.791e-08 0.3 3.028955 
1035492323 5.582e-08 0.5 0.5 
4226750145 2.791e-08 0.5 2.892456 
443746396 2.791e-08 0.5 2.677339 
2956861855 2.791e-08 0.3 3.133389 
3519923770 2.791e-08 0.3 3.046238 
911013108 2.791e-08 0.5 2.909347 
3709881891 2.791e-08 0.3 3.550069 
2681375347 2.791e-08 0.3 3.531414 
265770918 2.791e-08 0.3 3.06357 
888311950 2.791e-08 0.5 2.842078 
2250757420 2.791e-08 0.3 3.835792 
476505668 5.582e-07 0.3 0.7 
242414939 2.791e-08 0.5 1.483389 
29350397 2.791e-08 0.3 3.797059 
732124878 2.791e-08 0.5 2.271963 
3475245566 2.791e-08 0.3 3.239587 
1458665800 2.791e-08 0.5 1.96317 
199935986 2.791e-08 0.5 2.926287 
3268335666 2.791e-08 0.5 2.9774 
3059144981 1.472778e-08 0.4999999283411067 0.5000000716588933 
3176785673 2.791e-08 0.5 2.775594 
2298477853 2.791e-08 0.5 2.644979 
2480932170 5.582e-08 0.5 0.5 
2766526296 1.446657e-08 0.23413114700312224 0.7658688529968778 
2906924538 2.791e-08 0.5 2.317046 
2870158420 2.791e-08 0.5 2.081706 
1736323711 1.472778e-08 0.4999999283411067 0.5000000716588933 
1128709694 2.791e-08 0.3 3.587528 
728028737 2.791e-08 0.3 3.098381 
1061526795 1.426567e-08 0.5368057724274481 0.4631942275725519 
811613008 2.791e-08 0.5 2.612816 
326805806 2.791e-08 0.5 2.628873 
3177521820 1.4e-08 0.7222397810369156 0.27776021896308445 
4031050948 2.791e-07 0.5 2.928368 
551137729 1.437323e-08 0.4991238333488582 0.5008761666511419 
283080478 1.472778e-08 0.4999999283411067 0.5000000716588933 
238807518 1.40119e-08 0.13663201843533163 0.8633679815646684 
3006103420 1.4779710000000001e-08 0.4982431282226501 0.50175687177735 
2980075456 1.426567e-08 0.5368057724274481 0.4631942275725519 
2046636587 1.713667e-08 1.0 0.0 
3189348033 1.4e-08 0.9999999999999998 2.220446049250313e-16 
3168933829 1.621892e-08 0.45803892487350817 0.5419610751264918 
3012070026 2.791e-08 0.5 2.808738 
3872525629 1.600009e-08 0.4908196313203075 0.5091803686796925 
769315986 1.42299e-08 0.3587899714435424 0.6412100285564576 
3182159117 1.48316e-08 0.5108766724843271 0.4891233275156729 
2025893757 1.407398e-08 0.3313046212872717 0.6686953787127283 
3197676583 2.392419e-08 0.5833008348454012 0.4166991651545988 
2501379955 1.456593e-08 0.5201946223563169 0.47980537764368314 
2272534990 1.509941e-08 0.23067946032328418 0.7693205396767158 
301219709 1.511936e-08 0.4870503079907869 0.5129496920092131 
2542835646 1.4000010000000003e-08 0.9967850022964269 0.0032149977035731414 
1768543625 2.791e-08 0.3 3.992689 
1441326850 1.4e-08 0.5412231334178488 0.4587768665821512 
1382686479 1.445401e-08 0.32182533889672604 0.678174661103274 
4088691616 1.401311e-08 0.339104953381993 0.660895046618007 
312808672 1.4e-08 1.0 0.0 
3357643131 1.399999e-08 0.9967864262760188 0.0032135737239812334 
3356410364 1.4e-08 0.5175597855023999 0.4824402144976001 
451270221 1.4e-08 0.7222392651517262 0.2777607348482738 
2269474534 1.4e-08 0.5336077642943617 0.46639223570563826 
