865537991 2.791e-08 0.3 3.855233 
825415804 2.791e-08 0.3 3.011721 
1586980658 2.791e-08 0.3 3.402195 
2757833455 2.791e-08 0.3 4.052334 
828787466 2.791e-08 0.3 3.701082 
253808213 2.791e-08 0.3 3.275379 
739080713 2.791e-08 0.5 2.486124 
2429525676 2.791e-08 0.3 3.913848 
3708838243 2.791e-08 0.3 3.739326 
4274934102 2.791e-08 0.3 4.032403 
126484229 2.791e-08 0.3 3.644085 
2768642543 2.791e-08 0.3 3.874722 
1236021306 2.791e-08 0.3 3.568774 
3800257563 3.0701e-07 0.3 0.7 
921425487 2.791e-08 0.3 3.293348 
1533953788 2.791e-08 0.3 3.257459 
618276123 2.791e-07 0.3 4.033088 
1134132465 2.791e-08 0.3 3.972905 
2326007700 2.791e-08 0.5 2.994536 
266059373 2.791e-08 0.3 3.438869 
3709881891 2.791e-08 0.3 3.550069 
392861532 2.791e-08 0.3 3.347551 
251961497 2.791e-08 0.3 3.080951 
4028593304 2.791e-08 0.3 3.329435 
728028737 2.791e-08 0.3 3.098381 
3245569981 2.791e-08 0.3 3.777765 
3384709749 2.791e-08 0.3 3.720179 
326805806 2.791e-08 0.5 2.628873 
501991070 2.791e-08 0.3 4.072314 
2956861855 2.791e-08 0.3 3.133389 
3228084226 2.791e-08 0.3 3.953171 
2046083849 2.791e-08 0.5 2.053171 
290926289 2.791e-08 0.5 2.408534 
769686034 2.791e-08 0.3 3.11586 
1415695418 2.791e-08 0.3 3.365717 
15308464 1.472778e-08 0.29999995700466414 0.7000000429953359 
1498734392 2.791e-08 0.3 4.012522 
2190522392 2.791e-08 0.3 3.512807 
3838279446 2.791e-08 0.5 2.943275 
2250757420 2.791e-08 0.3 3.835792 
1403705120 2.791e-07 0.3 3.836717 
3268335666 2.791e-08 0.5 2.9774 
1768543625 2.791e-08 0.3 3.992689 
443746396 2.791e-08 0.5 2.677339 
1945735688 1.418716e-08 0.5735749837972046 0.4264250162027954 
1945448119 1.472778e-08 0.29999995700466414 0.7000000429953359 
1664502715 2.791e-08 0.5 2.726246 
472358284 1.4e-08 0.3155952404838681 0.6844047595161319 
3528190190 1.431889e-08 0.15428337555404617 0.8457166244459539 
3108364485 2.791e-08 0.3 3.028955 
2489195127 1.529081e-08 1.0 0.0 
2911053862 2.791e-08 0.5 2.533265 
2545005546 2.791e-08 0.3 3.186267 
3176785673 2.791e-08 0.5 2.775594 
3707879645 1.407328e-08 0.24789885513540558 0.7521011448645945 
3012070026 2.791e-08 0.5 2.808738 
754869367 2.791e-08 0.3 3.383931 
3392858646 2.791e-08 0.3 3.816401 
1651612823 1.4000000000000003e-08 0.996785714285714 0.003214285714285947 
1507417240 1.4e-08 0.5980714285714286 0.4019285714285714 
2710766136 2.791e-08 0.5 2.759095 
1541925803 1.612041e-08 0.28330718444843594 0.716692815551564 
2606325002 1.612041e-08 0.28330718444843594 0.716692815551564 
2066612683 1.4e-08 1.0 0.0 
741863299 1.4e-08 0.9967857142857143 0.003214285714285725 
29350397 2.791e-08 0.3 3.797059 
511603307 1.4000000000000001e-08 0.9967857142857142 0.003214285714285836 
3443220506 2.791e-08 0.3 3.682034 
43001897 1.4e-08 0.5980714285714286 0.4019285714285714 
2519559028 3.7849e-07 0.4839213057148141 0.5160786942851858 
3934203265 1.4e-08 0.9967850022964269 0.0032149977035731414 
1965662198 1.679799e-08 0.2492261725283286 0.7507738274716714 
3833318790 2.791e-08 0.5 2.875614 
110358663 1.74325e-08 0.49999964170573863 0.5000003582942614 
2205180068 1.4e-08 0.9967857142857143 0.003214285714285725 
3528332227 1.512488e-08 0.49219829079117605 0.507801709208824 
118566979 1.4e-08 0.6774140113605349 0.3225859886394651 
3678948817 1.529081e-08 1.0 0.0 
310481256 1.472778e-08 0.29999995700466414 0.7000000429953359 
3211480542 1.4e-08 1.0 0.0 
