501991070 2.791e-08 0.3 4.072314 
618276123 2.791e-07 0.3 4.033088 
2757833455 2.791e-08 0.3 4.052334 
2429525676 2.791e-08 0.3 3.913848 
3800257563 2.791e-07 0.3 3.458677 
392861532 2.791e-08 0.3 3.347551 
1507417240 2.791e-08 0.3 3.933485 
728028737 2.791e-08 0.3 3.098381 
3384709749 2.791e-08 0.3 3.720179 
3015378843 2.791e-08 0.3 3.625184 
2729381062 2.791e-08 0.3 3.894261 
1134132465 2.791e-08 0.3 3.972905 
3392858646 2.791e-08 0.3 3.816401 
916523109 2.791e-08 0.3 3.494249 
385785803 2.791e-08 0.3 3.420508 
3245569981 2.791e-08 0.3 3.777765 
126484229 2.791e-08 0.3 3.644085 
1236021306 2.791e-08 0.3 3.568774 
811613008 2.791e-08 0.5 2.612816 
2190522392 2.791e-08 0.3 3.512807 
2250757420 2.791e-08 0.3 3.835792 
828787466 2.791e-08 0.3 3.701082 
865537991 2.791e-08 0.3 3.855233 
754869367 2.791e-08 0.3 3.383931 
2681375347 2.791e-08 0.3 3.531414 
3708838243 2.791e-08 0.3 3.739326 
1533953788 2.791e-08 0.3 3.257459 
476505668 3.3492e-07 0.30000000000000004 0.7 
1498734392 2.791e-08 0.3 4.012522 
29350397 2.791e-08 0.3 3.797059 
1403705120 2.791e-07 0.3 3.836717 
2555962951 2.791e-07 0.3 3.277007 
2956861855 2.791e-08 0.3 3.133389 
4274934102 2.791e-08 0.3 4.032403 
888311950 8.373e-08 0.5 0.5 
3774459889 2.791e-08 0.5 1.773738 
2984600922 2.791e-07 0.5 2.289893 
2710766136 2.791e-08 0.5 2.759095 
843517319 2.791e-08 0.3 3.45728 
3519923770 2.791e-08 0.3 3.046238 
1246511018 1.527166e-08 0.4568920470990056 0.5431079529009943 
251961497 2.791e-08 0.3 3.080951 
2173231515 1.402224e-08 0.49999994625582816 0.5000000537441718 
1664502715 2.791e-08 0.5 2.726246 
3891448235 2.791e-08 0.5 2.242153 
2029773149 1.402224e-08 0.49999994625582816 0.5000000537441718 
1565786989 1.410525e-08 0.4438591622340425 0.5561408377659576 
3443220506 2.527668e-08 0.3312539463252294 0.6687460536747706 
1998372786 2.091e-08 0.33369201339072213 0.6663079866092778 
2620740164 2.791e-08 0.5 2.501788 
3933289935 2.791e-08 0.5 1.84029 
659524895 2.791e-08 0.5 2.110437 
265770918 2.791e-08 0.3 3.06357 
3490627259 2.791e-08 0.5 2.661134 
997905375 2.791e-08 0.3 3.663035 
3953846011 2.791e-08 0.5 1.991016 
463844675 1.701246e-08 0.17336931942972578 0.8266306805702742 
1434498202 2.791e-08 0.5 1.760575 
2466232951 2.791e-08 0.5 2.139364 
2024675612 1.424484e-08 0.48274557694611764 0.5172544230538824 
1405660995 1.4e-08 0.9967857142857142 0.003214285714285836 
3382444416 5.582e-08 0.5 0.5 
1382686479 2.091e-08 0.46716881874701094 0.5328311812529891 
3481866093 2.791e-08 0.3 3.758521 
4032129539 1.4e-08 0.581190461261535 0.41880953873846505 
3838279446 2.791e-08 0.5 2.943275 
199935986 2.791e-08 0.5 2.926287 
3678948817 1.446479e-08 0.5185160087163847 0.4814839912836153 
1771264541 1.419076e-08 0.49273639616469134 0.5072636038353087 
964813250 1.414624e-08 0.4995543937932571 0.5004456062067428 
1913762779 1.446479e-08 0.5185160087163847 0.4814839912836153 
1768543625 2.791e-08 0.3 3.992689 
3467386575 1.414624e-08 0.4995543937932571 0.5004456062067428 
769686034 2.78599e-08 0.3005394850663498 0.6994605149336501 
1128709694 2.791e-08 0.3 3.587528 
4188445920 2.791e-08 0.5 2.742646 
538453177 2.091e-08 0.33369201339072213 0.6663079866092778 
1837234470 1.4882340000000001e-08 0.4693138912431416 0.5306861087568584 
3279231079 1.4e-08 0.9967857142857143 0.003214285714285725 
241690685 1.414624e-08 0.4995543937932571 0.5004456062067428 
2074240873 2.791e-08 0.5 2.168487 
3824069879 2.288038e-08 0.9758579184436622 0.02414208155633779 
3642829293 2.804448e-08 0.49999994625582816 0.5000000537441718 
