3919026803 2.791e-08 0.3 4.092343 
2729381062 2.791e-08 0.3 3.894261 
1128709694 2.791e-08 0.3 3.587528 
43001897 2.791e-08 0.3 3.47574 
3245569981 2.791e-08 0.3 3.777765 
2710766136 2.791e-08 0.5 2.759095 
443746396 2.791e-08 0.5 2.677339 
921425487 2.791e-08 0.3 3.293348 
843517319 2.791e-08 0.3 3.45728 
865537991 2.791e-08 0.3 3.855233 
1403705120 2.791e-07 0.3 3.836717 
3443220506 2.791e-08 0.3 3.682034 
29350397 2.791e-08 0.3 3.797059 
3709881891 2.791e-08 0.3 3.550069 
3393811039 1.97216e-08 0.5 0.5 
916523109 2.791e-08 0.3 3.494249 
2909632847 1.63768e-08 0.5 0.5 
476505668 2.791e-07 0.3 3.645247 
1541946641 2.791e-08 0.5 1.813522 
266059373 2.791e-08 0.3 3.438869 
3176785673 2.791e-08 0.5 2.775594 
1768543625 2.791e-08 0.3 3.992689 
3330100144 1.706862e-08 0.4943539665186758 0.5056460334813242 
3384709749 2.791e-08 0.3 3.720179 
2768642543 2.791e-08 0.3 3.874722 
126484229 2.791e-08 0.3 3.644085 
77395223 1.419274e-08 0.4671823755988264 0.5328176244011735 
1498734392 2.161768e-08 0.38732185877485464 0.6126781412251454 
66296937 1.419274e-08 0.4671823755988264 0.5328176244011735 
879162223 1.4e-08 0.40000000000000036 0.5999999999999996 
1543523724 1.458727e-08 0.3166667801266379 0.6833332198733622 
3303338876 1.835793e-08 1.0 0.0 
1503861029 2.791e-08 0.5 2.197807 
4019363830 1.419274e-08 0.4671823755988264 0.5328176244011735 
3592986772 1.419274e-08 0.4671823755988264 0.5328176244011735 
3986570268 1.419274e-08 0.4671823755988264 0.5328176244011735 
906368509 1.419274e-08 0.4671823755988264 0.5328176244011735 
1837234470 1.419274e-08 0.4671823755988264 0.5328176244011735 
3708838243 2.791e-08 0.3 3.739326 
2597880038 1.458727e-08 0.3166667801266379 0.6833332198733622 
2956861855 1.4e-08 0.5980714285714286 0.4019285714285714 
2892683898 1.419274e-08 0.4671823755988264 0.5328176244011735 
3833318790 2.791e-08 0.5 2.875614 
2250757420 2.791e-08 0.3 3.835792 
326805806 2.791e-08 0.5 2.628873 
2027098952 1.50517e-08 0.3068958205211306 0.6931041794788694 
2138100036 2.091e-08 0.5 0.5 
4274934102 2.7033339999999997e-08 0.3097286535810966 0.6902713464189034 
552498239 1.415404e-08 0.377248912300658 0.6227510876993421 
3967778277 1.415404e-08 0.377248912300658 0.6227510876993421 
90391199 2.791e-08 0.3 3.606331 
2378434411 1.458727e-08 0.3166667801266379 0.6833332198733622 
3012889883 1.458727e-08 0.3166667801266379 0.6833332198733622 
3099973400 1.458727e-08 0.3166667801266379 0.6833332198733622 
1878784256 1.4e-08 0.9967857142857143 0.003214285714285725 
722767024 1.4e-08 0.5150207709371477 0.4849792290628523 
2475979558 1.415404e-08 0.377248912300658 0.6227510876993421 
1601889739 1.4e-08 0.5174829027666689 0.48251709723333114 
1314810707 1.4e-08 0.49106796992481144 0.5089320300751885 
1664502715 2.791e-08 0.5 2.726246 
3201932102 1.415404e-08 0.377248912300658 0.6227510876993421 
3459912306 1.5294210000000002e-08 0.4562183989888984 0.5437816010111016 
3449694611 1.415404e-08 0.377248912300658 0.6227510876993421 
1831065885 1.415404e-08 0.377248912300658 0.6227510876993421 
2856850640 4.206404e-08 0.45869574569299587 0.5413042543070041 
2622395779 1.424864e-08 0.16209630609440276 0.8379036939055973 
1449522982 1.4e-08 0.23680707105201745 0.7631929289479825 
3279439195 1.4e-08 0.3813997281900004 0.6186002718099997 
