3245569981 2.791e-08 0.3 3.777765 
1403705120 3.0701e-07 0.3 0.7 
2768642543 2.791e-08 0.3 3.874722 
3228084226 2.791e-08 0.3 3.953171 
2429525676 2.791e-08 0.3 3.913848 
997905375 2.791e-08 0.3 3.663035 
501991070 5.582e-08 0.3 0.7 
1498734392 2.791e-08 0.3 4.012522 
3015378843 2.791e-08 0.3 3.625184 
3919026803 2.791e-08 0.3 4.092343 
865537991 2.791e-08 0.3 3.855233 
2545005546 2.791e-08 0.3 3.186267 
2956861855 2.791e-08 0.3 3.133389 
3800257563 3.0701e-07 0.3 0.7 
300193622 2.791e-08 0.3 3.311367 
921425487 2.791e-08 0.3 3.293348 
3384709749 2.791e-08 0.3 3.720179 
2681375347 2.791e-08 0.3 3.531414 
769686034 2.791e-08 0.3 3.11586 
4274934102 2.791e-08 0.3 4.032403 
3475245566 2.791e-08 0.3 3.239587 
618276123 2.791e-07 0.3 4.033088 
2408568032 2.791e-08 0.5 1.644313 
1134132465 2.791e-08 0.3 3.972905 
3888264012 1.458727e-08 0.5000000895736454 0.4999999104263546 
3708838243 2.791e-08 0.3 3.739326 
129185354 2.791e-08 0.5 2.564938 
2312786130 1.458727e-08 0.5000000895736454 0.4999999104263546 
1586980658 2.791e-08 0.3 3.402195 
1931993247 1.458727e-08 0.5000000895736454 0.4999999104263546 
375852842 1.4e-08 0.5000000895736454 0.4999999104263546 
1415695418 2.791e-08 0.3 3.365717 
1664502715 1.399999e-08 0.9967864262760188 0.0032135737239812334 
3176785673 2.791e-08 0.5 2.775594 
3736894086 2.791e-08 0.5 2.596808 
2620740164 2.791e-08 0.5 2.501788 
2962530363 1.458727e-08 0.5000000895736454 0.4999999104263546 
1963165541 2.791e-08 0.5 2.423954 
690117576 1.458727e-08 0.5000000895736454 0.4999999104263546 
476505668 3.0701e-07 0.3 0.7 
2911053862 2.791e-08 0.5 2.533265 
90391199 4.249727e-08 0.36865041699466694 0.6313495830053331 
126484229 2.791e-08 0.3 3.644085 
4031050948 3.0701e-07 0.5 0.5 
315200650 2.791e-08 0.5 2.517502 
2789348510 1.959059e-08 0.35616543942086576 0.6438345605791342 
888311950 2.791e-08 0.5 2.842078 
3481866093 2.791e-08 0.3 3.758521 
739080713 2.791e-08 0.5 2.486124 
2489195127 1.461952e-08 0.5000000194823562 0.4999999805176438 
754560055 1.424864e-08 0.25594149008729783 0.7440585099127022 
2681498831 1.45132e-08 0.5184566397412605 0.48154336025873945 
2654473721 1.4e-08 0.314623017827233 0.685376982172767 
2326007700 2.791e-08 0.5 2.994536 
828787466 2.791e-08 0.3 3.701082 
911013108 2.791e-08 0.5 2.909347 
2063946235 1.458727e-08 0.5000000895736454 0.4999999104263546 
2110688926 1.428292e-08 0.314623017827233 0.685376982172767 
3284371529 1.426168e-08 0.49591552770102576 0.5040844722989742 
1471982444 1.458727e-08 0.5000000895736454 0.4999999104263546 
3967778277 1.428292e-08 0.314623017827233 0.685376982172767 
2074240873 2.791e-08 0.5 2.168487 
2710766136 2.791e-08 0.5 2.759095 
2261252686 2.791e-08 0.5 2.858822 
2622395779 1.456033e-08 0.49377794015516496 0.506222059844835 
4185666246 1.4e-08 0.5135406968128179 0.4864593031871821 
3519923770 2.791e-08 0.3 3.046238 
356405251 1.458727e-08 0.5000000895736454 0.4999999104263546 
346987663 1.428292e-08 0.314623017827233 0.685376982172767 
2704180049 1.428292e-08 0.314623017827233 0.685376982172767 
2065940037 1.426168e-08 0.49591552770102576 0.5040844722989742 
2367820772 1.428292e-08 0.314623017827233 0.685376982172767 
4088625113 1.4e-08 0.9967864262760189 0.0032135737239811224 
2353028958 1.452644e-08 0.49099563745224506 0.5090043625477549 
1298902656 1.423433e-08 0.9999999999999851 1.4876988529977098e-14 
3372193553 1.465267e-08 0.1533418617147913 0.8466581382852088 
