4274934102 2.791e-08 0.3 4.032403 
2768642543 2.791e-08 0.3 3.874722 
828787466 2.791e-08 0.3 3.701082 
2757833455 2.791e-08 0.3 4.052334 
3015378843 2.791e-08 0.3 3.625184 
1134132465 2.791e-08 0.3 3.972905 
4028593304 2.791e-08 0.3 3.329435 
2250757420 2.791e-08 0.3 3.835792 
29350397 2.791e-08 0.3 3.797059 
126484229 2.791e-08 0.3 3.644085 
43001897 2.791e-08 0.3 3.47574 
865537991 2.791e-08 0.3 3.855233 
2956861855 2.791e-08 0.3 3.133389 
997905375 2.791e-08 0.3 3.663035 
2555962951 2.791e-07 0.3 3.277007 
2916276788 1.734937e-08 0.23586562509186215 0.7641343749081378 
392861532 2.791e-08 0.3 3.347551 
3228084226 2.791e-08 0.3 3.953171 
90391199 2.791e-08 0.3 3.606331 
476505668 3.0701e-07 0.3181818181818182 0.6818181818181819 
1768543625 2.791e-08 0.3 3.992689 
3833318790 2.791e-08 0.5 2.875614 
2211003714 1.734937e-08 0.23586562509186215 0.7641343749081378 
1403705120 2.791e-07 0.3 3.836717 
3708838243 2.791e-08 0.3 3.739326 
1586980658 2.791e-08 0.3 3.402195 
2729381062 2.791e-08 0.3 3.894261 
3108364485 2.791e-08 0.3 3.028955 
3392858646 2.791e-08 0.3 3.816401 
266059373 2.791e-08 0.3 3.438869 
2519559028 2.9644937000000003e-07 0.48454182918317545 0.5154581708168245 
3642829293 1.458727e-08 0.5000000895736454 0.4999999104263546 
2911053862 2.791e-08 0.5 2.533265 
251961497 2.791e-08 0.3 3.080951 
3824069879 1.433252e-08 1.0 0.0 
501991070 2.791e-08 0.3 4.072314 
1498734392 2.791e-08 0.3 4.012522 
728028737 2.791e-08 0.3 3.098381 
2190522392 2.791e-08 0.3 3.512807 
315200650 2.791e-08 0.5 2.517502 
1128709694 2.791e-08 0.3 3.587528 
3481866093 2.791e-08 0.3 3.758521 
4093093422 1.408571e-08 0.49999968947827755 0.5000003105217224 
199935986 2.791e-08 0.5 2.926287 
2429525676 2.791e-08 0.3 3.913848 
1382686479 1.447508e-08 0.49999999999999967 0.5000000000000003 
3059103076 1.456079e-08 0.49705682177958715 0.5029431782204128 
300193622 2.791e-08 0.3 3.311367 
1249238030 1.408571e-08 0.49999968947827755 0.5000003105217224 
921425487 5.582e-08 0.4 0.6 
3800257563 2.791e-07 0.3 3.458677 
618276123 3.3492e-07 0.30000000000000004 0.7 
3736894086 2.791e-08 0.5 2.596808 
769686034 2.791e-08 0.3 3.11586 
129185354 2.791e-08 0.5 2.564938 
1347872676 2.791e-08 0.5 2.580848 
15308464 1.734937e-08 0.23586562509186215 0.7641343749081378 
4188445920 2.791e-08 0.5 2.742646 
1960974751 1.412845e-08 0.44788948357218683 0.5521105164278132 
1019134040 2.791e-08 0.5 2.096047 
474866315 1.458727e-08 0.5000000895736454 0.4999999104263546 
2504591099 2.791e-08 0.5 2.693592 
3933289935 2.791e-08 0.5 1.84029 
3434666020 1.412845e-08 0.44788948357218683 0.5521105164278132 
1086559163 1.4e-08 0.6117713487596448 0.3882286512403552 
2545005546 2.791e-08 0.3 3.186267 
695939830 1.4e-08 0.996785714285714 0.003214285714285947 
1425083048 2.791e-08 0.5 1.070723 
174500547 1.447508e-08 0.49999999999999967 0.5000000000000003 
1664502715 2.791e-08 0.5 2.726246 
175860597 2.0554910000000002e-08 0.23420168423638987 0.7657983157636101 
579073438 1.412845e-08 0.44788948357218683 0.5521105164278132 
3707800333 1.412845e-08 0.44788948357218683 0.5521105164278132 
2622395779 1.412845e-08 0.44788948357218683 0.5521105164278132 
754869367 2.791e-08 0.3 3.383931 
3126241903 2.791e-08 0.7 0.708406 
253808213 2.791e-08 0.3 3.275379 
393090083 1.412845e-08 0.44788948357218683 0.5521105164278132 
2733144751 1.4e-08 0.5169675121196514 0.4830324878803486 
3633199892 1.768403e-08 0.3538362013636031 0.6461637986363968 
