4274934102 2.791e-08 0.3 4.032403 
2757833455 2.791e-08 0.3 4.052334 
1507417240 2.791e-08 0.3 3.933485 
90391199 2.791e-08 0.3 3.606331 
3919026803 2.791e-08 0.3 4.092343 
385785803 2.791e-08 0.3 3.420508 
916523109 2.791e-08 0.3 3.494249 
3228084226 2.791e-08 0.3 3.953171 
3708838243 2.791e-08 0.3 3.739326 
501991070 2.791e-08 0.3 4.072314 
1415695418 2.791e-08 0.3 3.365717 
126484229 2.791e-08 0.3 3.644085 
4028593304 2.791e-08 0.3 3.329435 
3384709749 2.791e-08 0.3 3.720179 
266059373 2.791e-08 0.3 3.438869 
843517319 2.791e-08 0.3 3.45728 
2205180068 2.791e-08 0.5 1.747461 
426576124 3.0701e-07 0.3 0.7 
1586980658 2.791e-08 0.3 3.402195 
265770918 2.791e-08 0.3 3.06357 
392861532 2.791e-08 0.3 3.347551 
2768642543 2.791e-08 0.3 3.874722 
2545005546 2.791e-08 0.3 3.186267 
290926289 2.791e-08 0.5 2.408534 
1498734392 2.791e-08 0.3 4.012522 
1134132465 2.791e-08 0.3 3.972905 
3245569981 2.791e-08 0.3 3.777765 
2555962951 2.791e-07 0.3 3.277007 
1236021306 2.791e-08 0.3 3.568774 
2429525676 2.791e-08 0.3 3.913848 
997905375 2.791e-08 0.3 3.663035 
3392858646 2.791e-08 0.3 3.816401 
2261252686 2.791e-08 0.5 2.858822 
3490627259 2.791e-08 0.5 2.661134 
828787466 2.791e-08 0.3 3.701082 
2298477853 2.791e-08 0.5 2.644979 
2729381062 2.791e-08 0.3 3.894261 
3519923770 2.791e-08 0.3 3.046238 
921425487 2.791e-08 0.3 3.293348 
3108364485 2.791e-08 0.3 3.028955 
754869367 2.791e-08 0.3 3.383931 
4226750145 2.791e-08 0.5 2.892456 
769686034 2.791e-08 0.3 3.11586 
300193622 2.791e-08 0.3 3.311367 
911013108 2.791e-08 0.5 2.909347 
1866926464 2.791e-08 0.3 3.203992 
3800257563 2.791e-07 0.3 3.458677 
1434594601 2.791e-08 0.5 2.792141 
2519559028 2.791e-07 0.5 2.761399 
4031050948 2.791e-07 0.5 2.928368 
838860310 2.791e-08 0.5 2.439423 
29350397 2.791e-08 0.3 3.797059 
2250757420 2.791e-08 0.3 3.835792 
4061687915 2.791e-08 0.5 2.227322 
1078741991 1.411729e-08 0.5070562607156027 0.4929437392843973 
3709881891 2.791e-08 0.3 3.550069 
2856850640 2.791e-08 0.5 2.960313 
2326007700 2.791e-08 0.5 2.994536 
3481866093 2.791e-08 0.3 3.758521 
732124878 2.791e-08 0.5 2.271963 
1533953788 2.791e-08 0.3 3.257459 
2681375347 2.791e-08 0.3 3.531414 
2956861855 2.791e-08 0.3 3.133389 
1239791232 2.791e-08 0.5 2.709894 
199935986 2.791e-08 0.5 2.926287 
3015378843 2.791e-08 0.3 3.625184 
3443220506 2.791e-08 0.3 3.682034 
4198169764 1.407292e-08 0.5220479693063477 0.47795203069365233 
2250775120 1.500508e-08 0.6805089229306959 0.31949107706930413 
3176785673 2.791e-08 0.5 2.775594 
888311950 2.791e-08 0.5 2.842078 
3838279446 2.791e-08 0.5 2.943275 
3833318790 2.791e-08 0.5 2.875614 
1471982444 1.708473e-08 0.4084056347393257 0.5915943652606743 
690117576 1.4e-08 0.36468181533174737 0.6353181846682526 
739080713 2.791e-08 0.5 2.486124 
1503861029 1.399999e-08 0.9967864262760188 0.0032135737239812334 
762210064 1.4373679999999999e-08 0.5075529443136113 0.4924470556863887 
2695808785 1.4e-08 0.4940056361244726 0.5059943638755273 
2171266278 1.4e-08 0.9967857142857143 0.003214285714285725 
3737780296 3.0701e-07 0.5 0.5 
1298902656 1.4e-08 0.3646819407186163 0.6353180592813836 
3526559023 1.405675e-08 0.4502025446041146 0.5497974553958854 
2875471576 1.407292e-08 0.5220479693063477 0.47795203069365233 
571790981 1.4e-08 0.5211002574729763 0.4788997425270237 
2308303797 1.4e-08 0.5211002574729765 0.4788997425270235 
4175762635 1.4e-08 0.6884454418505828 0.31155455814941724 
3428193420 2.791e-08 0.5 2.332171 
3268335666 2.791e-08 0.5 2.9774 
1501621654 1.4e-08 0.5211002574729762 0.47889974252702383 
1035956119 1.411729e-08 0.5070562607156027 0.4929437392843973 
1804212609 1.411729e-08 0.5070562607156027 0.4929437392843973 
149784911 1.458727e-08 0.5000000895736454 0.4999999104263546 
3147695692 1.411729e-08 0.5070562607156027 0.4929437392843973 
1285693762 1.411729e-08 0.5070562607156027 0.4929437392843973 
3179285865 1.411729e-08 0.5070562607156027 0.4929437392843973 
2723643411 1.411729e-08 0.5070562607156027 0.4929437392843973 
15308464 1.411729e-08 0.5070562607156027 0.4929437392843973 
3330100144 1.411729e-08 0.5070562607156027 0.4929437392843973 
