1768543625 2.791e-08 0.1 3.992689 
2429525676 2.791e-08 0.1 3.913848 
3800257563 2.791e-07 0.1 3.458677 
1533953788 2.791e-08 0.1 3.257459 
3708838243 2.791e-08 0.1 3.739326 
3245569981 2.791e-08 0.1 3.777765 
1963165541 2.791e-08 0.3 2.423954 
1434594601 2.791e-08 0.3 2.792141 
392861532 2.791e-08 0.1 3.347551 
90391199 2.791e-08 0.1 3.606331 
3519923770 2.791e-08 0.1 3.046238 
43001897 2.791e-08 0.1 3.47574 
3709881891 2.791e-08 0.1 3.550069 
1128709694 2.791e-08 0.1 3.587528 
2190522392 2.791e-08 0.1 3.512807 
865537991 2.791e-08 0.1 3.855233 
1236021306 2.791e-08 0.1 3.568774 
828787466 2.791e-08 0.1 3.701082 
1134132465 2.791e-08 0.1 3.972905 
769686034 2.791e-08 0.1 3.11586 
126484229 2.791e-08 0.1 3.644085 
476505668 2.791e-07 0.1 3.645247 
2757833455 2.791e-08 0.1 4.052334 
385785803 2.791e-08 0.1 3.420508 
754869367 2.791e-08 0.1 3.383931 
916523109 2.791e-08 0.1 3.494249 
3108364485 2.791e-08 0.1 3.028955 
253808213 2.791e-08 0.1 3.275379 
2261252686 2.791e-08 0.3 2.858822 
1507417240 2.791e-08 0.1 3.933485 
3228084226 2.791e-08 0.1 3.953171 
1586980658 2.791e-08 0.1 3.402195 
2729381062 2.791e-08 0.1 3.894261 
2856850640 2.791e-08 0.3 2.960313 
3443220506 2.791e-08 0.1 3.682034 
2681375347 2.791e-08 0.1 3.531414 
843517319 2.791e-08 0.1 3.45728 
3833318790 2.791e-08 0.3 2.875614 
443746396 2.791e-08 0.3 2.677339 
2906924538 2.791e-08 0.3 2.317046 
164438789 2.791e-08 0.3 2.454941 
2669757562 2.791e-08 0.1 3.221765 
598947138 2.791e-08 0.3 2.033153 
3268335666 2.791e-08 0.3 2.9774 
1403705120 2.791e-07 0.1 3.836717 
825415804 2.791e-08 0.1 3.011721 
3838279446 2.791e-08 0.3 2.943275 
732124878 2.791e-08 0.3 2.271963 
3384709749 2.791e-08 0.1 3.720179 
3012070026 2.791e-08 0.3 2.808738 
2440120768 2.791e-08 0.3 2.257034 
659524895 1.4612639999999998e-08 0.5729970765036299 0.42700292349637015 
3462747 2.791e-08 0.1 3.150966 
2911053862 2.791e-08 0.3 2.533265 
838860310 2.791e-08 0.3 2.439423 
3485819286 1.420263e-08 0.28451991852397424 0.7154800814760258 
300193622 2.791e-08 0.1 3.311367 
4061687915 2.791e-08 0.3 2.227322 
1239791232 2.791e-08 0.3 2.709894 
1503861029 2.791e-08 0.3 2.197807 
888311950 2.791e-08 0.3 2.842078 
29350397 2.791e-08 0.1 3.797059 
2545005546 2.791e-08 0.1 3.186267 
953296898 2.791e-08 0.3 1.342198 
811613008 2.791e-08 0.3 2.612816 
3814978291 1.41531e-08 0.2971586068791319 0.7028413931208681 
3737780296 1.41582142e-06 0.24216929462724743 0.7578307053727525 
4138371369 1.41531e-08 0.2971586068791319 0.7028413931208681 
1292023300 1.427777e-08 0.32872920688042384 0.6712707931195762 
2604064924 1.41531e-08 0.2971586068791319 0.7028413931208681 
1275089537 1.4e-08 0.300408248501503 0.6995917514984971 
3241671100 1.4e-08 0.5980714285714286 0.4019285714285714 
821115011 2.434593e-08 0.30000008957365665 0.6999999104263434 
