3015378843 2.791e-08 0.1 3.625184 
3443220506 2.791e-08 0.1 3.682034 
1533953788 2.791e-08 0.1 3.257459 
43001897 2.791e-08 0.1 3.47574 
1498734392 2.791e-08 0.1 4.012522 
3384709749 2.791e-08 0.1 3.720179 
2956861855 2.791e-08 0.1 3.133389 
828787466 2.791e-08 0.1 3.701082 
90391199 2.791e-08 0.1 3.606331 
3708838243 2.791e-08 0.1 3.739326 
251961497 2.791e-08 0.1 3.080951 
2173231515 2.091e-08 0.06673840267814443 0.9332615973218555 
2250757420 2.791e-08 0.1 3.835792 
4226750145 2.791e-08 0.3 2.892456 
2729381062 2.791e-08 0.1 3.894261 
740082705 2.091e-08 0.06673840267814443 0.9332615973218555 
102901530 2.791e-08 0.3 1.867253 
1507417240 1.4e-08 0.19935714285714287 0.8006428571428571 
2250775120 1.420345e-08 0.3000000012668584 0.6999999987331416 
2757833455 2.791e-08 0.1 4.052334 
2261252686 2.791e-08 0.3 2.858822 
811613008 2.791e-08 0.3 2.612816 
754869367 2.791e-08 0.1 3.383931 
3604532305 1.446232e-08 0.2999999800748369 0.700000019925163 
3228084226 2.791e-08 0.1 3.953171 
3245569981 2.791e-08 0.1 3.777765 
4274934102 2.791e-08 0.1 4.032403 
2298477853 2.791e-08 0.3 2.644979 
2286860921 1.555694e-08 0.29999998045666404 0.700000019543336 
3490627259 2.791e-08 0.3 2.661134 
911013108 2.791e-08 0.3 2.909347 
3709881891 2.791e-08 0.1 3.550069 
552634658 1.451546e-08 0.29969154022503247 0.7003084597749676 
2710766136 2.791e-08 0.3 2.759095 
1761715697 1.420257e-08 0.143769826971426 0.856230173028574 
3458484829 2.845891e-08 0.29969154022503247 0.7003084597749676 
385785803 2.791e-08 0.1 3.420508 
2906924538 2.300195e-08 0.7280252326433193 0.2719747673566807 
4028593304 2.791e-08 0.1 3.329435 
4031050948 3.3492e-07 0.2833333333333334 0.7166666666666666 
3392858646 2.791e-08 0.1 3.816401 
2620740164 2.791e-08 0.3 2.501788 
2013640095 1.627333e-08 0.20000003582945822 0.7999999641705418 
550176535 1.4e-08 0.3107257546053464 0.6892742453946537 
1867247157 1.4e-08 0.36186551214551266 0.6381344878544873 
997905375 2.791e-08 0.1 3.663035 
1128709694 2.791e-08 0.1 3.587528 
2205180068 2.791e-08 0.3 1.747461 
3481866093 2.791e-08 0.1 3.758521 
3012070026 2.433078e-08 0.34413200070034744 0.6558679992996526 
598947138 2.5805059999999998e-08 0.32447124711200054 0.6755287528879994 
843517319 2.791e-08 0.1 3.45728 
3458662533 1.407446e-08 0.294914604368152 0.705085395631848 
2135013218 1.407446e-08 0.294914604368152 0.705085395631848 
1165174376 1.407446e-08 0.294914604368152 0.705085395631848 
776688125 1.4e-08 0.2964831287568129 0.7035168712431872 
2002691604 1.4e-08 0.2964831287568129 0.7035168712431872 
476505668 2.791e-07 0.1 3.645247 
