501991070 2.791e-08 0.1 4.072314 
1134132465 2.791e-08 0.1 3.972905 
1507417240 2.791e-08 0.1 3.933485 
4274934102 2.791e-08 0.1 4.032403 
3709881891 2.791e-08 0.1 3.550069 
392861532 2.791e-08 0.1 3.347551 
385785803 2.791e-08 0.1 3.420508 
1498734392 2.791e-08 0.1 4.012522 
618276123 2.791e-07 0.1 4.033088 
3392858646 2.791e-08 0.1 3.816401 
126484229 2.791e-08 0.1 3.644085 
1236021306 2.791e-08 0.1 3.568774 
90391199 2.791e-08 0.1 3.606331 
3708838243 2.791e-08 0.1 3.739326 
43001897 2.791e-08 0.1 3.47574 
2250757420 2.791e-08 0.1 3.835792 
1239791232 2.791e-08 0.3 2.709894 
1403705120 2.791e-07 0.1 3.836717 
3475245566 2.791e-08 0.1 3.239587 
4028593304 2.791e-08 0.1 3.329435 
29350397 2.791e-08 0.1 3.797059 
769686034 2.791e-08 0.1 3.11586 
911013108 2.791e-08 0.3 2.909347 
1128709694 2.791e-08 0.1 3.587528 
828787466 2.791e-08 0.1 3.701082 
3228084226 2.791e-08 0.1 3.953171 
2555962951 2.791e-07 0.1 3.277007 
865537991 2.791e-08 0.1 3.855233 
3384709749 2.791e-08 0.1 3.720179 
4188445920 2.791e-08 0.3 2.742646 
3004792470 3.3492e-07 0.30000000000000004 0.7 
3462747 2.791e-08 0.1 3.150966 
3443220506 2.791e-08 0.1 3.682034 
164438789 2.791e-08 0.3 2.454941 
4083845756 1.466094e-08 0.09999998566822137 0.9000000143317787 
825415804 2.791e-08 0.1 3.011721 
754869367 2.791e-08 0.1 3.383931 
395113485 1.690115e-08 0.24770503782286957 0.7522949621771304 
1533953788 2.791e-08 0.1 3.257459 
2710766136 2.791e-08 0.3 2.759095 
3481866093 2.791e-08 0.1 3.758521 
3537925318 1.450835e-08 0.3000000293150088 0.6999999706849912 
3268335666 2.791e-08 0.3 2.9774 
2911053862 2.791e-08 0.3 2.533265 
2681375347 2.791e-08 0.1 3.531414 
3279231079 2.791e-08 0.3 2.549077 
443746396 2.791e-08 0.3 2.677339 
2723643411 1.428014e-08 0.29915862169418495 0.700841378305815 
4031050948 3.0701e-07 0.3 0.7 
3149440925 2.091e-08 0.30000000000000004 0.7 
4226750145 2.791e-08 0.3 2.892456 
1246511018 1.466094e-08 0.09999998566822137 0.9000000143317787 
129185354 2.791e-08 0.3 2.564938 
3823443426 2.791e-08 0.3 2.301969 
2620740164 2.791e-08 0.3 2.501788 
3012070026 2.791e-08 0.3 2.808738 
2919643181 1.4e-08 0.5980714285714286 0.4019285714285714 
997905375 2.791e-08 0.1 3.663035 
2669757562 2.791e-08 0.1 3.221765 
3037779432 2.791e-08 0.3 2.825384 
265770918 2.791e-08 0.1 3.06357 
3108364485 2.791e-08 0.1 3.028955 
2440120768 2.791e-08 0.3 2.257034 
1327969783 2.791e-08 0.3 2.067414 
2441325815 1.466094e-08 0.09999998566822137 0.9000000143317787 
2455922112 1.466094e-08 0.09999998566822137 0.9000000143317787 
2504591099 2.791e-08 0.3 2.693592 
253808213 2.791e-08 0.1 3.275379 
3988949870 2.791e-08 0.3 2.286942 
1902671923 1.466094e-08 0.09999998566822137 0.9000000143317787 
3592986772 1.466094e-08 0.09999998566822137 0.9000000143317787 
3428193420 2.791e-08 0.3 2.332171 
326805806 1.4e-08 0.9999999999999998 2.220446049250313e-16 
3833318790 2.791e-08 0.3 2.875614 
77395223 1.466094e-08 0.09999998566822137 0.9000000143317787 
1869365069 2.091e-08 0.29999999999999927 0.7000000000000007 
3736601249 2.791e-08 0.3 2.470508 
3519923770 2.791e-08 0.1 3.046238 
4061687915 2.7931759999999998e-08 0.29976628755223445 0.7002337124477656 
4004407106 2.091e-08 0.2999999999999997 0.7000000000000003 
2961226102 5.381728e-08 0.2999999988385778 0.7000000011614222 
3755198008 1.402176e-08 0.299999943094411 0.700000056905589 
843517319 2.791e-08 0.1 3.45728 
105819081 1.406224e-08 0.30210297454033685 0.6978970254596631 
2454553876 1.406224e-08 0.30210297454033685 0.6978970254596631 
