3228084226 2.791e-08 0.1 3.953171 
3015378843 2.791e-08 0.1 3.625184 
1134132465 2.791e-08 0.1 3.972905 
2429525676 2.791e-08 0.1 3.913848 
2856850640 2.791e-08 0.3 2.960313 
501991070 2.791e-08 0.1 4.072314 
4274934102 2.791e-08 0.1 4.032403 
2956861855 2.791e-08 0.1 3.133389 
2669757562 2.791e-08 0.1 3.221765 
2757833455 2.791e-08 0.1 4.052334 
3245569981 2.791e-08 0.1 3.777765 
1236021306 2.791e-08 0.1 3.568774 
2914302410 1.411483e-08 0.10000000325722286 0.8999999967427772 
754869367 2.791e-08 0.1 3.383931 
90391199 2.791e-08 0.1 3.606331 
3800257563 2.791e-07 0.1 3.458677 
1498734392 2.791e-08 0.1 4.012522 
1533953788 2.791e-08 0.1 3.257459 
1403705120 2.791e-07 0.1 3.836717 
2555962951 2.791e-07 0.1 3.277007 
921425487 2.791e-08 0.1 3.293348 
300193622 2.791e-08 0.1 3.311367 
1434594601 2.791e-08 0.3 2.792141 
3443220506 2.791e-08 0.1 3.682034 
769686034 2.791e-08 0.1 3.11586 
3384709749 2.791e-08 0.1 3.720179 
728028737 2.791e-08 0.1 3.098381 
392861532 2.791e-08 0.1 3.347551 
838860310 2.791e-08 0.3 2.439423 
3481866093 5.582e-08 0.1 0.9 
888311950 5.582e-08 0.3 0.7 
1866926464 2.791e-08 0.1 3.203992 
2466232951 2.791e-08 0.3 2.139364 
3519923770 2.791e-08 0.1 3.046238 
528880979 1.404397e-08 0.3000000165353037 0.6999999834646963 
997905375 2.791e-08 0.1 3.663035 
1199222225 1.406311e-08 0.28087510069854066 0.7191248993014594 
287394855 1.464215e-08 0.2999719112958785 0.7000280887041215 
2704180049 1.464215e-08 0.2999719112958785 0.7000280887041215 
451270221 1.411483e-08 0.10000000325722286 0.8999999967427772 
1896745001 1.412623e-08 0.2796200711290029 0.7203799288709971 
1149406307 1.411483e-08 0.10000000325722286 0.8999999967427772 
3607413901 1.447519e-08 0.29937989709031837 0.7006201029096817 
3838279446 2.791e-08 0.3 2.943275 
2589646060 2.543833e-08 0.3105532035620778 0.6894467964379223 
2606325002 1.406311e-08 0.28087510069854066 0.7191248993014594 
43001897 2.791e-08 0.1 3.47574 
29350397 2.791e-08 0.1 3.797059 
1850435983 1.508963e-08 0.29107630346012114 0.7089236965398789 
1586980658 2.791e-08 0.1 3.402195 
3160344427 1.4e-08 0.31536275967651256 0.6846372403234875 
825415804 2.791e-08 0.1 3.011721 
360107933 1.4e-08 0.2821412455274753 0.7178587544725247 
199935986 2.791e-08 0.3 2.926287 
4055959668 1.404397e-08 0.3000000165353037 0.6999999834646963 
1249238030 2.075669e-07 0.09999998311037714 0.9000000168896228 
1483909303 1.401449e-08 0.291393709032203 0.708606290967797 
1906851972 1.406311e-08 0.28087510069854066 0.7191248993014594 
4061687915 2.791e-08 0.3 2.227322 
916523109 2.791e-08 0.1 3.494249 
739080713 2.791e-08 0.3 2.486124 
