4028593304 2.791e-08 0.1 3.329435 
3708838243 2.791e-08 0.1 3.739326 
501991070 2.791e-08 0.1 4.072314 
3443220506 2.791e-08 0.1 3.682034 
1507417240 2.791e-08 0.1 3.933485 
3392858646 2.791e-08 0.1 3.816401 
2429525676 2.791e-08 0.1 3.913848 
916523109 5.582e-08 0.1 0.9 
1019134040 2.791e-08 0.3 2.096047 
2757833455 2.791e-08 0.1 4.052334 
1498734392 2.791e-08 0.1 4.012522 
476505668 2.791e-07 0.1 3.645247 
3919026803 2.791e-08 0.1 4.092343 
1768543625 2.791e-08 0.1 3.992689 
3475245566 2.791e-08 0.1 3.239587 
3245569981 2.791e-08 0.1 3.777765 
1586980658 2.791e-08 0.1 3.402195 
3228084226 2.791e-08 0.1 3.953171 
1403705120 2.791e-07 0.1 3.836717 
3015378843 2.791e-08 0.1 3.625184 
1128709694 2.791e-08 0.1 3.587528 
618276123 3.0701e-07 0.10000000000000002 0.9 
3012070026 2.791e-08 0.3 2.808738 
1415695418 2.791e-08 0.1 3.365717 
2768642543 2.791e-08 0.1 3.874722 
1434594601 2.791e-08 0.3 2.792141 
4274934102 2.791e-08 0.1 4.032403 
3196256300 2.053241e-08 0.2038971557649589 0.7961028442350411 
2190522392 2.791e-08 0.1 3.512807 
385785803 2.791e-08 0.1 3.420508 
828787466 2.791e-08 0.1 3.701082 
1651612823 2.791e-08 0.3 2.347346 
3384709749 2.791e-08 0.1 3.720179 
728028737 2.791e-08 0.1 3.098381 
3838279446 2.791e-08 0.3 2.943275 
843517319 2.791e-08 0.1 3.45728 
392861532 2.791e-08 0.1 3.347551 
333964007 2.791e-08 0.3 2.153901 
1533953788 2.791e-08 0.1 3.257459 
199935986 2.791e-08 0.3 2.926287 
1347872676 2.791e-08 0.3 2.580848 
769686034 2.791e-08 0.1 3.11586 
1664502715 2.791e-08 0.3 2.726246 
1452489764 1.56825e-08 0.11051331101546323 0.8894866889845368 
266059373 2.791e-08 0.1 3.438869 
29350397 2.791e-08 0.1 3.797059 
3800257563 2.791e-07 0.1 3.458677 
2956861855 2.791e-08 0.1 3.133389 
3833318790 2.791e-08 0.3 2.875614 
2710766136 2.791e-08 0.3 2.759095 
2250757420 2.791e-08 0.1 3.835792 
1931993247 2.091e-08 0.2002152080344333 0.7997847919655667 
90391199 1.475518e-08 0.18915391069441376 0.8108460893055862 
443746396 2.791e-08 0.3 2.677339 
1803925302 1.461142e-08 0.2941362283036152 0.7058637716963848 
2455922112 1.461142e-08 0.2941362283036152 0.7058637716963848 
811613008 2.791e-08 0.3 2.612816 
220564665 1.628663e-08 0.08533842953957624 0.9146615704604237 
2326007700 5.582e-08 0.3 0.7 
1494850122 2.091e-08 0.2002152080344333 0.7997847919655667 
2555962951 3.0701e-07 0.10000000000000002 0.9 
326805806 2.791e-08 0.3 2.628873 
3108364485 2.791e-08 0.1 3.028955 
2504591099 2.791e-08 0.3 2.693592 
2441325815 1.461142e-08 0.2941362283036152 0.7058637716963848 
3696843781 8.845422999999999e-08 0.3000000442575155 0.6999999557424845 
2729381062 2.791e-08 0.1 3.894261 
3037779432 2.791e-08 0.3 2.825384 
1327969783 2.791e-08 0.3 2.067414 
1837234470 1.449e-08 0.3000000307109621 0.699999969289038 
3121292019 1.74325e-08 0.15945790907787186 0.8405420909221282 
3983774618 1.449e-08 0.3000000307109621 0.699999969289038 
126484229 2.791e-08 0.1 3.644085 
164438789 2.791e-08 0.3 2.454941 
66296937 1.449e-08 0.3000000307109621 0.699999969289038 
4226750145 2.791e-08 0.3 2.892456 
921425487 1.4e-08 0.19935714285714287 0.8006428571428571 
838860310 5.582e-08 0.3 0.7 
2261252686 2.791e-08 0.3 2.858822 
2620740164 2.791e-08 0.3 2.501788 
528880979 1.4e-08 0.3105000317858458 0.6894999682141543 
739080713 2.1057839999999998e-08 0.39761912902747865 0.6023808709725214 
426576124 6.698400000000001e-07 0.19999999999999993 0.8 
3929228125 1.798436e-08 1.0 0.0 
2911053862 2.791e-08 0.3 2.533265 
57770090 1.56825e-08 0.11051331101546323 0.8894866889845368 
3707800333 1.408697e-08 0.15244108447147536 0.8475589155285246 
2466232951 2.791e-08 0.3 2.139364 
1737134642 1.4173939999999999e-08 0.3030111158409813 0.6969888841590187 
2693713428 2.791e-08 0.3 1.471354 
1285693762 1.474563e-08 0.29806454029843066 0.7019354597015693 
