1134132465 2.791e-08 0.1 3.972905 
3443220506 2.791e-08 0.1 3.682034 
476505668 2.791e-07 0.1 3.645247 
1768543625 2.791e-08 0.1 3.992689 
3708838243 2.791e-08 0.1 3.739326 
2429525676 2.791e-08 0.1 3.913848 
3481866093 2.791e-08 0.1 3.758521 
3228084226 2.791e-08 0.1 3.953171 
769686034 2.791e-08 0.1 3.11586 
618276123 2.791e-07 0.1 4.033088 
2956861855 2.791e-08 0.1 3.133389 
916523109 2.791e-08 0.1 3.494249 
2555962951 2.9535813e-07 0.10866976981469921 0.8913302301853008 
843517319 2.791e-08 0.1 3.45728 
3824069879 2.791e-08 0.1 3.168592 
1586980658 2.791e-08 0.1 3.402195 
1239791232 2.791e-08 0.3 2.709894 
3015378843 2.3303739999999998e-08 0.11976618345381472 0.8802338165461853 
1913762779 1.453458e-08 0.30000006614669494 0.6999999338533051 
2757833455 2.791e-08 0.1 4.052334 
2729381062 2.791e-08 0.1 3.894261 
4069401935 1.41298e-08 0.2999999570046639 0.7000000429953361 
2669757562 2.791e-08 0.1 3.221765 
2298477853 2.791e-08 0.3 2.644979 
1072840122 1.453458e-08 0.30000006614669494 0.6999999338533051 
3815024321 1.46257e-08 0.30000046519527324 0.6999995348047268 
1866926464 2.791e-08 0.1 3.203992 
199935986 2.791e-08 0.3 2.926287 
253808213 2.791e-08 0.1 3.275379 
630280293 1.465497e-08 0.10000000977166967 0.8999999902283303 
1403705120 2.791e-07 0.1 3.836717 
997905375 2.791e-08 0.1 3.663035 
1035492323 2.4269459999999998e-08 0.3450014957069502 0.6549985042930497 
2870158420 2.791e-08 0.3 2.081706 
90391199 2.791e-08 0.1 3.606331 
3707879645 1.465497e-08 0.10000000977166967 0.8999999902283303 
3800257563 3.3492e-07 0.11666666666666668 0.8833333333333333 
3838279446 2.791e-08 0.3 2.943275 
2746930994 1.465497e-08 0.10000000977166967 0.8999999902283303 
1444500749 2.791e-08 0.3 1.447429 
3349724438 1.465497e-08 0.10000000977166967 0.8999999902283303 
4212779140 1.465497e-08 0.10000000977166967 0.8999999902283303 
2875471576 1.4e-08 0.30000000000000027 0.6999999999999997 
538453177 1.465497e-08 0.10000000977166967 0.8999999902283303 
72955594 1.413469e-08 0.3053862527795913 0.6946137472204087 
406745133 1.453458e-08 0.30000006614669494 0.6999999338533051 
659524895 1.3955e-07 0.3 0.7 
1503202005 1.439302e-08 0.265231479691183 0.734768520308817 
443746396 2.791e-08 0.3 2.677339 
