916523109 2.791e-08 0.1 3.494249 
1586980658 2.791e-08 0.1 3.402195 
3015378843 2.791e-08 0.1 3.625184 
3384709749 2.791e-08 0.1 3.720179 
3228084226 2.791e-08 0.1 3.953171 
501991070 2.791e-08 0.1 4.072314 
1128709694 2.791e-08 0.1 3.587528 
4028593304 2.791e-08 0.1 3.329435 
3245569981 2.791e-08 0.1 3.777765 
2429525676 2.791e-08 0.1 3.913848 
865537991 2.791e-08 0.1 3.855233 
2250757420 2.791e-08 0.1 3.835792 
1507417240 2.791e-08 0.1 3.933485 
266059373 2.791e-08 0.1 3.438869 
29350397 2.791e-08 0.1 3.797059 
1498734392 2.791e-08 0.1 4.012522 
3709881891 2.791e-08 0.1 3.550069 
253808213 2.791e-08 0.1 3.275379 
1134132465 2.791e-08 0.1 3.972905 
3481866093 2.791e-08 0.1 3.758521 
2710766136 2.791e-08 0.3 2.759095 
3012070026 2.791e-08 0.3 2.808738 
90391199 2.791e-08 0.1 3.606331 
3919026803 2.791e-08 0.1 4.092343 
2729381062 2.791e-08 0.1 3.894261 
997905375 2.791e-08 0.1 3.663035 
825415804 2.791e-08 0.1 3.011721 
3382444416 2.791e-08 0.3 2.377842 
3475245566 2.791e-08 0.1 3.239587 
3708838243 2.791e-08 0.1 3.739326 
2768642543 2.791e-08 0.1 3.874722 
843517319 2.791e-08 0.1 3.45728 
1236021306 2.791e-08 0.1 3.568774 
2519559028 2.791e-07 0.3 2.761399 
385785803 2.791e-08 0.1 3.420508 
618276123 2.791e-07 0.1 4.033088 
911013108 2.791e-08 0.3 2.909347 
4274934102 2.791e-08 0.1 4.032403 
4031050948 3.0701e-07 0.3 0.7 
476505668 2.791e-07 0.1 3.645247 
838860310 2.791e-08 0.3 2.439423 
3462747 2.791e-08 0.1 3.150966 
1035492323 2.791e-08 0.3 2.362569 
1415695418 2.791e-08 0.1 3.365717 
2856850640 2.791e-08 0.3 2.960313 
199935986 2.791e-08 0.3 2.926287 
300193622 2.791e-08 0.1 3.311367 
3838279446 2.791e-08 0.3 2.943275 
2261252686 2.791e-08 0.3 2.858822 
3736894086 2.791e-08 0.3 2.596808 
4226750145 2.791e-08 0.3 2.892456 
126484229 2.791e-08 0.1 3.644085 
2799798816 3.0701e-07 0.3 0.7 
251961497 2.791e-08 0.1 3.080951 
265770918 2.791e-08 0.1 3.06357 
2911053862 2.791e-08 0.3 2.533265 
2298477853 2.791e-08 0.3 2.644979 
3490627259 2.791e-08 0.3 2.661134 
3037779432 2.791e-08 0.3 2.825384 
2190522392 2.791e-08 0.1 3.512807 
2681375347 2.791e-08 0.1 3.531414 
1403705120 2.791e-07 0.1 3.836717 
888311950 2.791e-08 0.3 2.842078 
2504591099 2.791e-08 0.3 2.693592 
3736601249 2.791e-08 0.3 2.470508 
739080713 2.791e-08 0.3 2.486124 
828787466 2.791e-08 0.1 3.701082 
3687573659 1.4e-08 0.5980714285714284 0.40192857142857163 
2326007700 2.791e-08 0.3 2.994536 
732124878 2.791e-08 0.3 2.271963 
921818415 1.413694e-08 0.1733182320382755 0.8266817679617244 
2956861855 2.791e-08 0.1 3.133389 
3519923770 2.791e-08 0.1 3.046238 
921425487 2.791e-08 0.1 3.293348 
43001897 2.791e-08 0.1 3.47574 
3122982648 1.431889e-08 0.051427791851348686 0.9485722081486513 
1037584679 1.4000000000000001e-08 0.5980714285714285 0.4019285714285715 
1737134642 1.4e-08 0.9440995835670524 0.05590041643294763 
2426951832 1.40578e-08 0.2972648066678054 0.7027351933321946 
2870158420 2.791e-08 0.3 2.081706 
1866926464 2.791e-08 0.1 3.203992 
4122240121 2.32181e-08 0.36062382365482104 0.639376176345179 
3428193420 2.79678e-08 0.29938000128719455 0.7006199987128054 
3279231079 2.791e-08 0.3 2.549077 
1002680420 1.40578e-08 0.2972648066678054 0.7027351933321946 
2125331604 1.4e-08 0.5980714285714284 0.40192857142857163 
695939830 1.40578e-08 0.2972648066678054 0.7027351933321946 
1657444763 1.41156e-08 0.29727104483868344 0.7027289551613165 
2250879299 2.279009e-08 0.36739653068504774 0.6326034693149523 
3527214469 1.40578e-08 0.2972648066678054 0.7027351933321946 
2138100036 1.402616e-08 0.4298801737031679 0.5701198262968321 
2747938267 1.40578e-08 0.2972648066678054 0.7027351933321946 
481808867 1.408825e-08 0.34386102962743714 0.6561389703725629 
3491092596 1.402616e-08 0.4298801737031679 0.5701198262968321 
1450024594 2.091e-08 0.2002152080344333 0.7997847919655667 
4256642775 1.410361e-08 0.1520592343664788 0.8479407656335212 
1292023300 1.408825e-08 0.34386102962743714 0.6561389703725629 
3458484829 1.414605e-08 0.34245603194168983 0.6575439680583102 
354497373 1.4e-08 0.34602858218919585 0.6539714178108041 
3182159117 1.4785e-08 0.058991376394994965 0.941008623605005 
392861532 2.791e-08 0.1 3.347551 
1850435983 1.40578e-08 0.2972648066678054 0.7027351933321946 
771038762 1.741e-08 0.12023262492820223 0.8797673750717978 
66296937 2.091e-08 0.2002152080344333 0.7997847919655667 
3824069879 2.791e-08 0.1 3.168592 
1426981231 1.4e-08 0.5980710013778561 0.40192899862214393 
4138371369 2.906848e-08 0.23939144047237954 0.7606085595276204 
481049431 1.40578e-08 0.2972648066678054 0.7027351933321946 
4061687915 2.791e-08 0.3 2.227322 
2654714783 1.4e-08 0.29849208565533397 0.7015079143446661 
3149440925 1.461228e-08 0.2604596333295755 0.7395403666704246 
2962530363 1.4e-08 0.3066084056690379 0.6933915943309621 
2171266278 1.741e-08 0.12023262492820223 0.8797673750717978 
