865537991 2.791e-08 0.1 3.855233 
29350397 2.791e-08 0.1 3.797059 
476505668 2.791e-07 0.1 3.645247 
3384709749 2.791e-08 0.1 3.720179 
828787466 2.791e-08 0.1 3.701082 
2757833455 2.791e-08 0.1 4.052334 
3392858646 2.791e-08 0.1 3.816401 
1498734392 2.791e-08 0.1 4.012522 
3245569981 2.791e-08 0.1 3.777765 
266059373 2.791e-08 0.1 3.438869 
385785803 2.791e-08 0.1 3.420508 
3919026803 2.791e-08 0.1 4.092343 
4028593304 2.791e-08 0.1 3.329435 
253808213 2.791e-08 0.1 3.275379 
2429525676 2.791e-08 0.1 3.913848 
754869367 2.791e-08 0.1 3.383931 
2911053862 2.791e-08 0.3 2.533265 
4188445920 2.791e-08 0.3 2.742646 
3555679070 2.791e-08 0.3 1.619016 
618276123 2.791e-07 0.1 4.033088 
3519923770 2.791e-08 0.1 3.046238 
1586980658 2.791e-08 0.1 3.402195 
2326007700 2.791e-08 0.3 2.994536 
2681375347 2.791e-08 0.1 3.531414 
3732071459 2.791e-08 0.3 1.296703 
3481866093 2.791e-08 0.1 3.758521 
1664502715 2.791e-08 0.3 2.726246 
3708838243 2.791e-08 0.1 3.739326 
3800257563 2.791e-07 0.1 3.458677 
1507417240 2.791e-08 0.1 3.933485 
3330100144 1.406706e-08 0.19840677440773002 0.80159322559227 
3108364485 2.791e-08 0.1 3.028955 
2956861855 2.791e-08 0.1 3.133389 
3838279446 2.791e-08 0.3 2.943275 
1128709694 2.791e-08 0.1 3.587528 
3293059020 1.42009e-08 0.2999999613041973 0.7000000386958027 
1403705120 2.9294294e-07 0.09527452684130228 0.9047254731586978 
4226750145 2.791e-08 0.3 2.892456 
1434594601 2.791e-08 0.3 2.792141 
1945735688 1.42009e-08 0.2999999613041973 0.7000000386958027 
2962530363 1.729087e-08 0.9999999999999984 1.5543122344752192e-15 
2349140130 2.791e-08 0.5 0.610679 
3709881891 2.791e-08 0.1 3.550069 
2118016430 1.42009e-08 0.2999999613041973 0.7000000386958027 
3490627259 2.791e-08 0.3 2.661134 
2489195127 1.472778e-08 0.09999998566822124 0.9000000143317788 
2674988631 1.472778e-08 0.09999998566822124 0.9000000143317788 
392861532 2.791e-08 0.1 3.347551 
4055959668 1.960273e-08 0.21733041522710236 0.7826695847728976 
3443220506 2.791e-08 0.1 3.682034 
265770918 2.791e-08 0.1 3.06357 
406745133 1.472778e-08 0.09999998566822124 0.9000000143317788 
766581564 1.472778e-08 0.09999998566822124 0.9000000143317788 
4119421155 1.472778e-08 0.09999998566822124 0.9000000143317788 
3702894340 1.472778e-08 0.09999998566822124 0.9000000143317788 
3678948817 1.472778e-08 0.09999998566822124 0.9000000143317788 
1072840122 1.472778e-08 0.09999998566822124 0.9000000143317788 
3475245566 2.791e-08 0.1 3.239587 
1676003954 1.472778e-08 0.09999998566822124 0.9000000143317788 
3532745758 1.472778e-08 0.09999998566822124 0.9000000143317788 
4253718737 2.098984e-08 0.19945364042794075 0.8005463595720592 
1593891639 2.791e-08 0.3 1.63164 
873214132 2.791e-08 0.3 1.72138 
4285585893 1.472778e-08 0.09999998566822124 0.9000000143317788 
2286860921 1.508342e-08 0.277556416250426 0.722443583749574 
3632514288 1.741e-08 0.3 0.7 
2945849429 2.091e-08 0.2002152080344333 0.7997847919655667 
728028737 2.791e-08 0.1 3.098381 
2768642543 2.791e-08 0.1 3.874722 
811613008 2.791e-08 0.3 2.612816 
3485819286 1.4256350000000001e-08 0.29883311299770104 0.7011668870022989 
1236021306 2.791e-08 0.1 3.568774 
3012889883 2.2347029999999998e-08 0.1906414163530803 0.8093585836469197 
1035492323 1.4e-08 0.5980714285714286 0.4019285714285714 
843517319 2.791e-08 0.1 3.45728 
2795041644 2.531805e-08 0.3307128039927258 0.6692871960072742 
2747938267 1.406032e-08 0.36729854506369003 0.6327014549363099 
3339828518 2.093772e-08 0.19995013783735766 0.8000498621626424 
1965662198 1.994762e-08 0.24704708549834956 0.7529529145016505 
1906851972 1.514653e-08 1.0 0.0 
3182159117 1.472778e-08 0.09999998566822124 0.9000000143317788 
825415804 7.007635e-08 0.22010663298651792 0.7798933670134821 
1533953788 2.791e-08 0.1 3.257459 
3737780296 7.0580608e-07 0.2457120202037997 0.7542879797962003 
