828787466 2.791e-08 0.1 3.701082 
501991070 2.791e-08 0.1 4.072314 
3708838243 2.791e-08 0.1 3.739326 
618276123 2.791e-07 0.1 4.033088 
1498734392 2.791e-08 0.1 4.012522 
392861532 2.791e-08 0.1 3.347551 
1403705120 2.791e-07 0.1 3.836717 
1134132465 2.791e-08 0.1 3.972905 
3869596591 1.472778e-08 0.09999998566822133 0.9000000143317787 
4274934102 2.791e-08 0.1 4.032403 
2190522392 2.791e-08 0.1 3.512807 
217284033 1.472778e-08 0.09999998566822133 0.9000000143317787 
3519923770 2.791e-08 0.1 3.046238 
2768642543 2.791e-08 0.1 3.874722 
2911053862 2.791e-08 0.3 2.533265 
3015378843 2.791e-08 0.1 3.625184 
911013108 2.791e-08 0.3 2.909347 
1507417240 2.791e-08 0.1 3.933485 
2757833455 2.791e-08 0.1 4.052334 
2681375347 2.791e-08 0.1 3.531414 
1866926464 2.791e-08 0.1 3.203992 
385785803 2.791e-08 0.1 3.420508 
3800257563 3.0701e-07 0.10000000000000002 0.9 
3443220506 2.791e-08 0.1 3.682034 
300193622 2.791e-08 0.1 3.311367 
2961226102 1.462938e-08 0.30000016573366617 0.6999998342663338 
266059373 2.791e-08 0.1 3.438869 
843517319 2.791e-08 0.1 3.45728 
1239791232 2.791e-08 0.3 2.709894 
1533953788 2.791e-08 0.1 3.257459 
3592986772 1.420707e-08 0.2999999462558321 0.700000053744168 
432337108 1.424014e-08 0.29999996928904465 0.7000000307109553 
1726701215 1.472778e-08 0.09999998566822133 0.9000000143317787 
2138100036 1.472778e-08 0.09999998566822133 0.9000000143317787 
3838279446 2.791e-08 0.3 2.943275 
1236021306 8.373e-08 0.2333333333333333 0.7666666666666667 
265770918 2.791e-08 0.1 3.06357 
2215785330 1.472778e-08 0.09999998566822133 0.9000000143317787 
1458665800 2.791e-08 0.3 1.96317 
4028593304 2.791e-08 0.1 3.329435 
1227575429 1.399999e-08 0.5980718557656113 0.4019281442343887 
3294683754 1.462938e-08 0.30000016573366617 0.6999998342663338 
2898323513 2.091e-08 0.2 0.8 
3562383954 1.4e-08 0.30077608538171763 0.6992239146182824 
4119421155 1.537571e-08 0.27228010934129226 0.7277198906587077 
1327969783 2.791e-08 0.3 2.067414 
3593732192 1.472778e-08 0.09999998566822133 0.9000000143317787 
3736601249 2.791e-08 0.3 2.470508 
3458484829 1.418633e-08 0.15292181153608292 0.8470781884639171 
253808213 2.791e-08 0.1 3.275379 
72955594 2.091e-08 0.2002152080344333 0.7997847919655667 
3288380490 1.446266e-08 0.3000000390866797 0.6999999609133203 
2451350669 2.791e-08 0.3 1.544302 
1246511018 1.420707e-08 0.2999999462558321 0.700000053744168 
1199222225 1.4e-08 0.30000000000000004 0.7 
1761715697 1.695698e-08 0.16459298766643585 0.8354070123335642 
249728555 1.530738e-08 1.0 0.0 
2087527840 1.404441e-08 0.24518755279933582 0.7548124472006642 
1737134642 1.431889e-08 0.051427791851348686 0.9485722081486513 
481808867 1.481601e-08 0.04709432566527692 0.9529056743347231 
249938527 1.456135e-08 0.19167183255028605 0.8083281674497139 
57770090 1.472778e-08 0.09999998566822133 0.9000000143317787 
2669757562 2.791e-08 0.1 3.221765 
3012070026 2.791e-08 0.3 2.808738 
3481866093 2.791e-08 0.1 3.758521 
3004792470 1.0067341e-06 0.21266531785296872 0.7873346821470313 
3690557900 1.468225e-08 0.9999999999999964 3.552713678800501e-15 
3428193420 2.791e-08 0.3 2.332171 
3532745758 1.462938e-08 0.30000016573366617 0.6999998342663338 
3833318790 2.791e-08 0.3 2.875614 
3967778277 1.420724e-08 0.2913976069612408 0.7086023930387593 
896813269 1.462938e-08 0.30000016573366617 0.6999998342663338 
2261252686 2.791e-08 0.3 2.858822 
2013640095 1.4e-08 0.3007760853817175 0.6992239146182825 
3830801972 1.439278e-08 0.2907313137582026 0.7092686862417974 
