3228084226 2.791e-08 0.1 3.953171 
126484229 2.791e-08 0.1 3.644085 
3919026803 2.791e-08 0.1 4.092343 
997905375 2.791e-08 0.1 3.663035 
2795063678 1.431693e-08 0.10000000358294535 0.8999999964170546 
1134132465 2.791e-08 0.1 3.972905 
266059373 2.791e-08 0.1 3.438869 
164438789 2.791e-08 0.3 2.454941 
1026028388 1.431693e-08 0.10000000358294535 0.8999999964170546 
1507417240 2.791e-08 0.1 3.933485 
865537991 2.791e-08 0.1 3.855233 
659524895 2.791e-08 0.3 2.110437 
3392858646 2.791e-08 0.1 3.816401 
392861532 2.791e-08 0.1 3.347551 
1498734392 2.791e-08 0.1 4.012522 
2504591099 2.791e-08 0.3 2.693592 
3708838243 2.791e-08 0.1 3.739326 
300193622 5.582e-08 0.1 0.9 
250719570 1.448359e-08 0.30000006053603345 0.6999999394639665 
1586980658 2.791e-08 0.1 3.402195 
728028737 2.791e-08 0.1 3.098381 
265770918 7.013693e-08 0.17958717399374022 0.8204128260062598 
3481866093 2.791e-08 0.1 3.758521 
1237914369 1.414057e-08 0.1973753533273413 0.8026246466726588 
1415695418 2.791e-08 0.1 3.365717 
2429525676 2.791e-08 0.1 3.913848 
1403705120 3.4868943e-07 0.09605109050767616 0.9039489094923239 
3147695692 1.431693e-08 0.10000000358294535 0.8999999964170546 
1601889739 1.44505e-08 0.12147994253736247 0.8785200574626375 
385785803 2.791e-08 0.1 3.420508 
381652938 1.44505e-08 0.12147994253736247 0.8785200574626375 
1850435983 1.425301e-08 0.2940338401015485 0.7059661598984515 
3211480542 1.4e-08 0.3670613563708088 0.6329386436291913 
66064165 1.44505e-08 0.12147994253736247 0.8785200574626375 
911013108 2.791e-08 0.3 2.909347 
3653734512 1.883624e-08 0.22225773296581483 0.7777422670341851 
3320450569 1.419681e-08 0.10772944729304108 0.8922705527069589 
3459912306 1.635587e-08 0.12147994253736247 0.8785200574626375 
3012070026 2.791e-08 0.3 2.808738 
3363025910 1.44505e-08 0.12147994253736247 0.8785200574626375 
3814978291 1.405194e-08 0.28538522776947495 0.714614772230525 
2002691604 1.405194e-08 0.28538522776947495 0.714614772230525 
2472898255 2.253935e-08 0.3412114466981276 0.6587885533018725 
3584287056 1.417035e-08 0.30295125720518856 0.6970487427948114 
722767024 1.44505e-08 0.12147994253736247 0.8785200574626375 
1275089537 1.419681e-08 0.10772944729304108 0.8922705527069589 
2256454524 1.4e-08 0.1253889935454397 0.8746110064545602 
3623563876 1.419681e-08 0.10772944729304108 0.8922705527069589 
627452446 1.413779e-08 0.3000001120523058 0.6999998879476942 
1541925803 1.448359e-08 0.30000006053603345 0.6999999394639665 
4267941538 1.410388e-08 0.2843342468528515 0.7156657531471484 
3177521820 1.44505e-08 0.12147994253736247 0.8785200574626375 
1128056158 1.431693e-08 0.10000000358294535 0.8999999964170546 
1495382923 1.44505e-08 0.12147994253736247 0.8785200574626375 
826924968 1.44505e-08 0.12147994253736247 0.8785200574626375 
841878026 1.44505e-08 0.12147994253736247 0.8785200574626375 
1426981231 1.4e-08 0.10772944729304108 0.8922705527069589 
3961635192 1.42656e-08 0.279845989138529 0.720154010861471 
1035492323 1.3999999999999998e-08 0.5980714285714287 0.4019285714285713 
792228939 1.4e-08 0.2864440069644997 0.7135559930355003 
917430777 1.42656e-08 0.279845989138529 0.720154010861471 
72955594 1.601414e-08 0.1742834769772214 0.8257165230227785 
3175271190 1.41627e-08 0.2772820693682449 0.722717930631755 
3031255937 1.698156e-08 0.11779601821265628 0.8822039817873437 
3340012098 1.42656e-08 0.279845989138529 0.720154010861471 
303951786 1.465566e-08 0.27239789560174016 0.7276021043982599 
528880979 1.419807e-08 0.3 0.7 
740082705 1.431693e-08 0.10000000358294535 0.8999999964170546 
964813250 1.405194e-08 0.28538522776947495 0.714614772230525 
2945849429 1.410522e-08 0.29680501261235187 0.7031949873876482 
2745086324 1.4e-08 0.2864440069644996 0.7135559930355004 
4045350386 1.730697e-08 0.11558118787051203 0.884418812129488 
1498211576 1.4e-08 0.28050448313154586 0.7194955168684541 
