618276123 2.791e-07 0.1 4.033088 
3015378843 2.791e-08 0.1 3.625184 
1768543625 2.791e-08 0.1 3.992689 
828787466 2.791e-08 0.1 3.701082 
2757833455 2.791e-08 0.1 4.052334 
392861532 2.791e-08 0.1 3.347551 
1134132465 2.791e-08 0.1 3.972905 
1533953788 2.791e-08 0.1 3.257459 
385785803 2.791e-08 0.1 3.420508 
3919026803 2.791e-08 0.1 4.092343 
4274934102 2.791e-08 0.1 4.032403 
29350397 2.791e-08 0.1 3.797059 
3428193420 2.791e-08 0.3 2.332171 
997905375 2.791e-08 0.1 3.663035 
2298477853 2.791e-08 0.3 2.644979 
3384709749 2.791e-08 0.1 3.720179 
3824069879 2.791e-08 0.1 3.168592 
90391199 2.791e-08 0.1 3.606331 
2669757562 2.791e-08 0.1 3.221765 
1498734392 2.791e-08 0.1 4.012522 
2870037616 2.791e-08 0.3 1.606441 
2555962951 2.791e-07 0.1 3.277007 
43001897 2.791e-08 0.1 3.47574 
2261252686 2.791e-08 0.3 2.858822 
2768642543 2.791e-08 0.1 3.874722 
1019134040 2.791e-08 0.3 2.096047 
865537991 2.791e-08 0.1 3.855233 
3228084226 2.791e-08 0.1 3.953171 
843517319 2.791e-08 0.1 3.45728 
1370908750 1.935941e-08 0.4325028500352021 0.5674971499647978 
265770918 5.582e-08 0.2 0.8 
2250879299 2.791e-08 0.3 2.183122 
1130108289 1.4e-08 0.3000004299540379 0.699999570045962 
3519923770 2.791e-08 0.1 3.046238 
333964007 2.791e-08 0.3 2.153901 
888311950 2.791e-08 0.3 2.842078 
2326007700 2.791e-08 0.3 2.994536 
690117576 1.432679e-08 0.2999999132843801 0.70000008671562 
2956861855 2.791e-08 0.1 3.133389 
3375523036 1.415154e-08 0.2999999561300954 0.7000000438699046 
1149406307 1.432679e-08 0.2999999132843801 0.70000008671562 
906368509 1.690701e-08 0.9999999999999953 4.6629367034256575e-15 
2856850640 2.791e-08 0.3 2.960313 
3037779432 2.791e-08 0.3 2.825384 
3176785673 1.4e-08 0.5980714285714286 0.4019285714285714 
4198169764 1.432679e-08 0.2999999132843801 0.70000008671562 
1676003954 1.4e-08 0.20000000000000007 0.7999999999999999 
896813269 1.449e-08 0.11428572598512825 0.8857142740148718 
2984600922 4.1865e-07 0.2733333333333334 0.7266666666666666 
2001290253 2.091e-08 0.30000000000000027 0.6999999999999997 
2177968201 1.74325e-08 0.3000004299540379 0.699999570045962 
37051273 1.449e-08 0.11428572598512825 0.8857142740148718 
2013640095 2.898e-08 0.11428572598512825 0.8857142740148718 
4093093422 1.432679e-08 0.2999999132843801 0.70000008671562 
754869367 1.399999e-08 0.19935728525520374 0.8006427147447963 
4226750145 2.791e-08 0.3 2.892456 
2898323513 1.449e-08 0.11428572598512825 0.8857142740148718 
