2757833455 2.791e-08 0.1 4.052334 
4274934102 2.791e-08 0.1 4.032403 
1768543625 2.791e-08 0.1 3.992689 
392861532 2.791e-08 0.1 3.347551 
501991070 2.791e-08 0.1 4.072314 
3443220506 2.791e-08 0.1 3.682034 
253808213 2.791e-08 0.1 3.275379 
916523109 2.791e-08 0.1 3.494249 
3709881891 2.791e-08 0.1 3.550069 
2729381062 2.791e-08 0.1 3.894261 
385785803 2.791e-08 0.1 3.420508 
1507417240 2.791e-08 0.1 3.933485 
3708838243 2.791e-08 0.1 3.739326 
754869367 2.791e-08 0.1 3.383931 
4028593304 2.791e-08 0.1 3.329435 
2545005546 2.791e-08 0.1 3.186267 
266059373 2.791e-08 0.1 3.438869 
3475245566 2.791e-08 0.1 3.239587 
3268335666 2.791e-08 0.3 2.9774 
2856850640 2.791e-08 0.3 2.960313 
739080713 2.791e-08 0.3 2.486124 
2768642543 2.791e-08 0.1 3.874722 
1128709694 2.791e-08 0.1 3.587528 
1498734392 2.791e-08 0.1 4.012522 
126484229 2.791e-08 0.1 3.644085 
265770918 2.791e-08 0.1 3.06357 
843517319 2.791e-08 0.1 3.45728 
4226750145 2.791e-08 0.3 2.892456 
43001897 2.791e-08 0.1 3.47574 
3833318790 5.582e-08 0.3 0.7 
1236021306 2.791e-08 0.1 3.568774 
90391199 2.791e-08 0.1 3.606331 
1134132465 2.791e-08 0.1 3.972905 
3519923770 2.791e-08 0.1 3.046238 
3736894086 2.791e-08 0.3 2.596808 
3823443426 2.791e-08 0.3 2.301969 
997905375 2.791e-08 0.1 3.663035 
1878784256 2.791e-08 0.3 2.393164 
3384709749 2.791e-08 0.1 3.720179 
511603307 2.791e-08 0.3 1.853747 
4188445920 2.791e-08 0.3 2.742646 
1239791232 2.791e-08 0.3 2.709894 
921425487 2.791e-08 0.1 3.293348 
1664502715 2.791e-08 0.3 2.726246 
2429525676 2.791e-08 0.1 3.913848 
4061687915 2.791e-08 0.3 2.227322 
769686034 2.791e-08 0.1 3.11586 
3004792470 3.0701e-07 0.3 0.7 
2298477853 2.791e-08 0.3 2.644979 
1593891639 2.791e-08 0.3 1.63164 
3108364485 2.791e-08 0.1 3.028955 
865537991 2.791e-08 0.1 3.855233 
3037779432 2.791e-08 0.3 2.825384 
1533953788 2.791e-08 0.1 3.257459 
811613008 2.791e-08 0.3 2.612816 
3490627259 2.791e-08 0.3 2.661134 
3228084226 2.791e-08 0.1 3.953171 
2312786130 2.211294e-08 0.3786470727094635 0.6213529272905365 
629078091 1.46505e-08 0.28181818181818175 0.7181818181818183 
1586980658 2.791e-08 0.1 3.402195 
3279231079 2.791e-08 0.3 2.549077 
2261252686 2.791e-08 0.3 2.858822 
313359544 1.419861e-08 0.2936371765563911 0.7063628234436089 
2250757420 2.791e-08 0.1 3.835792 
2440120768 2.791e-08 0.3 2.257034 
3824069879 2.791e-08 0.1 3.168592 
2533881277 1.95162e-08 0.4290281919635995 0.5709718080364006 
3563522875 1.46505e-08 0.28181818181818175 0.7181818181818183 
1541925803 1.46505e-08 0.28181818181818175 0.7181818181818183 
3449694611 1.621588e-08 0.21514404398651196 0.784855956013488 
2367820772 1.472778e-08 0.09999998566822134 0.9000000143317787 
875106938 1.46505e-08 0.28181818181818175 0.7181818181818183 
2911053862 2.791e-08 0.3 2.533265 
2654473721 1.472778e-08 0.09999998566822134 0.9000000143317787 
3015378843 2.791e-08 0.1 3.625184 
3180086772 2.091e-08 0.2002152080344333 0.7997847919655667 
249728555 1.46505e-08 0.28181818181818175 0.7181818181818183 
2704180049 1.472778e-08 0.09999998566822134 0.9000000143317787 
2710766136 2.791e-08 0.3 2.759095 
4186562710 1.472778e-08 0.09999998566822134 0.9000000143317787 
907719639 1.554316e-08 0.152547075909133 0.847452924090867 
199935986 2.791e-08 0.3 2.926287 
3491092596 1.419861e-08 0.2936371765563911 0.7063628234436089 
1737134642 1.46505e-08 0.28181818181818175 0.7181818181818183 
771359632 1.537828e-08 0.09576999436378561 0.9042300056362144 
287394855 1.472778e-08 0.09999998566822134 0.9000000143317787 
3302973195 1.46505e-08 0.28181818181818175 0.7181818181818183 
283080478 1.4e-08 0.2945320887210098 0.7054679112789902 
