1768543625 2.791e-08 0.1 3.992689 
916523109 2.791e-08 0.1 3.494249 
126484229 2.791e-08 0.1 3.644085 
3015378843 2.791e-08 0.1 3.625184 
769686034 2.791e-08 0.1 3.11586 
3475245566 2.791e-08 0.1 3.239587 
476505668 2.791e-07 0.1 3.645247 
3384709749 2.791e-08 0.1 3.720179 
90391199 2.791e-08 0.1 3.606331 
300193622 2.791e-08 0.1 3.311367 
3245569981 2.791e-08 0.1 3.777765 
385785803 2.791e-08 0.1 3.420508 
3037779432 2.791e-08 0.3 2.825384 
618276123 2.791e-07 0.1 4.033088 
2768642543 2.791e-08 0.1 3.874722 
2429525676 2.791e-08 0.1 3.913848 
2545005546 2.791e-08 0.1 3.186267 
997905375 2.791e-08 0.1 3.663035 
2326007700 2.791e-08 0.3 2.994536 
3519923770 2.791e-08 0.1 3.046238 
2555962951 2.791e-07 0.1 3.277007 
501991070 2.791e-08 0.1 4.072314 
3228084226 2.791e-08 0.1 3.953171 
3833318790 2.791e-08 0.3 2.875614 
728028737 2.791e-08 0.1 3.098381 
2669757562 2.791e-08 0.1 3.221765 
2681375347 2.791e-08 0.1 3.531414 
1134132465 2.791e-08 0.1 3.972905 
825415804 2.791e-08 0.1 3.011721 
1128709694 2.791e-08 0.1 3.587528 
921425487 2.791e-08 0.1 3.293348 
29350397 2.791e-08 0.1 3.797059 
1239791232 2.791e-08 0.3 2.709894 
1347872676 1.4000010000000001e-08 0.5980710013778561 0.40192899862214393 
410848061 1.453458e-08 0.3000000661466948 0.6999999338533052 
828787466 2.791e-08 0.1 3.701082 
43001897 2.791e-08 0.1 3.47574 
3800257563 2.791e-07 0.1 3.458677 
4028593304 2.791e-08 0.1 3.329435 
1507417240 2.791e-08 0.1 3.933485 
333964007 2.791e-08 0.3 2.153901 
511603307 1.4000000000000003e-08 0.5980714285714285 0.4019285714285715 
2729381062 2.791e-08 0.1 3.894261 
1236021306 2.791e-08 0.1 3.568774 
2911053862 2.791e-08 0.3 2.533265 
1960974751 1.41258e-08 0.1678856518605207 0.8321143481394793 
1237914369 1.4e-08 0.30731983576474575 0.6926801642352542 
343742982 2.791e-08 0.3 1.532022 
37051273 1.569551e-08 0.27781033948017253 0.7221896605198275 
392861532 2.791e-08 0.1 3.347551 
843517319 2.791e-08 0.1 3.45728 
3443220506 2.791e-08 0.1 3.682034 
1831065885 1.4e-08 0.3114553543867447 0.6885446456132553 
378125977 1.434159e-08 0.30000004885835124 0.6999999511416488 
3687573659 1.4e-08 0.30000000000000004 0.7 
3528190190 1.4e-08 0.30912674362588766 0.6908732563741123 
1502094437 2.791e-08 0.3 1.459367 
2087527840 1.45538e-08 0.15609886076024782 0.8439011392397522 
4226750145 2.791e-08 0.3 2.892456 
1856937876 1.4e-08 0.5980714285714287 0.4019285714285713 
3604532305 1.964255e-08 0.2131342417354162 0.7868657582645838 
1945735688 1.436897e-08 0.29999995114166444 0.7000000488583356 
3824069879 2.791e-08 0.1 3.168592 
4083845756 1.434159e-08 0.30000004885835124 0.6999999511416488 
253656606 1.4e-08 0.5980714285714285 0.4019285714285715 
2066612683 1.45694e-08 0.30912674362588766 0.6908732563741123 
2654714783 1.513524e-08 0.6177228169896237 0.3822771830103763 
2848685905 1.605503e-08 0.13579466875535035 0.8642053312446496 
