1403705120 2.791e-07 0.1 3.836717 
1768543625 2.791e-08 0.1 3.992689 
3443220506 2.791e-08 0.1 3.682034 
392861532 2.791e-08 0.1 3.347551 
3245569981 2.791e-08 0.1 3.777765 
3015378843 2.791e-08 0.1 3.625184 
1533953788 2.791e-08 0.1 3.257459 
2768642543 2.791e-08 0.1 3.874722 
266059373 2.791e-08 0.1 3.438869 
3228084226 2.791e-08 0.1 3.953171 
253808213 2.791e-08 0.1 3.275379 
843517319 2.791e-08 0.1 3.45728 
443746396 2.791e-08 0.3 2.677339 
4028593304 2.791e-08 0.1 3.329435 
865537991 2.791e-08 0.1 3.855233 
90391199 2.791e-08 0.1 3.606331 
501991070 2.791e-08 0.1 4.072314 
43001897 2.791e-08 0.1 3.47574 
754869367 2.791e-08 0.1 3.383931 
2440120768 2.791e-08 0.3 2.257034 
2250757420 2.791e-08 0.1 3.835792 
921425487 2.791e-08 0.1 3.293348 
134948105 1.436217e-08 0.30000001535548004 0.69999998464452 
3462747 2.791e-08 0.1 3.150966 
126484229 2.791e-08 0.1 3.644085 
1866926464 2.791e-08 0.1 3.203992 
251961497 2.791e-08 0.1 3.080951 
300193622 2.791e-08 0.1 3.311367 
3392858646 2.791e-08 0.1 3.816401 
2620740164 2.791e-08 0.3 2.501788 
3519923770 2.791e-08 0.1 3.046238 
2879167783 1.4160910000000001e-08 0.29928630067457956 0.7007136993254204 
2429525676 2.791e-08 0.1 3.913848 
1035956119 1.421444e-08 0.3000000537441874 0.6999999462558126 
3481866093 2.791e-08 0.1 3.758521 
2681375347 2.791e-08 0.1 3.531414 
356405251 1.412722e-08 0.3000000260550668 0.6999999739449332 
2455922112 1.436217e-08 0.30000001535548004 0.69999998464452 
1902671923 1.436217e-08 0.30000001535548004 0.69999998464452 
2597880038 1.41622e-08 0.1003688872242902 0.8996311127757098 
3268335666 2.791e-08 0.3 2.9774 
769686034 2.791e-08 0.1 3.11586 
2298477853 2.791e-08 0.3 2.644979 
3149440925 8.913441e-08 0.30000001535548004 0.69999998464452 
472358284 1.429534e-08 0.3000000016699217 0.6999999983300783 
2066612683 1.433716e-08 0.30762405872479226 0.6923759412752077 
888311950 2.791e-08 0.3 2.842078 
3736894086 2.791e-08 0.3 2.596808 
1026028388 1.4e-08 0.30000000000000004 0.7 
629078091 1.481458e-08 0.129596988204016 0.870403011795984 
1848242772 1.433716e-08 0.30762405872479226 0.6923759412752077 
110358663 1.621996e-08 0.2656388314482906 0.7343611685517094 
1236021306 2.791e-08 0.1 3.568774 
309459595 1.437701e-08 0.29999938636791446 0.7000006136320855 
916523109 2.791e-08 0.1 3.494249 
1759850032 1.4e-08 0.2949257106902315 0.7050742893097686 
728028737 2.791e-08 0.1 3.098381 
2341758500 1.468939e-08 0.11866478559728114 0.8813352144027189 
426576124 3.0701e-07 0.10000000000000002 0.9 
378125977 2.414584e-08 0.3525932423652577 0.6474067576347423 
2980075456 1.467269e-08 0.11879984617032362 0.8812001538296764 
4287239676 1.437701e-08 0.29999938636791446 0.7000006136320855 
3433591204 1.433716e-08 0.30762405872479226 0.6923759412752077 
3526559023 1.4e-08 0.3003577710496228 0.6996422289503772 
37613351 1.4938160000000003e-08 0.12852486179740014 0.8714751382025998 
114837353 1.467269e-08 0.11879984617032362 0.8812001538296764 
1503202005 1.4e-08 0.3007217420154886 0.6992782579845114 
3730019172 1.4e-08 0.3007217420154886 0.6992782579845114 
3783228500 1.40167e-08 0.29999991400934023 0.7000000859906598 
3302973195 1.433716e-08 0.30762405872479226 0.6923759412752077 
4278040469 1.41435e-08 0.1524761967619532 0.8475238032380468 
3458662533 1.461587e-08 0.3001191515865638 0.6998808484134362 
1128056158 2.112444e-08 0.29695461749518576 0.7030453825048142 
3490627259 2.791e-08 0.3 2.661134 
2789301560 1.412358e-08 0.15613800997292268 0.8438619900270773 
1565378304 1.4e-08 0.29492571069023155 0.7050742893097685 
4226750145 1.4e-08 0.5980714285714286 0.4019285714285714 
