501991070 2.791e-08 0.1 4.072314 
618276123 2.791e-07 0.1 4.033088 
2757833455 2.791e-08 0.1 4.052334 
2429525676 2.791e-08 0.1 3.913848 
3800257563 2.791e-07 0.1 3.458677 
392861532 2.791e-08 0.1 3.347551 
1507417240 2.791e-08 0.1 3.933485 
728028737 2.791e-08 0.1 3.098381 
3384709749 2.791e-08 0.1 3.720179 
3015378843 2.791e-08 0.1 3.625184 
2729381062 2.791e-08 0.1 3.894261 
1134132465 2.791e-08 0.1 3.972905 
3392858646 2.791e-08 0.1 3.816401 
916523109 2.791e-08 0.1 3.494249 
385785803 2.791e-08 0.1 3.420508 
3245569981 2.791e-08 0.1 3.777765 
126484229 2.791e-08 0.1 3.644085 
1236021306 2.791e-08 0.1 3.568774 
811613008 2.791e-08 0.3 2.612816 
2190522392 2.791e-08 0.1 3.512807 
2250757420 2.791e-08 0.1 3.835792 
828787466 2.791e-08 0.1 3.701082 
865537991 2.791e-08 0.1 3.855233 
754869367 2.791e-08 0.1 3.383931 
2681375347 2.791e-08 0.1 3.531414 
3708838243 2.791e-08 0.1 3.739326 
1533953788 2.791e-08 0.1 3.257459 
476505668 3.3492e-07 0.10000000000000002 0.9 
1498734392 2.791e-08 0.1 4.012522 
29350397 2.791e-08 0.1 3.797059 
1403705120 2.791e-07 0.1 3.836717 
2555962951 2.791e-07 0.1 3.277007 
2956861855 2.791e-08 0.1 3.133389 
4274934102 2.791e-08 0.1 4.032403 
888311950 8.373e-08 0.30000000000000004 0.7 
3774459889 2.791e-08 0.3 1.773738 
2984600922 2.791e-07 0.3 2.289893 
2710766136 2.791e-08 0.3 2.759095 
843517319 2.791e-08 0.1 3.45728 
3519923770 2.791e-08 0.1 3.046238 
1246511018 1.527166e-08 0.27413522825940334 0.7258647717405966 
251961497 2.791e-08 0.1 3.080951 
2173231515 1.402224e-08 0.2999999677534968 0.7000000322465032 
1664502715 2.791e-08 0.3 2.726246 
3891448235 2.791e-08 0.3 2.242153 
2029773149 1.402224e-08 0.2999999677534968 0.7000000322465032 
1565786989 1.410525e-08 0.14855083524652435 0.8514491647534757 
3443220506 2.527668e-08 0.1104179821084098 0.8895820178915902 
1998372786 2.091e-08 0.2002152080344333 0.7997847919655667 
2620740164 2.791e-08 0.3 2.501788 
3933289935 2.791e-08 0.3 1.84029 
659524895 2.791e-08 0.3 2.110437 
265770918 2.791e-08 0.1 3.06357 
3490627259 2.791e-08 0.3 2.661134 
997905375 2.791e-08 0.1 3.663035 
3953846011 2.791e-08 0.3 1.991016 
463844675 1.701246e-08 0.030791353350148057 0.969208646649852 
1434498202 2.791e-08 0.3 1.760575 
2466232951 2.791e-08 0.3 2.139364 
2024675612 1.424484e-08 0.2820442672323854 0.7179557327676146 
1405660995 1.4e-08 0.5980714285714286 0.4019285714285714 
3382444416 5.582e-08 0.3 0.7 
1382686479 2.091e-08 0.33369201339072213 0.6663079866092778 
3481866093 2.791e-08 0.1 3.758521 
4032129539 1.4e-08 0.34871427675692107 0.6512857232430789 
3838279446 2.791e-08 0.3 2.943275 
199935986 2.791e-08 0.3 2.926287 
3678948817 1.446479e-08 0.31110960522983083 0.6888903947701692 
1771264541 1.419076e-08 0.29945935190276146 0.7005406480972385 
964813250 1.414624e-08 0.29953627464667776 0.7004637253533222 
1913762779 1.446479e-08 0.31110960522983083 0.6888903947701692 
1768543625 2.791e-08 0.1 3.992689 
3467386575 1.414624e-08 0.29953627464667776 0.7004637253533222 
769686034 2.78599e-08 0.10017982835544995 0.8998201716445501 
1128709694 2.791e-08 0.1 3.587528 
4188445920 2.791e-08 0.3 2.742646 
538453177 2.091e-08 0.2002152080344333 0.7997847919655667 
1837234470 1.4882340000000001e-08 0.281588334745885 0.718411665254115 
3279231079 1.4e-08 0.5980714285714286 0.4019285714285714 
241690685 1.414624e-08 0.29953627464667776 0.7004637253533222 
2074240873 2.791e-08 0.3 2.168487 
3824069879 2.288038e-08 0.4879289592218311 0.5120710407781689 
3642829293 2.804448e-08 0.2999999677534968 0.7000000322465032 
