4274934102 2.791e-08 0.1 4.032403 
2757833455 2.791e-08 0.1 4.052334 
3384709749 2.791e-08 0.1 3.720179 
3015378843 2.791e-08 0.1 3.625184 
126484229 2.791e-08 0.1 3.644085 
3443220506 2.791e-08 0.1 3.682034 
2768642543 2.791e-08 0.1 3.874722 
476505668 2.791e-07 0.1 3.645247 
1768543625 2.791e-08 0.1 3.992689 
843517319 2.791e-08 0.1 3.45728 
3709881891 2.791e-08 0.1 3.550069 
3919026803 2.791e-08 0.1 4.092343 
1128709694 2.791e-08 0.1 3.587528 
865537991 2.791e-08 0.1 3.855233 
1931993247 1.45776e-08 0.3000000000000001 0.7 
29350397 5.582e-08 0.1 0.9 
916523109 2.791e-08 0.1 3.494249 
129185354 2.791e-08 0.3 2.564938 
253808213 2.791e-08 0.1 3.275379 
1403705120 3.0701e-07 0.10000000000000002 0.9 
997905375 2.791e-08 0.1 3.663035 
1415695418 2.791e-08 0.1 3.365717 
2250757420 2.791e-08 0.1 3.835792 
3838279446 2.791e-08 0.3 2.943275 
3037779432 2.791e-08 0.3 2.825384 
888311950 2.791e-08 0.3 2.842078 
392861532 2.791e-08 0.1 3.347551 
1134132465 2.791e-08 0.1 3.972905 
3481866093 2.791e-08 0.1 3.758521 
1738909006 1.410772e-08 0.300000017914727 0.6999999820852729 
828787466 2.791e-08 0.1 3.701082 
2190522392 2.791e-08 0.1 3.512807 
1104410542 2.316316e-07 0.3000000000000001 0.7 
2718413753 2.791e-08 0.3 1.365239 
921425487 2.791e-08 0.1 3.293348 
2681375347 2.791e-08 0.1 3.531414 
2545005546 2.791e-08 0.1 3.186267 
754869367 2.791e-08 0.1 3.383931 
1866926464 2.791e-08 0.1 3.203992 
1434594601 2.791e-08 0.3 2.792141 
2856850640 2.791e-08 0.3 2.960313 
265770918 2.791e-08 0.1 3.06357 
1035492323 2.791e-08 0.3 2.362569 
1664502715 2.791e-08 0.3 2.726246 
326805806 2.791e-08 0.3 2.628873 
4188445920 2.791e-08 0.3 2.742646 
1370908750 1.480215e-08 0.3000000085477768 0.6999999914522232 
911013108 2.791e-08 0.3 2.909347 
2429525676 2.791e-08 0.1 3.913848 
3176785673 2.791e-08 0.3 2.775594 
315200650 2.791e-08 0.3 2.517502 
1736323711 1.4e-08 0.13926158005928493 0.8607384199407151 
825415804 2.791e-08 0.1 3.011721 
375852842 1.4e-08 0.30000000000000004 0.7 
3182159117 1.43376e-08 0.13598246016278798 0.8640175398372121 
1848242772 1.415285e-08 0.29554978992789216 0.7044502100721078 
1533953788 2.791e-08 0.1 3.257459 
3279439195 1.4e-08 0.3130049974815734 0.6869950025184266 
4105879141 1.419561e-08 0.2777452751484624 0.7222547248515376 
1586980658 2.791e-08 0.1 3.402195 
511603307 2.791e-08 0.3 1.853747 
3245569981 1.4e-08 0.19935714285714287 0.8006428571428571 
1902671923 1.439498e-08 1.0 0.0 
4278040469 1.419561e-08 0.2777452751484624 0.7222547248515376 
3089865955 1.4e-08 0.2987765603129263 0.7012234396870737 
2956861855 2.791e-08 0.1 3.133389 
3294683754 2.091e-08 0.2002152080344333 0.7997847919655667 
682911345 1.439122e-08 0.2739700737915385 0.7260299262084615 
1414892502 1.419561e-08 0.2777452751484624 0.7222547248515376 
1896745001 1.414284e-08 0.046829633183017715 0.9531703668169823 
2441325815 1.406379e-08 0.29999998666410926 0.7000000133358908 
3971437066 1.419561e-08 0.2777452751484624 0.7222547248515376 
2046083849 2.791e-08 0.3 2.053171 
2065940037 1.439121e-08 0.2777451773206208 0.7222548226793792 
3467386575 1.419561e-08 0.2777452751484624 0.7222547248515376 
443746396 1.4e-08 0.5980714285714286 0.4019285714285714 
2087527840 1.4e-08 0.2777451773206208 0.7222548226793792 
3268335666 4.201772e-08 0.30000000601498494 0.699999993985015 
