865537991 2.791e-08 0.1 3.855233 
1236021306 2.791e-08 0.1 3.568774 
501991070 2.791e-08 0.1 4.072314 
1134132465 2.791e-08 0.1 3.972905 
754869367 2.791e-08 0.1 3.383931 
3392858646 2.791e-08 0.1 3.816401 
2190522392 2.791e-08 0.1 3.512807 
3443220506 2.791e-08 0.1 3.682034 
997905375 2.791e-08 0.1 3.663035 
426576124 2.791e-07 0.1 3.100238 
3015378843 2.791e-08 0.1 3.625184 
1415695418 2.791e-08 0.1 3.365717 
618276123 2.791e-07 0.1 4.033088 
3708838243 2.791e-08 0.1 3.739326 
1866926464 2.791e-08 0.1 3.203992 
1498734392 2.791e-08 0.1 4.012522 
300193622 2.791e-08 0.1 3.311367 
3228084226 2.791e-08 0.1 3.953171 
4188445920 2.791e-08 0.3 2.742646 
251961497 2.791e-08 0.1 3.080951 
2856850640 2.791e-08 0.3 2.960313 
3384709749 2.791e-08 0.1 3.720179 
4274934102 2.791e-08 0.1 4.032403 
392861532 2.791e-08 0.1 3.347551 
2757833455 2.791e-08 0.1 4.052334 
2429525676 2.791e-08 0.1 3.913848 
43001897 2.791e-08 0.1 3.47574 
126484229 2.791e-08 0.1 3.644085 
1227575429 2.791e-08 0.3 2.019059 
3245569981 2.791e-08 0.1 3.777765 
3838279446 2.791e-08 0.3 2.943275 
1434594601 2.791e-08 0.3 2.792141 
3481866093 2.791e-08 0.1 3.758521 
2729381062 2.791e-08 0.1 3.894261 
385785803 2.791e-08 0.1 3.420508 
1586980658 2.791e-08 0.1 3.402195 
3108364485 2.791e-08 0.1 3.028955 
1035492323 5.582e-08 0.3 0.7 
4226750145 2.791e-08 0.3 2.892456 
443746396 2.791e-08 0.3 2.677339 
2956861855 2.791e-08 0.1 3.133389 
3519923770 2.791e-08 0.1 3.046238 
911013108 2.791e-08 0.3 2.909347 
3709881891 2.791e-08 0.1 3.550069 
2681375347 2.791e-08 0.1 3.531414 
265770918 2.791e-08 0.1 3.06357 
888311950 2.791e-08 0.3 2.842078 
2250757420 2.791e-08 0.1 3.835792 
476505668 5.582e-07 0.1 0.9 
242414939 2.791e-08 0.3 1.483389 
29350397 2.791e-08 0.1 3.797059 
732124878 2.791e-08 0.3 2.271963 
3475245566 2.791e-08 0.1 3.239587 
1458665800 2.791e-08 0.3 1.96317 
199935986 2.791e-08 0.3 2.926287 
3268335666 2.791e-08 0.3 2.9774 
3059144981 1.472778e-08 0.29999995700466386 0.7000000429953361 
3176785673 2.791e-08 0.3 2.775594 
2298477853 2.791e-08 0.3 2.644979 
2480932170 5.582e-08 0.3 0.7 
2766526296 1.446657e-08 0.16723653357365875 0.8327634664263412 
2906924538 2.791e-08 0.3 2.317046 
2870158420 2.791e-08 0.3 2.081706 
1736323711 1.472778e-08 0.29999995700466386 0.7000000429953361 
1128709694 2.791e-08 0.1 3.587528 
728028737 2.791e-08 0.1 3.098381 
1061526795 1.426567e-08 0.3268787629749874 0.6731212370250126 
811613008 2.791e-08 0.3 2.612816 
326805806 2.791e-08 0.3 2.628873 
3177521820 1.4e-08 0.5158855578835109 0.48411444211648913 
4031050948 2.791e-07 0.3 2.928368 
551137729 1.437323e-08 0.3026122119659013 0.6973877880340986 
283080478 1.472778e-08 0.29999995700466386 0.7000000429953361 
238807518 1.40119e-08 0.08319974833160569 0.9168002516683943 
3006103420 1.4779710000000001e-08 0.2989458769335899 0.70105412306641 
2980075456 1.426567e-08 0.3268787629749874 0.6731212370250126 
2046636587 1.713667e-08 1.0 0.0 
3189348033 1.4e-08 0.9967864262760189 0.0032135737239811224 
3168933829 1.621892e-08 0.2768459541380886 0.7231540458619115 
3012070026 2.791e-08 0.3 2.808738 
3872525629 1.600009e-08 0.23301120186292837 0.7669887981370717 
769315986 1.42299e-08 0.25627855103110175 0.7437214489688982 
3182159117 1.48316e-08 0.32239226854273156 0.6776077314572684 
2025893757 1.407398e-08 0.08493676220440809 0.915063237795592 
3197676583 2.392419e-08 0.34998050090724075 0.6500194990927592 
2501379955 1.456593e-08 0.3282724254557297 0.6717275745442703 
2272534990 1.509941e-08 0.09204821579121308 0.907951784208787 
301219709 1.511936e-08 0.29223018479447205 0.707769815205528 
2542835646 1.4000010000000003e-08 0.5980710013778561 0.40192899862214393 
1768543625 2.791e-08 0.1 3.992689 
1441326850 1.4e-08 0.3415426132531792 0.6584573867468209 
1382686479 1.445401e-08 0.19309520333803568 0.8069047966619644 
4088691616 1.401311e-08 0.07998100728810977 0.9200189927118902 
312808672 1.4e-08 0.996785002296427 0.0032149977035730304 
3357643131 1.399999e-08 0.5980718557656113 0.4019281442343887 
3356410364 1.4e-08 0.31053587130143984 0.6894641286985601 
451270221 1.4e-08 0.51588518939409 0.48411481060591 
2269474534 1.4e-08 0.4983928571428572 0.5016071428571428 
