4274934102 2.791e-08 0.1 4.032403 
865537991 2.791e-08 0.1 3.855233 
3709881891 2.791e-08 0.1 3.550069 
29350397 2.791e-08 0.1 3.797059 
3475245566 2.791e-08 0.1 3.239587 
3012070026 2.791e-08 0.3 2.808738 
2729381062 2.791e-08 0.1 3.894261 
1236021306 2.791e-08 0.1 3.568774 
1134132465 2.791e-08 0.1 3.972905 
1415695418 2.791e-08 0.1 3.365717 
3443220506 2.791e-08 0.1 3.682034 
43001897 5.582e-08 0.1 0.9 
916523109 2.791e-08 0.1 3.494249 
921425487 2.791e-08 0.1 3.293348 
1498734392 2.791e-08 0.1 4.012522 
3392858646 2.791e-08 0.1 3.816401 
266059373 2.791e-08 0.1 3.438869 
253808213 2.791e-08 0.1 3.275379 
392861532 2.791e-08 0.1 3.347551 
828787466 2.791e-08 0.1 3.701082 
2545005546 2.791e-08 0.1 3.186267 
2190522392 2.791e-08 0.1 3.512807 
618276123 2.791e-07 0.1 4.033088 
754869367 2.791e-08 0.1 3.383931 
251961497 2.791e-08 0.1 3.080951 
1239791232 2.791e-08 0.3 2.709894 
1507417240 2.791e-08 0.1 3.933485 
3708838243 2.791e-08 0.1 3.739326 
1963165541 2.791e-08 0.3 2.423954 
126484229 2.791e-08 0.1 3.644085 
129185354 2.791e-08 0.3 2.564938 
1768543625 2.791e-08 0.1 3.992689 
997905375 2.791e-08 0.1 3.663035 
1403705120 2.791e-07 0.1 3.836717 
3108364485 2.791e-08 0.1 3.028955 
3015378843 2.791e-08 0.1 3.625184 
3176785673 2.791e-08 0.3 2.775594 
3800257563 3.0701e-07 0.1181818181818182 0.8818181818181818 
911013108 2.791e-08 0.3 2.909347 
3919026803 2.791e-08 0.1 4.092343 
3459374364 1.408408e-08 0.29999992117522656 0.7000000788247734 
1664502715 8.373e-08 0.30000000000000004 0.7 
4226750145 2.791e-08 0.3 2.892456 
4055959668 1.4e-08 0.3018016349875417 0.6981983650124584 
3802520055 1.472778e-08 0.09999998566822133 0.9000000143317787 
1019134040 2.791e-08 0.3 2.096047 
1878784256 2.791e-08 0.3 2.393164 
1866926464 2.791e-08 0.1 3.203992 
739080713 2.791e-08 0.3 2.486124 
438292632 2.603144e-08 0.10721650435012431 0.8927834956498757 
3823443426 2.791e-08 0.3 2.301969 
283080478 1.418415e-08 0.30000002960109123 0.6999999703989088 
3563522875 1.405859e-08 1.0 0.0 
2892683898 1.408408e-08 0.29999992117522656 0.7000000788247734 
3268335666 2.791e-08 0.3 2.9774 
728028737 2.791e-08 0.1 3.098381 
3838279446 2.791e-08 0.3 2.943275 
4187488967 1.408408e-08 0.29999992117522656 0.7000000788247734 
769686034 2.131547e-08 0.13093776491909398 0.8690622350809061 
3462747 2.791e-08 0.1 3.150966 
2856850640 2.791e-08 0.3 2.960313 
2378434411 1.472778e-08 0.09999998566822133 0.9000000143317787 
3736894086 2.791e-08 0.3 2.596808 
4167430602 1.472778e-08 0.09999998566822133 0.9000000143317787 
3736523900 1.454159e-08 0.28843481337734994 0.71156518662265 
1420914473 1.4e-08 0.09999998566822133 0.9000000143317787 
326805806 8.373e-08 0.30000000000000004 0.7 
690117576 1.428025e-08 0.15388911258556395 0.8461108874144361 
439844059 1.472778e-08 0.09999998566822133 0.9000000143317787 
3012889883 1.472778e-08 0.09999998566822133 0.9000000143317787 
2027098952 1.472778e-08 0.09999998566822133 0.9000000143317787 
410848061 1.408408e-08 0.29999992117522656 0.7000000788247734 
3967778277 1.417658e-08 0.29577991750204924 0.7042200824979508 
1761715697 1.456146e-08 0.15671069384525996 0.8432893061547401 
6723929 2.791e-08 0.3 1.308003 
898751805 1.3999989999999996e-08 0.45377500982206026 0.5462249901779397 
481808867 1.4e-08 0.15696964285714282 0.8430303571428572 
3071577057 1.521291e-08 0.29999999999999993 0.7000000000000001 
3401497744 2.01719e-08 0.20754118352758044 0.7924588164724196 
1292024166 1.404708e-08 0.15146369992433723 0.8485363000756627 
1657444763 1.4e-08 0.2995105473472287 0.7004894526527713 
3519923770 2.791e-08 0.1 3.046238 
2286860921 1.408408e-08 0.29999992117522656 0.7000000788247734 
4031050948 3.3492e-07 0.2833333333333334 0.7166666666666666 
1745749016 1.4e-08 0.3018016349875418 0.6981983650124581 
463844675 1.454159e-08 0.28843481337734994 0.71156518662265 
1371202285 1.999776e-08 0.0736471379256835 0.9263528620743164 
1414892502 1.4e-08 0.2995929141328527 0.7004070858671473 
3934203265 1.404708e-08 0.15146369992433723 0.8485363000756627 
1577969976 1.417658e-08 0.29577991750204924 0.7042200824979508 
66987975 1.454159e-08 0.28843481337734994 0.71156518662265 
552634658 1.454159e-08 0.28843481337734994 0.71156518662265 
1922039940 1.417658e-08 0.29577991750204924 0.7042200824979508 
