4274934102 2.791e-08 0.1 4.032403 
2669757562 2.791e-08 0.1 3.221765 
90391199 2.791e-08 0.1 3.606331 
1128709694 2.791e-08 0.1 3.587528 
3462747 2.791e-08 0.1 3.150966 
501991070 2.791e-08 0.1 4.072314 
997905375 2.791e-08 0.1 3.663035 
916523109 2.791e-08 0.1 3.494249 
1403705120 2.791e-07 0.1 3.836717 
1134132465 2.791e-08 0.1 3.972905 
3015378843 2.791e-08 0.1 3.625184 
2729381062 2.791e-08 0.1 3.894261 
392861532 2.791e-08 0.1 3.347551 
1507417240 4.112981e-08 0.06785832465552358 0.9321416753444765 
618276123 2.791e-07 0.1 4.033088 
3228084226 2.791e-08 0.1 3.953171 
1533953788 2.791e-08 0.1 3.257459 
2768642543 2.791e-08 0.1 3.874722 
1866926464 2.791e-08 0.1 3.203992 
3392858646 2.791e-08 0.1 3.816401 
3245569981 2.791e-08 0.1 3.777765 
843517319 2.791e-08 0.1 3.45728 
300193622 2.791e-08 0.1 3.311367 
838860310 2.791e-08 0.3 2.439423 
476505668 2.791e-07 0.1 3.645247 
251961497 2.791e-08 0.1 3.080951 
266059373 2.791e-08 0.1 3.438869 
3490627259 2.791e-08 0.3 2.661134 
754869367 2.791e-08 0.1 3.383931 
3384709749 2.791e-08 0.1 3.720179 
865537991 5.582e-08 0.1 0.9 
164438789 2.791e-08 0.3 2.454941 
3475245566 2.791e-08 0.1 3.239587 
385785803 2.791e-08 0.1 3.420508 
3519923770 2.791e-08 0.1 3.046238 
3083717413 2.091e-08 0.10000000000000005 0.8999999999999999 
129185354 5.582e-08 0.3 0.7 
315200650 2.791e-08 0.3 2.517502 
2205180068 2.791e-08 0.3 1.747461 
4075596975 1.65766e-08 0.25255472999447115 0.7474452700055289 
3012070026 2.791e-08 0.3 2.808738 
3702894340 1.971734e-08 0.08741926383839953 0.9125807361616005 
3800257563 3.0701e-07 0.10000000000000002 0.9 
1950077488 1.458495e-08 0.11818177968737831 0.8818182203126217 
3182159117 1.590942e-08 0.40933819921362996 0.59066180078637 
1078741991 1.451227e-08 0.29999994811484804 0.7000000518851519 
1415695418 2.791e-08 0.1 3.365717 
3428193420 4.8819999999999996e-08 0.30000000000000004 0.7 
3824069879 2.791e-08 0.1 3.168592 
1405660995 1.458495e-08 0.11818177968737831 0.8818182203126217 
2438291630 1.43187e-08 0.30000004582915024 0.6999999541708497 
3778036871 1.458495e-08 0.11818177968737831 0.8818182203126217 
3687573659 1.469019e-08 0.569972205941516 0.430027794058484 
3443220506 2.791e-08 0.1 3.682034 
2710766136 2.791e-08 0.3 2.759095 
2545005546 2.791e-08 0.1 3.186267 
1236021306 2.791e-08 0.1 3.568774 
406745133 1.484723e-08 0.29999994983877565 0.7000000501612244 
2980075456 1.401288e-08 0.2980877594697152 0.7019122405302848 
333964007 2.791e-08 0.3 2.153901 
3481866093 2.791e-08 0.1 3.758521 
4212779140 1.843742e-08 0.6082234691213286 0.39177653087867137 
3108364485 2.791e-08 0.1 3.028955 
