1415695418 2.791e-08 0.1 3.365717 
501991070 2.791e-08 0.1 4.072314 
3392858646 2.791e-08 0.1 3.816401 
3709881891 2.791e-08 0.1 3.550069 
3800257563 2.791e-07 0.1 3.458677 
1498734392 2.791e-08 0.1 4.012522 
2729381062 2.791e-08 0.1 3.894261 
1236021306 2.791e-08 0.1 3.568774 
253808213 2.791e-08 0.1 3.275379 
1586980658 2.791e-08 0.1 3.402195 
266059373 2.791e-08 0.1 3.438869 
251961497 2.791e-08 0.1 3.080951 
2757833455 2.791e-08 0.1 4.052334 
4188445920 2.791e-08 0.3 2.742646 
1507417240 2.791e-08 0.1 3.933485 
2429525676 2.791e-08 0.1 3.913848 
1403705120 2.791e-07 0.1 3.836717 
2545005546 2.791e-08 0.1 3.186267 
2681375347 2.791e-08 0.1 3.531414 
618276123 2.791e-07 0.1 4.033088 
3462747 2.791e-08 0.1 3.150966 
2768642543 2.791e-08 0.1 3.874722 
3268335666 2.791e-08 0.3 2.9774 
2326007700 2.791e-08 0.3 2.994536 
754869367 2.791e-08 0.1 3.383931 
916523109 2.791e-08 0.1 3.494249 
3475245566 2.791e-08 0.1 3.239587 
1768543625 2.791e-08 0.1 3.992689 
1790255658 2.791e-08 0.3 1.569011 
3824069879 2.791e-08 0.1 3.168592 
3384709749 2.791e-08 0.1 3.720179 
476505668 3.3492e-07 0.10000000000000002 0.9 
300193622 2.791e-08 0.1 3.311367 
828787466 2.791e-08 0.1 3.701082 
3632514288 2.091e-08 0.30000000000000004 0.7 
2250757420 2.791e-08 0.1 3.835792 
3015378843 2.791e-08 0.1 3.625184 
1878784256 2.791e-08 0.3 2.393164 
3176785673 2.791e-08 0.3 2.775594 
888311950 2.791e-08 0.3 2.842078 
90391199 2.791e-08 0.1 3.606331 
2298477853 2.791e-08 0.3 2.644979 
1239791232 2.791e-08 0.3 2.709894 
825415804 2.791e-08 0.1 3.011721 
3838279446 2.791e-08 0.3 2.943275 
2911053862 2.791e-08 0.3 2.533265 
1156624510 2.637667e-08 0.3174396161456317 0.6825603838543683 
2521380987 1.57422e-08 0.3579078530200192 0.6420921469799807 
629078091 1.709954e-08 0.03537558612687827 0.9646244138731217 
1837088337 1.45099e-08 0.14426357176824095 0.855736428231759 
1869365069 1.436673e-08 0.3024884189847955 0.6975115810152045 
43001897 2.791e-08 0.1 3.47574 
249728555 1.4e-08 0.09684182871655211 0.9031581712834479 
126484229 2.791e-08 0.1 3.644085 
265770918 2.791e-08 0.1 3.06357 
3012070026 2.791e-08 0.3 2.808738 
4256642775 1.43938e-08 0.2852100511897193 0.7147899488102807 
290926289 2.791e-08 0.3 2.408534 
4028593304 1.400001e-08 0.1993570004592854 0.8006429995407146 
3037779432 2.791e-08 0.3 2.825384 
2261252686 2.791e-08 0.3 2.858822 
481808867 1.43938e-08 0.2852100511897193 0.7147899488102807 
392861532 2.791e-08 0.1 3.347551 
4167430602 1.879728e-08 0.23280930985658407 0.7671906901434159 
250719570 1.43938e-08 0.2852100511897193 0.7147899488102807 
2681498831 1.43938e-08 0.2852100511897193 0.7147899488102807 
1906851972 1.403417e-08 0.04310238866993917 0.9568976113300608 
1771264541 1.446466e-08 0.368551921503122 0.631448078496878 
1922039940 1.472778e-08 0.0999997563603213 0.9000002436396787 
1172086036 1.458727e-08 0.30000005374418726 0.6999999462558127 
2504591099 2.791e-08 0.3 2.693592 
164438789 2.791e-08 0.3 2.454941 
3481866093 2.791e-08 0.1 3.758521 
3302973195 1.43938e-08 0.2852100511897193 0.7147899488102807 
3241671100 2.791e-08 0.3 1.507607 
4186562710 1.472778e-08 0.0999997563603213 0.9000002436396787 
224410298 1.472778e-08 0.0999997563603213 0.9000002436396787 
4253718737 1.571671e-08 0.2663725423450581 0.733627457654942 
3696843781 1.507586e-08 1.0 0.0 
315200650 2.791e-08 0.3 2.517502 
1055469694 1.43938e-08 0.2852100511897193 0.7147899488102807 
1621314342 1.462464e-08 0.11450533571889542 0.8854946642811046 
375852842 1.508811e-08 0.29004174704326585 0.7099582529567341 
783121895 2.091e-08 0.2002152080344333 0.7997847919655667 
2747938267 1.608305e-08 0.1657327614961632 0.8342672385038368 
