618276123 2.791e-07 0.3 4.033088 
3015378843 2.791e-08 0.3 3.625184 
1768543625 2.791e-08 0.3 3.992689 
828787466 2.791e-08 0.3 3.701082 
2757833455 2.791e-08 0.3 4.052334 
392861532 2.791e-08 0.3 3.347551 
1134132465 2.791e-08 0.3 3.972905 
1533953788 2.791e-08 0.3 3.257459 
385785803 2.791e-08 0.3 3.420508 
3919026803 2.791e-08 0.3 4.092343 
4274934102 2.791e-08 0.3 4.032403 
29350397 2.791e-08 0.3 3.797059 
3428193420 2.791e-08 0.3 2.332171 
997905375 2.791e-08 0.3 3.663035 
2298477853 2.791e-08 0.3 2.644979 
3384709749 2.791e-08 0.3 3.720179 
3824069879 2.791e-08 0.3 3.168592 
90391199 2.791e-08 0.3 3.606331 
2669757562 2.791e-08 0.3 3.221765 
1498734392 2.791e-08 0.3 4.012522 
2870037616 2.791e-08 0.3 1.606441 
2555962951 2.791e-07 0.3 3.277007 
43001897 2.791e-08 0.3 3.47574 
2261252686 2.791e-08 0.3 2.858822 
2768642543 2.791e-08 0.3 3.874722 
1019134040 2.791e-08 0.3 2.096047 
865537991 2.791e-08 0.3 3.855233 
3228084226 2.791e-08 0.3 3.953171 
843517319 2.791e-08 0.3 3.45728 
1370908750 1.935941e-08 0.0 1.0 
265770918 5.582e-08 0.3 0.7 
2250879299 2.791e-08 0.3 2.183122 
1130108289 1.4e-08 0.3000004299540379 0.699999570045962 
3519923770 2.791e-08 0.3 3.046238 
333964007 2.791e-08 0.3 2.153901 
888311950 2.791e-08 0.3 2.842078 
2326007700 2.791e-08 0.3 2.994536 
690117576 1.432679e-08 0.3000000017120485 0.6999999982879515 
2956861855 2.791e-08 0.3 3.133389 
3375523036 1.415154e-08 0.2999999561300954 0.7000000438699046 
1149406307 1.432679e-08 0.3000000017120485 0.6999999982879515 
906368509 1.690701e-08 1.5656106702369877e-15 0.9999999999999984 
2856850640 2.791e-08 0.3 2.960313 
3037779432 2.791e-08 0.3 2.825384 
3176785673 1.4e-08 0.0 1.0 
4198169764 1.432679e-08 0.3000000017120485 0.6999999982879515 
1676003954 1.4e-08 0.30000000000000004 0.7 
896813269 1.449e-08 0.3000000307109615 0.6999999692890385 
2984600922 4.1865e-07 0.3 0.7 
2001290253 2.091e-08 0.30000000000000027 0.6999999999999997 
2177968201 1.74325e-08 0.3000004299540379 0.699999570045962 
37051273 1.449e-08 0.3000000307109615 0.6999999692890385 
2013640095 2.898e-08 0.3000000307109615 0.6999999692890385 
4093093422 1.432679e-08 0.3000000017120485 0.6999999982879515 
754869367 1.399999e-08 0.0 1.0 
4226750145 2.791e-08 0.3 2.892456 
2898323513 1.449e-08 0.3000000307109615 0.6999999692890385 
