2250757420 2.791e-08 0.3 3.835792 
3443220506 2.791e-08 0.3 3.682034 
501991070 2.791e-08 0.3 4.072314 
313359544 1.665988e-08 0.0 1.0 
825415804 2.791e-08 0.3 3.011721 
385785803 2.791e-08 0.3 3.420508 
3708838243 2.791e-08 0.3 3.739326 
865537991 2.791e-08 0.3 3.855233 
3475245566 2.791e-08 0.3 3.239587 
2190522392 2.791e-08 0.3 3.512807 
2757833455 2.791e-08 0.3 4.052334 
817087088 1.472778e-08 0.2999999825411424 0.7000000174588576 
43001897 2.791e-08 0.3 3.47574 
3228084226 2.791e-08 0.3 3.953171 
1415695418 5.582e-08 0.3 0.7 
618276123 2.791e-07 0.3 4.033088 
432337108 1.447793e-08 0.33979122719810356 0.6602087728018964 
3384709749 2.791e-08 0.3 3.720179 
2768642543 2.791e-08 0.3 3.874722 
3245569981 2.791e-08 0.3 3.777765 
3187199216 1.472778e-08 0.2999999825411424 0.7000000174588576 
3037779432 2.791e-08 0.3 2.825384 
785216844 1.509959e-08 0.3010523761861708 0.6989476238138292 
2956861855 2.791e-08 0.3 3.133389 
997905375 2.791e-08 0.3 3.663035 
393090083 1.429087e-08 0.3000000551469992 0.6999999448530008 
463844675 1.429087e-08 0.3000000551469992 0.6999999448530008 
3642829293 1.4e-08 0.29999999999999993 0.7000000000000001 
2710766136 2.791e-08 0.3 2.759095 
2766526296 1.410861e-08 0.30349171309652123 0.6965082869034788 
2298477853 2.791e-08 0.3 2.644979 
2449448537 1.429087e-08 0.3000000551469992 0.6999999448530008 
2475979558 1.435167e-08 0.30608120167291586 0.6939187983270841 
1194638860 1.435167e-08 0.30608120167291586 0.6939187983270841 
1848242772 1.2166557e-07 0.29999998117371607 0.7000000188262839 
85224627 1.410861e-08 0.30349171309652123 0.6965082869034788 
2711965517 1.534566e-08 0.2975698523307988 0.7024301476692012 
355298688 1.410861e-08 0.30349171309652123 0.6965082869034788 
1236021306 2.791e-08 0.3 3.568774 
3458484829 1.429087e-08 0.3000000551469992 0.6999999448530008 
2391696826 1.746351e-08 0.3734429709198652 0.6265570290801348 
4256642775 1.429087e-08 0.3000000551469992 0.6999999448530008 
629078091 1.44355e-08 0.30035934563711597 0.699640654362884 
287394855 1.404219e-08 0.3002570574508012 0.6997429425491988 
2348040613 1.4642540000000001e-08 0.31251753094937473 0.6874824690506253 
584993009 1.410861e-08 0.30349171309652123 0.6965082869034788 
3167902617 1.429087e-08 0.3000000551469992 0.6999999448530008 
3381587904 1.435167e-08 0.30608120167291586 0.6939187983270841 
3197676583 2.791e-08 0.3 2.21254 
2029773149 1.472778e-08 0.2999999825411424 0.7000000174588576 
3696193412 1.472778e-08 0.2999999825411424 0.7000000174588576 
2733144751 1.4642540000000001e-08 0.3171340504745056 0.6828659495254944 
2326007700 2.791e-08 0.3 2.994536 
1657444763 1.410861e-08 0.30349171309652123 0.6965082869034788 
2980075456 1.435167e-08 0.30608120167291586 0.6939187983270841 
164438789 1.4000010000000003e-08 0.5980710013778561 0.40192899862214393 
781549661 1.4e-08 0.3000000643295796 0.6999999356704204 
