43001897 2.791e-08 0.3 3.47574 
3708838243 2.791e-08 0.3 3.739326 
2757833455 2.791e-08 0.3 4.052334 
618276123 2.791e-07 0.3 4.033088 
754869367 2.791e-08 0.3 3.383931 
3481866093 2.791e-08 0.3 3.758521 
828787466 2.791e-08 0.3 3.701082 
3245569981 2.791e-08 0.3 3.777765 
266059373 2.791e-08 0.3 3.438869 
3384709749 2.791e-08 0.3 3.720179 
843517319 2.791e-08 0.3 3.45728 
385785803 2.791e-08 0.3 3.420508 
1128709694 2.791e-08 0.3 3.587528 
3919026803 2.791e-08 0.3 4.092343 
501991070 2.791e-08 0.3 4.072314 
3392858646 2.791e-08 0.3 3.816401 
1134132465 2.791e-08 0.3 3.972905 
2190522392 2.791e-08 0.3 3.512807 
4274934102 2.791e-08 0.3 4.032403 
2669757562 2.791e-08 0.3 3.221765 
1236021306 2.791e-08 0.3 3.568774 
1768543625 2.791e-08 0.3 3.992689 
1347872676 2.791e-08 0.3 2.580848 
1403705120 3.0701e-07 0.3 0.7 
1507417240 2.791e-08 0.3 3.933485 
1415695418 2.791e-08 0.3 3.365717 
3824069879 2.791e-08 0.3 3.168592 
3838279446 2.791e-08 0.3 2.943275 
4028593304 2.791e-08 0.3 3.329435 
251961497 2.791e-08 0.3 3.080951 
2681375347 2.791e-08 0.3 3.531414 
911013108 2.791e-08 0.3 2.909347 
1498734392 5.582e-08 0.3 0.7 
315200650 2.791e-08 0.3 2.517502 
888311950 2.791e-08 0.3 2.842078 
1866926464 2.791e-08 0.3 3.203992 
1842102965 1.405223e-08 0.30000000951538014 0.6999999904846199 
126484229 2.791e-08 0.3 3.644085 
4031050948 6.9775e-07 0.3 0.7 
1035492323 2.791e-08 0.3 2.362569 
997905375 2.791e-08 0.3 3.663035 
2429525676 2.791e-08 0.3 3.913848 
1963165541 2.791e-08 0.3 2.423954 
2250775120 1.472778e-08 0.29999995700466403 0.7000000429953359 
314650893 1.4000010000000003e-08 0.2626639782254321 0.7373360217745679 
2906924538 2.791e-08 0.3 2.317046 
2409063466 2.791e-08 0.3 1.218974 
4188445920 2.791e-08 0.3 2.742646 
3462747 2.791e-08 0.3 3.150966 
3279439195 1.4e-08 0.0 1.0 
2177968201 1.472778e-08 0.29999995700466403 0.7000000429953359 
825415804 2.791e-08 0.3 3.011721 
511603307 2.791e-08 0.3 1.853747 
921425487 2.791e-08 0.3 3.293348 
29350397 2.791e-08 0.3 3.797059 
3497999925 1.4000000000000001e-08 0.27010770092040753 0.7298922990795924 
2247026945 1.92553e-08 0.43484131641677876 0.5651586835832212 
1790255658 1.4000000000000001e-08 0.0 1.0 
649593533 1.4e-08 0.37470226404702534 0.6252977359529747 
3059144981 1.440351e-08 0.3004904273384565 0.6995095726615435 
2856850640 2.791e-08 0.3 2.960313 
1382686479 1.472778e-08 0.29999995700466403 0.7000000429953359 
533433650 1.433427e-08 0.44529160722305583 0.5547083927769442 
2746930994 1.421406e-08 0.3781800377187171 0.6218199622812829 
1462644303 1.455515e-08 0.3115050592493823 0.6884949407506177 
2027098952 1.434529e-08 0.3000000210379103 0.6999999789620897 
265770918 2.791e-08 0.3 3.06357 
1237914369 1.455515e-08 0.3115050592493823 0.6884949407506177 
4283280385 1.421406e-08 0.3781800377187171 0.6218199622812829 
3378187523 1.426731e-08 0.31201305221816694 0.687986947781833 
4226750145 2.791e-08 0.3 2.892456 
2733144751 1.455515e-08 0.3115050592493823 0.6884949407506177 
309459595 1.4e-08 0.3115050592493823 0.6884949407506177 
2555962951 5.8611e-07 0.29999999999999993 0.7000000000000001 
2649056468 1.455515e-08 0.3115050592493823 0.6884949407506177 
1803925302 1.472778e-08 0.29999995700466403 0.7000000429953359 
4013164456 1.569624e-08 0.3791826367985596 0.6208173632014404 
769686034 2.791e-08 0.3 3.11586 
2292589682 1.4e-08 0.0 1.0 
728028737 2.791e-08 0.3 3.098381 
1220275327 2.0248100000000002e-08 0.21051369317549132 0.7894863068245087 
66064165 1.569323e-08 0.41639352816434133 0.5836064718356586 
3662110242 1.92553e-08 0.43484131641677876 0.5651586835832212 
2348040613 1.455515e-08 0.3115050592493823 0.6884949407506177 
1499007652 2.145384e-08 0.33799199257106644 0.6620080074289336 
4088625113 1.455515e-08 0.3115050592493823 0.6884949407506177 
3176785673 2.791e-08 0.3 2.775594 
