501991070 2.791e-08 0.3 4.072314 
3475245566 2.791e-08 0.3 3.239587 
3462747 2.791e-08 0.3 3.150966 
29350397 2.791e-08 0.3 3.797059 
769686034 2.791e-08 0.3 3.11586 
1415695418 2.791e-08 0.3 3.365717 
2669757562 2.791e-08 0.3 3.221765 
3481866093 2.791e-08 0.3 3.758521 
1842102965 1.41524e-08 0.3 0.7 
1768543625 2.791e-08 0.3 3.992689 
3384709749 2.791e-08 0.3 3.720179 
302486611 1.41524e-08 0.3 0.7 
2429525676 2.791e-08 0.3 3.913848 
825415804 2.791e-08 0.3 3.011721 
2729381062 2.791e-08 0.3 3.894261 
3228084226 2.791e-08 0.3 3.953171 
1507417240 2.791e-08 0.3 3.933485 
1541946641 2.791e-08 0.3 1.813522 
838860310 2.791e-08 0.3 2.439423 
1533953788 2.791e-08 0.3 3.257459 
3443220506 2.791e-08 0.3 3.682034 
1726701215 1.74325e-08 0.29999999999999993 0.7000000000000001 
739080713 2.791e-08 0.3 2.486124 
3485819286 1.495727e-08 0.3065412165167585 0.6934587834832415 
2250757420 2.791e-08 0.3 3.835792 
1820499179 1.4e-08 0.30025897839576404 0.6997410216042359 
3824069879 2.791e-08 0.3 3.168592 
3823443426 2.791e-08 0.3 2.301969 
3083717413 1.415349e-08 0.3002589783957641 0.6997410216042359 
2326007700 2.791e-08 0.3 2.994536 
916523109 2.791e-08 0.3 3.494249 
129185354 2.791e-08 0.3 2.564938 
4035587434 1.66795e-08 0.22770209964651875 0.7722979003534812 
1923515514 1.415661e-08 0.3155826379951581 0.6844173620048419 
3459374364 1.415349e-08 0.3002589783957641 0.6997410216042359 
1382686479 1.495727e-08 0.3065412165167585 0.6934587834832415 
538453177 1.415349e-08 0.3002589783957641 0.6997410216042359 
1285693762 1.41524e-08 0.3 0.7 
3279439195 1.415661e-08 0.3155826379951581 0.6844173620048419 
3490627259 1.4e-08 0.0 1.0 
4240624600 1.415349e-08 0.3002589783957641 0.6997410216042359 
3736523900 1.4e-08 0.2893714274918686 0.7106285725081314 
4212779140 1.415349e-08 0.3002589783957641 0.6997410216042359 
1598213090 1.415661e-08 0.3155826379951581 0.6844173620048419 
1458665800 1.9412329999999998e-08 0.3369147174717211 0.6630852825282789 
19131048 1.415661e-08 0.3155826379951581 0.6844173620048419 
4226750145 1.3999990000000003e-08 0.0 1.0 
241690685 1.41352e-08 0.29854630642869184 0.7014536935713082 
2733144751 1.400615e-08 0.30414939607650743 0.6958506039234926 
3297235373 1.4e-08 0.3190386802714923 0.6809613197285077 
2110688926 1.415661e-08 0.3155826379951581 0.6844173620048419 
2911053862 2.791e-08 0.3 2.533265 
533433650 1.415661e-08 0.3155826379951581 0.6844173620048419 
2674988631 1.429791e-08 0.44687471805319806 0.553125281946802 
898751805 1.714265e-08 0.0 1.0 
378125977 1.495727e-08 0.3065412165167585 0.6934587834832415 
841878026 1.415661e-08 0.3155826379951581 0.6844173620048419 
517786421 1.4e-08 0.3111620945258272 0.6888379054741728 
