3919026803 2.791e-08 0.3 4.092343 
3392858646 2.791e-08 0.3 3.816401 
2429525676 2.791e-08 0.3 3.913848 
1403705120 2.791e-07 0.3 3.836717 
1507417240 2.791e-08 0.3 3.933485 
2190522392 2.791e-08 0.3 3.512807 
392861532 2.791e-08 0.3 3.347551 
3709881891 2.791e-08 0.3 3.550069 
3015378843 2.791e-08 0.3 3.625184 
1134132465 2.791e-08 0.3 3.972905 
828787466 2.791e-08 0.3 3.701082 
754869367 2.791e-08 0.3 3.383931 
618276123 2.791e-07 0.3 4.033088 
1768543625 2.791e-08 0.3 3.992689 
1498734392 2.791e-08 0.3 4.012522 
3481866093 2.791e-08 0.3 3.758521 
4028593304 2.791e-08 0.3 3.329435 
3823443426 2.791e-08 0.3 2.301969 
916523109 2.791e-08 0.3 3.494249 
1236021306 2.791e-08 0.3 3.568774 
3245569981 2.791e-08 0.3 3.777765 
4226750145 2.791e-08 0.3 2.892456 
2757833455 2.791e-08 0.3 4.052334 
1128709694 2.791e-08 0.3 3.587528 
3443220506 2.791e-08 0.3 3.682034 
2669757562 2.791e-08 0.3 3.221765 
3382444416 2.791e-08 0.3 2.377842 
2326007700 2.791e-08 0.3 2.994536 
476505668 2.791e-07 0.3 3.645247 
1664502715 2.791e-08 0.3 2.726246 
253808213 2.791e-08 0.3 3.275379 
443746396 2.791e-08 0.3 2.677339 
3037779432 2.791e-08 0.3 2.825384 
1963165541 1.4e-08 0.43118851068496367 0.5688114893150363 
825415804 2.791e-08 0.3 3.011721 
3228084226 2.791e-08 0.3 3.953171 
1130108289 2.3356e-08 0.0 1.0 
3736523900 1.402309e-08 0.38900521490094175 0.6109947850990582 
2261252686 2.791e-08 0.3 2.858822 
2250879299 2.791e-08 0.3 2.183122 
1950077488 2.091e-08 0.3743953568140725 0.6256046431859275 
451270221 1.827007e-08 0.017186794613404492 0.9828132053865956 
1837088337 2.091e-08 0.23634451289968583 0.7636554871003142 
1428265047 1.851006e-08 0.2341452744525102 0.7658547255474898 
4122240121 2.791e-08 0.3 1.708413 
3815024321 1.851006e-08 0.2341452744525102 0.7658547255474898 
1089013536 1.545038e-08 0.21510424964959068 0.7848957503504093 
3833318790 2.791e-08 0.3 2.875614 
4209590891 1.419753e-08 0.3000000268720913 0.6999999731279087 
1674415855 1.839569e-08 0.3508559230916478 0.6491440769083522 
1415695418 2.791e-08 0.3 3.365717 
3755198008 1.458727e-08 0.3000000537441873 0.6999999462558126 
843517319 2.791e-08 0.3 3.45728 
1866926464 2.791e-08 0.3 3.203992 
1533953788 2.791e-08 0.3 3.257459 
921425487 2.791e-08 0.3 3.293348 
1199222225 1.458727e-08 0.3000000537441873 0.6999999462558126 
3462747 1.4e-08 0.0 1.0 
14462253 1.4e-08 0.29339424242997286 0.7066057575700271 
771038762 1.424644e-08 0.2733292324763813 0.7266707675236187 
732124878 2.791e-08 0.3 2.271963 
2240528906 1.4e-08 0.29557060977500016 0.7044293902249998 
229435916 1.4e-08 0.30412681922621176 0.6958731807737882 
2747938267 1.411926e-08 0.2939562676324367 0.7060437323675632 
1577969976 1.461555e-08 0.41275711705021173 0.5872428829497882 
3838279446 2.791e-08 0.3 2.943275 
4167430602 1.458727e-08 0.3000000537441873 0.6999999462558126 
3872525629 1.418737e-08 0.30296811733775364 0.6970318826622464 
2674988631 1.440631e-08 0.31369752597612255 0.6863024740238775 
3325165958 1.4e-08 0.2938069999999998 0.7061930000000002 
