828787466 2.791e-08 0.3 3.701082 
501991070 2.791e-08 0.3 4.072314 
3708838243 2.791e-08 0.3 3.739326 
618276123 2.791e-07 0.3 4.033088 
1498734392 2.791e-08 0.3 4.012522 
392861532 2.791e-08 0.3 3.347551 
1403705120 2.791e-07 0.3 3.836717 
1134132465 2.791e-08 0.3 3.972905 
3869596591 1.472778e-08 0.29999995700466386 0.7000000429953361 
4274934102 2.791e-08 0.3 4.032403 
2190522392 2.791e-08 0.3 3.512807 
217284033 1.472778e-08 0.29999995700466386 0.7000000429953361 
3519923770 2.791e-08 0.3 3.046238 
2768642543 2.791e-08 0.3 3.874722 
2911053862 2.791e-08 0.3 2.533265 
3015378843 2.791e-08 0.3 3.625184 
911013108 2.791e-08 0.3 2.909347 
1507417240 2.791e-08 0.3 3.933485 
2757833455 2.791e-08 0.3 4.052334 
2681375347 2.791e-08 0.3 3.531414 
1866926464 2.791e-08 0.3 3.203992 
385785803 2.791e-08 0.3 3.420508 
3800257563 3.0701e-07 0.3 0.7 
3443220506 2.791e-08 0.3 3.682034 
300193622 2.791e-08 0.3 3.311367 
2961226102 1.462938e-08 0.3000001657336661 0.6999998342663338 
266059373 2.791e-08 0.3 3.438869 
843517319 2.791e-08 0.3 3.45728 
1239791232 2.791e-08 0.3 2.709894 
1533953788 2.791e-08 0.3 3.257459 
3592986772 1.420707e-08 0.299999946255832 0.700000053744168 
432337108 1.424014e-08 0.29999996928904465 0.7000000307109553 
1726701215 1.472778e-08 0.29999995700466386 0.7000000429953361 
2138100036 1.472778e-08 0.29999995700466386 0.7000000429953361 
3838279446 2.791e-08 0.3 2.943275 
1236021306 8.373e-08 0.30000000000000004 0.7 
265770918 2.791e-08 0.3 3.06357 
2215785330 1.472778e-08 0.29999995700466386 0.7000000429953361 
1458665800 2.791e-08 0.3 1.96317 
4028593304 2.791e-08 0.3 3.329435 
1227575429 1.399999e-08 0.0 1.0 
3294683754 1.462938e-08 0.3000001657336661 0.6999998342663338 
2898323513 2.091e-08 0.3000000000000001 0.7 
3562383954 1.4e-08 0.2990006226623736 0.7009993773376264 
4119421155 1.537571e-08 0.3238947297847582 0.6761052702152418 
1327969783 2.791e-08 0.3 2.067414 
3593732192 1.472778e-08 0.29999995700466386 0.7000000429953361 
3736601249 2.791e-08 0.3 2.470508 
3458484829 1.418633e-08 0.34650308778753486 0.6534969122124652 
253808213 2.791e-08 0.3 3.275379 
72955594 2.091e-08 0.30290588409623753 0.6970941159037625 
3288380490 1.446266e-08 0.30000003908667955 0.6999999609133205 
2451350669 2.791e-08 0.3 1.544302 
1246511018 1.420707e-08 0.299999946255832 0.700000053744168 
1199222225 1.4e-08 0.30000000000000004 0.7 
1761715697 1.695698e-08 0.3587495329849047 0.6412504670150954 
249728555 1.530738e-08 0.0 1.0 
2087527840 1.404441e-08 0.20327825428846483 0.7967217457115352 
1737134642 1.431889e-08 0.4466593907339937 0.5533406092660063 
481808867 1.481601e-08 0.4570476686277189 0.542952331372281 
249938527 1.456135e-08 0.41314844225054015 0.5868515577494599 
57770090 1.472778e-08 0.29999995700466386 0.7000000429953361 
2669757562 2.791e-08 0.3 3.221765 
3012070026 2.791e-08 0.3 2.808738 
3481866093 2.791e-08 0.3 3.758521 
3004792470 1.0067341e-06 0.30810999338393014 0.6918900066160698 
3690557900 1.468225e-08 0.0 1.0 
3428193420 2.791e-08 0.3 2.332171 
3532745758 1.462938e-08 0.3000001657336661 0.6999998342663338 
3833318790 2.791e-08 0.3 2.875614 
3967778277 1.420724e-08 0.30563136267420665 0.6943686373257933 
896813269 1.462938e-08 0.3000001657336661 0.6999998342663338 
2261252686 2.791e-08 0.3 2.858822 
2013640095 1.4e-08 0.29842569505049227 0.7015743049495078 
3830801972 1.439278e-08 0.2907438390130781 0.7092561609869219 
