3015378843 2.791e-08 0.3 3.625184 
3443220506 2.791e-08 0.3 3.682034 
1533953788 2.791e-08 0.3 3.257459 
43001897 2.791e-08 0.3 3.47574 
1498734392 2.791e-08 0.3 4.012522 
3384709749 2.791e-08 0.3 3.720179 
2956861855 2.791e-08 0.3 3.133389 
828787466 2.791e-08 0.3 3.701082 
90391199 2.791e-08 0.3 3.606331 
3708838243 2.791e-08 0.3 3.739326 
251961497 2.791e-08 0.3 3.080951 
2173231515 2.091e-08 0.4004304160688666 0.5995695839311335 
2250757420 2.791e-08 0.3 3.835792 
4226750145 2.791e-08 0.3 2.892456 
2729381062 2.791e-08 0.3 3.894261 
740082705 2.091e-08 0.4004304160688666 0.5995695839311335 
102901530 2.791e-08 0.3 1.867253 
1507417240 1.4e-08 0.0 1.0 
2250775120 1.420345e-08 0.29999999995027643 0.7000000000497235 
2757833455 2.791e-08 0.3 4.052334 
2261252686 2.791e-08 0.3 2.858822 
811613008 2.791e-08 0.3 2.612816 
754869367 2.791e-08 0.3 3.383931 
3604532305 1.446232e-08 0.2999999787582552 0.7000000212417448 
3228084226 2.791e-08 0.3 3.953171 
3245569981 2.791e-08 0.3 3.777765 
4274934102 2.791e-08 0.3 4.032403 
2298477853 2.791e-08 0.3 2.644979 
2286860921 1.555694e-08 0.29999998045666404 0.700000019543336 
3490627259 2.791e-08 0.3 2.661134 
911013108 2.791e-08 0.3 2.909347 
3709881891 2.791e-08 0.3 3.550069 
552634658 1.451546e-08 0.3001336741679445 0.6998663258320554 
2710766136 2.791e-08 0.3 2.759095 
1761715697 1.420257e-08 0.4504130024319715 0.5495869975680285 
3458484829 2.845891e-08 0.3001336741679445 0.6998663258320554 
385785803 2.791e-08 0.3 3.420508 
2906924538 2.300195e-08 0.006186572657538987 0.993813427342461 
4028593304 2.791e-08 0.3 3.329435 
4031050948 3.3492e-07 0.30000000000000004 0.7 
3392858646 2.791e-08 0.3 3.816401 
2620740164 2.791e-08 0.3 2.501788 
2013640095 1.627333e-08 0.2999999841513046 0.7000000158486954 
550176535 1.4e-08 0.27436559585984494 0.725634404140155 
1867247157 1.4e-08 0.30471297128518227 0.6952870287148177 
997905375 2.791e-08 0.3 3.663035 
1128709694 2.791e-08 0.3 3.587528 
2205180068 2.791e-08 0.3 1.747461 
3481866093 2.791e-08 0.3 3.758521 
3012070026 2.433078e-08 0.30564230875931925 0.6943576912406808 
598947138 2.5805059999999998e-08 0.30421721384594297 0.6957827861540571 
843517319 2.791e-08 0.3 3.45728 
3458662533 1.407446e-08 0.29982163243373366 0.7001783675662663 
2135013218 1.407446e-08 0.29982163243373366 0.7001783675662663 
1165174376 1.407446e-08 0.29982163243373366 0.7001783675662663 
776688125 1.4e-08 0.2983731051139425 0.7016268948860576 
2002691604 1.4e-08 0.29729521395333663 0.7027047860466633 
476505668 2.791e-07 0.3 3.645247 
