4274934102 2.791e-08 0.3 4.032403 
2757833455 2.791e-08 0.3 4.052334 
1507417240 2.791e-08 0.3 3.933485 
90391199 2.791e-08 0.3 3.606331 
3919026803 2.791e-08 0.3 4.092343 
385785803 2.791e-08 0.3 3.420508 
916523109 2.791e-08 0.3 3.494249 
3228084226 2.791e-08 0.3 3.953171 
3708838243 2.791e-08 0.3 3.739326 
501991070 2.791e-08 0.3 4.072314 
1415695418 2.791e-08 0.3 3.365717 
126484229 2.791e-08 0.3 3.644085 
4028593304 2.791e-08 0.3 3.329435 
3384709749 2.791e-08 0.3 3.720179 
266059373 2.791e-08 0.3 3.438869 
843517319 2.791e-08 0.3 3.45728 
2205180068 2.791e-08 0.3 1.747461 
426576124 3.0701e-07 0.3 0.7 
1586980658 2.791e-08 0.3 3.402195 
265770918 2.791e-08 0.3 3.06357 
392861532 2.791e-08 0.3 3.347551 
2768642543 2.791e-08 0.3 3.874722 
2545005546 2.791e-08 0.3 3.186267 
290926289 2.791e-08 0.3 2.408534 
1498734392 2.791e-08 0.3 4.012522 
1134132465 2.791e-08 0.3 3.972905 
3245569981 2.791e-08 0.3 3.777765 
2555962951 2.791e-07 0.3 3.277007 
1236021306 2.791e-08 0.3 3.568774 
2429525676 2.791e-08 0.3 3.913848 
997905375 2.791e-08 0.3 3.663035 
3392858646 2.791e-08 0.3 3.816401 
2261252686 2.791e-08 0.3 2.858822 
3490627259 2.791e-08 0.3 2.661134 
828787466 2.791e-08 0.3 3.701082 
2298477853 2.791e-08 0.3 2.644979 
2729381062 2.791e-08 0.3 3.894261 
3519923770 2.791e-08 0.3 3.046238 
921425487 2.791e-08 0.3 3.293348 
3108364485 2.791e-08 0.3 3.028955 
754869367 2.791e-08 0.3 3.383931 
4226750145 2.791e-08 0.3 2.892456 
769686034 2.791e-08 0.3 3.11586 
300193622 2.791e-08 0.3 3.311367 
911013108 2.791e-08 0.3 2.909347 
1866926464 2.791e-08 0.3 3.203992 
3800257563 2.791e-07 0.3 3.458677 
1434594601 2.791e-08 0.3 2.792141 
2519559028 2.791e-07 0.3 2.761399 
4031050948 2.791e-07 0.3 2.928368 
838860310 2.791e-08 0.3 2.439423 
29350397 2.791e-08 0.3 3.797059 
2250757420 2.791e-08 0.3 3.835792 
4061687915 2.791e-08 0.3 2.227322 
1078741991 1.411729e-08 0.28938755960971957 0.7106124403902805 
3709881891 2.791e-08 0.3 3.550069 
2856850640 2.791e-08 0.3 2.960313 
2326007700 2.791e-08 0.3 2.994536 
3481866093 2.791e-08 0.3 3.758521 
732124878 2.791e-08 0.3 2.271963 
1533953788 2.791e-08 0.3 3.257459 
2681375347 2.791e-08 0.3 3.531414 
2956861855 2.791e-08 0.3 3.133389 
1239791232 2.791e-08 0.3 2.709894 
199935986 2.791e-08 0.3 2.926287 
3015378843 2.791e-08 0.3 3.625184 
3443220506 2.791e-08 0.3 3.682034 
4198169764 1.407292e-08 0.2950939823373523 0.7049060176626477 
2250775120 1.500508e-08 0.30216628711028404 0.697833712889716 
3176785673 2.791e-08 0.3 2.775594 
888311950 2.791e-08 0.3 2.842078 
3838279446 2.791e-08 0.3 2.943275 
3833318790 2.791e-08 0.3 2.875614 
1471982444 1.708473e-08 0.3648896746377469 0.6351103253622531 
690117576 1.4e-08 0.4427180026945335 0.5572819973054666 
739080713 2.791e-08 0.3 2.486124 
1503861029 1.399999e-08 0.0 1.0 
762210064 1.4373679999999999e-08 0.2984457223539659 0.7015542776460342 
2695808785 1.4e-08 0.2870288566906661 0.712971143309334 
2171266278 1.4e-08 0.0 1.0 
3737780296 3.0701e-07 0.3 0.7 
1298902656 1.4e-08 0.13389403907685474 0.8661059609231453 
3526559023 1.405675e-08 0.29926001288815557 0.7007399871118445 
2875471576 1.407292e-08 0.2950939823373523 0.7049060176626477 
571790981 1.4e-08 0.2963216669128095 0.7036783330871905 
2308303797 1.4e-08 0.28979816186520174 0.7102018381347983 
4175762635 1.4e-08 0.31348513939348155 0.6865148606065185 
3428193420 2.791e-08 0.3 2.332171 
3268335666 2.791e-08 0.3 2.9774 
1501621654 1.4e-08 0.30566180537442883 0.6943381946255711 
1035956119 1.411729e-08 0.28938755960971957 0.7106124403902805 
1804212609 1.411729e-08 0.28938755960971957 0.7106124403902805 
149784911 1.458727e-08 0.3000000537441872 0.6999999462558129 
3147695692 1.411729e-08 0.28938755960971957 0.7106124403902805 
1285693762 1.411729e-08 0.28938755960971957 0.7106124403902805 
3179285865 1.411729e-08 0.28938755960971957 0.7106124403902805 
2723643411 1.411729e-08 0.28938755960971957 0.7106124403902805 
15308464 1.411729e-08 0.28938755960971957 0.7106124403902805 
3330100144 1.411729e-08 0.28938755960971957 0.7106124403902805 
