3245569981 2.791e-08 0.3 3.777765 
1403705120 3.0701e-07 0.3 0.7 
2768642543 2.791e-08 0.3 3.874722 
3228084226 2.791e-08 0.3 3.953171 
2429525676 2.791e-08 0.3 3.913848 
997905375 2.791e-08 0.3 3.663035 
501991070 5.582e-08 0.3 0.7 
1498734392 2.791e-08 0.3 4.012522 
3015378843 2.791e-08 0.3 3.625184 
3919026803 2.791e-08 0.3 4.092343 
865537991 2.791e-08 0.3 3.855233 
2545005546 2.791e-08 0.3 3.186267 
2956861855 2.791e-08 0.3 3.133389 
3800257563 3.0701e-07 0.3 0.7 
300193622 2.791e-08 0.3 3.311367 
921425487 2.791e-08 0.3 3.293348 
3384709749 2.791e-08 0.3 3.720179 
2681375347 2.791e-08 0.3 3.531414 
769686034 2.791e-08 0.3 3.11586 
4274934102 2.791e-08 0.3 4.032403 
3475245566 2.791e-08 0.3 3.239587 
618276123 2.791e-07 0.3 4.033088 
2408568032 2.791e-08 0.3 1.644313 
1134132465 2.791e-08 0.3 3.972905 
3888264012 1.458727e-08 0.30000002221435096 0.699999977785649 
3708838243 2.791e-08 0.3 3.739326 
129185354 2.791e-08 0.3 2.564938 
2312786130 1.458727e-08 0.30000005374418726 0.6999999462558127 
1586980658 2.791e-08 0.3 3.402195 
1931993247 1.458727e-08 0.30000005374418726 0.6999999462558127 
375852842 1.4e-08 0.30000002221435096 0.699999977785649 
1415695418 2.791e-08 0.3 3.365717 
1664502715 1.399999e-08 0.1438816393203044 0.8561183606796956 
3176785673 2.791e-08 0.3 2.775594 
3736894086 2.791e-08 0.3 2.596808 
2620740164 2.791e-08 0.3 2.501788 
2962530363 1.458727e-08 0.30000002221435096 0.699999977785649 
1963165541 2.791e-08 0.3 2.423954 
690117576 1.458727e-08 0.30000002221435096 0.699999977785649 
476505668 3.0701e-07 0.3 0.7 
2911053862 2.791e-08 0.3 2.533265 
90391199 4.249727e-08 0.3000000184477961 0.6999999815522039 
126484229 2.791e-08 0.3 3.644085 
4031050948 3.0701e-07 0.3 0.7 
315200650 2.791e-08 0.3 2.517502 
2789348510 1.959059e-08 0.3506857346246072 0.6493142653753927 
888311950 2.791e-08 0.3 2.842078 
3481866093 2.791e-08 0.3 3.758521 
739080713 2.791e-08 0.3 2.486124 
2489195127 1.461952e-08 0.30000001168941365 0.6999999883105863 
754560055 1.424864e-08 0.32906508519575206 0.6709349148042479 
2681498831 1.45132e-08 0.2897336608709847 0.7102663391290154 
2654473721 1.4e-08 0.3000000986372985 0.6999999013627015 
2326007700 2.791e-08 0.3 2.994536 
828787466 2.791e-08 0.3 3.701082 
911013108 2.791e-08 0.3 2.909347 
2063946235 1.458727e-08 0.30000002221435096 0.699999977785649 
2110688926 1.428292e-08 0.3000000986372985 0.6999999013627015 
3284371529 1.426168e-08 0.3025953145016284 0.6974046854983715 
1471982444 1.458727e-08 0.30000002221435096 0.699999977785649 
3967778277 1.428292e-08 0.3000000986372985 0.6999999013627015 
2074240873 2.791e-08 0.3 2.168487 
2710766136 2.791e-08 0.3 2.759095 
2261252686 2.791e-08 0.3 2.858822 
2622395779 1.456033e-08 0.2971628496782431 0.702837150321757 
4185666246 1.4e-08 0.2778912043087011 0.7221087956912988 
3519923770 2.791e-08 0.3 3.046238 
356405251 1.458727e-08 0.30000002221435096 0.699999977785649 
346987663 1.428292e-08 0.3000000986372985 0.6999999013627015 
2704180049 1.428292e-08 0.3000000986372985 0.6999999013627015 
2065940037 1.426168e-08 0.3025953145016284 0.6974046854983715 
2367820772 1.428292e-08 0.3000000986372985 0.6999999013627015 
4088625113 1.4e-08 0.40037828919260027 0.5996217108073998 
2353028958 1.452644e-08 0.2976162342289585 0.7023837657710414 
1298902656 1.423433e-08 0.0 1.0 
3372193553 1.465267e-08 0.46410336760642507 0.535896632393575 
