3228084226 2.791e-08 0.3 3.953171 
3015378843 2.791e-08 0.3 3.625184 
1134132465 2.791e-08 0.3 3.972905 
2429525676 2.791e-08 0.3 3.913848 
2856850640 2.791e-08 0.3 2.960313 
501991070 2.791e-08 0.3 4.072314 
4274934102 2.791e-08 0.3 4.032403 
2956861855 2.791e-08 0.3 3.133389 
2669757562 2.791e-08 0.3 3.221765 
2757833455 2.791e-08 0.3 4.052334 
3245569981 2.791e-08 0.3 3.777765 
1236021306 2.791e-08 0.3 3.568774 
2914302410 1.411483e-08 0.30000000772430574 0.6999999922756943 
754869367 2.791e-08 0.3 3.383931 
90391199 2.791e-08 0.3 3.606331 
3800257563 2.791e-07 0.3 3.458677 
1498734392 2.791e-08 0.3 4.012522 
1533953788 2.791e-08 0.3 3.257459 
1403705120 2.791e-07 0.3 3.836717 
2555962951 2.791e-07 0.3 3.277007 
921425487 2.791e-08 0.3 3.293348 
300193622 2.791e-08 0.3 3.311367 
1434594601 2.791e-08 0.3 2.792141 
3443220506 2.791e-08 0.3 3.682034 
769686034 2.791e-08 0.3 3.11586 
3384709749 2.791e-08 0.3 3.720179 
728028737 2.791e-08 0.3 3.098381 
392861532 2.791e-08 0.3 3.347551 
838860310 2.791e-08 0.3 2.439423 
3481866093 5.582e-08 0.3 0.7 
888311950 5.582e-08 0.3 0.7 
1866926464 2.791e-08 0.3 3.203992 
2466232951 2.791e-08 0.3 2.139364 
3519923770 2.791e-08 0.3 3.046238 
528880979 1.404397e-08 0.3000000165353037 0.6999999834646963 
997905375 2.791e-08 0.3 3.663035 
1199222225 1.406311e-08 0.29942629240763974 0.7005737075923603 
287394855 1.464215e-08 0.2999989911425567 0.7000010088574433 
2704180049 1.464215e-08 0.2999989911425567 0.7000010088574433 
451270221 1.411483e-08 0.30000000772430574 0.6999999922756943 
1896745001 1.412623e-08 0.30233017454446337 0.6976698254555367 
1149406307 1.411483e-08 0.30000000772430574 0.6999999922756943 
3607413901 1.447519e-08 0.2999813243965425 0.7000186756034574 
3838279446 2.791e-08 0.3 2.943275 
2589646060 2.543833e-08 0.2387012957918154 0.7612987042081846 
2606325002 1.406311e-08 0.29942629240763974 0.7005737075923603 
43001897 2.791e-08 0.3 3.47574 
29350397 2.791e-08 0.3 3.797059 
1850435983 1.508963e-08 0.3106815103415507 0.6893184896584492 
1586980658 2.791e-08 0.3 3.402195 
3160344427 1.4e-08 0.28695098601281516 0.7130490139871848 
825415804 2.791e-08 0.3 3.011721 
360107933 1.4e-08 0.2966352193599434 0.7033647806400566 
199935986 2.791e-08 0.3 2.926287 
4055959668 1.404397e-08 0.3000000165353037 0.6999999834646963 
1249238030 2.075669e-07 0.2999999478343567 0.7000000521656433 
1483909303 1.401449e-08 0.29864949955272024 0.7013505004472798 
1906851972 1.406311e-08 0.29942629240763974 0.7005737075923603 
4061687915 2.791e-08 0.3 2.227322 
916523109 2.791e-08 0.3 3.494249 
739080713 2.791e-08 0.3 2.486124 
