1403705120 2.791e-07 0.3 3.836717 
1768543625 2.791e-08 0.3 3.992689 
3443220506 2.791e-08 0.3 3.682034 
392861532 2.791e-08 0.3 3.347551 
3245569981 2.791e-08 0.3 3.777765 
3015378843 2.791e-08 0.3 3.625184 
1533953788 2.791e-08 0.3 3.257459 
2768642543 2.791e-08 0.3 3.874722 
266059373 2.791e-08 0.3 3.438869 
3228084226 2.791e-08 0.3 3.953171 
253808213 2.791e-08 0.3 3.275379 
843517319 2.791e-08 0.3 3.45728 
443746396 2.791e-08 0.3 2.677339 
4028593304 2.791e-08 0.3 3.329435 
865537991 2.791e-08 0.3 3.855233 
90391199 2.791e-08 0.3 3.606331 
501991070 2.791e-08 0.3 4.072314 
43001897 2.791e-08 0.3 3.47574 
754869367 2.791e-08 0.3 3.383931 
2440120768 2.791e-08 0.3 2.257034 
2250757420 2.791e-08 0.3 3.835792 
921425487 2.791e-08 0.3 3.293348 
134948105 1.436217e-08 0.30000001535548004 0.69999998464452 
3462747 2.791e-08 0.3 3.150966 
126484229 2.791e-08 0.3 3.644085 
1866926464 2.791e-08 0.3 3.203992 
251961497 2.791e-08 0.3 3.080951 
300193622 2.791e-08 0.3 3.311367 
3392858646 2.791e-08 0.3 3.816401 
2620740164 2.791e-08 0.3 2.501788 
3519923770 2.791e-08 0.3 3.046238 
2879167783 1.4160910000000001e-08 0.3002591112242709 0.699740888775729 
2429525676 2.791e-08 0.3 3.913848 
1035956119 1.421444e-08 0.29999996503583853 0.7000000349641615 
3481866093 2.791e-08 0.3 3.758521 
2681375347 2.791e-08 0.3 3.531414 
356405251 1.412722e-08 0.300000074454896 0.6999999255451039 
2455922112 1.436217e-08 0.30000001535548004 0.69999998464452 
1902671923 1.436217e-08 0.30000001535548004 0.69999998464452 
2597880038 1.41622e-08 0.39885476182001 0.60114523817999 
3268335666 2.791e-08 0.3 2.9774 
769686034 2.791e-08 0.3 3.11586 
2298477853 2.791e-08 0.3 2.644979 
3149440925 8.913441e-08 0.30000001535548004 0.69999998464452 
472358284 1.429534e-08 0.30000000405689015 0.6999999959431098 
2066612683 1.433716e-08 0.29668201124603183 0.7033179887539682 
888311950 2.791e-08 0.3 2.842078 
3736894086 2.791e-08 0.3 2.596808 
1026028388 1.4e-08 0.30000000000000004 0.7 
629078091 1.481458e-08 0.28782087478115037 0.7121791252188496 
1848242772 1.433716e-08 0.29668201124603183 0.7033179887539682 
110358663 1.621996e-08 0.38017610527633944 0.6198238947236605 
1236021306 2.791e-08 0.3 3.568774 
309459595 1.437701e-08 0.29999938875487825 0.7000006112451218 
916523109 2.791e-08 0.3 3.494249 
1759850032 1.4e-08 0.30668688130514055 0.6933131186948595 
728028737 2.791e-08 0.3 3.098381 
2341758500 1.468939e-08 0.3001792488360803 0.6998207511639196 
426576124 3.0701e-07 0.3 0.7 
378125977 2.414584e-08 0.24587080028794206 0.7541291997120579 
2980075456 1.467269e-08 0.29984528067410166 0.7001547193258983 
4287239676 1.437701e-08 0.29999938875487825 0.7000006112451218 
3433591204 1.433716e-08 0.29668201124603183 0.7033179887539682 
3526559023 1.4e-08 0.2996496849948982 0.7003503150051018 
37613351 1.4938160000000003e-08 0.29091198569122373 0.7090880143087763 
114837353 1.467269e-08 0.29984528067410166 0.7001547193258983 
1503202005 1.4e-08 0.3000244597590664 0.6999755402409336 
3730019172 1.4e-08 0.2983155472777708 0.7016844527222292 
3783228500 1.40167e-08 0.29999991400934023 0.7000000859906598 
3302973195 1.433716e-08 0.29668201124603183 0.7033179887539682 
4278040469 1.41435e-08 0.2778597263895703 0.7221402736104297 
3458662533 1.461587e-08 0.2995160252655468 0.7004839747344531 
1128056158 2.112444e-08 0.30040857909999097 0.699591420900009 
3490627259 2.791e-08 0.3 2.661134 
2789301560 1.412358e-08 0.36806067500181494 0.6319393249981851 
1565378304 1.4e-08 0.3074731309750397 0.6925268690249603 
4226750145 1.4e-08 0.15927919199084936 0.8407208080091506 
