1507417240 2.791e-08 0.3 3.933485 
2250757420 2.791e-08 0.3 3.835792 
3392858646 2.791e-08 0.3 3.816401 
501991070 2.791e-08 0.3 4.072314 
3519923770 2.791e-08 0.3 3.046238 
1768543625 2.791e-08 0.3 3.992689 
3245569981 2.791e-08 0.3 3.777765 
4061687915 2.791e-08 0.3 2.227322 
3015378843 2.791e-08 0.3 3.625184 
2190522392 2.791e-08 0.3 3.512807 
1403705120 2.791e-07 0.3 3.836717 
1498734392 2.791e-08 0.3 4.012522 
2429525676 2.791e-08 0.3 3.913848 
1236021306 2.791e-08 0.3 3.568774 
1586980658 2.791e-08 0.3 3.402195 
126484229 2.791e-08 0.3 3.644085 
3462747 2.791e-08 0.3 3.150966 
3481866093 2.791e-08 0.3 3.758521 
728028737 2.791e-08 0.3 3.098381 
3443220506 2.791e-08 0.3 3.682034 
1533953788 2.791e-08 0.3 3.257459 
828787466 2.791e-08 0.3 3.701082 
43001897 2.791e-08 0.3 3.47574 
3800257563 2.791e-07 0.3 3.458677 
300193622 2.791e-08 0.3 3.311367 
4028593304 2.791e-08 0.3 3.329435 
4274934102 2.791e-08 0.3 4.032403 
2729381062 2.791e-08 0.3 3.894261 
90391199 2.791e-08 0.3 3.606331 
2669757562 2.791e-08 0.3 3.221765 
2710766136 2.791e-08 0.3 2.759095 
1128709694 2.791e-08 0.3 3.587528 
2151269300 1.472778e-08 0.2999999986460693 0.7000000013539307 
1471982444 1.472778e-08 0.2999999986460693 0.7000000013539307 
217284033 1.472778e-08 0.2999999986460693 0.7000000013539307 
3888264012 1.472778e-08 0.2999999986460693 0.7000000013539307 
3838279446 2.791e-08 0.3 2.943275 
845665321 1.472778e-08 0.2999999986460693 0.7000000013539307 
3228084226 2.791e-08 0.3 3.953171 
290926289 2.791e-08 0.3 2.408534 
375852842 1.472778e-08 0.2999999986460693 0.7000000013539307 
888311950 2.791e-08 0.3 2.842078 
3823443426 2.791e-08 0.3 2.301969 
3122982648 1.472778e-08 0.2999999986460693 0.7000000013539307 
2681375347 2.791e-08 0.3 3.531414 
476505668 2.791e-07 0.3 3.645247 
865537991 2.791e-08 0.3 3.855233 
916523109 2.791e-08 0.3 3.494249 
3303338876 1.472778e-08 0.2999999986460693 0.7000000013539307 
1239791232 2.791e-08 0.3 2.709894 
3708838243 2.791e-08 0.3 3.739326 
2063946235 1.472778e-08 0.2999999986460693 0.7000000013539307 
2956861855 2.791e-08 0.3 3.133389 
3709881891 2.791e-08 0.3 3.550069 
1035492323 2.791e-08 0.3 2.362569 
754869367 2.791e-08 0.3 3.383931 
3279231079 2.791e-08 0.3 2.549077 
2250879299 2.791e-08 0.3 2.183122 
3197676583 2.791e-08 0.3 2.21254 
253808213 1.4e-08 0.031122257455878863 0.9688777425441212 
1172086036 1.472778e-08 0.2999999986460693 0.7000000013539307 
1415695418 2.791e-08 0.3 3.365717 
1738909006 1.472778e-08 0.2999999986460693 0.7000000013539307 
3913511150 1.472778e-08 0.2999999986460693 0.7000000013539307 
3824069879 5.582e-08 0.3 0.7 
2875471576 1.472778e-08 0.2999999986460693 0.7000000013539307 
392861532 2.791e-08 0.3 3.347551 
3037779432 2.791e-08 0.3 2.825384 
3176785673 2.791e-08 0.3 2.775594 
3428193420 2.791e-08 0.3 2.332171 
2620740164 2.791e-08 0.3 2.501788 
3593732192 1.472778e-08 0.2999999986460693 0.7000000013539307 
769686034 2.791e-08 0.3 3.11586 
3953846011 2.791e-08 0.3 1.991016 
3475245566 2.791e-08 0.3 3.239587 
1664502715 2.791e-08 0.3 2.726246 
426576124 2.7909996e-07 0.300000001353931 0.699999998646069 
3498415124 2.791e-08 0.3 1.319352 
1651612823 2.791e-08 0.3 2.347346 
129185354 2.791e-08 0.3 2.564938 
3071577057 1.4e-08 0.2998202298515618 0.7001797701484382 
3988949870 2.791e-08 0.3 2.286942 
3737780296 3.0701e-07 0.3 0.7 
785216844 1.741e-08 0.19717418098147782 0.8028258190185222 
385785803 2.791e-08 0.3 3.420508 
1055469694 1.745133e-08 0.33383180821036973 0.6661681917896303 
3983774618 1.458727e-08 0.3000000537441872 0.6999999462558129 
4226750145 2.791e-08 0.3 2.892456 
907719639 2.378338e-08 0.3811884435694489 0.6188115564305511 
722767024 1.424668e-08 0.3054098532067709 0.6945901467932292 
826924968 1.424668e-08 0.3054098532067709 0.6945901467932292 
2670951229 1.424668e-08 0.3054098532067709 0.6945901467932292 
2766526296 1.424668e-08 0.3054098532067709 0.6945901467932292 
1314810707 1.424668e-08 0.3054098532067709 0.6945901467932292 
764400056 1.424668e-08 0.3054098532067709 0.6945901467932292 
470332523 1.709938e-08 0.0 1.0 
1458665800 2.791e-08 0.3 1.96317 
2426951832 1.954722e-08 0.27134821446872637 0.7286517855312736 
79461789 1.478985e-08 0.0 1.0 
3384709749 2.791e-08 0.3 3.720179 
