1415695418 2.791e-08 0.3 3.365717 
501991070 2.791e-08 0.3 4.072314 
3392858646 2.791e-08 0.3 3.816401 
3709881891 2.791e-08 0.3 3.550069 
3800257563 2.791e-07 0.3 3.458677 
1498734392 2.791e-08 0.3 4.012522 
2729381062 2.791e-08 0.3 3.894261 
1236021306 2.791e-08 0.3 3.568774 
253808213 2.791e-08 0.3 3.275379 
1586980658 2.791e-08 0.3 3.402195 
266059373 2.791e-08 0.3 3.438869 
251961497 2.791e-08 0.3 3.080951 
2757833455 2.791e-08 0.3 4.052334 
4188445920 2.791e-08 0.3 2.742646 
1507417240 2.791e-08 0.3 3.933485 
2429525676 2.791e-08 0.3 3.913848 
1403705120 2.791e-07 0.3 3.836717 
2545005546 2.791e-08 0.3 3.186267 
2681375347 2.791e-08 0.3 3.531414 
618276123 2.791e-07 0.3 4.033088 
3462747 2.791e-08 0.3 3.150966 
2768642543 2.791e-08 0.3 3.874722 
3268335666 2.791e-08 0.3 2.9774 
2326007700 2.791e-08 0.3 2.994536 
754869367 2.791e-08 0.3 3.383931 
916523109 2.791e-08 0.3 3.494249 
3475245566 2.791e-08 0.3 3.239587 
1768543625 2.791e-08 0.3 3.992689 
1790255658 2.791e-08 0.3 1.569011 
3824069879 2.791e-08 0.3 3.168592 
3384709749 2.791e-08 0.3 3.720179 
476505668 3.3492e-07 0.30000000000000004 0.7 
300193622 2.791e-08 0.3 3.311367 
828787466 2.791e-08 0.3 3.701082 
3632514288 2.091e-08 0.30000000000000004 0.7 
2250757420 2.791e-08 0.3 3.835792 
3015378843 2.791e-08 0.3 3.625184 
1878784256 2.791e-08 0.3 2.393164 
3176785673 2.791e-08 0.3 2.775594 
888311950 2.791e-08 0.3 2.842078 
90391199 2.791e-08 0.3 3.606331 
2298477853 2.791e-08 0.3 2.644979 
1239791232 2.791e-08 0.3 2.709894 
825415804 2.791e-08 0.3 3.011721 
3838279446 2.791e-08 0.3 2.943275 
2911053862 2.791e-08 0.3 2.533265 
1156624510 2.637667e-08 0.30195796269223224 0.6980420373077678 
2521380987 1.57422e-08 0.28239547829446665 0.7176045217055333 
629078091 1.709954e-08 0.29911270807247803 0.700887291927522 
1837088337 1.45099e-08 0.4327907153047231 0.567209284695277 
1869365069 1.436673e-08 0.28735899719239544 0.7126410028076046 
43001897 2.791e-08 0.3 3.47574 
249728555 1.4e-08 0.5730017546786086 0.4269982453213914 
126484229 2.791e-08 0.3 3.644085 
265770918 2.791e-08 0.3 3.06357 
3012070026 2.791e-08 0.3 2.808738 
4256642775 1.43938e-08 0.3000000497698052 0.6999999502301948 
290926289 2.791e-08 0.3 2.408534 
4028593304 1.400001e-08 0.0 1.0 
3037779432 2.791e-08 0.3 2.825384 
2261252686 2.791e-08 0.3 2.858822 
481808867 1.43938e-08 0.3000000497698052 0.6999999502301948 
392861532 2.791e-08 0.3 3.347551 
4167430602 1.879728e-08 0.26263424879979375 0.7373657512002063 
250719570 1.43938e-08 0.3000000497698052 0.6999999502301948 
2681498831 1.43938e-08 0.3000000497698052 0.6999999502301948 
1906851972 1.403417e-08 0.30448913727445465 0.6955108627255453 
1771264541 1.446466e-08 0.30852322480566724 0.6914767751943327 
1922039940 1.472778e-08 0.29999926908096386 0.7000007309190361 
1172086036 1.458727e-08 0.30000005374418726 0.6999999462558127 
2504591099 2.791e-08 0.3 2.693592 
164438789 2.791e-08 0.3 2.454941 
3481866093 2.791e-08 0.3 3.758521 
3302973195 1.43938e-08 0.3000000497698052 0.6999999502301948 
3241671100 2.791e-08 0.3 1.507607 
4186562710 1.472778e-08 0.29999926908096386 0.7000007309190361 
224410298 1.472778e-08 0.29999926908096386 0.7000007309190361 
4253718737 1.571671e-08 0.15990423916766555 0.8400957608323345 
3696843781 1.507586e-08 1.7557724469248818e-15 0.9999999999999982 
315200650 2.791e-08 0.3 2.517502 
1055469694 1.43938e-08 0.3000000497698052 0.6999999502301948 
1621314342 1.462464e-08 0.26219838014281577 0.7378016198571842 
375852842 1.508811e-08 0.2933926951431501 0.70660730485685 
783121895 2.091e-08 0.2984897931226202 0.7015102068773797 
2747938267 1.608305e-08 0.5221749340608647 0.4778250659391353 
