2429525676 2.791e-08 0.3 3.913848 
1498734392 2.791e-08 0.3 4.012522 
3481866093 2.791e-08 0.3 3.758521 
618276123 2.791e-07 0.3 4.033088 
29350397 2.791e-08 0.3 3.797059 
126484229 2.791e-08 0.3 3.644085 
3384709749 2.791e-08 0.3 3.720179 
754869367 2.791e-08 0.3 3.383931 
997905375 2.791e-08 0.3 3.663035 
828787466 2.791e-08 0.3 3.701082 
3919026803 2.791e-08 0.3 4.092343 
2729381062 2.791e-08 0.3 3.894261 
2768642543 2.791e-08 0.3 3.874722 
266059373 2.791e-08 0.3 3.438869 
4028593304 2.791e-08 0.3 3.329435 
865537991 2.791e-08 0.3 3.855233 
3475245566 2.791e-08 0.3 3.239587 
476505668 2.791e-07 0.3 3.645247 
4031050948 3.6283e-07 0.30000000000000004 0.7 
2669757562 2.791e-08 0.3 3.221765 
3428193420 2.791e-08 0.3 2.332171 
1128709694 2.791e-08 0.3 3.587528 
1403705120 3.0701e-07 0.3 0.7 
3245569981 2.791e-08 0.3 3.777765 
916523109 2.791e-08 0.3 3.494249 
3800257563 3.0701e-07 0.3 0.7 
3709881891 2.791e-08 0.3 3.550069 
869234806 1.4000000000000001e-08 0.39859527753513674 0.6014047224648633 
253808213 2.791e-08 0.3 3.275379 
300193622 2.791e-08 0.3 3.311367 
3357643131 2.791e-08 0.3 1.682626 
1236021306 2.791e-08 0.3 3.568774 
3279231079 2.791e-08 0.3 2.549077 
4212779140 1.41535e-08 0.2999999733328752 0.7000000266671248 
2250757420 2.791e-08 0.3 3.835792 
1533953788 2.791e-08 0.3 3.257459 
3228084226 2.791e-08 0.3 3.953171 
378125977 1.424046e-08 0.29999991554488764 0.7000000844551124 
43001897 2.791e-08 0.3 3.47574 
1945735688 1.424046e-08 0.29999991554488764 0.7000000844551124 
1963165541 2.791e-08 0.3 2.423954 
3736894086 2.791e-08 0.3 2.596808 
888311950 2.791e-08 0.3 2.842078 
1866926464 2.791e-08 0.3 3.203992 
1347872676 2.791e-08 0.3 2.580848 
2606325002 2.091e-08 0.4004304160688666 0.5995695839311335 
472358284 1.41535e-08 0.2999999733328752 0.7000000266671248 
3443220506 2.791e-08 0.3 3.682034 
1292023300 1.776939e-08 0.14267915055863514 0.8573208494413649 
728028737 2.791e-08 0.3 3.098381 
769686034 6.989522999999999e-08 0.29012568462703703 0.709874315372963 
242414939 2.791e-08 0.3 1.483389 
1950077488 1.41535e-08 0.2999999733328752 0.7000000266671248 
2919643181 2.791e-08 0.3 1.949321 
1019134040 2.791e-08 0.3 2.096047 
2298477853 2.791e-08 0.3 2.644979 
3108364485 2.791e-08 0.3 3.028955 
3981989558 1.4e-08 0.011493076857282595 0.9885069231427174 
1848242772 1.9490140000000003e-08 0.2738041631285634 0.7261958368714365 
2620740164 2.791e-08 0.3 2.501788 
1905833305 1.458727e-08 0.3000000179147267 0.6999999820852734 
811613008 2.791e-08 0.3 2.612816 
2504591099 2.791e-08 0.3 2.693592 
3293059020 1.424046e-08 0.29999991554488764 0.7000000844551124 
3953846011 2.791e-08 0.3 1.991016 
3438744891 1.990395e-08 0.3393532469809633 0.6606467530190367 
927207199 1.482198e-08 0.0 1.0 
1403954297 1.482198e-08 0.0 1.0 
3632514288 1.41535e-08 0.2999999733328752 0.7000000266671248 
3593659676 1.4e-08 0.2864035213432559 0.7135964786567441 
385785803 2.791e-08 0.3 3.420508 
2555962951 3.0701e-07 0.3 0.7 
3891448235 2.791e-08 0.3 2.242153 
4274934102 2.791e-08 0.3 4.032403 
2067231467 1.4e-08 0.32271030368304987 0.6772896963169501 
3416864524 1.412193e-08 0.3199239942106142 0.6800760057893858 
326805806 2.791e-08 0.3 2.628873 
392861532 2.791e-08 0.3 3.347551 
517786421 1.431225e-08 0.0 1.0 
1878784256 2.791e-08 0.3 2.393164 
3775520932 1.442474e-08 0.28452018716239874 0.7154798128376012 
