3.970975e+01	1	3534547045	3.070100e-07	1731090175	
5.811126e+01	1	2235064901	3.070100e-07	2125112500	
1.846111e+02	1	511603307	5.582000e-08	3933289935	
2.125563e+02	1	2932274237	5.582000e-08	2409063466	
4.040622e+02	1	1572835533	3.070100e-07	1444500749	
5.442676e+02	1	2246051850	3.070100e-07	211811971	
8.223167e+02	1	2246051850	3.349200e-07	2718413753	
1.993052e+03	1	1075699702	3.070100e-07	869234806	
2.166873e+03	1	1075699702	3.349200e-07	1986278615	
2.776999e+03	1	3921011129	3.070100e-07	3908154577	
2.869955e+03	1	2340740170	3.349200e-07	2932274237	
3.570078e+03	0	3921011129	3.070100e-07	1584276479	
4.023404e+03	1	426576124	3.070100e-07	199935986	
4.156295e+03	1	3891448235	5.582000e-08	3197676583	
4.625557e+03	1	3150846686	3.070100e-07	257754683	
4.773861e+03	1	3126241903	5.582000e-08	1661091397	
5.137054e+03	0	2620740164	2.791000e-08	739080713	
5.682284e+03	1	778035964	5.582000e-08	1494141940	
5.827296e+03	1	476505668	3.070100e-07	2250757420	
5.961216e+03	0	331336395	2.791000e-08	486050091	
6.131875e+03	0	2737363250	2.791000e-08	287801793	
6.413091e+03	1	1465560917	3.070100e-07	2870037616	
6.852245e+03	1	1465560917	3.349200e-07	3555679070	
8.238083e+03	1	3373526895	3.070100e-07	3800234335	
8.702220e+03	1	3921011129	3.349200e-07	387772665	
8.779197e+03	1	1123501568	5.582000e-08	636961411	
8.959803e+03	0	3245569981	2.791000e-08	3708838243	
9.073037e+03	1	3061883439	5.582000e-08	1134175585	
9.169432e+03	1	4259593397	3.070100e-07	790319072	
9.736457e+03	0	941534069	2.791000e-08	1321648343	
1.004017e+04	1	545239233	3.070100e-07	3707189490	
1.073931e+04	1	384163328	5.582000e-08	688805295	
1.256198e+04	0	3116505811	2.791000e-08	3257166052	
1.447568e+04	0	2178051842	2.791000e-08	3621383820	
1.488944e+04	1	3004792470	3.070100e-07	290926289	
1.529207e+04	1	1572835533	3.349200e-07	770580294	
1.667773e+04	0	3616865126	2.791000e-08	1379399837	
1.696632e+04	1	2235064901	3.349200e-07	1379399837	
1.709306e+04	0	582973675	2.791000e-08	2038493855	
1.776372e+04	0	778035964	5.582000e-08	2178051842	
1.865072e+04	1	3534547045	3.349200e-07	3889879026	
1.937769e+04	1	3150846686	3.349200e-07	1493201942	
1.947112e+04	1	3534547045	3.628300e-07	780264402	
1.999329e+04	1	2519559028	3.070100e-07	3037779432	
2.009213e+04	1	2235064901	3.628300e-07	3116505811	
2.056785e+04	0	2393342300	2.791000e-08	2349140130	
2.057208e+04	1	3534547045	4.186500e-07	3126241903	
2.077130e+04	0	2542835646	2.791000e-08	2693713428	
2.081432e+04	1	40245973	5.582000e-08	905418128	
2.100695e+04	0	287801793	2.791000e-08	2859795595	
2.166238e+04	0	179097684	2.791000e-07	1206764858	
2.296351e+04	0	426576124	3.070100e-07	728028737	
2.328650e+04	0	245436729	2.791000e-08	2737363250	
2.382120e+04	1	3373526895	3.349200e-07	1735432893	
2.430780e+04	0	2340740170	3.349200e-07	6723929	
2.455383e+04	1	3921011129	3.628300e-07	2178051842	
2.479126e+04	0	1434498202	2.791000e-08	2487301543	
2.530303e+04	0	632754209	2.791000e-08	925199572	
2.607345e+04	1	1403705120	3.070100e-07	1507417240	
2.612553e+04	1	2263814062	5.582000e-08	3774459889	
2.715662e+04	0	3061883439	5.582000e-08	331336395	
2.739050e+04	0	545239233	3.070100e-07	2308721517	
2.781341e+04	1	2246051850	3.907400e-07	384163328	
2.852726e+04	1	2799798816	3.070100e-07	1458432161	
3.149135e+04	1	545239233	3.349200e-07	2737363250	
3.237022e+04	1	179097684	3.070100e-07	1206764858	
3.565796e+04	0	778035964	5.582000e-08	858320168	
3.583300e+04	1	3534547045	4.465600e-07	632754209	
3.654843e+04	1	3373526895	3.628300e-07	1738899943	
3.654861e+04	0	3749853089	2.791000e-08	2528553283	
3.805991e+04	0	3891448235	5.582000e-08	739080713	
3.807151e+04	0	245436729	2.791000e-08	1425083048	
3.841508e+04	1	3737780296	3.070100e-07	1239791232	
3.882705e+04	1	3150846686	3.628300e-07	2859795595	
3.991347e+04	1	501991070	5.582000e-08	2757833455	
4.174191e+04	1	2984600922	3.070100e-07	1019134040	
4.222340e+04	1	426576124	3.349200e-07	3268335666	
4.275212e+04	1	331336395	5.582000e-08	3919821980	
4.297653e+04	0	3749853089	2.791000e-08	2528553283	
4.435128e+04	1	1068020906	9.543279e-04	2729381062	
4.890003e+04	0	2038493855	2.791000e-08	2349140130	
4.939910e+04	0	2349140130	2.791000e-08	2528553283	
4.957726e+04	0	2349140130	2.791000e-08	2528553283	
5.303579e+04	1	3373526895	3.907400e-07	3084497907	
5.492078e+04	1	2669757562	5.582000e-08	3838279446	
5.607218e+04	1	3373526895	4.186500e-07	2455496064	
5.816710e+04	0	2038493855	2.791000e-08	2349140130	
5.825116e+04	0	2799798816	3.070100e-07	3497999925	
5.927229e+04	1	3150846686	3.907400e-07	2835620284	
6.001157e+04	1	3737780296	3.349200e-07	1434594601	
6.032024e+04	1	3373526895	4.465600e-07	3841896594	
6.154875e+04	0	3921011129	3.628300e-07	1584276479	
6.317944e+04	1	1572835533	3.628300e-07	3732071459	
6.539640e+04	1	3921011129	3.907400e-07	486050091	
6.593423e+04	1	3150846686	4.186500e-07	4231632140	
6.793663e+04	1	3150846686	4.465600e-07	3114612365	
6.818339e+04	1	2451350669	5.582000e-08	717226258	
6.957240e+04	1	2246051850	4.186500e-07	6723929	
7.349577e+04	0	582973675	2.791000e-08	2528553283	
7.535373e+04	1	3800257563	3.070100e-07	916523109	
7.739625e+04	0	2038493855	2.791000e-08	2349140130	
7.755785e+04	0	3150846686	4.465600e-07	3121047530	
7.951023e+04	0	870323177	2.791000e-08	3257166052	
8.260082e+04	0	3121047530	2.791000e-08	3616865126	
8.328669e+04	1	3004792470	3.349200e-07	265770918	
8.578982e+04	1	1068020906	9.543558e-04	754869367	
8.651898e+04	0	2349140130	2.791000e-08	3749853089	
8.928678e+04	1	1075699702	3.628300e-07	1593850299	
9.046494e+04	1	1465560917	3.628300e-07	259930472	
9.238475e+04	0	2799798816	3.070100e-07	1963165541	
9.295077e+04	1	3921011129	4.186500e-07	3421887303	
9.306386e+04	1	3534547045	4.744700e-07	3938221642	
9.525818e+04	1	3747246174	5.582000e-08	4252347608	
9.564710e+04	1	2235064901	3.907400e-07	3150420704	
1.000037e+05	1	3534547045	5.023800e-07	1631081845	
1.014565e+05	1	1075699702	3.907400e-07	3129006749	
1.017296e+05	1	443746396	5.582000e-08	3279231079	
1.099839e+05	1	582973675	5.582000e-08	3749853089	
1.112202e+05	0	3747246174	5.582000e-08	862710978	
1.131544e+05	0	3004792470	3.349200e-07	3382444416	
1.191918e+05	0	3921011129	4.186500e-07	2779686750	
1.211186e+05	1	2235064901	4.186500e-07	3257166052	
1.232748e+05	0	2263814062	5.582000e-08	3736601249	
1.242204e+05	0	1516068388	2.791000e-08	4263717482	
1.247735e+05	1	1465560917	3.907400e-07	1593891639	
1.258174e+05	1	3150846686	4.744700e-07	3621383820	
1.275058e+05	1	582973675	8.373000e-08	2349140130	
1.284818e+05	1	3373526895	5.023800e-07	331336395	
1.292612e+05	1	2984600922	3.349200e-07	1347872676	
1.301353e+05	0	1434498202	2.791000e-08	197654791	
1.301408e+05	0	3747246174	5.582000e-08	862710978	
1.325488e+05	1	732124878	5.582000e-08	2205180068	
1.360791e+05	0	3747246174	5.582000e-08	862710978	
1.397817e+05	1	1123501568	8.373000e-08	2542835646	
1.414499e+05	0	1134132465	2.791000e-08	385785803	
1.428424e+05	1	1572835533	3.907400e-07	314650893	
1.457740e+05	1	4031050948	3.070100e-07	164438789	
1.467273e+05	0	2406269022	2.791000e-08	862710978	
1.477501e+05	1	1465560917	4.465600e-07	40245973	
1.499607e+05	1	732124878	1.116400e-07	2263814062	
1.522162e+05	0	2799798816	3.070100e-07	4226750145	
1.529057e+05	0	2246051850	4.186500e-07	343742982	
1.549133e+05	1	778035964	8.373000e-08	287801793	
1.557692e+05	0	4028593304	2.791000e-08	2326007700	
1.574301e+05	1	3373526895	5.302900e-07	1584276479	
1.590840e+05	3	2235064901	4.186500e-07	3061883439	3687573659	1.400000e-08	3196256300	2.091000e-08	848448836	2.091000e-08	
1.613322e+05	1	2799798816	3.349200e-07	3988949870	
1.623967e+05	1	3534547045	5.302900e-07	2393342300	
1.634366e+05	0	741863299	2.791000e-08	3357643131	
1.639724e+05	1	3921011129	4.326500e-07	3687573659	
1.694957e+05	0	3747246174	5.582000e-08	3424908067	
1.712496e+05	0	2408568032	2.791000e-08	2480932170	
1.792678e+05	0	3150846686	4.744700e-07	870323177	
1.797727e+05	0	725558489	2.791000e-08	925199572	
1.804205e+05	0	179097684	3.070100e-07	3424908067	
1.819115e+05	0	2235064901	4.186500e-07	858320168	
1.832999e+05	0	2799798816	3.349200e-07	4122240121	
1.850520e+05	0	2235064901	4.186500e-07	848448836	
1.865365e+05	3	3921011129	4.326500e-07	2235064901	2211003714	1.008535e-07	2916276788	1.444530e-08	3696193412	1.444530e-08	15308464	1.444530e-08	1239307652	1.444530e-08	1945448119	1.444530e-08	3396227953	1.444530e-08	3321237907	1.444530e-08	3187199216	1.444530e-08	3330100144	1.444530e-08	310481256	1.444530e-08	817087088	1.444530e-08	551137729	1.444530e-08	1218250404	1.444530e-08	1035956119	1.444530e-08	1211996162	1.444530e-08	188552836	1.444530e-08	2029773149	1.444530e-08	302486611	1.444530e-08	1842102965	1.444530e-08	1285693762	1.444530e-08	1078741991	1.444530e-08	2723643411	1.444530e-08	
1.865365e+05	1	2211003714	1.152988e-07	2916276788	
1.865365e+05	1	2211003714	1.297441e-07	2723643411	
1.868688e+05	1	3921011129	4.470953e-07	188552836	
1.879914e+05	1	3921011129	4.615406e-07	817087088	
1.889387e+05	1	2211003714	1.441894e-07	3696193412	
1.943462e+05	0	3747246174	5.582000e-08	2406269022	
1.958533e+05	0	2779686750	2.791000e-08	551137729	
1.961370e+05	0	949068759	2.791000e-08	1790255658	
1.989194e+05	1	179097684	3.349200e-07	3704423751	
1.997972e+05	0	1218250404	1.444530e-08	551137729	
2.031963e+05	1	3737780296	3.628300e-07	1156624510	
2.033859e+05	1	3921011129	4.759859e-07	310481256	
2.040441e+05	1	2340740170	3.907400e-07	2451350669	
2.097031e+05	0	1842102965	1.444530e-08	3187199216	
2.109014e+05	1	3534547045	5.582000e-07	3424908067	
2.114304e+05	3	392861532	1.918988e-08	405521437	1804212609	1.831506e-08	438292632	1.831506e-08	
2.122745e+05	1	2246051850	8.093900e-07	2340740170	
2.130667e+05	0	1078741991	1.444530e-08	3396227953	
2.150782e+05	1	1068020906	9.543837e-04	843517319	
2.182195e+05	0	2406269022	2.791000e-08	862710978	
2.182803e+05	1	3921011129	4.904312e-07	3321237907	
2.246119e+05	1	3921011129	5.741612e-07	778035964	
2.254650e+05	0	343742982	2.791000e-08	482917538	
2.291946e+05	1	3150846686	4.889153e-07	2029773149	
2.292820e+05	1	3150846686	5.168253e-07	1516068388	
2.306498e+05	0	2984600922	3.349200e-07	888311950	
2.325300e+05	1	2406269022	5.582000e-08	862710978	
2.333957e+05	0	848448836	2.091000e-08	551137729	
2.349831e+05	0	2211003714	1.441894e-07	1285693762	
2.357833e+05	0	3534547045	5.582000e-07	2528553283	
2.372028e+05	1	3921011129	5.886065e-07	3396227953	
2.445103e+05	0	1321648343	2.791000e-08	3187199216	
2.504974e+05	1	3921011129	6.095165e-07	3196256300	
2.577342e+05	0	3004792470	3.349200e-07	741863299	
2.601167e+05	0	1586980658	2.791000e-08	911013108	
2.631401e+05	3	3534547045	5.582000e-07	582973675	2001290253	1.400000e-08	3147695692	1.743250e-08	3179285865	1.743250e-08	2173231515	1.743250e-08	740082705	1.743250e-08	
2.637784e+05	3	3921011129	6.095165e-07	2211003714	2795063678	1.400000e-08	3642829293	1.446549e-08	2707128518	1.446549e-08	474866315	1.446549e-08	1639799867	1.446549e-08	1026028388	1.446549e-08	1128056158	1.446549e-08	2909632847	1.446549e-08	937177227	1.446549e-08	3393811039	1.446549e-08	
2.639582e+05	1	3921011129	6.239820e-07	1128056158	
2.658537e+05	1	1211996162	2.889059e-08	1945448119	
2.667456e+05	0	3534547045	5.582000e-07	2173231515	
2.671069e+05	0	3921011129	6.239820e-07	2909632847	
2.702044e+05	1	3709881891	5.582000e-08	3462747	
2.704633e+05	0	1211996162	2.889059e-08	1078741991	
2.707006e+05	0	3921011129	6.239820e-07	474866315	
2.711727e+05	0	3393811039	1.446549e-08	1026028388	
2.727705e+05	1	3921011129	6.384475e-07	3393811039	
2.739314e+05	1	732124878	1.395500e-07	102901530	
2.740579e+05	1	3921011129	6.529129e-07	2909632847	
2.747056e+05	0	253808213	2.791000e-08	739080713	
2.752276e+05	1	3921011129	6.673784e-07	2707128518	
2.791450e+05	0	2984600922	3.349200e-07	1327969783	
2.791907e+05	1	2246051850	8.373000e-07	2480932170	
2.798763e+05	0	3534547045	5.582000e-07	2173231515	
2.822477e+05	0	925199572	2.791000e-08	302486611	
2.833416e+05	1	3737780296	3.907400e-07	811613008	
2.862642e+05	3	1075699702	3.907400e-07	2984600922	611212867	1.400000e-08	1104410542	1.458727e-08	2328232000	1.458727e-08	2999719241	1.458727e-08	1931993247	1.458727e-08	1494850122	1.458727e-08	3414514926	1.458727e-08	2312786130	1.458727e-08	3537925318	1.458727e-08	1634407402	1.458727e-08	3869596591	1.458727e-08	3375523036	1.458727e-08	772925454	1.458727e-08	2215785330	1.458727e-08	3491092596	1.458727e-08	57770090	1.458727e-08	3071577057	1.458727e-08	1452489764	1.458727e-08	4260098875	1.458727e-08	3696843781	1.458727e-08	2138100036	1.458727e-08	1726701215	1.458727e-08	1412415798	1.458727e-08	
2.866692e+05	1	3373526895	5.447353e-07	15308464	
2.917198e+05	1	1068020906	9.544116e-04	3443220506	
2.923523e+05	1	3004792470	3.628300e-07	1227575429	
2.971517e+05	0	732124878	1.395500e-07	3696843781	
3.016117e+05	0	2308721517	2.791000e-08	1239307652	
3.046108e+05	0	3737780296	3.907400e-07	3071577057	
3.048448e+05	1	2519559028	3.628300e-07	3709881891	
3.115122e+05	3	3737780296	3.907400e-07	2799798816	375852842	1.400000e-08	3593732192	1.458727e-08	3888264012	1.458727e-08	313359544	1.458727e-08	217284033	1.458727e-08	2151269300	1.458727e-08	3913511150	1.458727e-08	2962530363	1.458727e-08	2063946235	1.458727e-08	1172086036	1.458727e-08	690117576	1.458727e-08	3288380490	1.458727e-08	845665321	1.458727e-08	3122982648	1.458727e-08	1471982444	1.458727e-08	3303338876	1.458727e-08	2875471576	1.458727e-08	1738909006	1.458727e-08	356405251	1.458727e-08	2879167783	1.458727e-08	3083352544	1.458727e-08	4198169764	1.458727e-08	821115011	1.458727e-08	
3.139521e+05	0	937177227	1.446549e-08	1639799867	
3.143972e+05	1	2246051850	8.652100e-07	953296898	
3.160703e+05	3	3747246174	5.582000e-08	2406269022	2118016430	1.400000e-08	1945735688	2.091000e-08	4093093422	2.091000e-08	
3.179755e+05	1	3737780296	4.053273e-07	845665321	
3.193706e+05	1	3921011129	6.818439e-07	474866315	
3.196063e+05	1	3004792470	3.907400e-07	3012070026	
3.196242e+05	0	1452489764	1.458727e-08	3491092596	
3.203019e+05	0	3004792470	3.907400e-07	690117576	
3.232169e+05	1	1075699702	4.186500e-07	1878784256	
3.233624e+05	1	3747246174	7.673000e-08	4093093422	
3.243506e+05	1	3150846686	5.312908e-07	937177227	
3.264624e+05	1	3004792470	4.053273e-07	3696843781	
3.281332e+05	1	3179285865	3.486500e-08	3147695692	
3.287587e+05	0	3921011129	6.818439e-07	848448836	
3.292562e+05	0	3921011129	6.818439e-07	2779686750	
3.363824e+05	0	3747246174	7.673000e-08	1945735688	
3.384035e+05	3	3326748277	2.426800e-08	1285693762	2842015324	1.808730e-08	
3.436884e+05	0	3747246174	7.673000e-08	2038493855	
3.439946e+05	0	3747246174	7.673000e-08	1945735688	
3.461571e+05	0	545239233	3.349200e-07	941534069	
3.516154e+05	0	443746396	5.582000e-08	1503861029	
3.543807e+05	1	3737780296	4.332373e-07	2046083849	
3.564130e+05	1	1068020906	9.544396e-04	1533953788	
3.661568e+05	1	90391199	4.249727e-08	1412415798	
3.709772e+05	1	179097684	3.628300e-07	2038493855	
3.733727e+05	0	2246051850	8.652100e-07	1502094437	
3.739722e+05	0	3921011129	6.818439e-07	1639799867	
3.749020e+05	0	3747246174	7.673000e-08	1945735688	
3.832093e+05	1	732124878	1.541373e-07	1172086036	
3.870634e+05	0	1465560917	4.465600e-07	1790255658	
3.883993e+05	1	3921011129	6.962892e-07	1842102965	
3.938740e+05	3	3747246174	1.400000e-08	925199572	1249238030	1.510667e-08	3214077756	1.510667e-08	879162223	1.510667e-08	3884425642	1.510667e-08	1149406307	1.510667e-08	3528332227	1.510667e-08	
3.939105e+05	1	1149406307	3.021333e-08	1249238030	
3.940710e+05	0	333964007	2.791000e-08	3491092596	
3.948601e+05	0	1149406307	3.021333e-08	3884425642	
3.971944e+05	3	858320168	2.791000e-08	2001290253	4004407106	1.400000e-08	
3.982302e+05	1	879162223	3.021333e-08	3214077756	
3.987858e+05	1	879162223	4.421333e-08	3747246174	
3.998048e+05	0	1075699702	4.186500e-07	821115011	
4.003964e+05	3	2779686750	2.669319e-08	1639799867	451270221	1.568230e-08	
4.021081e+05	1	858320168	4.191000e-08	4004407106	
4.035011e+05	1	3004792470	4.199145e-07	57770090	
4.086256e+05	1	1068020906	9.544675e-04	266059373	
4.107732e+05	1	1465560917	4.611473e-07	2138100036	
4.120364e+05	0	3534547045	5.582000e-07	2173231515	
4.122352e+05	1	879162223	5.932000e-08	3528332227	
4.137432e+05	1	879162223	8.953333e-08	1149406307	
4.145587e+05	1	3357643131	5.582000e-08	1037584679	
4.191586e+05	1	3150846686	5.592008e-07	1321648343	
4.192928e+05	3	2246051850	8.652100e-07	545239233	3149440925	1.906547e-08	2250775120	1.435702e-08	1130108289	1.435702e-08	2177968201	1.435702e-08	2914302410	1.435702e-08	3655816389	1.435702e-08	3485819286	1.435702e-08	1382686479	1.435702e-08	1803925302	1.435702e-08	3293059020	1.435702e-08	378125977	1.435702e-08	2159618959	1.435702e-08	2441325815	1.435702e-08	3401497744	1.435702e-08	4069401935	1.435702e-08	134948105	1.435702e-08	1998372786	1.435702e-08	2455922112	1.435702e-08	3059103076	1.435702e-08	432337108	1.435702e-08	1902671923	1.435702e-08	4209590891	1.435702e-08	77395223	1.435702e-08	
4.207876e+05	1	2246051850	8.795670e-07	2159618959	
4.208497e+05	1	2246051850	8.939240e-07	3293059020	
4.208599e+05	1	2246051850	9.082811e-07	1902671923	
4.239465e+05	1	2246051850	9.226381e-07	1130108289	
4.242028e+05	1	2246051850	9.369951e-07	1998372786	
4.251114e+05	0	2246051850	9.369951e-07	2455922112	
4.261693e+05	1	2246051850	9.513521e-07	3485819286	
4.332869e+05	3	3736601249	2.783351e-08	438292632	3592986772	1.839155e-08	
4.334295e+05	0	253808213	2.791000e-08	2856850640	
4.335877e+05	0	3921011129	6.962892e-07	2308721517	
4.347552e+05	1	3921011129	7.241992e-07	3232700421	
4.351800e+05	1	3071234124	4.226702e-08	134948105	
4.484434e+05	0	4259593397	3.070100e-07	949068759	
4.529196e+05	1	3004792470	8.385645e-07	1075699702	
4.547428e+05	0	426576124	3.349200e-07	2710766136	
4.555783e+05	0	1123501568	8.373000e-08	2250775120	
4.657464e+05	1	1465560917	4.890573e-07	949068759	
4.726596e+05	0	2842015324	1.808730e-08	551137729	
4.930839e+05	1	2246051850	9.657092e-07	2441325815	
4.988992e+05	1	3534547045	5.930650e-07	3179285865	
5.009233e+05	0	1945735688	2.091000e-08	2173231515	
5.027811e+05	0	3004792470	8.385645e-07	1963165541	
5.055964e+05	0	3071234124	4.226702e-08	4046076794	
5.171662e+05	0	3004792470	8.385645e-07	598947138	
5.205419e+05	1	3150846686	5.748831e-07	451270221	
5.300491e+05	1	2246051850	9.800662e-07	2250775120	
5.327745e+05	1	3004792470	8.664745e-07	4046076794	
5.362752e+05	0	3534547045	5.930650e-07	3642829293	
5.376815e+05	0	879162223	8.953333e-08	1945735688	
5.396292e+05	0	4263717482	2.791000e-08	2455922112	
5.430747e+05	1	1572835533	4.186500e-07	3498415124	
5.478973e+05	1	373638573	1.000000e+00	29350397	
5.537180e+05	1	1572835533	4.465600e-07	3497999925	
5.571659e+05	0	432337108	1.435702e-08	3401497744	
5.579646e+05	1	3534547045	6.349750e-07	858320168	
5.667549e+05	3	343742982	1.400000e-08	941534069	1246511018	2.091000e-08	3986570268	2.091000e-08	
5.669894e+05	1	2440120768	4.249727e-08	3869596591	
5.674813e+05	3	2528553283	1.400000e-08	1945735688	174500547	1.741000e-08	4083845756	1.741000e-08	
5.804910e+05	1	2519559028	3.907400e-07	1327969783	
5.818805e+05	1	2246051850	9.944232e-07	2455922112	
5.842640e+05	0	3121047530	2.791000e-08	870323177	
5.870128e+05	1	2246051850	1.008780e-06	4209590891	
5.907473e+05	1	2246051850	1.036690e-06	561528368	
5.919137e+05	0	741863299	2.791000e-08	3071577057	
5.934839e+05	0	1963165541	2.791000e-08	392861532	
5.975330e+05	3	511603307	4.716414e-08	3122982648	110358663	2.324313e-08	
6.064949e+05	1	3534547045	6.494405e-07	3642829293	
6.091961e+05	3	3616865126	3.160930e-08	2842015324	1370908750	1.438801e-08	
6.146392e+05	0	2487301543	2.791000e-08	2177968201	
6.232620e+05	1	3150846686	5.892711e-07	1370908750	
6.288125e+05	1	2246051850	1.051047e-06	432337108	
6.380014e+05	1	732124878	1.820473e-07	4122240121	
6.429011e+05	0	1572835533	4.465600e-07	2312786130	
6.455767e+05	0	1458665800	2.791000e-08	1790255658	
6.506194e+05	0	1211996162	2.889059e-08	3149440925	
6.512697e+05	0	3616865126	3.160930e-08	245436729	
6.516928e+05	0	2555962951	2.791000e-07	769686034	
6.592179e+05	3	1866926464	1.400000e-08	3428193420	1837234470	2.091000e-08	2945849429	2.091000e-08	
6.609750e+05	0	126484229	2.791000e-08	810769555	
6.630835e+05	1	3373526895	5.591806e-07	3330100144	
6.661738e+05	3	3921011129	7.241992e-07	3373526895	66296937	4.075403e-08	976558236	1.401153e-08	2438291630	1.401153e-08	906368509	1.401153e-08	3783228500	1.401153e-08	2858952728	1.401153e-08	395113485	1.401153e-08	4019363830	1.401153e-08	3016084464	1.401153e-08	921818415	1.401153e-08	2892683898	1.401153e-08	3697249003	1.401153e-08	3983774618	1.401153e-08	4187488967	1.401153e-08	898751805	1.401153e-08	3632514288	1.401153e-08	410848061	1.401153e-08	2791633391	1.401153e-08	630280293	1.401153e-08	4212779140	1.401153e-08	3459374364	1.401153e-08	2125331604	1.401153e-08	3113062634	1.401153e-08	847040419	1.401153e-08	4240624600	1.401153e-08	1565786989	1.401153e-08	2286860921	1.401153e-08	3707879645	1.401153e-08	2746930994	1.401153e-08	4075596975	1.401153e-08	4283280385	1.401153e-08	538453177	1.401153e-08	3121292019	1.401153e-08	3349724438	1.401153e-08	4253718737	1.401153e-08	3297362622	1.401153e-08	1751902433	1.401153e-08	2878871175	1.401153e-08	
6.661739e+05	1	66296937	5.476556e-08	976558236	
6.661739e+05	1	66296937	6.877709e-08	2878871175	
6.661745e+05	1	3349724438	2.802306e-08	3121292019	
6.661746e+05	1	898751805	2.802306e-08	4187488967	
6.661756e+05	1	3921011129	7.382107e-07	2858952728	
6.661868e+05	0	2746930994	1.401153e-08	3459374364	
6.663129e+05	1	2286860921	2.802306e-08	3113062634	
6.673402e+05	1	3921011129	7.522223e-07	2791633391	
6.673651e+05	3	302486611	1.445682e-08	630280293	3083717413	1.400000e-08	
6.679189e+05	0	3921011129	7.522223e-07	3783228500	
6.697700e+05	0	898751805	2.802306e-08	410848061	
6.700220e+05	0	538453177	1.401153e-08	3983774618	
6.703362e+05	1	3921011129	7.662338e-07	4075596975	
6.705632e+05	0	3349724438	2.802306e-08	395113485	
6.712229e+05	1	3921011129	7.802453e-07	3783228500	
6.712739e+05	0	898751805	2.802306e-08	3016084464	
6.717082e+05	0	3297362622	1.401153e-08	3983774618	
6.734873e+05	0	4253718737	1.401153e-08	410848061	
6.735825e+05	1	4253718737	2.802306e-08	4212779140	
6.736229e+05	1	3921011129	7.942569e-07	3707879645	
6.740966e+05	1	3921011129	8.082684e-07	847040419	
6.744198e+05	0	3986570268	2.091000e-08	3187199216	
6.804737e+05	1	3921011129	8.361784e-07	725558489	
6.806478e+05	0	2746930994	1.401153e-08	3697249003	
6.818122e+05	0	1078741991	1.444530e-08	2438291630	
6.818734e+05	0	1751902433	1.401153e-08	3083717413	
6.833707e+05	0	3349724438	2.802306e-08	4019363830	
6.837929e+05	1	3921011129	8.501899e-07	3459374364	
6.842796e+05	0	1078741991	1.444530e-08	1035956119	
6.864568e+05	3	4263717482	2.578345e-08	1246511018	220564665	2.303655e-08	
6.867684e+05	0	4263717482	2.578345e-08	220564665	
6.884901e+05	1	3921011129	8.642014e-07	3297362622	
6.885856e+05	1	3921011129	8.782130e-07	3016084464	
6.934870e+05	0	4263717482	2.578345e-08	220564665	
6.983348e+05	1	3921011129	8.926698e-07	302486611	
7.020439e+05	1	3921011129	9.066813e-07	3983774618	
7.021056e+05	3	2906924538	1.400000e-08	242414939	3653734512	2.091000e-08	3815024321	2.091000e-08	
7.025554e+05	1	3921011129	9.347044e-07	3349724438	
7.036654e+05	1	3357643131	6.982000e-08	2906924538	
7.040163e+05	1	3150846686	6.036281e-07	77395223	
7.045107e+05	1	373638573	1.000000e+00	1236021306	
7.096892e+05	0	4259593397	3.070100e-07	4260098875	
7.105248e+05	1	3921011129	9.487159e-07	2892683898	
7.171433e+05	1	1572835533	4.609170e-07	2177968201	
7.172484e+05	0	2440120768	4.249727e-08	2063946235	
7.188813e+05	1	2555962951	3.070100e-07	728028737	
7.262584e+05	0	1465560917	4.890573e-07	3736601249	
7.306329e+05	1	3921011129	9.627274e-07	4019363830	
7.331423e+05	1	3121047530	5.582000e-08	1425083048	
7.332061e+05	3	1123501568	8.373000e-08	3121047530	1428265047	1.400000e-08	3604532305	2.091000e-08	1869365069	2.091000e-08	
7.334836e+05	0	1222799196	2.791000e-07	1434498202	
7.435812e+05	3	3083352544	1.517455e-08	3288380490	965372172	1.400000e-08	
7.475584e+05	0	3149440925	1.906547e-08	2125331604	
7.613383e+05	0	879162223	8.953333e-08	3884425642	
7.615131e+05	0	3921011129	9.627274e-07	245436729	
7.620120e+05	0	1218250404	1.444530e-08	1751902433	
7.628390e+05	1	3921011129	9.767390e-07	3697249003	
7.684220e+05	3	879162223	2.122887e-08	245436729	607396504	1.603574e-08	2533881277	1.603574e-08	472358284	1.603574e-08	1950077488	1.603574e-08	1820499179	1.603574e-08	4055959668	1.603574e-08	
7.692157e+05	1	1068020906	9.544954e-04	2190522392	
7.693907e+05	3	3149440925	1.951077e-08	1239307652	528880979	1.400000e-08	
7.699479e+05	1	1222799196	3.070100e-07	1790255658	
7.717737e+05	0	3534547045	6.494405e-07	921818415	
7.722902e+05	0	1820499179	1.603574e-08	2533881277	
7.733737e+05	1	879162223	3.726462e-08	607396504	
7.734101e+05	0	4055959668	1.603574e-08	921818415	
7.758640e+05	0	1211996162	2.889059e-08	870323177	
7.786112e+05	1	879162223	5.330036e-08	472358284	
7.838022e+05	0	3921011129	9.767390e-07	395113485	
7.842591e+05	3	1751902433	1.401153e-08	3083717413	3778036871	1.400000e-08	
7.843715e+05	1	879162223	6.933610e-08	2533881277	
7.884462e+05	3	3884425642	1.510667e-08	2118016430	1405660995	1.400000e-08	
7.897342e+05	1	4259593397	3.210100e-07	611212867	
7.928060e+05	0	1768543625	2.791000e-08	1634407402	
7.944889e+05	1	1572835533	4.818270e-07	1869365069	
8.060167e+05	1	3921011129	9.907505e-07	395113485	
8.072119e+05	0	2669757562	5.582000e-08	1128709694	
8.093112e+05	1	879162223	8.537185e-08	1820499179	
8.104115e+05	1	2246051850	1.071957e-06	3604532305	
8.105119e+05	3	3326748277	2.390390e-08	410848061	3662110242	1.437563e-08	
8.137620e+05	0	1078741991	1.444530e-08	3632514288	
8.143070e+05	0	1572835533	4.818270e-07	1651612823	
8.177160e+05	3	482917538	2.714355e-08	3401497744	2247026945	1.512347e-08	
8.180691e+05	0	1078741991	1.444530e-08	3778036871	
8.205253e+05	1	3921011129	1.018774e-06	4253718737	
8.220530e+05	0	2286860921	2.802306e-08	1026028388	
8.332006e+05	1	3071234124	5.662405e-08	4069401935	
8.371831e+05	1	3737780296	4.478245e-07	3414514926	
8.433026e+05	0	921818415	1.401153e-08	1751902433	
8.439146e+05	1	3921011129	1.046684e-06	2856850640	
8.446081e+05	3	4240624600	1.402306e-08	2438291630	4032129539	1.400000e-08	
8.566286e+05	0	2328232000	1.458727e-08	3655816389	
8.583720e+05	0	4259593397	3.210100e-07	3187199216	
8.606012e+05	0	732124878	1.820473e-07	2408568032	
8.619819e+05	0	898751805	2.802306e-08	2125331604	
8.624522e+05	1	3534547045	6.668505e-07	174500547	
8.727768e+05	1	3534547045	6.808505e-07	4032129539	
8.742587e+05	3	3986570268	1.990333e-08	1565786989	4035587434	1.501820e-08	
8.766916e+05	0	3534547045	6.808505e-07	1751902433	
8.777741e+05	3	2125331604	1.402306e-08	1751902433	3111692719	1.400000e-08	
8.855878e+05	1	3534547045	6.948735e-07	2125331604	
8.921634e+05	3	3891448235	1.400000e-08	538453177	1398579088	1.861051e-08	2501379955	1.861051e-08	3332562587	1.861051e-08	
8.944214e+05	0	3921011129	1.046684e-06	1026028388	
9.002736e+05	1	1465560917	5.099673e-07	3815024321	
9.030260e+05	3	3737780296	4.478245e-07	4259593397	3562383954	1.400000e-08	2521380987	1.461952e-08	4119421155	1.461952e-08	1913762779	1.461952e-08	3678948817	1.461952e-08	2489195127	1.461952e-08	3929228125	1.461952e-08	3160344427	1.461952e-08	3182159117	1.461952e-08	766581564	1.461952e-08	3702894340	1.461952e-08	3532745758	1.461952e-08	1072840122	1.461952e-08	3294683754	1.461952e-08	1676003954	1.461952e-08	4285585893	1.461952e-08	2674988631	1.461952e-08	406745133	1.461952e-08	2883513480	1.461952e-08	783121895	1.461952e-08	2683944377	1.461952e-08	2961226102	1.461952e-08	
9.031088e+05	0	2961226102	1.461952e-08	783121895	
9.040829e+05	0	1222799196	3.070100e-07	4061687915	
9.093230e+05	3	4055959668	1.603574e-08	1405660995	301219709	1.400000e-08	
9.096889e+05	1	373638573	1.000000e+00	3913511150	
9.098331e+05	1	3921011129	1.061149e-06	1026028388	
9.129119e+05	0	1768543625	2.791000e-08	3149440925	
9.270302e+05	0	3149440925	1.951077e-08	1452489764	
9.303733e+05	1	3534547045	7.088966e-07	4240624600	
9.309250e+05	0	220564665	2.303655e-08	2746930994	
9.316529e+05	3	1651612823	1.400000e-08	2693713428	1743198400	2.091000e-08	3059144981	2.091000e-08	
9.323717e+05	1	879162223	1.014076e-07	1950077488	
9.372494e+05	1	3534547045	7.228966e-07	3778036871	
9.372799e+05	1	3150846686	6.176396e-07	921818415	
9.373656e+05	3	2555962951	3.070100e-07	2440120768	3952655669	1.400000e-08	2848685905	1.424864e-08	1826422368	1.424864e-08	
9.397721e+05	1	2151269300	2.917455e-08	3375523036	
9.413012e+05	1	3004792470	8.810941e-07	4119421155	
9.451019e+05	1	373638573	1.000000e+00	2504591099	
9.485717e+05	3	3083352544	1.579407e-08	3678948817	896813269	1.400000e-08	
9.490514e+05	0	3004792470	8.810941e-07	3532745758	
9.499499e+05	0	3150846686	6.176396e-07	2779686750	
9.532946e+05	0	4188445920	2.791000e-08	1458665800	
9.583476e+05	0	2308721517	2.791000e-08	4263717482	
9.626697e+05	1	2246051850	1.155687e-06	1123501568	
9.627711e+05	1	3534547045	7.369081e-07	3632514288	
9.637405e+05	0	1481166135	2.791000e-08	1078741991	
9.671516e+05	1	3004792470	9.020041e-07	1837234470	
9.674896e+05	1	373638573	1.000000e+00	3823443426	
9.681065e+05	0	1866926464	1.400000e-08	1651612823	
9.741783e+05	0	197654791	2.791000e-08	3332562587	
9.751569e+05	3	3332562587	1.905581e-08	1035956119	37051273	1.400000e-08	
9.768011e+05	0	1434498202	2.791000e-08	2312786130	
9.780554e+05	0	4263717482	2.578345e-08	4285585893	
9.785961e+05	1	2246051850	1.169699e-06	906368509	
9.795787e+05	1	1572835533	4.958270e-07	1866926464	
9.870076e+05	3	482917538	3.192908e-08	3326748277	1867247157	1.911837e-08	
9.958702e+05	0	482917538	3.192908e-08	1867247157	
9.958773e+05	0	1572835533	4.958270e-07	3891448235	
1.001572e+06	3	732124878	1.889335e-07	3241671100	3633199892	2.102375e-08	
1.009109e+06	0	2246051850	1.169699e-06	1428265047	
1.011819e+06	3	4263717482	2.194877e-08	343742982	1736323711	1.783468e-08	
1.026381e+06	1	2555962951	3.215973e-07	1634407402	
1.026730e+06	0	3182159117	1.461952e-08	3929228125	
1.032931e+06	3	2519559028	3.907400e-07	2669757562	283080478	1.400000e-08	785216844	2.091000e-08	3006103420	2.091000e-08	
1.035223e+06	0	1465560917	5.099673e-07	2328232000	
1.035906e+06	3	1398579088	2.202051e-08	4083845756	2898323513	1.400000e-08	
1.051403e+06	0	879162223	1.014076e-07	4055959668	
1.051797e+06	3	879162223	6.613311e-08	4055959668	1199222225	1.710341e-08	3755198008	1.710341e-08	2795041644	1.710341e-08	
1.052931e+06	1	879162223	8.323652e-08	1199222225	
1.055521e+06	1	3921011129	1.075506e-06	1803925302	
1.056106e+06	1	2795041644	3.420681e-08	3755198008	
1.056303e+06	1	3737780296	4.618245e-07	896813269	
1.060947e+06	1	373638573	1.000000e+00	2919643181	
1.061756e+06	1	879162223	1.174433e-07	2795041644	
1.064607e+06	3	1398579088	2.312718e-08	3884425642	3492274228	1.400000e-08	
1.065014e+06	0	3736601249	2.783351e-08	1931993247	
1.066132e+06	1	3737780296	4.764441e-07	3160344427	
1.066492e+06	0	1398579088	2.312718e-08	3492274228	
1.066587e+06	1	3737780296	5.043541e-07	326805806	
1.074109e+06	0	1398579088	2.312718e-08	3492274228	
1.078220e+06	0	1465560917	5.099673e-07	2489195127	
1.088880e+06	3	879162223	8.330000e-08	2898323513	1420914473	1.604778e-08	439844059	1.604778e-08	3802520055	1.604778e-08	
1.099276e+06	1	3921011129	1.096416e-06	1743198400	
1.107640e+06	1	3150846686	6.375430e-07	3986570268	
1.114050e+06	1	179097684	3.859572e-07	1398579088	
1.114656e+06	1	879162223	9.934778e-08	1420914473	
1.116457e+06	1	3921011129	1.124439e-06	2286860921	
1.120433e+06	1	1222799196	3.768300e-07	3357643131	
1.124280e+06	3	879162223	7.198058e-08	3492274228	3012889883	2.068360e-08	3363823620	2.068360e-08	
1.125484e+06	1	879162223	9.266418e-08	3012889883	
1.127207e+06	3	3775452048	1.400000e-08	3059144981	1086559163	1.741000e-08	3063534263	1.741000e-08	
1.127473e+06	1	879162223	1.133478e-07	3363823620	
1.140263e+06	0	1502094437	2.791000e-08	378125977	
1.140716e+06	0	3150846686	6.375430e-07	2308721517	
1.156071e+06	0	3332562587	1.905581e-08	378125977	
1.157913e+06	1	3921011129	1.143629e-06	392861532	
1.163128e+06	3	659524895	2.202135e-08	2848685905	2013640095	2.013729e-08	
1.163662e+06	3	3020817656	2.791000e-08	301219709	1461359102	1.400000e-08	
1.163800e+06	1	3020817656	4.191000e-08	1461359102	
1.165542e+06	1	2246051850	1.184318e-06	3532745758	
1.185033e+06	3	4061687915	1.400000e-08	821115011	2027098952	1.424864e-08	4167430602	1.424864e-08	
1.194837e+06	0	4263717482	2.194877e-08	3063534263	
1.195362e+06	3	898751805	1.400000e-08	2247026945	4096225443	1.457327e-08	781549661	1.457327e-08	
1.197682e+06	3	1222799196	3.768300e-07	511603307	907719639	1.400000e-08	1906851972	1.658207e-08	2597880038	1.658207e-08	
1.209661e+06	1	3921011129	1.157641e-06	4283280385	
1.211818e+06	1	4226750145	4.252952e-08	2521380987	
1.213681e+06	1	373638573	1.000000e+00	1494850122	
1.213929e+06	3	3633199892	2.102375e-08	3952655669	1896745001	1.400000e-08	
1.216226e+06	1	66296937	8.315271e-08	3662110242	
1.236846e+06	1	2246051850	1.212228e-06	1502094437	
1.240531e+06	0	1664502715	2.791000e-08	3490627259	
1.251338e+06	0	2246051850	1.212228e-06	1481166135	
1.257104e+06	0	3655816389	1.435702e-08	375852842	
1.277849e+06	1	373638573	1.000000e+00	197654791	
1.283200e+06	1	3150846686	6.654530e-07	2308721517	
1.291957e+06	1	879162223	1.293956e-07	3802520055	
1.292939e+06	0	2246051850	1.212228e-06	870323177	
1.301936e+06	3	2779686750	1.400000e-08	220564665	2378434411	1.786487e-08	1837088337	1.786487e-08	
1.309459e+06	3	1664502715	1.400000e-08	3736601249	1543523724	2.087176e-08	1761715697	2.087176e-08	
1.327784e+06	1	1572835533	5.166988e-07	1761715697	
1.331827e+06	1	3921011129	1.240793e-06	66296937	
1.342129e+06	0	3150846686	6.654530e-07	2298477853	
1.342129e+06	1	373638573	1.000000e+00	2298477853	
1.359385e+06	1	3921011129	1.254793e-06	2795063678	
1.360726e+06	0	1837088337	1.786487e-08	2378434411	
1.366914e+06	1	3004792470	9.166236e-07	2883513480	
1.368455e+06	1	3737780296	5.189736e-07	783121895	
1.381357e+06	3	732124878	1.776623e-07	741863299	3099973400	1.959059e-08	2789348510	1.959059e-08	
1.383532e+06	1	3150846686	6.794530e-07	37051273	
1.390672e+06	1	373638573	1.000000e+00	772925454	
1.393364e+06	1	1572835533	5.332809e-07	2597880038	
1.400498e+06	1	732124878	1.922819e-07	3182159117	
1.412477e+06	3	3593732192	1.503257e-08	1218250404	1371202285	1.400000e-08	
1.416831e+06	0	838860310	2.791000e-08	2250879299	
1.425271e+06	0	3004792470	9.166236e-07	1664502715	
1.427635e+06	0	1572835533	5.332809e-07	2937387076	
1.427668e+06	3	2937387076	1.400000e-08	2215785330	629078091	1.424864e-08	754560055	1.424864e-08	
1.430498e+06	0	3534547045	7.369081e-07	2528553283	
1.430888e+06	0	3004792470	9.166236e-07	378125977	
1.437401e+06	1	3921011129	1.268805e-06	2746930994	
1.448501e+06	0	3921011129	1.268805e-06	1434498202	
1.453074e+06	0	3921011129	1.268805e-06	2378434411	
1.458711e+06	1	732124878	2.065305e-07	2027098952	
1.459700e+06	1	2519559028	4.186500e-07	253808213	
1.465496e+06	0	1572835533	5.332809e-07	375852842	
1.466597e+06	1	3150846686	6.938983e-07	551137729	
1.495938e+06	1	3004792470	9.340336e-07	3063534263	
1.497813e+06	1	1465560917	5.265493e-07	1906851972	
1.502207e+06	1	3534547045	7.514954e-07	1738909006	
1.505329e+06	1	3534547045	7.665280e-07	3593732192	
1.509002e+06	1	3737780296	5.329736e-07	3562383954	
1.527027e+06	1	2246051850	1.229638e-06	1086559163	
1.531346e+06	1	3534547045	7.839605e-07	740082705	
1.538145e+06	1	3150846686	7.130166e-07	1867247157	
1.540105e+06	1	3921011129	1.282805e-06	3111692719	
1.544510e+06	1	373638573	1.000000e+00	3953846011	
1.545557e+06	1	1068020906	9.545233e-04	3108364485	
1.552649e+06	3	879162223	1.268351e-07	439844059	1737134642	1.860825e-08	
1.554064e+06	0	3071234124	5.662405e-08	4167430602	
1.556826e+06	1	879162223	1.454433e-07	1737134642	
1.562239e+06	0	3294683754	1.461952e-08	3929228125	
1.575055e+06	0	1572835533	5.332809e-07	3775452048	
1.584659e+06	0	3921011129	1.282805e-06	1664502715	
1.586439e+06	3	1572835533	5.332809e-07	1222799196	37613351	1.400000e-08	3434666020	1.451320e-08	2369258877	1.451320e-08	3563522875	1.451320e-08	249728555	1.451320e-08	4285226245	1.451320e-08	2707460946	1.451320e-08	2606325002	1.451320e-08	1541925803	1.451320e-08	2024675612	1.451320e-08	1292023300	1.451320e-08	3302973195	1.451320e-08	875106938	1.451320e-08	3314075649	1.451320e-08	2589646060	1.451320e-08	3433591204	1.451320e-08	1848242772	1.451320e-08	250719570	1.451320e-08	2681498831	1.451320e-08	481808867	1.451320e-08	2066612683	1.451320e-08	3458484829	1.451320e-08	2719204682	1.451320e-08	4256642775	1.451320e-08	2449448537	1.451320e-08	463844675	1.451320e-08	
1.599950e+06	1	3458484829	2.902640e-08	2606325002	
1.602982e+06	0	2378434411	1.786487e-08	4167430602	
1.604295e+06	1	1572835533	5.477941e-07	875106938	
1.614012e+06	3	3382444416	1.400000e-08	1913762779	3167902617	1.426476e-08	579073438	1.426476e-08	
1.621490e+06	3	2487301543	1.400000e-08	1541925803	3468130899	1.421160e-08	393090083	1.421160e-08	
1.627054e+06	1	373638573	1.000000e+00	2879167783	
1.637937e+06	0	3921011129	1.282805e-06	1371202285	
1.639760e+06	0	3921011129	1.282805e-06	2501379955	
1.639760e+06	1	373638573	1.000000e+00	2501379955	
1.645887e+06	1	373638573	1.000000e+00	2945849429	
1.650037e+06	0	2250879299	2.791000e-08	4260098875	
1.654471e+06	1	2246051850	1.244152e-06	249728555	
1.665510e+06	1	3921011129	1.296805e-06	2528553283	
1.667512e+06	3	3150846686	7.130166e-07	3616865126	2343849308	1.400000e-08	1055469694	1.760930e-08	
1.679352e+06	1	2204676502	2.857279e-04	4028593304	
1.691356e+06	1	3921011129	1.311392e-06	313359544	
1.699180e+06	3	3921011129	1.311392e-06	482917538	627452446	1.400000e-08	2014426858	1.792908e-08	
1.715595e+06	0	3004792470	9.340336e-07	3314075649	
1.717442e+06	1	3921011129	1.325392e-06	627452446	
1.725541e+06	0	3737780296	5.329736e-07	3099973400	
1.726386e+06	0	3921011129	1.325392e-06	2014426858	
1.726970e+06	0	781549661	1.457327e-08	1428265047	
1.727451e+06	0	333964007	2.791000e-08	2343849308	
1.740075e+06	3	378125977	1.435702e-08	2937387076	2716949832	1.400000e-08	
1.741317e+06	3	781549661	1.457327e-08	2779686750	552634658	1.400000e-08	
1.744151e+06	0	463844675	1.451320e-08	3059103076	
1.744700e+06	1	3921011129	1.340410e-06	4035587434	
1.745798e+06	1	373638573	1.000000e+00	385785803	
1.747876e+06	3	3071234124	5.081409e-08	1382686479	3736523900	2.016698e-08	
1.748659e+06	1	373638573	1.000000e+00	1104410542	
1.752965e+06	3	3737780296	5.329736e-07	732124878	2213923665	1.724619e-08	1503202005	1.456033e-08	3202152185	1.456033e-08	2622395779	1.456033e-08	3607413901	1.456033e-08	649593533	1.456033e-08	66987975	1.456033e-08	483021244	1.456033e-08	3707800333	1.456033e-08	3528190190	1.456033e-08	2185291493	1.456033e-08	550176535	1.456033e-08	1674415855	1.456033e-08	4287239676	1.456033e-08	
1.755097e+06	3	3332562587	2.292067e-08	2378434411	3884987045	1.400000e-08	
1.762123e+06	3	406745133	1.513272e-08	1848242772	1960974751	1.400000e-08	
1.771278e+06	0	3528190190	1.456033e-08	37613351	
1.783943e+06	3	1035492323	1.400000e-08	1072840122	309459595	1.426476e-08	2348040613	1.426476e-08	
1.796269e+06	0	2024675612	1.451320e-08	3655816389	
1.803022e+06	0	2961226102	1.461952e-08	2962530363	
1.807406e+06	1	3004792470	9.485939e-07	2185291493	
1.811583e+06	3	3294683754	1.517986e-08	649593533	3180086772	1.400000e-08	
1.815383e+06	3	1726701215	1.458727e-08	2343849308	3833074883	1.400000e-08	
1.818089e+06	0	309459595	1.426476e-08	393090083	
1.837481e+06	0	3004792470	9.485939e-07	378125977	
1.839669e+06	0	3528190190	1.456033e-08	3563522875	
1.840355e+06	1	3921011129	1.358339e-06	2014426858	
1.846080e+06	1	1068020906	9.545379e-04	3303338876	
1.855136e+06	0	4226750145	4.252952e-08	825415804	
1.867944e+06	0	66987975	1.456033e-08	2024675612	
1.872831e+06	1	1572835533	5.617941e-07	965372172	
1.875039e+06	1	3921011129	1.381260e-06	3332562587	
1.892567e+06	1	3921011129	1.395260e-06	3884987045	
1.898386e+06	1	3004792470	1.481568e-06	3737780296	
1.903516e+06	1	2519559028	4.326500e-07	1371202285	
1.908716e+06	0	873214132	2.791000e-08	3202152185	
1.949439e+06	1	3534547045	8.118705e-07	870323177	
1.958520e+06	1	3004792470	1.509478e-06	3490627259	
1.982770e+06	1	2246051850	1.258739e-06	3537925318	
1.997911e+06	0	3294683754	1.517986e-08	309459595	
1.997946e+06	3	4260098875	1.503257e-08	3187199216	1462644303	1.400000e-08	
1.998551e+06	1	1572835533	5.757941e-07	907719639	
2.008148e+06	1	2246051850	1.273299e-06	3528190190	
2.016512e+06	0	3314075649	1.451320e-08	3180086772	
2.036381e+06	0	2074240873	2.791000e-08	2466232951	
2.039357e+06	0	3150846686	7.130166e-07	3736523900	
2.068958e+06	0	1465560917	5.265493e-07	1035492323	
2.077545e+06	1	373638573	1.000000e+00	2683944377	
2.079482e+06	1	373638573	1.000000e+00	810769555	
2.085004e+06	1	3004792470	1.524065e-06	1726701215	
2.085334e+06	3	3655816389	1.435702e-08	4061687915	4088625113	1.400000e-08	
2.085523e+06	0	250719570	1.451320e-08	3468130899	
2.149016e+06	0	3607413901	1.456033e-08	629078091	
2.149403e+06	0	879162223	1.454433e-07	2173231515	
2.158907e+06	0	3004792470	1.524065e-06	2707460946	
2.163495e+06	0	2246051850	1.273299e-06	3592986772	
2.167643e+06	3	1465560917	5.265493e-07	2151269300	1237914369	1.400000e-08	2733144751	1.517455e-08	
2.171776e+06	3	2328232000	1.479887e-08	393090083	1649557018	1.400000e-08	
2.174844e+06	3	1458665800	2.492546e-08	2716949832	1831065885	1.698454e-08	
2.182713e+06	3	1831065885	1.734156e-08	378125977	79461789	1.400000e-08	
2.212362e+06	0	2489195127	1.461952e-08	481808867	
2.217852e+06	0	1541946641	2.791000e-08	3563522875	
2.217888e+06	3	179097684	3.859572e-07	3020817656	1621314342	1.400000e-08	2016090987	2.791000e-08	
2.218033e+06	1	179097684	3.999572e-07	1621314342	
2.218362e+06	1	179097684	4.278672e-07	2016090987	
2.245271e+06	0	2213923665	1.724619e-08	2589646060	
2.261263e+06	1	179097684	4.452997e-07	2173231515	
2.275874e+06	0	3302973195	1.451320e-08	898751805	
2.276995e+06	3	1462644303	1.400000e-08	3833074883	1553963666	1.400000e-08	
2.281289e+06	0	4260098875	1.503257e-08	3071577057	
2.283180e+06	0	1553963666	1.400000e-08	2487301543	
2.292047e+06	0	1434498202	2.791000e-08	3314075649	
2.309499e+06	1	3004792470	1.538578e-06	3434666020	
2.314249e+06	0	1572835533	5.757941e-07	3294683754	
2.331910e+06	1	3004792470	2.114372e-06	1572835533	
2.347034e+06	0	3150846686	7.130166e-07	3592986772	
2.360881e+06	3	3083352544	1.630727e-08	2707460946	1002680420	1.400000e-08	
2.372776e+06	1	373638573	1.000000e+00	3071577057	
2.375710e+06	3	79461789	1.400000e-08	3180086772	734120091	1.400000e-08	
2.394957e+06	3	4285226245	1.451320e-08	1649557018	2475979558	1.400000e-08	
2.401973e+06	0	879162223	1.454433e-07	217284033	
2.408602e+06	0	1804212609	1.831506e-08	734120091	
2.408937e+06	0	1465560917	5.265493e-07	2449448537	
2.411129e+06	0	2911053862	2.791000e-08	2213923665	
2.411346e+06	3	2013640095	2.013729e-08	1002680420	2649056468	1.400000e-08	
2.422221e+06	3	2066612683	1.451320e-08	552634658	3381587904	1.400000e-08	
2.428057e+06	1	3004792470	2.128885e-06	2719204682	
2.448265e+06	0	3921011129	1.395260e-06	2999719241	
2.449958e+06	1	373638573	1.000000e+00	2250879299	
2.468303e+06	3	1434498202	2.791000e-08	898751805	175860597	1.400000e-08	
2.468306e+06	1	2246051850	1.290545e-06	2213923665	
2.477402e+06	3	2999719241	1.510047e-08	2369258877	1089013536	1.400000e-08	
2.492728e+06	0	2489195127	1.461952e-08	66987975	
2.519124e+06	1	3150846686	7.339266e-07	848448836	
2.521957e+06	0	3534547045	8.118705e-07	1078741991	
2.522117e+06	0	3534547045	8.118705e-07	1078741991	
2.523755e+06	0	3534547045	8.118705e-07	2649056468	
2.523997e+06	0	2789348510	1.959059e-08	3468130899	
2.527182e+06	0	3150846686	7.339266e-07	2649056468	
2.542607e+06	0	406745133	1.513272e-08	37613351	
2.587403e+06	3	2674988631	1.488429e-08	309459595	552498239	1.400000e-08	
2.591767e+06	1	3004792470	2.184705e-06	443746396	
2.595215e+06	0	873214132	2.791000e-08	2348040613	
2.615765e+06	0	179097684	4.452997e-07	217284033	
2.621941e+06	1	3004792470	2.204216e-06	3149440925	
2.627439e+06	0	179097684	4.452997e-07	217284033	
2.635258e+06	3	1089013536	1.400000e-08	2475979558	481049431	1.400000e-08	
2.662334e+06	0	426576124	3.349200e-07	659524895	
2.675309e+06	0	1768543625	2.791000e-08	406745133	
2.675988e+06	0	3921011129	1.395260e-06	2487301543	
2.701604e+06	0	3921011129	1.395260e-06	1831065885	
2.708310e+06	0	528880979	1.400000e-08	2487301543	
2.709095e+06	0	1543523724	2.087176e-08	4256642775	
2.731258e+06	1	3921011129	1.412602e-06	1831065885	
2.757568e+06	0	2246051850	1.290545e-06	4167430602	
2.759139e+06	0	2246051850	1.290545e-06	2466232951	
2.777046e+06	1	3921011129	1.437527e-06	1458665800	
2.780880e+06	1	3150846686	7.481753e-07	4167430602	
2.783577e+06	3	2733144751	1.517455e-08	3891448235	2950407739	1.400000e-08	
2.785586e+06	0	3302973195	1.451320e-08	629078091	
2.798837e+06	3	3004792470	2.204216e-06	4226750145	72955594	1.400000e-08	1771264541	1.426476e-08	2353028958	1.426476e-08	
2.799140e+06	1	3004792470	2.218481e-06	1771264541	
2.800378e+06	0	828787466	2.791000e-08	2733144751	
2.803459e+06	3	4096225443	1.501856e-08	1078741991	2980075456	1.400000e-08	
2.809972e+06	1	2555962951	3.425073e-07	785216844	
2.815561e+06	1	426576124	3.495395e-07	3929228125	
2.825019e+06	1	3534547045	8.258705e-07	2649056468	
2.830117e+06	0	2246051850	1.290545e-06	4256642775	
2.831610e+06	0	4285226245	1.451320e-08	3468130899	
2.835672e+06	1	3004792470	2.232481e-06	72955594	
2.840602e+06	1	2246051850	1.318455e-06	1541946641	
2.845098e+06	0	3607413901	1.456033e-08	3302973195	
2.845144e+06	1	1465560917	5.416821e-07	406745133	
2.849097e+06	1	3921011129	1.452546e-06	4096225443	
2.861904e+06	0	2681498831	1.451320e-08	2024675612	
2.865369e+06	3	179097684	4.353873e-07	217284033	3449694611	2.449962e-08	
2.867324e+06	1	1068020906	9.545658e-04	3392858646	
2.868248e+06	3	4188445920	1.400000e-08	1503861029	1194638860	2.091000e-08	114837353	2.091000e-08	
2.869504e+06	1	179097684	4.598869e-07	3449694611	
2.902828e+06	0	911013108	2.791000e-08	3655816389	
2.910848e+06	3	2246051850	1.318455e-06	1211996162	2341758500	1.400000e-08	651046398	1.489059e-08	
2.910904e+06	1	2246051850	1.332455e-06	2341758500	
2.928845e+06	3	1543523724	1.770866e-08	2487301543	2780384598	1.716310e-08	
2.930788e+06	3	3071234124	2.470284e-08	3775452048	1061526795	2.005563e-08	3342541004	2.005563e-08	
2.955122e+06	0	2013640095	2.013729e-08	754560055	
2.961175e+06	1	3150846686	7.621753e-07	1428265047	
2.966732e+06	0	1055469694	1.760930e-08	2961226102	
2.971860e+06	1	3004792470	2.247100e-06	4285585893	
2.991310e+06	3	2681498831	1.451320e-08	1651612823	1577969976	1.400000e-08	
3.075468e+06	0	2681498831	1.451320e-08	1237914369	
3.086986e+06	3	2980075456	1.400000e-08	528880979	695939830	1.400000e-08	
3.098084e+06	0	2875471576	1.458727e-08	1452489764	
3.101602e+06	3	2466232951	1.400000e-08	250719570	229435916	1.421160e-08	1850435983	1.421160e-08	
3.123651e+06	0	3004792470	2.247100e-06	4188445920	
3.150497e+06	1	2246051850	1.353365e-06	114837353	
3.153133e+06	3	1543523724	1.795729e-08	629078091	19131048	1.400000e-08	
3.161688e+06	0	19131048	1.400000e-08	3381587904	
3.162843e+06	3	66987975	1.507353e-08	2066612683	2426951832	1.400000e-08	
3.170944e+06	0	2555962951	3.425073e-07	1676003954	
3.196157e+06	3	4188445920	1.400000e-08	2466232951	3089865955	1.400000e-08	
3.203156e+06	0	1465560917	5.416821e-07	2326007700	
3.211291e+06	0	4256642775	1.451320e-08	3059103076	
3.228667e+06	1	3004792470	2.264263e-06	2780384598	
3.247578e+06	1	3004792470	2.278263e-06	1553963666	
3.250064e+06	1	3004792470	2.292824e-06	4287239676	
3.257816e+06	1	373638573	1.000000e+00	4198169764	
3.269902e+06	0	2246051850	1.353365e-06	1061526795	
3.292010e+06	3	873214132	1.400000e-08	1194638860	3526559023	1.741000e-08	73116178	1.741000e-08	
3.297290e+06	1	3921011129	1.467165e-06	1676003954	
3.314615e+06	1	3150846686	7.761753e-07	695939830	
3.317111e+06	3	2519559028	4.326500e-07	2555962951	2654473721	1.400000e-08	2564127097	1.428292e-08	3554620561	1.428292e-08	2789301560	1.428292e-08	3201932102	1.428292e-08	3527214469	1.428292e-08	224410298	1.428292e-08	3967778277	1.428292e-08	1759850032	1.428292e-08	2704180049	1.428292e-08	287394855	1.428292e-08	2670951229	1.428292e-08	2367820772	1.428292e-08	771359632	1.428292e-08	4186562710	1.428292e-08	3211480542	1.428292e-08	346987663	1.428292e-08	1922039940	1.428292e-08	2110688926	1.428292e-08	1314810707	1.428292e-08	2472898255	1.428292e-08	3459912306	1.428292e-08	1598213090	1.428292e-08	1495382923	1.428292e-08	
3.340334e+06	0	3083352544	1.630727e-08	651046398	
3.348664e+06	0	1543523724	1.795729e-08	19131048	
3.353977e+06	1	3921011129	1.481738e-06	781549661	
3.366553e+06	3	3071234124	1.400000e-08	3736523900	722767024	1.543491e-08	515125813	1.543491e-08	
3.383501e+06	1	2246051850	1.367365e-06	873214132	
3.386995e+06	3	3004792470	2.711239e-06	2519559028	1298902656	1.423433e-08	
3.393323e+06	3	2449448537	1.451320e-08	3089865955	3532628785	1.400000e-08	
3.396138e+06	0	2246051850	1.367365e-06	651046398	
3.402623e+06	0	179097684	4.598869e-07	3314075649	
3.412990e+06	3	179097684	5.667872e-07	879162223	826924968	1.927153e-08	3190311976	1.927153e-08	
3.413706e+06	3	1128709694	2.849906e-08	3099973400	841878026	1.900153e-08	
3.419900e+06	1	179097684	5.860588e-07	826924968	
3.422737e+06	1	3004792470	2.729104e-06	1837088337	
3.427340e+06	1	179097684	6.053303e-07	3190311976	
3.440751e+06	1	3921011129	1.499696e-06	1543523724	
3.441989e+06	0	754560055	1.424864e-08	1896745001	
3.446417e+06	3	481808867	1.472480e-08	3468130899	2747938267	1.400000e-08	
3.461377e+06	0	3491092596	1.458727e-08	224410298	
3.486656e+06	1	3004792470	2.743387e-06	1598213090	
3.489405e+06	1	373638573	1.000000e+00	3202152185	
3.493966e+06	0	3083352544	1.630727e-08	2426951832	
3.515738e+06	1	3004792470	2.757387e-06	2426951832	
3.517358e+06	3	2348040613	1.426476e-08	3532628785	3177521820	1.400000e-08	
3.522282e+06	1	2246051850	1.381648e-06	1922039940	
3.522584e+06	0	2246051850	1.381648e-06	2747938267	
3.540602e+06	3	651046398	1.489059e-08	3381587904	3363025910	1.400000e-08	
3.547476e+06	0	515125813	1.543491e-08	3707800333	
3.556143e+06	0	2348040613	1.426476e-08	3177521820	
3.557382e+06	3	2246051850	1.381648e-06	3150846686	1290268226	1.400000e-08	764400056	1.411436e-08	1517815290	1.411436e-08	66064165	1.411436e-08	2766526296	1.411436e-08	2454553876	1.411436e-08	1923515514	1.411436e-08	3339828518	1.411436e-08	105819081	1.411436e-08	533433650	1.411436e-08	1601889739	1.411436e-08	381652938	1.411436e-08	96665495	1.411436e-08	1342185090	1.411436e-08	149784911	1.411436e-08	85224627	1.411436e-08	1965662198	1.411436e-08	110439229	1.411436e-08	1449522982	1.411436e-08	3279439195	1.411436e-08	360107933	1.411436e-08	1657444763	1.411436e-08	58759274	1.411436e-08	2135013218	1.411436e-08	470332523	1.411436e-08	3217169414	1.411436e-08	3030801476	1.411436e-08	2208266878	1.411436e-08	3715668764	1.411436e-08	3418547556	1.411436e-08	355298688	1.411436e-08	4193709834	1.411436e-08	584993009	1.411436e-08	1499007652	1.411436e-08	755060644	1.411436e-08	3270476896	1.411436e-08	3934203265	1.411436e-08	1292024166	1.411436e-08	1323984060	1.411436e-08	4197927596	1.411436e-08	1414892502	1.411436e-08	4201342597	1.411436e-08	2391696826	1.411436e-08	4138371369	1.411436e-08	3590332688	1.411436e-08	1745749016	1.411436e-08	2711965517	1.411436e-08	2933223072	1.411436e-08	1987038079	1.411436e-08	3797386594	1.411436e-08	1280619132	1.411436e-08	4105879141	1.411436e-08	3088551619	1.411436e-08	3443287411	1.411436e-08	3981989558	1.411436e-08	
3.557410e+06	1	2246051850	1.395648e-06	1290268226	
3.558535e+06	1	2246051850	1.409763e-06	1280619132	
3.558715e+06	0	1323984060	1.411436e-08	470332523	
3.559388e+06	1	2246051850	1.423877e-06	4201342597	
3.561373e+06	1	2246051850	1.437991e-06	110439229	
3.561449e+06	0	1449522982	1.411436e-08	381652938	
3.561654e+06	1	2246051850	1.452106e-06	4193709834	
3.562820e+06	0	2246051850	1.452106e-06	533433650	
3.564965e+06	1	2246051850	1.466220e-06	3590332688	
3.567639e+06	1	2246051850	1.480334e-06	381652938	
3.568044e+06	1	373638573	1.000000e+00	1674415855	
3.569720e+06	1	2246051850	1.494449e-06	1923515514	
3.570276e+06	0	3981989558	1.411436e-08	3088551619	
3.570449e+06	1	2246051850	1.508563e-06	3030801476	
3.571025e+06	1	755060644	2.822871e-08	584993009	
3.571192e+06	1	2246051850	1.522677e-06	1449522982	
3.571681e+06	0	3934203265	1.411436e-08	2454553876	
3.571879e+06	1	2246051850	1.536792e-06	2711965517	
3.574268e+06	1	2246051850	1.550906e-06	4197927596	
3.575256e+06	1	2246051850	1.565021e-06	360107933	
3.578884e+06	1	2246051850	1.579135e-06	96665495	
3.581517e+06	1	3921011129	1.517106e-06	3526559023	
3.583882e+06	1	2246051850	1.593249e-06	1414892502	
3.585193e+06	0	2999719241	1.510047e-08	355298688	
3.586317e+06	1	2246051850	1.607364e-06	66064165	
3.587355e+06	1	2246051850	1.621478e-06	764400056	
3.588845e+06	1	2246051850	1.635592e-06	3418547556	
3.588971e+06	1	373638573	1.000001e+00	3592986772	
3.599018e+06	1	2246051850	1.649707e-06	3443287411	
3.599670e+06	3	2733144751	1.528890e-08	2933223072	1165174376	1.400000e-08	
3.600489e+06	1	58759274	2.822871e-08	1601889739	
3.607046e+06	1	2246051850	1.672950e-06	110358663	
3.607711e+06	1	3270476896	2.822871e-08	355298688	
3.609072e+06	1	2246051850	1.687064e-06	1342185090	
3.609720e+06	1	3921011129	1.531220e-06	3934203265	
3.610585e+06	0	3217169414	1.411436e-08	1165174376	
3.615989e+06	0	3459912306	1.428292e-08	224410298	
3.619335e+06	0	3270476896	2.822871e-08	3279439195	
3.620662e+06	0	1465560917	5.416821e-07	2654473721	
3.625956e+06	1	179097684	6.198435e-07	3314075649	
3.630247e+06	0	66987975	1.507353e-08	3177521820	
3.635101e+06	0	229435916	1.421160e-08	105819081	
3.638582e+06	0	3921011129	1.531220e-06	105819081	
3.646899e+06	1	2246051850	1.701179e-06	4138371369	
3.647741e+06	1	2246051850	1.715293e-06	149784911	
3.649212e+06	3	2348040613	1.437912e-08	3981989558	3467386575	1.400000e-08	
3.652337e+06	3	179097684	6.198435e-07	3458484829	4263904522	1.400000e-08	4267941538	1.502640e-08	
3.653959e+06	1	179097684	6.348699e-07	4267941538	
3.662008e+06	1	2246051850	1.743522e-06	58759274	
3.663331e+06	1	179097684	6.488699e-07	4263904522	
3.669422e+06	3	1128709694	1.400000e-08	3554620561	3372193553	1.439099e-08	3681452412	1.439099e-08	
3.673264e+06	3	515125813	1.543491e-08	3467386575	2604064924	1.400000e-08	
3.674586e+06	1	2246051850	1.757636e-06	1745749016	
3.677374e+06	1	2246051850	1.771750e-06	2766526296	
3.678238e+06	1	373638573	1.000001e+00	2564127097	
3.693412e+06	1	2246051850	1.785865e-06	1987038079	
3.694919e+06	1	2246051850	1.800244e-06	2348040613	
3.702287e+06	0	2246051850	1.800244e-06	1517815290	
3.704597e+06	1	2246051850	1.814244e-06	2747938267	
3.715332e+06	0	1434498202	2.791000e-08	2733144751	
3.720847e+06	0	2246051850	1.814244e-06	1965662198	
3.722861e+06	0	2246051850	1.814244e-06	1323984060	
3.732914e+06	1	2246051850	1.828358e-06	4105879141	
3.743202e+06	0	3004792470	2.757387e-06	1657444763	
3.744169e+06	3	105819081	1.411436e-08	3177521820	3458662533	1.400000e-08	
3.754774e+06	0	3967778277	1.428292e-08	3527214469	
3.775853e+06	1	3004792470	2.785616e-06	755060644	
3.775993e+06	0	838860310	2.791000e-08	734120091	
3.780616e+06	3	3270476896	1.400000e-08	2604064924	762210064	1.411436e-08	570164134	1.411436e-08	
3.802364e+06	1	3921011129	1.546655e-06	722767024	
3.813382e+06	3	579073438	1.426476e-08	3270476896	2418772576	1.400000e-08	
3.813869e+06	1	373638573	1.000001e+00	2733144751	
3.822016e+06	1	2246051850	1.842472e-06	2135013218	
3.823172e+06	0	3433591204	1.451320e-08	3302973195	
3.824739e+06	3	73116178	1.797033e-08	1503202005	2105330617	1.400000e-08	
3.833600e+06	0	3715668764	1.411436e-08	3363025910	
3.837877e+06	0	1237914369	1.400000e-08	4088625113	
3.842800e+06	3	1804212609	1.859798e-08	2472898255	964813250	1.400000e-08	
3.844065e+06	0	1434498202	2.791000e-08	1452489764	
3.844065e+06	1	373638573	1.000001e+00	1452489764	
3.845554e+06	3	3294683754	1.569306e-08	2024675612	2039170765	1.400000e-08	
3.865092e+06	3	3715668764	1.422871e-08	1517815290	4278040469	1.400000e-08	
3.871010e+06	0	2246051850	1.842472e-06	1850435983	
3.874776e+06	0	2789301560	1.428292e-08	3339828518	
3.876431e+06	1	2246051850	1.856587e-06	1657444763	
3.877223e+06	0	2110688926	1.428292e-08	1237914369	
3.881846e+06	3	515125813	1.543491e-08	1896745001	241690685	1.400000e-08	
3.885994e+06	1	3921011129	1.560769e-06	3279439195	
3.889795e+06	1	3004792470	2.800716e-06	2999719241	
3.896514e+06	3	2870158420	2.591092e-08	4260098875	1703904600	1.703165e-08	
3.911554e+06	0	66987975	1.507353e-08	4285226245	
3.914855e+06	0	2246051850	1.856587e-06	2039170765	
3.915040e+06	1	2246051850	1.870870e-06	287394855	
3.918248e+06	3	66987975	1.518789e-08	533433650	3814978291	1.400000e-08	
3.931179e+06	1	2246051850	1.884870e-06	4278040469	
3.932121e+06	3	3088551619	1.422871e-08	85224627	118566979	1.400000e-08	
3.939904e+06	1	3004792470	2.815230e-06	1292023300	
3.953556e+06	1	3083352544	3.200032e-08	3294683754	
3.966000e+06	1	3921011129	1.574769e-06	241690685	
3.969381e+06	3	2105330617	1.400000e-08	3071234124	894269343	1.400000e-08	
3.973722e+06	0	2246051850	1.884870e-06	1165174376	
3.976071e+06	1	3004792470	2.829230e-06	1462644303	
3.988163e+06	3	3004792470	2.829230e-06	1465560917	932943525	1.400000e-08	250347941	1.426168e-08	2292589682	1.426168e-08	3971437066	1.426168e-08	2810179169	1.426168e-08	1803012522	1.426168e-08	3940915008	1.426168e-08	3593659676	1.426168e-08	2744143284	1.426168e-08	2002691604	1.426168e-08	3223248356	1.426168e-08	101557930	1.426168e-08	678688578	1.426168e-08	2222966094	1.426168e-08	1301910447	1.426168e-08	2919535035	1.426168e-08	2855048822	1.426168e-08	682911345	1.426168e-08	238807518	1.426168e-08	1840937626	1.426168e-08	1734007597	1.426168e-08	4088691616	1.426168e-08	2087527840	1.426168e-08	2065940037	1.426168e-08	2751602400	1.426168e-08	552380491	1.426168e-08	253656606	1.426168e-08	1254429415	1.426168e-08	481400394	1.426168e-08	2584856907	1.426168e-08	3284371529	1.426168e-08	871205577	1.426168e-08	2655011401	1.426168e-08	4156410056	1.426168e-08	249938527	1.426168e-08	843598278	1.426168e-08	2197427154	1.426168e-08	3690557900	1.426168e-08	
3.988345e+06	1	3004792470	2.843230e-06	932943525	
3.989930e+06	0	2087527840	1.426168e-08	678688578	
3.993863e+06	1	3921011129	1.589282e-06	4285226245	
3.996338e+06	1	3004792470	2.857491e-06	3593659676	
3.996521e+06	0	3004792470	2.857491e-06	1804212609	
3.997159e+06	0	3217169414	1.411436e-08	3814978291	
3.999207e+06	0	3004792470	2.857491e-06	4156410056	
4.002504e+06	3	2208266878	1.422871e-08	3339828518	3824375258	1.400000e-08	
4.003376e+06	1	2246051850	1.899760e-06	651046398	
4.006183e+06	1	3921011129	1.603870e-06	3491092596	
4.008853e+06	1	3004792470	2.872004e-06	2589646060	
4.019751e+06	0	1703904600	1.703165e-08	682911345	
4.024581e+06	1	3004792470	2.886266e-06	2222966094	
4.028346e+06	0	481808867	1.472480e-08	1292024166	
4.031447e+06	0	3004792470	2.886266e-06	2622395779	
4.035281e+06	1	2246051850	1.931761e-06	3083352544	
4.038556e+06	1	2246051850	1.945875e-06	1965662198	
4.039301e+06	1	3004792470	2.900528e-06	2810179169	
4.047314e+06	1	2246051850	1.961063e-06	66987975	
4.053133e+06	1	2655011401	2.852336e-08	3940915008	
4.056303e+06	0	1323984060	1.411436e-08	3217169414	
4.059198e+06	0	3004792470	2.900528e-06	1803012522	
4.063124e+06	1	3004792470	2.914789e-06	1840937626	
4.068370e+06	1	3921011129	1.618081e-06	1850435983	
4.075177e+06	1	3004792470	2.929051e-06	1734007597	
4.086418e+06	0	4156410056	1.426168e-08	2065940037	
4.088625e+06	1	3004792470	2.957575e-06	2655011401	
4.089673e+06	0	463844675	1.451320e-08	2039170765	
4.090520e+06	0	3004792470	2.957575e-06	678688578	
4.093232e+06	0	3004792470	2.957575e-06	678688578	
4.116719e+06	0	3004792470	2.957575e-06	2328232000	
4.120907e+06	1	3004792470	2.971836e-06	3971437066	
4.122215e+06	0	73116178	1.797033e-08	3363025910	
4.125796e+06	1	2246051850	1.975063e-06	118566979	
4.126955e+06	0	3088551619	1.422871e-08	570164134	
4.130543e+06	1	3921011129	1.632081e-06	3458662533	
4.130636e+06	1	3004792470	2.986098e-06	481400394	
4.137504e+06	1	2246051850	1.989177e-06	762210064	
4.162300e+06	1	1481166135	4.796563e-08	3342541004	
4.208433e+06	1	3921011129	1.646196e-06	570164134	
4.216656e+06	0	2449448537	1.451320e-08	871205577	
4.217564e+06	1	3921011129	1.661631e-06	515125813	
4.218143e+06	1	3921011129	1.675631e-06	2105330617	
4.233732e+06	0	3814978291	1.400000e-08	3382444416	
4.247832e+06	1	3004792470	3.000360e-06	4088691616	
4.247864e+06	3	3814978291	1.400000e-08	37613351	769315986	1.400000e-08	
4.249711e+06	3	1736323711	1.783468e-08	1237914369	1856937876	1.400000e-08	
4.250037e+06	1	3004792470	3.014621e-06	2855048822	
4.259227e+06	0	2704180049	1.428292e-08	964813250	
4.280282e+06	0	2246051850	1.989177e-06	1292024166	
4.283709e+06	0	2246051850	1.989177e-06	3382444416	
4.285079e+06	3	2670951229	1.439728e-08	1499007652	354497373	1.400000e-08	
4.290218e+06	0	579073438	1.426476e-08	3824375258	
4.292280e+06	1	2246051850	2.003292e-06	1292024166	
4.301769e+06	1	3004792470	3.028883e-06	2087527840	
4.308655e+06	1	3004792470	3.042883e-06	3814978291	
4.314095e+06	0	3284371529	1.426168e-08	964813250	
4.325361e+06	0	1061526795	2.005563e-08	1055469694	
4.338119e+06	1	3004792470	3.056883e-06	1089013536	
4.354917e+06	1	179097684	6.628699e-07	2039170765	
4.355848e+06	0	4156410056	1.426168e-08	2919535035	
4.357048e+06	0	843598278	1.426168e-08	238807518	
4.364020e+06	3	682911345	1.437603e-08	470332523	1230311851	1.400000e-08	
4.385573e+06	0	2002691604	1.426168e-08	2391696826	
4.396691e+06	0	1804212609	1.859798e-08	550176535	
4.397994e+06	1	2246051850	2.017553e-06	2002691604	
4.405067e+06	3	3372193553	1.465267e-08	2584856907	3825172902	1.400000e-08	
4.405541e+06	1	1254429415	2.826168e-08	964813250	
4.422558e+06	0	3004792470	3.056883e-06	3223248356	
4.434493e+06	0	3921011129	1.675631e-06	1323984060	
4.459610e+06	1	3004792470	3.071148e-06	3167902617	
4.463594e+06	1	2246051850	2.031836e-06	224410298	
4.470010e+06	1	2246051850	2.046065e-06	3715668764	
4.473578e+06	0	2246051850	2.046065e-06	3824375258	
4.480762e+06	0	3921011129	1.675631e-06	105819081	
4.487403e+06	0	1061526795	2.005563e-08	771359632	
4.489803e+06	1	373638573	1.000001e+00	771359632	
4.496175e+06	0	3921011129	1.675631e-06	3217169414	
4.496965e+06	1	373638573	1.000001e+00	1434498202	
4.529225e+06	1	2246051850	2.066121e-06	1061526795	
4.540150e+06	0	1230311851	1.400000e-08	552498239	
4.559913e+06	0	1230311851	1.400000e-08	2980075456	
4.569398e+06	1	3004792470	3.085409e-06	249938527	
4.577400e+06	1	2246051850	2.080681e-06	550176535	
4.592450e+06	1	373638573	1.000001e+00	283080478	
4.599913e+06	0	3921011129	1.675631e-06	3382444416	
4.604949e+06	0	2789301560	1.428292e-08	3284371529	
4.618887e+06	1	3004792470	3.100134e-06	481808867	
4.632707e+06	1	3004792470	3.114417e-06	3201932102	
4.639648e+06	0	179097684	6.628699e-07	3382444416	
4.639721e+06	1	2246051850	2.108943e-06	1254429415	
4.654013e+06	3	1768543625	1.400000e-08	250347941	110318614	1.408584e-08	176241382	1.408584e-08	
4.660021e+06	3	463844675	1.451320e-08	1128709694	1063934737	1.400000e-08	
4.665186e+06	0	3921011129	1.675631e-06	1323984060	
4.675680e+06	1	3004792470	3.128417e-06	1768543625	
4.691186e+06	1	3004792470	3.142679e-06	253656606	
4.715814e+06	0	3607413901	1.456033e-08	1826422368	
4.724243e+06	1	2246051850	2.123171e-06	2208266878	
4.733390e+06	0	3527214469	1.428292e-08	79461789	
4.735686e+06	3	463844675	1.477488e-08	4156410056	2445084109	1.400000e-08	
4.749376e+06	1	2246051850	2.137286e-06	3797386594	
4.750806e+06	1	179097684	6.768699e-07	3382444416	
4.755041e+06	0	3655816389	1.435702e-08	2980075456	
4.761598e+06	1	2246051850	2.151286e-06	2418772576	
4.781918e+06	1	3004792470	3.156679e-06	19131048	
4.795668e+06	1	3921011129	1.689631e-06	2980075456	
4.806933e+06	3	2870158420	2.591092e-08	3824375258	1871304206	1.400000e-08	
4.817000e+06	1	3921011129	1.707601e-06	73116178	
4.839532e+06	0	2353028958	1.426476e-08	579073438	
4.840950e+06	1	2246051850	2.165286e-06	894269343	
4.849109e+06	0	766581564	1.461952e-08	3211480542	
4.882354e+06	0	678688578	1.426168e-08	1803012522	
4.883418e+06	1	2246051850	2.179550e-06	579073438	
4.891112e+06	1	3004792470	3.170679e-06	3363025910	
4.932784e+06	0	3534547045	8.258705e-07	1323984060	
4.960942e+06	1	2246051850	2.193550e-06	175860597	
4.991483e+06	1	373638573	1.000001e+00	3563522875	
5.019909e+06	1	3921011129	1.721958e-06	3655816389	
5.021636e+06	0	3653734512	2.091000e-08	734120091	
5.080311e+06	0	179097684	6.768699e-07	4188445920	
5.090076e+06	1	179097684	6.908699e-07	4188445920	
5.095530e+06	3	2013640095	2.013729e-08	734120091	4185666246	1.400000e-08	
5.112137e+06	3	2353028958	1.452644e-08	2919535035	1905833305	1.400000e-08	
5.137049e+06	0	238807518	1.426168e-08	3223248356	
5.163368e+06	0	3534547045	8.258705e-07	1736323711	
5.178494e+06	1	2246051850	2.208325e-06	463844675	
5.224137e+06	1	2246051850	2.222440e-06	3217169414	
5.249876e+06	1	3004792470	3.184940e-06	3690557900	
5.250928e+06	1	3534547045	8.404308e-07	3707800333	
5.264873e+06	1	2246051850	2.236701e-06	3223248356	
5.402782e+06	0	1481166135	4.796563e-08	110318614	
5.457603e+06	1	2246051850	2.250984e-06	3527214469	
5.460331e+06	1	3921011129	1.736072e-06	1323984060	
5.494670e+06	3	3211480542	1.428292e-08	481049431	3879652638	1.400000e-08	
5.494958e+06	0	1055469694	1.760930e-08	3088551619	
5.532957e+06	1	2246051850	2.264984e-06	1063934737	
5.540673e+06	0	2246051850	2.264984e-06	1165174376	
5.627692e+06	1	3004792470	3.199169e-06	3088551619	
5.635452e+06	1	3534547045	8.544308e-07	1856937876	
5.638494e+06	0	2870158420	2.591092e-08	1314810707	
5.701317e+06	0	2751602400	1.426168e-08	2454553876	
5.720193e+06	1	3004792470	3.217767e-06	1804212609	
5.766794e+06	0	2246051850	2.264984e-06	4185666246	
5.795753e+06	3	1495382923	1.428292e-08	1871304206	1924091726	1.400000e-08	
5.818284e+06	0	1736323711	1.783468e-08	1055469694	
5.844050e+06	3	769315986	1.400000e-08	1960974751	1629863604	1.400000e-08	
5.879327e+06	0	2789301560	1.428292e-08	1230311851	
5.895873e+06	0	4263717482	2.194877e-08	229435916	
5.928103e+06	1	1068020906	9.545801e-04	2914302410	
5.935233e+06	1	2246051850	2.279099e-06	105819081	
5.957526e+06	1	373638573	1.000001e+00	2950407739	
6.038636e+06	1	373638573	1.000001e+00	1826422368	
6.044032e+06	3	1736323711	1.783468e-08	1165174376	698682927	1.400000e-08	
6.057857e+06	3	1055469694	1.787097e-08	871205577	855708858	1.400000e-08	
6.087692e+06	1	3004792470	3.231767e-06	769315986	
6.092920e+06	0	3921011129	1.736072e-06	698682927	
6.106836e+06	0	3534547045	8.544308e-07	698682927	
6.106875e+06	0	3534547045	8.544308e-07	698682927	
6.128547e+06	0	2353028958	1.452644e-08	1629863604	
6.142845e+06	1	2246051850	2.327064e-06	1481166135	
6.154215e+06	3	659524895	2.202135e-08	1924091726	3076001680	1.400000e-08	
6.163565e+06	1	3921011129	1.758094e-06	659524895	
6.189182e+06	1	3004792470	3.246050e-06	1314810707	
6.196022e+06	1	3004792470	3.260610e-06	483021244	
6.255888e+06	0	1055469694	1.787097e-08	1736323711	
6.256526e+06	0	3921011129	1.758094e-06	2751602400	
6.318041e+06	1	3004792470	3.274872e-06	2744143284	
6.354821e+06	1	2246051850	2.341326e-06	2292589682	
6.357378e+06	1	2246051850	2.355588e-06	1803012522	
6.364272e+06	3	179097684	6.903272e-07	698682927	1493833725	1.454271e-08	
6.364346e+06	1	179097684	7.048699e-07	1493833725	
6.404611e+06	0	3004792470	3.274872e-06	2353028958	
6.408766e+06	1	373638573	1.000001e+00	1301910447	
6.454674e+06	0	2246051850	2.355588e-06	1055469694	
6.458553e+06	1	2246051850	2.369588e-06	2445084109	
6.473919e+06	0	2246051850	2.369588e-06	2454553876	
6.500858e+06	0	3534547045	8.544308e-07	1230311851	
6.507084e+06	1	3004792470	3.288986e-06	2391696826	
6.542522e+06	3	4263717482	2.194877e-08	3825172902	1450024594	1.400000e-08	
6.588259e+06	1	3004792470	3.303248e-06	552380491	
6.602288e+06	0	3824069879	2.791000e-08	3833318790	
6.658866e+06	3	682911345	1.437603e-08	3076001680	1797275806	1.400000e-08	
6.693786e+06	0	3372193553	1.465267e-08	4088625113	
6.694328e+06	1	2246051850	2.383964e-06	682911345	
6.767374e+06	1	2246051850	2.397964e-06	855708858	
6.787690e+06	0	3004792470	3.303248e-06	1905833305	
6.868593e+06	1	2246051850	2.412049e-06	176241382	
6.872771e+06	1	2246051850	2.426049e-06	354497373	
6.904936e+06	0	1055469694	1.787097e-08	2961226102	
6.936497e+06	0	3004792470	3.303248e-06	2674988631	
7.015670e+06	0	2246051850	2.426049e-06	3879652638	
7.020060e+06	3	1495382923	1.439728e-08	2454553876	3378187523	1.400000e-08	
7.028273e+06	3	2197427154	1.452336e-08	238807518	564959126	1.400000e-08	
7.042779e+06	3	2449448537	1.459904e-08	110318614	3356410364	1.400000e-08	
7.055809e+06	1	2246051850	2.440573e-06	2197427154	
7.061979e+06	1	3921011129	1.772094e-06	1230311851	
7.103518e+06	1	3004792470	3.317645e-06	1495382923	
7.207738e+06	0	2246051850	2.440573e-06	2065940037	
7.326924e+06	1	3921011129	1.786491e-06	2670951229	
7.336220e+06	0	3921011129	1.786491e-06	2751602400	
7.343938e+06	3	4186562710	1.454460e-08	678688578	2620273024	1.400000e-08	
7.360666e+06	0	3059103076	1.435702e-08	1629863604	
7.507212e+06	1	2246051850	2.454573e-06	1797275806	
7.539187e+06	1	3921011129	1.800753e-06	2751602400	
7.773914e+06	1	3921011129	1.821663e-06	3653734512	
7.787575e+06	1	3004792470	3.345555e-06	838860310	
7.899537e+06	1	2246051850	2.469160e-06	2875471576	
8.033148e+06	1	2246051850	2.483160e-06	564959126	
8.037813e+06	1	3004792470	3.363426e-06	1055469694	
8.064160e+06	1	3534547045	8.714625e-07	1703904600	
8.124902e+06	1	3004792470	3.391336e-06	333964007	
8.202881e+06	0	3921011129	1.821663e-06	4263717482	
8.377489e+06	1	3921011129	1.836207e-06	4186562710	
8.387264e+06	0	2246051850	2.483160e-06	3372193553	
8.392062e+06	1	3921011129	1.850827e-06	2961226102	
8.416532e+06	1	2246051850	2.497160e-06	1035492323	
8.456945e+06	0	598947138	2.791000e-08	1736323711	
8.460099e+06	3	2870158420	2.591092e-08	1577969976	4177016268	1.400000e-08	
8.476247e+06	1	2246051850	2.511443e-06	3211480542	
8.516395e+06	1	3004792470	3.419246e-06	598947138	
8.698195e+06	0	2246051850	2.511443e-06	3356410364	
8.742050e+06	1	3534547045	8.854625e-07	1450024594	
8.787814e+06	1	3004792470	3.433246e-06	4177016268	
8.852977e+06	1	373638573	1.000001e+00	2328232000	
8.857655e+06	1	3004792470	3.447246e-06	2620273024	
8.866874e+06	1	3534547045	9.032971e-07	1736323711	
8.922917e+06	1	2246051850	2.525705e-06	843598278	
9.151270e+06	1	3921011129	1.865088e-06	101557930	
9.160307e+06	1	373638573	1.000001e+00	3879652638	
9.317710e+06	1	3921011129	1.892998e-06	3833318790	
9.531162e+06	1	373638573	1.000001e+00	1759850032	
9.533851e+06	1	2246051850	2.539705e-06	3356410364	
9.581167e+06	1	3004792470	3.473157e-06	2870158420	
9.648513e+06	1	1068020906	9.546010e-04	3006103420	
9.882994e+06	1	3004792470	3.487369e-06	229435916	
9.985287e+06	1	2246051850	2.561653e-06	4263717482	
