2.544488e+01	1	3534547045	3.070100e-07	1731090175	
3.124188e+01	1	3555679070	5.582000e-08	2870037616	
7.314071e+01	1	2246051850	3.070100e-07	211811971	
7.603920e+01	1	2340740170	3.070100e-07	941534069	
1.045565e+02	1	3919821980	5.582000e-08	632754209	
2.060187e+02	1	333964007	5.582000e-08	2466232951	
2.438904e+02	1	3921011129	3.070100e-07	3061883439	
2.625091e+02	1	3919821980	8.373000e-08	2455496064	
3.440091e+02	1	3497999925	5.582000e-08	3774459889	
3.562728e+02	1	561528368	5.582000e-08	3498415124	
3.957593e+02	0	870323177	2.791000e-08	1379399837	
4.245979e+02	1	3534547045	3.349200e-07	925199572	
4.557446e+02	1	2235064901	3.070100e-07	1379399837	
4.778358e+02	1	1075699702	3.070100e-07	511603307	
6.353479e+02	1	3150846686	3.070100e-07	3326748277	
9.287575e+02	1	2235064901	3.349200e-07	4231632140	
1.307470e+03	1	3004792470	3.070100e-07	1878784256	
1.393380e+03	1	810769555	5.582000e-08	1986278615	
1.527505e+03	1	810769555	8.373000e-08	741863299	
1.638161e+03	1	2235064901	3.628300e-07	3116505811	
1.665733e+03	1	3150846686	3.349200e-07	287801793	
1.666553e+03	1	1075699702	3.349200e-07	790319072	
1.800495e+03	0	1593891639	2.791000e-08	2542835646	
1.862693e+03	0	2178051842	2.791000e-08	3621383820	
2.016630e+03	0	1735432893	2.791000e-08	1661091397	
2.041176e+03	1	3004792470	3.349200e-07	290926289	
2.082005e+03	1	1222799196	3.070100e-07	3775452048	
2.140652e+03	1	2340740170	3.349200e-07	2409063466	
2.196185e+03	1	1572835533	3.070100e-07	242414939	
2.547908e+03	0	245436729	2.791000e-08	2779686750	
2.605770e+03	1	2235064901	3.907400e-07	870323177	
2.681068e+03	1	545239233	3.070100e-07	3114612365	
2.685360e+03	1	1572835533	3.349200e-07	197654791	
2.803410e+03	1	326805806	5.582000e-08	3736894086	
3.002157e+03	1	3838279446	5.582000e-08	911013108	
3.117573e+03	1	1735432893	5.582000e-08	3126241903	
3.168994e+03	1	426576124	3.070100e-07	1866926464	
3.355795e+03	0	3621383820	2.791000e-08	778035964	
3.546317e+03	1	1425083048	5.582000e-08	3232700421	
3.608919e+03	0	2937387076	2.791000e-08	384163328	
3.618782e+03	1	4259593397	3.070100e-07	1458432161	
3.881356e+03	1	4259593397	3.349200e-07	3129006749	
3.982999e+03	0	1631081845	2.791000e-08	1134175585	
4.245638e+03	1	3150846686	3.628300e-07	3616865126	
4.335462e+03	1	3150846686	3.907400e-07	725558489	
4.456005e+03	1	2340740170	3.628300e-07	2932274237	
4.567814e+03	1	2340740170	3.907400e-07	1321648343	
4.751661e+03	1	1572835533	3.628300e-07	3241671100	
4.753108e+03	0	3800234335	2.791000e-08	1661091397	
4.754663e+03	1	2718413753	5.582000e-08	953296898	
4.783308e+03	1	3421887303	5.582000e-08	387772665	
4.869274e+03	1	3921011129	3.628300e-07	3421887303	
4.900472e+03	0	2340740170	3.907400e-07	482917538	
4.921653e+03	1	810769555	1.116400e-07	102901530	
5.050245e+03	1	2235064901	4.186500e-07	1494141940	
5.826850e+03	1	476505668	3.070100e-07	3709881891	
5.953720e+03	0	2340740170	3.907400e-07	482917538	
6.464705e+03	1	545239233	3.349200e-07	3121047530	
7.202034e+03	0	4188445920	2.791000e-08	1347872676	
7.358483e+03	1	1222799196	3.349200e-07	873214132	
7.445816e+03	0	3919821980	8.373000e-08	3938221642	
7.815520e+03	1	2246051850	3.349200e-07	2937387076	
7.885975e+03	1	2984600922	3.070100e-07	4061687915	
7.887459e+03	0	3555679070	5.582000e-08	717226258	
8.189510e+03	0	3150420704	2.791000e-08	3084497907	
8.420756e+03	1	545239233	3.628300e-07	3707189490	
8.671786e+03	1	2246051850	3.628300e-07	770580294	
8.836989e+03	1	2340740170	4.186500e-07	314650893	
9.019308e+03	0	1075699702	3.349200e-07	2263814062	
9.033385e+03	0	2440120768	2.791000e-08	4046076794	
9.407156e+03	1	3004792470	3.628300e-07	1963165541	
9.556586e+03	0	2799798816	2.791000e-07	4046076794	
9.614632e+03	0	40245973	2.791000e-08	636961411	
9.789901e+03	1	2984600922	3.349200e-07	838860310	
1.051359e+04	1	3921011129	3.907400e-07	3908154577	
1.058862e+04	0	3921011129	3.907400e-07	1738899943	
1.187877e+04	1	3497999925	8.373000e-08	2480932170	
1.226107e+04	1	2246051850	3.907400e-07	1481166135	
1.228584e+04	1	3921011129	4.186500e-07	1631081845	
1.256439e+04	0	2178051842	2.791000e-08	778035964	
1.328351e+04	0	2178051842	2.791000e-08	3621383820	
1.329939e+04	0	2178051842	2.791000e-08	3257166052	
1.348790e+04	0	3534547045	3.349200e-07	1661091397	
1.379066e+04	0	3921011129	4.186500e-07	1738899943	
1.381180e+04	1	3534547045	3.628300e-07	1661091397	
1.435232e+04	1	2718413753	8.373000e-08	2693713428	
1.439012e+04	1	2235064901	4.465600e-07	2125112500	
1.457619e+04	0	2779686750	2.791000e-08	3084497907	
1.483312e+04	0	3150846686	3.907400e-07	2779686750	
1.515718e+04	0	3373526895	2.791000e-07	1134175585	
1.585828e+04	0	3382444416	2.791000e-08	3197676583	
1.605437e+04	1	2235064901	4.744700e-07	3621383820	
1.606374e+04	1	3921011129	4.465600e-07	331336395	
1.704319e+04	1	1075699702	3.628300e-07	1541946641	
1.713634e+04	0	1735432893	5.582000e-08	3800234335	
1.742644e+04	0	2235064901	4.744700e-07	2779686750	
1.745131e+04	0	333964007	5.582000e-08	1327969783	
1.807666e+04	1	2246051850	4.186500e-07	3732071459	
1.912907e+04	0	3919821980	8.373000e-08	3800234335	
1.931799e+04	1	1584276479	5.582000e-08	3841896594	
1.956060e+04	0	1134175585	2.791000e-08	3800234335	
1.963882e+04	1	3921011129	4.744700e-07	1738899943	
1.976218e+04	0	1222799196	3.349200e-07	405521437	
1.991735e+04	1	2519559028	3.349200e-07	3838279446	
1.994863e+04	1	1222799196	3.628300e-07	405521437	
2.177213e+04	1	3800257563	3.070100e-07	1128709694	
2.192209e+04	1	257754683	5.582000e-08	1493201942	
2.208899e+04	1	3737780296	3.070100e-07	3490627259	
2.232013e+04	1	3534547045	3.907400e-07	3938221642	
2.266978e+04	1	3534547045	4.186500e-07	582973675	
2.280301e+04	1	688805295	5.582000e-08	636961411	
2.304493e+04	0	3737780296	3.070100e-07	3279231079	
2.329141e+04	1	545239233	3.907400e-07	2308721517	
2.331093e+04	1	1068020906	9.543279e-04	3919026803	
2.424293e+04	3	2340740170	4.186500e-07	688805295	3687573659	1.400000e-08	3196256300	2.091000e-08	848448836	2.091000e-08	
2.429168e+04	0	848448836	2.091000e-08	3687573659	
2.469229e+04	1	3737780296	3.349200e-07	2298477853	
2.483000e+04	1	2235064901	5.023800e-07	2835620284	
2.586418e+04	0	2340740170	4.186500e-07	3196256300	
2.663896e+04	0	2340740170	4.186500e-07	1516068388	
2.692851e+04	1	2235064901	5.302900e-07	3084497907	
2.694251e+04	0	3373526895	2.791000e-07	3800234335	
2.751145e+04	0	384163328	2.791000e-08	6723929	
2.759126e+04	1	1572835533	4.465600e-07	2718413753	
2.799326e+04	0	6723929	2.791000e-08	1516068388	
2.821560e+04	0	2340740170	4.186500e-07	3196256300	
2.936056e+04	0	3921011129	4.744700e-07	2178051842	
2.938974e+04	0	2340740170	4.186500e-07	3687573659	
2.939758e+04	1	545239233	4.186500e-07	2737363250	
2.977519e+04	0	561528368	5.582000e-08	3071234124	
2.995377e+04	0	257754683	5.582000e-08	3150420704	
3.046753e+04	1	1572835533	5.023800e-07	3555679070	
3.151572e+04	0	3534547045	4.186500e-07	3800234335	
3.177285e+04	1	4031050948	3.070100e-07	3462747	
3.286636e+04	0	3953846011	2.791000e-08	2263814062	
3.482484e+04	0	3919821980	8.373000e-08	1134175585	
3.666726e+04	1	2235064901	5.582000e-07	3257166052	
3.728087e+04	1	2528553283	5.582000e-08	3424908067	
3.765937e+04	1	2246051850	4.465600e-07	717226258	
3.888685e+04	1	905418128	4.882000e-08	3196256300	
3.924203e+04	1	3373526895	3.070100e-07	1134175585	
4.025910e+04	1	1507417240	5.582000e-08	3384709749	
4.324723e+04	1	3534547045	4.465600e-07	3800234335	
4.335207e+04	0	739080713	2.791000e-08	2919643181	
4.372892e+04	1	3534547045	5.023800e-07	1735432893	
4.592093e+04	0	1236021306	2.791000e-08	43001897	
4.593100e+04	0	754869367	2.791000e-08	1415695418	
4.720161e+04	3	2984600922	3.349200e-07	326805806	2211003714	1.400000e-08	2916276788	2.091000e-08	3696193412	2.091000e-08	
4.881032e+04	1	3534547045	5.861100e-07	3919821980	
5.017683e+04	0	4259593397	3.349200e-07	598947138	
5.208717e+04	1	949068759	5.582000e-08	1502094437	
5.273786e+04	1	2984600922	3.628300e-07	732124878	
5.283473e+04	0	3534547045	5.861100e-07	780264402	
5.338650e+04	0	3737780296	3.349200e-07	2440120768	
5.473563e+04	1	3373526895	3.349200e-07	780264402	
5.513348e+04	0	1444500749	2.791000e-08	40245973	
5.553345e+04	0	1037584679	2.791000e-08	2542835646	
5.666277e+04	1	2178051842	5.582000e-08	486050091	
5.727839e+04	0	3889879026	2.791000e-08	2393342300	
5.764925e+04	3	3921011129	4.744700e-07	1584276479	15308464	1.400000e-08	1239307652	2.091000e-08	1945448119	2.091000e-08	
5.769689e+04	1	3921011129	4.953800e-07	1945448119	
5.807378e+04	1	3921011129	5.093800e-07	15308464	
5.818312e+04	1	3921011129	5.302900e-07	1239307652	
5.898210e+04	1	199935986	5.582000e-08	3037779432	
5.975133e+04	1	2340740170	4.465600e-07	40245973	
6.105379e+04	0	2528553283	5.582000e-08	2393342300	
6.197370e+04	0	3889879026	2.791000e-08	2038493855	
6.351495e+04	0	2519559028	3.349200e-07	3108364485	
6.618215e+04	1	4252347608	5.582000e-08	1206764858	
6.645416e+04	0	2349140130	2.791000e-08	3749853089	
6.665236e+04	1	2246051850	4.744700e-07	1516068388	
6.730410e+04	1	545239233	4.465600e-07	778035964	
7.049603e+04	0	3534547045	5.861100e-07	2393342300	
7.072895e+04	0	3747246174	2.791000e-08	2406269022	
7.271647e+04	1	1503861029	4.882000e-08	3696193412	
7.452407e+04	0	2246051850	4.744700e-07	3071234124	
7.474611e+04	0	2779686750	2.791000e-08	2393342300	
7.531035e+04	1	1075699702	3.907400e-07	3953846011	
7.624825e+04	1	1593891639	5.582000e-08	1790255658	
7.650878e+04	0	333964007	5.582000e-08	2919643181	
7.895322e+04	0	3150846686	3.907400e-07	2859795595	
7.975175e+04	1	1075699702	4.186500e-07	1156624510	
8.133352e+04	0	1075699702	4.186500e-07	1651612823	
8.292867e+04	3	1075699702	4.186500e-07	810769555	3396227953	6.403341e-08	3321237907	1.586886e-08	3187199216	1.586886e-08	3330100144	1.586886e-08	
8.314581e+04	1	1068020906	9.543558e-04	3443220506	
8.426250e+04	0	3747246174	2.791000e-08	862710978	
8.433202e+04	0	921425487	2.791000e-08	825415804	
8.531596e+04	0	3747246174	2.791000e-08	862710978	
8.580258e+04	0	3534547045	5.861100e-07	2393342300	
8.623376e+04	0	3747246174	2.791000e-08	862710978	
8.740805e+04	3	1572835533	5.023800e-07	1593891639	310481256	1.400000e-08	817087088	2.091000e-08	551137729	2.091000e-08	
8.762589e+04	1	2799798816	3.070100e-07	2906924538	
8.836940e+04	0	1444500749	2.791000e-08	6723929	
8.952201e+04	1	476505668	6.140200e-07	3800257563	
9.130461e+04	1	3534547045	6.140200e-07	2393342300	
9.142854e+04	1	3747246174	5.582000e-08	862710978	
9.380169e+04	3	3921011129	5.302900e-07	2178051842	1218250404	1.400000e-08	1035956119	2.091000e-08	1211996162	2.091000e-08	
9.406142e+04	0	3176785673	2.791000e-08	2440120768	
9.505513e+04	1	3921011129	5.512000e-07	1035956119	
9.531240e+04	1	3921011129	5.652000e-07	1218250404	
9.544449e+04	1	3004792470	3.907400e-07	1434594601	
1.000128e+05	3	3150846686	3.907400e-07	1425083048	188552836	1.400000e-08	2029773149	2.091000e-08	302486611	2.091000e-08	
1.037945e+05	0	1222799196	3.628300e-07	3933289935	
1.039678e+05	0	1572835533	5.023800e-07	551137729	
1.043549e+05	1	2799798816	3.349200e-07	2250879299	
1.044751e+05	1	1222799196	3.907400e-07	2870158420	
1.076779e+05	1	2235064901	5.861100e-07	2779686750	
1.099673e+05	1	545239233	4.674700e-07	302486611	
1.109157e+05	1	2235064901	6.070200e-07	1211996162	
1.123916e+05	3	1572835533	5.023800e-07	1222799196	1842102965	2.005191e-07	1285693762	1.463238e-08	1078741991	1.463238e-08	2723643411	1.463238e-08	1804212609	1.463238e-08	438292632	1.463238e-08	2001290253	1.463238e-08	3147695692	1.463238e-08	3179285865	1.463238e-08	2173231515	1.463238e-08	740082705	1.463238e-08	2795063678	1.463238e-08	3642829293	1.463238e-08	2707128518	1.463238e-08	
1.123917e+05	1	1842102965	2.151515e-07	2707128518	
1.123917e+05	1	1842102965	2.297839e-07	1285693762	
1.127337e+05	0	2349140130	2.791000e-08	3749853089	
1.128678e+05	0	1075699702	4.186500e-07	3330100144	
1.133829e+05	1	1075699702	4.345189e-07	3321237907	
1.135971e+05	0	1572835533	5.023800e-07	1434498202	
1.143029e+05	0	1842102965	2.297839e-07	1804212609	
1.145814e+05	1	2235064901	1.172220e-06	3921011129	
1.155661e+05	0	2235064901	1.172220e-06	4263717482	
1.166648e+05	1	3497999925	9.836238e-08	3147695692	
1.169579e+05	0	2487301543	2.791000e-08	3687573659	
1.186545e+05	0	2235064901	1.172220e-06	4263717482	
1.186869e+05	1	1465560917	2.937324e-07	1078741991	
1.194157e+05	0	2528553283	5.582000e-08	2406269022	
1.194543e+05	0	3004792470	3.907400e-07	3428193420	
1.212333e+05	1	769686034	5.582000e-08	1347872676	
1.224279e+05	1	1572835533	5.170124e-07	2723643411	
1.225613e+05	1	1572835533	5.310124e-07	3687573659	
1.227299e+05	0	3889879026	2.791000e-08	3749853089	
1.246933e+05	0	598947138	2.791000e-08	3330100144	
1.249960e+05	0	3150846686	3.907400e-07	3150420704	
1.263321e+05	1	2519559028	3.628300e-07	3108364485	
1.263651e+05	3	2768642543	4.129408e-08	1586980658	474866315	1.452592e-08	
1.269861e+05	0	3373526895	3.349200e-07	4263717482	
1.276095e+05	0	126484229	2.791000e-08	2669757562	
1.277628e+05	1	2246051850	4.891024e-07	2795063678	
1.287650e+05	0	4259593397	3.349200e-07	4028593304	
1.291707e+05	3	4031050948	3.070100e-07	1403705120	1639799867	1.400000e-08	1026028388	1.472778e-08	1128056158	1.472778e-08	2909632847	1.472778e-08	937177227	1.472778e-08	3393811039	1.472778e-08	611212867	1.472778e-08	1104410542	1.472778e-08	2328232000	1.472778e-08	2999719241	1.472778e-08	1931993247	1.472778e-08	1494850122	1.472778e-08	3414514926	1.472778e-08	2312786130	1.472778e-08	3537925318	1.472778e-08	1634407402	1.472778e-08	3869596591	1.472778e-08	3375523036	1.472778e-08	772925454	1.472778e-08	
1.327200e+05	3	1572835533	5.310124e-07	1842102965	2215785330	1.386281e-07	3491092596	1.519263e-08	57770090	1.519263e-08	3071577057	1.519263e-08	1452489764	1.519263e-08	4260098875	1.519263e-08	3696843781	1.519263e-08	
1.332654e+05	1	4259593397	3.628300e-07	2263814062	
1.340066e+05	0	3150420704	2.791000e-08	188552836	
1.352143e+05	0	3889879026	2.791000e-08	2406269022	
1.354559e+05	0	2340740170	4.465600e-07	482917538	
1.355281e+05	1	3150846686	4.186500e-07	858320168	
1.359726e+05	0	949068759	5.582000e-08	259930472	
1.366002e+05	0	3889879026	2.791000e-08	2349140130	
1.368504e+05	0	2215785330	1.386281e-07	1452489764	
1.374719e+05	1	3004792470	4.186500e-07	1239791232	
1.385565e+05	3	2246051850	4.891024e-07	905418128	2138100036	1.400000e-08	1726701215	1.741000e-08	1412415798	1.741000e-08	
1.389498e+05	1	385785803	5.582000e-08	2326007700	
1.399644e+05	0	1572835533	5.310124e-07	3071577057	
1.407729e+05	1	1572835533	5.462050e-07	3071577057	
1.408864e+05	0	2340740170	4.465600e-07	2138100036	
1.412613e+05	1	2519559028	3.775578e-07	1104410542	
1.426756e+05	1	1227575429	4.310263e-08	4260098875	
1.431975e+05	1	769686034	6.982000e-08	1639799867	
1.435220e+05	1	2246051850	5.065124e-07	1412415798	
1.438065e+05	3	3737780296	3.349200e-07	1503861029	375852842	1.400000e-08	3593732192	1.741000e-08	3888264012	1.741000e-08	
1.447789e+05	0	3534547045	6.140200e-07	4263717482	
1.480409e+05	0	2519559028	3.775578e-07	3012070026	
1.498807e+05	1	2235064901	1.200130e-06	3150420704	
1.514719e+05	0	2487301543	2.791000e-08	3642829293	
1.562599e+05	3	545239233	4.674700e-07	949068759	313359544	1.400000e-08	217284033	2.091000e-08	2151269300	2.091000e-08	
1.562660e+05	3	3534547045	6.140200e-07	3373526895	3913511150	1.699403e-08	2962530363	1.445118e-08	2063946235	1.445118e-08	1172086036	1.445118e-08	690117576	1.445118e-08	3288380490	1.445118e-08	845665321	1.445118e-08	3122982648	1.445118e-08	1471982444	1.445118e-08	3303338876	1.445118e-08	2875471576	1.445118e-08	1738909006	1.445118e-08	356405251	1.445118e-08	2879167783	1.445118e-08	3083352544	1.445118e-08	4198169764	1.445118e-08	821115011	1.445118e-08	2118016430	1.445118e-08	1945735688	1.445118e-08	4093093422	1.445118e-08	2842015324	1.445118e-08	1249238030	1.445118e-08	3214077756	1.445118e-08	
1.562800e+05	1	3534547045	6.284712e-07	356405251	
1.562976e+05	1	3122982648	2.890236e-08	1172086036	
1.563102e+05	1	3214077756	2.890236e-08	2842015324	
1.565924e+05	1	545239233	4.883800e-07	2151269300	
1.566669e+05	0	3534547045	6.284712e-07	821115011	
1.566865e+05	0	3534547045	6.284712e-07	2063946235	
1.567510e+05	1	3534547045	6.429224e-07	4198169764	
1.568327e+05	1	3534547045	6.573735e-07	1249238030	
1.570107e+05	1	3534547045	6.718247e-07	2875471576	
1.571731e+05	1	3534547045	6.862759e-07	821115011	
1.571839e+05	1	3534547045	7.007271e-07	1945735688	
1.575902e+05	1	3534547045	7.296294e-07	3122982648	
1.581361e+05	1	3534547045	7.440806e-07	3083352544	
1.582529e+05	1	3534547045	7.585318e-07	1738909006	
1.583826e+05	1	3534547045	7.729830e-07	1471982444	
1.593514e+05	0	476505668	6.140200e-07	501991070	
1.595840e+05	1	3534547045	7.874342e-07	845665321	
1.605109e+05	3	1572835533	5.462050e-07	1465560917	879162223	1.281238e-07	3884425642	1.505533e-08	1149406307	1.505533e-08	3528332227	1.505533e-08	4004407106	1.505533e-08	451270221	1.505533e-08	3149440925	1.505533e-08	2250775120	1.505533e-08	1130108289	1.505533e-08	2177968201	1.505533e-08	2914302410	1.505533e-08	3655816389	1.505533e-08	
1.607686e+05	1	1572835533	5.612603e-07	2914302410	
1.610642e+05	1	3534547045	8.018853e-07	2879167783	
1.623967e+05	1	3534547045	8.307877e-07	3214077756	
1.623972e+05	0	3303338876	1.445118e-08	3288380490	
1.644264e+05	0	2046083849	2.791000e-08	3491092596	
1.660458e+05	1	1572835533	5.763157e-07	3884425642	
1.666723e+05	0	3288380490	1.445118e-08	2063946235	
1.672026e+05	1	879162223	1.431791e-07	2177968201	
1.673069e+05	0	259930472	2.791000e-08	2001290253	
1.685310e+05	1	1075699702	4.624289e-07	2074240873	
1.694219e+05	3	1507417240	5.151432e-08	3481866093	3485819286	1.610784e-08	1382686479	1.610784e-08	
1.694546e+05	1	199935986	7.054778e-08	1634407402	
1.706636e+05	0	3475245566	2.791000e-08	728028737	
1.710558e+05	0	3288380490	1.445118e-08	690117576	
1.715461e+05	1	3534547045	8.452389e-07	3288380490	
1.720455e+05	0	1434498202	2.791000e-08	1037584679	
1.721894e+05	1	3737780296	3.496478e-07	3375523036	
1.744667e+05	1	1572835533	5.913710e-07	3149440925	
1.747034e+05	1	1572835533	6.192810e-07	4122240121	
1.749893e+05	0	4263717482	2.791000e-08	2962530363	
1.752979e+05	0	2349140130	2.791000e-08	3913511150	
1.790638e+05	3	3004792470	4.186500e-07	4031050948	1803925302	1.400000e-08	3293059020	1.465050e-08	378125977	1.465050e-08	2159618959	1.465050e-08	2441325815	1.465050e-08	3401497744	1.465050e-08	4069401935	1.465050e-08	134948105	1.465050e-08	1998372786	1.465050e-08	2455922112	1.465050e-08	3059103076	1.465050e-08	432337108	1.465050e-08	1902671923	1.465050e-08	4209590891	1.465050e-08	77395223	1.465050e-08	3592986772	1.465050e-08	1246511018	1.465050e-08	3986570268	1.465050e-08	174500547	1.465050e-08	4083845756	1.465050e-08	110358663	1.465050e-08	
1.790730e+05	1	4069401935	2.930100e-08	3401497744	
1.791410e+05	1	2246051850	5.344224e-07	3071234124	
1.791788e+05	1	3004792470	4.333005e-07	174500547	
1.796768e+05	1	769686034	9.773000e-08	315200650	
1.799774e+05	0	2681375347	2.791000e-08	811613008	
1.812222e+05	0	3004792470	4.333005e-07	2441325815	
1.817766e+05	0	2340740170	4.465600e-07	2451350669	
1.822011e+05	1	2340740170	5.023800e-07	561528368	
1.827702e+05	0	3303338876	1.445118e-08	690117576	
1.864714e+05	0	3396227953	6.403341e-08	3428193420	
1.866277e+05	1	2956861855	4.256050e-08	4083845756	
1.880172e+05	1	3534547045	8.596901e-07	2962530363	
1.897348e+05	1	3534547045	8.876001e-07	4263717482	
1.901709e+05	0	3534547045	8.876001e-07	2118016430	
1.904555e+05	1	3534547045	9.020513e-07	2118016430	
1.908550e+05	0	1035492323	2.791000e-08	134948105	
1.925885e+05	0	3534547045	9.020513e-07	690117576	
1.942725e+05	0	879162223	1.431791e-07	1149406307	
1.963602e+05	0	2440120768	2.791000e-08	77395223	
1.978034e+05	0	4259593397	3.628300e-07	2250775120	
1.986837e+05	0	3392858646	2.791000e-08	3833318790	
1.988891e+05	0	2215785330	1.386281e-07	3491092596	
1.991102e+05	1	1572835533	6.343363e-07	451270221	
1.991758e+05	0	551137729	2.091000e-08	2001290253	
1.991994e+05	3	3889879026	2.618669e-08	2349140130	1370908750	1.481665e-08	1837234470	1.481665e-08	
2.002459e+05	0	1837234470	1.481665e-08	1370908750	
2.011653e+05	3	2528553283	8.686556e-08	3747246174	2945849429	2.477444e-08	
2.013012e+05	1	1075699702	4.903389e-07	1458665800	
2.069105e+05	1	3150846686	4.395600e-07	2029773149	
2.085286e+05	0	3891448235	2.791000e-08	2455922112	
2.115681e+05	1	3534547045	9.165024e-07	2063946235	
2.120392e+05	1	1572835533	6.493916e-07	3655816389	
2.127650e+05	0	2528553283	8.686556e-08	2406269022	
2.128781e+05	1	1075699702	8.531689e-07	4259593397	
2.132514e+05	0	199935986	7.054778e-08	2919643181	
2.137482e+05	0	1804212609	1.463238e-08	310481256	
2.139141e+05	1	3534547045	9.309536e-07	690117576	
2.144210e+05	3	2038493855	2.138154e-08	2945849429	66296937	1.565145e-08	976558236	1.565145e-08	
2.144805e+05	1	2038493855	3.703299e-08	66296937	
2.175546e+05	0	3150846686	4.395600e-07	245436729	
2.183037e+05	1	3150846686	4.535600e-07	313359544	
2.222574e+05	0	1123501568	2.791000e-08	57770090	
2.225511e+05	0	739080713	2.791000e-08	77395223	
2.241423e+05	3	3197676583	2.758408e-08	772925454	2438291630	1.505370e-08	
2.246064e+05	1	2528553283	1.147756e-07	2406269022	
2.287779e+05	1	3150846686	4.675600e-07	188552836	
2.314934e+05	0	2856850640	2.791000e-08	4209590891	
2.326223e+05	1	1075699702	8.690377e-07	3330100144	
2.328053e+05	0	1726701215	1.741000e-08	310481256	
2.350471e+05	0	3823443426	2.791000e-08	1804212609	
2.359056e+05	1	2799798816	3.628300e-07	2620740164	
2.370802e+05	0	2038493855	3.703299e-08	976558236	
2.370806e+05	0	2038493855	3.703299e-08	976558236	
2.408853e+05	1	4188445920	4.263778e-08	611212867	
2.409022e+05	1	2038493855	5.268444e-08	976558236	
2.413686e+05	0	545239233	4.883800e-07	1444500749	
2.415895e+05	1	2215785330	1.595381e-07	817087088	
2.418663e+05	1	1572835533	8.089297e-07	2215785330	
2.418700e+05	3	4252347608	1.400000e-08	245436729	906368509	1.743250e-08	3783228500	1.743250e-08	2858952728	1.743250e-08	395113485	1.743250e-08	
2.423062e+05	0	2858952728	1.743250e-08	3783228500	
2.425406e+05	0	3197676583	2.758408e-08	2438291630	
2.436244e+05	0	2858952728	1.743250e-08	4252347608	
2.447070e+05	0	1075699702	8.690377e-07	3428193420	
2.456233e+05	0	2858952728	1.743250e-08	906368509	
2.461616e+05	0	395113485	1.743250e-08	2858952728	
2.480959e+05	0	179097684	2.791000e-07	906368509	
2.515707e+05	0	395113485	1.743250e-08	4252347608	
2.517751e+05	1	3889879026	4.100335e-08	1837234470	
2.554751e+05	0	2046083849	2.791000e-08	3179285865	
2.554801e+05	1	179097684	2.965325e-07	906368509	
2.583788e+05	0	395113485	1.743250e-08	2858952728	
2.586199e+05	0	2919643181	2.791000e-08	378125977	
2.595847e+05	1	2519559028	4.054678e-07	90391199	
2.614590e+05	0	179097684	2.965325e-07	3783228500	
2.615879e+05	1	1068020906	9.543837e-04	1134132465	
2.617317e+05	1	2340740170	5.302900e-07	2046083849	
2.623543e+05	1	2246051850	5.496150e-07	3696843781	
2.634682e+05	0	2340740170	5.302900e-07	1149406307	
2.675352e+05	0	2038493855	5.268444e-08	1370908750	
2.703731e+05	3	3020817656	2.484349e-08	3783228500	4019363830	2.049901e-08	
2.705479e+05	0	3020817656	2.484349e-08	4019363830	
2.710227e+05	0	3150846686	4.675600e-07	1370908750	
2.710502e+05	1	3020817656	4.534250e-08	4019363830	
2.735023e+05	1	2528553283	1.322081e-07	2858952728	
2.735430e+05	1	2487301543	4.296533e-08	3528332227	
2.737274e+05	1	2528553283	1.496406e-07	395113485	
2.758864e+05	1	1068020906	9.544116e-04	3228084226	
2.779556e+05	3	179097684	2.965325e-07	2038493855	3016084464	1.400000e-08	921818415	1.934222e-08	2892683898	1.934222e-08	
2.779712e+05	1	179097684	3.158747e-07	921818415	
2.781101e+05	1	179097684	3.352169e-07	2892683898	
2.784509e+05	1	179097684	3.492169e-07	3016084464	
2.831693e+05	0	2487301543	4.296533e-08	1434498202	
2.836839e+05	3	545239233	4.883800e-07	3150846686	3697249003	1.143712e-07	3983774618	1.412755e-08	4187488967	1.412755e-08	898751805	1.412755e-08	3632514288	1.412755e-08	410848061	1.412755e-08	2791633391	1.412755e-08	630280293	1.412755e-08	4212779140	1.412755e-08	3459374364	1.412755e-08	2125331604	1.412755e-08	3113062634	1.412755e-08	847040419	1.412755e-08	4240624600	1.412755e-08	1565786989	1.412755e-08	2286860921	1.412755e-08	3707879645	1.412755e-08	2746930994	1.412755e-08	4075596975	1.412755e-08	4283280385	1.412755e-08	538453177	1.412755e-08	3121292019	1.412755e-08	3349724438	1.412755e-08	4253718737	1.412755e-08	3297362622	1.412755e-08	1751902433	1.412755e-08	
2.836839e+05	1	3697249003	1.284988e-07	3983774618	
2.836839e+05	1	3697249003	1.426263e-07	1751902433	
2.838010e+05	1	545239233	5.025076e-07	3121292019	
2.842767e+05	1	545239233	6.451339e-07	3697249003	
2.847921e+05	1	2340740170	5.512000e-07	551137729	
2.853312e+05	0	3297362622	1.412755e-08	3459374364	
2.863223e+05	0	997905375	2.791000e-08	43001897	
2.867609e+05	1	2205180068	5.582000e-08	384163328	
2.878900e+05	0	1227575429	4.310263e-08	1149406307	
2.888727e+05	1	545239233	6.592614e-07	3632514288	
2.891579e+05	1	3004792470	4.612105e-07	828787466	
2.893931e+05	1	545239233	6.733890e-07	4187488967	
2.895955e+05	1	545239233	6.875165e-07	3113062634	
2.907311e+05	1	2555962951	3.217378e-07	4188445920	
2.911353e+05	0	545239233	6.875165e-07	3349724438	
2.920104e+05	0	2246051850	5.496150e-07	4283280385	
2.925240e+05	0	1572835533	8.089297e-07	848448836	
2.963969e+05	1	2235064901	1.214581e-06	3303338876	
2.978490e+05	0	3382444416	2.791000e-08	134948105	
2.985815e+05	3	843517319	2.641895e-08	2211003714	2878871175	1.549105e-08	
2.998149e+05	0	3737780296	3.496478e-07	1037584679	
3.000854e+05	3	2246051850	5.496150e-07	1227575429	3083717413	1.400000e-08	220564665	1.455132e-08	3653734512	1.455132e-08	
3.002310e+05	0	847040419	1.412755e-08	898751805	
3.011588e+05	0	630280293	1.412755e-08	898751805	
3.053334e+05	0	6723929	2.791000e-08	1123501568	
3.056306e+05	1	545239233	7.016441e-07	410848061	
3.071848e+05	0	3004792470	4.612105e-07	825415804	
3.087141e+05	3	3004792470	4.612105e-07	2555962951	3815024321	1.400000e-08	1428265047	1.465418e-08	3604532305	1.465418e-08	1869365069	1.465418e-08	965372172	1.465418e-08	607396504	1.465418e-08	2533881277	1.465418e-08	472358284	1.465418e-08	1950077488	1.465418e-08	1820499179	1.465418e-08	4055959668	1.465418e-08	528880979	1.465418e-08	3778036871	1.465418e-08	1405660995	1.465418e-08	3662110242	1.465418e-08	2247026945	1.465418e-08	4032129539	1.465418e-08	4035587434	1.465418e-08	3111692719	1.465418e-08	1398579088	1.465418e-08	2501379955	1.465418e-08	3332562587	1.465418e-08	
3.087321e+05	0	545239233	7.016441e-07	898751805	
3.096295e+05	0	2246051850	5.496150e-07	3707879645	
3.105865e+05	0	545239233	7.016441e-07	1434498202	
3.128704e+05	0	2916276788	2.091000e-08	847040419	
3.133018e+05	0	199935986	7.054778e-08	3332562587	
3.148865e+05	1	545239233	7.157716e-07	2791633391	
3.148908e+05	1	2246051850	5.636150e-07	3083717413	
3.150858e+05	0	2984600922	3.628300e-07	965372172	
3.181957e+05	3	1572835533	8.089297e-07	2205180068	3562383954	1.400000e-08	2521380987	2.091000e-08	4119421155	2.091000e-08	
3.182057e+05	3	3428193420	2.429053e-08	1726701215	1913762779	2.102947e-08	
3.195163e+05	1	1913762779	3.566184e-08	2001290253	
3.210193e+05	1	869234806	4.254238e-08	3642829293	
3.213154e+05	0	2501379955	1.465418e-08	3604532305	
3.221248e+05	0	3396227953	6.403341e-08	1035492323	
3.224279e+05	1	3396227953	9.194341e-08	2911053862	
3.229594e+05	0	2246051850	5.636150e-07	3653734512	
3.255353e+05	1	1068020906	9.544396e-04	4274934102	
3.257327e+05	1	740082705	2.926475e-08	2173231515	
3.257738e+05	3	2340740170	5.512000e-07	869234806	3678948817	1.400000e-08	2489195127	1.427119e-08	3929228125	1.427119e-08	
3.258750e+05	1	2340740170	5.654712e-07	2489195127	
3.258918e+05	3	2246051850	5.636150e-07	257754683	3160344427	1.400000e-08	3182159117	2.091000e-08	766581564	2.091000e-08	
3.259206e+05	0	482917538	2.791000e-08	4212779140	
3.259491e+05	0	2246051850	5.636150e-07	766581564	
3.262810e+05	1	1434498202	4.882000e-08	3182159117	
3.267691e+05	1	2859795595	4.203755e-08	3459374364	
3.269464e+05	0	848448836	2.091000e-08	1565786989	
3.279820e+05	1	545239233	7.298992e-07	2746930994	
3.284047e+05	1	1572835533	8.229297e-07	3562383954	
3.306433e+05	1	2340740170	5.933812e-07	1444500749	
3.342802e+05	1	2246051850	5.781663e-07	3653734512	
3.356852e+05	0	1327969783	2.791000e-08	2916276788	
3.368690e+05	1	545239233	7.440267e-07	2286860921	
3.372673e+05	0	3736601249	2.791000e-08	3357643131	
3.385827e+05	1	2956861855	7.047050e-08	4046076794	
3.391653e+05	0	2487301543	4.296533e-08	3678948817	
3.407837e+05	0	740082705	2.926475e-08	2542835646	
3.411293e+05	1	2859795595	5.616510e-08	2125331604	
3.421813e+05	3	545239233	7.440267e-07	2859795595	3702894340	1.400000e-08	3532745758	1.405503e-08	1072840122	1.405503e-08	3294683754	1.405503e-08	
3.437500e+05	1	545239233	7.580818e-07	1072840122	
3.460898e+05	0	1593850299	2.791000e-08	3933289935	
3.463481e+05	1	545239233	7.720818e-07	3702894340	
3.467873e+05	1	2340740170	6.084365e-07	4004407106	
3.483654e+05	1	2487301543	5.815796e-08	57770090	
3.489385e+05	0	848448836	2.091000e-08	4283280385	
3.501585e+05	1	2984600922	3.774842e-07	3604532305	
3.524800e+05	1	3004792470	4.762642e-07	2438291630	
3.530881e+05	0	545239233	7.720818e-07	3707879645	
3.548404e+05	3	3737780296	3.496478e-07	2956861855	1676003954	1.400000e-08	4285585893	1.411762e-08	2674988631	1.411762e-08	406745133	1.411762e-08	2883513480	1.411762e-08	
3.551022e+05	1	545239233	7.862093e-07	3297362622	
3.559699e+05	1	1068020906	9.544675e-04	1415695418	
3.577105e+05	3	2542835646	1.400000e-08	3929228125	783121895	1.409059e-08	2683944377	1.409059e-08	
3.597700e+05	1	4285585893	2.811762e-08	1676003954	
3.609244e+05	3	3749853089	2.350450e-08	4252347608	2961226102	1.840550e-08	
3.612201e+05	0	6723929	2.791000e-08	3491092596	
3.616401e+05	1	545239233	8.003369e-07	4075596975	
3.618873e+05	1	2340740170	6.665945e-07	2487301543	
3.620241e+05	0	2519559028	4.054678e-07	4226750145	
3.631707e+05	0	3889879026	4.100335e-08	2961226102	
3.640589e+05	0	545239233	8.003369e-07	4240624600	
3.665678e+05	0	2519559028	4.054678e-07	1128056158	
3.666266e+05	0	3485819286	1.610784e-08	2441325815	
3.686442e+05	3	1507417240	1.400000e-08	3059103076	301219709	1.738827e-08	1743198400	1.738827e-08	3059144981	1.738827e-08	
3.718762e+05	1	879162223	1.724439e-07	740082705	
3.719249e+05	1	545239233	8.144644e-07	538453177	
3.722825e+05	0	2340740170	6.665945e-07	482917538	
3.739680e+05	0	2246051850	5.781663e-07	4212779140	
3.751652e+05	1	1572835533	1.489524e-06	2340740170	
3.755270e+05	1	2856850640	4.202762e-08	2674988631	
3.765740e+05	1	179097684	3.676224e-07	2961226102	
3.771313e+05	1	545239233	8.285920e-07	4240624600	
3.774851e+05	0	3823443426	2.791000e-08	2916276788	
3.794018e+05	0	1572835533	1.489524e-06	3179285865	
3.820947e+05	0	1572835533	1.489524e-06	1565786989	
3.832503e+05	0	1452489764	1.519263e-08	2250775120	
3.882521e+05	1	1075699702	8.969477e-07	1651612823	
3.883316e+05	3	378125977	1.528288e-08	3179285865	3952655669	1.400000e-08	
3.893297e+05	0	3396227953	9.194341e-08	3592986772	
3.895113e+05	0	2519559028	4.054678e-07	1405660995	
3.972540e+05	1	545239233	8.427195e-07	4212779140	
3.979159e+05	1	545239233	8.567746e-07	3532745758	
3.981853e+05	0	3823443426	2.791000e-08	4119421155	
3.986425e+05	3	848448836	2.103755e-08	3349724438	2848685905	1.400000e-08	
3.993172e+05	1	2984600922	4.056018e-07	4285585893	
4.026336e+05	0	1572835533	1.489524e-06	1130108289	
4.034137e+05	0	2235064901	1.214581e-06	2848685905	
4.049027e+05	1	2799798816	3.769206e-07	2683944377	
4.062839e+05	0	1743198400	1.738827e-08	4032129539	
4.086265e+05	0	199935986	7.054778e-08	2312786130	
4.149099e+05	3	3382444416	2.605524e-08	1804212609	1826422368	1.648714e-08	
4.155692e+05	0	3020817656	4.534250e-08	3704423751	
4.155812e+05	1	1494850122	2.945556e-08	2909632847	
4.161351e+05	1	2246051850	5.990763e-07	217284033	
4.164404e+05	1	3534547045	9.449536e-07	2848685905	
4.170190e+05	0	4035587434	1.465418e-08	1820499179	
4.190159e+05	3	1572835533	1.489524e-06	879162223	896813269	1.400000e-08	37051273	1.440399e-08	1867247157	1.440399e-08	3633199892	1.440399e-08	1736323711	1.440399e-08	283080478	1.440399e-08	785216844	1.440399e-08	3006103420	1.440399e-08	2898323513	1.440399e-08	1199222225	1.440399e-08	3755198008	1.440399e-08	2795041644	1.440399e-08	
4.212073e+05	1	2519559028	4.201220e-07	4035587434	
4.215363e+05	3	1664502715	2.583122e-08	2328232000	3492274228	1.680656e-08	
4.220672e+05	0	1572835533	1.489524e-06	3006103420	
4.223416e+05	0	3004792470	4.762642e-07	2878871175	
4.226435e+05	0	728028737	2.791000e-08	4055959668	
4.239207e+05	1	1572835533	1.503524e-06	896813269	
4.241585e+05	1	1572835533	1.517928e-06	37051273	
4.267011e+05	1	2799798816	4.048306e-07	2681375347	
4.269041e+05	1	1572835533	1.532332e-06	1199222225	
4.272341e+05	0	1572835533	1.532332e-06	283080478	
4.283861e+05	0	739080713	2.791000e-08	134948105	
4.284602e+05	0	1075699702	8.969477e-07	847040419	
4.288896e+05	0	179097684	3.676224e-07	1370908750	
4.289417e+05	0	179097684	3.676224e-07	1370908750	
4.289417e+05	1	373638573	1.000000e+00	1370908750	
4.332535e+05	0	1572835533	1.532332e-06	1867247157	
4.416516e+05	1	1572835533	1.546736e-06	785216844	
4.451515e+05	0	3012070026	2.791000e-08	3891448235	
4.479657e+05	1	179097684	3.955324e-07	3704423751	
4.496805e+05	3	3534547045	9.449536e-07	3889879026	1420914473	1.400000e-08	439844059	2.700335e-08	
4.500162e+05	1	2799798816	4.194848e-07	965372172	
4.500607e+05	1	3534547045	9.589536e-07	1420914473	
4.502157e+05	1	1572835533	1.561140e-06	1736323711	
4.525643e+05	1	251961497	4.256418e-08	1398579088	
4.530539e+05	1	545239233	8.776846e-07	766581564	
4.534590e+05	0	3534547045	9.589536e-07	439844059	
4.541819e+05	1	3534547045	9.859570e-07	439844059	
4.551265e+05	1	545239233	9.055946e-07	1327969783	
4.558066e+05	1	1572835533	1.575544e-06	2795041644	
4.593523e+05	1	545239233	9.207872e-07	3491092596	
4.594710e+05	3	2451350669	2.794627e-08	482917538	3802520055	2.787373e-08	
4.599589e+05	0	1572835533	1.575544e-06	2250775120	
4.634210e+05	1	3534547045	1.000408e-06	4093093422	
4.650207e+05	0	259930472	2.791000e-08	438292632	
4.671209e+05	3	1434498202	4.882000e-08	1913762779	3012889883	1.400000e-08	3363823620	2.166184e-08	
4.686637e+05	1	545239233	9.348422e-07	3294683754	
4.697276e+05	1	1075699702	9.113517e-07	3006103420	
4.726572e+05	0	77395223	1.465050e-08	3633199892	
4.728520e+05	1	3737780296	3.775578e-07	3176785673	
4.759189e+05	1	2246051850	6.130763e-07	3160344427	
4.771835e+05	0	1130108289	1.505533e-08	310481256	
4.842304e+05	1	2246051850	6.270763e-07	3012889883	
4.878645e+05	1	2799798816	7.970426e-07	3737780296	
4.893307e+05	0	2528553283	1.496406e-07	3749853089	
4.894193e+05	3	179097684	3.955324e-07	2528553283	1086559163	1.400000e-08	3063534263	1.507117e-08	2013640095	1.507117e-08	1461359102	1.507117e-08	2027098952	1.507117e-08	4167430602	1.507117e-08	4096225443	1.507117e-08	781549661	1.507117e-08	907719639	1.507117e-08	1906851972	1.507117e-08	
4.894583e+05	0	179097684	3.955324e-07	781549661	
4.895312e+05	1	179097684	4.106036e-07	781549661	
4.895859e+05	1	179097684	4.256748e-07	907719639	
4.896101e+05	1	179097684	4.407460e-07	2013640095	
4.896307e+05	1	179097684	4.547460e-07	1086559163	
4.898713e+05	1	1461359102	3.014235e-08	3063534263	
4.899066e+05	1	179097684	4.848883e-07	1461359102	
4.907983e+05	1	179097684	4.999595e-07	4096225443	
4.909468e+05	1	179097684	5.150306e-07	2027098952	
4.912144e+05	1	179097684	5.301018e-07	1906851972	
4.934948e+05	0	3823443426	2.791000e-08	4253718737	
4.964679e+05	1	1068020906	9.545088e-04	2768642543	
4.971121e+05	1	476505668	6.419300e-07	1019134040	
4.972045e+05	0	179097684	5.301018e-07	4167430602	
4.977220e+05	0	3736601249	2.791000e-08	598947138	
4.982612e+05	0	179097684	5.301018e-07	4167430602	
4.985277e+05	1	179097684	5.451730e-07	4167430602	
5.027414e+05	0	2984600922	4.056018e-07	728028737	
5.041502e+05	0	3833318790	2.791000e-08	3414514926	
5.063488e+05	1	373638573	1.000000e+00	3332562587	
5.124805e+05	1	3004792470	7.832742e-07	426576124	
5.146431e+05	1	1572835533	1.673906e-06	3497999925	
5.199474e+05	1	129185354	4.191000e-08	3678948817	
5.225841e+05	3	1593850299	2.213314e-08	283080478	2597880038	2.018085e-08	
5.236676e+05	0	4226750145	2.791000e-08	1507417240	
5.270036e+05	0	2441325815	1.465050e-08	1507417240	
5.277003e+05	3	3357643131	2.815926e-08	220564665	1896745001	1.430206e-08	
5.280130e+05	1	545239233	9.489698e-07	898751805	
5.295985e+05	0	129185354	4.191000e-08	3815024321	
5.374199e+05	3	110358663	1.461817e-08	2138100036	2378434411	1.403233e-08	
5.381915e+05	0	3396227953	9.194341e-08	2441325815	
5.413391e+05	0	164438789	2.791000e-08	3293059020	
5.415895e+05	3	2799798816	7.970426e-07	2984600922	1837088337	4.606479e-08	1543523724	1.438148e-08	1761715697	1.438148e-08	3099973400	1.438148e-08	2789348510	1.438148e-08	1371202285	1.438148e-08	629078091	1.438148e-08	754560055	1.438148e-08	1737134642	1.438148e-08	37613351	1.438148e-08	3434666020	1.438148e-08	2369258877	1.438148e-08	3563522875	1.438148e-08	249728555	1.438148e-08	4285226245	1.438148e-08	2707460946	1.438148e-08	2606325002	1.438148e-08	1541925803	1.438148e-08	2024675612	1.438148e-08	1292023300	1.438148e-08	3302973195	1.438148e-08	875106938	1.438148e-08	3314075649	1.438148e-08	2589646060	1.438148e-08	3433591204	1.438148e-08	1848242772	1.438148e-08	
5.415896e+05	1	1837088337	6.044627e-08	1848242772	
5.415897e+05	1	1837088337	7.482775e-08	1543523724	
5.417416e+05	1	2799798816	8.718703e-07	1837088337	
5.417482e+05	1	2799798816	8.862518e-07	249728555	
5.419112e+05	0	754560055	1.438148e-08	1371202285	
5.466037e+05	1	1572835533	1.688310e-06	1867247157	
5.493364e+05	1	2799798816	9.006333e-07	2707460946	
5.495525e+05	1	1068020906	9.545367e-04	2190522392	
5.568021e+05	0	476505668	6.419300e-07	3519923770	
5.569957e+05	0	3004792470	7.832742e-07	3475245566	
5.595627e+05	0	2408568032	2.791000e-08	472358284	
5.627412e+05	0	1494850122	2.945556e-08	2878871175	
5.658180e+05	1	1068020906	9.545535e-04	3492274228	
5.663238e+05	1	3534547045	1.017402e-06	3913511150	
5.680939e+05	3	3933289935	2.382245e-08	3382444416	250719570	1.507139e-08	2681498831	1.507139e-08	
5.686124e+05	1	2799798816	9.150147e-07	3099973400	
5.733524e+05	0	2246051850	6.270763e-07	3823443426	
5.752405e+05	3	1572835533	1.688310e-06	1434498202	481808867	1.400000e-08	2066612683	1.741000e-08	3458484829	1.741000e-08	
5.792053e+05	1	1572835533	1.702310e-06	481808867	
5.800660e+05	1	1572835533	1.719720e-06	3458484829	
5.828006e+05	0	2919643181	2.791000e-08	2521380987	
5.847622e+05	0	3428193420	2.429053e-08	2250775120	
5.865616e+05	1	2597880038	3.418085e-08	310481256	
5.936352e+05	0	1572835533	1.719720e-06	2898323513	
5.961235e+05	0	1572835533	1.719720e-06	2898323513	
5.969782e+05	0	3197676583	2.758408e-08	2159618959	
5.983610e+05	3	848448836	2.095050e-08	1130108289	2719204682	1.514238e-08	
6.002359e+05	0	3593732192	1.741000e-08	1246511018	
6.018729e+05	1	2235064901	1.228709e-06	4283280385	
6.020809e+05	0	3824069879	2.791000e-08	659524895	
6.025535e+05	1	3736601249	4.194233e-08	2378434411	
6.031104e+05	1	2799798816	9.293962e-07	2589646060	
6.034036e+05	0	3593732192	1.741000e-08	1743198400	
6.081820e+05	3	3823443426	1.400000e-08	598947138	4256642775	2.091000e-08	2449448537	2.091000e-08	
6.130302e+05	0	253808213	2.791000e-08	3833318790	
6.146400e+05	1	2799798816	9.437777e-07	875106938	
6.154754e+05	1	3534547045	1.040907e-06	3749853089	
6.166562e+05	1	3802520055	4.225521e-08	2606325002	
6.202953e+05	3	2799798816	9.437777e-07	3736601249	463844675	1.400000e-08	3167902617	2.794233e-08	
6.299476e+05	1	2919643181	4.191000e-08	3823443426	
6.325060e+05	0	848448836	2.095050e-08	630280293	
6.329274e+05	1	1572835533	1.737130e-06	2066612683	
6.389004e+05	1	3802520055	5.663669e-08	1761715697	
6.475976e+05	1	1075699702	9.257332e-07	2789348510	
6.478879e+05	1	2919643181	5.652817e-08	110358663	
6.494968e+05	1	1075699702	9.401372e-07	2898323513	
6.526291e+05	1	1123501568	4.882000e-08	2449448537	
6.585821e+05	0	1035492323	2.791000e-08	1452489764	
6.767613e+05	0	438292632	1.463238e-08	3633199892	
6.769833e+05	0	3593732192	1.741000e-08	3433591204	
6.793381e+05	0	1541925803	1.438148e-08	4285226245	
6.823172e+05	3	1428265047	1.465418e-08	2542835646	579073438	1.400000e-08	
6.966663e+05	1	1068020906	9.545681e-04	2441325815	
7.010344e+05	3	4119421155	2.129148e-08	3433591204	3468130899	1.400000e-08	
7.025271e+05	0	4069401935	2.930100e-08	2159618959	
7.036026e+05	1	2519559028	4.342396e-07	2883513480	
7.053201e+05	1	2519559028	4.516496e-07	3593732192	
7.053324e+05	3	1572835533	1.737130e-06	2597880038	393090083	1.400000e-08	2343849308	2.018085e-08	
7.060519e+05	0	1743198400	1.738827e-08	3869596591	
7.072095e+05	1	2519559028	4.795596e-07	3279231079	
7.102573e+05	1	1572835533	1.751130e-06	393090083	
7.107074e+05	1	1572835533	1.771311e-06	2343849308	
7.112234e+05	1	2799798816	9.581592e-07	3563522875	
7.131457e+05	1	1572835533	1.785966e-06	1428265047	
7.211983e+05	1	3004792470	7.972742e-07	3815024321	
7.214529e+05	0	164438789	2.791000e-08	1743198400	
7.273829e+05	0	3357643131	2.815926e-08	2451350669	
7.328073e+05	0	1869365069	1.465418e-08	1371202285	
7.343123e+05	3	343742982	1.400000e-08	3187199216	1055469694	1.488943e-08	627452446	1.488943e-08	
7.409562e+05	1	1572835533	1.799966e-06	579073438	
7.464785e+05	0	2799798816	9.581592e-07	888311950	
7.550698e+05	0	1498734392	2.791000e-08	1826422368	
7.552332e+05	1	2246051850	6.417087e-07	438292632	
7.567724e+05	1	259930472	4.191000e-08	343742982	
7.575878e+05	1	2246051850	6.567640e-07	2250775120	
7.605989e+05	1	373638573	1.000000e+00	3197676583	
7.608956e+05	1	3004792470	8.112742e-07	3952655669	
7.621171e+05	3	333964007	5.582000e-08	2856850640	2014426858	2.316307e-08	2716949832	1.886455e-08	
7.654187e+05	0	2799798816	9.581592e-07	1371202285	
7.694750e+05	1	3004792470	8.259284e-07	607396504	
7.718411e+05	1	2519559028	5.053908e-07	1664502715	
7.735109e+05	0	3004792470	8.259284e-07	4032129539	
7.750226e+05	1	2451350669	4.283571e-08	627452446	
7.829662e+05	0	1055469694	1.488943e-08	3293059020	
7.845904e+05	0	1075699702	9.401372e-07	1292023300	
7.852704e+05	1	1572835533	1.814347e-06	629078091	
7.872387e+05	0	3802520055	5.663669e-08	4028593304	
7.919883e+05	0	2504591099	2.791000e-08	2024675612	
7.981571e+05	1	1075699702	9.551925e-07	1149406307	
8.012878e+05	0	3475245566	2.791000e-08	3537925318	
8.065137e+05	1	476505668	6.565842e-07	2247026945	
8.153726e+05	0	3357643131	2.815926e-08	2024675612	
8.227967e+05	1	4032129539	2.930836e-08	3662110242	
8.250918e+05	1	2799798816	9.876147e-07	1494850122	
8.298277e+05	1	1572835533	1.835257e-06	4256642775	
8.370092e+05	1	4119421155	3.529148e-08	3468130899	
8.475444e+05	1	1075699702	9.693201e-07	4253718737	
8.493953e+05	1	3004792470	8.538384e-07	266059373	
8.501808e+05	3	848448836	1.847165e-08	630280293	552634658	1.660639e-08	
8.501885e+05	1	1068020906	9.545960e-04	265770918	
8.542656e+05	0	1075699702	9.693201e-07	888311950	
8.654087e+05	1	1075699702	9.846029e-07	378125977	
8.745457e+05	0	1572835533	1.835257e-06	847040419	
8.746353e+05	3	1123501568	2.043282e-08	3933289935	3736523900	1.740321e-08	2213923665	1.740321e-08	1503202005	1.740321e-08	
8.892298e+05	0	2799798816	9.876147e-07	1565786989	
8.948141e+05	0	552634658	1.660639e-08	3707879645	
8.953502e+05	1	2519559028	5.333008e-07	2408568032	
8.968762e+05	1	545239233	9.674414e-07	848448836	
9.031719e+05	1	1068020906	9.546104e-04	2024675612	
9.061363e+05	1	2519559028	5.476823e-07	3434666020	
9.070646e+05	1	2235064901	1.245315e-06	552634658	
9.104494e+05	1	3004792470	8.817484e-07	3475245566	
9.147835e+05	0	1572835533	1.835257e-06	1123501568	
9.157462e+05	1	1572835533	1.849661e-06	3633199892	
9.159917e+05	0	1452489764	1.519263e-08	1292023300	
9.166687e+05	0	2519559028	5.476823e-07	659524895	
9.262747e+05	1	2246051850	6.708916e-07	3707879645	
9.279877e+05	3	545239233	9.674414e-07	2246051850	3202152185	1.789698e-07	2622395779	1.405491e-08	3607413901	1.405491e-08	649593533	1.405491e-08	66987975	1.405491e-08	483021244	1.405491e-08	3707800333	1.405491e-08	3528190190	1.405491e-08	2185291493	1.405491e-08	550176535	1.405491e-08	1674415855	1.405491e-08	4287239676	1.405491e-08	3884987045	1.405491e-08	1960974751	1.405491e-08	309459595	1.405491e-08	2348040613	1.405491e-08	3180086772	1.405491e-08	3833074883	1.405491e-08	1462644303	1.405491e-08	4088625113	1.405491e-08	1237914369	1.405491e-08	2733144751	1.405491e-08	1649557018	1.405491e-08	1831065885	1.405491e-08	79461789	1.405491e-08	1621314342	1.405491e-08	2016090987	1.405491e-08	1553963666	1.405491e-08	1002680420	1.405491e-08	734120091	1.405491e-08	2475979558	1.405491e-08	2649056468	1.405491e-08	3381587904	1.405491e-08	175860597	1.405491e-08	1089013536	1.405491e-08	552498239	1.405491e-08	
9.279877e+05	1	3202152185	1.930247e-07	2622395779	
9.279877e+05	1	3202152185	2.070796e-07	552498239	
9.279878e+05	1	3202152185	2.211345e-07	3607413901	
9.279878e+05	1	3202152185	2.351894e-07	1089013536	
9.279888e+05	1	1960974751	2.810982e-08	3884987045	
9.280431e+05	1	3833074883	2.810982e-08	3180086772	
9.281906e+05	0	1553963666	1.405491e-08	2185291493	
9.283313e+05	1	545239233	9.814963e-07	1831065885	
9.283605e+05	1	1237914369	2.810982e-08	4088625113	
9.286952e+05	0	3202152185	2.351894e-07	1621314342	
9.295577e+05	0	2719204682	1.514238e-08	1649557018	
9.306919e+05	0	2669757562	2.791000e-08	2545005546	
9.307528e+05	1	545239233	1.216686e-06	3202152185	
9.310343e+05	0	550176535	1.405491e-08	66987975	
9.311589e+05	1	545239233	1.230741e-06	3707800333	
9.316313e+05	1	545239233	1.258850e-06	1960974751	
9.322993e+05	1	545239233	1.272905e-06	66987975	
9.328016e+05	0	545239233	1.272905e-06	79461789	
9.343068e+05	1	545239233	1.286960e-06	2733144751	
9.348522e+05	0	2799798816	9.876147e-07	921425487	
9.363926e+05	1	545239233	1.301015e-06	734120091	
9.381830e+05	0	4032129539	2.930836e-08	3891448235	
9.381980e+05	1	545239233	1.315070e-06	649593533	
9.389327e+05	1	545239233	1.329125e-06	175860597	
9.420027e+05	0	545239233	1.329125e-06	79461789	
9.421267e+05	1	545239233	1.343180e-06	79461789	
9.434503e+05	1	545239233	1.357235e-06	1553963666	
9.437373e+05	1	545239233	1.371290e-06	309459595	
9.463611e+05	0	2649056468	1.405491e-08	1674415855	
9.485396e+05	0	545239233	1.371290e-06	843517319	
9.496659e+05	0	1237914369	2.810982e-08	2185291493	
9.499500e+05	0	259930472	4.191000e-08	2440120768	
9.508380e+05	0	545239233	1.371290e-06	2016090987	
9.523305e+05	3	545239233	1.371290e-06	3833074883	481049431	1.400000e-08	2950407739	1.410982e-08	
9.523965e+05	0	545239233	1.371290e-06	481049431	
9.526352e+05	1	545239233	1.385290e-06	481049431	
9.526900e+05	1	1572835533	1.864311e-06	77395223	
9.532159e+05	0	545239233	1.385290e-06	1674415855	
9.532538e+05	1	545239233	1.399345e-06	1674415855	
9.535922e+05	0	3004792470	8.817484e-07	1820499179	
9.553511e+05	0	545239233	1.399345e-06	483021244	
9.570889e+05	1	545239233	1.413454e-06	2950407739	
9.626372e+05	1	545239233	1.427509e-06	2649056468	
9.638039e+05	3	1826422368	1.686862e-08	1292023300	72955594	1.400000e-08	
9.655586e+05	3	1002680420	1.405491e-08	72955594	1771264541	1.400000e-08	
9.679087e+05	1	545239233	1.441564e-06	1462644303	
9.732126e+05	1	545239233	1.455619e-06	2016090987	
9.758238e+05	1	2799798816	1.001742e-06	1565786989	
9.759253e+05	1	129185354	5.656418e-08	4055959668	
9.826300e+05	1	1572835533	1.878402e-06	783121895	
9.882934e+05	0	3004792470	8.817484e-07	253808213	
9.906073e+05	1	2014426858	3.754455e-08	4285226245	
9.924410e+05	1	476505668	6.720752e-07	2878871175	
9.938319e+05	1	545239233	1.469674e-06	4287239676	
9.947922e+05	3	1075699702	9.846029e-07	3396227953	2353028958	1.400000e-08	2980075456	1.558868e-08	3449694611	1.558868e-08	1194638860	1.558868e-08	114837353	1.558868e-08	2341758500	1.558868e-08	
1.004461e+06	1	1075699702	9.986029e-07	2353028958	
1.004905e+06	1	545239233	1.483729e-06	3528190190	
1.016264e+06	1	129185354	7.094566e-08	1371202285	
1.017202e+06	0	4119421155	3.529148e-08	1649557018	
1.025654e+06	1	545239233	1.497729e-06	1771264541	
1.035250e+06	1	2799798816	1.039287e-06	2014426858	
1.036284e+06	1	545239233	1.511784e-06	2348040613	
1.037130e+06	1	545239233	1.525839e-06	1002680420	
1.043371e+06	3	250719570	1.572557e-08	3111692719	651046398	1.400000e-08	
1.044409e+06	1	250719570	2.972557e-08	651046398	
1.049334e+06	1	1075699702	1.014192e-06	3449694611	
1.054246e+06	0	3314075649	1.438148e-08	1649557018	
1.055164e+06	3	2719204682	1.519729e-08	2475979558	2780384598	1.400000e-08	
1.055357e+06	1	1572835533	1.895790e-06	301219709	
1.068643e+06	0	659524895	2.791000e-08	134948105	
1.079120e+06	3	1572835533	1.895790e-06	3357643131	1061526795	1.400000e-08	3342541004	1.415926e-08	
1.079576e+06	1	1572835533	1.909950e-06	3342541004	
1.080457e+06	0	3004792470	8.817484e-07	2716949832	
1.086338e+06	1	1572835533	1.923950e-06	1061526795	
1.091740e+06	0	1902671923	1.465050e-08	1896745001	
1.113146e+06	0	545239233	1.525839e-06	2719204682	
1.118602e+06	1	1572835533	1.939538e-06	114837353	
1.127362e+06	0	545239233	1.525839e-06	3381587904	
1.128381e+06	3	2440120768	1.400000e-08	1055469694	1577969976	1.439972e-08	695939830	1.439972e-08	
1.134058e+06	0	333964007	5.582000e-08	1649557018	
1.136788e+06	0	769686034	9.773000e-08	1820499179	
1.136879e+06	1	3004792470	9.096584e-07	811613008	
1.151376e+06	0	3824069879	2.791000e-08	2504591099	
1.153734e+06	0	1572835533	1.939538e-06	2369258877	
1.157140e+06	3	250719570	1.872064e-08	3059144981	229435916	1.419660e-08	1850435983	1.419660e-08	
1.157143e+06	1	250719570	3.291725e-08	1850435983	
1.169619e+06	0	2799798816	1.039287e-06	1649557018	
1.170744e+06	1	1075699702	1.042102e-06	3519923770	
1.177509e+06	3	1194638860	1.678597e-08	2719204682	19131048	1.400000e-08	
1.181552e+06	3	4069401935	2.562917e-08	19131048	2426951832	1.767183e-08	
1.182908e+06	1	1068020906	9.546251e-04	1128056158	
1.189268e+06	0	3004792470	9.096584e-07	825415804	
1.189352e+06	0	333964007	5.582000e-08	1950077488	
1.220074e+06	1	2235064901	1.259370e-06	1649557018	
1.220896e+06	0	545239233	1.525839e-06	2504591099	
1.225419e+06	1	1572835533	1.965167e-06	4069401935	
1.227541e+06	1	1075699702	1.070012e-06	3988949870	
1.230199e+06	0	1572835533	1.965167e-06	37613351	
1.230217e+06	0	4119421155	3.529148e-08	3381587904	
1.236141e+06	3	483021244	1.405491e-08	2780384598	3089865955	1.400000e-08	
1.240369e+06	1	3802520055	7.069160e-08	1621314342	
1.257772e+06	1	1068020906	9.546398e-04	472358284	
1.272644e+06	1	2235064901	1.287480e-06	1237914369	
1.276143e+06	0	1572835533	1.965167e-06	2341758500	
1.279835e+06	0	1075699702	1.070012e-06	3167902617	
1.283542e+06	0	4119421155	3.529148e-08	3428193420	
1.300804e+06	0	1572835533	1.965167e-06	1950077488	
1.305468e+06	0	3381587904	1.405491e-08	3089865955	
1.314825e+06	0	1075699702	1.070012e-06	3428193420	
1.341724e+06	0	1820499179	1.465418e-08	1541925803	
1.347793e+06	0	2185291493	1.405491e-08	3089865955	
1.361826e+06	1	545239233	1.539894e-06	3381587904	
1.366458e+06	0	134948105	1.465050e-08	3089865955	
1.366820e+06	1	2799798816	1.053483e-06	229435916	
1.372722e+06	1	1075699702	1.084393e-06	3314075649	
1.384336e+06	1	1075699702	1.112335e-06	3167902617	
1.388877e+06	1	1075699702	1.129739e-06	1503202005	
1.392587e+06	0	1123501568	2.043282e-08	1826422368	
1.399301e+06	1	1075699702	1.186267e-06	2919643181	
1.418662e+06	1	373638573	1.000000e+00	3392858646	
1.450577e+06	1	1572835533	2.035859e-06	3802520055	
1.474620e+06	1	3534547045	1.055634e-06	3537925318	
1.475769e+06	1	1075699702	1.229103e-06	2451350669	
1.477709e+06	3	164438789	1.400000e-08	1826422368	3526559023	1.538931e-08	73116178	1.538931e-08	
1.478605e+06	1	1572835533	2.053262e-06	3736523900	
1.485274e+06	0	1452489764	1.519263e-08	754560055	
1.491471e+06	1	1075699702	1.243753e-06	1902671923	
1.494122e+06	0	545239233	1.539894e-06	550176535	
1.499899e+06	0	1572835533	2.053262e-06	2341758500	
1.518931e+06	1	545239233	1.553949e-06	483021244	
1.524135e+06	1	1075699702	1.260539e-06	1194638860	
1.526375e+06	1	2799798816	1.068134e-06	134948105	
1.528795e+06	1	545239233	1.568004e-06	2185291493	
1.536919e+06	0	659524895	2.791000e-08	1931993247	
1.551224e+06	1	545239233	1.582385e-06	754560055	
1.555071e+06	3	1820499179	1.530468e-08	1246511018	2654473721	1.400000e-08	
1.566738e+06	0	2341758500	1.558868e-08	37613351	
1.572408e+06	0	2799798816	1.068134e-06	3428193420	
1.589812e+06	1	2519559028	5.620638e-07	1737134642	
1.592049e+06	0	1075699702	1.260539e-06	1950077488	
1.595314e+06	0	2235064901	1.287480e-06	550176535	
1.598718e+06	1	1572835533	2.075395e-06	1593850299	
1.612341e+06	1	1572835533	2.090984e-06	2980075456	
1.615504e+06	0	1075699702	1.260539e-06	3526559023	
1.627449e+06	1	1075699702	1.284830e-06	3428193420	
1.658856e+06	1	373638573	1.000000e+00	1896745001	
1.664045e+06	1	545239233	1.596385e-06	3089865955	
1.680994e+06	0	250719570	3.291725e-08	2261252686	
1.693924e+06	3	259930472	2.992592e-08	2545005546	2564127097	1.994704e-08	3554620561	1.994704e-08	
1.700643e+06	3	179097684	5.498659e-07	825415804	2789301560	2.321710e-08	
1.700689e+06	1	179097684	5.730830e-07	2789301560	
1.705550e+06	0	2710766136	2.791000e-08	2716949832	
1.731345e+06	1	1572835533	2.111894e-06	2521380987	
1.735913e+06	1	3534547045	1.069689e-06	550176535	
1.767445e+06	0	259930472	2.992592e-08	1820499179	
1.770387e+06	1	373638573	1.000000e+00	847040419	
1.777190e+06	1	2235064901	1.301884e-06	3755198008	
1.813622e+06	1	3534547045	1.084344e-06	1950077488	
1.821796e+06	3	1572835533	2.111894e-06	4119421155	3201932102	1.400000e-08	3527214469	2.129148e-08	
1.837792e+06	1	1572835533	2.133186e-06	3527214469	
1.854274e+06	1	2564127097	3.394704e-08	2654473721	
1.916769e+06	1	1572835533	2.147567e-06	37613351	
1.924041e+06	0	3393811039	1.472778e-08	4209590891	
1.939029e+06	1	1572835533	2.163156e-06	2341758500	
1.945207e+06	1	1572835533	2.191066e-06	6723929	
1.958466e+06	1	129185354	8.559616e-08	3293059020	
1.963850e+06	1	3004792470	9.313202e-07	3363823620	
1.964523e+06	3	2564127097	1.788802e-08	1931993247	224410298	1.539340e-08	3967778277	1.539340e-08	
1.995905e+06	0	1035492323	2.791000e-08	224410298	
2.010550e+06	0	3554620561	1.994704e-08	3201932102	
2.076239e+06	0	2799798816	1.068134e-06	2440120768	
2.149570e+06	1	1572835533	2.218976e-06	3891448235	
2.190085e+06	1	2235064901	1.316955e-06	2681498831	
2.240849e+06	0	1075699702	1.284830e-06	1452489764	
2.241698e+06	0	1572835533	2.218976e-06	3526559023	
2.305797e+06	1	1075699702	1.312740e-06	1035492323	
2.319955e+06	1	1075699702	1.328133e-06	3967778277	
2.322144e+06	0	3554620561	1.994704e-08	164438789	
2.343000e+06	0	1572835533	2.218976e-06	224410298	
2.345669e+06	3	1075699702	2.314278e-06	2799798816	1759850032	1.639782e-08	2704180049	1.639782e-08	287394855	1.639782e-08	2670951229	1.639782e-08	2367820772	1.639782e-08	
2.357412e+06	1	1075699702	2.330676e-06	287394855	
2.359293e+06	1	2235064901	1.332148e-06	1452489764	
2.398655e+06	1	1075699702	2.347073e-06	1759850032	
2.440772e+06	1	1572835533	2.236648e-06	2426951832	
2.448689e+06	0	443746396	2.791000e-08	1820499179	
2.450273e+06	1	1075699702	2.361473e-06	1577969976	
2.454507e+06	1	1572835533	2.266573e-06	259930472	
2.476919e+06	3	129185354	7.924500e-08	73116178	771359632	2.174047e-08	
2.494367e+06	0	771359632	2.174047e-08	463844675	
2.511065e+06	3	771359632	1.943156e-08	2367820772	4186562710	1.870673e-08	
2.516974e+06	0	2716949832	1.886455e-08	164438789	
2.547175e+06	1	1075699702	2.377871e-06	2670951229	
2.595021e+06	1	1068020906	9.546677e-04	443746396	
2.598384e+06	0	1572835533	2.266573e-06	164438789	
2.609891e+06	1	1068020906	9.547235e-04	333964007	
2.621819e+06	3	4186562710	1.943450e-08	3393811039	3211480542	1.400000e-08	
2.633140e+06	1	1075699702	2.395274e-06	2213923665	
2.699269e+06	1	1075699702	2.409274e-06	3211480542	
2.754568e+06	0	2235064901	1.332148e-06	1123501568	
2.851715e+06	1	373638573	1.000000e+00	937177227	
2.855027e+06	1	373638573	1.000000e+00	406745133	
2.868647e+06	3	179097684	5.730830e-07	3020817656	346987663	1.400000e-08	1922039940	1.567125e-08	2110688926	1.567125e-08	
2.868754e+06	0	179097684	5.730830e-07	1922039940	
2.868835e+06	1	179097684	5.887542e-07	1922039940	
2.868863e+06	0	179097684	5.887542e-07	2110688926	
2.868914e+06	1	179097684	6.044255e-07	2110688926	
2.869366e+06	0	179097684	6.044255e-07	346987663	
2.870296e+06	1	179097684	6.184255e-07	346987663	
2.872952e+06	0	2704180049	1.639782e-08	375852842	
2.882732e+06	0	1572835533	2.266573e-06	2564127097	
2.886838e+06	0	2235064901	1.332148e-06	1820499179	
2.896485e+06	1	3004792470	9.507547e-07	4186562710	
2.923533e+06	1	3534547045	1.102232e-06	2564127097	
2.932522e+06	1	1075699702	2.423274e-06	1507417240	
2.935706e+06	0	179097684	6.184255e-07	1820499179	
2.946557e+06	0	3534547045	1.102232e-06	1123501568	
2.956513e+06	1	1075699702	2.443221e-06	3554620561	
3.085290e+06	1	545239233	1.611690e-06	1820499179	
3.089561e+06	1	3534547045	1.122664e-06	1123501568	
3.136506e+06	1	1068020906	9.547514e-04	2710766136	
3.229448e+06	1	1068020906	9.547654e-04	375852842	
3.367385e+06	1	1572835533	2.281963e-06	3526559023	
3.417270e+06	1	545239233	1.625690e-06	164438789	
3.456413e+06	3	2235064901	1.332148e-06	3534547045	1314810707	1.434483e-08	2472898255	1.402936e-08	3459912306	1.402936e-08	1598213090	1.402936e-08	1495382923	1.402936e-08	722767024	1.402936e-08	515125813	1.402936e-08	1298902656	1.402936e-08	3532628785	1.402936e-08	826924968	1.402936e-08	3190311976	1.402936e-08	841878026	1.402936e-08	2747938267	1.402936e-08	3177521820	1.402936e-08	3363025910	1.402936e-08	1290268226	1.402936e-08	764400056	1.402936e-08	1517815290	1.402936e-08	66064165	1.402936e-08	2766526296	1.402936e-08	2454553876	1.402936e-08	1923515514	1.402936e-08	3339828518	1.402936e-08	105819081	1.402936e-08	533433650	1.402936e-08	1601889739	1.402936e-08	381652938	1.402936e-08	96665495	1.402936e-08	1342185090	1.402936e-08	149784911	1.402936e-08	85224627	1.402936e-08	1965662198	1.402936e-08	110439229	1.402936e-08	1449522982	1.402936e-08	3279439195	1.402936e-08	360107933	1.402936e-08	1657444763	1.402936e-08	58759274	1.402936e-08	2135013218	1.402936e-08	470332523	1.402936e-08	3217169414	1.402936e-08	3030801476	1.402936e-08	2208266878	1.402936e-08	3715668764	1.402936e-08	3418547556	1.402936e-08	355298688	1.402936e-08	4193709834	1.402936e-08	584993009	1.402936e-08	1499007652	1.402936e-08	755060644	1.402936e-08	3270476896	1.402936e-08	3934203265	1.402936e-08	1292024166	1.402936e-08	1323984060	1.402936e-08	4197927596	1.402936e-08	1414892502	1.402936e-08	4201342597	1.402936e-08	2391696826	1.402936e-08	4138371369	1.402936e-08	3590332688	1.402936e-08	1745749016	1.402936e-08	2711965517	1.402936e-08	2933223072	1.402936e-08	1987038079	1.402936e-08	3797386594	1.402936e-08	1280619132	1.402936e-08	4105879141	1.402936e-08	3088551619	1.402936e-08	3443287411	1.402936e-08	3981989558	1.402936e-08	1165174376	1.402936e-08	3467386575	1.402936e-08	4263904522	1.402936e-08	4267941538	1.402936e-08	3372193553	1.402936e-08	3681452412	1.402936e-08	2604064924	1.402936e-08	3458662533	1.402936e-08	762210064	1.402936e-08	570164134	1.402936e-08	
3.456413e+06	1	1314810707	2.837419e-08	570164134	
3.456413e+06	1	1314810707	4.240355e-08	2472898255	
3.456413e+06	1	1598213090	2.805872e-08	3459912306	
3.456413e+06	1	762210064	2.805872e-08	3458662533	
3.456413e+06	1	1598213090	4.208808e-08	1495382923	
3.456413e+06	1	3418547556	2.805872e-08	3715668764	
3.456413e+06	1	3418547556	4.208808e-08	2208266878	
3.456413e+06	1	1598213090	5.611745e-08	722767024	
3.456413e+06	1	3418547556	5.611745e-08	355298688	
3.456413e+06	1	3418547556	7.014681e-08	4193709834	
3.456414e+06	1	826924968	2.805872e-08	3532628785	
3.456414e+06	1	3270476896	2.805872e-08	755060644	
3.456414e+06	1	826924968	4.208808e-08	1298902656	
3.456415e+06	1	3270476896	4.208808e-08	1499007652	
3.456431e+06	1	2235064901	1.346177e-06	1449522982	
3.456433e+06	1	2235064901	1.360207e-06	110439229	
3.456434e+06	1	3270476896	5.611745e-08	4263904522	
3.456445e+06	0	1923515514	1.402936e-08	1517815290	
3.456456e+06	0	2454553876	1.402936e-08	1517815290	
3.456467e+06	1	2235064901	1.374236e-06	4197927596	
3.456492e+06	1	1923515514	2.805872e-08	1290268226	
3.456497e+06	1	2235064901	1.430353e-06	3270476896	
3.456497e+06	1	2235064901	1.472757e-06	1314810707	
3.456504e+06	1	2235064901	1.486786e-06	3681452412	
3.456527e+06	0	1165174376	1.402936e-08	533433650	
3.456604e+06	0	1923515514	2.805872e-08	1657444763	
3.456673e+06	1	2235064901	1.514845e-06	1923515514	
3.456682e+06	1	2235064901	1.570962e-06	1598213090	
3.456723e+06	0	762210064	2.805872e-08	4138371369	
3.456794e+06	1	2235064901	1.584992e-06	2766526296	
3.456841e+06	1	2235064901	1.599021e-06	96665495	
3.456903e+06	0	3088551619	1.402936e-08	3339828518	
3.456976e+06	1	2235064901	1.613051e-06	2135013218	
3.457017e+06	1	2235064901	1.627080e-06	470332523	
3.457064e+06	1	2235064901	1.641109e-06	3363025910	
3.457067e+06	1	2235064901	1.711256e-06	3418547556	
3.457158e+06	1	2235064901	1.725285e-06	4267941538	
3.457188e+06	0	2235064901	1.725285e-06	149784911	
3.457201e+06	1	2235064901	1.739315e-06	3590332688	
3.457314e+06	0	2235064901	1.739315e-06	584993009	
3.457345e+06	0	2235064901	1.739315e-06	149784911	
3.457412e+06	1	2235064901	1.753344e-06	1414892502	
3.457472e+06	0	360107933	1.402936e-08	1965662198	
3.457522e+06	1	2235064901	1.767374e-06	1280619132	
3.457580e+06	1	2235064901	1.795432e-06	762210064	
3.457762e+06	1	2235064901	1.809462e-06	1987038079	
3.457786e+06	1	2235064901	1.823491e-06	515125813	
3.457991e+06	1	2235064901	1.837520e-06	4201342597	
3.458089e+06	0	2235064901	1.837520e-06	3030801476	
3.458169e+06	3	2235064901	1.837520e-06	826924968	2418772576	1.400000e-08	2105330617	1.404404e-08	964813250	1.404404e-08	
3.458184e+06	1	2235064901	1.851550e-06	2454553876	
3.458244e+06	1	3467386575	2.805872e-08	3217169414	
3.458261e+06	0	1323984060	1.402936e-08	2747938267	
3.458343e+06	0	2235064901	1.851550e-06	764400056	
3.458346e+06	1	2235064901	1.865594e-06	2105330617	
3.458362e+06	0	1323984060	1.402936e-08	1657444763	
3.458441e+06	1	2235064901	1.879623e-06	584993009	
3.458542e+06	1	2235064901	1.893652e-06	3279439195	
3.458771e+06	1	2235064901	1.907682e-06	2711965517	
3.459008e+06	1	2235064901	1.935741e-06	3467386575	
3.459187e+06	1	2235064901	1.949770e-06	1292024166	
3.459195e+06	0	2235064901	1.949770e-06	149784911	
3.459220e+06	1	2235064901	1.963799e-06	1745749016	
3.459303e+06	1	2235064901	1.977829e-06	58759274	
3.459878e+06	1	2235064901	1.991858e-06	3088551619	
3.459987e+06	1	2235064901	2.005887e-06	360107933	
3.459990e+06	0	2391696826	1.402936e-08	3177521820	
3.461161e+06	1	2235064901	2.019917e-06	3981989558	
3.461944e+06	1	2604064924	2.805872e-08	3030801476	
3.462026e+06	1	2235064901	2.033961e-06	964813250	
3.463068e+06	0	2235064901	2.033961e-06	149784911	
3.463307e+06	0	2604064924	2.805872e-08	149784911	
3.463379e+06	1	2235064901	2.047961e-06	2418772576	
3.463686e+06	0	381652938	1.402936e-08	3190311976	
3.463809e+06	1	2235064901	2.076019e-06	2604064924	
3.464139e+06	0	1323984060	1.402936e-08	149784911	
3.464454e+06	1	2933223072	2.805872e-08	149784911	
3.466325e+06	1	2235064901	2.090049e-06	3934203265	
3.467544e+06	1	2235064901	2.104078e-06	1657444763	
3.467670e+06	1	2235064901	2.118108e-06	1342185090	
3.467898e+06	1	2235064901	2.146166e-06	2933223072	
3.468043e+06	1	2235064901	2.160196e-06	3797386594	
3.468080e+06	1	2235064901	2.174225e-06	4138371369	
3.468492e+06	1	2235064901	2.188254e-06	381652938	
3.469565e+06	1	2235064901	2.202284e-06	764400056	
3.469663e+06	1	2235064901	2.216313e-06	66064165	
3.472431e+06	1	2235064901	2.230342e-06	1517815290	
3.477494e+06	1	2235064901	2.244372e-06	841878026	
3.478797e+06	0	1601889739	1.402936e-08	533433650	
3.479478e+06	0	2391696826	1.402936e-08	3177521820	
3.480890e+06	1	2235064901	2.258401e-06	4105879141	
3.481261e+06	1	2235064901	2.272431e-06	85224627	
3.489464e+06	3	1075699702	3.352366e-06	3004792470	2039170765	2.080476e-08	4278040469	2.080476e-08	
3.495369e+06	1	2235064901	2.286460e-06	105819081	
3.500111e+06	1	373638573	1.000000e+00	3824069879	
3.503214e+06	1	2235064901	2.300489e-06	2747938267	
3.508820e+06	0	2235064901	2.300489e-06	2391696826	
3.508915e+06	3	250719570	1.400000e-08	1601889739	241690685	1.647330e-08	1703904600	1.647330e-08	
3.511022e+06	1	2235064901	2.314519e-06	3177521820	
3.518849e+06	1	1075699702	3.373171e-06	2039170765	
3.546410e+06	0	3443287411	1.402936e-08	3190311976	
3.547912e+06	0	2235064901	2.314519e-06	1965662198	
3.555106e+06	0	2235064901	2.314519e-06	1965662198	
3.560101e+06	1	1965662198	2.805872e-08	3339828518	
3.570093e+06	1	2235064901	2.328548e-06	1323984060	
3.572290e+06	0	1965662198	2.805872e-08	3372193553	
3.583340e+06	1	2235064901	2.342577e-06	3190311976	
3.600997e+06	1	545239233	1.642163e-06	1703904600	
3.617617e+06	1	2235064901	2.359051e-06	241690685	
3.646818e+06	1	1075699702	3.452416e-06	129185354	
3.672515e+06	1	1965662198	4.208808e-08	3372193553	
3.680860e+06	1	2235064901	2.373080e-06	1165174376	
3.755215e+06	1	545239233	1.656163e-06	250719570	
4.118630e+06	1	2235064901	2.387080e-06	3201932102	
4.182240e+06	0	1965662198	4.208808e-08	2391696826	
4.204847e+06	0	1965662198	4.208808e-08	2391696826	
4.215817e+06	1	2235064901	2.429168e-06	1965662198	
4.228458e+06	0	1572835533	2.281963e-06	2159618959	
4.369180e+06	1	373638573	1.000000e+00	474866315	
4.400743e+06	1	2235064901	2.443197e-06	3443287411	
4.462030e+06	1	1068020906	9.547933e-04	3833318790	
4.624202e+06	3	771359632	1.992333e-08	224410298	3814978291	1.490162e-08	
4.737211e+06	1	545239233	1.670192e-06	533433650	
4.918970e+06	1	1572835533	2.301886e-06	771359632	
4.944861e+06	1	373638573	1.000000e+00	4209590891	
4.947813e+06	1	545239233	1.684843e-06	2159618959	
