2.856746e+02	1	2246051850	3.070100e-07	688805295	
7.043681e+02	1	3373526895	3.070100e-07	632754209	
1.326328e+03	1	3616865126	5.582000e-08	3150420704	
1.678957e+03	1	1465560917	3.070100e-07	1790255658	
2.200857e+03	1	3150846686	3.070100e-07	2835620284	
3.738248e+03	1	941534069	5.582000e-08	40245973	
7.318001e+03	1	3534547045	3.070100e-07	925199572	
8.364623e+03	1	2455496064	5.582000e-08	3938221642	
8.702552e+03	1	2246051850	3.349200e-07	1502094437	
8.751180e+03	1	3534547045	3.349200e-07	1731090175	
9.114352e+03	1	3921011129	3.070100e-07	3908154577	
9.488125e+03	1	2125112500	5.582000e-08	3116505811	
1.126467e+04	1	3373526895	3.349200e-07	1738899943	
1.594870e+04	1	3737780296	3.070100e-07	2710766136	
1.755968e+04	1	2859795595	5.582000e-08	870323177	
1.976857e+04	1	179097684	3.070100e-07	1206764858	
2.163400e+04	1	545239233	3.070100e-07	3326748277	
2.546706e+04	1	3921011129	3.349200e-07	1134175585	
2.794842e+04	1	1465560917	3.349200e-07	259930472	
2.852001e+04	0	1631081845	2.791000e-08	582973675	
2.912322e+04	1	3373526895	3.628300e-07	582973675	
2.930351e+04	0	486050091	2.791000e-08	3800234335	
3.263409e+04	0	384163328	2.791000e-08	482917538	
3.268232e+04	1	3919821980	5.582000e-08	1661091397	
3.274776e+04	1	3150846686	3.349200e-07	636961411	
3.352261e+04	1	869234806	5.582000e-08	770580294	
3.505227e+04	1	2246051850	3.628300e-07	2937387076	
3.890368e+04	0	3150846686	3.349200e-07	1425083048	
3.943557e+04	1	4259593397	3.070100e-07	1458432161	
4.330428e+04	1	1068020906	9.545791e-04	618276123	
4.616252e+04	1	2246051850	3.907400e-07	1481166135	
4.807562e+04	1	941534069	8.373000e-08	2409063466	
5.192588e+04	1	2235064901	3.070100e-07	2178051842	
5.287690e+04	1	545239233	3.907400e-07	941534069	
5.318423e+04	1	3921011129	3.628300e-07	3061883439	
5.529920e+04	1	2984600922	3.070100e-07	3891448235	
5.940765e+04	0	3357643131	2.791000e-08	1037584679	
6.197363e+04	1	3534547045	3.628300e-07	331336395	
6.671411e+04	1	1068020906	9.546070e-04	1128709694	
6.895614e+04	1	426576124	3.070100e-07	3824069879	
7.292092e+04	0	2125112500	5.582000e-08	1123501568	
7.948005e+04	1	1572835533	3.070100e-07	2693713428	
7.968694e+04	0	2393342300	2.791000e-08	3749853089	
8.120804e+04	1	1068020906	9.546349e-04	1768543625	
8.363613e+04	1	2246051850	4.186500e-07	3071234124	
8.929382e+04	0	3534547045	3.628300e-07	1735432893	
9.272000e+04	1	3774459889	5.582000e-08	2542835646	
9.350417e+04	1	3534547045	4.186500e-07	3919821980	
1.169568e+05	0	211811971	2.791000e-08	2932274237	
1.241196e+05	1	3921011129	4.186500e-07	3616865126	
1.270658e+05	1	2246051850	4.465600e-07	6723929	
1.305792e+05	0	2455496064	5.582000e-08	387772665	
1.313744e+05	1	2235064901	3.349200e-07	3257166052	
1.345732e+05	0	1123501568	2.791000e-08	4263717482	
1.407585e+05	1	3534547045	4.465600e-07	2349140130	
1.578306e+05	0	545239233	3.907400e-07	3114612365	
1.652489e+05	0	3421887303	2.791000e-08	1631081845	
1.668444e+05	3	561528368	2.351421e-08	3114612365	3687573659	1.615289e-08	3196256300	1.615289e-08	
1.685982e+05	1	4231632140	5.142421e-08	561528368	
1.711446e+05	1	3921011129	4.465600e-07	4263717482	
1.775011e+05	1	1593850299	5.582000e-08	3933289935	
1.781900e+05	0	179097684	3.070100e-07	862710978	
1.788822e+05	0	1035492323	2.791000e-08	2046083849	
1.828992e+05	1	2984600922	3.349200e-07	3497999925	
1.850073e+05	1	4259593397	3.349200e-07	102901530	
1.858728e+05	0	3889879026	2.791000e-08	3747246174	
1.867007e+05	1	3921011129	4.744700e-07	3841896594	
2.090235e+05	1	179097684	3.349200e-07	862710978	
2.148758e+05	3	3373526895	3.628300e-07	2455496064	848448836	1.400000e-08	2211003714	2.091000e-08	2916276788	2.091000e-08	
2.155673e+05	0	3774459889	5.582000e-08	790319072	
3.105669e+05	0	1075699702	2.791000e-07	314650893	
3.129726e+05	1	1222799196	3.070100e-07	717226258	
3.253469e+05	0	3747246174	2.791000e-08	3020817656	
3.431321e+05	3	3232700421	2.543651e-08	3196256300	3696193412	1.862639e-08	
3.556483e+05	0	2340740170	2.791000e-07	211811971	
3.759626e+05	0	545239233	3.907400e-07	725558489	
3.795558e+05	3	545239233	3.907400e-07	2859795595	15308464	1.400000e-08	1239307652	2.091000e-08	1945448119	2.091000e-08	
3.844102e+05	3	545239233	3.907400e-07	2235064901	3396227953	1.400000e-08	3321237907	1.458727e-08	3187199216	1.458727e-08	3330100144	1.458727e-08	310481256	1.458727e-08	817087088	1.458727e-08	551137729	1.458727e-08	1218250404	1.458727e-08	1035956119	1.458727e-08	1211996162	1.458727e-08	188552836	1.458727e-08	2029773149	1.458727e-08	302486611	1.458727e-08	1842102965	1.458727e-08	1285693762	1.458727e-08	1078741991	1.458727e-08	2723643411	1.458727e-08	1804212609	1.458727e-08	438292632	1.458727e-08	2001290253	1.458727e-08	3147695692	1.458727e-08	3179285865	1.458727e-08	2173231515	1.458727e-08	
3.938786e+05	0	2340740170	2.791000e-07	1211996162	
3.989243e+05	1	3373526895	4.186500e-07	2125112500	
3.995913e+05	1	3921011129	4.884700e-07	848448836	
4.021634e+05	0	1227575429	2.791000e-08	1458665800	
4.354271e+05	1	2528553283	5.582000e-08	3424908067	
4.359492e+05	1	373638573	1.000000e+00	326805806	
4.443057e+05	0	3004792470	2.791000e-07	2205180068	
4.549454e+05	0	3707189490	2.791000e-08	2737363250	
4.771469e+05	1	545239233	4.186500e-07	287801793	
4.803915e+05	1	3150846686	3.535464e-07	3696193412	
4.811742e+05	1	3921011129	5.163800e-07	1631081845	
5.091579e+05	1	3373526895	4.465600e-07	3421887303	
5.118896e+05	1	373638573	1.000000e+00	2190522392	
5.141439e+05	0	3373526895	4.465600e-07	778035964	
5.462786e+05	0	3800234335	2.791000e-08	1035956119	
5.621978e+05	0	1878784256	2.791000e-08	1327969783	
5.657903e+05	1	545239233	4.326500e-07	15308464	
5.862343e+05	0	905418128	2.791000e-08	3121047530	
5.869035e+05	3	245436729	2.463523e-08	188552836	740082705	1.786204e-08	
6.009887e+05	0	905418128	2.791000e-08	2308721517	
6.050008e+05	1	1222799196	3.349200e-07	1037584679	
6.285841e+05	1	3921011129	5.678042e-07	4231632140	
6.287072e+05	3	725558489	1.400000e-08	310481256	2795063678	1.424864e-08	3642829293	1.424864e-08	
6.369874e+05	0	1493201942	2.791000e-08	1285693762	
6.484189e+05	0	2519559028	2.791000e-07	3988949870	
6.762346e+05	0	3747246174	2.791000e-08	3704423751	
6.810280e+05	0	1075699702	2.791000e-07	2919643181	
6.894793e+05	3	4122240121	2.517977e-08	3241671100	2707128518	1.532011e-08	474866315	1.532011e-08	
6.897843e+05	0	3534547045	4.465600e-07	1494141940	
6.911292e+05	1	3150846686	3.814564e-07	1379399837	
7.166693e+05	3	164438789	1.400000e-08	438292632	1639799867	1.424864e-08	1026028388	1.424864e-08	
7.367810e+05	0	2956861855	2.791000e-08	290926289	
7.443121e+05	0	2528553283	5.582000e-08	3889879026	
7.602637e+05	1	3373526895	4.611473e-07	3187199216	
7.674221e+05	3	1503861029	1.400000e-08	2001290253	1128056158	1.424864e-08	2909632847	1.424864e-08	
8.092601e+05	3	3747246174	1.400000e-08	3020817656	937177227	2.091000e-08	3393811039	2.091000e-08	
8.117799e+05	0	3393811039	2.091000e-08	937177227	
8.181662e+05	0	3393811039	2.091000e-08	3747246174	
8.261127e+05	3	1075699702	2.673125e-07	3037779432	611212867	1.984873e-08	1104410542	1.984873e-08	
8.417947e+05	1	3393811039	3.491000e-08	3747246174	
8.493660e+05	0	3737780296	3.070100e-07	405521437	
8.589541e+05	1	179097684	3.628300e-07	3704423751	
8.898276e+05	3	3373526895	4.611473e-07	3150846686	2328232000	2.072506e-08	2999719241	1.442925e-08	1931993247	1.442925e-08	1494850122	1.442925e-08	3414514926	1.442925e-08	2312786130	1.442925e-08	3537925318	1.442925e-08	1634407402	1.442925e-08	3869596591	1.442925e-08	3375523036	1.442925e-08	772925454	1.442925e-08	2215785330	1.442925e-08	3491092596	1.442925e-08	57770090	1.442925e-08	3071577057	1.442925e-08	1452489764	1.442925e-08	4260098875	1.442925e-08	3696843781	1.442925e-08	2138100036	1.442925e-08	1726701215	1.442925e-08	1412415798	1.442925e-08	375852842	1.442925e-08	3593732192	1.442925e-08	3888264012	1.442925e-08	313359544	1.442925e-08	217284033	1.442925e-08	
8.900816e+05	1	3537925318	2.885851e-08	3414514926	
8.913164e+05	1	3534547045	4.744700e-07	2308721517	
9.023982e+05	1	373638573	1.000000e+00	811613008	
9.033150e+05	1	3373526895	4.755765e-07	3071577057	
9.040004e+05	1	1726701215	2.885851e-08	772925454	
9.064708e+05	1	1726701215	4.328776e-08	375852842	
9.163752e+05	2	2723643411	1.517455e-08	1035956119	2151269300	1.400000e-08	
9.345458e+05	0	343742982	2.791000e-08	953296898	
9.549608e+05	3	2737363250	2.175792e-08	3321237907	3913511150	2.073936e-08	
9.559224e+05	0	873214132	2.791000e-08	1026028388	
9.757948e+05	0	2246051850	4.465600e-07	1327969783	
9.775793e+05	0	1572835533	3.070100e-07	2956861855	
9.851574e+05	1	3534547045	5.023800e-07	780264402	
9.898265e+05	1	373638573	1.000000e+00	315200650	
9.944524e+05	3	443746396	1.400000e-08	482917538	2962530363	2.091000e-08	2063946235	2.091000e-08	
1.025303e+06	1	373638573	1.000000e+00	1986278615	
1.071854e+06	0	4259593397	3.349200e-07	3382444416	
1.072743e+06	1	3004792470	3.070100e-07	1651612823	
1.078982e+06	3	3121047530	2.396497e-08	1412415798	1172086036	1.837428e-08	
1.083094e+06	1	3121047530	4.233925e-08	1172086036	
1.087955e+06	0	245436729	2.463523e-08	2029773149	
1.108431e+06	2	474866315	1.556875e-08	2909632847	690117576	1.400000e-08	
1.121636e+06	3	2779686750	1.400000e-08	858320168	3288380490	2.091000e-08	845665321	2.091000e-08	
1.134494e+06	3	3462747	2.165054e-08	1347872676	3122982648	1.708473e-08	1471982444	1.708473e-08	
1.135305e+06	0	3921011129	5.678042e-07	3126241903	
1.137695e+06	1	373638573	1.000000e+00	1458665800	
1.148381e+06	0	257754683	2.791000e-08	1218250404	
1.149001e+06	1	3921011129	5.957142e-07	1123501568	
1.158292e+06	1	3373526895	4.964865e-07	1945448119	
1.200265e+06	0	486050091	2.791000e-08	845665321	
1.200621e+06	3	4259593397	3.349200e-07	1075699702	3303338876	1.400000e-08	2875471576	1.407292e-08	1738909006	1.407292e-08	356405251	1.407292e-08	2879167783	1.407292e-08	3083352544	1.407292e-08	4198169764	1.407292e-08	821115011	1.407292e-08	2118016430	1.407292e-08	1945735688	1.407292e-08	4093093422	1.407292e-08	2842015324	1.407292e-08	1249238030	1.407292e-08	3214077756	1.407292e-08	879162223	1.407292e-08	3884425642	1.407292e-08	1149406307	1.407292e-08	3528332227	1.407292e-08	4004407106	1.407292e-08	
1.202417e+06	0	873214132	2.791000e-08	2118016430	
1.233655e+06	1	3004792470	3.349200e-07	405521437	
1.234171e+06	0	4259593397	3.349200e-07	4004407106	
1.243569e+06	1	373638573	1.000000e+00	2046083849	
1.269779e+06	3	1584276479	1.400000e-08	3126241903	451270221	2.091000e-08	3149440925	2.091000e-08	
1.292573e+06	3	3823443426	2.767459e-08	3147695692	2250775120	1.482268e-08	
1.298744e+06	1	3534547045	5.302900e-07	2038493855	
1.344214e+06	0	387772665	2.791000e-08	2211003714	
1.348127e+06	1	1222799196	3.489929e-07	1738909006	
1.361893e+06	1	373638573	1.000000e+00	3197676583	
1.377387e+06	1	3534547045	5.582000e-07	778035964	
1.383763e+06	0	1465560917	3.349200e-07	3129006749	
1.384735e+06	0	905418128	2.791000e-08	3621383820	
1.407170e+06	1	2246051850	4.621287e-07	474866315	
1.443993e+06	1	373638573	1.000000e+00	873214132	
1.459466e+06	0	179097684	3.628300e-07	3889879026	
1.461183e+06	2	3373526895	5.077400e-07	2870158420	1130108289	1.665649e-08	
1.462045e+06	1	4259593397	3.489929e-07	356405251	
1.467825e+06	0	2718413753	2.791000e-08	257754683	
1.478539e+06	3	1735432893	1.400000e-08	3749853089	2177968201	2.091000e-08	2914302410	2.091000e-08	
1.500850e+06	3	3393811039	1.400000e-08	3889879026	3655816389	1.627333e-08	3485819286	1.627333e-08	1382686479	1.627333e-08	
1.501918e+06	0	1382686479	1.627333e-08	3485819286	
1.502010e+06	0	3485819286	1.627333e-08	3393811039	
1.507198e+06	3	3921011129	5.957142e-07	3373526895	1803925302	2.514931e-08	3293059020	1.419384e-08	378125977	1.419384e-08	2159618959	1.419384e-08	2441325815	1.419384e-08	3401497744	1.419384e-08	4069401935	1.419384e-08	134948105	1.419384e-08	1998372786	1.419384e-08	2455922112	1.419384e-08	3059103076	1.419384e-08	432337108	1.419384e-08	1902671923	1.419384e-08	4209590891	1.419384e-08	77395223	1.419384e-08	3592986772	1.419384e-08	1246511018	1.419384e-08	3986570268	1.419384e-08	174500547	1.419384e-08	4083845756	1.419384e-08	110358663	1.419384e-08	1370908750	1.419384e-08	1837234470	1.419384e-08	2945849429	1.419384e-08	66296937	1.419384e-08	976558236	1.419384e-08	2438291630	1.419384e-08	906368509	1.419384e-08	3783228500	1.419384e-08	2858952728	1.419384e-08	395113485	1.419384e-08	4019363830	1.419384e-08	3016084464	1.419384e-08	921818415	1.419384e-08	2892683898	1.419384e-08	
1.507198e+06	1	1803925302	3.934316e-08	3293059020	
1.507198e+06	1	1803925302	5.353700e-08	2892683898	
1.507725e+06	1	3059103076	2.838769e-08	134948105	
1.508934e+06	1	3921011129	6.099081e-07	906368509	
1.509894e+06	2	1842102965	1.501653e-08	3696843781	3697249003	1.400000e-08	
1.510560e+06	1	3921011129	6.241019e-07	4019363830	
1.511416e+06	1	3921011129	6.382957e-07	110358663	
1.513209e+06	1	3921011129	6.524896e-07	2438291630	
1.514972e+06	1	3921011129	6.666834e-07	1370908750	
1.515314e+06	0	1382686479	1.627333e-08	3655816389	
1.525066e+06	1	3921011129	6.808773e-07	1998372786	
1.540743e+06	3	3921011129	6.808773e-07	3059103076	3983774618	1.400000e-08	4187488967	1.438769e-08	
1.541915e+06	1	3921011129	6.950711e-07	395113485	
1.551663e+06	1	373638573	1.000000e+00	129185354	
1.551964e+06	0	3149440925	2.091000e-08	174500547	
1.563452e+06	0	3149440925	2.091000e-08	4187488967	
1.576954e+06	0	2528553283	5.582000e-08	432337108	
1.588183e+06	1	3921011129	7.092650e-07	976558236	
1.590861e+06	3	4252347608	1.400000e-08	1382686479	898751805	1.509167e-08	3632514288	1.509167e-08	
1.596179e+06	3	1026028388	1.424864e-08	1735432893	410848061	1.400000e-08	
1.609562e+06	0	3921011129	7.092650e-07	3592986772	
1.612811e+06	1	373638573	1.000000e+00	3555679070	
1.613637e+06	1	373638573	1.000000e+00	790319072	
1.619325e+06	0	845665321	2.091000e-08	3642829293	
1.622960e+06	0	3632514288	1.509167e-08	4252347608	
1.623322e+06	1	3921011129	7.234588e-07	1837234470	
1.627055e+06	0	3357643131	2.791000e-08	1078741991	
1.632137e+06	1	2246051850	4.819775e-07	611212867	
1.635751e+06	0	2340740170	2.791000e-07	3357643131	
1.655623e+06	2	740082705	1.844931e-08	2029773149	2791633391	1.400000e-08	
1.657869e+06	1	3921011129	7.376527e-07	77395223	
1.658974e+06	1	373638573	1.000000e+00	4093093422	
1.662521e+06	1	545239233	4.605600e-07	2074240873	
1.681795e+06	3	4046076794	1.400000e-08	1246511018	630280293	1.405192e-08	4212779140	1.405192e-08	
1.693494e+06	0	1572835533	3.070100e-07	4046076794	
1.695059e+06	0	2737363250	2.175792e-08	2779686750	
1.699423e+06	0	3129006749	2.791000e-08	3179285865	
1.699438e+06	1	1222799196	3.769029e-07	3736894086	
1.701572e+06	2	245436729	2.482908e-08	921818415	3459374364	1.400000e-08	
1.707453e+06	0	3921011129	7.376527e-07	3707189490	
1.712704e+06	2	3288380490	2.133925e-08	4260098875	2125331604	1.400000e-08	
1.721477e+06	3	3534547045	5.582000e-07	1803925302	3113062634	1.400000e-08	847040419	1.976850e-08	4240624600	1.976850e-08	
1.721538e+06	1	3534547045	5.779685e-07	847040419	
1.723077e+06	1	3534547045	5.977370e-07	4240624600	
1.724066e+06	1	3534547045	6.117370e-07	3113062634	
1.735128e+06	0	486050091	2.791000e-08	2999719241	
1.749654e+06	0	937177227	2.091000e-08	4252347608	
1.788053e+06	0	197654791	2.791000e-08	242414939	
1.799004e+06	3	197654791	1.400000e-08	1931993247	1565786989	1.416963e-08	2286860921	1.416963e-08	
1.802500e+06	2	3913511150	2.132663e-08	1804212609	3707879645	1.400000e-08	
1.820801e+06	0	911013108	2.791000e-08	1963165541	
1.825202e+06	2	1222799196	3.837299e-07	2063946235	2746930994	1.408297e-08	
1.828428e+06	1	3921011129	7.518465e-07	66296937	
1.829924e+06	2	2328232000	2.091891e-08	4069401935	4075596975	1.400000e-08	
1.830096e+06	1	179097684	3.837400e-07	2914302410	
1.842058e+06	3	3593732192	1.442925e-08	410848061	4283280385	1.400000e-08	
1.842799e+06	1	3921011129	7.662342e-07	4187488967	
1.845687e+06	1	1572835533	3.212586e-07	3642829293	
1.854153e+06	1	3534547045	6.326470e-07	2177968201	
1.860877e+06	0	2250879299	2.791000e-08	2707128518	
1.863547e+06	0	1452489764	1.442925e-08	197654791	
1.877888e+06	2	3330100144	1.501653e-08	2215785330	538453177	1.400000e-08	
1.887763e+06	1	373638573	1.000000e+00	953296898	
1.893776e+06	3	3232700421	2.543651e-08	4046076794	3121292019	1.400000e-08	
1.912729e+06	0	1726701215	4.328776e-08	1321648343	
1.915224e+06	1	373638573	1.000000e+00	821115011	
1.928220e+06	0	3534547045	6.326470e-07	3986570268	
1.928949e+06	1	545239233	4.884700e-07	387772665	
1.935575e+06	2	3485819286	1.854667e-08	3655816389	3349724438	1.400000e-08	
1.936047e+06	0	740082705	1.844931e-08	3888264012	
1.943071e+06	0	3921011129	7.662342e-07	3783228500	
1.953022e+06	3	898751805	1.509167e-08	3393811039	4253718737	1.400000e-08	
1.953177e+06	0	3485819286	1.854667e-08	3349724438	
1.959473e+06	1	898751805	2.909167e-08	4253718737	
1.963473e+06	1	3921011129	7.806634e-07	2999719241	
1.967203e+06	1	545239233	5.046229e-07	3687573659	
1.980685e+06	2	3783228500	1.438769e-08	2159618959	3297362622	1.400000e-08	
1.985210e+06	0	728028737	2.791000e-08	4061687915	
2.001153e+06	1	373638573	1.000000e+00	2504591099	
2.012278e+06	0	2737363250	2.175792e-08	2441325815	
2.029213e+06	2	2737363250	2.200655e-08	1026028388	1751902433	1.400000e-08	
2.042873e+06	1	3485819286	3.254667e-08	3349724438	
2.045534e+06	1	3921011129	7.946634e-07	3297362622	
2.055554e+06	0	3179285865	1.458727e-08	2455922112	
2.070072e+06	0	2406269022	2.791000e-08	4075596975	
2.074595e+06	2	1842102965	1.544578e-08	1634407402	2878871175	1.400000e-08	
2.087091e+06	0	2945849429	1.419384e-08	2441325815	
2.092665e+06	1	179097684	3.988317e-07	3632514288	
2.102445e+06	1	373638573	1.000000e+00	2919643181	
2.114479e+06	1	3534547045	6.468408e-07	174500547	
2.125412e+06	1	1068020906	9.549140e-04	476505668	
2.131503e+06	3	451270221	1.866741e-08	3592986772	3083717413	1.643643e-08	
2.132828e+06	0	3537925318	2.885851e-08	486050091	
2.139248e+06	2	451270221	1.909667e-08	57770090	220564665	1.400000e-08	
2.139403e+06	1	179097684	4.132609e-07	2138100036	
2.160415e+06	1	3921011129	8.225734e-07	1321648343	
2.168601e+06	1	3534547045	6.608408e-07	220564665	
2.176973e+06	3	211811971	2.791000e-08	4283280385	3653734512	1.400000e-08	
2.177199e+06	3	3537925318	2.811616e-08	257754683	3815024321	1.432618e-08	1428265047	1.432618e-08	
2.203197e+06	2	1218250404	1.478112e-08	3016084464	3604532305	1.400000e-08	
2.207475e+06	1	3534547045	6.752285e-07	3783228500	
2.207967e+06	3	845665321	2.091000e-08	3604532305	1869365069	1.400000e-08	
2.208243e+06	0	3534547045	6.752285e-07	1078741991	
2.218653e+06	0	545239233	5.046229e-07	2286860921	
2.235195e+06	0	1494141940	2.791000e-08	3593732192	
2.279550e+06	0	1494141940	2.791000e-08	2779686750	
2.284854e+06	1	179097684	4.411709e-07	2406269022	
2.285158e+06	0	302486611	1.458727e-08	2455922112	
2.314673e+06	1	373638573	1.000001e+00	3774459889	
2.365741e+06	0	3084497907	2.791000e-08	3121292019	
2.372685e+06	0	1963165541	2.791000e-08	3775452048	
2.373724e+06	0	1494141940	2.791000e-08	1902671923	
2.375565e+06	1	2984600922	3.628300e-07	1434498202	
2.383775e+06	0	3357643131	2.791000e-08	740082705	
2.420751e+06	1	3921011129	8.392299e-07	1130108289	
2.446911e+06	0	2799798816	2.791000e-07	1494850122	
2.448026e+06	3	1227575429	2.791000e-08	3983774618	965372172	1.400000e-08	
2.454474e+06	3	3534547045	6.752285e-07	2528553283	607396504	1.400000e-08	2533881277	2.091000e-08	472358284	2.091000e-08	
2.458366e+06	1	3534547045	6.961385e-07	2533881277	
2.464713e+06	1	3534547045	7.170485e-07	472358284	
2.487929e+06	1	545239233	5.188167e-07	3401497744	
2.511381e+06	1	373638573	1.000001e+00	314650893	
2.518337e+06	1	373638573	1.000001e+00	1104410542	
2.522235e+06	2	551137729	1.475690e-08	2286860921	1950077488	1.400000e-08	
2.543701e+06	3	3621383820	2.298303e-08	3815024321	1820499179	1.925314e-08	
2.553650e+06	0	551137729	1.475690e-08	1950077488	
2.558342e+06	1	3534547045	7.314778e-07	3593732192	
2.565971e+06	1	3534547045	7.454778e-07	1584276479	
2.571441e+06	1	373638573	1.000001e+00	3775452048	
2.572800e+06	3	1494141940	1.400000e-08	3491092596	4055959668	1.416963e-08	528880979	1.416963e-08	
2.586960e+06	2	3149440925	2.110384e-08	1902671923	3778036871	1.400000e-08	
2.603527e+06	0	4212779140	1.405192e-08	2791633391	
2.611552e+06	0	869234806	5.582000e-08	1211996162	
2.613921e+06	2	4083845756	1.436347e-08	4055959668	1405660995	1.400000e-08	
2.659252e+06	1	3534547045	7.594778e-07	607396504	
2.666558e+06	1	545239233	5.464913e-07	3823443426	
2.702109e+06	0	1019134040	2.791000e-08	1593891639	
2.706217e+06	0	4209590891	1.419384e-08	1950077488	
2.709595e+06	1	373638573	1.000001e+00	3736601249	
2.719735e+06	0	4259593397	3.489929e-07	3913511150	
2.724046e+06	1	373638573	1.000001e+00	2746930994	
2.726862e+06	0	3534547045	7.594778e-07	1869365069	
2.733388e+06	0	545239233	5.464913e-07	2480932170	
2.735772e+06	0	845665321	2.091000e-08	3869596591	
2.737664e+06	1	1465560917	3.493493e-07	3869596591	
2.738231e+06	3	3084497907	2.302503e-08	3653734512	3662110242	1.888497e-08	
2.742824e+06	1	373638573	1.000001e+00	3913511150	
2.747418e+06	0	1218250404	1.478112e-08	2125331604	
2.757720e+06	1	3921011129	8.533996e-07	1565786989	
2.758810e+06	1	3921011129	8.675692e-07	528880979	
2.760677e+06	1	373638573	1.000001e+00	810769555	
2.766508e+06	3	1963165541	2.791000e-08	725558489	2247026945	1.400000e-08	
2.797808e+06	1	373638573	1.000001e+00	4212779140	
2.799934e+06	1	373638573	1.000001e+00	2870037616	
2.802737e+06	1	2340740170	2.935293e-07	1452489764	
2.827376e+06	0	3459374364	1.400000e-08	2779686750	
2.840898e+06	1	373638573	1.000001e+00	4188445920	
2.880006e+06	3	3485819286	1.400000e-08	937177227	4032129539	1.972833e-08	4035587434	1.972833e-08	
2.885859e+06	0	3498415124	2.791000e-08	4198169764	
2.885949e+06	0	4035587434	1.972833e-08	3485819286	
2.904529e+06	1	373638573	1.000001e+00	2440120768	
2.925418e+06	1	2246051850	5.098875e-07	1425083048	
2.944238e+06	0	2340740170	2.935293e-07	3232700421	
2.964251e+06	2	1541946641	2.798292e-08	3083352544	3111692719	1.400000e-08	
2.967566e+06	1	373638573	1.000001e+00	1444500749	
3.008216e+06	0	3534547045	7.594778e-07	1842102965	
3.025565e+06	1	373638573	1.000001e+00	2906924538	
3.038759e+06	1	3921011129	8.815692e-07	1869365069	
3.041313e+06	3	1222799196	3.535250e-07	1516068388	1398579088	1.452873e-08	2501379955	1.452873e-08	3332562587	1.452873e-08	3562383954	1.452873e-08	
3.056264e+06	1	1465560917	3.772593e-07	1963165541	
3.066982e+06	0	1465560917	3.772593e-07	211811971	
3.067308e+06	3	1222799196	3.302150e-07	2779686750	2521380987	1.865504e-08	4119421155	1.865504e-08	
3.068589e+06	0	3737780296	3.070100e-07	2669757562	
3.069299e+06	1	1222799196	3.488700e-07	4119421155	
3.075366e+06	3	486050091	1.400000e-08	2945849429	1913762779	1.405192e-08	3678948817	1.405192e-08	
3.079423e+06	3	432337108	1.419384e-08	4252347608	2489195127	1.400000e-08	
3.089039e+06	0	1222799196	3.488700e-07	2521380987	
3.108463e+06	2	2737363250	2.243581e-08	3888264012	3929228125	1.400000e-08	
3.115402e+06	3	3534547045	7.594778e-07	1222799196	3160344427	1.400000e-08	3182159117	1.455957e-08	766581564	1.455957e-08	3702894340	1.455957e-08	3532745758	1.455957e-08	1072840122	1.455957e-08	3294683754	1.455957e-08	1676003954	1.455957e-08	4285585893	1.455957e-08	2674988631	1.455957e-08	406745133	1.455957e-08	2883513480	1.455957e-08	783121895	1.455957e-08	2683944377	1.455957e-08	2961226102	1.455957e-08	301219709	1.455957e-08	1743198400	1.455957e-08	3059144981	1.455957e-08	3952655669	1.455957e-08	2848685905	1.455957e-08	1826422368	1.455957e-08	896813269	1.455957e-08	37051273	1.455957e-08	1867247157	1.455957e-08	
3.115403e+06	1	1072840122	2.911913e-08	3532745758	
3.115403e+06	1	3059144981	2.911913e-08	1743198400	
3.115412e+06	1	3534547045	7.740374e-07	4285585893	
3.116246e+06	0	3921011129	8.815692e-07	3375523036	
3.117849e+06	0	3534547045	7.740374e-07	2883513480	
3.118741e+06	1	3534547045	7.880374e-07	3160344427	
3.122923e+06	1	3534547045	8.025969e-07	1826422368	
3.126398e+06	3	3288380490	2.133925e-08	1950077488	3633199892	1.400000e-08	
3.127928e+06	1	3534547045	8.171565e-07	783121895	
3.130115e+06	2	2848685905	1.492304e-08	4083845756	1736323711	1.400000e-08	
3.130614e+06	0	3059144981	2.911913e-08	37051273	
3.132366e+06	0	2312786130	1.442925e-08	3678948817	
3.140262e+06	1	3921011129	8.961288e-07	3294683754	
3.148823e+06	1	3921011129	9.106883e-07	37051273	
3.150451e+06	2	2669757562	2.798292e-08	1149406307	283080478	1.400000e-08	
3.151212e+06	1	3534547045	8.321730e-07	3330100144	
3.162252e+06	1	2848685905	2.892304e-08	1494141940	
3.165227e+06	1	3534547045	8.467326e-07	2961226102	
3.165896e+06	3	4075596975	1.400000e-08	3396227953	785216844	1.400000e-08	
3.175781e+06	3	3059144981	2.588618e-08	3678948817	3006103420	1.728487e-08	
3.211250e+06	0	3952655669	1.455957e-08	3986570268	
3.212272e+06	3	898751805	1.400000e-08	432337108	2898323513	1.464276e-08	1199222225	1.464276e-08	
3.212392e+06	1	1199222225	2.864276e-08	898751805	
3.221543e+06	0	2246051850	5.098875e-07	1842102965	
3.241366e+06	3	2898323513	1.464276e-08	2125331604	3755198008	1.400000e-08	
3.265943e+06	2	1211996162	1.466019e-08	3528332227	2795041644	1.400000e-08	
3.274345e+06	3	2791633391	1.400000e-08	3697249003	3492274228	1.400000e-08	
3.279875e+06	1	3707189490	5.273908e-08	245436729	
3.284611e+06	3	333964007	1.400000e-08	2723643411	1420914473	1.454227e-08	439844059	1.454227e-08	
3.285642e+06	1	3921011129	9.252479e-07	2683944377	
3.286875e+06	0	2674988631	1.455957e-08	766581564	
3.289189e+06	1	373638573	1.000001e+00	3562383954	
3.289569e+06	1	3492274228	2.800000e-08	2791633391	
3.292021e+06	1	3921011129	9.398074e-07	3702894340	
3.293503e+06	0	2340740170	2.935293e-07	253808213	
3.293780e+06	0	3288380490	2.133925e-08	301219709	
3.321877e+06	0	2878871175	1.400000e-08	443746396	
3.327384e+06	0	3921011129	9.398074e-07	896813269	
3.336761e+06	0	302486611	1.458727e-08	3375523036	
3.355957e+06	1	1465560917	3.912593e-07	965372172	
3.357454e+06	1	545239233	5.716711e-07	4122240121	
3.377302e+06	1	3921011129	9.540013e-07	3986570268	
3.377847e+06	0	598947138	2.791000e-08	343742982	
3.407228e+06	1	3921011129	9.680013e-07	3633199892	
3.408749e+06	1	373638573	1.000001e+00	251961497	
3.408789e+06	0	2674988631	1.455957e-08	538453177	
3.427850e+06	2	3952655669	1.508829e-08	2501379955	3802520055	1.400000e-08	
3.429983e+06	3	1199222225	1.400000e-08	4032129539	3012889883	1.718554e-08	3363823620	1.718554e-08	
3.434884e+06	1	3363823620	3.118554e-08	1199222225	
3.437427e+06	3	3537925318	1.400000e-08	2795063678	1086559163	1.418240e-08	3063534263	1.418240e-08	
3.438092e+06	1	179097684	4.557305e-07	2674988631	
3.439606e+06	0	179097684	4.557305e-07	4035587434	
3.448801e+06	3	1541946641	2.707510e-08	1128056158	2013640095	1.515645e-08	
3.455588e+06	1	373638573	1.000001e+00	659524895	
3.533616e+06	0	2340740170	2.935293e-07	197654791	
3.535159e+06	3	3363823620	1.400000e-08	1676003954	1461359102	1.587255e-08	2027098952	1.587255e-08	
3.535423e+06	1	1461359102	2.987255e-08	3363823620	
3.535668e+06	1	3534547045	8.612921e-07	766581564	
3.554084e+06	0	2263814062	2.791000e-08	2932274237	
3.576598e+06	0	551137729	1.475690e-08	2173231515	
3.593458e+06	2	179097684	4.609940e-07	4035587434	4167430602	1.446480e-08	
3.597375e+06	0	3921011129	9.680013e-07	3802520055	
3.617969e+06	0	3921011129	9.680013e-07	406745133	
3.623112e+06	0	3778036871	1.400000e-08	3485819286	
3.623638e+06	0	406745133	1.455957e-08	1736323711	
3.623782e+06	1	3921011129	9.891051e-07	3149440925	
3.646812e+06	0	2848685905	2.892304e-08	3083717413	
3.691131e+06	1	179097684	4.757509e-07	551137729	
3.715073e+06	1	1878784256	4.198292e-08	4004407106	
3.724239e+06	3	3492274228	1.400000e-08	1493201942	4096225443	2.095500e-08	781549661	2.095500e-08	
3.728632e+06	3	2328232000	2.091891e-08	4075596975	907719639	1.400000e-08	
3.730688e+06	1	2328232000	3.491891e-08	907719639	
3.760505e+06	3	3778036871	1.400000e-08	3485819286	1906851972	1.400000e-08	
3.768095e+06	0	179097684	4.757509e-07	2027098952	
3.782622e+06	0	3921011129	9.891051e-07	3288380490	
3.789039e+06	0	179097684	4.757509e-07	2027098952	
3.796608e+06	1	3921011129	1.007990e-06	3662110242	
3.801991e+06	1	3921011129	1.037109e-06	1072840122	
3.811823e+06	2	3012889883	1.905810e-08	2027098952	2597880038	1.400000e-08	
3.824126e+06	1	3921011129	1.089848e-06	3707189490	
3.836352e+06	1	3012889883	3.305810e-08	2597880038	
3.841016e+06	3	1327969783	2.142895e-08	785216844	1896745001	2.048105e-08	
3.863939e+06	1	3921011129	1.104408e-06	3182159117	
3.865997e+06	1	2340740170	3.214393e-07	3800234335	
3.877218e+06	1	179097684	4.897509e-07	1736323711	
3.898110e+06	3	2451350669	1.400000e-08	2916276788	2378434411	1.741000e-08	1837088337	1.741000e-08	
3.925859e+06	3	211811971	2.791000e-08	3459374364	1543523724	1.400000e-08	
3.937799e+06	1	545239233	5.862584e-07	3179285865	
3.958814e+06	1	1239307652	3.491000e-08	3121292019	
3.967216e+06	3	3357643131	2.791000e-08	3778036871	1761715697	1.400000e-08	
3.977818e+06	1	545239233	6.075976e-07	3288380490	
3.985184e+06	0	2898323513	1.464276e-08	3755198008	
4.000283e+06	3	3012889883	2.908234e-08	2489195127	3099973400	1.797576e-08	
4.018076e+06	1	1572835533	3.386686e-07	1837088337	
4.020104e+06	1	373638573	1.000001e+00	3884425642	
4.047205e+06	1	179097684	5.042932e-07	1420914473	
4.118817e+06	2	2898323513	1.510756e-08	4167430602	2789348510	1.400000e-08	
4.127652e+06	0	217284033	1.442925e-08	1086559163	
4.169717e+06	1	179097684	5.252032e-07	845665321	
4.206321e+06	3	2211003714	2.079153e-08	1906851972	1371202285	1.411847e-08	
4.211822e+06	3	211811971	1.400000e-08	2521380987	629078091	1.628252e-08	754560055	1.628252e-08	
4.211860e+06	0	754560055	1.628252e-08	629078091	
4.223344e+06	0	3012889883	2.908234e-08	1371202285	
4.242379e+06	2	3083717413	1.699600e-08	896813269	1737134642	1.400000e-08	
4.256466e+06	0	179097684	5.252032e-07	2789348510	
4.265940e+06	3	3012889883	1.400000e-08	1371202285	37613351	1.460040e-08	3434666020	1.460040e-08	
4.270323e+06	0	3434666020	1.460040e-08	37613351	
4.278083e+06	0	1461359102	2.987255e-08	406745133	
4.296612e+06	1	3434666020	2.860040e-08	3012889883	
4.304320e+06	3	3099973400	1.797576e-08	3755198008	2369258877	1.400000e-08	
4.307761e+06	3	3921011129	1.104408e-06	3534547045	3563522875	2.761484e-08	249728555	1.413012e-08	4285226245	1.413012e-08	2707460946	1.413012e-08	2606325002	1.413012e-08	1541925803	1.413012e-08	2024675612	1.413012e-08	1292023300	1.413012e-08	3302973195	1.413012e-08	875106938	1.413012e-08	3314075649	1.413012e-08	2589646060	1.413012e-08	3433591204	1.413012e-08	1848242772	1.413012e-08	250719570	1.413012e-08	2681498831	1.413012e-08	481808867	1.413012e-08	2066612683	1.413012e-08	3458484829	1.413012e-08	2719204682	1.413012e-08	4256642775	1.413012e-08	2449448537	1.413012e-08	463844675	1.413012e-08	3167902617	1.413012e-08	579073438	1.413012e-08	3468130899	1.413012e-08	393090083	1.413012e-08	2343849308	1.413012e-08	1055469694	1.413012e-08	627452446	1.413012e-08	2014426858	1.413012e-08	2716949832	1.413012e-08	552634658	1.413012e-08	3736523900	1.413012e-08	2213923665	1.413012e-08	1503202005	1.413012e-08	3202152185	1.413012e-08	2622395779	1.413012e-08	3607413901	1.413012e-08	649593533	1.413012e-08	66987975	1.413012e-08	483021244	1.413012e-08	3707800333	1.413012e-08	3528190190	1.413012e-08	2185291493	1.413012e-08	550176535	1.413012e-08	1674415855	1.413012e-08	4287239676	1.413012e-08	3884987045	1.413012e-08	1960974751	1.413012e-08	309459595	1.413012e-08	2348040613	1.413012e-08	3180086772	1.413012e-08	3833074883	1.413012e-08	1462644303	1.413012e-08	4088625113	1.413012e-08	1237914369	1.413012e-08	2733144751	1.413012e-08	1649557018	1.413012e-08	1831065885	1.413012e-08	
4.307761e+06	1	3563522875	4.174496e-08	249728555	
4.307761e+06	1	3563522875	5.587508e-08	1831065885	
4.307761e+06	1	1649557018	2.826025e-08	2733144751	
4.307761e+06	1	2707460946	2.826025e-08	4285226245	
4.307794e+06	0	3563522875	5.587508e-08	250719570	
4.308116e+06	1	2707460946	4.239037e-08	1541925803	
4.308347e+06	1	3921011129	1.118538e-06	2622395779	
4.309063e+06	0	2343849308	1.413012e-08	3468130899	
4.311407e+06	1	3921011129	1.132668e-06	875106938	
4.311634e+06	1	3921011129	1.146798e-06	2066612683	
4.312375e+06	0	309459595	1.413012e-08	3167902617	
4.313193e+06	1	3921011129	1.160928e-06	649593533	
4.313825e+06	0	3736523900	1.413012e-08	1751902433	
4.314621e+06	0	1649557018	2.826025e-08	2681498831	
4.314941e+06	0	3099973400	1.797576e-08	2369258877	
4.315337e+06	0	1503202005	1.413012e-08	1055469694	
4.317328e+06	0	179097684	5.252032e-07	3802520055	
4.318899e+06	1	1237914369	2.826025e-08	627452446	
4.319241e+06	1	3921011129	1.175059e-06	2719204682	
4.321775e+06	1	3921011129	1.189189e-06	3707800333	
4.324615e+06	1	1465560917	4.191693e-07	2250879299	
4.324841e+06	1	3921011129	1.203319e-06	1055469694	
4.326736e+06	0	1674415855	1.413012e-08	2213923665	
4.326743e+06	0	3332562587	1.452873e-08	2343849308	
4.327200e+06	3	1593891639	1.400000e-08	817087088	79461789	1.424864e-08	1621314342	1.424864e-08	
4.328124e+06	3	4088625113	1.413012e-08	2878871175	2016090987	1.400000e-08	
4.328772e+06	1	3921011129	1.217449e-06	2606325002	
4.330738e+06	1	3921011129	1.231579e-06	1462644303	
4.331291e+06	3	1327969783	2.142895e-08	2247026945	1553963666	1.400000e-08	
4.331678e+06	1	1960974751	2.826025e-08	393090083	
4.332920e+06	0	3921011129	1.231579e-06	2681498831	
4.332992e+06	1	373638573	1.000001e+00	1494850122	
4.333313e+06	3	3921011129	1.231579e-06	3563522875	1002680420	1.400000e-08	734120091	2.093754e-08	2475979558	2.093754e-08	
4.335680e+06	0	37613351	1.460040e-08	3802520055	
4.336829e+06	1	3921011129	1.245709e-06	4088625113	
4.339668e+06	1	3921011129	1.259839e-06	579073438	
4.345701e+06	3	3202152185	1.413012e-08	1751902433	2649056468	1.400000e-08	
4.348967e+06	1	3921011129	1.274399e-06	406745133	
4.357836e+06	0	483021244	1.413012e-08	3302973195	
4.359085e+06	1	3921011129	1.288529e-06	2681498831	
4.364812e+06	1	3921011129	1.302659e-06	1848242772	
4.365000e+06	1	3921011129	1.323597e-06	2475979558	
4.368057e+06	1	3921011129	1.337727e-06	4287239676	
4.368401e+06	0	2449448537	1.413012e-08	2649056468	
4.372673e+06	0	1461359102	2.987255e-08	3099973400	
4.375736e+06	0	3099973400	1.797576e-08	2369258877	
4.380137e+06	1	3921011129	1.351857e-06	483021244	
4.384556e+06	1	3921011129	1.365987e-06	250719570	
4.394442e+06	1	3921011129	1.380117e-06	3180086772	
4.402197e+06	1	3921011129	1.422456e-06	3121047530	
4.403674e+06	1	179097684	5.459947e-07	2211003714	
4.407150e+06	0	3084497907	2.302503e-08	781549661	
4.409098e+06	1	3921011129	1.436586e-06	4256642775	
4.410399e+06	2	2883513480	1.468969e-08	1503202005	3381587904	1.400000e-08	
4.415295e+06	1	3921011129	1.450717e-06	3833074883	
4.417342e+06	1	3921011129	1.464847e-06	3468130899	
4.422635e+06	3	2185291493	1.413012e-08	1761715697	175860597	1.400000e-08	
4.423290e+06	1	3921011129	1.478977e-06	2213923665	
4.425379e+06	0	3433591204	1.413012e-08	2016090987	
4.426078e+06	0	2737363250	2.243581e-08	1405660995	
4.431387e+06	0	754560055	1.628252e-08	2024675612	
4.461578e+06	1	3921011129	1.493107e-06	3528190190	
4.471064e+06	0	3921011129	1.493107e-06	481808867	
4.475845e+06	0	3921011129	1.493107e-06	3202152185	
4.476934e+06	3	3083717413	1.699600e-08	3802520055	1089013536	1.400000e-08	
4.497222e+06	0	629078091	1.628252e-08	3736523900	
4.509079e+06	3	2393342300	1.400000e-08	378125977	552498239	1.405192e-08	481049431	1.405192e-08	
4.514790e+06	0	3921011129	1.493107e-06	3302973195	
4.537330e+06	1	2449448537	2.826025e-08	2589646060	
4.539890e+06	0	545239233	6.075976e-07	1327969783	
4.546171e+06	1	179097684	5.605951e-07	37613351	
4.550798e+06	3	2449448537	1.400000e-08	443746396	2950407739	1.413012e-08	72955594	1.413012e-08	
4.551730e+06	0	1649557018	2.826025e-08	3884987045	
4.555719e+06	1	3921011129	1.507237e-06	3167902617	
4.559262e+06	3	2707460946	3.033904e-08	3314075649	1771264541	2.618146e-08	
4.575545e+06	0	3921011129	1.507237e-06	1771264541	
4.578446e+06	1	179097684	5.745951e-07	538453177	
4.579535e+06	3	3357643131	2.791000e-08	2369258877	2353028958	1.400000e-08	
4.583023e+06	0	1960974751	2.826025e-08	175860597	
4.588543e+06	0	1649557018	2.826025e-08	2649056468	
4.591282e+06	3	1867247157	1.455957e-08	1002680420	2980075456	1.400000e-08	
4.594660e+06	3	2480932170	1.400000e-08	2024675612	3449694611	1.402006e-08	1194638860	1.402006e-08	
4.600523e+06	3	2911053862	1.400000e-08	2378434411	114837353	1.566000e-08	2341758500	1.566000e-08	
4.608220e+06	0	734120091	2.093754e-08	3381587904	
4.618363e+06	3	1960974751	1.400000e-08	1292023300	651046398	1.419519e-08	2780384598	1.419519e-08	
4.620963e+06	1	2246051850	5.239604e-07	2879167783	
4.625197e+06	3	3921011129	1.507237e-06	1237914369	1061526795	1.400000e-08	3342541004	1.426025e-08	
4.631407e+06	1	3921011129	1.521927e-06	2883513480	
4.631884e+06	1	3921011129	1.536187e-06	3342541004	
4.639783e+06	0	2780384598	1.419519e-08	1061526795	
4.651363e+06	2	651046398	1.432531e-08	66987975	1577969976	1.400000e-08	
4.670456e+06	1	179097684	5.908776e-07	754560055	
4.676014e+06	1	2340740170	3.354393e-07	3707879645	
4.691089e+06	3	3084497907	2.302503e-08	3381587904	695939830	1.400000e-08	
4.692912e+06	1	3921011129	1.559212e-06	3084497907	
4.697031e+06	2	3059144981	2.601631e-08	309459595	229435916	1.400000e-08	
4.697505e+06	3	3122982648	1.708473e-08	3111692719	1850435983	1.400000e-08	
4.700140e+06	0	3059144981	2.601631e-08	3006103420	
4.703126e+06	1	3921011129	1.573342e-06	2014426858	
4.706268e+06	0	734120091	2.093754e-08	695939830	
4.710699e+06	1	3921011129	1.587342e-06	1960974751	
4.714020e+06	1	179097684	6.048776e-07	1089013536	
4.715710e+06	2	651046398	1.437723e-08	552498239	19131048	1.400000e-08	
4.728963e+06	0	2707460946	3.033904e-08	2449448537	
4.731635e+06	3	3059144981	2.075720e-08	2795041644	2426951832	1.925911e-08	
4.761220e+06	3	1649557018	1.400000e-08	1156624510	3089865955	1.405675e-08	3526559023	1.405675e-08	73116178	1.405675e-08	
4.763587e+06	0	3921011129	1.587342e-06	3607413901	
4.766123e+06	0	179097684	6.048776e-07	175860597	
4.768694e+06	0	734120091	2.093754e-08	2649056468	
4.771472e+06	3	781549661	2.095500e-08	1405660995	2654473721	1.400000e-08	
4.777225e+06	1	373638573	1.000001e+00	1218250404	
4.795270e+06	1	179097684	6.188776e-07	175860597	
4.798615e+06	1	179097684	6.328776e-07	333964007	
4.804857e+06	3	1461359102	1.400000e-08	2353028958	2564127097	1.493628e-08	3554620561	1.493628e-08	
4.811235e+06	0	3357643131	2.791000e-08	2898323513	
4.813927e+06	0	3607413901	1.413012e-08	481049431	
4.818283e+06	0	2654473721	1.400000e-08	3492274228	
4.818674e+06	0	179097684	6.328776e-07	3357643131	
4.821283e+06	3	1227575429	2.791000e-08	3537925318	2789301560	1.400000e-08	
4.834796e+06	3	3006103420	1.728487e-08	2980075456	3201932102	1.400000e-08	
4.856042e+06	1	179097684	6.478139e-07	3554620561	
4.856563e+06	0	1771264541	2.618146e-08	2649056468	
4.880872e+06	1	179097684	6.627502e-07	2564127097	
4.882272e+06	0	3921011129	1.587342e-06	3201932102	
4.889310e+06	3	3382444416	2.791000e-08	283080478	3527214469	1.400000e-08	
4.889991e+06	1	179097684	6.767502e-07	1461359102	
4.930426e+06	1	3921011129	1.601342e-06	3201932102	
4.937266e+06	1	179097684	7.046602e-07	3357643131	
4.938377e+06	1	373638573	1.000001e+00	3232700421	
4.939973e+06	0	3433591204	1.413012e-08	2911053862	
4.945952e+06	0	2173231515	1.458727e-08	3302973195	
4.953010e+06	0	3921011129	1.601342e-06	463844675	
4.966914e+06	1	3921011129	1.615342e-06	211811971	
4.974670e+06	1	179097684	7.187903e-07	3884987045	
4.988689e+06	0	3921011129	1.615342e-06	3006103420	
4.995004e+06	3	2707460946	1.400000e-08	3202152185	224410298	1.523458e-08	3967778277	1.523458e-08	
5.000546e+06	1	2343849308	2.813012e-08	3492274228	
5.003487e+06	0	2328232000	3.491891e-08	2789301560	
5.007421e+06	0	2780384598	1.419519e-08	2185291493	
5.023323e+06	1	179097684	7.338979e-07	2898323513	
5.049808e+06	3	217284033	1.442925e-08	229435916	1759850032	1.400000e-08	
5.052974e+06	0	3921011129	1.615342e-06	695939830	
5.052977e+06	1	2340740170	3.495694e-07	2950407739	
5.060988e+06	3	2848685905	1.400000e-08	3006103420	2704180049	1.610395e-08	287394855	1.610395e-08	
5.061901e+06	0	2704180049	1.610395e-08	2848685905	
5.069316e+06	1	3921011129	1.629342e-06	1759850032	
5.072868e+06	0	2340740170	3.495694e-07	2704180049	
5.089361e+06	1	1403705120	2.947600e-07	2341758500	
5.091976e+06	1	3921011129	1.643771e-06	217284033	
5.101163e+06	2	2455922112	1.432397e-08	3433591204	2670951229	1.400000e-08	
5.103232e+06	3	451270221	1.909667e-08	3929228125	2367820772	1.400000e-08	
5.108966e+06	0	1771264541	2.618146e-08	451270221	
5.116408e+06	3	301219709	1.455957e-08	1061526795	771359632	1.400000e-08	
5.138837e+06	3	179097684	7.338979e-07	3434666020	4186562710	1.400000e-08	3211480542	1.460040e-08	
5.140473e+06	1	179097684	7.484983e-07	3211480542	
5.166406e+06	3	301219709	1.455957e-08	2649056468	346987663	1.400000e-08	
5.180617e+06	1	179097684	7.624983e-07	4186562710	
5.207038e+06	2	2250775120	1.500508e-08	1086559163	1922039940	1.400000e-08	
5.220814e+06	1	1465560917	4.470793e-07	2466232951	
5.236020e+06	0	2718413753	2.791000e-08	1541946641	
5.238689e+06	0	3921011129	1.643771e-06	734120091	
5.253892e+06	1	373638573	1.000001e+00	3214077756	
5.277529e+06	3	734120091	1.815772e-08	1674415855	2110688926	1.690995e-08	
5.304573e+06	1	179097684	7.764983e-07	1737134642	
5.317226e+06	2	4096225443	2.771220e-08	3059144981	1314810707	1.400000e-08	
5.330623e+06	2	545239233	8.857875e-07	2340740170	2472898255	1.427590e-08	3459912306	1.427590e-08	1598213090	1.427590e-08	1495382923	1.427590e-08	722767024	1.427590e-08	
5.332861e+06	0	179097684	7.764983e-07	2110688926	
5.333025e+06	1	179097684	7.934082e-07	2110688926	
5.336343e+06	0	869234806	5.582000e-08	3459912306	
5.348255e+06	0	179097684	7.934082e-07	734120091	
5.360676e+06	0	2328232000	3.491891e-08	1285693762	
5.371722e+06	1	3921011129	1.657902e-06	3607413901	
5.387647e+06	0	2016090987	1.400000e-08	2449448537	
5.396519e+06	2	2737363250	2.256593e-08	550176535	515125813	1.400000e-08	
5.408083e+06	2	1842102965	1.598805e-08	439844059	1298902656	1.400000e-08	
5.411725e+06	1	373638573	1.000001e+00	3012070026	
5.442844e+06	3	3952655669	1.508829e-08	2670951229	3532628785	1.400000e-08	
5.458291e+06	1	179097684	8.115660e-07	734120091	
5.473832e+06	2	2487301543	2.798292e-08	1945735688	826924968	1.400000e-08	
5.505458e+06	1	1327969783	3.580618e-08	651046398	
5.522246e+06	1	3921011129	1.671902e-06	2016090987	
5.571207e+06	0	3921011129	1.671902e-06	3458484829	
5.598520e+06	1	3921011129	1.685902e-06	1543523724	
5.624306e+06	0	73116178	1.405675e-08	690117576	
5.624788e+06	0	2716949832	1.413012e-08	3458484829	
5.636621e+06	1	545239233	8.999699e-07	3063534263	
5.638296e+06	0	242414939	2.791000e-08	2312786130	
5.654615e+06	0	179097684	8.115660e-07	2173231515	
5.667511e+06	0	3921011129	1.685902e-06	1495382923	
5.676961e+06	1	3921011129	1.700461e-06	1867247157	
5.687386e+06	0	545239233	8.999699e-07	3952655669	
5.714753e+06	1	1068020906	9.552088e-04	1403705120	
5.729845e+06	1	3921011129	1.714591e-06	2716949832	
5.739434e+06	0	2173231515	1.458727e-08	1495382923	
5.787246e+06	1	179097684	8.255660e-07	2789348510	
5.787954e+06	0	451270221	1.909667e-08	515125813	
5.789004e+06	3	2737363250	2.256593e-08	486050091	3190311976	1.400000e-08	
5.796465e+06	2	3967778277	1.632287e-08	3952655669	841878026	1.400000e-08	
5.814930e+06	2	741863299	2.798292e-08	2842015324	2747938267	1.400000e-08	
5.828152e+06	1	545239233	9.190666e-07	451270221	
5.829414e+06	1	3921011129	1.737157e-06	2737363250	
5.834911e+06	1	3921011129	1.753261e-06	2704180049	
5.841777e+06	0	2984600922	3.628300e-07	2250775120	
5.843677e+06	3	2263814062	1.400000e-08	72955594	3177521820	1.402006e-08	3363025910	1.402006e-08	
5.882745e+06	1	3921011129	1.767313e-06	1913762779	
5.911827e+06	1	373638573	1.000001e+00	879162223	
5.947117e+06	3	3498415124	1.400000e-08	4096225443	1290268226	2.081110e-08	764400056	2.081110e-08	
5.947987e+06	0	1290268226	2.081110e-08	3498415124	
5.984402e+06	1	179097684	8.398419e-07	1495382923	
5.992362e+06	1	3921011129	1.781313e-06	3190311976	
6.003508e+06	3	1327969783	1.400000e-08	2848685905	1517815290	1.790309e-08	66064165	1.790309e-08	
6.009083e+06	0	3921011129	1.781313e-06	2312786130	
6.041404e+06	1	3921011129	1.809443e-06	2343849308	
6.116842e+06	1	3921011129	1.823573e-06	2185291493	
6.179410e+06	1	1465560917	4.663324e-07	1820499179	
6.200190e+06	1	545239233	9.330666e-07	771359632	
6.219342e+06	3	3302973195	1.413012e-08	2707460946	2766526296	1.400000e-08	
6.228204e+06	3	2984600922	3.628300e-07	3004792470	2454553876	1.400000e-08	1923515514	1.458727e-08	3339828518	1.458727e-08	105819081	1.458727e-08	533433650	1.458727e-08	1601889739	1.458727e-08	381652938	1.458727e-08	96665495	1.458727e-08	1342185090	1.458727e-08	149784911	1.458727e-08	85224627	1.458727e-08	1965662198	1.458727e-08	110439229	1.458727e-08	1449522982	1.458727e-08	3279439195	1.458727e-08	360107933	1.458727e-08	1657444763	1.458727e-08	58759274	1.458727e-08	2135013218	1.458727e-08	470332523	1.458727e-08	3217169414	1.458727e-08	3030801476	1.458727e-08	2208266878	1.458727e-08	
6.229349e+06	0	1465560917	4.663324e-07	1842102965	
6.249232e+06	1	179097684	8.550764e-07	224410298	
6.283346e+06	0	179097684	8.550764e-07	3099973400	
6.289095e+06	1	373638573	1.000001e+00	1398579088	
6.308349e+06	1	545239233	9.475953e-07	3332562587	
6.329289e+06	0	545239233	9.475953e-07	695939830	
6.419506e+06	3	515125813	1.400000e-08	2449448537	3715668764	1.400000e-08	
6.439884e+06	0	110439229	1.458727e-08	3363025910	
6.444527e+06	0	781549661	2.095500e-08	3736523900	
6.451861e+06	0	1896745001	2.048105e-08	2455922112	
6.470886e+06	0	179097684	8.550764e-07	301219709	
6.513156e+06	1	373638573	1.000001e+00	1541946641	
6.516197e+06	0	3921011129	1.823573e-06	841878026	
6.534624e+06	3	949068759	1.400000e-08	629078091	3418547556	1.509626e-08	355298688	1.509626e-08	
6.542288e+06	0	2707128518	1.532011e-08	2151269300	
6.557140e+06	3	1290268226	2.081110e-08	197654791	4193709834	1.400000e-08	
6.571486e+06	1	179097684	8.696360e-07	301219709	
6.618850e+06	3	2151269300	1.400000e-08	2911053862	584993009	1.400000e-08	
6.635514e+06	1	373638573	1.000001e+00	511603307	
6.707303e+06	0	3921011129	1.823573e-06	781549661	
6.709215e+06	0	2328232000	3.491891e-08	741863299	
6.720565e+06	1	179097684	8.838312e-07	2780384598	
6.722785e+06	0	2348040613	1.413012e-08	841878026	
6.729540e+06	0	1239307652	3.491000e-08	1601889739	
6.737853e+06	1	373638573	1.000001e+00	1664502715	
6.759204e+06	1	3921011129	1.849755e-06	1771264541	
6.763538e+06	0	1465560917	4.663324e-07	73116178	
6.783851e+06	0	3921011129	1.849755e-06	584993009	
6.789886e+06	0	1227575429	2.791000e-08	1314810707	
6.805130e+06	0	781549661	2.095500e-08	3375523036	
6.825229e+06	1	3921011129	1.867658e-06	1517815290	
6.841561e+06	1	373638573	1.000001e+00	2312786130	
6.871075e+06	1	1465560917	4.872874e-07	781549661	
6.910827e+06	0	2013640095	1.515645e-08	2654473721	
6.916337e+06	3	2173231515	1.458727e-08	2151269300	1499007652	1.400000e-08	
6.943373e+06	1	545239233	9.615953e-07	949068759	
6.943726e+06	0	3375523036	1.442925e-08	695939830	
6.948607e+06	0	3458484829	1.413012e-08	2747938267	
6.961700e+06	0	3921011129	1.867658e-06	2766526296	
6.961739e+06	3	346987663	1.400000e-08	2367820772	755060644	1.400000e-08	
6.980316e+06	0	3363025910	1.402006e-08	1922039940	
6.990708e+06	0	3302973195	1.413012e-08	755060644	
6.997305e+06	3	2455922112	1.432397e-08	1577969976	3270476896	1.400000e-08	
7.139318e+06	3	3449694611	1.402006e-08	695939830	3934203265	1.400000e-08	
7.140587e+06	1	3921011129	1.881658e-06	346987663	
7.157586e+06	0	1290268226	2.081110e-08	1601889739	
7.225050e+06	3	2858952728	1.419384e-08	2789301560	1292024166	1.400000e-08	
7.253637e+06	1	3921011129	1.904641e-06	3621383820	
7.295003e+06	3	343742982	1.400000e-08	1598213090	1323984060	1.409295e-08	4197927596	1.409295e-08	
7.362395e+06	0	287394855	1.610395e-08	2455922112	
7.370544e+06	0	1593850299	5.582000e-08	3302973195	
7.385603e+06	1	3921011129	1.918771e-06	552634658	
7.385750e+06	0	470332523	1.458727e-08	110439229	
7.389713e+06	3	1896745001	2.048105e-08	2747938267	1414892502	1.400000e-08	
7.403976e+06	1	179097684	9.008272e-07	3083717413	
7.421169e+06	1	825415804	5.582000e-08	3988949870	
7.441516e+06	1	2246051850	5.424097e-07	740082705	
7.497527e+06	1	1465560917	5.012874e-07	3715668764	
7.501498e+06	0	1414892502	1.400000e-08	2766526296	
7.528962e+06	1	373638573	1.000001e+00	43001897	
7.579360e+06	2	2962530363	2.206645e-08	2013640095	4201342597	1.400000e-08	
7.669865e+06	0	2487301543	2.798292e-08	1593891639	
7.678599e+06	0	179097684	9.008272e-07	3099973400	
7.697617e+06	2	2173231515	1.517455e-08	302486611	2391696826	1.400000e-08	
7.730664e+06	1	545239233	9.755953e-07	1553963666	
7.734886e+06	0	1465560917	5.012874e-07	19131048	
7.769044e+06	0	2348040613	1.413012e-08	1327969783	
7.769391e+06	0	3921011129	1.918771e-06	1285693762	
7.780535e+06	1	179097684	9.149573e-07	3302973195	
7.781471e+06	3	2118016430	1.407292e-08	2454553876	4138371369	1.400000e-08	
7.803014e+06	2	1285693762	1.471740e-08	481808867	3590332688	1.400000e-08	
7.821439e+06	0	287394855	1.610395e-08	4138371369	
7.867660e+06	1	3921011129	1.932771e-06	4193709834	
7.907706e+06	3	755060644	1.400000e-08	1593891639	1745749016	1.400000e-08	
7.911999e+06	0	3921011129	1.932771e-06	764400056	
7.949189e+06	1	1465560917	5.153803e-07	1323984060	
7.971034e+06	3	3279439195	1.458727e-08	2766526296	2711965517	1.400000e-08	
8.067425e+06	3	1922039940	1.400000e-08	164438789	2933223072	1.400000e-08	
8.076622e+06	1	179097684	9.329331e-07	3099973400	
8.141046e+06	0	179097684	9.329331e-07	2455922112	
8.148769e+06	0	1227575429	2.791000e-08	3270476896	
8.159515e+06	1	3921011129	1.946771e-06	515125813	
8.200604e+06	0	2984600922	3.628300e-07	3217169414	
8.210481e+06	3	242414939	2.674830e-08	481049431	1987038079	1.521362e-08	
8.229224e+06	0	3418547556	1.509626e-08	630280293	
8.250661e+06	1	1465560917	5.313684e-07	1842102965	
8.260449e+06	0	1465560917	5.313684e-07	2455922112	
8.273234e+06	1	3921011129	1.960771e-06	3532628785	
8.280544e+06	3	242414939	1.400000e-08	764400056	3797386594	1.677970e-08	1280619132	1.677970e-08	
8.295716e+06	3	905418128	2.791000e-08	2391696826	4105879141	1.400000e-08	
8.317035e+06	1	2984600922	3.768300e-07	2263814062	
8.336420e+06	1	2246051850	5.564097e-07	4138371369	
8.413915e+06	1	1465560917	5.453684e-07	242414939	
8.477867e+06	1	373638573	1.000001e+00	3475245566	
8.495945e+06	0	1465560917	5.453684e-07	1499007652	
8.506873e+06	1	373638573	1.000001e+00	3459912306	
8.516698e+06	1	2799798816	2.961847e-07	3122982648	
8.543245e+06	1	179097684	9.469331e-07	1499007652	
8.560138e+06	0	1465560917	5.453684e-07	73116178	
8.563978e+06	3	545239233	9.755953e-07	4259593397	3088551619	1.400000e-08	3443287411	1.456491e-08	3981989558	1.456491e-08	1165174376	1.456491e-08	3467386575	1.456491e-08	4263904522	1.456491e-08	4267941538	1.456491e-08	3372193553	1.456491e-08	3681452412	1.456491e-08	2604064924	1.456491e-08	3458662533	1.456491e-08	762210064	1.456491e-08	570164134	1.456491e-08	2418772576	1.456491e-08	2105330617	1.456491e-08	964813250	1.456491e-08	2039170765	1.456491e-08	4278040469	1.456491e-08	241690685	1.456491e-08	1703904600	1.456491e-08	3814978291	1.456491e-08	118566979	1.456491e-08	894269343	1.456491e-08	932943525	1.456491e-08	
8.564176e+06	0	932943525	1.456491e-08	964813250	
8.572575e+06	1	545239233	9.895953e-07	3088551619	
8.575384e+06	1	3921011129	1.974791e-06	1194638860	
8.592295e+06	1	545239233	1.004160e-06	4263904522	
8.604249e+06	1	545239233	1.018725e-06	3372193553	
8.614125e+06	1	545239233	1.033290e-06	3681452412	
8.628711e+06	1	545239233	1.047855e-06	964813250	
8.631865e+06	1	3921011129	1.988791e-06	1414892502	
8.665736e+06	2	313359544	1.448118e-08	630280293	250347941	1.400000e-08	
8.686015e+06	1	179097684	9.610260e-07	4197927596	
8.702934e+06	3	3921011129	1.988791e-06	1465560917	2292589682	1.400000e-08	3971437066	1.436131e-08	2810179169	1.436131e-08	1803012522	1.436131e-08	3940915008	1.436131e-08	3593659676	1.436131e-08	2744143284	1.436131e-08	2002691604	1.436131e-08	3223248356	1.436131e-08	101557930	1.436131e-08	678688578	1.436131e-08	2222966094	1.436131e-08	1301910447	1.436131e-08	2919535035	1.436131e-08	2855048822	1.436131e-08	682911345	1.436131e-08	238807518	1.436131e-08	1840937626	1.436131e-08	1734007597	1.436131e-08	4088691616	1.436131e-08	2087527840	1.436131e-08	2065940037	1.436131e-08	2751602400	1.436131e-08	552380491	1.436131e-08	253656606	1.436131e-08	1254429415	1.436131e-08	481400394	1.436131e-08	2584856907	1.436131e-08	3284371529	1.436131e-08	871205577	1.436131e-08	2655011401	1.436131e-08	4156410056	1.436131e-08	249938527	1.436131e-08	843598278	1.436131e-08	2197427154	1.436131e-08	3690557900	1.436131e-08	3824375258	1.436131e-08	769315986	1.436131e-08	
8.703152e+06	0	3921011129	1.988791e-06	3284371529	
8.703514e+06	1	3921011129	2.003152e-06	3824375258	
8.703649e+06	1	3921011129	2.017514e-06	552380491	
8.705053e+06	0	1987038079	1.521362e-08	1165174376	
8.707862e+06	1	3921011129	2.031875e-06	4156410056	
8.710412e+06	1	3921011129	2.046236e-06	1254429415	
8.712045e+06	1	3921011129	2.060598e-06	481400394	
8.712899e+06	1	3921011129	2.074959e-06	2087527840	
8.713775e+06	1	545239233	1.062442e-06	85224627	
8.715958e+06	0	66064165	1.790309e-08	843598278	
8.730671e+06	1	3921011129	2.089320e-06	1734007597	
8.731296e+06	1	3921011129	2.103682e-06	2919535035	
8.732878e+06	1	3921011129	2.118043e-06	238807518	
8.735047e+06	1	3921011129	2.132404e-06	3223248356	
8.746225e+06	1	3921011129	2.146765e-06	3940915008	
8.771971e+06	1	3921011129	2.161127e-06	3971437066	
8.776681e+06	1	2065940037	2.872262e-08	2855048822	
8.778456e+06	1	3921011129	2.175488e-06	2810179169	
8.779853e+06	1	3921011129	2.189849e-06	2655011401	
8.783534e+06	1	3921011129	2.204211e-06	3690557900	
8.785893e+06	3	905418128	2.785796e-08	1285693762	1856937876	1.476943e-08	
8.794689e+06	1	3921011129	2.218572e-06	3593659676	
8.805529e+06	1	3921011129	2.232933e-06	101557930	
8.815714e+06	0	2246051850	5.564097e-07	1621314342	
8.825796e+06	0	3921011129	2.232933e-06	249938527	
8.834411e+06	1	3921011129	2.247295e-06	769315986	
8.838991e+06	1	3921011129	2.261656e-06	843598278	
8.840934e+06	1	3921011129	2.276017e-06	2584856907	
8.849858e+06	1	545239233	1.077007e-06	3814978291	
8.854689e+06	2	2426951832	1.968836e-08	3375523036	354497373	1.400000e-08	
8.858810e+06	0	678688578	1.436131e-08	4105879141	
8.904305e+06	3	66064165	1.790309e-08	2654473721	1230311851	1.400000e-08	
8.907811e+06	1	3921011129	2.290379e-06	2751602400	
8.956024e+06	0	2222966094	1.436131e-08	2292589682	
8.958490e+06	1	3921011129	2.304379e-06	343742982	
8.974438e+06	1	3921011129	2.322282e-06	66064165	
8.981500e+06	0	1227575429	2.791000e-08	3797386594	
8.981843e+06	0	313359544	1.448118e-08	682911345	
9.012160e+06	1	3921011129	2.336282e-06	2292589682	
9.022239e+06	0	179097684	9.610260e-07	871205577	
9.070749e+06	1	179097684	9.753873e-07	1301910447	
9.077962e+06	1	3921011129	2.356763e-06	1896745001	
9.092330e+06	3	545239233	1.077007e-06	1593850299	3825172902	1.400000e-08	110318614	2.091000e-08	176241382	2.091000e-08	
9.094339e+06	1	3921011129	2.371328e-06	118566979	
9.104819e+06	2	2173231515	1.553585e-08	1840937626	1063934737	1.400000e-08	
9.156062e+06	3	545239233	1.077007e-06	1572835533	2445084109	1.400000e-08	1871304206	1.411603e-08	4185666246	1.411603e-08	1905833305	1.411603e-08	3879652638	1.411603e-08	1924091726	1.411603e-08	1629863604	1.411603e-08	698682927	1.411603e-08	855708858	1.411603e-08	3076001680	1.411603e-08	1493833725	1.411603e-08	1450024594	1.411603e-08	1797275806	1.411603e-08	3378187523	1.411603e-08	564959126	1.411603e-08	3356410364	1.411603e-08	2620273024	1.411603e-08	4177016268	1.411603e-08	2480753293	1.411603e-08	3251328182	1.411603e-08	3584287056	1.411603e-08	1661868134	1.411603e-08	3822766993	1.411603e-08	3730019172	1.411603e-08	
9.156437e+06	3	3732071459	2.659746e-08	564959126	2217687738	1.542857e-08	
9.161115e+06	1	545239233	1.091007e-06	2445084109	
9.165731e+06	1	545239233	1.105123e-06	3879652638	
9.186074e+06	1	545239233	1.119239e-06	1905833305	
9.191412e+06	2	3467386575	1.463783e-08	2118016430	2328187860	1.400000e-08	
9.255568e+06	0	2002691604	1.436131e-08	1063934737	
9.297466e+06	1	2799798816	3.107496e-07	1703904600	
9.384791e+06	0	1856937876	1.476943e-08	871205577	
9.429528e+06	3	2065940037	1.400000e-08	4209590891	3408999490	1.445823e-08	3438744891	1.445823e-08	
9.433066e+06	1	3921011129	2.385689e-06	253656606	
9.462664e+06	1	2246051850	5.705257e-07	2480753293	
9.476989e+06	1	3921011129	2.399689e-06	2065940037	
9.500630e+06	0	545239233	1.119239e-06	3458662533	
9.509695e+06	0	2328232000	3.491891e-08	3967778277	
9.524021e+06	0	894269343	1.456491e-08	250347941	
9.542150e+06	1	3921011129	2.414147e-06	3408999490	
9.561264e+06	0	1165174376	1.456491e-08	855708858	
9.565615e+06	1	3921011129	2.428508e-06	4088691616	
9.592185e+06	0	3443287411	1.456491e-08	1797275806	
9.600946e+06	1	545239233	1.133804e-06	3443287411	
9.613679e+06	2	2962530363	2.263136e-08	2039170765	1501621654	1.400000e-08	
9.639657e+06	1	545239233	1.147804e-06	3270476896	
9.647213e+06	2	3458662533	1.468094e-08	1661868134	2695808785	1.400000e-08	
9.677770e+06	3	2962530363	2.128902e-08	3418547556	399492375	1.643860e-08	
9.687426e+06	0	3981989558	1.456491e-08	354497373	
9.694157e+06	0	179097684	9.753873e-07	1227575429	
9.699187e+06	2	682911345	1.441806e-08	73116178	213831427	1.400000e-08	
9.706608e+06	1	3921011129	2.442926e-06	682911345	
9.708070e+06	2	2217687738	1.599348e-08	932943525	2714424842	1.400000e-08	
9.708093e+06	3	3458662533	1.468094e-08	1230311851	2282291379	1.400000e-08	
9.741296e+06	3	3382444416	1.400000e-08	722767024	2654714783	1.409295e-08	2993076447	1.409295e-08	
9.746356e+06	0	3833318790	2.791000e-08	905418128	
9.747875e+06	1	179097684	9.909232e-07	2173231515	
9.749489e+06	0	871205577	1.436131e-08	678688578	
9.759029e+06	0	2328232000	3.491891e-08	905418128	
9.767219e+06	0	2246051850	5.705257e-07	3526559023	
9.778408e+06	0	3736523900	1.413012e-08	3356410364	
9.789150e+06	3	1601889739	1.458727e-08	2480932170	2171266278	1.400000e-08	
9.800036e+06	1	179097684	1.005381e-06	3438744891	
9.803465e+06	0	598947138	2.791000e-08	1850435983	
9.814578e+06	3	1621314342	1.424864e-08	1327969783	771038762	1.400000e-08	
9.820509e+06	1	2246051850	5.850907e-07	4278040469	
9.823103e+06	3	1450024594	1.411603e-08	3590332688	2768208421	1.400000e-08	
9.865894e+06	1	545239233	1.161920e-06	3076001680	
9.890876e+06	2	533433650	1.478112e-08	2858952728	3297235373	1.400000e-08	
9.897382e+06	0	110318614	2.091000e-08	19131048	
9.913033e+06	2	2962530363	2.153766e-08	1621314342	776688125	1.400000e-08	
9.920231e+06	0	3921011129	2.442926e-06	2197427154	
9.945743e+06	0	249938527	1.436131e-08	250347941	
9.955782e+06	0	2993076447	1.409295e-08	2451350669	
9.957981e+06	0	287394855	1.610395e-08	1797275806	
9.977750e+06	0	2246051850	5.850907e-07	841878026	
9.986013e+06	0	2718413753	2.791000e-08	1063934737	
1.000656e+07	0	545239233	1.161920e-06	3822766993	
1.002155e+07	1	3921011129	2.457043e-06	3251328182	
1.004937e+07	2	2962530363	2.155772e-08	3363025910	3663377129	1.400000e-08	
1.007367e+07	0	905418128	2.785796e-08	2962530363	
1.007798e+07	1	3921011129	2.471404e-06	2197427154	
1.007892e+07	0	728028737	2.791000e-08	1629863604	
1.012087e+07	0	2455922112	1.432397e-08	1493833725	
1.013146e+07	1	2246051850	6.130007e-07	384163328	
1.016074e+07	0	3921011129	2.471404e-06	2002691604	
1.016644e+07	0	741863299	2.798292e-08	2455922112	
1.017106e+07	0	1280619132	1.677970e-08	3730019172	
1.020894e+07	3	2282291379	1.400000e-08	3934203265	898071713	1.400000e-08	
1.021637e+07	1	373638573	1.000001e+00	1035492323	
1.022269e+07	1	3921011129	2.485765e-06	2002691604	
1.027035e+07	3	1601889739	1.458727e-08	584993009	220748477	1.400000e-08	
1.033280e+07	2	1165174376	1.469503e-08	2348040613	2470646831	1.400000e-08	
1.033458e+07	0	2487301543	2.798292e-08	2282291379	
1.033694e+07	1	545239233	1.176036e-06	698682927	
1.035359e+07	3	3921011129	2.485765e-06	2328232000	1965972368	1.400000e-08	1426981231	2.091891e-08	
1.036278e+07	0	3921011129	2.485765e-06	1965972368	
1.036753e+07	1	2246051850	6.270007e-07	220748477	
1.040099e+07	0	3967778277	1.632287e-08	2470646831	
1.040560e+07	1	179097684	1.033291e-06	1227575429	
1.041449e+07	1	373638573	1.000001e+00	3967778277	
1.042988e+07	0	2217687738	1.599348e-08	533433650	
1.048109e+07	1	373638573	1.000001e+00	1965662198	
1.048231e+07	0	3339828518	1.458727e-08	2993076447	
1.048287e+07	0	3921011129	2.485765e-06	2962530363	
1.048347e+07	3	3526559023	1.405675e-08	2282291379	1535034065	1.400000e-08	
1.049721e+07	1	3921011129	2.507323e-06	2962530363	
1.051632e+07	0	545239233	1.176036e-06	1871304206	
1.053122e+07	1	373638573	1.000001e+00	3303338876	
1.054395e+07	0	2744143284	1.436131e-08	2470646831	
1.056204e+07	0	2246051850	6.270007e-07	2328187860	
1.063490e+07	1	545239233	1.190036e-06	2768208421	
1.067895e+07	3	1280619132	1.677970e-08	4105879141	1483909303	1.400000e-08	
1.068311e+07	1	3921011129	2.521684e-06	2744143284	
1.071012e+07	1	3921011129	2.535684e-06	250347941	
1.076017e+07	3	678688578	1.436131e-08	19131048	846691466	1.400000e-08	
1.078518e+07	3	598947138	2.791000e-08	3663377129	3623563876	1.400000e-08	
1.084573e+07	2	249938527	1.472262e-08	3284371529	3872525629	1.400000e-08	
1.089506e+07	1	3921011129	2.549684e-06	3872525629	
1.093024e+07	3	762210064	1.437368e-08	2711965517	3827929005	1.419123e-08	
1.093798e+07	3	598947138	1.400000e-08	1290268226	63319263	1.736055e-08	3607398139	1.736055e-08	
1.094133e+07	0	894269343	1.456491e-08	3584287056	
1.094741e+07	0	3607398139	1.736055e-08	3730019172	
1.099574e+07	3	213831427	1.400000e-08	1292024166	2574253871	1.400000e-08	
1.101416e+07	1	373638573	1.000001e+00	2135013218	
1.103349e+07	1	3921011129	2.563684e-06	1965972368	
1.103406e+07	1	373638573	1.000002e+00	2799798816	
1.104782e+07	0	771038762	1.400000e-08	2714424842	
1.106135e+07	1	3921011129	2.578249e-06	2418772576	
1.108377e+07	1	179097684	1.047653e-06	2222966094	
1.112233e+07	1	1726701215	5.792559e-08	3467386575	
1.113746e+07	1	179097684	1.061653e-06	213831427	
1.115565e+07	1	3921011129	2.599168e-06	1426981231	
1.116970e+07	0	3827929005	1.419123e-08	2714424842	
1.117273e+07	3	1639799867	1.424864e-08	1649557018	3830801972	1.400000e-08	
1.117885e+07	1	3921011129	2.613863e-06	1165174376	
1.118926e+07	1	373638573	1.000002e+00	826924968	
1.119896e+07	1	373638573	1.000002e+00	3378187523	
1.124722e+07	1	3921011129	2.628224e-06	1803012522	
1.136438e+07	0	3921011129	2.628224e-06	2718413753	
1.142707e+07	3	313359544	1.448118e-08	2393342300	3673394291	1.400000e-08	
1.143618e+07	0	545239233	1.190036e-06	2217687738	
1.144436e+07	1	3921011129	2.642340e-06	1797275806	
1.151954e+07	3	2620273024	1.411603e-08	3623563876	2748669076	1.400000e-08	
1.153111e+07	1	545239233	1.204623e-06	360107933	
1.155875e+07	1	3921011129	2.656456e-06	3822766993	
1.163015e+07	0	3607398139	1.736055e-08	354497373	
1.169235e+07	3	905418128	2.785796e-08	2470646831	1220275327	1.400000e-08	
1.175637e+07	0	3921011129	2.656456e-06	1856937876	
1.177280e+07	0	545239233	1.204623e-06	1871304206	
1.182642e+07	1	545239233	1.831624e-06	2246051850	
1.184543e+07	1	179097684	1.089636e-06	2487301543	
1.184638e+07	1	3921011129	2.671226e-06	1856937876	
1.187233e+07	0	905418128	2.785796e-08	3527214469	
1.190421e+07	1	3921011129	2.685226e-06	2574253871	
1.196138e+07	0	855708858	1.411603e-08	3830801972	
1.197705e+07	3	3673394291	1.400000e-08	755060644	4188119649	1.400000e-08	
1.198296e+07	1	3921011129	2.699226e-06	1483909303	
1.199071e+07	1	3921011129	2.713587e-06	678688578	
1.199981e+07	1	373638573	1.000002e+00	3797386594	
1.201263e+07	0	1428265047	1.432618e-08	1450024594	
1.203624e+07	3	3732071459	2.583718e-08	2620273024	1275089537	1.487631e-08	
1.207875e+07	0	3921011129	2.713587e-06	3607398139	
1.209414e+07	1	373638573	1.000002e+00	3449694611	
1.209530e+07	3	2718413753	2.402298e-08	354497373	3700209637	1.788702e-08	
1.210177e+07	0	2718413753	2.402298e-08	846691466	
1.212522e+07	3	3700209637	1.676086e-08	249938527	3320450569	1.584877e-08	
1.212920e+07	0	399492375	1.643860e-08	1063934737	
1.213195e+07	1	3921011129	2.730348e-06	3700209637	
1.221960e+07	0	545239233	1.831624e-06	4177016268	
1.229206e+07	1	3921011129	2.747709e-06	3607398139	
1.233165e+07	1	545239233	1.845754e-06	463844675	
1.236887e+07	0	3921011129	2.747709e-06	690117576	
1.237421e+07	0	3921011129	2.747709e-06	1639799867	
1.245621e+07	0	2932274237	2.791000e-08	2426951832	
1.247537e+07	1	545239233	1.860030e-06	2472898255	
1.249624e+07	0	1280619132	1.677970e-08	690117576	
1.250902e+07	0	3921011129	2.747709e-06	690117576	
1.251007e+07	0	3736523900	1.413012e-08	1501621654	
1.252921e+07	1	3921011129	2.761709e-06	846691466	
1.261774e+07	0	253808213	2.791000e-08	690117576	
1.269133e+07	0	545239233	1.860030e-06	3498415124	
1.269438e+07	0	1239307652	3.491000e-08	2217687738	
1.278290e+07	1	373638573	1.000002e+00	1878784256	
1.278509e+07	3	1924091726	1.411603e-08	2748669076	4148810631	1.400000e-08	
1.282425e+07	0	110318614	2.091000e-08	2604064924	
1.282877e+07	1	545239233	1.874617e-06	1449522982	
1.284392e+07	3	2408568032	2.791000e-08	1850435983	1268185054	1.400000e-08	
1.285798e+07	2	533433650	1.489715e-08	4185666246	2900628886	1.400000e-08	
1.287232e+07	0	2208266878	1.458727e-08	1871304206	
1.288455e+07	2	533433650	1.546205e-08	570164134	3866772787	1.400000e-08	
1.292916e+07	0	841878026	1.400000e-08	598947138	
1.299342e+07	0	3921011129	2.761709e-06	4188119649	
1.301415e+07	1	545239233	1.888617e-06	3830801972	
1.313202e+07	0	545239233	1.888617e-06	3827929005	
1.313810e+07	0	313359544	1.448118e-08	3177521820	
1.314617e+07	1	545239233	1.903182e-06	241690685	
1.315800e+07	0	3458662533	1.468094e-08	1639799867	
1.317386e+07	0	3981989558	1.456491e-08	2900628886	
1.322182e+07	1	3921011129	2.777369e-06	114837353	
1.330617e+07	0	841878026	1.400000e-08	598947138	
1.339158e+07	0	79461789	1.424864e-08	776688125	
1.343589e+07	1	545239233	1.917298e-06	1924091726	
1.356133e+07	1	3921011129	2.791560e-06	3827929005	
1.359235e+07	1	373638573	1.000002e+00	1629863604	
1.362731e+07	1	3921011129	2.805560e-06	4188119649	
1.364351e+07	0	2984600922	3.768300e-07	3356410364	
1.376588e+07	3	855708858	1.411603e-08	2900628886	2056593038	1.400000e-08	
1.378842e+07	0	545239233	1.917298e-06	1493833725	
1.386810e+07	0	869234806	5.582000e-08	3458484829	
1.387754e+07	1	373638573	1.000002e+00	3736523900	
1.390344e+07	2	381652938	1.468022e-08	2654714783	1140472632	1.400000e-08	
1.393994e+07	1	3921011129	2.819560e-06	598947138	
1.397756e+07	0	545239233	1.917298e-06	3217169414	
1.397846e+07	0	545239233	1.917298e-06	470332523	
1.398384e+07	0	1280619132	1.677970e-08	2451350669	
1.402158e+07	0	110439229	1.458727e-08	762210064	
1.420333e+07	0	3921011129	2.819560e-06	63319263	
1.420723e+07	0	3921011129	2.819560e-06	1220275327	
1.435326e+07	1	545239233	1.931622e-06	2455922112	
1.440124e+07	0	871205577	1.436131e-08	1501621654	
1.448333e+07	3	381652938	1.468022e-08	3527214469	2774448923	1.400000e-08	
1.453793e+07	2	3129006749	2.798292e-08	1249238030	975973597	1.400000e-08	
1.456035e+07	0	3921011129	2.819560e-06	63319263	
1.459151e+07	1	545239233	1.945738e-06	855708858	
1.459618e+07	1	3921011129	2.836920e-06	63319263	
1.463541e+07	2	2426951832	1.980439e-08	1450024594	933412597	1.400000e-08	
1.464636e+07	3	3320450569	1.584877e-08	1220275327	927207199	1.400000e-08	
1.465471e+07	1	3921011129	2.850920e-06	933412597	
1.466652e+07	0	2984600922	3.768300e-07	975973597	
1.467824e+07	1	1068020906	9.552304e-04	3462747	
1.483336e+07	1	179097684	1.103636e-06	1140472632	
1.485651e+07	1	3921011129	2.864920e-06	1922039940	
1.494256e+07	0	3320450569	1.584877e-08	1493833725	
1.512895e+07	1	545239233	1.959854e-06	4177016268	
1.540358e+07	1	545239233	1.973854e-06	898071713	
1.552922e+07	2	355298688	1.534490e-08	1639799867	2231250662	1.400000e-08	
1.558532e+07	0	355298688	1.534490e-08	927207199	
1.560194e+07	1	545239233	1.987854e-06	2056593038	
1.567957e+07	1	545239233	2.043674e-06	869234806	
1.571821e+07	3	149784911	1.458727e-08	3866772787	3085765731	1.400000e-08	
1.575385e+07	1	470332523	2.858727e-08	4148810631	
1.577392e+07	3	1657444763	1.458727e-08	2933223072	1403954297	1.400000e-08	
1.604678e+07	1	3921011129	2.878920e-06	927207199	
1.607590e+07	1	373638573	1.000002e+00	2669757562	
1.622321e+07	3	1428265047	1.432618e-08	3382444416	102828162	1.400000e-08	
1.631641e+07	1	179097684	1.131546e-06	253808213	
1.641873e+07	1	3921011129	2.893246e-06	1428265047	
1.643752e+07	1	545239233	2.057674e-06	1403954297	
1.649834e+07	2	2604064924	1.512982e-08	4267941538	3962269793	1.400000e-08	
1.662940e+07	0	3921011129	2.893246e-06	1503861029	
1.685326e+07	1	3921011129	2.913051e-06	2426951832	
1.688127e+07	0	3921011129	2.913051e-06	3320450569	
1.694514e+07	0	179097684	1.131546e-06	3458484829	
1.703900e+07	1	373638573	1.000002e+00	2993076447	
1.708180e+07	0	179097684	1.131546e-06	3458484829	
1.712734e+07	1	373638573	1.000002e+00	1871304206	
1.719727e+07	1	3921011129	2.927638e-06	3279439195	
1.719891e+07	1	179097684	1.145662e-06	1493833725	
1.724144e+07	0	179097684	1.145662e-06	3458484829	
1.726379e+07	0	1275089537	1.487631e-08	3030801476	
1.731607e+07	1	3921011129	2.943487e-06	3320450569	
1.738159e+07	1	179097684	1.159662e-06	2451350669	
1.739517e+07	3	2217687738	1.599348e-08	841878026	604674024	1.400000e-08	
1.740397e+07	1	179097684	1.175007e-06	355298688	
1.748188e+07	2	2208266878	1.478112e-08	2441325815	4175762635	1.400000e-08	
1.754647e+07	0	176241382	2.091000e-08	2171266278	
1.763248e+07	0	1239307652	3.491000e-08	3085765731	
1.764694e+07	0	179097684	1.175007e-06	1745749016	
1.779509e+07	1	545239233	2.072551e-06	1275089537	
1.811151e+07	1	545239233	2.087680e-06	2604064924	
1.826686e+07	1	3921011129	2.958074e-06	1601889739	
1.855851e+07	0	3921011129	2.958074e-06	1298902656	
1.861950e+07	3	1239307652	1.400000e-08	3458484829	3421068049	1.752006e-08	4106915849	1.752006e-08	
1.873885e+07	3	470332523	1.400000e-08	894269343	3953247145	1.457609e-08	977281884	1.457609e-08	
1.883127e+07	1	3921011129	2.972074e-06	1239307652	
1.887437e+07	0	3921011129	2.972074e-06	3421068049	
1.904814e+07	1	3921011129	2.986436e-06	871205577	
1.915401e+07	1	3921011129	3.003956e-06	3421068049	
1.918474e+07	3	1019134040	1.474145e-08	176241382	335748715	1.703928e-08	3863839146	1.703928e-08	
1.919430e+07	1	545239233	2.101680e-06	102828162	
1.919713e+07	1	179097684	1.189007e-06	1745749016	
1.929888e+07	3	3953247145	1.457609e-08	3673394291	2025893757	1.400000e-08	
1.930398e+07	1	3953247145	2.857609e-08	2025893757	
1.948856e+07	1	3921011129	3.018437e-06	313359544	
1.956525e+07	1	373638573	1.000002e+00	2105330617	
1.980909e+07	3	3863839146	1.703928e-08	3962269793	1090143039	1.400000e-08	
1.995450e+07	3	179097684	1.182703e-06	3732071459	4013164456	1.607058e-08	253060996	1.607058e-08	
1.995482e+07	1	179097684	1.198773e-06	253060996	
1.995757e+07	1	179097684	1.214844e-06	4013164456	
2.006767e+07	1	545239233	2.115680e-06	771038762	
2.066769e+07	0	79461789	1.424864e-08	3584287056	
2.079489e+07	1	2984600922	3.914173e-07	1342185090	
2.100997e+07	3	3030801476	1.458727e-08	1090143039	3578947201	1.400000e-08	
2.113572e+07	1	3921011129	3.032685e-06	79461789	
2.129513e+07	0	545239233	2.115680e-06	4175762635	
2.133710e+07	0	545239233	2.115680e-06	470332523	
2.133802e+07	1	373638573	1.000002e+00	4201342597	
2.138478e+07	1	3921011129	3.046685e-06	470332523	
2.143865e+07	0	4106915849	1.752006e-08	2231250662	
2.189642e+07	1	3921011129	3.063725e-06	335748715	
2.202483e+07	3	399492375	1.643860e-08	3578947201	571790981	1.400000e-08	
2.203118e+07	1	545239233	2.129796e-06	3730019172	
2.205361e+07	0	741863299	2.798292e-08	3526559023	
2.205473e+07	2	2718413753	2.461025e-08	3217169414	517786421	1.400000e-08	
2.208820e+07	2	3863839146	1.760419e-08	3981989558	2308303797	1.400000e-08	
2.237159e+07	1	373638573	1.000002e+00	776688125	
2.242969e+07	2	3863839146	1.819146e-08	3339828518	2256454524	1.400000e-08	
2.267780e+07	3	1019134040	1.474145e-08	3297235373	2316491956	1.400000e-08	
2.269492e+07	3	533433650	1.546205e-08	2714424842	921835634	1.400000e-08	
2.270795e+07	1	2984600922	4.193273e-07	3279231079	
2.293201e+07	0	2308303797	1.400000e-08	1535034065	
2.325257e+07	3	571790981	1.400000e-08	604674024	2606270759	1.400000e-08	
2.327243e+07	0	2718413753	2.461025e-08	2316491956	
2.331334e+07	0	545239233	2.129796e-06	1063934737	
2.343885e+07	0	105819081	1.458727e-08	2875471576	
2.367799e+07	0	3921011129	3.063725e-06	2718413753	
2.371954e+07	1	3921011129	3.088335e-06	2718413753	
2.387003e+07	3	2707128518	1.532011e-08	2231250662	4081327903	1.400000e-08	
2.454828e+07	1	373638573	1.000002e+00	381652938	
2.461511e+07	0	545239233	2.129796e-06	1019134040	
