1.157046e+02	1	1075699702	3.070100e-07	1986278615	
2.945464e+02	1	1222799196	3.070100e-07	4122240121	
4.171160e+02	1	925199572	5.582000e-08	3889879026	
6.679127e+02	1	3921011129	3.070100e-07	3061883439	
6.844543e+02	1	3988949870	5.582000e-08	2440120768	
8.895385e+02	1	426576124	3.070100e-07	1866926464	
9.126637e+02	0	3921011129	3.070100e-07	3421887303	
9.598570e+02	1	211811971	5.582000e-08	688805295	
1.557201e+03	1	2235064901	3.070100e-07	2125112500	
1.619280e+03	1	3373526895	3.070100e-07	1134175585	
1.670523e+03	1	2340740170	3.070100e-07	941534069	
1.906313e+03	1	545239233	3.070100e-07	3121047530	
1.950248e+03	1	2859795595	5.582000e-08	3084497907	
2.128070e+03	1	1465560917	3.070100e-07	949068759	
2.286122e+03	1	3921011129	3.349200e-07	3908154577	
2.337781e+03	1	3150420704	5.582000e-08	4231632140	
2.625040e+03	0	314650893	2.791000e-08	1321648343	
2.975885e+03	1	3004792470	3.070100e-07	739080713	
3.664213e+03	1	2799798816	3.070100e-07	2870158420	
3.682966e+03	1	2340740170	3.349200e-07	314650893	
4.243182e+03	1	4259593397	3.070100e-07	810769555	
4.364226e+03	1	2859795595	8.373000e-08	3326748277	
4.468443e+03	1	3534547045	3.070100e-07	1731090175	
4.602915e+03	1	2235064901	3.349200e-07	4263717482	
5.553297e+03	1	2932274237	5.582000e-08	905418128	
5.559709e+03	1	3921011129	3.628300e-07	858320168	
5.907704e+03	1	3841896594	5.582000e-08	3126241903	
5.982891e+03	0	2859795595	8.373000e-08	2835620284	
6.178368e+03	1	3150846686	3.070100e-07	1493201942	
7.442949e+03	1	3534547045	3.349200e-07	582973675	
7.682203e+03	1	1465560917	3.349200e-07	259930472	
8.097403e+03	1	1465560917	3.628300e-07	2542835646	
8.112062e+03	1	4259593397	3.349200e-07	2919643181	
8.658824e+03	1	2519559028	3.070100e-07	2710766136	
8.674435e+03	1	1502094437	5.582000e-08	717226258	
9.274519e+03	1	1465560917	3.907400e-07	1790255658	
1.047584e+04	0	3421887303	2.791000e-08	387772665	
1.090874e+04	1	1068020906	9.543279e-04	501991070	
1.187738e+04	1	3373526895	3.349200e-07	1584276479	
1.199987e+04	0	1425083048	2.791000e-08	3232700421	
1.257139e+04	1	1572835533	3.070100e-07	770580294	
1.276193e+04	1	1572835533	3.349200e-07	3241671100	
1.419071e+04	1	2340740170	3.628300e-07	2409063466	
1.425481e+04	1	3004792470	3.349200e-07	290926289	
1.675979e+04	1	1465560917	4.186500e-07	102901530	
1.689729e+04	0	3775452048	2.791000e-08	2451350669	
1.699492e+04	1	3921011129	3.907400e-07	2178051842	
1.805706e+04	0	2393342300	2.791000e-08	3749853089	
1.948541e+04	0	2340740170	3.628300e-07	3071234124	
1.952868e+04	0	3534547045	3.349200e-07	3938221642	
2.171625e+04	1	1465560917	4.465600e-07	2870037616	
2.298407e+04	1	3921011129	4.186500e-07	1738899943	
2.341918e+04	0	545239233	3.070100e-07	1321648343	
2.376108e+04	1	3921011129	4.465600e-07	387772665	
2.550593e+04	0	2349140130	2.791000e-08	2528553283	
2.552378e+04	1	3534547045	3.628300e-07	780264402	
2.617280e+04	1	632754209	5.582000e-08	2455496064	
2.643341e+04	1	2235064901	3.628300e-07	1425083048	
2.927446e+04	0	1206764858	2.791000e-08	3704423751	
2.928685e+04	0	632754209	5.582000e-08	3800234335	
2.954642e+04	1	2835620284	5.582000e-08	287801793	
3.132616e+04	0	2859795595	8.373000e-08	870323177	
3.546957e+04	1	2246051850	3.070100e-07	6723929	
3.579754e+04	1	3534547045	4.186500e-07	3841896594	
3.651365e+04	0	2038493855	2.791000e-08	3749853089	
3.700885e+04	0	925199572	5.582000e-08	3749853089	
3.895528e+04	1	426576124	3.349200e-07	2856850640	
3.926016e+04	0	179097684	2.791000e-07	1206764858	
3.959951e+04	1	3373526895	3.628300e-07	1735432893	
4.215799e+04	0	1631081845	2.791000e-08	3938221642	
4.284768e+04	1	1075699702	3.349200e-07	511603307	
4.397613e+04	1	3534547045	4.465600e-07	2393342300	
4.532524e+04	0	3373526895	3.628300e-07	1631081845	
4.638433e+04	1	1572835533	3.628300e-07	1444500749	
4.744793e+04	1	3373526895	3.907400e-07	3919821980	
4.776727e+04	0	778035964	2.791000e-08	331336395	
4.839246e+04	1	1068020906	9.543558e-04	3228084226	
5.134053e+04	0	3150846686	3.070100e-07	3232700421	
5.225860e+04	0	1075699702	3.349200e-07	1593850299	
5.345504e+04	1	1502094437	8.373000e-08	2937387076	
5.368767e+04	0	632754209	5.582000e-08	3800234335	
5.500309e+04	0	3373526895	3.907400e-07	3421887303	
5.504557e+04	1	3373526895	4.186500e-07	3421887303	
5.599157e+04	0	486050091	2.791000e-08	3800234335	
5.614682e+04	0	2250879299	2.791000e-08	1434498202	
5.854244e+04	1	3534547045	4.744700e-07	1661091397	
6.001510e+04	1	1068020906	9.543837e-04	3015378843	
6.082291e+04	1	3737780296	3.070100e-07	2298477853	
6.130074e+04	1	3373526895	4.465600e-07	331336395	
6.161302e+04	3	3373526895	4.465600e-07	632754209	3687573659	1.400000e-08	3196256300	2.091000e-08	848448836	2.091000e-08	
6.205663e+04	1	3534547045	5.023800e-07	3749853089	
6.256497e+04	1	1572835533	3.907400e-07	3498415124	
6.588428e+04	1	3150846686	3.628300e-07	3150420704	
6.767230e+04	0	3150846686	3.628300e-07	257754683	
6.824032e+04	0	1494141940	2.791000e-08	3196256300	
7.042312e+04	1	3004792470	6.140200e-07	2984600922	
7.188259e+04	1	3373526895	4.605600e-07	3687573659	
7.468364e+04	0	3373526895	4.605600e-07	778035964	
7.596713e+04	1	4252347608	5.582000e-08	1206764858	
8.297772e+04	0	4274934102	2.791000e-08	385785803	
8.487628e+04	1	3373526895	4.884700e-07	3800234335	
8.623748e+04	1	2340740170	3.907400e-07	1481166135	
8.642245e+04	0	2779686750	2.791000e-08	1379399837	
9.432308e+04	0	3921011129	4.465600e-07	3116505811	
1.008040e+05	0	545239233	3.070100e-07	40245973	
1.020815e+05	1	1465560917	4.744700e-07	3774459889	
1.082148e+05	1	1068020906	9.544116e-04	2250757420	
1.083496e+05	1	2235064901	4.186500e-07	2835620284	
1.118098e+05	1	2235064901	4.465600e-07	2779686750	
1.131938e+05	0	3988949870	5.582000e-08	2911053862	
1.154017e+05	0	3373526895	4.884700e-07	3196256300	
1.177450e+05	1	2246051850	3.349200e-07	2480932170	
1.186373e+05	0	3534547045	5.023800e-07	3196256300	
1.200636e+05	0	2349140130	2.791000e-08	3747246174	
1.223916e+05	0	3424908067	2.791000e-08	3747246174	
1.232160e+05	0	4252347608	5.582000e-08	862710978	
1.240001e+05	0	40245973	2.791000e-08	778035964	
1.274265e+05	0	1593850299	2.791000e-08	3775452048	
1.307608e+05	1	3534547045	5.302900e-07	486050091	
1.368251e+05	0	3534547045	5.302900e-07	2349140130	
1.419353e+05	1	2859795595	1.116400e-07	2737363250	
1.437884e+05	0	2038493855	2.791000e-08	3747246174	
1.446559e+05	1	1572835533	4.186500e-07	953296898	
1.459249e+05	0	3534547045	5.302900e-07	3196256300	
1.462980e+05	1	3004792470	6.419300e-07	3129006749	
1.487674e+05	1	3534547045	5.512000e-07	3196256300	
1.542354e+05	1	2340740170	4.186500e-07	3114612365	
1.633773e+05	1	2308721517	5.582000e-08	245436729	
1.692171e+05	0	3071234124	2.791000e-08	1321648343	
1.698712e+05	3	3704423751	1.400000e-08	3020817656	2211003714	2.091000e-08	2916276788	2.091000e-08	
1.723834e+05	1	4031050948	3.070100e-07	251961497	
1.726211e+05	1	1134132465	5.582000e-08	2729381062	
1.811406e+05	1	2211003714	3.491000e-08	3704423751	
1.891246e+05	0	1037584679	2.791000e-08	1593891639	
1.903026e+05	0	3534547045	5.512000e-07	848448836	
1.914690e+05	3	3071234124	3.000491e-08	1631081845	3696193412	2.581509e-08	
1.953088e+05	1	1572835533	4.465600e-07	197654791	
1.975341e+05	0	1465560917	4.744700e-07	4046076794	
1.997937e+05	0	3373526895	4.884700e-07	848448836	
2.033565e+05	3	1572835533	4.465600e-07	1502094437	15308464	1.400000e-08	1239307652	1.743250e-08	1945448119	1.743250e-08	3396227953	1.743250e-08	3321237907	1.743250e-08	
2.069678e+05	1	4259593397	3.628300e-07	3357643131	
2.083574e+05	0	2235064901	4.465600e-07	3116505811	
2.087204e+05	0	811613008	2.791000e-08	1963165541	
2.088448e+05	0	2211003714	3.491000e-08	2916276788	
2.128128e+05	0	2211003714	3.491000e-08	2916276788	
2.132633e+05	1	3737780296	3.349200e-07	2504591099	
2.133656e+05	1	725558489	5.582000e-08	3616865126	
2.149258e+05	3	3424908067	3.111108e-08	3747246174	3187199216	2.470892e-08	
2.190624e+05	1	3534547045	5.791100e-07	3938221642	
2.251486e+05	1	3921011129	4.744700e-07	778035964	
2.299011e+05	0	2211003714	3.491000e-08	2916276788	
2.313157e+05	3	1403705120	2.929429e-07	43001897	3330100144	1.406706e-08	
2.357708e+05	0	3373526895	4.884700e-07	3621383820	
2.413163e+05	0	811613008	2.791000e-08	1878784256	
2.523049e+05	0	754869367	2.791000e-08	3736894086	
2.577379e+05	1	3004792470	6.698400e-07	2250879299	
2.635340e+05	0	1572835533	4.465600e-07	561528368	
2.670091e+05	0	211811971	5.582000e-08	1239307652	
2.675037e+05	0	4031050948	3.070100e-07	265770918	
2.699535e+05	0	1465560917	4.744700e-07	790319072	
2.714584e+05	0	4259593397	3.628300e-07	2046083849	
2.734761e+05	0	3373526895	4.884700e-07	2349140130	
2.752552e+05	0	2528553283	2.791000e-08	3187199216	
2.759706e+05	0	3736894086	2.791000e-08	561528368	
2.816040e+05	1	3004792470	6.977500e-07	2487301543	
3.079902e+05	0	2620740164	2.791000e-08	164438789	
3.080683e+05	0	3736894086	2.791000e-08	2205180068	
3.103747e+05	0	3004792470	6.977500e-07	790319072	
3.119213e+05	1	3534547045	6.070200e-07	1494141940	
3.136762e+05	0	2859795595	1.116400e-07	257754683	
3.194312e+05	3	2211003714	1.400000e-08	2916276788	310481256	2.091000e-08	817087088	2.091000e-08	
3.197991e+05	1	310481256	3.491000e-08	2211003714	
3.205759e+05	0	310481256	3.491000e-08	817087088	
3.206981e+05	1	3737780296	3.628300e-07	129185354	
3.216862e+05	0	2235064901	4.465600e-07	3116505811	
3.253546e+05	0	2263814062	2.791000e-08	257754683	
3.256702e+05	0	3424908067	3.111108e-08	3187199216	
3.281705e+05	0	310481256	3.491000e-08	817087088	
3.290490e+05	0	310481256	3.491000e-08	817087088	
3.327413e+05	1	545239233	3.628300e-07	725558489	
3.330281e+05	0	1572835533	4.465600e-07	2718413753	
3.372889e+05	0	384163328	2.791000e-08	3330100144	
3.437279e+05	1	4259593397	3.907400e-07	741863299	
3.450449e+05	1	1068020906	9.544396e-04	1415695418	
3.519200e+05	3	2340740170	4.186500e-07	545239233	551137729	1.400000e-08	1218250404	1.453458e-08	1035956119	1.453458e-08	1211996162	1.453458e-08	188552836	1.453458e-08	2029773149	1.453458e-08	302486611	1.453458e-08	1842102965	1.453458e-08	1285693762	1.453458e-08	1078741991	1.453458e-08	2723643411	1.453458e-08	1804212609	1.453458e-08	438292632	1.453458e-08	2001290253	1.453458e-08	3147695692	1.453458e-08	3179285865	1.453458e-08	2173231515	1.453458e-08	740082705	1.453458e-08	2795063678	1.453458e-08	3642829293	1.453458e-08	2707128518	1.453458e-08	474866315	1.453458e-08	1639799867	1.453458e-08	1026028388	1.453458e-08	1128056158	1.453458e-08	
3.539222e+05	1	2340740170	4.331846e-07	1078741991	
3.549953e+05	1	3150846686	4.744700e-07	2859795595	
3.614839e+05	1	740082705	2.906917e-08	1218250404	
3.634744e+05	0	2340740170	4.331846e-07	1285693762	
3.638891e+05	1	474866315	2.906917e-08	1804212609	
3.661216e+05	0	1465560917	4.744700e-07	2466232951	
3.672816e+05	1	2340740170	4.477192e-07	2001290253	
3.679434e+05	0	1026028388	1.453458e-08	2723643411	
3.684750e+05	3	4252347608	5.775984e-08	3424908067	2909632847	1.458562e-08	937177227	1.458562e-08	
3.758934e+05	1	4259593397	4.186500e-07	2408568032	
3.769006e+05	0	179097684	2.791000e-07	937177227	
3.866290e+05	1	179097684	2.936856e-07	937177227	
3.879691e+05	1	426576124	3.628300e-07	3462747	
3.882903e+05	3	2932274237	5.582000e-08	2308721517	3393811039	1.400000e-08	611212867	2.091000e-08	1104410542	2.091000e-08	
3.900179e+05	1	2204676502	2.857279e-04	997905375	
3.947763e+05	1	3150846686	4.890046e-07	1285693762	
4.040227e+05	1	2235064901	4.744700e-07	3707189490	
4.062068e+05	0	3373526895	4.884700e-07	848448836	
4.067237e+05	1	3534547045	6.317289e-07	3187199216	
4.068309e+05	0	2038493855	2.791000e-08	2528553283	
4.074545e+05	3	1379399837	1.400000e-08	3621383820	2328232000	2.091000e-08	2999719241	2.091000e-08	
4.085641e+05	0	3373526895	4.884700e-07	40245973	
4.133951e+05	3	636961411	2.691371e-08	3696193412	1931993247	2.681138e-08	
4.185869e+05	1	2340740170	4.756292e-07	2263814062	
4.246740e+05	1	4031050948	3.349200e-07	2190522392	
4.281228e+05	0	2911053862	2.791000e-08	3555679070	
4.293178e+05	1	2235064901	4.890046e-07	3147695692	
4.300790e+05	0	888311950	2.791000e-08	838860310	
4.316208e+05	1	3150846686	5.030046e-07	551137729	
4.326659e+05	1	2340740170	4.901637e-07	188552836	
4.388564e+05	1	825415804	5.582000e-08	911013108	
4.394497e+05	0	3150846686	5.030046e-07	1842102965	
4.438197e+05	1	179097684	3.215956e-07	40245973	
4.445054e+05	1	179097684	3.793555e-07	4252347608	
4.456033e+05	1	2340740170	5.046983e-07	2795063678	
4.503998e+05	1	1465560917	8.931200e-07	4259593397	
4.562743e+05	1	373638573	1.000000e+00	1347872676	
4.580523e+05	0	179097684	3.793555e-07	2528553283	
4.593736e+05	3	561528368	1.400000e-08	1516068388	1494850122	2.091000e-08	3414514926	2.091000e-08	
4.609852e+05	0	2932274237	5.582000e-08	611212867	
4.666000e+05	1	2235064901	5.030046e-07	1379399837	
4.675564e+05	3	1945448119	1.736754e-08	3179285865	2312786130	1.459954e-08	
4.699153e+05	1	2340740170	5.192329e-07	1026028388	
4.732881e+05	0	242414939	2.791000e-08	1945448119	
4.740602e+05	1	3150846686	5.175392e-07	1128056158	
4.839005e+05	0	3150846686	5.175392e-07	611212867	
4.915622e+05	0	211811971	5.582000e-08	1593891639	
4.964209e+05	0	310481256	3.491000e-08	817087088	
5.029389e+05	0	659524895	2.791000e-08	3953846011	
5.128240e+05	0	3232700421	2.791000e-08	1035956119	
5.186594e+05	3	1931993247	2.563454e-08	2312786130	3537925318	1.577638e-08	
5.191353e+05	1	817087088	3.549562e-08	2909632847	
5.261781e+05	3	2235064901	9.420461e-07	3921011129	1634407402	1.771424e-08	3869596591	1.771424e-08	
5.270072e+05	3	2046083849	1.400000e-08	2707128518	3375523036	1.422229e-08	772925454	1.422229e-08	
5.335355e+05	1	2235064901	9.597603e-07	3869596591	
5.338244e+05	3	636961411	2.573230e-08	438292632	2215785330	1.571600e-08	
5.355338e+05	1	1222799196	3.349200e-07	1037584679	
5.379273e+05	0	1931993247	2.563454e-08	2999719241	
5.444486e+05	0	2340740170	5.192329e-07	1104410542	
5.475666e+05	0	817087088	3.549562e-08	2528553283	
5.503483e+05	0	474866315	2.906917e-08	3555679070	
5.529060e+05	1	373638573	1.000000e+00	300193622	
5.585564e+05	0	3988949870	5.582000e-08	611212867	
5.612760e+05	1	2799798816	3.279200e-07	1494850122	
5.620480e+05	1	3150846686	5.454492e-07	870323177	
5.661116e+05	1	1075699702	3.628300e-07	2906924538	
5.764617e+05	0	3373526895	4.884700e-07	1634407402	
5.770819e+05	0	1572835533	4.465600e-07	3396227953	
5.802524e+05	1	2246051850	3.489200e-07	561528368	
5.852438e+05	0	3116505811	2.791000e-08	636961411	
5.862865e+05	0	3475245566	2.791000e-08	873214132	
5.912695e+05	0	1075699702	3.628300e-07	790319072	
5.944716e+05	1	2246051850	3.768300e-07	2451350669	
6.019973e+05	3	1639799867	1.453458e-08	2046083849	3491092596	1.400000e-08	
6.071990e+05	1	1222799196	3.558300e-07	611212867	
6.186849e+05	0	1321648343	2.791000e-08	257754683	
6.197598e+05	3	1211996162	1.453458e-08	3393811039	57770090	1.400000e-08	
6.209932e+05	0	1222799196	3.558300e-07	2693713428	
6.336822e+05	0	3534547045	6.317289e-07	2349140130	
6.476438e+05	3	3642829293	1.475687e-08	772925454	3071577057	1.400000e-08	
6.505150e+05	3	179097684	3.661946e-07	474866315	1452489764	1.407668e-08	4260098875	1.407668e-08	3696843781	1.407668e-08	
6.510616e+05	0	2235064901	9.597603e-07	636961411	
6.517388e+05	1	179097684	3.802713e-07	4260098875	
6.646190e+05	3	740082705	3.047696e-08	1321648343	2138100036	2.650220e-08	
6.693613e+05	0	3732071459	2.791000e-08	1639799867	
6.696001e+05	0	3004792470	6.977500e-07	4061687915	
6.697021e+05	0	326805806	2.791000e-08	1458665800	
6.923964e+05	0	3150846686	5.454492e-07	2999719241	
6.929864e+05	1	1222799196	3.837400e-07	869234806	
6.971571e+05	0	1572835533	4.465600e-07	2138100036	
6.978558e+05	0	2932274237	5.582000e-08	302486611	
7.018205e+05	0	3116505811	2.791000e-08	2406269022	
7.018562e+05	3	3116505811	2.349592e-08	2406269022	1726701215	1.616204e-08	1412415798	1.616204e-08	
7.022384e+05	3	1222799196	3.937150e-07	659524895	375852842	1.793497e-08	
7.057095e+05	1	2235064901	9.755367e-07	3537925318	
7.059069e+05	1	3534547045	6.552248e-07	3116505811	
7.099562e+05	3	3497999925	2.693626e-08	3232700421	3593732192	1.444187e-08	3888264012	1.444187e-08	
7.107488e+05	1	2799798816	3.424546e-07	1035956119	
7.119132e+05	1	2246051850	3.913646e-07	302486611	
7.147419e+05	3	211811971	5.582000e-08	2932274237	313359544	1.400000e-08	217284033	2.091000e-08	2151269300	2.091000e-08	
7.237484e+05	0	126484229	2.791000e-08	1236021306	
7.337376e+05	3	375852842	2.130252e-08	1945448119	3913511150	1.400000e-08	
7.413493e+05	0	179097684	3.802713e-07	1452489764	
7.437694e+05	0	179097684	3.802713e-07	1452489764	
7.503237e+05	1	179097684	3.943479e-07	1452489764	
7.540328e+05	3	3737780296	6.631683e-07	4031050948	2962530363	1.729087e-08	2063946235	1.729087e-08	
7.676912e+05	1	1593850299	4.882000e-08	2151269300	
7.715214e+05	0	3150846686	5.454492e-07	2349140130	
7.722180e+05	0	2528553283	2.791000e-08	3696843781	
7.747153e+05	3	1465560917	8.931200e-07	3004792470	1172086036	3.030779e-08	690117576	1.420090e-08	3288380490	1.420090e-08	845665321	1.420090e-08	3122982648	1.420090e-08	1471982444	1.420090e-08	3303338876	1.420090e-08	2875471576	1.420090e-08	1738909006	1.420090e-08	356405251	1.420090e-08	2879167783	1.420090e-08	3083352544	1.420090e-08	4198169764	1.420090e-08	821115011	1.420090e-08	2118016430	1.420090e-08	1945735688	1.420090e-08	4093093422	1.420090e-08	2842015324	1.420090e-08	1249238030	1.420090e-08	3214077756	1.420090e-08	879162223	1.420090e-08	3884425642	1.420090e-08	1149406307	1.420090e-08	3528332227	1.420090e-08	4004407106	1.420090e-08	451270221	1.420090e-08	3149440925	1.420090e-08	2250775120	1.420090e-08	1130108289	1.420090e-08	2177968201	1.420090e-08	2914302410	1.420090e-08	3655816389	1.420090e-08	3485819286	1.420090e-08	1382686479	1.420090e-08	1803925302	1.420090e-08	3293059020	1.420090e-08	378125977	1.420090e-08	2159618959	1.420090e-08	2441325815	1.420090e-08	3401497744	1.420090e-08	4069401935	1.420090e-08	134948105	1.420090e-08	1998372786	1.420090e-08	2455922112	1.420090e-08	3059103076	1.420090e-08	432337108	1.420090e-08	1902671923	1.420090e-08	4209590891	1.420090e-08	
7.747153e+05	1	1172086036	4.450869e-08	690117576	
7.747153e+05	1	1172086036	5.870959e-08	4209590891	
7.748076e+05	1	1465560917	9.073209e-07	2159618959	
7.773544e+05	3	2519559028	3.009569e-07	598947138	77395223	1.698154e-08	3592986772	1.698154e-08	
7.827718e+05	1	1465560917	9.215218e-07	3083352544	
7.840611e+05	1	2204676502	2.857558e-04	921425487	
7.901924e+05	3	1104410542	2.131099e-08	2029773149	1246511018	1.413359e-08	
8.087033e+05	1	1465560917	9.357227e-07	845665321	
8.090273e+05	1	1465560917	9.499236e-07	1803925302	
8.091181e+05	3	1931993247	2.779658e-08	1412415798	3986570268	1.400000e-08	
8.093914e+05	3	790319072	1.400000e-08	3414514926	174500547	1.741000e-08	4083845756	1.741000e-08	
8.100409e+05	3	3071234124	1.400000e-08	2999719241	110358663	1.845745e-08	1370908750	1.845745e-08	
8.146880e+05	0	1931993247	2.779658e-08	3986570268	
8.204442e+05	0	2693713428	2.791000e-08	2441325815	
8.242308e+05	1	1465560917	9.641245e-07	1149406307	
8.248069e+05	0	1370908750	1.845745e-08	110358663	
8.271052e+05	0	1465560917	9.641245e-07	1998372786	
8.377948e+05	0	2718413753	2.791000e-08	4083845756	
8.482576e+05	3	4061687915	1.400000e-08	1156624510	1837234470	2.091000e-08	2945849429	2.091000e-08	
8.508352e+05	1	1465560917	9.783254e-07	1249238030	
8.704031e+05	1	2545005546	5.582000e-08	888311950	
8.724091e+05	0	3988949870	5.582000e-08	3732071459	
8.807989e+05	3	2038493855	1.400000e-08	1726701215	66296937	1.503602e-08	976558236	1.503602e-08	
8.901979e+05	0	2555962951	2.791000e-07	3475245566	
9.000028e+05	0	3373526895	4.884700e-07	3071234124	
9.055352e+05	3	1370908750	1.949347e-08	976558236	2438291630	1.400000e-08	
9.068766e+05	3	2528553283	1.400000e-08	848448836	906368509	1.741000e-08	3783228500	1.741000e-08	
9.071305e+05	1	2340740170	5.750529e-07	211811971	
9.178804e+05	0	2235064901	9.755367e-07	3071234124	
9.197193e+05	1	426576124	3.770309e-07	2879167783	
9.231734e+05	0	3373526895	4.884700e-07	110358663	
9.401875e+05	3	3382444416	1.592477e-08	1434498202	2858952728	1.994762e-08	395113485	1.994762e-08	
9.445652e+05	1	3534547045	6.702609e-07	66296937	
9.459461e+05	0	1465560917	9.783254e-07	2693713428	
9.527271e+05	0	179097684	3.943479e-07	862710978	
9.534159e+05	0	3988949870	5.582000e-08	3071234124	
9.534944e+05	3	817087088	3.499959e-08	310481256	4019363830	1.770302e-08	3016084464	1.770302e-08	
9.593428e+05	0	817087088	3.499959e-08	4019363830	
9.594175e+05	0	817087088	3.499959e-08	3016084464	
9.613951e+05	0	817087088	3.499959e-08	4019363830	
9.657398e+05	1	817087088	5.270260e-08	3016084464	
9.699096e+05	1	3534547045	6.842609e-07	3071234124	
9.762004e+05	3	3823443426	1.400000e-08	451270221	921818415	1.405545e-08	2892683898	1.405545e-08	
9.917478e+05	0	343742982	2.791000e-08	1639799867	
1.008386e+06	1	3737780296	6.910783e-07	3833318790	
1.015704e+06	1	3150846686	5.711815e-07	636961411	
1.016232e+06	1	817087088	7.040562e-08	4019363830	
1.018521e+06	0	1222799196	3.937150e-07	2945849429	
1.035784e+06	1	3534547045	7.120574e-07	1931993247	
1.039269e+06	3	2246051850	4.268311e-07	3988949870	3697249003	2.035353e-08	
1.040423e+06	0	443746396	2.791000e-08	3382444416	
1.041840e+06	3	2038493855	1.400000e-08	2528553283	3983774618	1.400000e-08	
1.046100e+06	1	2246051850	4.408311e-07	313359544	
1.050864e+06	3	817087088	5.706019e-08	3696843781	4187488967	2.742211e-08	
1.051858e+06	0	817087088	5.706019e-08	4187488967	
1.052241e+06	1	817087088	8.448230e-08	4187488967	
1.054458e+06	3	2246051850	4.408311e-07	1593850299	898751805	1.400000e-08	3632514288	1.741000e-08	410848061	1.741000e-08	
1.056618e+06	1	1068020906	9.544675e-04	3268335666	
1.057556e+06	3	1227575429	1.400000e-08	1902671923	2791633391	1.405545e-08	630280293	1.405545e-08	
1.065381e+06	0	4046076794	2.791000e-08	4061687915	
1.077909e+06	3	925199572	4.204540e-08	3983774618	4212779140	2.777460e-08	
1.079215e+06	0	199935986	2.791000e-08	3428193420	
1.081539e+06	1	925199572	6.982000e-08	4212779140	
1.087219e+06	1	2799798816	3.566555e-07	1998372786	
1.088517e+06	3	3775452048	2.769130e-08	375852842	3459374364	2.152122e-08	
1.092264e+06	3	3176785673	2.380192e-08	2842015324	2125331604	1.830898e-08	
1.093272e+06	0	925199572	6.982000e-08	110358663	
1.102345e+06	0	2340740170	5.750529e-07	1239307652	
1.114064e+06	0	1465560917	9.783254e-07	3497999925	
1.115312e+06	3	179097684	3.834700e-07	110358663	3113062634	1.466771e-08	847040419	1.466771e-08	
1.116315e+06	1	179097684	3.981377e-07	3113062634	
1.117067e+06	3	3176785673	2.400282e-08	1471982444	4240624600	1.400000e-08	
1.129153e+06	0	2799798816	3.566555e-07	3071577057	
1.134074e+06	3	4046076794	2.565316e-08	2718413753	1565786989	1.508342e-08	2286860921	1.508342e-08	
1.145406e+06	3	925199572	6.002461e-08	2038493855	3707879645	2.379539e-08	
1.147567e+06	1	3534547045	7.294674e-07	906368509	
1.149365e+06	0	1019134040	2.791000e-08	3071577057	
1.151525e+06	3	2340740170	9.964607e-07	2246051850	2746930994	1.942332e-08	
1.156491e+06	1	3534547045	7.489609e-07	1370908750	
1.165216e+06	3	179097684	4.038943e-07	3707879645	4075596975	1.803883e-08	
1.166381e+06	1	179097684	4.219331e-07	4075596975	
1.182948e+06	0	2235064901	9.755367e-07	242414939	
1.183060e+06	1	3150846686	5.906048e-07	2746930994	
1.191930e+06	1	1465560917	1.006235e-06	343742982	
1.193167e+06	0	3632514288	1.741000e-08	790319072	
1.203266e+06	1	179097684	4.366008e-07	847040419	
1.205017e+06	3	3497999925	2.713716e-08	879162223	4283280385	1.400000e-08	
1.209632e+06	1	373638573	1.000000e+00	1134132465	
1.210341e+06	3	3528332227	1.420090e-08	790319072	538453177	1.400000e-08	
1.226916e+06	1	2235064901	9.964467e-07	2328232000	
1.235438e+06	1	2799798816	3.706555e-07	4061687915	
1.242774e+06	3	4274934102	1.400000e-08	3736601249	3121292019	2.091000e-08	3349724438	2.091000e-08	
1.256377e+06	0	2235064901	9.964467e-07	4093093422	
1.256377e+06	1	373638573	1.000000e+00	4093093422	
1.283301e+06	3	1075699702	3.487603e-07	732124878	4253718737	2.098984e-08	3297362622	2.098984e-08	
1.284062e+06	0	1878784256	2.791000e-08	1227575429	
1.300354e+06	3	1222799196	3.946871e-07	3297362622	1751902433	2.001778e-08	
1.300984e+06	1	373638573	1.000000e+00	315200650	
1.302628e+06	1	2799798816	3.848564e-07	2875471576	
1.304210e+06	3	1075699702	3.433875e-07	217284033	2878871175	2.628278e-08	
1.310505e+06	0	2878871175	2.628278e-08	2441325815	
1.310741e+06	1	2235064901	1.010669e-06	3375523036	
1.311490e+06	0	3459374364	2.152122e-08	1239307652	
1.315717e+06	1	373638573	1.000000e+00	164438789	
1.320376e+06	0	2349140130	2.791000e-08	4046076794	
1.330712e+06	0	2878871175	2.628278e-08	630280293	
1.331952e+06	0	1222799196	3.946871e-07	3293059020	
1.345530e+06	1	179097684	4.506008e-07	2438291630	
1.356564e+06	0	356405251	1.420090e-08	3823443426	
1.357202e+06	3	3534547045	7.873672e-07	925199572	3083717413	2.161836e-08	
1.361771e+06	1	2235064901	1.499139e-06	3373526895	
1.386168e+06	3	3279231079	1.400000e-08	1878784256	220564665	2.091000e-08	3653734512	2.091000e-08	
1.394409e+06	1	3150846686	6.051394e-07	1639799867	
1.403394e+06	0	3534547045	7.873672e-07	3083717413	
1.406049e+06	1	3534547045	8.089855e-07	3083717413	
1.419812e+06	3	2693713428	1.400000e-08	1382686479	3815024321	1.405545e-08	1428265047	1.405545e-08	
1.430720e+06	1	2340740170	1.013871e-06	410848061	
1.453615e+06	1	373638573	1.000000e+00	4004407106	
1.460446e+06	1	426576124	3.910309e-07	3279231079	
1.461669e+06	1	1068020906	9.544817e-04	2441325815	
1.465426e+06	0	3150846686	6.051394e-07	174500547	
1.470729e+06	0	817087088	8.448230e-08	862710978	
1.476358e+06	0	1837234470	2.091000e-08	1751902433	
1.476993e+06	3	817087088	1.495590e-08	862710978	3604532305	1.623940e-08	1869365069	1.623940e-08	965372172	1.623940e-08	607396504	1.623940e-08	2533881277	1.623940e-08	472358284	1.623940e-08	
1.477491e+06	0	472358284	1.623940e-08	965372172	
1.478018e+06	0	472358284	1.623940e-08	817087088	
1.479713e+06	1	472358284	3.247880e-08	3604532305	
1.480115e+06	1	472358284	4.871820e-08	965372172	
1.485371e+06	0	2533881277	1.623940e-08	817087088	
1.487898e+06	0	2533881277	1.623940e-08	1869365069	
1.487907e+06	0	2235064901	1.499139e-06	1634407402	
1.490647e+06	0	2533881277	1.623940e-08	817087088	
1.494826e+06	3	1019134040	1.400000e-08	3653734512	1950077488	1.741000e-08	1820499179	1.741000e-08	
1.495829e+06	3	333964007	2.250817e-08	3528332227	4055959668	1.960273e-08	
1.500151e+06	0	2533881277	1.623940e-08	607396504	
1.500720e+06	1	2533881277	3.247880e-08	607396504	
1.504154e+06	0	472358284	4.871820e-08	1869365069	
1.506408e+06	3	257754683	1.400000e-08	2125331604	528880979	1.610949e-08	3778036871	1.610949e-08	
1.507083e+06	1	2340740170	1.031303e-06	1239307652	
1.509546e+06	0	2533881277	3.247880e-08	1869365069	
1.514352e+06	3	3778036871	1.610949e-08	57770090	1405660995	1.400000e-08	
1.529358e+06	1	373638573	1.000000e+00	3121292019	
1.534595e+06	0	1869365069	1.623940e-08	817087088	
1.542218e+06	3	1035492323	1.400000e-08	378125977	3662110242	1.405545e-08	2247026945	1.405545e-08	
1.544539e+06	0	1075699702	3.433875e-07	3913511150	
1.555283e+06	1	3534547045	8.266998e-07	1634407402	
1.564019e+06	0	2205180068	2.791000e-08	220564665	
1.566677e+06	3	242414939	1.400000e-08	4046076794	4032129539	1.978158e-08	4035587434	1.978158e-08	
1.569162e+06	1	1465560917	1.020436e-06	432337108	
1.585411e+06	0	4035587434	1.978158e-08	242414939	
1.589493e+06	0	3534547045	8.266998e-07	3986570268	
1.589794e+06	0	1327969783	2.791000e-08	2455922112	
1.601843e+06	3	443746396	2.791000e-08	898751805	3111692719	1.400000e-08	
1.610153e+06	3	2914302410	1.420090e-08	3491092596	1398579088	1.400000e-08	
1.610535e+06	3	384163328	2.785350e-08	1565786989	2501379955	1.513992e-08	
1.612302e+06	1	1075699702	3.573875e-07	1227575429	
1.622211e+06	1	373638573	1.000000e+00	3884425642	
1.628750e+06	0	1172086036	5.870959e-08	4274934102	
1.630102e+06	0	1465560917	1.020436e-06	630280293	
1.642806e+06	1	426576124	4.189409e-07	3012070026	
1.651364e+06	0	2340740170	1.031303e-06	482917538	
1.655514e+06	1	472358284	6.495760e-08	1869365069	
1.655625e+06	1	2799798816	3.988564e-07	257754683	
1.661513e+06	1	2235064901	1.513139e-06	3986570268	
1.668872e+06	3	3737780296	6.910783e-07	2555962951	3332562587	1.400000e-08	3562383954	1.472778e-08	2521380987	1.472778e-08	4119421155	1.472778e-08	1913762779	1.472778e-08	3678948817	1.472778e-08	2489195127	1.472778e-08	3929228125	1.472778e-08	3160344427	1.472778e-08	3182159117	1.472778e-08	766581564	1.472778e-08	3702894340	1.472778e-08	3532745758	1.472778e-08	1072840122	1.472778e-08	3294683754	1.472778e-08	1676003954	1.472778e-08	4285585893	1.472778e-08	2674988631	1.472778e-08	406745133	1.472778e-08	
1.669998e+06	0	630280293	1.405545e-08	4240624600	
1.675192e+06	0	2519559028	3.009569e-07	1035492323	
1.675788e+06	1	1075699702	3.713875e-07	242414939	
1.675883e+06	0	333964007	2.250817e-08	4283280385	
1.678650e+06	0	199935986	2.791000e-08	1458432161	
1.689232e+06	0	333964007	2.250817e-08	2215785330	
1.694699e+06	3	1222799196	3.946871e-07	740082705	2883513480	1.400000e-08	783121895	1.647696e-08	
1.699484e+06	0	2118016430	1.420090e-08	2791633391	
1.708259e+06	0	3933289935	2.791000e-08	3332562587	
1.709313e+06	0	1541946641	2.791000e-08	3176785673	
1.725098e+06	0	1327969783	2.791000e-08	1541946641	
1.737767e+06	3	3160344427	1.492868e-08	3303338876	2683944377	1.400000e-08	
1.739540e+06	1	1075699702	3.861153e-07	2521380987	
1.746593e+06	0	2235064901	1.513139e-06	4055959668	
1.761650e+06	1	3150846686	6.192730e-07	1246511018	
1.771129e+06	3	179097684	4.506008e-07	2533881277	2961226102	1.400000e-08	301219709	1.847880e-08	
1.776643e+06	1	179097684	4.690796e-07	301219709	
1.792521e+06	0	443746396	2.791000e-08	2138100036	
1.795216e+06	1	179097684	4.830796e-07	2961226102	
1.799574e+06	0	472358284	6.495760e-08	817087088	
1.800476e+06	1	472358284	7.991350e-08	817087088	
1.800787e+06	3	1123501568	1.547766e-08	3459374364	1743198400	1.697678e-08	3059144981	1.697678e-08	
1.801441e+06	1	3059144981	3.245444e-08	1123501568	
1.804175e+06	0	426576124	4.189409e-07	3197676583	
1.804369e+06	3	1075699702	3.803261e-07	2074240873	3952655669	1.684959e-08	2848685905	1.684959e-08	
1.806712e+06	1	1075699702	3.971757e-07	2848685905	
1.811320e+06	0	2173231515	1.453458e-08	538453177	
1.814949e+06	1	2204676502	2.857705e-04	1913762779	
1.817931e+06	3	2138100036	2.420128e-08	1837234470	1826422368	2.321093e-08	
1.824557e+06	1	1075699702	4.184867e-07	1104410542	
1.826535e+06	0	2799798816	3.988564e-07	3952655669	
1.832491e+06	0	3593732192	1.444187e-08	1428265047	
1.835115e+06	3	2466232951	2.791000e-08	4274934102	896813269	1.400000e-08	
1.836737e+06	1	2204676502	2.857853e-04	3562383954	
1.845153e+06	1	373638573	1.000000e+00	3891448235	
1.883090e+06	1	373638573	1.000000e+00	2669757562	
1.887033e+06	3	1751902433	2.001778e-08	2683944377	37051273	1.400000e-08	
1.896948e+06	0	2799798816	3.988564e-07	2693713428	
1.906304e+06	1	2340740170	1.477863e-06	1572835533	
1.914716e+06	1	2340740170	1.505773e-06	443746396	
1.924597e+06	0	3122982648	1.420090e-08	1405660995	
1.929135e+06	0	3150846686	6.192730e-07	2205180068	
1.929551e+06	0	3059144981	3.245444e-08	4253718737	
1.957268e+06	1	1465560917	1.034637e-06	2177968201	
1.961298e+06	3	179097684	4.830796e-07	472358284	1867247157	1.400000e-08	3633199892	1.647837e-08	1736323711	1.647837e-08	283080478	1.647837e-08	785216844	1.647837e-08	
1.962357e+06	1	179097684	4.995580e-07	3633199892	
1.963016e+06	0	179097684	4.995580e-07	785216844	
1.965290e+06	0	179097684	4.995580e-07	785216844	
1.967928e+06	3	3214077756	1.425635e-08	630280293	3006103420	1.400000e-08	
1.973015e+06	0	179097684	4.995580e-07	1736323711	
1.980801e+06	1	179097684	5.160363e-07	785216844	
1.983474e+06	1	179097684	5.325147e-07	283080478	
1.989479e+06	3	2340740170	1.885001e-06	1222799196	2898323513	1.545945e-08	
1.990839e+06	3	1458432161	3.608026e-08	3775452048	1199222225	1.952104e-08	
1.996341e+06	1	179097684	5.489931e-07	1736323711	
1.998277e+06	3	3534547045	8.395859e-07	326805806	3755198008	1.502391e-08	
1.998566e+06	1	2235064901	1.527340e-06	3122982648	
2.004807e+06	3	1075699702	4.210787e-07	3933289935	2795041644	2.531805e-08	
2.008048e+06	0	179097684	5.489931e-07	1867247157	
2.008065e+06	1	179097684	5.629931e-07	1867247157	
2.037243e+06	3	2878871175	2.653913e-08	3214077756	3492274228	1.400000e-08	
2.037610e+06	0	482917538	2.791000e-08	1072840122	
2.055019e+06	1	1075699702	4.350787e-07	3492274228	
2.097800e+06	0	3534547045	8.395859e-07	4035587434	
2.119001e+06	1	2340740170	1.899202e-06	2455922112	
2.121796e+06	3	174500547	1.741000e-08	896813269	1420914473	1.400000e-08	
2.129524e+06	1	1465560917	1.070717e-06	1458432161	
2.131367e+06	3	3485819286	1.425635e-08	1428265047	439844059	1.400000e-08	
2.134558e+06	1	179097684	5.780170e-07	3755198008	
2.159847e+06	1	1465560917	1.097855e-06	3497999925	
2.175240e+06	3	2250775120	1.425635e-08	3662110242	3802520055	1.400000e-08	
2.180141e+06	3	1172086036	4.804746e-08	134948105	3012889883	2.486302e-08	
2.183510e+06	1	2235064901	1.547121e-06	4032129539	
2.205815e+06	3	1826422368	2.254202e-08	3913511150	3363823620	1.466890e-08	
2.208677e+06	1	373638573	1.000000e+00	4069401935	
2.221052e+06	3	3059144981	1.400000e-08	528880979	1086559163	1.728196e-08	3063534263	1.728196e-08	
2.221583e+06	1	373638573	1.000000e+00	838860310	
2.228891e+06	0	3428193420	2.791000e-08	2205180068	
2.266173e+06	3	333964007	2.579013e-08	1086559163	2013640095	1.400000e-08	
2.267442e+06	1	333964007	3.979013e-08	2013640095	
2.271421e+06	0	220564665	2.091000e-08	174500547	
2.277027e+06	1	373638573	1.000000e+00	1405660995	
2.278932e+06	1	373638573	1.000000e+00	3401497744	
2.287500e+06	1	373638573	1.000000e+00	1130108289	
2.298019e+06	1	2340740170	1.913202e-06	2883513480	
2.298137e+06	1	220564665	3.566687e-08	3642829293	
2.319461e+06	0	1075699702	4.350787e-07	3012889883	
2.338566e+06	1	373638573	1.000000e+00	2620740164	
2.340700e+06	0	3150846686	6.192730e-07	1420914473	
2.363589e+06	1	3150846686	6.338075e-07	2173231515	
2.378058e+06	0	3737780296	6.910783e-07	1820499179	
2.384884e+06	1	1465560917	1.115265e-06	174500547	
2.393533e+06	1	2340740170	1.927202e-06	1398579088	
2.404833e+06	0	1963165541	2.791000e-08	1593891639	
2.408040e+06	3	333964007	2.281098e-08	482917538	1461359102	1.496305e-08	2027098952	1.496305e-08	4167430602	1.496305e-08	
2.412264e+06	1	3534547045	8.545489e-07	1461359102	
2.412869e+06	1	373638573	1.000000e+00	3071577057	
2.420361e+06	0	2235064901	1.547121e-06	2466232951	
2.427530e+06	1	3534547045	8.690835e-07	2723643411	
2.447824e+06	1	373638573	1.000000e+00	77395223	
2.449343e+06	3	3012889883	2.234703e-08	3059103076	4096225443	1.671689e-08	
2.470029e+06	1	2340740170	1.941644e-06	3593732192	
2.486711e+06	1	3534547045	8.840465e-07	4167430602	
2.490786e+06	0	3737780296	6.910783e-07	3197676583	
2.495262e+06	1	2235064901	1.561121e-06	1420914473	
2.502291e+06	0	3534547045	8.840465e-07	333964007	
2.508751e+06	3	2205180068	1.400000e-08	333964007	781549661	1.836049e-08	907719639	1.836049e-08	
2.525346e+06	1	373638573	1.000000e+00	1541946641	
2.525425e+06	1	2340740170	1.964186e-06	1826422368	
2.531373e+06	3	1465560917	1.504904e-06	1075699702	1906851972	1.514653e-08	2597880038	1.514653e-08	1896745001	1.514653e-08	
2.544951e+06	1	1465560917	1.529105e-06	2138100036	
2.550013e+06	3	405521437	1.400000e-08	1211996162	2378434411	1.422229e-08	1837088337	1.422229e-08	
2.572193e+06	1	373638573	1.000000e+00	439844059	
2.573692e+06	0	2215785330	1.571600e-08	2205180068	
2.576465e+06	0	2235064901	1.561121e-06	4035587434	
2.577632e+06	0	3534547045	8.840465e-07	2027098952	
2.584397e+06	1	3737780296	7.058060e-07	3294683754	
2.589400e+06	1	1465560917	1.543774e-06	3363823620	
2.594773e+06	0	3150846686	6.338075e-07	1837088337	
2.596038e+06	1	2340740170	1.978241e-06	2247026945	
2.596462e+06	0	2799798816	3.988564e-07	3063534263	
2.600436e+06	1	373638573	1.000000e+00	3176785673	
2.616430e+06	1	1465560917	1.558308e-06	1842102965	
2.625115e+06	0	1906851972	1.514653e-08	3485819286	
2.626283e+06	1	2519559028	3.149569e-07	538453177	
2.641052e+06	0	3534547045	8.840465e-07	4253718737	
2.646783e+06	0	1465560917	1.558308e-06	3632514288	
2.683703e+06	0	3534547045	8.840465e-07	907719639	
2.694753e+06	1	3534547045	9.024070e-07	781549661	
2.702980e+06	3	3063534263	1.750426e-08	2378434411	1543523724	1.400000e-08	
2.721333e+06	1	2340740170	1.998259e-06	1751902433	
2.738887e+06	1	1068020906	9.545096e-04	1503861029	
2.750256e+06	1	3150846686	6.480084e-07	4198169764	
2.779061e+06	1	1465560917	1.572531e-06	1837088337	
2.784979e+06	3	2340740170	2.382747e-06	2799798816	1761715697	1.436823e-08	
2.819796e+06	0	2466232951	2.791000e-08	2027098952	
2.836017e+06	1	1465560917	1.586531e-06	405521437	
2.841134e+06	0	426576124	4.189409e-07	2286860921	
2.841287e+06	1	3150846686	6.620084e-07	2205180068	
2.856431e+06	3	907719639	2.133727e-08	1743198400	3099973400	1.400000e-08	
2.867268e+06	1	373638573	1.000001e+00	1738909006	
2.945733e+06	1	1465560917	1.614441e-06	1963165541	
2.965901e+06	1	2858952728	3.394762e-08	3111692719	
2.971412e+06	1	3534547045	9.303170e-07	3257166052	
2.988526e+06	1	2519559028	3.291578e-07	821115011	
3.027051e+06	1	373638573	1.000001e+00	2545005546	
3.069590e+06	1	373638573	1.000001e+00	3428193420	
3.100730e+06	1	3150846686	6.899184e-07	2466232951	
3.108345e+06	0	2235064901	1.561121e-06	3099973400	
3.116878e+06	1	373638573	1.000001e+00	3815024321	
3.117151e+06	3	3396227953	1.743250e-08	3059144981	2789348510	1.400000e-08	
3.139324e+06	3	2519559028	2.501803e-07	907719639	1371202285	1.433068e-08	629078091	1.433068e-08	754560055	1.433068e-08	1737134642	1.433068e-08	37613351	1.433068e-08	3434666020	1.433068e-08	2369258877	1.433068e-08	
3.148445e+06	1	179097684	5.954270e-07	3783228500	
3.166816e+06	1	373638573	1.000001e+00	1371202285	
3.167214e+06	1	373638573	1.000001e+00	2369258877	
3.172342e+06	1	373638573	1.000001e+00	629078091	
3.172889e+06	1	373638573	1.000001e+00	3434666020	
3.175319e+06	3	3534547045	9.231214e-07	2519559028	3563522875	1.429866e-08	249728555	1.429866e-08	4285226245	1.429866e-08	2707460946	1.429866e-08	2606325002	1.429866e-08	1541925803	1.429866e-08	2024675612	1.429866e-08	1292023300	1.429866e-08	3302973195	1.429866e-08	875106938	1.429866e-08	3314075649	1.429866e-08	2589646060	1.429866e-08	3433591204	1.429866e-08	1848242772	1.429866e-08	250719570	1.429866e-08	2681498831	1.429866e-08	481808867	1.429866e-08	2066612683	1.429866e-08	
3.175348e+06	1	3534547045	9.374201e-07	3314075649	
3.175662e+06	1	2066612683	2.859733e-08	249728555	
3.176074e+06	1	3534547045	9.517187e-07	481808867	
3.176379e+06	1	1465560917	1.629587e-06	2597880038	
3.176718e+06	0	179097684	5.954270e-07	1737134642	
3.176718e+06	1	373638573	1.000001e+00	1737134642	
3.177381e+06	1	3534547045	9.660174e-07	1541925803	
3.179200e+06	1	3534547045	9.803161e-07	2589646060	
3.181962e+06	1	2606325002	2.859733e-08	4285226245	
3.182007e+06	1	3534547045	9.946147e-07	3302973195	
3.185782e+06	0	3534547045	9.946147e-07	2024675612	
3.187690e+06	1	3534547045	1.023212e-06	2066612683	
3.187828e+06	0	3534547045	1.023212e-06	3563522875	
3.189600e+06	1	3534547045	1.037511e-06	1848242772	
3.194060e+06	0	250719570	1.429866e-08	3433591204	
3.206271e+06	1	3534547045	1.051809e-06	3433591204	
3.206997e+06	1	2340740170	2.396747e-06	2789348510	
3.214819e+06	0	3534547045	1.051809e-06	1292023300	
3.215382e+06	1	3534547045	1.066108e-06	1292023300	
3.219161e+06	0	2878871175	2.653913e-08	3778036871	
3.229269e+06	0	783121895	1.647696e-08	3888264012	
3.239387e+06	0	2235064901	1.561121e-06	3099973400	
3.240068e+06	1	825415804	7.007635e-08	2250775120	
3.279718e+06	1	179097684	6.097257e-07	2707460946	
3.280387e+06	1	373638573	1.000001e+00	3655816389	
3.283158e+06	1	373638573	1.000001e+00	37613351	
3.303707e+06	1	373638573	1.000001e+00	754560055	
3.305195e+06	0	179097684	6.097257e-07	875106938	
3.313425e+06	1	2340740170	2.414179e-06	3396227953	
3.325809e+06	3	356405251	1.425635e-08	2791633391	3458484829	1.400000e-08	
3.335102e+06	0	356405251	1.425635e-08	3458484829	
3.345698e+06	0	1172086036	4.804746e-08	199935986	
3.363600e+06	1	3534547045	1.080407e-06	2681498831	
3.374496e+06	0	3534547045	1.080407e-06	875106938	
3.422559e+06	1	3534547045	1.094705e-06	250719570	
3.435438e+06	0	2606325002	2.859733e-08	3563522875	
3.439531e+06	3	3150846686	6.899184e-07	1172086036	2719204682	1.400000e-08	4256642775	1.702373e-08	2449448537	1.702373e-08	
3.450395e+06	0	2215785330	1.571600e-08	3888264012	
3.454654e+06	3	2449448537	1.740702e-08	2215785330	463844675	1.533271e-08	
3.478173e+06	1	3150846686	7.039184e-07	2719204682	
3.481462e+06	0	2235064901	1.561121e-06	3099973400	
3.489304e+06	0	4096225443	1.671689e-08	1761715697	
3.497506e+06	0	2340740170	2.414179e-06	463844675	
3.514887e+06	1	2340740170	2.429512e-06	463844675	
3.524016e+06	3	3534547045	1.094705e-06	179097684	3167902617	1.400000e-08	579073438	1.418394e-08	3468130899	1.418394e-08	393090083	1.418394e-08	2343849308	1.418394e-08	1055469694	1.418394e-08	627452446	1.418394e-08	2014426858	1.418394e-08	2716949832	1.418394e-08	552634658	1.418394e-08	3736523900	1.418394e-08	2213923665	1.418394e-08	1503202005	1.418394e-08	3202152185	1.418394e-08	2622395779	1.418394e-08	3607413901	1.418394e-08	649593533	1.418394e-08	66987975	1.418394e-08	483021244	1.418394e-08	3707800333	1.418394e-08	3528190190	1.418394e-08	2185291493	1.418394e-08	550176535	1.418394e-08	1674415855	1.418394e-08	4287239676	1.418394e-08	3884987045	1.418394e-08	1960974751	1.418394e-08	309459595	1.418394e-08	2348040613	1.418394e-08	3180086772	1.418394e-08	3833074883	1.418394e-08	1462644303	1.418394e-08	4088625113	1.418394e-08	1237914369	1.418394e-08	2733144751	1.418394e-08	1649557018	1.418394e-08	1831065885	1.418394e-08	79461789	1.418394e-08	1621314342	1.418394e-08	2016090987	1.418394e-08	1553963666	1.418394e-08	1002680420	1.418394e-08	734120091	1.418394e-08	
3.524016e+06	0	1674415855	1.418394e-08	2185291493	
3.524016e+06	1	3468130899	2.836789e-08	579073438	
3.524024e+06	0	1649557018	1.418394e-08	3833074883	
3.524025e+06	1	3707800333	2.836789e-08	483021244	
3.524098e+06	1	1831065885	2.836789e-08	2622395779	
3.524107e+06	1	3534547045	1.123073e-06	1831065885	
3.524180e+06	1	3534547045	1.137257e-06	66987975	
3.524180e+06	0	1237914369	1.418394e-08	3833074883	
3.524220e+06	1	3534547045	1.151441e-06	79461789	
3.524268e+06	1	3534547045	1.165625e-06	649593533	
3.524300e+06	1	3534547045	1.179809e-06	3607413901	
3.524409e+06	1	3534547045	1.193993e-06	2733144751	
3.524507e+06	0	3534547045	1.193993e-06	1553963666	
3.524629e+06	1	3534547045	1.208177e-06	2716949832	
3.524764e+06	0	627452446	1.418394e-08	1055469694	
3.525019e+06	1	1621314342	2.836789e-08	1055469694	
3.525090e+06	1	3534547045	1.222361e-06	1960974751	
3.525351e+06	1	3534547045	1.236545e-06	3884987045	
3.525518e+06	1	3534547045	1.250729e-06	3180086772	
3.525690e+06	1	3707800333	4.255183e-08	552634658	
3.526777e+06	3	3707800333	4.255183e-08	3468130899	2475979558	1.400000e-08	2649056468	1.436789e-08	
3.527108e+06	0	3833074883	1.418394e-08	393090083	
3.527134e+06	1	3534547045	1.264913e-06	393090083	
3.528498e+06	0	3534547045	1.264913e-06	3833074883	
3.529068e+06	0	3534547045	1.264913e-06	1649557018	
3.529141e+06	1	3534547045	1.279097e-06	1649557018	
3.529294e+06	1	3534547045	1.293281e-06	1674415855	
3.529561e+06	1	3534547045	1.307465e-06	2213923665	
3.529932e+06	1	3534547045	1.321648e-06	3736523900	
3.530444e+06	1	3534547045	1.335832e-06	734120091	
3.531355e+06	1	3534547045	1.350016e-06	309459595	
3.533814e+06	0	2016090987	1.418394e-08	2343849308	
3.533938e+06	1	3534547045	1.364200e-06	1002680420	
3.534219e+06	1	3534547045	1.378384e-06	4088625113	
3.535068e+06	0	2016090987	1.418394e-08	627452446	
3.535447e+06	1	3534547045	1.392568e-06	4287239676	
3.536113e+06	0	3534547045	1.392568e-06	2343849308	
3.538999e+06	0	3707800333	4.255183e-08	3167902617	
3.539006e+06	1	3707800333	5.655183e-08	3167902617	
3.540082e+06	1	3534547045	1.406752e-06	2348040613	
3.543325e+06	1	3534547045	1.420936e-06	1237914369	
3.543371e+06	3	3534547045	1.420936e-06	1621314342	3381587904	1.400000e-08	175860597	1.436789e-08	
3.543561e+06	1	3534547045	1.435304e-06	175860597	
3.544346e+06	0	3534547045	1.435304e-06	395113485	
3.546120e+06	1	3534547045	1.449304e-06	2475979558	
3.546760e+06	1	3534547045	1.463488e-06	2343849308	
3.547028e+06	1	3534547045	1.477672e-06	1503202005	
3.547919e+06	0	3534547045	1.477672e-06	3833074883	
3.547921e+06	1	3534547045	1.491856e-06	3528190190	
3.549492e+06	1	3534547045	1.506040e-06	2185291493	
3.550192e+06	1	3534547045	1.520224e-06	627452446	
3.551911e+06	0	3534547045	1.520224e-06	2016090987	
3.560667e+06	0	3534547045	1.520224e-06	550176535	
3.562094e+06	1	3534547045	1.534408e-06	550176535	
3.562282e+06	1	3534547045	1.548592e-06	3833074883	
3.573357e+06	3	3707800333	4.992896e-08	2606325002	1089013536	1.761010e-08	552498239	1.761010e-08	
3.577207e+06	1	3707800333	6.411291e-08	3202152185	
3.582258e+06	3	3534547045	1.548592e-06	3707800333	481049431	1.400000e-08	2950407739	1.670430e-08	72955594	1.670430e-08	1771264541	1.670430e-08	
3.582439e+06	0	3534547045	1.548592e-06	1462644303	
3.584158e+06	1	3534547045	1.565296e-06	72955594	
3.586555e+06	0	3534547045	1.565296e-06	1771264541	
3.586571e+06	0	3534547045	1.565296e-06	1771264541	
3.590077e+06	1	3534547045	1.579296e-06	481049431	
3.592003e+06	0	2016090987	1.418394e-08	1462644303	
3.592437e+06	0	3534547045	1.579296e-06	1771264541	
3.592493e+06	1	3534547045	1.596000e-06	1771264541	
3.596469e+06	0	3534547045	1.596000e-06	2649056468	
3.605452e+06	1	3150846686	7.209422e-07	4256642775	
3.606038e+06	1	3534547045	1.610368e-06	2649056468	
3.606101e+06	1	3534547045	1.627978e-06	1089013536	
3.610658e+06	1	3534547045	1.642162e-06	2016090987	
3.614228e+06	0	3534547045	1.642162e-06	552498239	
3.624539e+06	1	1465560917	1.656126e-06	2878871175	
3.631945e+06	3	4096225443	1.817633e-08	2898323513	2353028958	1.400000e-08	
3.642796e+06	0	2235064901	1.561121e-06	3563522875	
3.654753e+06	1	3534547045	1.656162e-06	3332562587	
3.658853e+06	0	3534547045	1.656162e-06	2024675612	
3.659794e+06	1	3534547045	1.673772e-06	552498239	
3.667084e+06	1	3534547045	1.687772e-06	3381587904	
3.675798e+06	1	3534547045	1.701956e-06	2014426858	
3.711508e+06	0	3534547045	1.701956e-06	2950407739	
3.712962e+06	0	3534547045	1.701956e-06	2950407739	
3.712994e+06	1	3534547045	1.718660e-06	2950407739	
3.722712e+06	1	3534547045	1.738442e-06	4035587434	
3.729317e+06	1	2235064901	1.575121e-06	3458484829	
3.736016e+06	0	1465560917	1.656126e-06	4283280385	
3.770763e+06	1	2235064901	1.589420e-06	3563522875	
3.785800e+06	0	3534547045	1.738442e-06	4283280385	
3.820602e+06	1	1465560917	1.670327e-06	2914302410	
3.821173e+06	1	3534547045	1.752626e-06	1553963666	
3.833214e+06	1	373638573	1.000001e+00	3160344427	
3.885425e+06	3	3778036871	1.636583e-08	356405251	2980075456	1.400000e-08	
3.899064e+06	1	2340740170	2.457422e-06	3197676583	
3.958152e+06	0	3534547045	1.752626e-06	395113485	
3.960644e+06	1	2340740170	2.485332e-06	126484229	
3.996381e+06	1	3534547045	1.766925e-06	2024675612	
4.029099e+06	0	3736894086	2.791000e-08	1820499179	
4.041833e+06	1	2340740170	2.499774e-06	3888264012	
4.052189e+06	1	3534547045	1.786872e-06	395113485	
4.055946e+06	3	1327969783	2.796545e-08	2892683898	3449694611	1.400000e-08	
4.080326e+06	3	2235064901	1.589420e-06	3150846686	1194638860	3.198662e-08	114837353	1.406032e-08	2341758500	1.406032e-08	651046398	1.406032e-08	2780384598	1.406032e-08	1061526795	1.406032e-08	3342541004	1.406032e-08	1577969976	1.406032e-08	695939830	1.406032e-08	229435916	1.406032e-08	1850435983	1.406032e-08	19131048	1.406032e-08	2426951832	1.406032e-08	3089865955	1.406032e-08	3526559023	1.406032e-08	73116178	1.406032e-08	2654473721	1.406032e-08	2564127097	1.406032e-08	3554620561	1.406032e-08	2789301560	1.406032e-08	3201932102	1.406032e-08	3527214469	1.406032e-08	224410298	1.406032e-08	3967778277	1.406032e-08	1759850032	1.406032e-08	2704180049	1.406032e-08	287394855	1.406032e-08	2670951229	1.406032e-08	2367820772	1.406032e-08	771359632	1.406032e-08	4186562710	1.406032e-08	3211480542	1.406032e-08	346987663	1.406032e-08	1922039940	1.406032e-08	2110688926	1.406032e-08	1314810707	1.406032e-08	2472898255	1.406032e-08	3459912306	1.406032e-08	1598213090	1.406032e-08	1495382923	1.406032e-08	722767024	1.406032e-08	515125813	1.406032e-08	1298902656	1.406032e-08	3532628785	1.406032e-08	826924968	1.406032e-08	3190311976	1.406032e-08	841878026	1.406032e-08	2747938267	1.406032e-08	3177521820	1.406032e-08	3363025910	1.406032e-08	
4.080326e+06	1	1194638860	4.604694e-08	3363025910	
4.080326e+06	1	1194638860	6.010726e-08	114837353	
4.080868e+06	1	2367820772	2.812063e-08	651046398	
4.081005e+06	0	2235064901	1.589420e-06	2341758500	
4.081421e+06	0	346987663	1.406032e-08	2670951229	
4.081633e+06	1	2235064901	1.603480e-06	3527214469	
4.081870e+06	1	2235064901	1.617541e-06	1922039940	
4.081888e+06	0	2235064901	1.617541e-06	2110688926	
4.082778e+06	1	2235064901	1.631601e-06	346987663	
4.083161e+06	1	2235064901	1.645661e-06	3526559023	
4.083210e+06	1	2235064901	1.659722e-06	3177521820	
4.086112e+06	1	2235064901	1.673782e-06	287394855	
4.086956e+06	1	2235064901	1.687842e-06	3211480542	
4.088209e+06	1	2235064901	1.701903e-06	3089865955	
4.088884e+06	1	2235064901	1.715963e-06	515125813	
4.089712e+06	1	2235064901	1.730023e-06	229435916	
4.090480e+06	1	2235064901	1.744084e-06	3190311976	
4.092004e+06	0	2235064901	1.744084e-06	2426951832	
4.092412e+06	1	2235064901	1.758144e-06	3201932102	
4.094730e+06	1	2235064901	1.772204e-06	3532628785	
4.095705e+06	1	3534547045	1.800872e-06	4283280385	
4.099961e+06	1	2235064901	1.786265e-06	1298902656	
4.100186e+06	1	2235064901	1.800325e-06	1598213090	
4.100202e+06	1	2235064901	1.814385e-06	2654473721	
4.105190e+06	1	2235064901	1.828446e-06	2564127097	
4.105963e+06	0	2235064901	1.828446e-06	3342541004	
4.114754e+06	1	2235064901	1.842506e-06	3342541004	
4.115034e+06	0	1194638860	6.010726e-08	695939830	
4.116021e+06	0	1314810707	1.406032e-08	19131048	
4.119426e+06	1	2235064901	1.856566e-06	2426951832	
4.121415e+06	0	2472898255	1.406032e-08	19131048	
4.125615e+06	3	1194638860	5.147405e-08	4083845756	1290268226	2.604321e-08	
4.131682e+06	1	2235064901	1.870626e-06	771359632	
4.133900e+06	1	373638573	1.000001e+00	921818415	
4.134031e+06	1	2235064901	1.884687e-06	2110688926	
4.139239e+06	0	3554620561	1.406032e-08	1850435983	
4.141939e+06	0	199935986	2.791000e-08	1577969976	
4.148056e+06	0	2235064901	1.884687e-06	1061526795	
4.155191e+06	1	19131048	2.812063e-08	1850435983	
4.155491e+06	1	2235064901	1.912807e-06	19131048	
4.184107e+06	3	2472898255	1.412063e-08	224410298	764400056	1.400000e-08	
4.186023e+06	1	2235064901	1.926868e-06	2780384598	
4.200429e+06	1	2235064901	1.940928e-06	3459912306	
4.203426e+06	0	1759850032	1.406032e-08	695939830	
4.210617e+06	1	2235064901	1.954988e-06	2789301560	
4.211488e+06	0	1465560917	1.670327e-06	3802520055	
4.212922e+06	1	2235064901	1.969049e-06	4186562710	
4.217740e+06	1	1759850032	2.812063e-08	1061526795	
4.219069e+06	1	2235064901	1.983109e-06	722767024	
4.221033e+06	1	2235064901	2.034583e-06	1194638860	
4.224701e+06	0	2235064901	2.034583e-06	3967778277	
4.225072e+06	1	2235064901	2.050949e-06	3778036871	
4.232920e+06	1	2235064901	2.065009e-06	3967778277	
4.293480e+06	0	2235064901	2.065009e-06	841878026	
4.295440e+06	0	2235064901	2.065009e-06	1314810707	
4.296715e+06	0	2235064901	2.065009e-06	841878026	
4.313157e+06	1	3534547045	1.814933e-06	1314810707	
4.316824e+06	0	2367820772	2.812063e-08	1495382923	
4.330997e+06	1	1465560917	1.705994e-06	220564665	
4.332425e+06	1	1239791232	4.191000e-08	3823443426	
4.338927e+06	0	426576124	4.189409e-07	3485819286	
4.348327e+06	1	2235064901	2.079972e-06	2027098952	
4.366703e+06	1	373638573	1.000001e+00	1896745001	
4.380127e+06	3	3697249003	2.035353e-08	3099973400	1517815290	1.400000e-08	
4.400430e+06	1	2235064901	2.094033e-06	3554620561	
4.462331e+06	3	826924968	1.406032e-08	3802520055	66064165	1.400000e-08	
4.476918e+06	1	2235064901	2.108093e-06	73116178	
4.480710e+06	0	2235064901	2.108093e-06	841878026	
4.487454e+06	1	2235064901	2.122093e-06	2353028958	
4.506811e+06	1	1465560917	1.723401e-06	2449448537	
4.509340e+06	3	3534547045	1.814933e-06	1759850032	2766526296	1.400000e-08	2454553876	1.412063e-08	
4.510967e+06	1	3534547045	1.828933e-06	2766526296	
4.516017e+06	1	2670951229	2.812063e-08	695939830	
4.528452e+06	0	2235064901	2.122093e-06	1290268226	
4.531412e+06	0	3534547045	1.828933e-06	1462644303	
4.532215e+06	0	3349724438	2.091000e-08	1035492323	
4.532704e+06	0	1465560917	1.723401e-06	384163328	
4.541264e+06	0	3534547045	1.828933e-06	1462644303	
4.559493e+06	1	3534547045	1.843053e-06	2454553876	
4.571473e+06	3	1327969783	1.400000e-08	3736894086	1923515514	2.093772e-08	3339828518	2.093772e-08	
4.572947e+06	1	2235064901	2.136093e-06	764400056	
4.596340e+06	3	2340740170	2.832079e-06	426576124	105819081	1.443935e-08	533433650	1.443935e-08	1601889739	1.443935e-08	381652938	1.443935e-08	96665495	1.443935e-08	1342185090	1.443935e-08	
4.600615e+06	1	2340740170	2.859989e-06	199935986	
4.613681e+06	1	2340740170	2.874428e-06	1342185090	
4.621994e+06	0	3534547045	1.843053e-06	841878026	
4.627208e+06	1	2340740170	2.888868e-06	96665495	
4.651998e+06	1	373638573	1.000001e+00	3349724438	
4.653289e+06	1	3534547045	1.857237e-06	1462644303	
4.741706e+06	1	2235064901	2.152943e-06	3952655669	
4.763640e+06	3	3697249003	2.041384e-08	1495382923	149784911	1.400000e-08	
4.768045e+06	1	3697249003	3.441384e-08	149784911	
4.770411e+06	3	2340740170	2.888868e-06	2858952728	85224627	1.400000e-08	1965662198	1.994762e-08	
4.785730e+06	3	875106938	1.435898e-08	841878026	110439229	1.400000e-08	
4.786834e+06	1	2340740170	2.903307e-06	1601889739	
4.823754e+06	1	2340740170	2.931160e-06	384163328	
4.825457e+06	1	3534547045	1.871237e-06	110439229	
4.904480e+06	0	2341758500	1.406032e-08	85224627	
4.949940e+06	1	2340740170	2.945221e-06	2341758500	
4.982100e+06	1	3534547045	1.887162e-06	3382444416	
4.988678e+06	0	875106938	1.435898e-08	2747938267	
5.018629e+06	3	381652938	1.443935e-08	1517815290	1449522982	1.400000e-08	
5.081870e+06	0	2367820772	2.812063e-08	2472898255	
5.202249e+06	1	2670951229	4.218095e-08	2704180049	
5.245344e+06	3	1950077488	1.741000e-08	1019134040	3279439195	1.400000e-08	
5.248053e+06	3	1950077488	1.747032e-08	826924968	360107933	1.400000e-08	
5.261140e+06	3	1577969976	1.406032e-08	360107933	1657444763	1.400000e-08	
5.313696e+06	0	2747938267	1.406032e-08	1449522982	
5.316465e+06	0	875106938	1.435898e-08	2472898255	
5.322343e+06	0	1657444763	1.400000e-08	2980075456	
5.341839e+06	1	2235064901	2.167382e-06	381652938	
5.360475e+06	1	2235064901	2.181442e-06	1577969976	
5.443935e+06	0	2340740170	2.945221e-06	3012889883	
5.475530e+06	1	1465560917	1.744339e-06	1923515514	
5.483541e+06	0	2235064901	2.181442e-06	15308464	
5.574238e+06	0	2501379955	1.513992e-08	85224627	
5.630556e+06	1	2235064901	2.195801e-06	875106938	
5.685489e+06	1	373638573	1.000001e+00	1761715697	
5.691527e+06	1	1465560917	1.761771e-06	3321237907	
5.830233e+06	1	2235064901	2.209801e-06	85224627	
5.914454e+06	1	2235064901	2.223801e-06	15308464	
5.958218e+06	1	2235064901	2.243322e-06	1199222225	
5.993331e+06	1	1465560917	1.778248e-06	783121895	
6.021226e+06	1	2235064901	2.271443e-06	2367820772	
6.350560e+06	1	2235064901	2.285443e-06	66064165	
6.383535e+06	1	2340740170	2.959221e-06	1543523724	
6.496539e+06	3	2261252686	1.400000e-08	4096225443	58759274	1.604317e-08	2135013218	1.604317e-08	
6.505187e+06	0	2235064901	2.285443e-06	2795041644	
6.544459e+06	1	373638573	1.000001e+00	3279439195	
6.566603e+06	1	2340740170	2.974361e-06	2501379955	
6.575168e+06	0	1465560917	1.778248e-06	3339828518	
6.625619e+06	1	2340740170	2.988361e-06	1657444763	
6.715003e+06	1	2340740170	3.002361e-06	2980075456	
6.981081e+06	0	2340740170	3.002361e-06	2747938267	
7.027633e+06	1	2340740170	3.019771e-06	1820499179	
7.049240e+06	0	3534547045	1.887162e-06	1449522982	
7.107922e+06	0	1458665800	2.791000e-08	3339828518	
7.193283e+06	1	3534547045	1.901162e-06	1449522982	
7.203649e+06	1	1465560917	1.795753e-06	3063534263	
7.299493e+06	1	1465560917	1.810192e-06	105819081	
7.643116e+06	3	2135013218	1.604317e-08	1327969783	470332523	1.400000e-08	
7.709665e+06	0	1906851972	1.514653e-08	2472898255	
7.764414e+06	1	3534547045	1.915283e-06	2472898255	
7.779916e+06	1	373638573	1.000001e+00	533433650	
7.798392e+06	0	2340740170	3.019771e-06	3182159117	
8.127462e+06	1	1465560917	1.824393e-06	3288380490	
8.130713e+06	1	2340740170	3.033771e-06	37051273	
8.626680e+06	1	373638573	1.000001e+00	3929228125	
9.042742e+06	3	2670951229	1.400000e-08	1458665800	3217169414	1.402274e-08	3030801476	1.402274e-08	2208266878	1.402274e-08	3715668764	1.402274e-08	
9.162975e+06	1	2235064901	2.299466e-06	3715668764	
9.177072e+06	0	2340740170	3.033771e-06	3449694611	
9.292339e+06	1	2340740170	3.047793e-06	2208266878	
9.326914e+06	1	2340740170	3.061793e-06	3449694611	
9.444929e+06	1	373638573	1.000001e+00	2693713428	
9.702926e+06	1	3534547045	1.929305e-06	3217169414	
9.850259e+06	0	2235064901	2.299466e-06	1290268226	
9.870542e+06	0	2235064901	2.299466e-06	1290268226	
9.870542e+06	1	373638573	1.000001e+00	1290268226	
9.871257e+06	1	3534547045	1.943328e-06	3030801476	
