1.056577e+02	1	3373526895	3.070100e-07	3919821980	
1.253542e+02	1	1222799196	3.070100e-07	2205180068	
4.178197e+02	1	3921011129	3.070100e-07	1584276479	
4.307936e+02	1	888311950	5.582000e-08	3037779432	
9.717208e+02	1	2409063466	5.582000e-08	905418128	
1.130794e+03	1	3921011129	3.349200e-07	3061883439	
1.377196e+03	1	2235064901	3.070100e-07	870323177	
1.456282e+03	1	3534547045	3.070100e-07	582973675	
1.654888e+03	1	2038493855	5.582000e-08	2393342300	
1.679410e+03	1	4263717482	5.582000e-08	2859795595	
1.806995e+03	1	2340740170	3.070100e-07	1321648343	
2.018050e+03	1	3373526895	3.349200e-07	3841896594	
2.063765e+03	1	2246051850	3.070100e-07	561528368	
2.123744e+03	1	545239233	3.070100e-07	1123501568	
2.145091e+03	1	1465560917	3.070100e-07	2693713428	
3.219753e+03	1	2340740170	3.349200e-07	482917538	
3.442487e+03	1	1465560917	3.349200e-07	949068759	
3.556206e+03	0	4263717482	5.582000e-08	2779686750	
4.132445e+03	1	3004792470	3.070100e-07	1963165541	
4.160435e+03	1	1222799196	3.349200e-07	2487301543	
5.068940e+03	1	4028593304	5.582000e-08	921425487	
5.827383e+03	0	1379399837	2.791000e-08	3116505811	
6.608999e+03	1	3373526895	3.628300e-07	486050091	
7.220750e+03	1	3534547045	3.349200e-07	780264402	
8.064937e+03	0	1593850299	2.791000e-08	2919643181	
8.167853e+03	1	2178051842	5.582000e-08	3621383820	
8.182034e+03	1	3921011129	3.628300e-07	3908154577	
8.212973e+03	1	2246051850	3.349200e-07	688805295	
9.510948e+03	1	3800234335	5.582000e-08	1735432893	
9.575253e+03	1	545239233	3.349200e-07	3114612365	
9.979480e+03	1	1572835533	3.070100e-07	242414939	
1.073967e+04	1	3921011129	3.907400e-07	387772665	
1.109037e+04	1	179097684	3.070100e-07	1206764858	
1.122409e+04	1	314650893	5.582000e-08	2932274237	
1.162967e+04	1	1075699702	3.070100e-07	869234806	
1.173638e+04	1	1075699702	3.349200e-07	102901530	
1.189251e+04	0	810769555	2.791000e-08	3497999925	
1.304834e+04	1	2246051850	3.628300e-07	770580294	
1.336058e+04	1	2349140130	5.582000e-08	3749853089	
1.356172e+04	0	1465560917	3.349200e-07	259930472	
1.543482e+04	0	2178051842	5.582000e-08	3421887303	
1.576123e+04	1	3534547045	3.907400e-07	3800234335	
1.779565e+04	1	1593891639	5.582000e-08	2480932170	
1.989537e+04	0	858320168	2.791000e-08	3126241903	
2.308345e+04	1	2340740170	3.628300e-07	941534069	
2.558954e+04	1	2246051850	3.907400e-07	343742982	
2.638223e+04	1	2178051842	8.373000e-08	3084497907	
2.849606e+04	1	888311950	8.373000e-08	2326007700	
2.953127e+04	1	3534547045	4.186500e-07	1731090175	
3.154627e+04	1	1075699702	3.628300e-07	1541946641	
3.156465e+04	1	1572835533	3.349200e-07	1444500749	
3.190652e+04	1	3373526895	3.907400e-07	632754209	
3.366726e+04	1	476505668	3.070100e-07	1415695418	
3.378362e+04	0	2038493855	5.582000e-08	3938221642	
3.442368e+04	3	2340740170	3.628300e-07	2409063466	3687573659	1.400000e-08	3196256300	2.091000e-08	848448836	2.091000e-08	
3.557301e+04	1	1425083048	5.582000e-08	3232700421	
3.666853e+04	1	3150846686	3.070100e-07	3150420704	
4.016592e+04	1	3373526895	4.186500e-07	1631081845	
4.095220e+04	1	2246051850	4.186500e-07	1481166135	
4.359041e+04	0	2340740170	3.628300e-07	3196256300	
4.509007e+04	1	3004792470	3.349200e-07	838860310	
4.512756e+04	1	476505668	3.349200e-07	1586980658	
4.616810e+04	0	3373526895	4.186500e-07	1134175585	
4.641611e+04	1	1068020906	9.543279e-04	3919026803	
4.937880e+04	1	3150846686	3.349200e-07	3121047530	
5.142726e+04	1	3004792470	3.628300e-07	1878784256	
5.275282e+04	1	2235064901	3.628300e-07	4263717482	
5.374622e+04	1	3373526895	4.465600e-07	1738899943	
5.550915e+04	1	3534547045	4.465600e-07	1134175585	
5.586820e+04	1	3921011129	4.186500e-07	3257166052	
5.956856e+04	1	3382444416	5.582000e-08	2250879299	
6.003927e+04	1	3921011129	4.465600e-07	331336395	
6.063166e+04	1	3938221642	5.582000e-08	1661091397	
6.494819e+04	1	1068020906	9.543558e-04	3228084226	
6.612471e+04	1	4259593397	3.070100e-07	3357643131	
7.558651e+04	1	2340740170	3.907400e-07	6723929	
8.083680e+04	0	2038493855	5.582000e-08	3889879026	
8.196820e+04	0	2235064901	3.628300e-07	2779686750	
9.828504e+04	1	1593891639	8.373000e-08	3497999925	
9.987708e+04	1	1593891639	1.116400e-07	717226258	
1.038013e+05	1	2937387076	5.582000e-08	1493201942	
1.128764e+05	1	1068020906	9.544116e-04	4028593304	
1.151409e+05	1	3373526895	4.744700e-07	778035964	
1.213561e+05	1	2204676502	2.857279e-04	253808213	
1.233820e+05	0	2440120768	2.791000e-08	3953846011	
1.248857e+05	0	3150846686	3.349200e-07	2835620284	
1.283085e+05	0	2528553283	2.791000e-08	3424908067	
1.342524e+05	1	2340740170	4.186500e-07	259930472	
1.346513e+05	1	4259593397	3.349200e-07	1327969783	
1.514077e+05	1	3921011129	5.302900e-07	2178051842	
1.631513e+05	1	4031050948	3.070100e-07	911013108	
1.689535e+05	1	2340740170	4.744700e-07	2937387076	
1.789830e+05	0	245436729	2.791000e-08	3326748277	
1.864522e+05	0	3326748277	2.791000e-08	3616865126	
1.892153e+05	1	2519559028	3.070100e-07	129185354	
1.895384e+05	1	2235064901	6.977500e-07	3150846686	
1.962773e+05	3	2038493855	5.582000e-08	2349140130	2211003714	1.400000e-08	2916276788	2.091000e-08	3696193412	2.091000e-08	
1.980667e+05	0	3953846011	2.791000e-08	3129006749	
2.091812e+05	0	2038493855	5.582000e-08	2211003714	
2.220538e+05	1	4031050948	3.349200e-07	1434594601	
2.232936e+05	3	3732071459	3.356852e-08	636961411	15308464	2.225148e-08	
2.258346e+05	0	873214132	2.791000e-08	197654791	
2.270275e+05	0	2246051850	4.186500e-07	1019134040	
2.287469e+05	0	3747246174	2.791000e-08	2916276788	
2.288774e+05	0	1239791232	2.791000e-08	3891448235	
2.294271e+05	3	3534547045	4.465600e-07	3938221642	1239307652	1.400000e-08	1945448119	2.091000e-08	3396227953	2.091000e-08	
2.322680e+05	1	2340740170	5.023800e-07	3498415124	
2.347502e+05	1	3428193420	5.582000e-08	3129006749	
2.374114e+05	0	3747246174	2.791000e-08	3704423751	
2.385015e+05	1	3534547045	4.605600e-07	1239307652	
2.399265e+05	1	3921011129	5.512000e-07	2916276788	
2.557772e+05	3	2528553283	1.400000e-08	3704423751	3321237907	2.091000e-08	3187199216	2.091000e-08	
2.602234e+05	0	3326748277	2.791000e-08	858320168	
2.625654e+05	3	2038493855	1.400000e-08	925199572	3330100144	1.743250e-08	310481256	1.743250e-08	817087088	1.743250e-08	551137729	1.743250e-08	
2.644397e+05	1	2246051850	4.465600e-07	40245973	
2.653969e+05	1	1068020906	9.544396e-04	90391199	
2.700192e+05	3	2519559028	3.070100e-07	3737780296	1218250404	2.669971e-08	1035956119	1.402224e-08	1211996162	1.402224e-08	188552836	1.402224e-08	2029773149	1.402224e-08	302486611	1.402224e-08	1842102965	1.402224e-08	1285693762	1.402224e-08	1078741991	1.402224e-08	2723643411	1.402224e-08	1804212609	1.402224e-08	438292632	1.402224e-08	2001290253	1.402224e-08	3147695692	1.402224e-08	3179285865	1.402224e-08	2173231515	1.402224e-08	740082705	1.402224e-08	2795063678	1.402224e-08	3642829293	1.402224e-08	
2.728542e+05	0	2074240873	2.791000e-08	3642829293	
2.734000e+05	0	310481256	1.743250e-08	2038493855	
2.769226e+05	1	1572835533	3.907400e-07	1425083048	
2.797679e+05	1	3642829293	2.804448e-08	1842102965	
2.889800e+05	1	2519559028	3.337097e-07	1218250404	
2.902232e+05	1	1572835533	4.186500e-07	2835620284	
2.979204e+05	1	2235064901	7.256600e-07	257754683	
2.988161e+05	1	3921011129	5.791100e-07	4231632140	
3.014741e+05	1	1068020906	9.544675e-04	3475245566	
3.032759e+05	3	3020817656	1.400000e-08	3187199216	2707128518	1.741000e-08	474866315	1.741000e-08	
3.053429e+05	0	551137729	1.743250e-08	2038493855	
3.197626e+05	3	545239233	3.349200e-07	314650893	1639799867	1.400000e-08	1026028388	2.091000e-08	1128056158	2.091000e-08	
3.227191e+05	0	2308721517	2.791000e-08	725558489	
3.239819e+05	3	3396227953	2.091000e-08	2211003714	2909632847	1.400000e-08	
3.245511e+05	0	1572835533	4.186500e-07	245436729	
3.250998e+05	0	405521437	2.791000e-08	953296898	
3.255809e+05	1	1572835533	4.465600e-07	245436729	
3.291802e+05	1	179097684	3.244200e-07	474866315	
3.321267e+05	3	3921011129	5.791100e-07	3373526895	937177227	3.428228e-08	3393811039	1.419960e-08	611212867	1.419960e-08	1104410542	1.419960e-08	2328232000	1.419960e-08	2999719241	1.419960e-08	1931993247	1.419960e-08	1494850122	1.419960e-08	3414514926	1.419960e-08	2312786130	1.419960e-08	3537925318	1.419960e-08	1634407402	1.419960e-08	3869596591	1.419960e-08	3375523036	1.419960e-08	772925454	1.419960e-08	2215785330	1.419960e-08	3491092596	1.419960e-08	57770090	1.419960e-08	3071577057	1.419960e-08	1452489764	1.419960e-08	4260098875	1.419960e-08	3696843781	1.419960e-08	2138100036	1.419960e-08	1726701215	1.419960e-08	1412415798	1.419960e-08	375852842	1.419960e-08	3593732192	1.419960e-08	3888264012	1.419960e-08	313359544	1.419960e-08	217284033	1.419960e-08	2151269300	1.419960e-08	3913511150	1.419960e-08	
3.321267e+05	1	937177227	4.848189e-08	3393811039	
3.321267e+05	1	937177227	6.268149e-08	3913511150	
3.321603e+05	1	2138100036	2.839921e-08	1931993247	
3.323754e+05	1	3921011129	5.933096e-07	217284033	
3.341658e+05	1	3921011129	6.075092e-07	3888264012	
3.359219e+05	1	3921011129	6.217088e-07	3491092596	
3.362312e+05	1	937177227	7.688109e-08	313359544	
3.369331e+05	1	3921011129	6.359084e-07	772925454	
3.372880e+05	1	937177227	9.108070e-08	375852842	
3.393173e+05	0	179097684	3.244200e-07	2707128518	
3.438656e+05	1	2138100036	4.259881e-08	2999719241	
3.467483e+05	1	3921011129	6.501080e-07	3696843781	
3.497520e+05	0	3921011129	6.501080e-07	1494850122	
3.502487e+05	3	2246051850	4.465600e-07	1593891639	2962530363	1.400000e-08	2063946235	1.627333e-08	1172086036	1.627333e-08	690117576	1.627333e-08	3288380490	1.627333e-08	845665321	1.627333e-08	3122982648	1.627333e-08	
3.527303e+05	0	3921011129	6.501080e-07	1452489764	
3.566340e+05	0	3921011129	6.501080e-07	3071577057	
3.582248e+05	0	3732071459	3.356852e-08	1494141940	
3.587370e+05	1	2519559028	3.616197e-07	3012070026	
3.594555e+05	0	2340740170	5.023800e-07	2962530363	
3.599761e+05	1	179097684	3.418300e-07	2707128518	
3.665257e+05	0	545239233	3.349200e-07	1019134040	
3.679474e+05	0	3326748277	2.791000e-08	1379399837	
3.690578e+05	0	2063946235	1.627333e-08	2962530363	
3.739791e+05	1	1572835533	4.744700e-07	287801793	
3.825868e+05	0	2406269022	2.791000e-08	862710978	
3.858210e+05	3	3707189490	2.538021e-08	57770090	1471982444	1.672939e-08	
3.940021e+05	0	2138100036	4.259881e-08	2406269022	
3.996439e+05	0	2737363250	2.791000e-08	3326748277	
4.000515e+05	0	3921011129	6.501080e-07	611212867	
4.024471e+05	0	3414514926	1.419960e-08	1494850122	
4.038574e+05	1	937177227	1.052803e-07	2151269300	
4.135191e+05	0	3004792470	3.628300e-07	2173231515	
4.142810e+05	1	1412415798	2.839921e-08	3869596591	
4.219625e+05	1	1075699702	3.907400e-07	405521437	
4.311271e+05	0	3921011129	6.501080e-07	1379399837	
4.315183e+05	0	3921011129	6.501080e-07	1452489764	
4.320355e+05	3	4252347608	1.941514e-08	3321237907	3303338876	1.470243e-08	2875471576	1.470243e-08	
4.707575e+05	0	2246051850	4.465600e-07	2870037616	
4.734415e+05	0	3534547045	4.605600e-07	3424908067	
4.820823e+05	0	2235064901	7.256600e-07	2125112500	
4.826971e+05	1	1412415798	4.259881e-08	1726701215	
4.862041e+05	3	4259593397	6.483561e-07	1222799196	1738909006	2.148393e-08	
4.893056e+05	0	862710978	2.791000e-08	817087088	
4.971007e+05	1	3921011129	6.927068e-07	1412415798	
4.978623e+05	0	3126241903	2.791000e-08	2328232000	
4.998491e+05	0	3921011129	6.927068e-07	1494850122	
5.000587e+05	0	2246051850	4.465600e-07	290926289	
5.016327e+05	0	179097684	3.418300e-07	3747246174	
5.024236e+05	0	1634407402	1.419960e-08	2038493855	
5.027070e+05	0	1379399837	2.791000e-08	2455496064	
5.035957e+05	1	3534547045	4.745600e-07	2038493855	
5.197028e+05	1	3921011129	7.069064e-07	2328232000	
5.201233e+05	0	179097684	3.418300e-07	3747246174	
5.215523e+05	0	3196256300	2.091000e-08	1639799867	
5.347208e+05	0	937177227	1.052803e-07	2215785330	
5.367744e+05	1	3921011129	7.211060e-07	1452489764	
5.418963e+05	1	4259593397	6.762661e-07	2718413753	
5.572453e+05	3	817087088	1.670732e-08	4260098875	356405251	1.492479e-08	
5.585385e+05	3	3823443426	3.775339e-08	2308721517	2879167783	1.806661e-08	
5.605354e+05	0	3921011129	7.211060e-07	1104410542	
5.632667e+05	1	4252347608	3.411757e-08	3303338876	
5.641651e+05	0	3126241903	2.791000e-08	3593732192	
5.678143e+05	1	2779686750	4.463939e-08	1471982444	
5.759750e+05	0	3696193412	2.091000e-08	310481256	
5.837688e+05	1	2246051850	4.674700e-07	848448836	
5.916789e+05	3	3921011129	7.211060e-07	937177227	3083352544	1.400000e-08	4198169764	1.521338e-08	821115011	1.521338e-08	2118016430	1.521338e-08	1945735688	1.521338e-08	4093093422	1.521338e-08	2842015324	1.521338e-08	
5.922011e+05	0	3921011129	7.211060e-07	2842015324	
5.929524e+05	0	3736894086	2.791000e-08	2466232951	
5.930669e+05	0	3921011129	7.211060e-07	2842015324	
5.934528e+05	1	3921011129	7.363194e-07	1945735688	
5.963786e+05	3	2455496064	1.400000e-08	551137729	1249238030	1.567125e-08	3214077756	1.567125e-08	
6.103636e+05	0	3747246174	2.791000e-08	356405251	
6.247554e+05	0	2406269022	2.791000e-08	3214077756	
6.295104e+05	0	2842015324	1.521338e-08	2118016430	
6.295306e+05	0	790319072	2.791000e-08	1172086036	
6.430417e+05	3	310481256	1.910375e-08	1249238030	879162223	1.400000e-08	
6.455162e+05	0	2779686750	4.463939e-08	1379399837	
6.477786e+05	0	310481256	1.910375e-08	879162223	
6.514987e+05	1	3921011129	7.505190e-07	2312786130	
6.700772e+05	3	2261252686	1.400000e-08	725558489	3884425642	2.091000e-08	1149406307	2.091000e-08	
6.785449e+05	1	3004792470	3.907400e-07	2669757562	
6.791980e+05	3	3279231079	1.400000e-08	732124878	3528332227	2.091000e-08	4004407106	2.091000e-08	
6.895641e+05	1	3921011129	7.657324e-07	4198169764	
6.959787e+05	0	3126241903	2.791000e-08	4093093422	
6.969162e+05	0	4252347608	3.411757e-08	2875471576	
7.009135e+05	1	179097684	3.560296e-07	1634407402	
7.038193e+05	1	373638573	1.000000e+00	1804212609	
7.047974e+05	3	862710978	2.639044e-08	2528553283	451270221	1.551956e-08	
7.071404e+05	0	1651612823	2.791000e-08	3988949870	
7.078225e+05	1	2799798816	3.000100e-07	3528332227	
7.079520e+05	0	3534547045	4.745600e-07	2545005546	
7.107733e+05	1	862710978	4.191000e-08	451270221	
7.133358e+05	0	3921011129	7.657324e-07	2842015324	
7.142488e+05	3	3696193412	2.091000e-08	2455496064	3149440925	1.400000e-08	
7.144110e+05	1	1068020906	9.544954e-04	3462747	
7.323837e+05	0	3953846011	2.791000e-08	211811971	
7.362508e+05	3	3326748277	1.400000e-08	2215785330	2250775120	1.405480e-08	1130108289	1.405480e-08	
7.408249e+05	3	862710978	4.432025e-08	4252347608	2177968201	1.585366e-08	2914302410	1.585366e-08	
7.436174e+05	0	862710978	4.432025e-08	2177968201	
7.445196e+05	0	3534547045	4.745600e-07	2545005546	
7.492900e+05	1	3921011129	8.083312e-07	2138100036	
7.510973e+05	1	3921011129	8.223312e-07	3326748277	
7.525574e+05	1	373638573	1.000000e+00	2545005546	
7.552182e+05	1	1075699702	4.186500e-07	810769555	
7.624322e+05	0	179097684	3.560296e-07	2914302410	
7.633368e+05	0	3616865126	2.791000e-08	1130108289	
7.667970e+05	0	179097684	3.560296e-07	3214077756	
7.688735e+05	0	2984600922	2.791000e-07	2046083849	
7.716007e+05	0	2914302410	1.585366e-08	2875471576	
7.731458e+05	0	862710978	4.432025e-08	3330100144	
7.756025e+05	0	2177968201	1.585366e-08	2875471576	
7.787337e+05	1	3921011129	8.375446e-07	2842015324	
7.791166e+05	0	3534547045	4.745600e-07	3424908067	
7.796209e+05	0	2919643181	2.791000e-08	1078741991	
7.810437e+05	0	179097684	3.560296e-07	3214077756	
7.816216e+05	3	1494850122	1.419960e-08	879162223	3655816389	1.400000e-08	
7.881513e+05	0	3921011129	8.375446e-07	1945448119	
7.974595e+05	1	3696193412	3.491000e-08	3149440925	
7.977851e+05	1	1075699702	4.395600e-07	1149406307	
7.997602e+05	0	1945448119	2.091000e-08	1494850122	
8.001626e+05	3	211811971	1.400000e-08	858320168	3485819286	2.091000e-08	1382686479	2.091000e-08	
8.030128e+05	0	1593850299	2.791000e-08	3884425642	
8.110315e+05	3	2177968201	1.585366e-08	3020817656	1803925302	1.400000e-08	
8.155595e+05	0	2177968201	1.585366e-08	1803925302	
8.168563e+05	0	3126241903	2.791000e-08	3071577057	
8.184583e+05	0	3534547045	4.745600e-07	817087088	
8.266393e+05	1	2235064901	7.535700e-07	3116505811	
8.266745e+05	3	1572835533	7.929613e-07	1465560917	3293059020	1.642871e-08	
8.332285e+05	3	1572835533	7.929613e-07	3732071459	378125977	1.400000e-08	2159618959	1.956852e-08	
8.383567e+05	1	2235064901	7.982094e-07	2779686750	
8.527885e+05	1	179097684	3.718833e-07	2177968201	
8.730903e+05	0	3534547045	4.745600e-07	3375523036	
8.732848e+05	1	1075699702	4.674700e-07	2870037616	
8.735024e+05	0	1494141940	2.791000e-08	4093093422	
8.890055e+05	1	2246051850	4.953800e-07	3555679070	
8.980669e+05	1	3921011129	8.517442e-07	3537925318	
9.036913e+05	3	179097684	3.889725e-07	862710978	2441325815	2.723106e-08	
9.112921e+05	3	611212867	1.425441e-08	2250775120	3401497744	1.400000e-08	
9.137580e+05	0	3616865126	2.791000e-08	3889879026	
9.232581e+05	0	2235064901	7.982094e-07	611212867	
9.276261e+05	0	2911053862	2.791000e-08	2261252686	
9.347031e+05	1	373638573	1.000000e+00	3179285865	
9.518605e+05	0	179097684	3.889725e-07	3214077756	
9.609192e+05	0	1128056158	2.091000e-08	3293059020	
9.618582e+05	3	1128056158	2.333871e-08	3293059020	4069401935	1.400000e-08	
9.630795e+05	3	356405251	1.492479e-08	1803925302	134948105	1.400000e-08	
9.632027e+05	1	356405251	2.892479e-08	134948105	
9.746068e+05	1	179097684	4.046437e-07	3214077756	
9.762577e+05	3	1156624510	1.400000e-08	4122240121	1998372786	2.091000e-08	2455922112	2.091000e-08	
9.783215e+05	1	179097684	4.188433e-07	1494850122	
9.793213e+05	1	179097684	4.346970e-07	2914302410	
9.807685e+05	1	2235064901	8.122642e-07	1130108289	
9.823878e+05	0	545239233	3.349200e-07	266059373	
9.919097e+05	0	179097684	4.346970e-07	2441325815	
9.959305e+05	0	179097684	4.346970e-07	2441325815	
9.978244e+05	1	179097684	4.619280e-07	2441325815	
1.015941e+06	0	1379399837	2.791000e-08	3401497744	
1.016436e+06	3	3197676583	1.400000e-08	3414514926	3059103076	1.405480e-08	432337108	1.405480e-08	
1.036636e+06	0	2235064901	8.122642e-07	2737363250	
1.040322e+06	0	3736601249	2.791000e-08	3774459889	
1.045531e+06	0	2246051850	4.953800e-07	2542835646	
1.046051e+06	3	1945448119	2.212338e-08	821115011	1902671923	1.400000e-08	
1.063507e+06	0	3921011129	8.517442e-07	3616865126	
1.072163e+06	0	3889879026	2.791000e-08	4069401935	
1.085061e+06	1	3004792470	4.186500e-07	326805806	
1.090629e+06	3	2298477853	1.400000e-08	1458432161	4209590891	2.091000e-08	77395223	2.091000e-08	
1.100323e+06	1	373638573	1.000000e+00	598947138	
1.102956e+06	1	4259593397	1.143736e-06	1075699702	
1.104954e+06	0	3424908067	2.791000e-08	4069401935	
1.123627e+06	3	3443220506	2.527667e-08	443746396	3592986772	1.527166e-08	1246511018	1.527166e-08	
1.132429e+06	1	3534547045	4.885600e-07	3655816389	
1.157341e+06	0	1572835533	7.929613e-07	3330100144	
1.158542e+06	0	511603307	2.791000e-08	1156624510	
1.169233e+06	3	2235064901	8.122642e-07	2799798816	3986570268	1.400000e-08	174500547	1.430050e-08	4083845756	1.430050e-08	110358663	1.430050e-08	1370908750	1.430050e-08	1837234470	1.430050e-08	2945849429	1.430050e-08	66296937	1.430050e-08	976558236	1.430050e-08	2438291630	1.430050e-08	906368509	1.430050e-08	3783228500	1.430050e-08	2858952728	1.430050e-08	395113485	1.430050e-08	4019363830	1.430050e-08	3016084464	1.430050e-08	921818415	1.430050e-08	2892683898	1.430050e-08	3697249003	1.430050e-08	3983774618	1.430050e-08	4187488967	1.430050e-08	
1.172753e+06	0	3747246174	2.791000e-08	3083352544	
1.177029e+06	1	2340740170	5.232900e-07	2455922112	
1.177926e+06	0	2235064901	8.122642e-07	921818415	
1.179424e+06	3	3534547045	4.922981e-07	3747246174	898751805	2.417190e-08	
1.179655e+06	1	2235064901	8.265647e-07	976558236	
1.181416e+06	1	4259593397	1.171646e-06	1035492323	
1.188388e+06	1	3534547045	5.164700e-07	898751805	
1.190932e+06	0	197654791	2.791000e-08	3707189490	
1.193306e+06	3	179097684	4.619280e-07	356405251	3632514288	1.400000e-08	410848061	1.492479e-08	
1.194405e+06	1	2235064901	8.408652e-07	921818415	
1.195195e+06	1	179097684	4.759280e-07	3632514288	
1.202876e+06	0	395113485	1.430050e-08	2438291630	
1.207578e+06	1	179097684	4.908528e-07	410848061	
1.208618e+06	0	1239791232	2.791000e-08	3736601249	
1.211030e+06	0	2984600922	2.791000e-07	611212867	
1.226552e+06	3	3016084464	1.460100e-08	174500547	2791633391	1.400000e-08	
1.232067e+06	0	2118016430	1.521338e-08	1104410542	
1.234446e+06	0	3534547045	5.164700e-07	3593732192	
1.257968e+06	1	179097684	5.051072e-07	611212867	
1.265114e+06	1	3824069879	5.582000e-08	2906924538	
1.266251e+06	1	373638573	1.000000e+00	2795063678	
1.267964e+06	3	2945849429	1.430050e-08	378125977	630280293	1.400000e-08	
1.270643e+06	0	1026028388	2.091000e-08	2438291630	
1.273572e+06	3	790319072	1.400000e-08	77395223	4212779140	1.741000e-08	3459374364	1.741000e-08	
1.276941e+06	0	3396227953	2.091000e-08	1902671923	
1.283309e+06	0	4187488967	1.430050e-08	4083845756	
1.286133e+06	0	1986278615	2.791000e-08	197654791	
1.288665e+06	1	1572835533	8.208713e-07	3071234124	
1.300856e+06	3	1516068388	1.400000e-08	906368509	2125331604	1.410525e-08	3113062634	1.410525e-08	
1.301492e+06	0	545239233	3.349200e-07	1026028388	
1.327362e+06	0	3823443426	3.775339e-08	511603307	
1.332988e+06	0	3889879026	2.791000e-08	110358663	
1.337168e+06	3	3016084464	1.490150e-08	3697249003	847040419	1.400000e-08	
1.347019e+06	3	3421887303	1.400000e-08	4187488967	4240624600	1.410525e-08	1565786989	1.410525e-08	
1.347401e+06	0	3921011129	8.517442e-07	1128056158	
1.348075e+06	1	373638573	1.000000e+00	188552836	
1.366675e+06	0	545239233	3.349200e-07	1516068388	
1.384713e+06	1	4259593397	1.199556e-06	333964007	
1.390881e+06	1	3921011129	8.796542e-07	3424908067	
1.393232e+06	1	3921011129	9.075642e-07	1379399837	
1.393253e+06	1	179097684	5.198097e-07	2875471576	
1.393318e+06	1	1572835533	8.417813e-07	3485819286	
1.397732e+06	0	4212779140	1.741000e-08	2261252686	
1.400702e+06	1	3921011129	9.215642e-07	3083352544	
1.435281e+06	1	2235064901	8.557667e-07	3016084464	
1.448185e+06	0	3696193412	3.491000e-08	3616865126	
1.473338e+06	1	2340740170	5.512000e-07	2125112500	
1.505927e+06	1	4259593397	1.227466e-06	2870158420	
1.511975e+06	3	3428193420	1.400000e-08	2451350669	2286860921	1.743250e-08	3707879645	1.743250e-08	2746930994	1.743250e-08	4075596975	1.743250e-08	
1.518190e+06	1	3534547045	5.355737e-07	310481256	
1.529358e+06	0	4259593397	1.227466e-06	4075596975	
1.530526e+06	0	511603307	2.791000e-08	3687573659	
1.539284e+06	1	3534547045	5.576971e-07	1945448119	
1.540646e+06	3	3108364485	1.400000e-08	197654791	4283280385	2.091000e-08	538453177	2.091000e-08	
1.541875e+06	0	2235064901	8.557667e-07	2737363250	
1.588393e+06	0	4031050948	3.349200e-07	302486611	
1.612267e+06	0	3126241903	2.791000e-08	3396227953	
1.617749e+06	3	2791633391	1.400000e-08	3687573659	3121292019	1.400000e-08	
1.627522e+06	1	1572835533	8.558865e-07	3113062634	
1.643518e+06	3	1239791232	2.562570e-08	4075596975	3349724438	1.971680e-08	
1.650398e+06	0	2737363250	2.791000e-08	1104410542	
1.651803e+06	0	3534547045	5.576971e-07	3396227953	
1.651907e+06	1	4031050948	3.628300e-07	4226750145	
1.657057e+06	0	3534547045	5.576971e-07	3593732192	
1.660366e+06	1	3921011129	9.357638e-07	3071577057	
1.724350e+06	3	3593732192	1.419960e-08	2261252686	4253718737	1.400000e-08	
1.741928e+06	3	2118016430	1.551388e-08	110358663	3297362622	1.400000e-08	
1.741929e+06	3	3736601249	1.400000e-08	15308464	1751902433	1.808074e-08	2878871175	1.808074e-08	
1.743382e+06	0	3241671100	2.791000e-08	3196256300	
1.743886e+06	3	3375523036	1.419960e-08	3401497744	3083717413	1.400000e-08	
1.747067e+06	1	3375523036	2.819960e-08	3083717413	
1.758365e+06	0	1382686479	2.091000e-08	1516068388	
1.759764e+06	3	3297362622	1.400000e-08	4069401935	220564665	1.400000e-08	
1.761782e+06	1	4259593397	1.244899e-06	2746930994	
1.763174e+06	0	3616865126	2.791000e-08	3126241903	
1.783935e+06	0	4259593397	1.244899e-06	1156624510	
1.791136e+06	3	2118016430	1.581438e-08	3783228500	3653734512	1.400000e-08	
1.812548e+06	1	3921011129	9.497638e-07	2791633391	
1.837869e+06	0	179097684	5.198097e-07	3330100144	
1.844586e+06	0	3921011129	9.497638e-07	220564665	
1.844897e+06	0	4259593397	1.244899e-06	1172086036	
1.844982e+06	1	3921011129	9.637638e-07	220564665	
1.870558e+06	3	3775452048	1.400000e-08	1738909006	3815024321	1.769697e-08	1428265047	1.769697e-08	
1.876728e+06	0	3382444416	5.582000e-08	2878871175	
1.881393e+06	1	2235064901	8.766767e-07	4283280385	
1.910291e+06	1	373638573	1.000000e+00	2408568032	
1.913040e+06	1	3921011129	9.795782e-07	2118016430	
1.919583e+06	0	3933289935	2.791000e-08	1565786989	
1.920765e+06	1	1572835533	8.733190e-07	2286860921	
1.925484e+06	1	2235064901	9.045867e-07	1019134040	
1.932828e+06	0	2235064901	9.045867e-07	2406269022	
1.937254e+06	0	3349724438	1.971680e-08	66296937	
1.947188e+06	1	1572835533	8.876195e-07	66296937	
1.961930e+06	1	2340740170	5.652000e-07	1639799867	
1.971007e+06	3	3428193420	1.400000e-08	1516068388	3604532305	1.400000e-08	
1.971304e+06	1	373638573	1.000000e+00	511603307	
1.992531e+06	1	3534547045	5.716971e-07	2909632847	
2.029023e+06	0	1572835533	8.876195e-07	1494141940	
2.036493e+06	3	2438291630	1.430050e-08	3121292019	1869365069	1.400000e-08	
2.048281e+06	1	3921011129	9.938787e-07	4019363830	
2.062878e+06	1	2246051850	5.094022e-07	1035956119	
2.083149e+06	0	3933289935	2.791000e-08	3330100144	
2.089430e+06	0	3824069879	5.582000e-08	1998372786	
2.106556e+06	1	179097684	5.372422e-07	3330100144	
2.115369e+06	3	266059373	1.890950e-08	3889879026	965372172	1.845525e-08	607396504	1.845525e-08	
2.148976e+06	1	373638573	1.000000e+00	3707879645	
2.149775e+06	0	3534547045	5.716971e-07	3126241903	
2.150945e+06	1	373638573	1.000000e+00	3268335666	
2.151247e+06	1	373638573	1.000000e+00	1037584679	
2.152772e+06	0	1790255658	2.791000e-08	4240624600	
2.153918e+06	0	1026028388	2.091000e-08	3986570268	
2.157282e+06	0	3921011129	9.938787e-07	4083845756	
2.168112e+06	0	2542835646	2.791000e-08	690117576	
2.198663e+06	3	3616865126	1.400000e-08	3707189490	2533881277	1.964511e-08	472358284	1.964511e-08	
2.211152e+06	1	373638573	1.000000e+00	2919643181	
2.223800e+06	3	3349724438	2.001730e-08	395113485	1950077488	1.400000e-08	
2.228579e+06	1	3349724438	3.401730e-08	1950077488	
2.252023e+06	0	3921011129	9.938787e-07	4093093422	
2.252193e+06	0	3375523036	2.819960e-08	3396227953	
2.254828e+06	0	2159618959	1.956852e-08	3604532305	
2.256056e+06	1	3921011129	1.014789e-06	3396227953	
2.261276e+06	1	373638573	1.000000e+00	3459374364	
2.268903e+06	0	4046076794	2.791000e-08	1494141940	
2.292827e+06	1	373638573	1.000000e+00	3108364485	
2.320322e+06	1	3921011129	1.029089e-06	2858952728	
2.340641e+06	1	373638573	1.000000e+00	4209590891	
2.399321e+06	1	3534547045	5.856971e-07	1902671923	
2.405881e+06	1	3921011129	1.043089e-06	3604532305	
2.417630e+06	3	3983774618	1.430050e-08	3428193420	1820499179	1.400000e-08	
2.444095e+06	1	1572835533	9.016195e-07	630280293	
2.451727e+06	3	3823443426	1.400000e-08	432337108	4055959668	1.890410e-08	528880979	1.890410e-08	
2.456930e+06	1	3921011129	1.077999e-06	3696193412	
2.482054e+06	0	2962530363	1.400000e-08	3823443426	
2.494305e+06	3	4083845756	1.430050e-08	3616865126	3778036871	1.400000e-08	
2.494826e+06	1	4083845756	2.830050e-08	3778036871	
2.495044e+06	3	3196256300	2.091000e-08	3736601249	1405660995	1.400000e-08	
2.496461e+06	1	4259593397	1.265809e-06	4004407106	
2.524756e+06	1	3921011129	1.097644e-06	2533881277	
2.545071e+06	3	3375523036	1.400000e-08	3983774618	3662110242	1.425005e-08	2247026945	1.425005e-08	
2.580169e+06	1	373638573	1.000000e+00	2542835646	
2.583651e+06	0	1128056158	2.333871e-08	817087088	
2.588209e+06	3	4212779140	1.968333e-08	690117576	4032129539	1.400000e-08	
2.604518e+06	0	2340740170	5.652000e-07	3953846011	
2.609854e+06	0	3986570268	1.400000e-08	790319072	
2.623375e+06	1	373638573	1.000000e+00	3815024321	
2.624952e+06	1	179097684	5.655427e-07	4083845756	
2.664751e+06	1	3921011129	1.111644e-06	3297362622	
2.672997e+06	0	1502094437	2.791000e-08	1370908750	
2.683099e+06	0	3534547045	5.856971e-07	4093093422	
2.688562e+06	0	3126241903	2.791000e-08	2247026945	
2.701838e+06	1	1068020906	9.545094e-04	2001290253	
2.715391e+06	1	2519559028	3.756197e-07	790319072	
2.723055e+06	3	1494141940	1.400000e-08	4240624600	4035587434	1.400763e-08	3111692719	1.400763e-08	
2.735997e+06	0	1382686479	2.091000e-08	4035587434	
2.738638e+06	1	373638573	1.000000e+00	739080713	
2.742298e+06	1	2340740170	5.848833e-07	4212779140	
2.795204e+06	0	3196256300	2.091000e-08	845665321	
2.807274e+06	0	3921011129	1.111644e-06	3736894086	
2.826510e+06	0	1572835533	9.016195e-07	211811971	
2.832140e+06	1	545239233	3.492205e-07	2892683898	
2.856240e+06	1	2246051850	5.373122e-07	3176785673	
2.861211e+06	0	4259593397	1.265809e-06	607396504	
2.897965e+06	1	3534547045	5.996971e-07	3653734512	
2.949827e+06	1	545239233	3.632205e-07	3375523036	
2.979023e+06	0	2235064901	9.045867e-07	1405660995	
2.990482e+06	3	3122982648	1.627333e-08	3421887303	1398579088	1.400000e-08	
3.008746e+06	0	1434498202	2.791000e-08	607396504	
3.011397e+06	1	2235064901	9.185943e-07	3111692719	
3.017466e+06	3	3004792470	4.186500e-07	2519559028	2501379955	1.400000e-08	3332562587	1.446479e-08	3562383954	1.446479e-08	2521380987	1.446479e-08	4119421155	1.446479e-08	1913762779	1.446479e-08	3678948817	1.446479e-08	2489195127	1.446479e-08	3929228125	1.446479e-08	3160344427	1.446479e-08	3182159117	1.446479e-08	766581564	1.446479e-08	3702894340	1.446479e-08	3532745758	1.446479e-08	1072840122	1.446479e-08	3294683754	1.446479e-08	1676003954	1.446479e-08	4285585893	1.446479e-08	2674988631	1.446479e-08	406745133	1.446479e-08	2883513480	1.446479e-08	783121895	1.446479e-08	2683944377	1.446479e-08	2961226102	1.446479e-08	301219709	1.446479e-08	1743198400	1.446479e-08	
3.017882e+06	0	3921011129	1.111644e-06	3126241903	
3.023005e+06	1	3004792470	4.331148e-07	1072840122	
3.026636e+06	1	3004792470	4.475796e-07	3182159117	
3.031372e+06	1	3004792470	4.620444e-07	766581564	
3.031877e+06	0	3702894340	1.446479e-08	3678948817	
3.067987e+06	3	1502094437	1.400000e-08	3593732192	3059144981	1.405480e-08	3952655669	1.405480e-08	
3.071676e+06	3	2235064901	9.185943e-07	1572835533	2848685905	8.966356e-08	1826422368	1.424484e-08	896813269	1.424484e-08	37051273	1.424484e-08	1867247157	1.424484e-08	3633199892	1.424484e-08	1736323711	1.424484e-08	283080478	1.424484e-08	785216844	1.424484e-08	3006103420	1.424484e-08	2898323513	1.424484e-08	1199222225	1.424484e-08	3755198008	1.424484e-08	2795041644	1.424484e-08	3492274228	1.424484e-08	1420914473	1.424484e-08	439844059	1.424484e-08	3802520055	1.424484e-08	3012889883	1.424484e-08	3363823620	1.424484e-08	1086559163	1.424484e-08	3063534263	1.424484e-08	2013640095	1.424484e-08	1461359102	1.424484e-08	2027098952	1.424484e-08	4167430602	1.424484e-08	4096225443	1.424484e-08	781549661	1.424484e-08	907719639	1.424484e-08	1906851972	1.424484e-08	2597880038	1.424484e-08	1896745001	1.424484e-08	2378434411	1.424484e-08	1837088337	1.424484e-08	1543523724	1.424484e-08	1761715697	1.424484e-08	3099973400	1.424484e-08	2789348510	1.424484e-08	1371202285	1.424484e-08	629078091	1.424484e-08	754560055	1.424484e-08	1737134642	1.424484e-08	37613351	1.424484e-08	3434666020	1.424484e-08	2369258877	1.424484e-08	3563522875	1.424484e-08	249728555	1.424484e-08	4285226245	1.424484e-08	2707460946	1.424484e-08	2606325002	1.424484e-08	1541925803	1.424484e-08	2024675612	1.424484e-08	1292023300	1.424484e-08	3302973195	1.424484e-08	875106938	1.424484e-08	3314075649	1.424484e-08	2589646060	1.424484e-08	3433591204	1.424484e-08	
3.071676e+06	1	2848685905	1.039084e-07	1826422368	
3.071676e+06	1	2848685905	1.181532e-07	3433591204	
3.071676e+06	1	2848685905	1.323981e-07	896813269	
3.071676e+06	1	2848685905	1.466429e-07	2589646060	
3.071677e+06	1	2848685905	1.608878e-07	3314075649	
3.072836e+06	1	2235064901	9.328392e-07	37613351	
3.073625e+06	1	3099973400	2.848968e-08	37051273	
3.076247e+06	1	2235064901	9.470840e-07	3012889883	
3.077223e+06	1	2235064901	9.613288e-07	1896745001	
3.079205e+06	0	2247026945	1.425005e-08	439844059	
3.079685e+06	0	384163328	2.791000e-08	1420914473	
3.080443e+06	0	2235064901	9.613288e-07	1761715697	
3.080622e+06	3	607396504	2.172583e-08	1751902433	1848242772	1.481016e-08	
3.081005e+06	1	2235064901	9.755737e-07	1761715697	
3.084163e+06	1	2235064901	9.898185e-07	4285226245	
3.085399e+06	1	3921011129	1.125894e-06	2247026945	
3.095812e+06	1	2235064901	1.004063e-06	1737134642	
3.101452e+06	1	2235064901	1.018308e-06	3363823620	
3.107192e+06	3	2898323513	1.424484e-08	1869365069	250719570	1.400000e-08	
3.109170e+06	1	3921011129	1.153804e-06	1593850299	
3.110144e+06	0	629078091	1.424484e-08	3006103420	
3.111969e+06	0	2795041644	1.424484e-08	1867247157	
3.116473e+06	1	2246051850	5.515571e-07	1837088337	
3.117694e+06	1	2235064901	1.046798e-06	3099973400	
3.142261e+06	3	741863299	1.400000e-08	1790255658	2681498831	2.091000e-08	481808867	2.091000e-08	
3.159241e+06	0	2235064901	1.046798e-06	4032129539	
3.168581e+06	0	607396504	2.172583e-08	4035587434	
3.170240e+06	0	3004792470	4.620444e-07	2046083849	
3.171448e+06	0	2597880038	1.424484e-08	781549661	
3.180698e+06	0	3802520055	1.424484e-08	2125331604	
3.194115e+06	0	545239233	3.632205e-07	4035587434	
3.197386e+06	3	1458665800	1.400000e-08	2606325002	2066612683	1.407742e-08	3458484829	1.407742e-08	
3.198966e+06	3	528880979	1.914894e-08	3434666020	2719204682	1.400000e-08	
3.208054e+06	0	845665321	1.627333e-08	2024675612	
3.217919e+06	3	845665321	1.651818e-08	3492274228	4256642775	1.400000e-08	
3.235492e+06	3	3349724438	1.400000e-08	4035587434	2449448537	1.701246e-08	463844675	1.701246e-08	
3.239106e+06	0	2681498831	2.091000e-08	2449448537	
3.239288e+06	0	384163328	2.791000e-08	2707460946	
3.243451e+06	0	384163328	2.791000e-08	1420914473	
3.274162e+06	0	545239233	3.632205e-07	1866926464	
3.277720e+06	1	2235064901	1.207686e-06	2848685905	
3.293582e+06	0	4031050948	3.628300e-07	463844675	
3.297131e+06	1	528880979	3.339378e-08	1199222225	
3.299102e+06	1	4259593397	1.293719e-06	1866926464	
3.302167e+06	3	3288380490	1.647294e-08	1104410542	3167902617	1.400000e-08	
3.321553e+06	1	3921011129	1.167804e-06	1494141940	
3.337933e+06	0	4031050948	3.628300e-07	754560055	
3.342215e+06	0	907719639	1.424484e-08	3006103420	
3.345916e+06	3	2235064901	1.207686e-06	4031050948	579073438	1.400000e-08	3468130899	1.453458e-08	393090083	1.453458e-08	2343849308	1.453458e-08	1055469694	1.453458e-08	627452446	1.453458e-08	2014426858	1.453458e-08	2716949832	1.453458e-08	552634658	1.453458e-08	3736523900	1.453458e-08	2213923665	1.453458e-08	1503202005	1.453458e-08	3202152185	1.453458e-08	2622395779	1.453458e-08	3607413901	1.453458e-08	649593533	1.453458e-08	66987975	1.453458e-08	483021244	1.453458e-08	3707800333	1.453458e-08	3528190190	1.453458e-08	2185291493	1.453458e-08	550176535	1.453458e-08	1674415855	1.453458e-08	4287239676	1.453458e-08	3884987045	1.453458e-08	
3.346221e+06	3	3302973195	1.429964e-08	3059144981	1960974751	1.400000e-08	
3.348648e+06	1	2235064901	1.222220e-06	2185291493	
3.349369e+06	3	2235064901	1.508042e-06	545239233	309459595	1.547980e-08	2348040613	1.547980e-08	3180086772	1.547980e-08	3833074883	1.547980e-08	1462644303	1.547980e-08	
3.355008e+06	1	2235064901	1.522287e-06	1086559163	
3.355143e+06	3	2235064901	1.522287e-06	2340740170	4088625113	1.725295e-08	1237914369	1.419076e-08	2733144751	1.419076e-08	1649557018	1.419076e-08	1831065885	1.419076e-08	79461789	1.419076e-08	1621314342	1.419076e-08	2016090987	1.419076e-08	1553963666	1.419076e-08	1002680420	1.419076e-08	734120091	1.419076e-08	2475979558	1.419076e-08	2649056468	1.419076e-08	3381587904	1.419076e-08	175860597	1.419076e-08	1089013536	1.419076e-08	552498239	1.419076e-08	481049431	1.419076e-08	2950407739	1.419076e-08	72955594	1.419076e-08	1771264541	1.419076e-08	2353028958	1.419076e-08	2980075456	1.419076e-08	3449694611	1.419076e-08	1194638860	1.419076e-08	114837353	1.419076e-08	2341758500	1.419076e-08	651046398	1.419076e-08	2780384598	1.419076e-08	1061526795	1.419076e-08	3342541004	1.419076e-08	1577969976	1.419076e-08	695939830	1.419076e-08	229435916	1.419076e-08	1850435983	1.419076e-08	19131048	1.419076e-08	2426951832	1.419076e-08	3089865955	1.419076e-08	3526559023	1.419076e-08	73116178	1.419076e-08	2654473721	1.419076e-08	
3.355143e+06	1	4088625113	3.144371e-08	2654473721	
3.355448e+06	0	1820499179	1.400000e-08	1458665800	
3.356095e+06	3	3241671100	1.400000e-08	4093093422	2564127097	1.456169e-08	3554620561	1.456169e-08	
3.357078e+06	0	845665321	1.651818e-08	1867247157	
3.358494e+06	3	1026028388	2.115484e-08	785216844	2789301560	1.400000e-08	
3.358872e+06	3	3707800333	1.477943e-08	2789348510	3201932102	1.400000e-08	
3.359203e+06	0	649593533	1.453458e-08	2343849308	
3.361103e+06	1	2235064901	1.536477e-06	2780384598	
3.362207e+06	1	2235064901	1.550668e-06	1089013536	
3.363320e+06	1	3607413901	2.872534e-08	1002680420	
3.363814e+06	3	2341758500	1.419076e-08	3349724438	3527214469	1.400000e-08	
3.369023e+06	1	4287239676	2.872534e-08	695939830	
3.373544e+06	0	2046083849	2.791000e-08	19131048	
3.379696e+06	0	2213923665	1.453458e-08	907719639	
3.379712e+06	0	2024675612	1.424484e-08	2298477853	
3.380110e+06	0	2014426858	1.453458e-08	73116178	
3.380898e+06	1	2235064901	1.564913e-06	1541925803	
3.383104e+06	0	4088625113	3.144371e-08	483021244	
3.391171e+06	1	2235064901	1.579448e-06	483021244	
3.391900e+06	3	2878871175	2.078806e-08	817087088	224410298	1.400000e-08	
3.393483e+06	3	384163328	2.791000e-08	741863299	3967778277	1.400000e-08	
3.394907e+06	0	2246051850	5.515571e-07	1461359102	
3.397477e+06	1	384163328	4.191000e-08	3967778277	
3.400441e+06	3	4088625113	3.144371e-08	4287239676	1759850032	1.400000e-08	2704180049	1.472534e-08	
3.400646e+06	0	2235064901	1.579448e-06	66987975	
3.402129e+06	1	2235064901	1.593638e-06	2475979558	
3.403572e+06	1	4259593397	1.307909e-06	19131048	
3.405114e+06	1	2235064901	1.607829e-06	1194638860	
3.408667e+06	3	43001897	1.400000e-08	2440120768	287394855	2.091000e-08	2670951229	2.091000e-08	
3.413032e+06	3	3006103420	1.424484e-08	3241671100	2367820772	1.400000e-08	
3.415186e+06	1	2235064901	1.622364e-06	66987975	
3.416772e+06	0	3633199892	1.424484e-08	175860597	
3.423463e+06	0	79461789	1.419076e-08	2719204682	
3.429047e+06	1	2235064901	1.636554e-06	2016090987	
3.430031e+06	0	3833074883	1.547980e-08	649593533	
3.438551e+06	1	2235064901	1.650745e-06	73116178	
3.438762e+06	0	4088625113	3.144371e-08	2125331604	
3.440019e+06	0	393090083	1.453458e-08	1370908750	
3.440274e+06	1	4088625113	4.616905e-08	2704180049	
3.442993e+06	3	3006103420	1.435009e-08	2125331604	771359632	1.400000e-08	
3.452334e+06	3	2681498831	2.568031e-08	2878871175	4186562710	1.601775e-08	
3.453174e+06	0	2348040613	1.547980e-08	3527214469	
3.453968e+06	0	4088625113	4.616905e-08	3122982648	
3.456080e+06	0	2622395779	1.453458e-08	72955594	
3.459134e+06	0	3126241903	2.791000e-08	3288380490	
3.465172e+06	0	384163328	4.191000e-08	1759850032	
3.469989e+06	3	2737363250	2.157484e-08	2426951832	3211480542	2.052592e-08	
3.474228e+06	3	3884987045	1.472534e-08	1831065885	346987663	1.400000e-08	
3.476471e+06	3	4055959668	1.943868e-08	550176535	1922039940	1.400000e-08	
3.477980e+06	1	4259593397	1.322100e-06	1577969976	
3.478759e+06	3	3563522875	1.424484e-08	3527214469	2110688926	1.400000e-08	
3.479934e+06	1	3563522875	2.824484e-08	2110688926	
3.493333e+06	0	2235064901	1.650745e-06	649593533	
3.504859e+06	1	3921011129	1.182366e-06	2564127097	
3.508996e+06	3	4088625113	1.400000e-08	1370908750	1314810707	1.548985e-08	2472898255	1.548985e-08	3459912306	1.548985e-08	
3.513212e+06	0	3211480542	2.052592e-08	907719639	
3.516394e+06	0	309459595	1.547980e-08	4088625113	
3.517335e+06	0	2246051850	5.515571e-07	1055469694	
3.523239e+06	0	907719639	1.424484e-08	1237914369	
3.526084e+06	3	393090083	1.477943e-08	249728555	1598213090	1.400000e-08	
3.528917e+06	1	2235064901	1.664936e-06	2341758500	
3.537744e+06	1	4259593397	1.336291e-06	2353028958	
3.545719e+06	3	1026028388	2.264469e-08	3459912306	1495382923	1.400000e-08	
3.549565e+06	3	1906851972	1.448968e-08	3633199892	722767024	1.400000e-08	
3.562092e+06	3	439844059	1.424484e-08	224410298	515125813	1.400000e-08	
3.568253e+06	0	309459595	1.547980e-08	2597880038	
3.568528e+06	0	3921011129	1.182366e-06	1382686479	
3.569696e+06	1	2348040613	3.001439e-08	1674415855	
3.592943e+06	3	3528190190	1.477943e-08	2013640095	1298902656	1.400000e-08	
3.594256e+06	1	2235064901	1.679470e-06	2014426858	
3.598686e+06	0	4259593397	1.336291e-06	1906851972	
3.609345e+06	3	290926289	1.400000e-08	3202152185	3532628785	1.422229e-08	826924968	1.422229e-08	
3.614040e+06	3	2472898255	1.573469e-08	2795041644	3190311976	1.400000e-08	
3.619833e+06	1	3921011129	1.197145e-06	393090083	
3.620097e+06	0	3921011129	1.197145e-06	4186562710	
3.623462e+06	3	2716949832	1.483508e-08	2438291630	841878026	1.400000e-08	
3.627530e+06	3	1026028388	2.264469e-08	1398579088	2747938267	1.400000e-08	
3.630966e+06	3	552634658	1.478464e-08	3662110242	3177521820	1.400000e-08	
3.632067e+06	1	4259593397	1.352564e-06	1172086036	
3.637086e+06	0	649593533	1.453458e-08	3177521820	
3.637362e+06	3	953296898	1.400000e-08	2472898255	3363025910	1.482235e-08	1290268226	1.482235e-08	
3.638149e+06	3	552634658	1.478464e-08	953296898	764400056	1.400000e-08	
3.639800e+06	3	552498239	1.419076e-08	771359632	1517815290	1.400000e-08	
3.649079e+06	3	3884987045	1.497018e-08	1543523724	66064165	1.400000e-08	
3.649170e+06	3	3363025910	1.501311e-08	3526559023	2766526296	1.400000e-08	
3.656057e+06	3	2716949832	1.565743e-08	1290268226	2454553876	1.400000e-08	
3.656811e+06	0	607396504	2.172583e-08	3449694611	
3.661929e+06	0	2235064901	1.679470e-06	3363025910	
3.668583e+06	0	2449448537	1.701246e-08	3802520055	
3.670769e+06	3	3201932102	1.400000e-08	579073438	1923515514	1.400000e-08	
3.674535e+06	0	3707800333	1.477943e-08	2367820772	
3.682641e+06	0	2159618959	1.956852e-08	1237914369	
3.684852e+06	0	2235064901	1.679470e-06	3833074883	
3.685681e+06	1	2235064901	1.694032e-06	3554620561	
3.690315e+06	1	2235064901	1.708032e-06	2298477853	
3.691321e+06	1	2235064901	1.722032e-06	290926289	
3.696407e+06	0	2235064901	1.722032e-06	2911053862	
3.708292e+06	3	1239791232	2.440538e-08	3177521820	3339828518	1.522033e-08	
3.708659e+06	0	1298902656	1.400000e-08	3167902617	
3.710089e+06	0	2343849308	1.453458e-08	1598213090	
3.715876e+06	0	538453177	2.091000e-08	3279231079	
3.722992e+06	1	4259593397	1.366642e-06	2066612683	
3.723242e+06	3	3833074883	1.601439e-08	2343849308	105819081	1.400000e-08	
3.726744e+06	3	2046083849	1.400000e-08	301219709	533433650	1.418739e-08	1601889739	1.418739e-08	
3.728253e+06	0	3534547045	5.996971e-07	1128056158	
3.741397e+06	0	426576124	2.791000e-07	302486611	
3.741463e+06	3	528880979	1.622716e-08	72955594	381652938	1.567869e-08	96665495	1.567869e-08	
3.750690e+06	1	2235064901	1.736277e-06	781549661	
3.751525e+06	0	3607413901	2.872534e-08	1503202005	
3.752905e+06	3	2159618959	1.956852e-08	250719570	1342185090	1.400000e-08	
3.752940e+06	0	2980075456	1.419076e-08	764400056	
3.788665e+06	0	283080478	1.424484e-08	3449694611	
3.790606e+06	3	2367820772	1.400000e-08	1759850032	149784911	1.400000e-08	
3.790703e+06	3	3180086772	1.547980e-08	2719204682	85224627	1.400000e-08	
3.793666e+06	0	2235064901	1.736277e-06	552634658	
3.807439e+06	3	1128056158	2.358355e-08	1461359102	1965662198	1.400000e-08	
3.812267e+06	3	3180086772	1.572464e-08	3063534263	110439229	1.400000e-08	
3.817035e+06	3	875106938	1.432226e-08	3458484829	1449522982	1.400000e-08	
3.820159e+06	0	3211480542	2.052592e-08	346987663	
3.820725e+06	3	607396504	2.178063e-08	3059103076	3279439195	1.400000e-08	
3.832566e+06	3	1850435983	1.419076e-08	105819081	360107933	1.400000e-08	
3.834936e+06	0	538453177	2.091000e-08	826924968	
3.836930e+06	0	2348040613	3.001439e-08	3180086772	
3.850068e+06	1	3921011129	1.216791e-06	472358284	
3.853011e+06	0	627452446	1.453458e-08	754560055	
3.860052e+06	0	179097684	5.655427e-07	1965662198	
3.866483e+06	3	2681498831	2.190016e-08	2046083849	1657444763	1.778015e-08	
3.867144e+06	0	1965662198	1.400000e-08	1960974751	
3.868234e+06	0	3921011129	1.216791e-06	1965662198	
3.881938e+06	1	4259593397	1.383654e-06	2449448537	
3.893043e+06	3	2213923665	1.472534e-08	175860597	58759274	1.400000e-08	
3.893228e+06	3	2263814062	1.400000e-08	783121895	2135013218	1.418739e-08	470332523	1.418739e-08	
3.894643e+06	3	1503202005	1.453458e-08	1298902656	3217169414	1.400000e-08	
3.907083e+06	0	3707800333	1.477943e-08	3006103420	
3.915278e+06	3	114837353	1.419076e-08	2962530363	3030801476	1.400000e-08	
3.926600e+06	0	4186562710	1.601775e-08	2454553876	
3.932923e+06	0	1503202005	1.453458e-08	1736323711	
3.937453e+06	0	4259593397	1.383654e-06	66064165	
3.938586e+06	0	4259593397	1.383654e-06	627452446	
3.940761e+06	1	2235064901	1.758177e-06	2681498831	
3.942785e+06	0	2235064901	1.758177e-06	629078091	
3.946838e+06	3	3122982648	1.651818e-08	3755198008	2208266878	1.400000e-08	
3.952603e+06	3	1553963666	1.421300e-08	2723643411	3715668764	1.400000e-08	
3.954418e+06	0	3122982648	1.651818e-08	3833074883	
3.956264e+06	0	2733144751	1.419076e-08	85224627	
3.957358e+06	0	2235064901	1.758177e-06	2733144751	
3.957473e+06	1	2235064901	1.772642e-06	1743198400	
3.964645e+06	3	2716949832	1.565743e-08	1923515514	3418547556	1.400000e-08	
3.978214e+06	1	3921011129	1.230791e-06	1502094437	
4.002384e+06	0	552498239	1.419076e-08	1598213090	
4.009462e+06	3	2911053862	1.400000e-08	315200650	355298688	2.091000e-08	4193709834	2.091000e-08	
4.018083e+06	0	2369258877	1.424484e-08	360107933	
4.018406e+06	1	4259593397	1.397845e-06	552498239	
4.020194e+06	3	2716949832	1.590227e-08	2369258877	584993009	1.400000e-08	
4.032204e+06	3	1420914473	1.424484e-08	149784911	1499007652	1.400000e-08	
4.035284e+06	0	2235064901	1.772642e-06	2208266878	
4.035465e+06	0	2597880038	1.424484e-08	3418547556	
4.035835e+06	0	3952655669	1.405480e-08	110439229	
4.046995e+06	1	3921011129	1.245035e-06	439844059	
4.051494e+06	0	3294683754	1.446479e-08	3678948817	
4.061269e+06	0	1055469694	1.453458e-08	1458665800	
4.062997e+06	1	2235064901	1.786833e-06	1649557018	
4.066105e+06	3	384163328	1.400000e-08	2348040613	755060644	1.448110e-08	3270476896	1.448110e-08	3934203265	1.448110e-08	1292024166	1.448110e-08	
4.076915e+06	1	3921011129	1.259226e-06	651046398	
4.080707e+06	1	3534547045	6.139420e-07	2597880038	
4.083812e+06	0	3279439195	1.400000e-08	346987663	
4.089024e+06	0	1314810707	1.548985e-08	1837234470	
4.094462e+06	0	3339828518	1.522033e-08	2367820772	
4.094967e+06	0	4259593397	1.397845e-06	283080478	
4.098702e+06	3	360107933	1.400000e-08	85224627	1323984060	1.400000e-08	
4.099537e+06	3	1657444763	1.824494e-08	3160344427	4197927596	1.400000e-08	
4.100863e+06	0	3921011129	1.259226e-06	3217169414	
4.107232e+06	1	4259593397	1.411845e-06	58759274	
4.113150e+06	0	1867247157	1.424484e-08	1495382923	
4.122916e+06	0	1621314342	1.419076e-08	722767024	
4.128605e+06	3	96665495	1.567869e-08	3197676583	1414892502	1.400000e-08	
4.133753e+06	3	3006103420	1.454085e-08	481049431	4201342597	1.400000e-08	
4.133769e+06	3	2737363250	2.176559e-08	3449694611	2391696826	1.400000e-08	
4.134892e+06	3	1237914369	1.419076e-08	1449522982	4138371369	1.400000e-08	
4.138742e+06	1	4259593397	1.425845e-06	1323984060	
4.146700e+06	1	3921011129	1.273226e-06	3201932102	
4.146751e+06	0	1061526795	1.419076e-08	3381587904	
4.152589e+06	0	1237914369	1.419076e-08	2747938267	
4.152957e+06	3	4259593397	1.425845e-06	2246051850	3590332688	1.400000e-08	1745749016	1.414624e-08	2711965517	1.414624e-08	2933223072	1.414624e-08	1987038079	1.414624e-08	3797386594	1.414624e-08	1280619132	1.414624e-08	4105879141	1.414624e-08	3088551619	1.414624e-08	3443287411	1.414624e-08	3981989558	1.414624e-08	1165174376	1.414624e-08	3467386575	1.414624e-08	4263904522	1.414624e-08	4267941538	1.414624e-08	3372193553	1.414624e-08	3681452412	1.414624e-08	2604064924	1.414624e-08	3458662533	1.414624e-08	762210064	1.414624e-08	570164134	1.414624e-08	2418772576	1.414624e-08	2105330617	1.414624e-08	964813250	1.414624e-08	2039170765	1.414624e-08	4278040469	1.414624e-08	241690685	1.414624e-08	1703904600	1.414624e-08	3814978291	1.414624e-08	118566979	1.414624e-08	894269343	1.414624e-08	932943525	1.414624e-08	250347941	1.414624e-08	2292589682	1.414624e-08	3971437066	1.414624e-08	2810179169	1.414624e-08	1803012522	1.414624e-08	3940915008	1.414624e-08	3593659676	1.414624e-08	
4.154894e+06	3	3528190190	1.502427e-08	754560055	2744143284	1.400000e-08	
4.155854e+06	0	4201342597	1.400000e-08	3986570268	
4.156737e+06	1	4259593397	1.439991e-06	3981989558	
4.169178e+06	1	373638573	1.000000e+00	1428265047	
4.171462e+06	1	3534547045	6.279420e-07	584993009	
4.182245e+06	0	533433650	1.418739e-08	346987663	
4.184182e+06	3	1621314342	1.419076e-08	764400056	2002691604	1.400000e-08	
4.185953e+06	0	1237914369	1.419076e-08	1414892502	
4.190488e+06	1	4259593397	1.453991e-06	4138371369	
4.193314e+06	1	373638573	1.000000e+00	3180086772	
4.193502e+06	3	3607413901	1.400000e-08	845665321	3223248356	1.562176e-08	101557930	1.562176e-08	
4.193869e+06	3	2002691604	1.400000e-08	346987663	678688578	1.400000e-08	
4.195158e+06	3	3921011129	1.824028e-06	3534547045	2222966094	1.542799e-08	1301910447	1.542799e-08	2919535035	1.542799e-08	2855048822	1.542799e-08	682911345	1.542799e-08	
4.202245e+06	0	3006103420	1.454085e-08	3342541004	
4.204340e+06	0	1850435983	1.419076e-08	3190311976	
4.206226e+06	3	3884425642	2.105624e-08	762210064	238807518	1.400000e-08	
4.211596e+06	3	2810179169	1.414624e-08	3715668764	1840937626	1.400000e-08	
4.216335e+06	3	2292589682	1.414624e-08	2744143284	1734007597	1.400000e-08	
4.217186e+06	3	266059373	1.910025e-08	2950407739	4088691616	1.400000e-08	
4.217334e+06	0	266059373	1.910025e-08	3006103420	
4.217411e+06	0	381652938	1.567869e-08	283080478	
4.229418e+06	0	4259593397	1.453991e-06	355298688	
4.237873e+06	0	3528190190	1.502427e-08	2027098952	
4.246208e+06	0	2235064901	1.786833e-06	4088625113	
4.254091e+06	1	4259593397	1.468137e-06	3372193553	
4.260605e+06	0	2222966094	1.542799e-08	1517815290	
4.260689e+06	3	1371202285	1.443560e-08	79461789	2087527840	1.400000e-08	
4.261886e+06	1	3921011129	1.839456e-06	682911345	
4.267642e+06	0	1837234470	1.430050e-08	241690685	
4.271483e+06	0	4193709834	2.091000e-08	1061526795	
4.277370e+06	1	3921011129	1.853456e-06	360107933	
4.280046e+06	0	3288380490	1.647294e-08	1736323711	
4.281754e+06	1	3921011129	1.867456e-06	4197927596	
4.282811e+06	0	2235064901	1.786833e-06	3797386594	
4.284864e+06	0	4259593397	1.468137e-06	2604064924	
4.294341e+06	0	932943525	1.414624e-08	3797386594	
4.297755e+06	0	481808867	2.091000e-08	932943525	
4.300113e+06	0	2933223072	1.414624e-08	1342185090	
4.306557e+06	1	373638573	1.000000e+00	309459595	
4.309594e+06	0	3921011129	1.867456e-06	649593533	
4.312947e+06	3	3089865955	1.433700e-08	2105330617	2065940037	1.400000e-08	
4.313570e+06	0	2737363250	2.176559e-08	964813250	
4.317804e+06	0	3921011129	1.867456e-06	1301910447	
4.319069e+06	0	1840937626	1.400000e-08	2391696826	
4.321390e+06	0	1026028388	2.264469e-08	2454553876	
4.331155e+06	0	3363025910	1.501311e-08	3971437066	
4.332069e+06	1	2235064901	1.808613e-06	607396504	
4.333633e+06	1	179097684	5.797300e-07	1601889739	
4.335893e+06	3	3211480542	2.096153e-08	1371202285	2751602400	1.400000e-08	
4.347598e+06	0	4055959668	1.943868e-08	570164134	
4.355280e+06	0	2716949832	1.590227e-08	2222966094	
4.362607e+06	0	4263904522	1.414624e-08	722767024	
4.363289e+06	1	3921011129	1.881602e-06	1280619132	
4.367691e+06	1	3921011129	1.895602e-06	3418547556	
4.376028e+06	3	875106938	1.451302e-08	1621314342	552380491	1.400000e-08	
4.377913e+06	0	1734007597	1.400000e-08	2454553876	
4.379676e+06	3	1850435983	1.419076e-08	66064165	253656606	1.400000e-08	
4.383634e+06	0	110439229	1.400000e-08	3607413901	
4.384927e+06	3	3833074883	1.601439e-08	1342185090	1254429415	1.400000e-08	
4.387461e+06	0	2235064901	1.808613e-06	1495382923	
4.388589e+06	3	266059373	1.934510e-08	3802520055	481400394	1.400000e-08	
4.391309e+06	1	1850435983	2.819076e-08	253656606	
4.404596e+06	0	2737363250	2.176559e-08	2933223072	
4.406957e+06	0	2898323513	1.424484e-08	4201342597	
4.407959e+06	0	3468130899	1.453458e-08	3467386575	
4.415960e+06	3	4193709834	2.188018e-08	3884987045	2584856907	1.400000e-08	
4.417822e+06	3	4046076794	2.218336e-08	96665495	3284371529	2.140533e-08	
4.420636e+06	3	3562383954	1.461103e-08	2604064924	871205577	1.400000e-08	
4.421433e+06	0	4259593397	1.468137e-06	1061526795	
4.422368e+06	3	2159618959	1.803019e-08	515125813	2655011401	1.553833e-08	
4.425369e+06	0	4088691616	1.400000e-08	1840937626	
4.425658e+06	0	2222966094	1.542799e-08	1745749016	
4.429016e+06	3	3223248356	1.581252e-08	3381587904	4156410056	1.400000e-08	
4.429099e+06	0	3921011129	1.895602e-06	3707800333	
4.430028e+06	3	283080478	1.424484e-08	4201342597	249938527	1.400000e-08	
4.438292e+06	0	2980075456	1.419076e-08	1987038079	
4.439563e+06	1	4259593397	1.482618e-06	3934203265	
4.452079e+06	1	118566979	2.814624e-08	2751602400	
4.456356e+06	1	3921011129	1.911030e-06	1301910447	
4.498818e+06	0	2622395779	1.453458e-08	894269343	
4.500251e+06	1	2235064901	1.836523e-06	3736894086	
4.502774e+06	1	4259593397	1.497083e-06	3332562587	
4.507400e+06	1	2235064901	1.852336e-06	3223248356	
4.508365e+06	1	373638573	1.000000e+00	1227575429	
4.510702e+06	0	2716949832	1.590227e-08	2855048822	
4.520010e+06	3	4193709834	2.202642e-08	1803012522	843598278	1.400000e-08	
4.551921e+06	0	2737363250	2.176559e-08	1703904600	
4.554581e+06	1	2235064901	1.866482e-06	3797386594	
4.557625e+06	0	1503202005	1.453458e-08	1165174376	
4.560198e+06	0	3921011129	1.911030e-06	2716949832	
4.561793e+06	3	2879167783	1.821285e-08	932943525	2197427154	1.400000e-08	
4.566686e+06	1	2879167783	3.221285e-08	2197427154	
4.568814e+06	1	373638573	1.000000e+00	2501379955	
4.569108e+06	3	1314810707	1.535759e-08	3363025910	3690557900	1.514537e-08	
4.572744e+06	3	118566979	2.918215e-08	1657444763	3824375258	1.720902e-08	
4.585875e+06	0	2213923665	1.472534e-08	110439229	
4.589016e+06	1	2235064901	1.880482e-06	2208266878	
4.589997e+06	3	3270476896	1.448110e-08	841878026	769315986	1.400000e-08	
4.591226e+06	0	2504591099	2.791000e-08	2670951229	
4.594875e+06	3	2716949832	1.590227e-08	249938527	1856937876	1.400000e-08	
4.594889e+06	0	873214132	2.791000e-08	2911053862	
4.598570e+06	3	3196256300	2.292775e-08	4186562710	354497373	1.400000e-08	
4.601868e+06	1	3196256300	3.692775e-08	354497373	
4.603264e+06	0	101557930	1.562176e-08	2747938267	
4.605239e+06	3	2235064901	3.317845e-06	4259593397	1230311851	1.493005e-08	3825172902	1.493005e-08	110318614	1.493005e-08	176241382	1.493005e-08	
4.608104e+06	0	1503202005	1.453458e-08	1420914473	
4.608418e+06	1	2235064901	3.332775e-06	3825172902	
4.615481e+06	0	3211480542	2.096153e-08	875106938	
4.619573e+06	1	2235064901	3.347705e-06	1230311851	
4.625783e+06	0	3270476896	1.448110e-08	4096225443	
4.626835e+06	1	179097684	5.956323e-07	2716949832	
4.654617e+06	1	2235064901	3.370350e-06	1026028388	
4.659682e+06	0	2222966094	1.542799e-08	1503202005	
4.672201e+06	0	481400394	1.400000e-08	3775452048	
4.674684e+06	3	629078091	1.424484e-08	1965662198	1063934737	1.400000e-08	
4.675268e+06	0	2222966094	1.542799e-08	3089865955	
4.676927e+06	1	3921011129	1.925030e-06	722767024	
4.680307e+06	0	179097684	5.956323e-07	629078091	
4.685596e+06	0	1771264541	1.419076e-08	481400394	
4.685931e+06	0	1165174376	1.414624e-08	1458665800	
4.687836e+06	3	229435916	1.433700e-08	894269343	2445084109	1.400000e-08	
4.688015e+06	1	229435916	2.833700e-08	2445084109	
4.698913e+06	1	3921011129	1.939221e-06	2649056468	
4.704316e+06	3	266059373	1.949134e-08	3458662533	1871304206	1.400000e-08	
4.717695e+06	1	373638573	1.000001e+00	1676003954	
4.721979e+06	1	2235064901	3.392376e-06	4193709834	
4.722021e+06	3	3211480542	2.110776e-08	3814978291	4185666246	1.400000e-08	
4.722151e+06	0	965372172	1.845525e-08	1840937626	
4.722615e+06	1	373638573	1.000001e+00	3532745758	
4.722654e+06	0	266059373	1.949134e-08	3824375258	
4.728390e+06	1	373638573	1.000001e+00	1414892502	
4.733868e+06	3	3736523900	1.468082e-08	3681452412	1905833305	1.400000e-08	
4.737578e+06	0	1420914473	1.424484e-08	2039170765	
4.744953e+06	0	875106938	1.451302e-08	3467386575	
4.750052e+06	0	649593533	1.453458e-08	755060644	
4.761848e+06	3	2406269022	1.400000e-08	1503202005	3879652638	1.422229e-08	1924091726	1.422229e-08	
4.762704e+06	1	373638573	1.000001e+00	1285693762	
4.768126e+06	3	1848242772	1.505501e-08	629078091	1629863604	1.400000e-08	
4.769510e+06	3	1850435983	1.400000e-08	2159618959	698682927	1.611048e-08	855708858	1.611048e-08	
4.794265e+06	1	3921011129	1.953466e-06	283080478	
4.796809e+06	1	2919535035	2.942799e-08	769315986	
4.797630e+06	0	3921011129	1.953466e-06	2087527840	
4.805293e+06	3	118566979	1.400000e-08	3824375258	3076001680	1.619559e-08	1493833725	1.619559e-08	
4.806676e+06	3	1837234470	1.430050e-08	384163328	1450024594	1.400000e-08	
4.808301e+06	0	2879167783	3.221285e-08	3217169414	
4.815385e+06	3	2378434411	1.424484e-08	2584856907	1797275806	1.400000e-08	
4.822074e+06	0	1736323711	1.424484e-08	2418772576	
4.845996e+06	0	1165174376	1.414624e-08	3443287411	
4.848596e+06	3	1462644303	1.547980e-08	3823443426	3378187523	1.400000e-08	
4.849887e+06	1	2235064901	3.406866e-06	1906851972	
4.853898e+06	3	2747938267	1.400000e-08	2789301560	564959126	1.400000e-08	
4.862487e+06	0	481808867	2.091000e-08	1165174376	
4.862969e+06	0	4055959668	1.943868e-08	564959126	
4.881142e+06	0	3690557900	1.514537e-08	3006103420	
4.883054e+06	0	3089865955	1.433700e-08	964813250	
4.885619e+06	0	3302973195	1.429964e-08	1165174376	
4.891821e+06	1	3921011129	1.968001e-06	2622395779	
4.894648e+06	1	3921011129	1.982001e-06	1254429415	
4.896399e+06	3	1128056158	2.372979e-08	2292589682	3356410364	1.400000e-08	
4.896592e+06	0	678688578	1.400000e-08	1458665800	
4.921542e+06	3	1420914473	1.424484e-08	1960974751	2620273024	1.400000e-08	
4.922838e+06	1	179097684	6.110603e-07	2855048822	
4.935371e+06	3	2919535035	2.496895e-08	2418772576	4177016268	1.860528e-08	
4.937592e+06	0	2945849429	1.430050e-08	3279439195	
4.957259e+06	3	875106938	1.470042e-08	533433650	2480753293	1.400000e-08	
4.962411e+06	3	4096225443	1.424484e-08	1820499179	3251328182	1.400000e-08	
4.965348e+06	3	2655011401	1.553833e-08	4185666246	3584287056	1.400000e-08	
4.967897e+06	1	3921011129	1.996001e-06	1629863604	
4.970902e+06	1	373638573	1.000001e+00	1211996162	
4.978484e+06	3	2737363250	1.826941e-08	3443287411	1661868134	1.764242e-08	
4.991776e+06	1	2737363250	3.591183e-08	1661868134	
4.993149e+06	0	2711965517	1.414624e-08	2087527840	
5.007714e+06	0	3532628785	1.422229e-08	1987038079	
5.009628e+06	3	355298688	2.091000e-08	3986570268	3822766993	1.400000e-08	
5.010282e+06	1	1924091726	2.822229e-08	552380491	
5.011721e+06	3	3709881891	2.791000e-08	2065940037	3730019172	1.400000e-08	
5.011875e+06	1	3921011129	2.010785e-06	552634658	
5.014539e+06	3	3528190190	1.517051e-08	3971437066	2217687738	1.400000e-08	
5.026869e+06	0	2235064901	3.406866e-06	1314810707	
5.039539e+06	3	2213923665	1.520644e-08	755060644	2328187860	1.400000e-08	
5.041078e+06	3	3196256300	3.354386e-08	1239791232	3408999490	2.778926e-08	
5.042391e+06	1	3921011129	2.034515e-06	1128056158	
5.044215e+06	1	2235064901	3.426305e-06	4055959668	
5.046618e+06	3	3408999490	2.798002e-08	2733144751	3438744891	1.400000e-08	
5.047835e+06	1	373638573	1.000001e+00	381652938	
5.056138e+06	0	2213923665	1.520644e-08	2378434411	
5.066070e+06	1	373638573	1.000001e+00	2263814062	
5.068483e+06	0	3468130899	1.453458e-08	481400394	
5.074429e+06	0	3884425642	2.105624e-08	3467386575	
5.079874e+06	1	179097684	6.252511e-07	1061526795	
5.084452e+06	1	3921011129	2.048515e-06	3438744891	
5.088988e+06	0	2039170765	1.414624e-08	211811971	
5.098173e+06	0	3339828518	1.522033e-08	1156624510	
5.101567e+06	3	3690557900	1.544501e-08	3302973195	1501621654	1.400000e-08	
5.113787e+06	1	3921011129	2.062661e-06	1165174376	
5.121350e+06	0	1856937876	1.400000e-08	1499007652	
5.132520e+06	0	2945849429	1.430050e-08	2378434411	
5.137473e+06	1	3921011129	2.076661e-06	3217169414	
5.149831e+06	0	3921011129	2.076661e-06	1499007652	
5.150355e+06	1	3921011129	2.101630e-06	2919535035	
5.159176e+06	0	3921011129	2.101630e-06	481808867	
5.164374e+06	3	2933223072	1.414624e-08	1501621654	2695808785	1.400000e-08	
5.169154e+06	1	3921011129	2.115630e-06	2620273024	
5.169729e+06	1	3921011129	2.129630e-06	1856937876	
5.175005e+06	3	678688578	1.400000e-08	3190311976	399492375	1.400000e-08	
5.177263e+06	1	2235064901	3.441235e-06	176241382	
5.178690e+06	3	1848242772	1.505501e-08	2328187860	213831427	1.400000e-08	
5.196835e+06	1	3004792470	4.760444e-07	211811971	
5.199871e+06	3	2810179169	1.429248e-08	2711965517	2714424842	1.400000e-08	
5.215754e+06	3	3122982648	1.628883e-08	843598278	2282291379	1.422935e-08	
5.232959e+06	3	649593533	1.468082e-08	4263904522	2654714783	1.400000e-08	
5.247958e+06	3	1837234470	1.444674e-08	4278040469	2993076447	1.400000e-08	
5.255388e+06	1	179097684	6.394959e-07	2378434411	
5.262343e+06	3	481400394	1.400000e-08	3607413901	2171266278	1.400000e-08	
5.267400e+06	1	3921011129	2.145645e-06	3833074883	
5.271666e+06	0	2454553876	1.400000e-08	1156624510	
5.297218e+06	1	3921011129	2.159791e-06	3940915008	
5.306079e+06	0	3532628785	1.422229e-08	2993076447	
5.308540e+06	1	2235064901	3.455235e-06	110439229	
5.324871e+06	1	3921011129	2.187771e-06	3408999490	
5.328159e+06	0	2235064901	3.455235e-06	3288380490	
5.346152e+06	0	399492375	1.400000e-08	1734007597	
5.374869e+06	0	3921011129	2.187771e-06	399492375	
5.378587e+06	1	373638573	1.000001e+00	1745749016	
5.383794e+06	1	1068020906	9.545247e-04	3592986772	
5.384229e+06	1	3921011129	2.215681e-06	3126241903	
5.387465e+06	3	3884425642	2.316671e-08	855708858	771038762	1.400000e-08	
5.417891e+06	0	355298688	2.091000e-08	2027098952	
5.422754e+06	3	769686034	2.785990e-08	3562383954	2768208421	1.466113e-08	
5.424338e+06	0	2391696826	1.400000e-08	2747938267	
5.428124e+06	3	873214132	2.791000e-08	238807518	3297235373	1.400000e-08	
5.431638e+06	0	3921011129	2.215681e-06	3884425642	
5.432049e+06	1	3921011129	2.230362e-06	649593533	
5.440256e+06	3	873214132	2.422768e-08	2391696826	776688125	1.768232e-08	
5.452862e+06	0	3707800333	1.477943e-08	2171266278	
5.458459e+06	1	2235064901	3.469381e-06	3593659676	
5.459206e+06	3	4096225443	1.424484e-08	2087527840	3663377129	1.400000e-08	
5.459776e+06	3	3270476896	1.494588e-08	3294683754	898071713	1.400000e-08	
5.461938e+06	0	2235064901	3.469381e-06	4177016268	
5.464568e+06	3	3528190190	1.565160e-08	1292024166	220748477	1.400000e-08	
5.464585e+06	1	2235064901	3.484062e-06	3736523900	
5.472687e+06	0	287394855	2.091000e-08	740082705	
5.481376e+06	3	2222966094	1.542799e-08	2695808785	2470646831	1.400000e-08	
5.482893e+06	3	2504591099	1.400000e-08	4167430602	1965972368	1.407742e-08	1426981231	1.407742e-08	
5.489338e+06	0	4046076794	2.218336e-08	1703904600	
5.493230e+06	1	2235064901	3.498062e-06	2470646831	
5.497576e+06	1	3921011129	2.244362e-06	2911053862	
5.499254e+06	1	3921011129	2.258362e-06	399492375	
5.500644e+06	0	873214132	2.422768e-08	3378187523	
5.501982e+06	0	3532628785	1.422229e-08	1703904600	
5.502891e+06	0	213831427	1.400000e-08	1063934737	
5.512268e+06	0	3528190190	1.565160e-08	4096225443	
5.517125e+06	3	1703904600	1.414624e-08	1156624510	1535034065	1.400000e-08	
5.524007e+06	0	3921011129	2.258362e-06	1063934737	
5.527642e+06	3	481808867	2.039957e-08	4253718737	1483909303	1.451043e-08	
5.535182e+06	3	3211480542	2.133006e-08	3879652638	846691466	1.400000e-08	
5.539737e+06	3	698682927	1.611048e-08	4088691616	3623563876	1.400000e-08	
5.541659e+06	1	698682927	3.011048e-08	3623563876	
5.560336e+06	3	1837234470	1.444674e-08	898071713	3872525629	1.400000e-08	
5.581638e+06	1	2235064901	3.516667e-06	4177016268	
5.597616e+06	1	3921011129	2.272508e-06	1703904600	
5.599580e+06	3	2737363250	1.400000e-08	1924091726	3827929005	1.671138e-08	63319263	1.671138e-08	3607398139	1.671138e-08	
5.599924e+06	0	179097684	6.394959e-07	2171266278	
5.620685e+06	1	3921011129	2.286508e-06	1517815290	
5.625309e+06	0	1420914473	1.424484e-08	213831427	
5.628416e+06	1	2235064901	3.530667e-06	118566979	
5.630467e+06	1	3921011129	2.302797e-06	3122982648	
5.638871e+06	0	1055469694	1.453458e-08	2747938267	
5.643802e+06	0	3921011129	2.302797e-06	3532628785	
5.659872e+06	1	3921011129	2.332907e-06	698682927	
5.662463e+06	1	3921011129	2.356074e-06	3884425642	
5.662569e+06	0	2235064901	3.530667e-06	1987038079	
5.676625e+06	3	2670951229	2.137479e-08	4119421155	2574253871	1.400000e-08	
5.709046e+06	0	2980075456	1.419076e-08	1965972368	
5.714084e+06	0	965372172	1.845525e-08	1237914369	
5.722484e+06	3	2980075456	1.419076e-08	1850435983	3830801972	1.400000e-08	
5.726936e+06	0	179097684	6.394959e-07	1420914473	
5.736182e+06	3	3288380490	1.668593e-08	1553963666	3673394291	1.400000e-08	
5.741077e+06	3	873214132	2.422768e-08	3251328182	2748669076	1.400000e-08	
5.743569e+06	1	3921011129	2.372270e-06	1493833725	
5.752327e+06	0	2282291379	1.422935e-08	1450024594	
5.765680e+06	1	373638573	1.000001e+00	2856850640	
5.771098e+06	3	2810179169	1.429248e-08	3830801972	1220275327	1.400000e-08	
5.772280e+06	1	2235064901	3.544667e-06	564959126	
5.777105e+06	1	2235064901	3.558813e-06	250347941	
5.833069e+06	1	2235064901	3.572813e-06	1871304206	
5.852877e+06	0	2235064901	3.572813e-06	847040419	
5.860539e+06	0	2980075456	1.419076e-08	3297235373	
5.873673e+06	0	846691466	1.400000e-08	2406269022	
5.901418e+06	3	3607398139	1.942275e-08	63319263	4188119649	1.400000e-08	
5.909165e+06	3	2039170765	1.414624e-08	4156410056	1275089537	1.400000e-08	
5.914382e+06	1	2235064901	3.586813e-06	3378187523	
5.984383e+06	3	2980075456	1.419076e-08	1905833305	3700209637	1.400000e-08	
6.019297e+06	1	3921011129	2.386492e-06	3532628785	
6.022191e+06	1	373638573	1.000001e+00	4267941538	
6.068513e+06	1	2235064901	3.602171e-06	1314810707	
6.097158e+06	3	3700209637	1.400000e-08	1535034065	3320450569	1.400000e-08	
6.102332e+06	1	3468130899	2.853458e-08	2002691604	
6.111801e+06	3	2768208421	1.466113e-08	2454553876	4148810631	1.400000e-08	
6.117241e+06	0	776688125	1.768232e-08	3673394291	
6.123102e+06	0	2898323513	1.424484e-08	3700209637	
6.136410e+06	0	355298688	2.091000e-08	4088625113	
6.153428e+06	1	3921011129	2.400492e-06	2504591099	
6.160821e+06	1	2235064901	3.616317e-06	570164134	
6.166758e+06	0	1292023300	1.424484e-08	1275089537	
6.171861e+06	3	3952655669	1.405480e-08	4256642775	1268185054	1.400000e-08	
6.177785e+06	0	3528190190	1.565160e-08	1837234470	
6.190161e+06	0	3563522875	2.824484e-08	3730019172	
6.190500e+06	0	3563522875	2.824484e-08	2406269022	
6.201231e+06	0	2980075456	1.419076e-08	3279439195	
6.205108e+06	1	2235064901	3.630317e-06	3872525629	
6.205684e+06	3	2707460946	1.439108e-08	4105879141	2900628886	1.400000e-08	
6.213690e+06	0	2282291379	1.422935e-08	3673394291	
6.214726e+06	1	3921011129	2.421402e-06	355298688	
6.215965e+06	0	2235064901	3.630317e-06	1837234470	
6.242748e+06	0	2655011401	1.553833e-08	1736323711	
6.263301e+06	3	3590332688	1.400000e-08	3030801476	3866772787	1.400000e-08	
6.273636e+06	1	3921011129	2.435402e-06	1458665800	
6.294650e+06	3	3288380490	1.668593e-08	3584287056	2056593038	1.400000e-08	
6.295101e+06	3	1837234470	1.469158e-08	2027098952	1140472632	1.400000e-08	
6.311369e+06	0	3827929005	1.671138e-08	2748669076	
6.311912e+06	3	3707800333	1.477943e-08	2900628886	2774448923	1.400000e-08	
6.322707e+06	0	2898323513	1.424484e-08	2774448923	
6.335255e+06	0	3921011129	2.435402e-06	771038762	
6.351689e+06	1	3921011129	2.449402e-06	771038762	
6.369449e+06	3	2898323513	1.429964e-08	3952655669	975973597	1.400000e-08	
6.390502e+06	1	373638573	1.000001e+00	2213923665	
6.396770e+06	3	3690557900	1.566730e-08	826924968	933412597	1.400000e-08	
6.398484e+06	0	3822766993	1.400000e-08	1598213090	
6.404168e+06	1	2235064901	3.658852e-06	3468130899	
6.412144e+06	3	2135013218	1.418739e-08	1220275327	927207199	1.400000e-08	
6.413245e+06	3	3297235373	1.400000e-08	2480753293	2231250662	1.400000e-08	
6.450304e+06	1	2235064901	3.672852e-06	2056593038	
6.454889e+06	3	933412597	1.400000e-08	1268185054	3085765731	1.400000e-08	
6.462598e+06	1	3921011129	2.464063e-06	2768208421	
6.481435e+06	0	3006103420	1.454085e-08	1797275806	
6.485278e+06	3	2898323513	1.429964e-08	2748669076	1403954297	1.400000e-08	
6.490642e+06	3	3700209637	1.400000e-08	1598213090	102828162	1.400000e-08	
6.496270e+06	1	2235064901	3.686852e-06	3297235373	
6.500555e+06	0	114837353	1.419076e-08	2737363250	
6.505809e+06	0	2933223072	1.414624e-08	933412597	
6.514771e+06	0	101557930	1.562176e-08	2714424842	
6.531436e+06	1	3921011129	2.478063e-06	4148810631	
6.532730e+06	3	873214132	1.930629e-08	2898323513	3962269793	1.922104e-08	
6.553480e+06	0	3288380490	1.668593e-08	2654714783	
6.560828e+06	3	2810179169	1.429248e-08	3822766993	604674024	1.400000e-08	
6.563249e+06	1	2235064901	3.700852e-06	1275089537	
6.564153e+06	1	2235064901	3.715097e-06	907719639	
6.590708e+06	0	3563522875	2.824484e-08	164438789	
6.597360e+06	3	3196256300	1.400000e-08	481400394	4175762635	1.677193e-08	3421068049	1.677193e-08	
6.597550e+06	1	3421068049	3.077193e-08	3196256300	
6.598445e+06	1	3921011129	2.508835e-06	3421068049	
6.598731e+06	0	3921011129	2.508835e-06	1450024594	
6.599175e+06	1	1068020906	9.545391e-04	2674988631	
6.608158e+06	1	2235064901	3.729434e-06	3089865955	
6.630793e+06	0	875106938	1.470042e-08	114837353	
6.648802e+06	0	3707800333	1.477943e-08	2231250662	
6.664117e+06	0	604674024	1.400000e-08	102828162	
6.664963e+06	0	3962269793	1.922104e-08	241690685	
6.678559e+06	1	2235064901	3.757771e-06	229435916	
6.704968e+06	3	1848242772	1.524240e-08	2135013218	4106915849	1.400000e-08	
6.784030e+06	3	1837234470	1.488234e-08	734120091	3953247145	1.400000e-08	
6.797401e+06	3	2063946235	1.627333e-08	3279439195	977281884	1.400000e-08	
6.798470e+06	0	2235064901	3.757771e-06	3590332688	
6.802692e+06	0	2714424842	1.400000e-08	678688578	
6.805062e+06	0	604674024	1.400000e-08	1140472632	
6.822289e+06	1	3921011129	2.522835e-06	1840937626	
6.846280e+06	1	373638573	1.000001e+00	3563522875	
6.858789e+06	0	2063946235	1.627333e-08	977281884	
6.889191e+06	0	933412597	1.400000e-08	2774448923	
6.894158e+06	3	1462644303	1.547980e-08	3663377129	335748715	1.400000e-08	
6.903633e+06	0	2235064901	3.757771e-06	2282291379	
6.919134e+06	1	3921011129	2.536835e-06	213831427	
6.936631e+06	0	873214132	1.930629e-08	1736323711	
6.942650e+06	3	1986278615	2.124755e-08	3088551619	3863839146	2.080868e-08	
6.943643e+06	0	3921011129	2.536835e-06	2231250662	
6.948007e+06	0	3707800333	1.477943e-08	2217687738	
6.954744e+06	0	3607398139	1.942275e-08	3866772787	
6.972331e+06	1	179097684	6.537408e-07	1736323711	
6.977523e+06	3	933412597	1.400000e-08	1140472632	2025893757	1.400000e-08	
7.010489e+06	3	2521380987	1.469413e-08	2282291379	1090143039	1.400000e-08	
7.012170e+06	3	102828162	1.400000e-08	2654714783	4013164456	1.400000e-08	
7.016238e+06	0	3270476896	1.494588e-08	4013164456	
7.025233e+06	0	2810179169	1.429248e-08	335748715	
7.068761e+06	0	241690685	1.414624e-08	847040419	
7.076398e+06	1	3921011129	2.550835e-06	335748715	
7.084401e+06	0	3702894340	1.446479e-08	438292632	
7.091584e+06	3	220748477	1.400000e-08	1450024594	253060996	1.400000e-08	
7.098327e+06	0	4188119649	1.400000e-08	2737363250	
7.130829e+06	1	3921011129	2.564835e-06	678688578	
7.136421e+06	1	373638573	1.000001e+00	2655011401	
7.153339e+06	0	3921011129	2.564835e-06	101557930	
7.183715e+06	3	975973597	1.400000e-08	1499007652	3578947201	1.400000e-08	
7.191320e+06	0	179097684	6.537408e-07	1483909303	
7.191320e+06	1	373638573	1.000001e+00	1483909303	
7.205111e+06	0	2235064901	3.757771e-06	1837234470	
7.220411e+06	3	220748477	1.400000e-08	3167902617	571790981	1.400000e-08	
7.231973e+06	1	3921011129	2.578835e-06	1063934737	
7.251871e+06	1	3921011129	2.592835e-06	3673394291	
7.253725e+06	3	1462644303	1.501833e-08	3953247145	517786421	1.446147e-08	
7.262471e+06	3	933412597	1.400000e-08	2993076447	2308303797	1.400000e-08	
7.280972e+06	1	3921011129	2.613234e-06	481808867	
7.282504e+06	3	975973597	1.400000e-08	3356410364	2256454524	1.400000e-08	
7.326370e+06	0	4175762635	1.677193e-08	102828162	
7.327754e+06	1	3921011129	2.627234e-06	2231250662	
7.332546e+06	1	2235064901	3.771771e-06	846691466	
7.347067e+06	1	2235064901	3.793954e-06	4046076794	
7.363798e+06	0	517786421	1.446147e-08	114837353	
7.430608e+06	1	3921011129	2.644006e-06	4175762635	
7.450053e+06	3	2879167783	1.400000e-08	3342541004	2316491956	1.620180e-08	921835634	1.620180e-08	
7.459021e+06	1	3921011129	2.658197e-06	1237914369	
7.479515e+06	1	2235064901	3.821864e-06	164438789	
7.502838e+06	0	4096225443	1.424484e-08	2308303797	
7.538264e+06	0	2235064901	3.821864e-06	1837234470	
7.548768e+06	1	2235064901	3.838066e-06	2316491956	
7.568333e+06	3	3824069879	2.288037e-08	933412597	2606270759	1.564654e-08	4081327903	1.564654e-08	4108567391	1.564654e-08	
7.603349e+06	0	3288380490	1.668593e-08	2707460946	
7.647393e+06	0	1848242772	1.524240e-08	114837353	
7.649334e+06	3	101557930	1.562176e-08	2406269022	4281208133	1.400000e-08	
7.666071e+06	0	2235064901	3.838066e-06	2737363250	
7.667331e+06	0	3707800333	1.477943e-08	3578947201	
7.682372e+06	1	2235064901	3.855748e-06	776688125	
7.697168e+06	0	3921011129	2.658197e-06	3707800333	
7.712132e+06	1	3921011129	2.672388e-06	114837353	
7.734363e+06	1	3004792470	4.905092e-07	2683944377	
7.741022e+06	0	2521380987	1.469413e-08	1495382923	
7.769028e+06	0	1495382923	1.400000e-08	2367820772	
7.804865e+06	1	373638573	1.000001e+00	3775452048	
7.816980e+06	3	965372172	1.845525e-08	2308303797	1179141501	1.400000e-08	
7.824023e+06	1	2235064901	3.869748e-06	3590332688	
7.828978e+06	3	4188119649	1.400000e-08	2217687738	3325553423	1.400000e-08	
7.857101e+06	0	2980075456	1.419076e-08	3085765731	
7.879098e+06	1	3325553423	2.800000e-08	4188119649	
7.891414e+06	0	517786421	1.446147e-08	2025893757	
7.926585e+06	0	1462644303	1.501833e-08	2025893757	
7.930835e+06	1	3921011129	2.686388e-06	3700209637	
7.942579e+06	1	373638573	1.000001e+00	1734007597	
7.982370e+06	1	2235064901	3.883993e-06	4096225443	
7.982941e+06	0	2933223072	1.414624e-08	241690685	
7.984728e+06	3	2933223072	1.414624e-08	604674024	4124564224	1.400000e-08	
8.044644e+06	3	965372172	1.915567e-08	875106938	1852572783	1.400000e-08	
8.101775e+06	1	2235064901	3.898238e-06	1867247157	
8.162423e+06	1	2235064901	3.912483e-06	1292023300	
8.177503e+06	0	3528190190	1.565160e-08	3320450569	
8.188598e+06	3	3707800333	1.477943e-08	975973597	2233621492	1.400000e-08	
8.191864e+06	1	3707800333	2.877943e-08	2233621492	
8.193811e+06	3	873214132	2.150809e-08	921835634	3229926557	1.400000e-08	
8.216084e+06	1	2235064901	3.926483e-06	1179141501	
8.240152e+06	3	3325553423	1.400000e-08	4013164456	2972065009	1.400000e-08	1823433846	1.400000e-08	
8.319160e+06	3	266059373	2.113788e-08	4108567391	4052933330	1.400000e-08	
8.353957e+06	1	3004792470	5.113178e-07	3863839146	
8.364406e+06	1	3921011129	2.700579e-06	2980075456	
8.368724e+06	0	101557930	1.562176e-08	3866772787	
8.439084e+06	0	2235064901	3.926483e-06	4281208133	
8.459355e+06	0	2235064901	3.926483e-06	3528190190	
8.461054e+06	3	3288380490	1.668593e-08	2367820772	2601128578	1.400000e-08	
8.499866e+06	3	1986278615	1.931107e-08	3690557900	3239027265	1.760379e-08	
8.502053e+06	3	102828162	1.400000e-08	2774448923	3357191835	1.400000e-08	
8.507686e+06	0	2235064901	3.926483e-06	1986278615	
8.526099e+06	1	3921011129	2.714725e-06	2933223072	
8.529490e+06	0	1420914473	1.424484e-08	3320450569	
8.535272e+06	1	2235064901	3.941023e-06	3006103420	
8.565778e+06	0	3339828518	1.522033e-08	1403954297	
8.570566e+06	1	2235064901	3.955101e-06	1426981231	
8.582389e+06	1	373638573	1.000001e+00	3827929005	
8.595853e+06	0	3229926557	1.400000e-08	2714424842	
8.661193e+06	1	3921011129	2.730998e-06	2063946235	
8.678188e+06	3	1055469694	1.477943e-08	1420914473	2437059955	1.400000e-08	
8.720210e+06	0	3921011129	2.730998e-06	2879167783	
8.742349e+06	1	3921011129	2.744998e-06	2879167783	
8.770259e+06	3	2437059955	1.400000e-08	4281208133	486617589	1.400000e-08	
8.795037e+06	1	2235064901	3.969101e-06	2747938267	
8.823661e+06	1	3921011129	2.758998e-06	847040419	
8.825793e+06	0	2972065009	1.400000e-08	4106915849	
8.866120e+06	1	2235064901	3.983101e-06	927207199	
8.956841e+06	0	2222966094	1.542799e-08	2171266278	
8.974801e+06	0	2235064901	3.983101e-06	2810179169	
8.986984e+06	1	3921011129	2.772998e-06	2171266278	
9.017573e+06	1	373638573	1.000001e+00	2961226102	
9.039504e+06	0	2235064901	3.983101e-06	3270476896	
9.114629e+06	3	287394855	1.991813e-08	2489195127	445707895	1.545666e-08	
9.183289e+06	0	1848242772	1.524240e-08	2737363250	
9.229911e+06	0	2235064901	3.983101e-06	3229926557	
9.265857e+06	0	2810179169	1.429248e-08	2737363250	
9.271921e+06	3	3707800333	1.400000e-08	1055469694	3750558344	1.477943e-08	2800683865	1.477943e-08	
9.271922e+06	1	2800683865	2.877943e-08	3707800333	
9.312673e+06	1	2235064901	3.997178e-06	1965972368	
9.313756e+06	0	3270476896	1.494588e-08	253060996	
9.331914e+06	0	2601128578	1.400000e-08	4124564224	
9.371278e+06	1	3921011129	2.786998e-06	2601128578	
9.372083e+06	1	3921011129	2.800998e-06	2737363250	
9.382787e+06	1	2235064901	4.012399e-06	3339828518	
9.556801e+06	0	445707895	1.545666e-08	1078741991	
9.621829e+06	3	2800683865	1.400000e-08	486617589	480183180	1.438971e-08	3892593010	1.438971e-08	
9.681403e+06	1	2235064901	4.027641e-06	1848242772	
9.708042e+06	1	3921011129	2.814998e-06	3320450569	
9.735152e+06	3	2972065009	1.400000e-08	3578947201	776375684	1.400000e-08	
9.763983e+06	0	776375684	1.400000e-08	2972065009	
9.783253e+06	0	2235064901	4.027641e-06	4106915849	
9.826278e+06	1	373638573	1.000001e+00	3528190190	
9.863738e+06	1	2235064901	4.047064e-06	3607398139	
9.866220e+06	1	3921011129	2.828998e-06	1823433846	
9.876166e+06	0	3239027265	1.760379e-08	3229926557	
9.914506e+06	3	3270476896	1.494588e-08	2800683865	1678023283	1.400000e-08	
9.960465e+06	0	3284371529	2.140533e-08	4106915849	
9.988429e+06	1	179097684	6.685202e-07	3750558344	
9.990482e+06	0	2235064901	4.047064e-06	517786421	
9.997843e+06	0	571790981	1.400000e-08	1495382923	
