3.971022e+01	1	3534547045	3.070100e-07	1731090175	
2.561404e+02	1	1572835533	3.070100e-07	1444500749	
2.708586e+02	1	1222799196	3.070100e-07	873214132	
5.268921e+02	1	4263717482	5.582000e-08	2859795595	
5.958728e+02	1	725558489	5.582000e-08	3326748277	
8.906171e+02	1	2519559028	3.070100e-07	1239791232	
9.050864e+02	1	632754209	5.582000e-08	3800234335	
1.109890e+03	1	3004792470	3.070100e-07	129185354	
1.154818e+03	1	1572835533	3.349200e-07	2693713428	
1.185257e+03	1	1735432893	5.582000e-08	3938221642	
1.417884e+03	1	3841896594	5.582000e-08	2455496064	
1.718171e+03	1	476505668	3.070100e-07	3015378843	
1.956564e+03	1	2235064901	3.070100e-07	2125112500	
2.373508e+03	1	2235064901	3.349200e-07	3084497907	
3.851275e+03	1	3921011129	3.070100e-07	3421887303	
4.567274e+03	1	2340740170	3.070100e-07	941534069	
5.715912e+03	1	426576124	5.582000e-07	4031050948	
5.736259e+03	1	545239233	3.070100e-07	245436729	
6.514297e+03	1	426576124	5.861100e-07	2545005546	
7.186470e+03	1	3071234124	5.582000e-08	482917538	
9.137142e+03	1	2246051850	3.070100e-07	384163328	
9.215035e+03	1	3534547045	3.349200e-07	3126241903	
9.647765e+03	1	426576124	6.140200e-07	2326007700	
1.008032e+04	0	4252347608	2.791000e-08	1206764858	
1.019958e+04	0	3232700421	2.791000e-08	287801793	
1.050629e+04	1	3841896594	8.373000e-08	1661091397	
1.106953e+04	1	2528553283	5.582000e-08	3424908067	
1.453918e+04	1	3534547045	3.628300e-07	3889879026	
1.478755e+04	1	3012070026	5.582000e-08	2504591099	
1.669160e+04	1	632754209	1.116400e-07	1735432893	
1.819928e+04	1	1572835533	3.628300e-07	242414939	
1.861622e+04	0	3919821980	2.791000e-08	780264402	
1.874542e+04	1	3150846686	3.070100e-07	1425083048	
1.947107e+04	1	1068020906	9.543279e-04	2729381062	
2.024672e+04	1	2340740170	3.349200e-07	2718413753	
2.084338e+04	1	1222799196	3.349200e-07	1434498202	
2.318205e+04	1	905418128	5.582000e-08	1123501568	
2.635591e+04	1	3373526895	3.070100e-07	858320168	
3.040776e+04	1	1572835533	3.907400e-07	688805295	
3.215575e+04	1	102901530	5.582000e-08	3497999925	
3.230303e+04	1	3737780296	3.070100e-07	1347872676	
3.265878e+04	1	2246051850	3.349200e-07	3732071459	
3.801801e+04	1	2799798816	3.070100e-07	333964007	
4.160460e+04	1	4259593397	3.070100e-07	2263814062	
4.343647e+04	0	1878784256	2.791000e-08	3428193420	
5.372724e+04	1	3921011129	3.349200e-07	2178051842	
5.947596e+04	1	2932274237	5.582000e-08	387772665	
6.610002e+04	3	3150846686	3.070100e-07	4263717482	3687573659	1.400000e-08	3196256300	2.091000e-08	848448836	2.091000e-08	
6.784668e+04	0	1434594601	2.791000e-08	443746396	
6.824550e+04	1	3150846686	3.349200e-07	2737363250	
8.093706e+04	0	257754683	2.791000e-08	287801793	
9.790502e+04	0	754869367	2.791000e-08	2956861855	
1.047834e+05	1	545239233	3.349200e-07	3257166052	
1.146298e+05	0	3534547045	3.628300e-07	2349140130	
1.235037e+05	1	2528553283	8.373000e-08	2406269022	
1.365291e+05	1	1068020906	9.543558e-04	90391199	
1.405723e+05	3	3534547045	4.249695e-07	3841896594	2211003714	2.159050e-08	
1.464556e+05	0	862710978	2.791000e-08	4252347608	
1.480356e+05	0	3908154577	2.791000e-08	1584276479	
1.597419e+05	1	3373526895	3.349200e-07	1134175585	
1.772737e+05	3	4252347608	1.807234e-08	1206764858	2916276788	1.887383e-08	3696193412	1.887383e-08	
1.791326e+05	3	3150846686	3.349200e-07	2235064901	15308464	1.400000e-08	1239307652	1.458727e-08	1945448119	1.458727e-08	3396227953	1.458727e-08	3321237907	1.458727e-08	3187199216	1.458727e-08	3330100144	1.458727e-08	310481256	1.458727e-08	817087088	1.458727e-08	551137729	1.458727e-08	1218250404	1.458727e-08	1035956119	1.458727e-08	1211996162	1.458727e-08	188552836	1.458727e-08	2029773149	1.458727e-08	302486611	1.458727e-08	1842102965	1.458727e-08	1285693762	1.458727e-08	1078741991	1.458727e-08	2723643411	1.458727e-08	1804212609	1.458727e-08	438292632	1.458727e-08	2001290253	1.458727e-08	
1.794490e+05	0	302486611	1.458727e-08	2029773149	
1.798500e+05	0	2835620284	2.791000e-08	188552836	
1.811959e+05	1	3150846686	3.495073e-07	817087088	
1.818868e+05	0	2528553283	8.373000e-08	4252347608	
1.854957e+05	1	3921011129	3.495073e-07	2723643411	
1.911911e+05	0	1804212609	1.458727e-08	3687573659	
1.992345e+05	0	4231632140	2.791000e-08	331336395	
2.040310e+05	1	2246051850	3.628300e-07	1481166135	
2.084350e+05	1	3616865126	4.249727e-08	1035956119	
2.192245e+05	1	3800257563	3.070100e-07	43001897	
2.196611e+05	0	102901530	5.582000e-08	2466232951	
2.222282e+05	0	179097684	2.791000e-07	2349140130	
2.239680e+05	1	2932274237	7.040727e-08	1211996162	
2.349018e+05	1	1494141940	4.249727e-08	2001290253	
2.578867e+05	1	1572835533	4.186500e-07	1321648343	
2.610558e+05	1	1068020906	9.543837e-04	865537991	
2.619598e+05	1	3071234124	8.373000e-08	257754683	
2.793070e+05	1	3921011129	3.774173e-07	486050091	
2.908524e+05	1	2340740170	4.186500e-07	3071234124	
2.960479e+05	1	3921011129	4.053273e-07	780264402	
3.088231e+05	3	2542835646	1.862595e-08	6723929	3147695692	1.859703e-08	3179285865	1.859703e-08	
3.151740e+05	0	2393342300	2.791000e-08	3747246174	
3.198209e+05	3	426576124	9.000243e-07	2519559028	2173231515	2.100565e-08	
3.237351e+05	0	2984600922	2.791000e-07	2487301543	
3.272389e+05	1	3150846686	3.640945e-07	1218250404	
3.304174e+05	1	2799798816	3.349200e-07	290926289	
3.337219e+05	1	1222799196	3.628300e-07	3775452048	
3.358686e+05	0	3919821980	2.791000e-08	2393342300	
3.360655e+05	0	179097684	2.791000e-07	862710978	
3.407035e+05	0	179097684	2.791000e-07	3696193412	
3.517747e+05	0	287801793	2.791000e-08	331336395	
3.562293e+05	0	778035964	2.791000e-08	2393342300	
3.610375e+05	1	3534547045	4.528795e-07	287801793	
3.649103e+05	1	905418128	8.373000e-08	2835620284	
3.717286e+05	0	179097684	2.791000e-07	2349140130	
3.795055e+05	1	3534547045	4.674668e-07	1804212609	
3.808868e+05	1	1465560917	3.070100e-07	3357643131	
3.819816e+05	0	3037779432	2.791000e-08	2046083849	
4.123830e+05	1	1572835533	4.372470e-07	3147695692	
4.224233e+05	0	3921011129	4.053273e-07	2779686750	
4.399170e+05	0	778035964	2.791000e-08	2211003714	
4.412563e+05	0	1494141940	4.249727e-08	1285693762	
4.687058e+05	1	2799798816	6.419300e-07	3004792470	
4.722104e+05	1	1465560917	3.256359e-07	2542835646	
4.921488e+05	1	2340740170	4.465600e-07	4231632140	
5.097717e+05	1	3150846686	4.478245e-07	905418128	
5.252042e+05	1	3921011129	4.199145e-07	438292632	
5.345057e+05	0	1493201942	2.791000e-08	310481256	
5.374219e+05	1	2246051850	3.907400e-07	2937387076	
5.425392e+05	3	3704423751	1.400000e-08	3020817656	740082705	2.091000e-08	2795063678	2.091000e-08	
5.456656e+05	0	443746396	2.791000e-08	790319072	
5.489567e+05	0	2799798816	6.419300e-07	2298477853	
5.496417e+05	0	740082705	2.091000e-08	3704423751	
5.582589e+05	1	3150846686	4.624118e-07	3396227953	
5.884894e+05	1	725558489	7.040727e-08	1945448119	
5.966216e+05	0	1465560917	3.256359e-07	2480932170	
5.972501e+05	1	3150846686	9.089718e-07	2340740170	
6.241528e+05	0	3196256300	2.091000e-08	2029773149	
6.390747e+05	0	2795063678	2.091000e-08	740082705	
6.448165e+05	0	2250879299	2.791000e-08	2919643181	
6.582877e+05	0	3121047530	2.791000e-08	3150420704	
6.604555e+05	0	1494141940	4.249727e-08	2779686750	
6.667777e+05	3	2349140130	1.400000e-08	2211003714	3642829293	1.775025e-08	2707128518	1.775025e-08	
7.074401e+05	1	632754209	1.262273e-07	188552836	
7.102209e+05	0	825415804	2.791000e-08	3179285865	
7.392087e+05	1	373638573	1.000000e+00	2429525676	
7.675445e+05	0	3919821980	2.791000e-08	3696193412	
7.720634e+05	0	179097684	2.791000e-07	2349140130	
7.892106e+05	3	3921011129	4.199145e-07	725558489	474866315	1.400000e-08	1639799867	1.410182e-08	1026028388	1.410182e-08	1128056158	1.410182e-08	2909632847	1.410182e-08	
7.958455e+05	0	2246051850	3.907400e-07	1790255658	
7.996737e+05	1	3921011129	4.340164e-07	1639799867	
8.052935e+05	0	2799798816	6.419300e-07	1593850299	
8.059879e+05	0	2707128518	1.775025e-08	3642829293	
8.072616e+05	3	4252347608	1.807234e-08	2349140130	937177227	1.400000e-08	
8.074026e+05	1	4252347608	3.207234e-08	937177227	
8.107024e+05	0	3921011129	4.340164e-07	551137729	
8.256260e+05	0	2909632847	1.410182e-08	1128056158	
8.349937e+05	1	3921011129	4.619264e-07	1379399837	
8.367069e+05	0	3921011129	4.619264e-07	1026028388	
8.393639e+05	3	2440120768	2.820702e-08	770580294	3393811039	2.761298e-08	
8.736804e+05	3	582973675	1.400000e-08	302486611	611212867	1.424864e-08	1104410542	1.424864e-08	
9.018921e+05	1	373638573	1.000000e+00	443746396	
9.332771e+05	1	3114612365	4.249727e-08	310481256	
9.340128e+05	3	740082705	2.466025e-08	2707128518	2328232000	1.400000e-08	
9.479360e+05	0	474866315	1.400000e-08	3687573659	
9.515474e+05	1	740082705	3.866025e-08	2328232000	
9.516261e+05	1	373638573	1.000000e+00	811613008	
9.573266e+05	0	740082705	3.866025e-08	2795063678	
1.038885e+06	1	3150846686	9.368818e-07	1584276479	
1.063025e+06	0	1738899943	2.791000e-08	3642829293	
1.063811e+06	0	2528553283	8.373000e-08	1738899943	
1.065684e+06	0	3373526895	3.349200e-07	778035964	
1.069671e+06	0	740082705	3.866025e-08	862710978	
1.080988e+06	3	2779686750	1.400000e-08	1104410542	2999719241	1.407932e-08	1931993247	1.407932e-08	
1.085160e+06	0	2298477853	2.791000e-08	3197676583	
1.107217e+06	1	3150846686	9.793791e-07	3114612365	
1.110882e+06	3	426576124	9.000243e-07	3012070026	1494850122	1.400000e-08	3414514926	2.091000e-08	2312786130	2.091000e-08	
1.118443e+06	3	3534547045	4.809891e-07	2393342300	3537925318	1.438771e-08	
1.124825e+06	0	3555679070	2.791000e-08	314650893	
1.167803e+06	1	3150846686	1.007289e-06	561528368	
1.171946e+06	0	179097684	2.791000e-07	862710978	
1.176689e+06	1	3534547045	4.955763e-07	551137729	
1.177919e+06	0	2799798816	6.419300e-07	1327969783	
1.183999e+06	0	3428193420	2.791000e-08	2487301543	
1.212272e+06	3	1572835533	7.955049e-07	2246051850	1634407402	1.624106e-08	3869596591	1.624106e-08	
1.233032e+06	1	1068020906	9.546907e-04	476505668	
1.257689e+06	1	3534547045	5.234863e-07	925199572	
1.277715e+06	0	179097684	2.791000e-07	1738899943	
1.303283e+06	0	4259593397	3.070100e-07	739080713	
1.304022e+06	0	1128056158	1.410182e-08	1931993247	
1.313626e+06	0	1222799196	3.628300e-07	2074240873	
1.313846e+06	0	4259593397	3.070100e-07	2074240873	
1.319554e+06	1	179097684	2.968502e-07	3642829293	
1.334575e+06	0	3534547045	5.234863e-07	1026028388	
1.348692e+06	3	2932274237	8.252000e-08	3908154577	3375523036	1.579727e-08	
1.394323e+06	1	1075699702	3.070100e-07	1019134040	
1.408557e+06	0	1516068388	2.791000e-08	3232700421	
1.414447e+06	1	3373526895	3.628300e-07	3116505811	
1.420970e+06	3	3061883439	2.791000e-08	474866315	772925454	1.400000e-08	
1.442058e+06	0	741863299	2.791000e-08	1516068388	
1.444733e+06	0	740082705	3.866025e-08	2795063678	
1.457652e+06	3	3373526895	3.714464e-07	1738899943	2215785330	1.929356e-08	
1.464935e+06	3	3749853089	1.400000e-08	3747246174	3491092596	2.091000e-08	57770090	2.091000e-08	
1.465983e+06	0	57770090	2.091000e-08	3749853089	
1.468294e+06	0	3373526895	3.714464e-07	2215785330	
1.476623e+06	3	3373526895	3.714464e-07	2528553283	3071577057	1.400000e-08	1452489764	1.743250e-08	4260098875	1.743250e-08	3696843781	1.743250e-08	2138100036	1.743250e-08	
1.477312e+06	3	3921011129	4.619264e-07	632754209	1726701215	1.400000e-08	1412415798	1.402841e-08	375852842	1.402841e-08	3593732192	1.402841e-08	3888264012	1.402841e-08	313359544	1.402841e-08	217284033	1.402841e-08	2151269300	1.402841e-08	3913511150	1.402841e-08	
1.477389e+06	0	3921011129	4.619264e-07	2151269300	
1.489702e+06	0	2932274237	8.252000e-08	778035964	
1.506783e+06	3	179097684	4.723804e-08	3891448235	2962530363	1.460643e-08	2063946235	1.460643e-08	1172086036	1.460643e-08	690117576	1.460643e-08	3288380490	1.460643e-08	845665321	1.460643e-08	3122982648	1.460643e-08	1471982444	1.460643e-08	3303338876	1.460643e-08	2875471576	1.460643e-08	1738909006	1.460643e-08	356405251	1.460643e-08	2879167783	1.460643e-08	3083352544	1.460643e-08	4198169764	1.460643e-08	821115011	1.460643e-08	2118016430	1.460643e-08	1945735688	1.460643e-08	4093093422	1.460643e-08	
1.506795e+06	1	1471982444	2.921286e-08	1172086036	
1.508728e+06	0	3083352544	1.460643e-08	2879167783	
1.508816e+06	3	4259593397	3.070100e-07	2984600922	2842015324	1.400000e-08	1249238030	1.472778e-08	3214077756	1.472778e-08	879162223	1.472778e-08	3884425642	1.472778e-08	1149406307	1.472778e-08	3528332227	1.472778e-08	4004407106	1.472778e-08	451270221	1.472778e-08	3149440925	1.472778e-08	2250775120	1.472778e-08	1130108289	1.472778e-08	2177968201	1.472778e-08	2914302410	1.472778e-08	3655816389	1.472778e-08	3485819286	1.472778e-08	1382686479	1.472778e-08	1803925302	1.472778e-08	3293059020	1.472778e-08	
1.512737e+06	0	1471982444	2.921286e-08	2063946235	
1.517751e+06	3	4252347608	3.207234e-08	1471982444	378125977	1.400000e-08	2159618959	1.521286e-08	
1.519955e+06	0	179097684	4.723804e-08	3288380490	
1.520042e+06	1	179097684	6.184448e-08	3122982648	
1.521381e+06	1	179097684	7.645091e-08	1945735688	
1.521785e+06	0	1631081845	2.791000e-08	313359544	
1.522531e+06	0	949068759	2.791000e-08	3241671100	
1.530343e+06	0	4252347608	3.207234e-08	690117576	
1.537150e+06	1	3534547045	5.409188e-07	3696843781	
1.554604e+06	0	1128056158	1.410182e-08	1412415798	
1.555818e+06	0	4252347608	3.207234e-08	4198169764	
1.558487e+06	0	179097684	7.645091e-08	2962530363	
1.566154e+06	0	179097684	7.645091e-08	1738909006	
1.566859e+06	1	179097684	9.105734e-08	2118016430	
1.567340e+06	0	4252347608	3.207234e-08	2916276788	
1.574841e+06	3	2919643181	2.798932e-08	2999719241	2441325815	1.400000e-08	
1.585983e+06	0	179097684	9.105734e-08	4093093422	
1.587069e+06	1	3373526895	3.888789e-07	1452489764	
1.591869e+06	0	4198169764	1.460643e-08	378125977	
1.593115e+06	0	3373526895	3.888789e-07	2215785330	
1.594141e+06	0	102901530	5.582000e-08	315200650	
1.594523e+06	0	2038493855	2.791000e-08	582973675	
1.594616e+06	3	740082705	1.400000e-08	3083352544	3401497744	1.963334e-08	4069401935	1.963334e-08	
1.594641e+06	1	4069401935	3.926668e-08	3401497744	
1.594648e+06	0	451270221	1.472778e-08	2029773149	
1.610954e+06	0	821115011	1.460643e-08	2879167783	
1.618577e+06	0	4069401935	3.926668e-08	3704423751	
1.625089e+06	0	3737780296	3.070100e-07	4226750145	
1.634606e+06	1	4069401935	5.326668e-08	740082705	
1.637662e+06	1	1465560917	3.400237e-07	3537925318	
1.638412e+06	0	4093093422	1.460643e-08	2879167783	
1.639344e+06	0	179097684	9.105734e-08	690117576	
1.648757e+06	0	2879167783	1.460643e-08	845665321	
1.654208e+06	0	3196256300	2.091000e-08	582973675	
1.660019e+06	0	2875471576	1.460643e-08	3303338876	
1.671825e+06	0	179097684	9.105734e-08	3303338876	
1.676064e+06	0	4069401935	5.326668e-08	4093093422	
1.679621e+06	1	356405251	2.921286e-08	3288380490	
1.687128e+06	1	4198169764	2.860643e-08	378125977	
1.714851e+06	1	3921011129	4.759548e-07	313359544	
1.715136e+06	1	3373526895	4.063114e-07	2138100036	
1.716091e+06	3	3708838243	1.400000e-08	1503861029	134948105	2.091000e-08	1998372786	2.091000e-08	
1.723242e+06	1	3373526895	4.203114e-07	582973675	
1.730863e+06	3	3696193412	1.897565e-08	1026028388	2455922112	1.400000e-08	
1.752666e+06	3	1738909006	1.460643e-08	3704423751	3059103076	1.400000e-08	
1.753915e+06	1	3373526895	4.396050e-07	2215785330	
1.754376e+06	0	862710978	2.791000e-08	3059103076	
1.754926e+06	1	3534547045	5.583513e-07	4260098875	
1.760841e+06	3	2795063678	2.151643e-08	4093093422	432337108	1.400000e-08	
1.779789e+06	0	2074240873	2.791000e-08	197654791	
1.788358e+06	3	4198169764	1.400000e-08	2795063678	1902671923	1.806143e-08	4209590891	1.806143e-08	
1.795221e+06	1	1902671923	3.206143e-08	4198169764	
1.796708e+06	1	1902671923	5.012286e-08	4209590891	
1.801208e+06	0	3696193412	1.897565e-08	845665321	
1.805119e+06	3	1738909006	1.521286e-08	690117576	77395223	1.400000e-08	
1.826543e+06	0	1572835533	7.955049e-07	405521437	
1.829402e+06	0	3534547045	5.583513e-07	3196256300	
1.845922e+06	3	4252347608	1.400000e-08	3491092596	3592986772	1.949117e-08	1246511018	1.949117e-08	
1.846352e+06	0	848448836	2.091000e-08	1842102965	
1.850404e+06	0	1902671923	5.012286e-08	2875471576	
1.872304e+06	0	2875471576	1.460643e-08	2962530363	
1.886064e+06	3	1902671923	1.864926e-08	3696193412	3986570268	1.681642e-08	174500547	1.681642e-08	4083845756	1.681642e-08	
1.886366e+06	0	1902671923	1.864926e-08	3986570268	
1.895115e+06	3	3986570268	1.742285e-08	845665321	110358663	1.400000e-08	
1.899065e+06	0	862710978	2.791000e-08	174500547	
1.915231e+06	3	1227575429	2.615458e-08	3071577057	1370908750	1.575542e-08	
1.920589e+06	0	545239233	3.349200e-07	405521437	
1.924153e+06	0	1738909006	1.521286e-08	77395223	
1.934631e+06	1	179097684	1.078738e-07	4083845756	
1.947873e+06	1	1572835533	8.234149e-07	2466232951	
1.951028e+06	0	2440120768	2.820702e-08	2919643181	
1.958818e+06	3	179097684	5.652739e-08	356405251	1837234470	1.611185e-08	2945849429	1.611185e-08	66296937	1.611185e-08	976558236	1.611185e-08	2438291630	1.611185e-08	
1.963203e+06	1	179097684	7.263923e-08	2945849429	
1.965090e+06	0	2875471576	1.460643e-08	2962530363	
1.969735e+06	1	179097684	8.875108e-08	1837234470	
1.979858e+06	3	862710978	1.400000e-08	2875471576	906368509	1.425822e-08	3783228500	1.425822e-08	
1.980483e+06	1	906368509	2.825822e-08	862710978	
2.011106e+06	3	2916276788	2.352309e-08	1902671923	2858952728	1.400000e-08	
2.014559e+06	0	1738909006	1.521286e-08	3749853089	
2.025774e+06	0	179097684	8.875108e-08	3986570268	
2.033071e+06	1	3373526895	4.590962e-07	3592986772	
2.033335e+06	0	2455922112	1.400000e-08	4252347608	
2.056304e+06	0	1227575429	2.615458e-08	2879167783	
2.056380e+06	1	3921011129	5.184520e-07	3616865126	
2.071925e+06	0	2438291630	1.611185e-08	976558236	
2.075398e+06	0	3534547045	5.583513e-07	405521437	
2.084767e+06	0	821115011	1.460643e-08	3749853089	
2.092515e+06	0	825415804	2.791000e-08	2620740164	
2.096990e+06	1	3534547045	5.723797e-07	217284033	
2.108084e+06	1	2916276788	3.752309e-08	2858952728	
2.108985e+06	0	2438291630	1.611185e-08	110358663	
2.129746e+06	0	179097684	8.875108e-08	976558236	
2.131010e+06	0	2799798816	6.419300e-07	511603307	
2.151425e+06	0	511603307	2.791000e-08	869234806	
2.155290e+06	0	2159618959	1.521286e-08	432337108	
2.158082e+06	0	179097684	8.875108e-08	2159618959	
2.171124e+06	0	3373526895	4.590962e-07	3986570268	
2.175225e+06	0	66296937	1.611185e-08	1370908750	
2.179530e+06	3	976558236	1.822369e-08	66296937	395113485	1.400000e-08	
2.202283e+06	3	57770090	2.640117e-08	1246511018	4019363830	1.400000e-08	
2.209089e+06	3	2205180068	1.860006e-08	343742982	3016084464	1.860997e-08	921818415	1.860997e-08	
2.217488e+06	3	3303338876	1.460643e-08	3059103076	2892683898	1.400000e-08	
2.235479e+06	0	1465560917	3.400237e-07	778035964	
2.248516e+06	0	3988949870	2.791000e-08	3232700421	
2.252931e+06	1	1465560917	3.586336e-07	921818415	
2.253530e+06	1	3150846686	1.023086e-06	3375523036	
2.268268e+06	0	3921011129	5.184520e-07	1128056158	
2.270970e+06	0	179097684	8.875108e-08	2892683898	
2.279098e+06	3	1078741991	1.517455e-08	3321237907	3697249003	1.400000e-08	
2.285191e+06	0	4069401935	5.326668e-08	3986570268	
2.326225e+06	3	1227575429	2.615458e-08	3749853089	3983774618	1.400000e-08	
2.333090e+06	1	2799798816	6.698400e-07	717226258	
2.348385e+06	1	3150846686	1.037674e-06	1239307652	
2.357711e+06	0	2962530363	1.460643e-08	432337108	
2.362959e+06	0	3196256300	2.091000e-08	395113485	
2.378408e+06	0	2916276788	3.752309e-08	2438291630	
2.382524e+06	0	179097684	8.875108e-08	110358663	
2.385378e+06	0	174500547	1.681642e-08	1738909006	
2.402608e+06	1	906368509	4.251643e-08	3783228500	
2.408188e+06	3	4069401935	3.054828e-08	1227575429	4187488967	1.629099e-08	898751805	1.629099e-08	3632514288	1.629099e-08	
2.411970e+06	3	2916276788	2.984708e-08	174500547	410848061	2.449242e-08	
2.423368e+06	0	2916276788	2.984708e-08	898751805	
2.426050e+06	3	906368509	2.002248e-08	1738909006	2791633391	1.885341e-08	630280293	1.885341e-08	
2.431091e+06	0	4069401935	3.054828e-08	3632514288	
2.437237e+06	1	4259593397	3.217378e-07	2914302410	
2.437866e+06	0	110358663	1.400000e-08	4252347608	
2.447325e+06	0	2438291630	1.611185e-08	77395223	
2.460277e+06	1	906368509	3.887589e-08	630280293	
2.464027e+06	3	906368509	3.134919e-08	2438291630	4212779140	2.363854e-08	
2.469215e+06	3	3279231079	1.400000e-08	3414514926	3459374364	1.741000e-08	2125331604	1.741000e-08	
2.471380e+06	1	3373526895	4.854973e-07	57770090	
2.477800e+06	0	410848061	2.449242e-08	976558236	
2.489295e+06	1	906368509	5.020260e-08	2791633391	
2.495704e+06	0	3150846686	1.037674e-06	739080713	
2.516676e+06	1	2799798816	6.838400e-07	2842015324	
2.525975e+06	1	906368509	7.384114e-08	4212779140	
2.535993e+06	0	3534547045	5.723797e-07	2038493855	
2.537691e+06	0	545239233	3.349200e-07	2451350669	
2.541643e+06	1	3373526895	4.994973e-07	2455922112	
2.546402e+06	1	2799798816	7.117500e-07	1458432161	
2.555906e+06	3	2916276788	1.468035e-08	4187488967	3113062634	1.572886e-08	847040419	1.572886e-08	
2.558885e+06	1	847040419	3.040922e-08	2916276788	
2.560893e+06	3	2159618959	1.581930e-08	3303338876	4240624600	1.400000e-08	
2.561600e+06	3	179097684	5.079279e-08	847040419	1565786989	1.709188e-08	2286860921	1.709188e-08	3707879645	1.709188e-08	2746930994	1.709188e-08	
2.564593e+06	1	4028593304	5.582000e-08	4226750145	
2.573647e+06	0	2159618959	1.581930e-08	4240624600	
2.580014e+06	1	2159618959	2.981930e-08	4240624600	
2.584019e+06	0	3373526895	4.994973e-07	2746930994	
2.604128e+06	0	3373526895	4.994973e-07	3919821980	
2.605374e+06	0	2746930994	1.709188e-08	2286860921	
2.619261e+06	3	2063946235	1.460643e-08	77395223	4075596975	1.400000e-08	
2.652070e+06	0	3736601249	2.791000e-08	1963165541	
2.652969e+06	1	2063946235	2.860643e-08	4075596975	
2.666569e+06	3	2962530363	1.460643e-08	3983774618	4283280385	1.400000e-08	
2.685919e+06	1	1572835533	8.443249e-07	134948105	
2.691084e+06	3	2205180068	1.860006e-08	3687573659	538453177	1.400000e-08	
2.707513e+06	0	3534547045	5.723797e-07	1370908750	
2.723066e+06	1	3373526895	5.134973e-07	4252347608	
2.726184e+06	1	3373526895	5.297883e-07	898751805	
2.726992e+06	0	3373526895	5.297883e-07	3707879645	
2.745620e+06	3	179097684	5.079279e-08	2063946235	3121292019	1.400000e-08	3349724438	1.460643e-08	
2.749381e+06	0	179097684	5.079279e-08	3121292019	
2.759844e+06	3	2159618959	1.400000e-08	432337108	4253718737	1.490965e-08	3297362622	1.490965e-08	
2.779311e+06	0	3373526895	5.297883e-07	2962530363	
2.780385e+06	1	179097684	6.539922e-08	3349724438	
2.785206e+06	0	4253718737	1.490965e-08	2159618959	
2.790567e+06	0	179097684	6.539922e-08	3121292019	
2.797096e+06	3	821115011	1.460643e-08	110358663	1751902433	1.400000e-08	
2.800915e+06	3	906368509	5.975488e-08	2159618959	2878871175	1.404313e-08	3083717413	1.404313e-08	
2.808573e+06	1	3373526895	5.443948e-07	2879167783	
2.810450e+06	1	906368509	7.379801e-08	2878871175	
2.811170e+06	0	179097684	6.539922e-08	3121292019	
2.829031e+06	3	1565786989	1.709188e-08	1751902433	220564665	1.400000e-08	
2.829678e+06	1	1565786989	3.109188e-08	220564665	
2.857053e+06	1	410848061	4.191527e-08	3986570268	
2.868809e+06	1	906368509	8.784114e-08	3083717413	
2.902998e+06	3	179097684	6.539922e-08	1565786989	3653734512	1.400000e-08	3815024321	1.709188e-08	
2.916057e+06	1	3150846686	1.065584e-06	314650893	
2.919601e+06	3	906368509	1.400000e-08	2286860921	1428265047	1.515550e-08	3604532305	1.515550e-08	1869365069	1.515550e-08	965372172	1.515550e-08	607396504	1.515550e-08	2533881277	1.515550e-08	
2.919806e+06	1	1869365069	3.031101e-08	3604532305	
2.919896e+06	3	1075699702	3.192593e-07	251961497	472358284	1.566073e-08	
2.920575e+06	0	2533881277	1.515550e-08	906368509	
2.922447e+06	0	1869365069	3.031101e-08	965372172	
2.929097e+06	1	373638573	1.000000e+00	843517319	
2.934339e+06	0	3373526895	5.443948e-07	848448836	
2.937258e+06	1	3653734512	2.800000e-08	3121292019	
2.941923e+06	1	607396504	3.031101e-08	1428265047	
2.949536e+06	3	545239233	3.349200e-07	1494141940	1950077488	1.400000e-08	1820499179	1.424864e-08	4055959668	1.424864e-08	
2.989984e+06	0	607396504	3.031101e-08	965372172	
3.001938e+06	1	3534547045	5.932897e-07	3196256300	
3.010696e+06	0	1869365069	3.031101e-08	965372172	
3.012963e+06	1	3373526895	5.590012e-07	821115011	
3.031405e+06	0	410848061	4.191527e-08	3632514288	
3.040034e+06	3	1869365069	1.400000e-08	848448836	528880979	1.861050e-08	3778036871	1.861050e-08	
3.040067e+06	0	3778036871	1.861050e-08	528880979	
3.056897e+06	1	3778036871	3.722101e-08	528880979	
3.065523e+06	3	3778036871	1.400000e-08	3297362622	1405660995	1.906533e-08	3662110242	1.906533e-08	
3.070663e+06	1	3662110242	3.306533e-08	3778036871	
3.088081e+06	0	607396504	3.031101e-08	2533881277	
3.093758e+06	0	1405660995	1.906533e-08	3632514288	
3.094870e+06	1	1222799196	3.775578e-07	1382686479	
3.096711e+06	0	1405660995	1.906533e-08	1869365069	
3.096879e+06	1	1405660995	3.306533e-08	1869365069	
3.099080e+06	0	3662110242	3.306533e-08	3632514288	
3.104026e+06	0	1516068388	2.791000e-08	3150420704	
3.106233e+06	1	1572835533	8.722349e-07	1593891639	
3.108099e+06	0	607396504	3.031101e-08	2533881277	
3.108624e+06	0	2533881277	1.515550e-08	4253718737	
3.148093e+06	0	3534547045	5.932897e-07	2962530363	
3.153053e+06	0	3534547045	5.932897e-07	3232700421	
3.169214e+06	3	3815024321	1.651696e-08	2533881277	2247026945	1.573042e-08	
3.181877e+06	0	3534547045	5.932897e-07	1631081845	
3.257874e+06	3	1405660995	3.306533e-08	607396504	4032129539	1.400000e-08	4035587434	1.631101e-08	
3.260188e+06	0	1405660995	3.306533e-08	4035587434	
3.264905e+06	0	2440120768	2.820702e-08	2151269300	
3.301808e+06	3	405521437	1.400000e-08	778035964	3111692719	2.091000e-08	1398579088	2.091000e-08	
3.305407e+06	0	949068759	2.791000e-08	472358284	
3.309832e+06	3	3662110242	1.400000e-08	2746930994	2501379955	1.807860e-08	3332562587	1.807860e-08	
3.312620e+06	0	3332562587	1.807860e-08	3662110242	
3.337525e+06	3	3113062634	1.572886e-08	4283280385	3562383954	1.400000e-08	
3.339613e+06	3	179097684	6.539922e-08	3653734512	2521380987	1.400000e-08	4119421155	1.400000e-08	
3.347155e+06	0	3632514288	1.629099e-08	3662110242	
3.348682e+06	0	3113062634	1.572886e-08	3562383954	
3.349101e+06	1	3815024321	3.224738e-08	2247026945	
3.350816e+06	3	3061883439	2.791000e-08	772925454	1913762779	1.400000e-08	
3.355695e+06	0	3113062634	1.572886e-08	2521380987	
3.366461e+06	0	3632514288	1.629099e-08	3113062634	
3.368645e+06	1	373638573	1.000000e+00	4061687915	
3.373641e+06	1	373638573	1.000000e+00	879162223	
3.383982e+06	3	3332562587	1.807860e-08	4032129539	3678948817	1.400000e-08	
3.387862e+06	0	3921011129	5.184520e-07	2919643181	
3.396392e+06	3	385785803	1.400000e-08	1516068388	2489195127	2.091000e-08	3929228125	2.091000e-08	
3.408173e+06	0	3332562587	1.807860e-08	3113062634	
3.411178e+06	1	2501379955	3.615720e-08	3332562587	
3.411473e+06	1	1405660995	4.706533e-08	3662110242	
3.435621e+06	3	197654791	2.791000e-08	4119421155	3160344427	1.400000e-08	
3.440033e+06	1	3373526895	5.730012e-07	4019363830	
3.444286e+06	0	4069401935	3.054828e-08	3562383954	
3.444709e+06	0	4035587434	1.631101e-08	3678948817	
3.446091e+06	0	259930472	2.791000e-08	3459374364	
3.455896e+06	0	259930472	2.791000e-08	3061883439	
3.467283e+06	3	179097684	1.400000e-08	1405660995	3182159117	1.406636e-08	766581564	1.406636e-08	3702894340	1.406636e-08	3532745758	1.406636e-08	1072840122	1.406636e-08	3294683754	1.406636e-08	1676003954	1.406636e-08	
3.467374e+06	1	3532745758	2.813273e-08	766581564	
3.469394e+06	1	3532745758	4.213273e-08	179097684	
3.472568e+06	1	3532745758	5.619909e-08	3702894340	
3.475694e+06	3	3678948817	1.400000e-08	3562383954	4285585893	1.400000e-08	
3.490146e+06	1	3534547045	6.072897e-07	3160344427	
3.511367e+06	3	4253718737	1.490965e-08	906368509	2674988631	1.400000e-08	
3.514640e+06	1	4253718737	2.890965e-08	2674988631	
3.522882e+06	0	3632514288	1.629099e-08	3678948817	
3.526565e+06	0	3182159117	1.406636e-08	3678948817	
3.527951e+06	0	4285585893	1.400000e-08	2521380987	
3.532689e+06	3	3815024321	2.492863e-08	197654791	406745133	1.761438e-08	2883513480	1.761438e-08	
3.533352e+06	3	1398579088	2.091000e-08	395113485	783121895	1.400000e-08	
3.539480e+06	0	3182159117	1.406636e-08	3678948817	
3.554036e+06	0	1072840122	1.406636e-08	3678948817	
3.561217e+06	3	3182159117	1.406636e-08	4285585893	2683944377	1.400000e-08	
3.580884e+06	3	3182159117	1.406636e-08	2683944377	2961226102	1.400000e-08	
3.597909e+06	3	4055959668	1.424864e-08	783121895	301219709	1.400000e-08	
3.608171e+06	0	3111692719	2.091000e-08	2205180068	
3.637643e+06	0	2961226102	1.400000e-08	3678948817	
3.638971e+06	0	3534547045	6.072897e-07	2038493855	
3.652514e+06	1	3532745758	9.235630e-08	2501379955	
3.658723e+06	3	406745133	2.005450e-08	3707879645	1743198400	1.465175e-08	
3.673401e+06	0	1743198400	1.465175e-08	3678948817	
3.686485e+06	0	3532745758	9.235630e-08	4035587434	
3.706379e+06	0	3294683754	1.406636e-08	1072840122	
3.709373e+06	0	3294683754	1.406636e-08	2521380987	
3.724485e+06	0	3532745758	9.235630e-08	3294683754	
3.735581e+06	0	3182159117	1.406636e-08	1676003954	
3.741663e+06	3	1156624510	1.400000e-08	1820499179	3059144981	1.407932e-08	3952655669	1.407932e-08	
3.747163e+06	0	3532745758	9.235630e-08	3678948817	
3.757225e+06	0	1572835533	8.722349e-07	385785803	
3.758257e+06	1	3532745758	1.064227e-07	3294683754	
3.769636e+06	1	3532745758	1.204227e-07	3678948817	
3.782248e+06	0	3815024321	2.492863e-08	1743198400	
3.787012e+06	3	3532745758	1.204227e-07	410848061	2848685905	1.400000e-08	1826422368	2.791527e-08	
3.789544e+06	0	1743198400	1.465175e-08	1128056158	
3.793378e+06	1	3532745758	1.483379e-07	1826422368	
3.796165e+06	1	1572835533	9.001449e-07	2870037616	
3.852881e+06	0	1676003954	1.406636e-08	2521380987	
3.857456e+06	0	3532745758	1.483379e-07	2848685905	
3.910183e+06	0	102901530	5.582000e-08	538453177	
3.937452e+06	3	1072840122	1.406636e-08	2521380987	896813269	1.400000e-08	
3.937768e+06	1	1072840122	2.806636e-08	896813269	
3.938854e+06	3	3815024321	2.499499e-08	1676003954	37051273	1.400000e-08	
3.965419e+06	0	3532745758	1.483379e-07	3182159117	
3.973615e+06	3	3187199216	1.458727e-08	1156624510	1867247157	1.400000e-08	
3.986867e+06	3	4069401935	1.400000e-08	3632514288	3633199892	1.641964e-08	1736323711	1.641964e-08	
4.013837e+06	3	1072840122	1.400000e-08	3815024321	283080478	1.953068e-08	785216844	1.953068e-08	
4.015645e+06	1	785216844	3.353068e-08	1072840122	
4.018381e+06	3	3150846686	1.065584e-06	3921011129	3006103420	2.109216e-08	2898323513	1.421028e-08	1199222225	1.421028e-08	3755198008	1.421028e-08	2795041644	1.421028e-08	3492274228	1.421028e-08	1420914473	1.421028e-08	439844059	1.421028e-08	3802520055	1.421028e-08	3012889883	1.421028e-08	3363823620	1.421028e-08	1086559163	1.421028e-08	3063534263	1.421028e-08	2013640095	1.421028e-08	1461359102	1.421028e-08	2027098952	1.421028e-08	4167430602	1.421028e-08	4096225443	1.421028e-08	781549661	1.421028e-08	907719639	1.421028e-08	1906851972	1.421028e-08	2597880038	1.421028e-08	1896745001	1.421028e-08	2378434411	1.421028e-08	1837088337	1.421028e-08	1543523724	1.421028e-08	1761715697	1.421028e-08	3099973400	1.421028e-08	2789348510	1.421028e-08	1371202285	1.421028e-08	629078091	1.421028e-08	754560055	1.421028e-08	1737134642	1.421028e-08	37613351	1.421028e-08	3434666020	1.421028e-08	2369258877	1.421028e-08	
4.018381e+06	1	3006103420	3.530244e-08	2898323513	
4.018381e+06	1	3006103420	4.951272e-08	2369258877	
4.018821e+06	1	3150846686	1.079794e-06	1420914473	
4.027617e+06	1	3150846686	1.094004e-06	3755198008	
4.028510e+06	0	1837088337	1.421028e-08	1896745001	
4.033383e+06	1	3150846686	1.108214e-06	3363823620	
4.035055e+06	1	3532745758	1.678686e-07	283080478	
4.035564e+06	1	3150846686	1.122425e-06	1371202285	
4.039409e+06	1	3150846686	1.136635e-06	3012889883	
4.047695e+06	1	3150846686	1.150845e-06	3434666020	
4.047703e+06	0	598947138	2.791000e-08	1736323711	
4.049404e+06	0	598947138	2.791000e-08	1543523724	
4.051206e+06	0	2597880038	1.421028e-08	781549661	
4.060838e+06	0	3150846686	1.150845e-06	439844059	
4.064269e+06	3	2799798816	7.117500e-07	4259593397	3563522875	1.400000e-08	249728555	1.465418e-08	4285226245	1.465418e-08	2707460946	1.465418e-08	2606325002	1.465418e-08	1541925803	1.465418e-08	2024675612	1.465418e-08	1292023300	1.465418e-08	3302973195	1.465418e-08	875106938	1.465418e-08	3314075649	1.465418e-08	2589646060	1.465418e-08	3433591204	1.465418e-08	1848242772	1.465418e-08	250719570	1.465418e-08	2681498831	1.465418e-08	481808867	1.465418e-08	2066612683	1.465418e-08	3458484829	1.465418e-08	2719204682	1.465418e-08	4256642775	1.465418e-08	2449448537	1.465418e-08	
4.064372e+06	0	2799798816	7.117500e-07	3498415124	
4.069340e+06	3	3006103420	1.400000e-08	3330100144	463844675	1.670000e-08	3167902617	1.670000e-08	579073438	1.670000e-08	
4.069813e+06	1	3150846686	1.165056e-06	3492274228	
4.069944e+06	1	1068020906	9.547187e-04	3108364485	
4.072322e+06	0	4035587434	1.631101e-08	37051273	
4.074965e+06	0	754560055	1.421028e-08	439844059	
4.076022e+06	0	785216844	3.353068e-08	37051273	
4.104142e+06	0	1842102965	1.458727e-08	1837088337	
4.127484e+06	0	3534547045	6.072897e-07	439844059	
4.128599e+06	3	781549661	1.421028e-08	538453177	3468130899	1.400000e-08	
4.136514e+06	3	785216844	3.353068e-08	4253718737	393090083	1.400000e-08	2343849308	1.490965e-08	
4.136581e+06	0	785216844	3.353068e-08	393090083	
4.139111e+06	3	3113062634	1.572886e-08	2961226102	1055469694	1.400000e-08	
4.139944e+06	0	3532745758	1.678686e-07	37051273	
4.141720e+06	1	3113062634	2.972886e-08	1055469694	
4.153916e+06	0	3061883439	2.791000e-08	3063534263	
4.154128e+06	0	2343849308	1.490965e-08	393090083	
4.159108e+06	1	3150846686	1.179266e-06	2378434411	
4.165268e+06	0	629078091	1.421028e-08	1761715697	
4.170356e+06	1	785216844	4.753068e-08	393090083	
4.172317e+06	0	785216844	4.753068e-08	2343849308	
4.189529e+06	1	3150846686	1.193476e-06	2789348510	
4.199557e+06	1	3373526895	5.894208e-07	1736323711	
4.207358e+06	1	3373526895	6.034208e-07	4069401935	
4.215367e+06	0	785216844	4.753068e-08	2343849308	
4.216368e+06	1	785216844	6.244033e-08	2343849308	
4.231364e+06	0	3532745758	1.678686e-07	4035587434	
4.235332e+06	0	3111692719	2.091000e-08	301219709	
4.252210e+06	1	2799798816	7.264042e-07	2606325002	
4.264363e+06	1	3150846686	1.207686e-06	1461359102	
4.264622e+06	3	3232700421	1.400000e-08	875106938	627452446	1.428209e-08	2014426858	1.428209e-08	
4.272262e+06	0	3532745758	1.678686e-07	37051273	
4.297930e+06	0	4055959668	1.424864e-08	3468130899	
4.299042e+06	1	1572835533	9.148727e-07	4004407106	
4.302319e+06	1	3150846686	1.221897e-06	2027098952	
4.306423e+06	3	949068759	1.400000e-08	2489195127	2716949832	1.741000e-08	552634658	1.741000e-08	
4.330364e+06	3	2932274237	1.400000e-08	2480932170	3736523900	1.607167e-08	2213923665	1.607167e-08	1503202005	1.607167e-08	3202152185	1.607167e-08	2622395779	1.607167e-08	3607413901	1.607167e-08	
4.346716e+06	1	3150846686	1.237968e-06	2213923665	
4.369807e+06	1	3534547045	6.212897e-07	3006103420	
4.375424e+06	1	3373526895	6.175002e-07	1931993247	
4.381759e+06	3	2962530363	1.460643e-08	1867247157	649593533	1.400000e-08	
4.411517e+06	0	2799798816	7.264042e-07	2681498831	
4.423634e+06	1	3150846686	1.254040e-06	2622395779	
4.429935e+06	1	3532745758	1.841796e-07	4035587434	
4.433245e+06	3	1502094437	1.400000e-08	2038493855	66987975	2.091000e-08	483021244	2.091000e-08	
4.435530e+06	3	3150420704	2.791000e-08	649593533	3707800333	1.400000e-08	
4.440936e+06	0	754560055	1.421028e-08	1086559163	
4.441027e+06	1	3532745758	2.139085e-07	3113062634	
4.448252e+06	3	3593732192	1.402841e-08	3697249003	3528190190	1.400000e-08	
4.453358e+06	0	483021244	2.091000e-08	66987975	
4.453976e+06	1	3150846686	1.268040e-06	3528190190	
4.456633e+06	0	66987975	2.091000e-08	1502094437	
4.469527e+06	3	2883513480	1.761438e-08	2892683898	2185291493	1.400000e-08	
4.473053e+06	3	1543523724	1.421028e-08	2185291493	550176535	1.400000e-08	
4.478603e+06	3	3241671100	1.400000e-08	953296898	1674415855	2.091000e-08	4287239676	2.091000e-08	
4.486950e+06	0	976558236	1.822369e-08	375852842	
4.500626e+06	0	3373526895	6.175002e-07	550176535	
4.520448e+06	0	545239233	3.349200e-07	2795041644	
4.530030e+06	1	3373526895	6.317104e-07	2597880038	
4.531520e+06	3	611212867	1.445892e-08	907719639	3884987045	1.400000e-08	
4.538355e+06	0	976558236	1.822369e-08	375852842	
4.544160e+06	3	66987975	2.112028e-08	4167430602	1960974751	1.400000e-08	
4.559600e+06	3	1035492323	1.400000e-08	1493201942	309459595	2.091000e-08	2348040613	2.091000e-08	
4.615385e+06	0	2409063466	2.791000e-08	781549661	
4.621914e+06	1	3534547045	6.353182e-07	375852842	
4.691139e+06	3	611212867	1.445892e-08	1502094437	3180086772	1.400000e-08	
4.711551e+06	1	3534547045	6.520182e-07	463844675	
4.712993e+06	0	3393811039	2.761298e-08	2177968201	
4.714635e+06	3	3197676583	2.306080e-08	1292023300	3833074883	1.950338e-08	
4.715116e+06	3	66987975	1.400000e-08	3111692719	1462644303	1.401514e-08	4088625113	1.401514e-08	
4.723826e+06	1	3534547045	6.662284e-07	3802520055	
4.744607e+06	3	3150420704	1.400000e-08	3187199216	1237914369	1.424864e-08	2733144751	1.424864e-08	
4.747421e+06	3	2883513480	1.761438e-08	37051273	1649557018	1.400000e-08	
4.747481e+06	1	2883513480	3.161438e-08	1649557018	
4.782400e+06	1	373638573	1.000000e+00	4188445920	
4.782542e+06	1	3150846686	1.282250e-06	1837088337	
4.799002e+06	1	2799798816	7.410584e-07	2719204682	
4.801567e+06	1	3150846686	1.296250e-06	3180086772	
4.804836e+06	1	3534547045	6.802284e-07	2848685905	
4.822123e+06	0	3736601249	2.791000e-08	3063534263	
4.832628e+06	1	1075699702	3.332877e-07	2151269300	
4.839939e+06	3	3736523900	1.608681e-08	4088625113	1831065885	1.400000e-08	
4.842028e+06	3	3532745758	2.299946e-07	2883513480	79461789	1.552823e-08	
4.844844e+06	1	3736523900	3.008681e-08	1831065885	
4.850060e+06	1	1075699702	3.611977e-07	3382444416	
4.854926e+06	3	406745133	2.121000e-08	965372172	1621314342	1.400000e-08	
4.888824e+06	0	1412415798	1.402841e-08	550176535	
4.902514e+06	3	1462644303	1.401514e-08	2779686750	2016090987	1.400000e-08	
4.916857e+06	0	3534547045	6.802284e-07	976558236	
4.934132e+06	3	1370908750	1.600405e-08	4055959668	1553963666	1.400000e-08	
4.942785e+06	1	373638573	1.000000e+00	739080713	
4.947704e+06	0	545239233	3.349200e-07	2013640095	
4.960291e+06	1	3150846686	1.310461e-06	3099973400	
4.984831e+06	0	406745133	2.121000e-08	550176535	
4.999106e+06	0	309459595	2.091000e-08	2681498831	
5.000776e+06	0	4028593304	5.582000e-08	211811971	
5.005328e+06	1	3150846686	1.327161e-06	3167902617	
5.017995e+06	1	373638573	1.000000e+00	911013108	
5.023630e+06	1	3373526895	6.457768e-07	3182159117	
5.028092e+06	3	40245973	2.309430e-08	1249238030	1002680420	1.954348e-08	
5.038572e+06	0	3532745758	2.299946e-07	1621314342	
5.075562e+06	0	1803925302	1.472778e-08	3563522875	
5.086945e+06	1	3534547045	6.942284e-07	2932274237	
5.098620e+06	1	3534547045	7.084387e-07	1896745001	
5.099439e+06	1	1075699702	3.754463e-07	2733144751	
5.104333e+06	3	1761715697	1.442057e-08	1906851972	734120091	1.400000e-08	
5.147123e+06	0	2669757562	2.791000e-08	3707189490	
5.155194e+06	3	3202152185	1.607167e-08	3468130899	2475979558	1.400000e-08	
5.173764e+06	3	3607413901	1.653059e-08	611212867	2649056468	1.400000e-08	
5.192622e+06	0	2440120768	2.820702e-08	1002680420	
5.203916e+06	1	3532745758	2.439946e-07	1621314342	
5.269571e+06	3	3534547045	7.020810e-07	3063534263	3381587904	2.056804e-08	
5.275571e+06	3	2799798816	7.410584e-07	4028593304	175860597	1.400000e-08	1089013536	2.091000e-08	552498239	2.091000e-08	
5.282598e+06	1	373638573	1.000000e+00	1998372786	
5.283613e+06	1	2799798816	7.550584e-07	175860597	
5.362047e+06	1	3534547045	7.160810e-07	66987975	
5.381120e+06	3	3633199892	1.794787e-08	79461789	481049431	1.400000e-08	
5.401340e+06	3	976558236	1.822369e-08	1553963666	2950407739	1.400000e-08	
5.404730e+06	0	3532745758	2.439946e-07	3633199892	
5.435204e+06	0	3150846686	1.327161e-06	1631081845	
5.455461e+06	0	3532745758	2.439946e-07	3633199892	
5.468976e+06	0	3061883439	2.791000e-08	3707800333	
5.472303e+06	1	373638573	1.000000e+00	331336395	
5.483020e+06	0	545239233	3.349200e-07	309459595	
5.498873e+06	1	3373526895	6.597768e-07	550176535	
5.504800e+06	1	373638573	1.000000e+00	869234806	
5.518429e+06	1	1572835533	9.427827e-07	4122240121	
5.521064e+06	0	3555679070	2.791000e-08	2795041644	
5.534812e+06	3	1465560917	3.586336e-07	545239233	72955594	1.400000e-08	1771264541	1.458727e-08	2353028958	1.458727e-08	2980075456	1.458727e-08	3449694611	1.458727e-08	1194638860	1.458727e-08	114837353	1.458727e-08	2341758500	1.458727e-08	651046398	1.458727e-08	2780384598	1.458727e-08	1061526795	1.458727e-08	3342541004	1.458727e-08	1577969976	1.458727e-08	695939830	1.458727e-08	229435916	1.458727e-08	1850435983	1.458727e-08	19131048	1.458727e-08	2426951832	1.458727e-08	3089865955	1.458727e-08	3526559023	1.458727e-08	73116178	1.458727e-08	2654473721	1.458727e-08	2564127097	1.458727e-08	
5.535182e+06	1	1465560917	3.732209e-07	2353028958	
5.539438e+06	3	1458665800	1.400000e-08	2716949832	3554620561	1.566000e-08	2789301560	1.566000e-08	
5.540712e+06	0	1465560917	3.732209e-07	229435916	
5.544954e+06	3	3736523900	1.400000e-08	2016090987	3201932102	1.504340e-08	3527214469	1.504340e-08	
5.545243e+06	0	3527214469	1.504340e-08	3201932102	
5.587315e+06	1	3534547045	7.369910e-07	1674415855	
5.589681e+06	0	1850435983	1.458727e-08	2780384598	
5.590259e+06	1	373638573	1.000000e+00	3279231079	
5.594283e+06	1	1465560917	3.878082e-07	3342541004	
5.594632e+06	3	781549661	1.421028e-08	2649056468	224410298	1.400000e-08	
5.630707e+06	0	3150846686	1.327161e-06	2962530363	
5.636469e+06	1	373638573	1.000000e+00	1327969783	
5.641250e+06	0	3373526895	6.597768e-07	2962530363	
5.652199e+06	3	781549661	1.421028e-08	734120091	3967778277	1.400000e-08	
5.653235e+06	1	3532745758	2.579946e-07	481049431	
5.663423e+06	1	1465560917	4.023954e-07	2564127097	
5.668647e+06	3	1075699702	3.397711e-07	3490627259	1759850032	1.589630e-08	2704180049	1.589630e-08	287394855	1.589630e-08	2670951229	1.589630e-08	
5.678215e+06	1	373638573	1.000000e+00	3736894086	
5.678244e+06	1	3150846686	1.354774e-06	3393811039	
5.711333e+06	3	3089865955	1.479756e-08	1086559163	2367820772	1.400000e-08	
5.713817e+06	0	3201932102	1.504340e-08	781549661	
5.715844e+06	1	1572835533	9.594827e-07	579073438	
5.723126e+06	0	3373526895	6.597768e-07	3967778277	
5.731434e+06	1	373638573	1.000000e+00	2408568032	
5.744607e+06	0	3150846686	1.354774e-06	3952655669	
5.753885e+06	3	3314075649	1.465418e-08	3563522875	771359632	1.400000e-08	
5.755669e+06	1	3534547045	7.529950e-07	1370908750	
5.780666e+06	1	373638573	1.000000e+00	1434594601	
5.812863e+06	0	1465560917	4.023954e-07	2654473721	
5.822827e+06	1	3150846686	1.369361e-06	1061526795	
5.825221e+06	0	659524895	2.791000e-08	3059144981	
5.826240e+06	3	2799798816	7.550584e-07	1075699702	4186562710	1.400000e-08	3211480542	1.416396e-08	346987663	1.416396e-08	1922039940	1.416396e-08	2110688926	1.416396e-08	1314810707	1.416396e-08	2472898255	1.416396e-08	3459912306	1.416396e-08	1598213090	1.416396e-08	1495382923	1.416396e-08	722767024	1.416396e-08	515125813	1.416396e-08	1298902656	1.416396e-08	3532628785	1.416396e-08	826924968	1.416396e-08	3190311976	1.416396e-08	841878026	1.416396e-08	2747938267	1.416396e-08	3177521820	1.416396e-08	3363025910	1.416396e-08	1290268226	1.416396e-08	764400056	1.416396e-08	1517815290	1.416396e-08	66064165	1.416396e-08	
5.831528e+06	0	3633199892	1.794787e-08	1412415798	
5.842936e+06	1	373638573	1.000000e+00	3176785673	
5.861222e+06	1	3373526895	6.803448e-07	3381587904	
5.875133e+06	0	3919821980	2.791000e-08	4287239676	
5.911588e+06	1	1465560917	4.303054e-07	1631081845	
5.933065e+06	3	2250775120	1.472778e-08	1913762779	2766526296	1.400000e-08	
5.934756e+06	0	3150846686	1.369361e-06	37613351	
5.937490e+06	3	3532745758	2.495228e-07	406745133	2454553876	1.484092e-08	1923515514	1.484092e-08	
5.937536e+06	1	3534547045	7.669950e-07	3967778277	
5.948905e+06	1	3532745758	2.643637e-07	1923515514	
5.954752e+06	1	3532745758	2.792046e-07	2454553876	
5.960458e+06	0	552498239	2.091000e-08	722767024	
5.964258e+06	0	1078741991	1.517455e-08	3089865955	
5.971518e+06	1	1465560917	4.448927e-07	1850435983	
6.005526e+06	1	3534547045	7.810234e-07	1412415798	
6.053750e+06	0	3150846686	1.369361e-06	598947138	
6.059413e+06	3	3919821980	1.551190e-08	4287239676	3339828518	1.665405e-08	105819081	1.665405e-08	
6.067944e+06	3	1790255658	2.793841e-08	3913511150	533433650	1.400000e-08	
6.070729e+06	0	651046398	1.458727e-08	781549661	
6.074736e+06	0	1465560917	4.448927e-07	3929228125	
6.102721e+06	1	1465560917	4.594800e-07	651046398	
6.105407e+06	3	3121047530	1.400000e-08	1761715697	1601889739	1.416528e-08	381652938	1.416528e-08	
6.109045e+06	1	2799798816	7.692223e-07	66064165	
6.115697e+06	3	2409063466	2.637617e-08	781549661	96665495	1.574411e-08	
6.118945e+06	1	3373526895	6.943448e-07	2950407739	
6.123533e+06	1	373638573	1.000000e+00	2066612683	
6.128137e+06	1	3373526895	7.122927e-07	3633199892	
6.128187e+06	3	3526559023	1.479756e-08	4096225443	1342185090	1.400000e-08	
6.148759e+06	0	3428193420	2.791000e-08	1517815290	
6.151700e+06	1	1572835533	9.736466e-07	826924968	
6.156011e+06	0	3532745758	2.792046e-07	3201932102	
6.187822e+06	1	373638573	1.000000e+00	3293059020	
6.198041e+06	1	3150846686	1.384015e-06	3302973195	
6.229978e+06	0	114837353	1.458727e-08	37613351	
6.236331e+06	0	309459595	2.091000e-08	3121047530	
6.237075e+06	1	373638573	1.000001e+00	3736601249	
6.239490e+06	0	1572835533	9.736466e-07	2870158420	
6.294632e+06	0	2962530363	1.460643e-08	1960974751	
6.300102e+06	0	19131048	1.458727e-08	114837353	
6.306420e+06	3	3988949870	2.791000e-08	1342185090	149784911	1.400000e-08	
6.312264e+06	3	1398579088	2.149727e-08	2341758500	85224627	1.400000e-08	
6.314814e+06	1	1572835533	1.001557e-06	659524895	
6.345114e+06	1	373638573	1.000001e+00	3929228125	
6.359706e+06	3	785216844	1.400000e-08	2024675612	1965662198	1.577363e-08	110439229	1.577363e-08	1449522982	1.577363e-08	3279439195	1.577363e-08	
6.365885e+06	1	1449522982	3.154725e-08	1965662198	
6.366388e+06	0	3279439195	1.577363e-08	785216844	
6.375347e+06	3	2669757562	2.640510e-08	439844059	360107933	1.571518e-08	
6.391433e+06	1	1572835533	1.015721e-06	3177521820	
6.401954e+06	1	373638573	1.000001e+00	3211480542	
6.409745e+06	3	3061883439	2.672785e-08	3707800333	1657444763	1.518215e-08	
6.410592e+06	3	1541925803	1.481814e-08	1598213090	58759274	1.400000e-08	
6.440808e+06	1	373638573	1.000001e+00	3433591204	
6.463184e+06	3	1465560917	4.580372e-07	2472898255	2135013218	1.560671e-08	
6.464152e+06	0	1449522982	3.154725e-08	3279439195	
6.482307e+06	0	976558236	1.822369e-08	1657444763	
6.493894e+06	0	870323177	2.791000e-08	1194638860	
6.506681e+06	1	373638573	1.000001e+00	515125813	
6.514741e+06	3	1657444763	1.518215e-08	224410298	470332523	1.400000e-08	
6.525509e+06	0	2409063466	2.637617e-08	405521437	
6.528837e+06	1	3532745758	3.107519e-07	1449522982	
6.550799e+06	1	373638573	1.000001e+00	754869367	
6.553570e+06	3	1743198400	1.525818e-08	2962530363	3217169414	1.400000e-08	
6.605024e+06	1	3150846686	1.411925e-06	4046076794	
6.613972e+06	0	636961411	2.791000e-08	1199222225	
6.626445e+06	1	3061883439	5.310403e-08	2409063466	
6.641096e+06	3	2440120768	2.512527e-08	301219709	3030801476	1.708175e-08	
6.651107e+06	0	3373526895	7.122927e-07	3736523900	
6.662727e+06	1	3532745758	3.265255e-07	110439229	
6.665188e+06	3	1078741991	1.576182e-08	114837353	2208266878	1.400000e-08	
6.678220e+06	1	1465560917	4.726245e-07	695939830	
6.685562e+06	0	3607413901	1.653059e-08	1657444763	
6.696216e+06	1	3532745758	3.415689e-07	3201932102	
6.697908e+06	0	1398579088	2.149727e-08	96665495	
6.702939e+06	1	3150846686	1.426135e-06	754560055	
6.722530e+06	3	1002680420	2.019766e-08	2681498831	3715668764	1.400000e-08	
6.728456e+06	1	373638573	1.000001e+00	1517815290	
6.732654e+06	0	3339828518	1.665405e-08	2780384598	
6.737883e+06	1	373638573	1.000001e+00	2707460946	
6.740973e+06	0	3532745758	3.415689e-07	3279439195	
6.808067e+06	3	1149406307	1.472778e-08	1726701215	3418547556	1.400000e-08	
6.812882e+06	1	3150846686	1.441647e-06	3919821980	
6.831709e+06	1	373638573	1.000001e+00	3528332227	
6.833366e+06	0	3534547045	7.810234e-07	1657444763	
6.858036e+06	1	2799798816	7.833863e-07	3459912306	
6.859356e+06	1	3534547045	7.975540e-07	3607413901	
6.868072e+06	0	3532745758	3.415689e-07	3279439195	
6.880312e+06	1	3534547045	8.127362e-07	1657444763	
6.892042e+06	1	373638573	1.000001e+00	2710766136	
6.892814e+06	0	3532745758	3.415689e-07	3279439195	
6.928067e+06	3	3016084464	1.919724e-08	1194638860	355298688	1.400000e-08	
6.956126e+06	0	1462644303	1.401514e-08	3884987045	
7.015600e+06	1	1465560917	4.866245e-07	355298688	
7.050954e+06	0	3534547045	8.127362e-07	2475979558	
7.060289e+06	3	3030801476	1.708175e-08	3736523900	4193709834	1.400000e-08	
7.061540e+06	0	3030801476	1.708175e-08	4193709834	
7.074402e+06	0	3150846686	1.441647e-06	85224627	
7.082943e+06	0	3988949870	2.791000e-08	1290268226	
7.104505e+06	1	1465560917	5.058218e-07	3016084464	
7.106295e+06	1	3150846686	1.463145e-06	1398579088	
7.114474e+06	3	3339828518	1.690269e-08	1237914369	584993009	1.400000e-08	
7.174549e+06	0	3621383820	2.791000e-08	2670951229	
7.186392e+06	1	373638573	1.000001e+00	3459374364	
7.205592e+06	1	3534547045	8.277796e-07	3527214469	
7.207009e+06	1	3150846686	1.477145e-06	2367820772	
7.210059e+06	0	1465560917	5.058218e-07	1950077488	
7.223462e+06	0	1462644303	1.401514e-08	785216844	
7.241205e+06	3	3373526895	7.122927e-07	3061883439	1499007652	1.400000e-08	755060644	1.955201e-08	3270476896	1.955201e-08	
7.244598e+06	1	3373526895	7.318447e-07	755060644	
7.298132e+06	1	3150846686	1.532965e-06	102901530	
7.298482e+06	1	373638573	1.000001e+00	2589646060	
7.300856e+06	1	373638573	1.000001e+00	481808867	
7.301686e+06	0	3532745758	3.415689e-07	1462644303	
7.301841e+06	1	3150846686	1.547762e-06	3526559023	
7.316096e+06	0	3532745758	3.415689e-07	785216844	
7.316334e+06	1	3150846686	1.564416e-06	105819081	
7.322011e+06	1	373638573	1.000001e+00	1651612823	
7.344280e+06	0	3373526895	7.318447e-07	229435916	
7.364347e+06	1	3150846686	1.581498e-06	3030801476	
7.379737e+06	3	19131048	1.479756e-08	1737134642	3934203265	1.400000e-08	
7.390966e+06	0	164438789	2.791000e-08	1960974751	
7.398722e+06	0	3202152185	1.607167e-08	1960974751	
7.407756e+06	0	3953846011	2.791000e-08	2704180049	
7.457816e+06	1	3534547045	8.417796e-07	1950077488	
7.475537e+06	0	3532745758	3.415689e-07	785216844	
7.477613e+06	3	1149406307	1.472778e-08	533433650	1292024166	1.400000e-08	
7.489096e+06	3	2426951832	1.458727e-08	1960974751	1323984060	1.400000e-08	
7.501482e+06	3	229435916	1.458727e-08	1292024166	4197927596	1.400000e-08	
7.502940e+06	0	483021244	2.091000e-08	2208266878	
7.504491e+06	1	3150846686	1.597242e-06	96665495	
7.529683e+06	0	1465560917	5.058218e-07	3884987045	
7.537660e+06	3	1323984060	1.400000e-08	470332523	1414892502	1.400000e-08	
7.551250e+06	1	3534547045	8.575414e-07	1078741991	
7.567945e+06	1	373638573	1.000001e+00	472358284	
7.579393e+06	0	3373526895	7.318447e-07	3270476896	
7.597425e+06	1	373638573	1.000001e+00	259930472	
7.638864e+06	0	3715668764	1.400000e-08	1035492323	
7.676661e+06	0	211811971	2.791000e-08	1199222225	
7.716240e+06	1	373638573	1.000001e+00	2747938267	
7.751391e+06	3	2348040613	2.156418e-08	3314075649	4201342597	1.400000e-08	
7.766254e+06	0	2669757562	2.640510e-08	764400056	
7.771387e+06	3	73116178	1.517455e-08	1285693762	2391696826	1.400000e-08	
7.823706e+06	0	3534547045	8.575414e-07	3270476896	
7.838915e+06	0	3150846686	1.597242e-06	4197927596	
7.858059e+06	3	1503202005	1.607167e-08	15308464	4138371369	1.400000e-08	
7.879163e+06	1	3534547045	8.727996e-07	1743198400	
7.898790e+06	3	976558236	1.822369e-08	1499007652	3590332688	1.400000e-08	
7.918176e+06	1	373638573	1.000001e+00	3149440925	
7.935246e+06	1	3150846686	1.625152e-06	3707189490	
7.992633e+06	1	373638573	1.000001e+00	3197676583	
8.011803e+06	3	309459595	2.280630e-08	1759850032	1745749016	1.400000e-08	
8.013965e+06	1	373638573	1.000001e+00	2046083849	
8.014635e+06	3	4138371369	1.400000e-08	149784911	2711965517	1.400000e-08	
8.035206e+06	0	3532745758	3.415689e-07	785216844	
8.046090e+06	1	2799798816	7.975966e-07	2795041644	
8.052223e+06	1	373638573	1.000001e+00	1922039940	
8.053026e+06	3	1503202005	1.628195e-08	1199222225	2933223072	1.400000e-08	
8.070744e+06	1	3737780296	3.349200e-07	3555679070	
8.079627e+06	1	373638573	1.000001e+00	211811971	
8.103348e+06	1	426576124	9.279343e-07	3774459889	
8.111825e+06	3	1572835533	1.015721e-06	2799798816	1987038079	1.588562e-08	3797386594	1.421293e-08	1280619132	1.421293e-08	4105879141	1.421293e-08	3088551619	1.421293e-08	3443287411	1.421293e-08	3981989558	1.421293e-08	1165174376	1.421293e-08	3467386575	1.421293e-08	4263904522	1.421293e-08	4267941538	1.421293e-08	3372193553	1.421293e-08	3681452412	1.421293e-08	2604064924	1.421293e-08	3458662533	1.421293e-08	762210064	1.421293e-08	570164134	1.421293e-08	2418772576	1.421293e-08	2105330617	1.421293e-08	964813250	1.421293e-08	2039170765	1.421293e-08	4278040469	1.421293e-08	241690685	1.421293e-08	1703904600	1.421293e-08	3814978291	1.421293e-08	118566979	1.421293e-08	894269343	1.421293e-08	932943525	1.421293e-08	250347941	1.421293e-08	2292589682	1.421293e-08	3971437066	1.421293e-08	2810179169	1.421293e-08	1803012522	1.421293e-08	3940915008	1.421293e-08	3593659676	1.421293e-08	2744143284	1.421293e-08	2002691604	1.421293e-08	3223248356	1.421293e-08	101557930	1.421293e-08	678688578	1.421293e-08	2222966094	1.421293e-08	1301910447	1.421293e-08	2919535035	1.421293e-08	2855048822	1.421293e-08	682911345	1.421293e-08	238807518	1.421293e-08	1840937626	1.421293e-08	1734007597	1.421293e-08	4088691616	1.421293e-08	2087527840	1.421293e-08	2065940037	1.421293e-08	2751602400	1.421293e-08	552380491	1.421293e-08	253656606	1.421293e-08	1254429415	1.421293e-08	481400394	1.421293e-08	
8.111825e+06	1	1987038079	3.009854e-08	3797386594	
8.111825e+06	1	1987038079	4.431147e-08	481400394	
8.111825e+06	1	1254429415	2.842585e-08	253656606	
8.111825e+06	1	4105879141	2.842585e-08	1280619132	
8.125409e+06	0	3953846011	2.791000e-08	2933223072	
8.128721e+06	1	1734007597	2.842585e-08	118566979	
8.138735e+06	3	870323177	2.791000e-08	2208266878	2584856907	1.400000e-08	
8.146618e+06	0	1771264541	1.458727e-08	4267941538	
8.146902e+06	1	1572835533	1.029934e-06	3372193553	
8.158251e+06	1	3534547045	8.867996e-07	3590332688	
8.164220e+06	1	373638573	1.000001e+00	2620740164	
8.181151e+06	1	1572835533	1.044146e-06	1803012522	
8.194929e+06	1	1572835533	1.058359e-06	2418772576	
8.196423e+06	1	3534547045	9.050233e-07	976558236	
8.208521e+06	0	2440120768	2.512527e-08	1002680420	
8.216830e+06	0	2751602400	1.421293e-08	3443287411	
8.223864e+06	0	1572835533	1.058359e-06	570164134	
8.229971e+06	1	1572835533	1.072572e-06	3981989558	
8.237009e+06	1	373638573	1.000001e+00	1803925302	
8.250209e+06	3	483021244	2.092514e-08	1462644303	3284371529	1.400000e-08	
8.251737e+06	1	373638573	1.000001e+00	841878026	
8.259759e+06	1	1572835533	1.086785e-06	2751602400	
8.263393e+06	3	1503202005	1.628195e-08	3284371529	871205577	1.400000e-08	
8.277387e+06	1	3534547045	9.196105e-07	2426951832	
8.284354e+06	0	1572835533	1.086785e-06	762210064	
8.292079e+06	0	1254429415	2.842585e-08	3593659676	
8.352545e+06	1	1572835533	1.100998e-06	2065940037	
8.364744e+06	0	40245973	2.309430e-08	932943525	
8.377498e+06	3	4285226245	1.486711e-08	250347941	2655011401	1.400000e-08	
8.385730e+06	1	1465560917	5.337318e-07	1593850299	
8.390030e+06	1	373638573	1.000001e+00	1298902656	
8.464244e+06	1	373638573	1.000001e+00	3833318790	
8.490194e+06	1	1572835533	1.115211e-06	2105330617	
8.498121e+06	0	3339828518	1.690269e-08	1495382923	
8.505935e+06	3	1601889739	1.416528e-08	4201342597	4156410056	1.400000e-08	
8.511439e+06	3	3428193420	2.600786e-08	250719570	249938527	1.655632e-08	
8.511731e+06	1	3150846686	1.639806e-06	3458484829	
8.516683e+06	0	229435916	1.458727e-08	4193709834	
8.516888e+06	3	3129006749	2.791000e-08	1323984060	843598278	1.400000e-08	
8.538978e+06	0	3532745758	3.415689e-07	785216844	
8.560325e+06	0	2222966094	1.421293e-08	1745749016	
8.573939e+06	0	2744143284	1.421293e-08	3467386575	
8.575993e+06	1	3532745758	3.555689e-07	785216844	
8.633505e+06	1	1465560917	5.477318e-07	58759274	
8.687970e+06	1	1572835533	1.129424e-06	101557930	
8.708190e+06	3	3279439195	1.598391e-08	1543523724	2197427154	1.400000e-08	
8.714207e+06	0	843598278	1.400000e-08	3217169414	
8.719143e+06	1	373638573	1.000001e+00	3953846011	
8.738409e+06	0	3532745758	3.555689e-07	3129006749	
8.760357e+06	0	2919535035	1.421293e-08	2475979558	
8.773105e+06	1	373638573	1.000001e+00	843598278	
8.775580e+06	0	552380491	1.421293e-08	3814978291	
8.781683e+06	3	1503202005	1.693613e-08	2449448537	3690557900	1.400000e-08	
8.788602e+06	0	2135013218	1.560671e-08	1601889739	
8.841598e+06	3	2669757562	1.400000e-08	2670951229	3824375258	1.415070e-08	769315986	1.415070e-08	
8.846590e+06	1	373638573	1.000001e+00	385785803	
8.848350e+06	0	1465560917	5.477318e-07	4267941538	
8.867477e+06	0	381652938	1.416528e-08	2584856907	
8.868885e+06	3	2789301560	1.566000e-08	2441325815	1856937876	1.400000e-08	
8.881091e+06	0	1465560917	5.477318e-07	1745749016	
8.883707e+06	3	2870158420	2.685810e-08	4256642775	354497373	1.570608e-08	
8.887271e+06	3	1572835533	1.347149e-06	3737780296	1230311851	1.464932e-08	3825172902	1.464932e-08	110318614	1.464932e-08	176241382	1.464932e-08	1063934737	1.464932e-08	2445084109	1.464932e-08	1871304206	1.464932e-08	4185666246	1.464932e-08	
8.916990e+06	1	3150846686	1.654604e-06	19131048	
8.922805e+06	3	4138371369	1.400000e-08	85224627	1905833305	1.400000e-08	
8.935352e+06	1	1734007597	4.263878e-08	3443287411	
8.936761e+06	1	1465560917	5.619447e-07	3223248356	
8.946278e+06	1	1572835533	1.375059e-06	888311950	
8.949398e+06	3	3279439195	1.598391e-08	3217169414	3879652638	1.400000e-08	
8.963536e+06	3	1063934737	1.464932e-08	2391696826	1924091726	1.400000e-08	
8.963736e+06	0	932943525	1.421293e-08	241690685	
9.056982e+06	3	3988949870	1.400000e-08	1842102965	1629863604	1.424864e-08	698682927	1.424864e-08	
9.065059e+06	0	3534547045	9.196105e-07	2197427154	
9.097248e+06	1	3534547045	9.336105e-07	2197427154	
9.108364e+06	0	1601889739	1.416528e-08	2669757562	
9.143491e+06	1	1572835533	1.389272e-06	2002691604	
9.183730e+06	3	354497373	1.570608e-08	2475979558	855708858	1.400000e-08	
9.220900e+06	1	1572835533	1.403436e-06	3532628785	
9.262940e+06	1	3373526895	7.527699e-07	483021244	
9.279380e+06	0	3621383820	2.791000e-08	3884987045	
9.288396e+06	1	3150846686	1.668604e-06	1905833305	
9.292924e+06	3	1002680420	1.759870e-08	3934203265	3076001680	1.659896e-08	
9.351567e+06	0	790319072	2.791000e-08	627452446	
9.367212e+06	0	3270476896	1.955201e-08	3121047530	
9.368365e+06	0	3089865955	1.479756e-08	2445084109	
9.378511e+06	0	1465560917	5.619447e-07	2440120768	
9.387147e+06	0	3534547045	9.336105e-07	1414892502	
9.474693e+06	0	4105879141	2.842585e-08	3971437066	
9.506230e+06	0	2440120768	2.512527e-08	2445084109	
9.541493e+06	0	4285226245	1.486711e-08	4263904522	
9.546281e+06	1	373638573	1.000001e+00	4105879141	
9.547684e+06	0	3150846686	1.668604e-06	3888264012	
9.557653e+06	0	2205180068	1.860006e-08	3988949870	
9.560881e+06	1	3150846686	1.682604e-06	3241671100	
9.587750e+06	1	1572835533	1.430294e-06	2870158420	
9.604166e+06	0	552634658	1.741000e-08	2744143284	
9.654487e+06	3	3532745758	2.959742e-07	3339828518	1493833725	1.529948e-08	1450024594	1.529948e-08	1797275806	1.529948e-08	3378187523	1.529948e-08	564959126	1.529948e-08	
9.656622e+06	1	3532745758	3.112737e-07	564959126	
9.675259e+06	0	3532745758	3.112737e-07	1493833725	
9.689140e+06	3	3089865955	1.479756e-08	4186562710	3356410364	1.400000e-08	
9.698676e+06	0	1572835533	1.430294e-06	110318614	
9.740841e+06	0	40245973	2.309430e-08	1128056158	
9.780057e+06	3	3279439195	1.598391e-08	3879652638	2620273024	1.400000e-08	
9.801290e+06	0	3532745758	3.112737e-07	1450024594	
9.806047e+06	1	373638573	1.000001e+00	3129006749	
9.815442e+06	3	1797275806	1.659896e-08	1450024594	4177016268	1.400000e-08	
9.826120e+06	0	2074240873	2.791000e-08	2348040613	
9.852353e+06	3	964813250	1.437821e-08	381652938	2480753293	1.400000e-08	
9.858168e+06	3	164438789	1.400000e-08	2980075456	3251328182	1.424864e-08	3584287056	1.424864e-08	
9.868769e+06	1	1465560917	5.761576e-07	3467386575	
9.884469e+06	1	3532745758	3.252737e-07	4177016268	
9.886812e+06	0	249938527	1.655632e-08	3214077756	
9.893162e+06	3	37613351	1.421028e-08	2584856907	1661868134	1.400000e-08	
9.897500e+06	1	373638573	1.000001e+00	552498239	
9.903443e+06	1	37613351	2.821028e-08	1661868134	
9.905314e+06	3	2135013218	1.560671e-08	771359632	3822766993	1.400000e-08	
9.907386e+06	0	3378187523	1.529948e-08	1493833725	
9.923198e+06	0	360107933	1.571518e-08	1149406307	
9.933939e+06	1	3532745758	3.405732e-07	1493833725	
9.983561e+06	0	3279439195	1.598391e-08	871205577	
1.000779e+07	0	73116178	1.517455e-08	2480753293	
1.004708e+07	0	1572835533	1.430294e-06	2029773149	
1.005340e+07	0	2087527840	1.421293e-08	570164134	
1.005400e+07	0	3534547045	9.336105e-07	1414892502	
1.005496e+07	0	360107933	1.571518e-08	2919535035	
1.007301e+07	0	3150846686	1.682604e-06	1601889739	
1.007342e+07	1	3532745758	3.571721e-07	1797275806	
1.009590e+07	3	37613351	1.400000e-08	1790255658	3730019172	1.404956e-08	2217687738	1.404956e-08	2328187860	1.404956e-08	
1.010997e+07	0	678688578	1.421293e-08	855708858	
1.012408e+07	1	762210064	2.821293e-08	2655011401	
1.013492e+07	0	1572835533	1.430294e-06	3554620561	
1.015136e+07	1	3150846686	1.699203e-06	3076001680	
1.023358e+07	3	870323177	2.517802e-08	3690557900	3408999490	1.673198e-08	
1.024099e+07	0	1465560917	5.761576e-07	4088691616	
1.025047e+07	3	1503202005	1.693613e-08	72955594	3438744891	1.400000e-08	
1.028399e+07	0	3150846686	1.699203e-06	2205180068	
1.028687e+07	1	373638573	1.000001e+00	1314810707	
1.031590e+07	1	3150846686	1.713581e-06	964813250	
1.032136e+07	1	3150846686	1.727732e-06	3824375258	
1.032503e+07	3	3214077756	1.494070e-08	1703904600	1501621654	1.400000e-08	
1.034572e+07	1	373638573	1.000001e+00	4263904522	
1.037827e+07	3	1601889739	1.416528e-08	2669757562	2695808785	1.400000e-08	
1.041682e+07	1	373638573	1.000001e+00	3655816389	
1.050443e+07	3	3825172902	1.486224e-08	3458662533	399492375	1.400000e-08	
1.057995e+07	0	3150846686	1.727732e-06	3121047530	
1.059136e+07	3	229435916	1.458727e-08	37613351	213831427	1.400000e-08	
1.059904e+07	1	1572835533	1.444294e-06	399492375	
1.061335e+07	0	762210064	2.821293e-08	3822766993	
1.066614e+07	0	4197927596	1.400000e-08	949068759	
1.067731e+07	1	3150846686	1.747284e-06	3270476896	
1.070212e+07	1	1572835533	1.472507e-06	762210064	
1.070809e+07	0	1572835533	1.472507e-06	354497373	
1.075095e+07	0	3150846686	1.747284e-06	3888264012	
1.075757e+07	3	2135013218	1.646896e-08	3825172902	2714424842	1.400000e-08	
1.076690e+07	0	1734007597	4.263878e-08	249938527	
1.078147e+07	1	3532745758	3.724716e-07	3378187523	
1.079381e+07	3	3408999490	1.673198e-08	2695808785	2282291379	1.400000e-08	
1.082288e+07	1	3373526895	7.667699e-07	871205577	
1.086384e+07	3	790319072	1.400000e-08	3190311976	2654714783	1.403698e-08	2993076447	1.403698e-08	
1.086800e+07	0	4285226245	1.486711e-08	3089865955	
1.091375e+07	3	3933289935	2.793841e-08	3593732192	2171266278	1.400000e-08	
1.092020e+07	1	1465560917	5.901946e-07	2654714783	
1.094189e+07	1	3373526895	7.807699e-07	2933223072	
1.096755e+07	3	3971437066	1.424991e-08	2993076447	771038762	1.400000e-08	
1.099910e+07	1	3150846686	1.761284e-06	771038762	
1.104194e+07	0	4197927596	1.400000e-08	584993009	
1.107267e+07	3	2780384598	1.480020e-08	1301910447	2768208421	1.400000e-08	
1.118361e+07	1	3373526895	7.977060e-07	1503202005	
1.123215e+07	1	3150846686	1.786462e-06	870323177	
1.124849e+07	3	2810179169	1.421293e-08	2768208421	3297235373	1.400000e-08	
1.125362e+07	1	3534547045	9.476105e-07	1414892502	
1.128635e+07	1	1572835533	1.487157e-06	1871304206	
1.130776e+07	3	3418547556	1.400000e-08	3150420704	776688125	1.400000e-08	
1.136830e+07	0	249728555	1.465418e-08	552380491	
1.147382e+07	3	3681452412	1.437689e-08	3363025910	3663377129	1.400000e-08	
1.149936e+07	0	1063934737	1.464932e-08	4088691616	
1.153108e+07	0	360107933	1.571518e-08	1924091726	
1.153816e+07	0	3532745758	3.724716e-07	2440120768	
1.155184e+07	0	3534547045	9.476105e-07	2711965517	
1.156737e+07	0	2714424842	1.400000e-08	1856937876	
1.161746e+07	3	229435916	1.480020e-08	2810179169	898071713	1.400000e-08	
1.169417e+07	3	1987038079	1.400000e-08	3428193420	220748477	1.407983e-08	2470646831	1.407983e-08	1965972368	1.407983e-08	1426981231	1.407983e-08	
1.173278e+07	1	3534547045	9.616105e-07	2711965517	
1.174724e+07	1	3150846686	1.800462e-06	1856937876	
1.181233e+07	0	3373526895	7.977060e-07	2855048822	
1.185784e+07	1	1572835533	1.501370e-06	4088691616	
1.188018e+07	1	373638573	1.000001e+00	1230311851	
1.191703e+07	0	1465560917	5.901946e-07	3297235373	
1.191782e+07	0	249938527	1.655632e-08	1501621654	
1.192345e+07	1	3373526895	8.119189e-07	2855048822	
1.195666e+07	3	855708858	1.400000e-08	790319072	1535034065	1.400000e-08	
1.195820e+07	3	73116178	1.517455e-08	3884987045	1483909303	1.400000e-08	
1.196317e+07	3	1986278615	1.400000e-08	238807518	846691466	1.406146e-08	3623563876	1.406146e-08	
1.197949e+07	3	3532745758	3.678507e-07	3584287056	3872525629	1.886957e-08	
1.198366e+07	0	3534547045	9.616105e-07	3279439195	
1.198411e+07	1	3532745758	3.867202e-07	3872525629	
1.205169e+07	0	1002680420	1.759870e-08	1924091726	
1.212969e+07	3	1002680420	1.781163e-08	1840937626	3827929005	1.400000e-08	
1.219238e+07	1	3150846686	1.815189e-06	2250775120	
1.223275e+07	3	2135013218	1.705623e-08	2654473721	63319263	1.400000e-08	
1.223837e+07	1	3150846686	1.829189e-06	1535034065	
1.230998e+07	3	2217687738	1.404956e-08	3988949870	3607398139	1.400000e-08	
1.232567e+07	0	4156410056	1.400000e-08	4193709834	
1.233024e+07	0	1149406307	1.472778e-08	3356410364	
1.234238e+07	3	2135013218	1.770555e-08	1063934737	2574253871	1.400000e-08	
1.237501e+07	3	1745749016	1.400000e-08	4138371369	3830801972	1.400000e-08	
1.242014e+07	1	1572835533	1.515370e-06	584993009	
1.246011e+07	1	3150846686	1.845921e-06	3408999490	
1.247464e+07	3	511603307	2.791000e-08	949068759	3673394291	1.400000e-08	
1.247976e+07	0	3681452412	1.437689e-08	346987663	
1.249824e+07	1	3150846686	1.859921e-06	4193709834	
1.250358e+07	1	3150846686	1.873921e-06	2282291379	
1.254895e+07	3	3214077756	1.515363e-08	4278040469	2748669076	1.400000e-08	
1.256681e+07	1	3150846686	1.887921e-06	3827929005	
1.258661e+07	1	1572835533	1.529370e-06	1458665800	
1.261496e+07	1	373638573	1.000001e+00	741863299	
1.263571e+07	1	2780384598	2.959775e-08	3089865955	
1.267813e+07	3	1629863604	1.432847e-08	2470646831	1220275327	1.400000e-08	
1.267870e+07	0	2135013218	1.770555e-08	3202152185	
1.269504e+07	3	3202152185	1.563552e-08	1495382923	4188119649	1.460011e-08	
1.270044e+07	0	3202152185	1.563552e-08	4188119649	
1.273463e+07	1	3150846686	1.902788e-06	4285226245	
1.274049e+07	0	1037584679	2.791000e-08	3663377129	
1.276697e+07	0	769315986	1.415070e-08	63319263	
1.278281e+07	0	3150846686	1.902788e-06	3607398139	
1.286179e+07	3	3593659676	1.421293e-08	3663377129	1275089537	1.400000e-08	
1.287343e+07	0	1572835533	1.529370e-06	110318614	
1.290131e+07	0	309459595	2.280630e-08	769315986	
1.295916e+07	3	2292589682	1.424134e-08	3888264012	3700209637	1.400000e-08	
1.301062e+07	0	229435916	1.480020e-08	3681452412	
1.306350e+07	0	3534547045	9.616105e-07	3438744891	
1.309149e+07	0	3150846686	1.902788e-06	1149406307	
1.313553e+07	3	309459595	2.253810e-08	4188119649	3320450569	1.486830e-08	
1.320278e+07	1	1465560917	6.041946e-07	3830801972	
1.320856e+07	3	40245973	2.309430e-08	405521437	4148810631	1.400000e-08	
1.324010e+07	0	3150846686	1.902788e-06	3202152185	
1.324055e+07	3	229435916	1.480020e-08	855708858	1268185054	1.400000e-08	
1.324557e+07	1	3150846686	1.917037e-06	3251328182	
1.336970e+07	1	3150846686	1.940131e-06	40245973	
1.337131e+07	0	3822766993	1.400000e-08	1924091726	
1.342296e+07	3	2748669076	1.400000e-08	4197927596	2900628886	1.400000e-08	
1.344472e+07	1	3150846686	1.954460e-06	1629863604	
1.347307e+07	0	1465560917	6.041946e-07	2222966094	
1.352994e+07	0	2039170765	1.421293e-08	1035492323	
1.353390e+07	1	3150846686	1.972272e-06	1002680420	
1.353568e+07	3	1734007597	4.114565e-08	346987663	3866772787	1.565710e-08	
1.353880e+07	0	1465560917	6.041946e-07	2704180049	
1.358711e+07	1	3532745758	4.027041e-07	3279439195	
1.370487e+07	1	373638573	1.000001e+00	3356410364	
1.374018e+07	1	373638573	1.000001e+00	1541946641	
1.377637e+07	0	1128056158	1.410182e-08	3730019172	
1.380404e+07	3	3179285865	1.859703e-08	1987038079	2056593038	1.400000e-08	
1.381848e+07	3	3532745758	4.103797e-07	2440120768	1140472632	1.744971e-08	
1.382267e+07	1	3150846686	2.000182e-06	511603307	
1.384076e+07	1	373638573	1.000001e+00	678688578	
1.384217e+07	1	373638573	1.000001e+00	570164134	
1.384514e+07	3	73116178	1.517455e-08	2480753293	2774448923	1.400000e-08	
1.386347e+07	3	1577969976	1.433434e-08	1745749016	975973597	1.425293e-08	
1.387854e+07	1	3532745758	4.278294e-07	1140472632	
1.389802e+07	0	3532745758	4.278294e-07	2620273024	
1.390961e+07	1	1572835533	1.543620e-06	3971437066	
1.394369e+07	1	1465560917	6.184475e-07	975973597	
1.400579e+07	0	1572835533	1.543620e-06	3088551619	
1.404303e+07	0	1572835533	1.543620e-06	3607398139	
1.410832e+07	0	3373526895	8.119189e-07	3681452412	
1.412892e+07	0	629078091	1.421028e-08	2748669076	
1.417044e+07	1	1465560917	6.327819e-07	1577969976	
1.423291e+07	0	1089013536	2.091000e-08	1426981231	
1.431147e+07	1	3150846686	2.014347e-06	1601889739	
1.442087e+07	1	3150846686	2.032052e-06	2135013218	
1.443277e+07	1	3534547045	9.756105e-07	2620273024	
1.444106e+07	3	1254429415	1.400000e-08	3823443426	933412597	1.411195e-08	927207199	1.411195e-08	2231250662	1.411195e-08	
1.455557e+07	1	1165174376	2.821293e-08	2774448923	
1.465678e+07	3	360107933	1.658348e-08	3320450569	3085765731	1.400000e-08	
1.466867e+07	3	927207199	1.416151e-08	2328187860	1403954297	1.400000e-08	
1.467068e+07	1	3150846686	2.046052e-06	1275089537	
1.471727e+07	0	769315986	1.415070e-08	898071713	
1.489975e+07	1	373638573	1.000001e+00	3884425642	
1.490823e+07	1	1465560917	6.490229e-07	3869596591	
1.491221e+07	0	2909632847	1.410182e-08	3438744891	
1.491417e+07	1	3373526895	8.259189e-07	898071713	
1.495338e+07	1	3150846686	2.060203e-06	769315986	
1.498555e+07	1	426576124	9.422164e-07	627452446	
1.504604e+07	1	3373526895	8.415760e-07	3866772787	
1.507962e+07	0	3150846686	2.060203e-06	3085765731	
1.515475e+07	3	1734007597	3.948839e-08	2087527840	102828162	1.587019e-08	
1.525132e+07	3	3202152185	1.573734e-08	2909632847	3962269793	1.400000e-08	
1.527019e+07	1	373638573	1.000001e+00	894269343	
1.528642e+07	0	1220275327	1.400000e-08	164438789	
1.531918e+07	0	1572835533	1.543620e-06	2744143284	
1.538092e+07	1	1222799196	3.915578e-07	1268185054	
1.538420e+07	1	3373526895	8.581595e-07	360107933	
1.540179e+07	1	3150846686	2.075940e-06	3202152185	
1.557467e+07	0	1572835533	1.543620e-06	1089013536	
1.562333e+07	1	1465560917	6.786207e-07	2780384598	
1.565462e+07	1	1572835533	1.558207e-06	3449694611	
1.572972e+07	1	3150846686	2.090153e-06	3593659676	
1.575429e+07	1	3150846686	2.104153e-06	2574253871	
1.578129e+07	1	1465560917	6.926702e-07	2217687738	
1.583861e+07	1	3534547045	9.899874e-07	3681452412	
1.585481e+07	1	3150846686	2.118153e-06	1220275327	
1.590512e+07	0	3534547045	9.899874e-07	2298477853	
1.594903e+07	0	287394855	1.589630e-08	241690685	
1.596659e+07	1	3150846686	2.132366e-06	2222966094	
1.608861e+07	0	3150846686	2.132366e-06	3418547556	
1.628045e+07	0	176241382	1.464932e-08	1965972368	
1.654858e+07	3	1634407402	1.629063e-08	3730019172	604674024	1.400000e-08	
1.657279e+07	1	373638573	1.000001e+00	927207199	
1.658527e+07	1	3150846686	2.160276e-06	636961411	
1.663866e+07	1	1572835533	1.572207e-06	3121047530	
1.665263e+07	3	1465560917	6.926702e-07	1222799196	4175762635	1.400000e-08	3421068049	1.452145e-08	4106915849	1.452145e-08	3953247145	1.452145e-08	977281884	1.452145e-08	335748715	1.452145e-08	3863839146	1.452145e-08	2025893757	1.452145e-08	1090143039	1.452145e-08	4013164456	1.452145e-08	253060996	1.452145e-08	3578947201	1.452145e-08	571790981	1.452145e-08	517786421	1.452145e-08	2308303797	1.452145e-08	2256454524	1.452145e-08	2316491956	1.452145e-08	921835634	1.452145e-08	2606270759	1.452145e-08	4081327903	1.452145e-08	4108567391	1.452145e-08	4281208133	1.452145e-08	1179141501	1.452145e-08	3325553423	1.452145e-08	4124564224	1.452145e-08	1852572783	1.452145e-08	2233621492	1.452145e-08	
1.665829e+07	1	1572835533	1.586728e-06	335748715	
1.671253e+07	1	1572835533	1.601250e-06	2233621492	
1.679758e+07	1	1465560917	7.071917e-07	571790981	
1.680897e+07	1	373638573	1.000001e+00	2919535035	
1.685324e+07	3	4156410056	1.400000e-08	3418547556	3229926557	1.400000e-08	
1.690029e+07	1	3150846686	2.174276e-06	4156410056	
1.693083e+07	3	921835634	1.473438e-08	682911345	2972065009	1.400000e-08	
1.693815e+07	1	3150846686	2.202186e-06	2308721517	
1.698911e+07	0	1465560917	7.071917e-07	2014426858	
1.706517e+07	1	3150846686	2.216708e-06	2025893757	
1.711244e+07	1	373638573	1.000001e+00	287394855	
1.712054e+07	0	3373526895	8.581595e-07	3438744891	
1.737788e+07	0	3373526895	8.581595e-07	354497373	
1.739633e+07	3	3421068049	1.452145e-08	1483909303	1823433846	1.400000e-08	
1.744203e+07	1	1465560917	7.217131e-07	4281208133	
1.745748e+07	1	3150846686	2.230708e-06	2972065009	
1.751568e+07	0	241690685	1.421293e-08	1403954297	
1.754429e+07	1	1572835533	1.615771e-06	517786421	
1.755112e+07	1	1572835533	1.629771e-06	213831427	
1.759581e+07	1	373638573	1.000001e+00	2704180049	
1.762166e+07	1	3373526895	8.721595e-07	1035492323	
1.766939e+07	1	373638573	1.000001e+00	249728555	
1.768930e+07	1	373638573	1.000001e+00	810769555	
1.772665e+07	1	373638573	1.000001e+00	1501621654	
1.774349e+07	0	1037584679	2.791000e-08	3822766993	
1.778792e+07	0	2604064924	1.421293e-08	1823433846	
1.779115e+07	3	2074240873	1.719110e-08	1037584679	4052933330	1.931445e-08	2601128578	1.931445e-08	
1.783028e+07	1	3150846686	2.244708e-06	4175762635	
1.790083e+07	0	249938527	1.655632e-08	4108567391	
1.792382e+07	1	1572835533	1.643984e-06	3088551619	
1.801324e+07	1	373638573	1.000001e+00	2056593038	
1.805056e+07	0	552634658	1.741000e-08	2308303797	
1.806621e+07	1	1572835533	1.658506e-06	3863839146	
1.808216e+07	3	354497373	1.578591e-08	220748477	3239027265	1.400000e-08	
1.821302e+07	0	3534547045	9.899874e-07	3438744891	
1.822456e+07	0	3534547045	9.899874e-07	3438744891	
1.824918e+07	0	3150846686	2.244708e-06	2919643181	
1.829023e+07	0	3534547045	9.899874e-07	3229926557	
1.845295e+07	1	3534547045	1.003987e-06	3229926557	
1.850169e+07	1	1465560917	7.374991e-07	354497373	
1.860148e+07	3	932943525	1.421293e-08	1823433846	3357191835	1.400000e-08	
1.880992e+07	1	3150846686	2.258918e-06	629078091	
1.894705e+07	1	3150846686	2.272918e-06	3607398139	
1.895431e+07	1	3150846686	2.287439e-06	1852572783	
1.903780e+07	0	1465560917	7.374991e-07	1089013536	
1.918124e+07	1	373638573	1.000001e+00	1541925803	
1.940650e+07	1	3150846686	2.301603e-06	764400056	
1.949684e+07	0	3373526895	8.721595e-07	698682927	
1.950061e+07	0	309459595	2.253810e-08	3239027265	
1.958178e+07	3	2919643181	2.798932e-08	1986278615	2437059955	1.400000e-08	
1.964067e+07	1	1572835533	1.672506e-06	3357191835	
1.964865e+07	3	4081327903	1.476279e-08	2292589682	486617589	1.400000e-08	
1.970108e+07	0	3534547045	1.003987e-06	2437059955	
1.972167e+07	0	4106915849	1.452145e-08	722767024	
1.978813e+07	1	3150846686	2.315603e-06	604674024	
1.978896e+07	0	3150846686	2.315603e-06	2900628886	
1.982222e+07	0	3534547045	1.003987e-06	1426981231	
1.992527e+07	1	373638573	1.000002e+00	698682927	
2.000841e+07	0	1465560917	7.374991e-07	4148810631	
2.016446e+07	1	1465560917	7.522268e-07	1149406307	
2.031966e+07	0	921835634	1.473438e-08	4108567391	
2.039956e+07	1	3373526895	8.861595e-07	4148810631	
2.042217e+07	0	3534547045	1.003987e-06	3673394291	
2.059873e+07	1	373638573	1.000002e+00	2437059955	
2.060148e+07	1	373638573	1.000002e+00	1254429415	
2.060697e+07	3	1089013536	2.432000e-08	552634658	445707895	1.400000e-08	
2.063726e+07	0	1572835533	1.672506e-06	229435916	
2.070468e+07	1	3150846686	2.331263e-06	2789301560	
2.079668e+07	3	229435916	1.480020e-08	3438744891	3750558344	1.400000e-08	
2.096323e+07	0	3150846686	2.331263e-06	3953247145	
2.098732e+07	0	4052933330	1.931445e-08	3325553423	
2.105868e+07	1	1465560917	7.667483e-07	1090143039	
2.108508e+07	1	373638573	1.000002e+00	102828162	
2.112681e+07	1	373638573	1.000002e+00	176241382	
2.114569e+07	1	1465560917	7.807483e-07	3715668764	
2.117664e+07	1	3534547045	1.018067e-06	1426981231	
2.123805e+07	0	3534547045	1.018067e-06	3673394291	
2.123971e+07	0	1128056158	1.410182e-08	2714424842	
2.130754e+07	0	3150846686	2.331263e-06	241690685	
2.132706e+07	1	373638573	1.000002e+00	2039170765	
2.133453e+07	1	373638573	1.000002e+00	933412597	
2.155755e+07	1	373638573	1.000002e+00	3232700421	
2.161689e+07	1	3150846686	2.345785e-06	253060996	
2.166264e+07	1	3373526895	9.001595e-07	2171266278	
2.191310e+07	1	373638573	1.000002e+00	3554620561	
2.192115e+07	3	3325553423	1.504291e-08	4106915849	2800683865	1.400000e-08	
2.200663e+07	1	1572835533	1.687268e-06	4081327903	
2.203424e+07	3	2316491956	1.473438e-08	552380491	480183180	1.400000e-08	
2.207684e+07	0	3150846686	2.345785e-06	722767024	
2.210312e+07	0	3373526895	9.001595e-07	3750558344	
2.212327e+07	1	373638573	1.000002e+00	2110688926	
2.213083e+07	1	3534547045	1.032067e-06	3673394291	
2.218695e+07	3	977281884	1.452145e-08	776688125	3892593010	1.400000e-08	
2.253743e+07	0	3578947201	1.452145e-08	2800683865	
2.263387e+07	1	1068020906	9.547327e-04	2800683865	
2.265223e+07	1	3534547045	1.046589e-06	4124564224	
2.272383e+07	0	3150846686	2.345785e-06	2604064924	
2.278489e+07	1	3150846686	2.360306e-06	2606270759	
2.282120e+07	1	1572835533	1.701268e-06	3700209637	
2.282932e+07	1	1572835533	2.482017e-06	1465560917	
2.283557e+07	3	2601128578	1.772836e-08	2231250662	776375684	1.569804e-08	
2.304642e+07	1	3150846686	2.374828e-06	3421068049	
2.314120e+07	1	3532745758	4.418294e-07	3750558344	
2.332469e+07	1	3373526895	9.149597e-07	229435916	
2.391991e+07	1	1572835533	2.496017e-06	486617589	
2.421642e+07	1	373638573	1.000002e+00	2748669076	
2.445598e+07	1	373638573	1.000002e+00	3940915008	
2.447374e+07	0	1572835533	2.496017e-06	1403954297	
2.464708e+07	1	3373526895	9.392797e-07	1089013536	
2.491434e+07	1	3150846686	2.388992e-06	722767024	
