1.591360e+02	1	2693713428	5.582000e-08	1444500749	
1.608153e+02	1	1738899943	5.582000e-08	486050091	
3.763373e+02	1	3373526895	3.070100e-07	3919821980	
5.361647e+02	1	1123501568	5.582000e-08	636961411	
5.543277e+02	1	3737780296	3.070100e-07	2298477853	
6.538637e+02	1	3150846686	3.070100e-07	2835620284	
8.099501e+02	1	4031050948	3.070100e-07	3838279446	
9.385316e+02	1	3732071459	5.582000e-08	314650893	
1.092406e+03	1	3534547045	3.070100e-07	780264402	
2.100464e+03	1	4031050948	3.349200e-07	199935986	
2.221341e+03	1	2451350669	5.582000e-08	3241671100	
2.317486e+03	1	1465560917	3.070100e-07	2870037616	
2.377736e+03	1	3534547045	3.349200e-07	1731090175	
3.789421e+03	1	2340740170	3.070100e-07	941534069	
3.886575e+03	1	4259593397	3.070100e-07	2919643181	
3.998642e+03	1	3004792470	3.070100e-07	739080713	
4.392523e+03	1	3114612365	5.582000e-08	2308721517	
5.464937e+03	0	1434498202	2.791000e-08	4122240121	
5.556315e+03	1	1222799196	3.070100e-07	3933289935	
5.810968e+03	0	1403705120	2.791000e-07	2729381062	
6.350011e+03	1	1986278615	5.582000e-08	3497999925	
6.838422e+03	1	2326007700	5.582000e-08	1239791232	
6.929947e+03	1	2340740170	3.349200e-07	2409063466	
7.139573e+03	1	2856850640	5.582000e-08	1434594601	
8.211855e+03	1	1222799196	3.349200e-07	3357643131	
8.423604e+03	1	3373526895	3.349200e-07	1631081845	
8.540119e+03	1	3908154577	5.582000e-08	1584276479	
9.016733e+03	0	3061883439	2.791000e-08	387772665	
9.339394e+03	1	2984600922	3.070100e-07	732124878	
9.399549e+03	1	1465560917	3.349200e-07	949068759	
9.873737e+03	1	1123501568	8.373000e-08	1493201942	
1.044203e+04	0	632754209	2.791000e-08	2455496064	
1.091436e+04	1	925199572	5.582000e-08	2393342300	
1.097404e+04	1	3736601249	5.582000e-08	290926289	
1.164272e+04	0	925199572	5.582000e-08	3889879026	
1.188450e+04	1	2519559028	3.070100e-07	4226750145	
1.224341e+04	1	3373526895	3.628300e-07	1134175585	
1.277239e+04	0	925199572	5.582000e-08	2349140130	
1.327515e+04	0	2455496064	2.791000e-08	3126241903	
1.332925e+04	1	2246051850	3.070100e-07	688805295	
1.363858e+04	1	3534547045	3.628300e-07	582973675	
1.395009e+04	1	3921011129	3.070100e-07	3621383820	
1.423519e+04	0	632754209	2.791000e-08	3938221642	
1.440881e+04	1	3534547045	3.907400e-07	3126241903	
1.507681e+04	0	2693713428	5.582000e-08	384163328	
1.510465e+04	1	3534547045	4.186500e-07	2349140130	
1.567160e+04	1	3841896594	5.582000e-08	2455496064	
1.587054e+04	1	4122240121	5.582000e-08	3775452048	
1.651590e+04	0	1494141940	2.791000e-08	858320168	
1.726890e+04	1	3737780296	3.349200e-07	1963165541	
1.748647e+04	0	2205180068	2.791000e-08	1037584679	
1.789062e+04	1	2246051850	3.349200e-07	211811971	
1.808257e+04	1	3428193420	5.582000e-08	4061687915	
2.028888e+04	1	3150846686	3.349200e-07	3084497907	
2.035087e+04	1	2246051850	3.628300e-07	2937387076	
2.066192e+04	1	2799798816	3.070100e-07	1458432161	
2.135507e+04	1	2340740170	3.628300e-07	40245973	
2.145983e+04	1	2799798816	3.349200e-07	1327969783	
2.203850e+04	1	3428193420	8.373000e-08	598947138	
2.293714e+04	1	1481166135	5.582000e-08	3071234124	
2.297074e+04	1	925199572	8.373000e-08	3749853089	
2.349013e+04	1	717226258	5.582000e-08	953296898	
2.374631e+04	0	405521437	2.791000e-08	1593891639	
2.493857e+04	1	3150420704	5.582000e-08	4263717482	
2.504169e+04	1	3921011129	3.349200e-07	858320168	
2.595602e+04	1	1465560917	3.628300e-07	1593891639	
2.688986e+04	0	3116505811	2.791000e-08	1494141940	
2.797359e+04	1	2246051850	3.907400e-07	6723929	
2.953163e+04	1	3908154577	8.373000e-08	331336395	
3.088498e+04	1	2956861855	5.582000e-08	3268335666	
3.103847e+04	1	2246051850	4.465600e-07	2693713428	
3.148765e+04	1	2246051850	4.744700e-07	1502094437	
3.224110e+04	1	179097684	3.070100e-07	1206764858	
3.227286e+04	1	3841896594	8.373000e-08	387772665	
3.396201e+04	1	3116505811	5.582000e-08	3421887303	
3.711200e+04	1	3373526895	3.907400e-07	3938221642	
3.739035e+04	1	1068020906	9.543279e-04	501991070	
3.865532e+04	3	2799798816	6.267098e-07	2984600922	3687573659	1.522022e-08	
3.923948e+04	1	3534547045	4.465600e-07	632754209	
4.564355e+04	1	3373526895	4.186500e-07	3800234335	
4.623604e+04	1	4031050948	3.628300e-07	2620740164	
4.724315e+04	0	3800257563	2.791000e-07	4274934102	
4.853049e+04	0	3373526895	4.186500e-07	1735432893	
4.877052e+04	0	1735432893	2.791000e-08	2038493855	
5.267185e+04	1	545239233	3.070100e-07	3707189490	
5.274911e+04	0	1738899943	5.582000e-08	1494141940	
5.689967e+04	0	2718413753	2.791000e-08	2932274237	
6.103151e+04	1	2235064901	3.070100e-07	4231632140	
6.293175e+04	0	2235064901	3.070100e-07	1379399837	
6.397723e+04	1	545239233	3.349200e-07	482917538	
6.467389e+04	0	2528553283	2.791000e-08	3424908067	
6.573728e+04	0	2038493855	2.791000e-08	3424908067	
6.678988e+04	0	3150846686	3.349200e-07	2125112500	
6.750033e+04	0	2235064901	3.070100e-07	287801793	
6.995934e+04	1	3534547045	4.744700e-07	1661091397	
7.016427e+04	0	2246051850	4.744700e-07	3498415124	
7.138835e+04	1	3326748277	5.582000e-08	2125112500	
7.258048e+04	0	1222799196	3.349200e-07	242414939	
7.810393e+04	0	3921011129	3.349200e-07	287801793	
8.000036e+04	1	102901530	5.582000e-08	1434498202	
8.047026e+04	1	1572835533	3.070100e-07	770580294	
8.071571e+04	1	1075699702	3.070100e-07	2487301543	
8.577528e+04	1	3534547045	5.023800e-07	1735432893	
8.587336e+04	0	2528553283	2.791000e-08	3747246174	
8.943300e+04	3	3841896594	8.373000e-08	1738899943	3196256300	1.400000e-08	848448836	2.091000e-08	2211003714	2.091000e-08	
8.949710e+04	0	3373526895	4.186500e-07	848448836	
9.228295e+04	1	3373526895	4.395600e-07	848448836	
9.589326e+04	0	2038493855	2.791000e-08	4252347608	
9.652847e+04	1	2235064901	3.628300e-07	3326748277	
9.805784e+04	3	2038493855	2.927030e-08	4252347608	2916276788	2.654970e-08	
9.953807e+04	0	2406269022	2.791000e-08	2916276788	
1.019951e+05	3	2528553283	3.881949e-08	2406269022	3696193412	1.700051e-08	
1.019955e+05	1	2528553283	5.582000e-08	3696193412	
1.040423e+05	1	2340740170	3.907400e-07	245436729	
1.050931e+05	1	476505668	3.070100e-07	3462747	
1.079063e+05	1	725558489	5.582000e-08	2779686750	
1.080866e+05	1	2340740170	4.186500e-07	1321648343	
1.082209e+05	0	2340740170	4.186500e-07	2932274237	
1.087698e+05	0	1379399837	2.791000e-08	2211003714	
1.118465e+05	0	1481166135	5.582000e-08	257754683	
1.161249e+05	1	2799798816	6.546198e-07	3988949870	
1.167261e+05	0	3889879026	2.791000e-08	3747246174	
1.184928e+05	0	2528553283	5.582000e-08	2916276788	
1.203338e+05	1	3373526895	4.674700e-07	3061883439	
1.259146e+05	1	3373526895	5.232900e-07	3150420704	
1.261787e+05	0	2799798816	6.546198e-07	4046076794	
1.293035e+05	1	3150846686	3.628300e-07	2178051842	
1.294811e+05	1	3921011129	3.628300e-07	1425083048	
1.307062e+05	3	1123501568	8.373000e-08	3114612365	15308464	1.400000e-08	1239307652	2.091000e-08	1945448119	2.091000e-08	
1.347903e+05	0	4259593397	3.070100e-07	392861532	
1.355089e+05	0	3841896594	8.373000e-08	287801793	
1.363369e+05	1	873214132	5.582000e-08	2542835646	
1.375308e+05	1	1068020906	9.543558e-04	2768642543	
1.459817e+05	1	2204676502	2.857279e-04	865537991	
1.512155e+05	0	3116505811	5.582000e-08	3232700421	
1.514037e+05	1	2799798816	6.825298e-07	4046076794	
1.515862e+05	3	2528553283	3.812752e-08	3889879026	3396227953	1.520083e-08	3321237907	1.520083e-08	3187199216	1.520083e-08	
1.533896e+05	3	2235064901	3.628300e-07	3921011129	3330100144	2.000867e-07	310481256	1.479484e-08	817087088	1.479484e-08	551137729	1.479484e-08	1218250404	1.479484e-08	1035956119	1.479484e-08	1211996162	1.479484e-08	188552836	1.479484e-08	2029773149	1.479484e-08	302486611	1.479484e-08	1842102965	1.479484e-08	1285693762	1.479484e-08	
1.533897e+05	1	3330100144	2.148816e-07	1285693762	
1.533897e+05	1	3330100144	2.296764e-07	310481256	
1.537765e+05	1	2528553283	5.332834e-08	3187199216	
1.540068e+05	1	2235064901	3.776248e-07	2029773149	
1.575014e+05	1	3534547045	5.302900e-07	870323177	
1.613126e+05	3	2235064901	3.776248e-07	3150846686	1078741991	1.436654e-07	2723643411	1.461097e-08	1804212609	1.461097e-08	438292632	1.461097e-08	2001290253	1.461097e-08	3147695692	1.461097e-08	3179285865	1.461097e-08	2173231515	1.461097e-08	740082705	1.461097e-08	2795063678	1.461097e-08	3642829293	1.461097e-08	2707128518	1.461097e-08	474866315	1.461097e-08	1639799867	1.461097e-08	1026028388	1.461097e-08	1128056158	1.461097e-08	
1.613126e+05	1	1078741991	1.582764e-07	2723643411	
1.613126e+05	1	1078741991	1.728874e-07	1128056158	
1.623889e+05	0	1218250404	1.479484e-08	3147695692	
1.650303e+05	0	817087088	1.479484e-08	1804212609	
1.663349e+05	0	90391199	2.791000e-08	392861532	
1.663560e+05	1	1078741991	1.874983e-07	1804212609	
1.692637e+05	1	3498415124	4.882000e-08	2211003714	
1.699592e+05	0	4028593304	2.791000e-08	2911053862	
1.721276e+05	1	3330100144	2.444713e-07	1842102965	
1.729328e+05	0	2528553283	5.332834e-08	3321237907	
1.755820e+05	1	2326007700	8.373000e-08	728028737	
1.761275e+05	1	1465560917	3.907400e-07	2932274237	
1.762645e+05	1	3747246174	4.311083e-08	3396227953	
1.763999e+05	3	2235064901	3.776248e-07	1078741991	2909632847	6.924771e-08	937177227	1.478133e-08	3393811039	1.478133e-08	611212867	1.478133e-08	1104410542	1.478133e-08	2328232000	1.478133e-08	2999719241	1.478133e-08	1931993247	1.478133e-08	1494850122	1.478133e-08	
1.764452e+05	3	3424908067	4.008008e-08	2916276788	3414514926	1.437962e-08	
1.783092e+05	0	3424908067	4.008008e-08	3414514926	
1.787730e+05	3	1123501568	8.635954e-08	717226258	2312786130	1.773015e-08	3537925318	1.773015e-08	1634407402	1.773015e-08	
1.790657e+05	0	3121047530	2.791000e-08	2707128518	
1.801708e+05	1	3330100144	2.590822e-07	1026028388	
1.803362e+05	0	1931993247	1.478133e-08	2001290253	
1.813814e+05	0	1634407402	1.773015e-08	2312786130	
1.818461e+05	1	2246051850	7.814800e-07	1572835533	
1.829372e+05	0	2235064901	3.776248e-07	3393811039	
1.843979e+05	1	2235064901	4.055348e-07	287801793	
1.852662e+05	0	3330100144	2.590822e-07	937177227	
1.894861e+05	0	3116505811	5.582000e-08	611212867	
1.898080e+05	1	545239233	3.628300e-07	2859795595	
1.899017e+05	3	3373526895	5.232900e-07	3841896594	3869596591	1.400000e-08	3375523036	1.743250e-08	772925454	1.743250e-08	2215785330	1.743250e-08	3491092596	1.743250e-08	
1.900933e+05	1	3373526895	5.372900e-07	3869596591	
1.921853e+05	0	1986278615	5.582000e-08	257754683	
1.924129e+05	0	2909632847	6.924771e-08	2328232000	
1.942043e+05	0	3908154577	8.373000e-08	3121047530	
1.947648e+05	1	2235064901	6.646171e-07	3330100144	
2.005257e+05	1	545239233	3.774410e-07	740082705	
2.013979e+05	1	1068020906	9.543837e-04	828787466	
2.073864e+05	0	1379399837	2.791000e-08	1211996162	
2.157177e+05	1	2235064901	6.792280e-07	3642829293	
2.177686e+05	3	2681375347	2.550777e-08	300193622	57770090	1.515611e-08	3071577057	1.515611e-08	
2.183396e+05	1	725558489	1.046400e-07	3498415124	
2.200883e+05	1	3373526895	5.652000e-07	1494141940	
2.218061e+05	1	725558489	1.194213e-07	937177227	
2.227706e+05	1	725558489	1.342162e-07	1218250404	
2.234959e+05	1	3424908067	5.445970e-08	3414514926	
2.245479e+05	3	2528553283	5.332834e-08	3747246174	1452489764	1.400000e-08	4260098875	1.455541e-08	3696843781	1.455541e-08	
2.246259e+05	3	545239233	3.774410e-07	725558489	2138100036	1.400000e-08	1726701215	1.502702e-08	1412415798	1.502702e-08	375852842	1.502702e-08	3593732192	1.502702e-08	3888264012	1.502702e-08	313359544	1.502702e-08	217284033	1.502702e-08	2151269300	1.502702e-08	
2.263360e+05	1	1211996162	2.940581e-08	474866315	
2.269458e+05	1	545239233	3.924680e-07	217284033	
2.273462e+05	1	545239233	4.064680e-07	2138100036	
2.275373e+05	1	2235064901	6.940094e-07	1494850122	
2.298852e+05	0	3534547045	5.302900e-07	1379399837	
2.324965e+05	1	545239233	4.214950e-07	1412415798	
2.337082e+05	0	545239233	4.214950e-07	1035956119	
2.343283e+05	0	1931993247	1.478133e-08	2795063678	
2.398180e+05	0	2235064901	6.940094e-07	2328232000	
2.408378e+05	0	2235064901	6.940094e-07	2999719241	
2.433149e+05	1	2799798816	7.104398e-07	1458665800	
2.452373e+05	1	2046083849	5.582000e-08	741863299	
2.470063e+05	0	2528553283	5.332834e-08	4260098875	
2.484975e+05	0	2038493855	2.927030e-08	1452489764	
2.524872e+05	0	3116505811	5.582000e-08	3257166052	
2.527821e+05	1	2235064901	7.219194e-07	3257166052	
2.542657e+05	0	3232700421	2.791000e-08	1726701215	
2.554068e+05	0	2038493855	2.927030e-08	1452489764	
2.608175e+05	1	2235064901	7.369464e-07	3593732192	
2.626470e+05	1	545239233	4.361060e-07	2795063678	
2.665582e+05	3	2205180068	4.166615e-08	1037584679	3913511150	1.415385e-08	
2.731963e+05	1	3534547045	5.582000e-07	3121047530	
2.736255e+05	0	313359544	1.502702e-08	2328232000	
2.777993e+05	0	3116505811	5.582000e-08	3196256300	
2.821089e+05	0	3108364485	2.791000e-08	3037779432	
2.838471e+05	1	2235064901	7.519734e-07	2151269300	
2.873110e+05	0	1211996162	2.940581e-08	778035964	
2.878043e+05	1	2235064901	7.665844e-07	2001290253	
2.880879e+05	1	1465560917	4.186500e-07	905418128	
2.900044e+05	0	2235064901	7.665844e-07	1104410542	
2.950517e+05	0	2235064901	7.665844e-07	2173231515	
2.998389e+05	1	2235064901	7.813657e-07	1104410542	
3.025861e+05	3	4259593397	3.070100e-07	873214132	2962530363	1.400000e-08	2063946235	2.091000e-08	1172086036	2.091000e-08	
3.082174e+05	1	545239233	4.511330e-07	1726701215	
3.107752e+05	0	3491092596	1.743250e-08	188552836	
3.180715e+05	0	817087088	1.479484e-08	3179285865	
3.270810e+05	0	2235064901	7.813657e-07	3196256300	
3.301500e+05	0	2328232000	1.478133e-08	3393811039	
3.364850e+05	1	545239233	4.790430e-07	3616865126	
3.365351e+05	3	862710978	1.400000e-08	3321237907	690117576	1.455541e-08	3288380490	1.455541e-08	
3.416489e+05	0	2250879299	2.791000e-08	2063946235	
3.456208e+05	3	1481166135	5.582000e-08	3116505811	845665321	1.400000e-08	3122982648	2.091000e-08	1471982444	2.091000e-08	
3.523333e+05	0	3491092596	1.743250e-08	611212867	
3.613926e+05	1	545239233	4.938243e-07	2328232000	
3.651372e+05	3	2528553283	4.454379e-08	3288380490	3303338876	2.333997e-08	
3.684945e+05	1	2246051850	8.678395e-07	1123501568	
3.697029e+05	0	1481166135	5.582000e-08	1639799867	
3.709248e+05	1	2799798816	7.383498e-07	3774459889	
3.725548e+05	1	2246051850	8.957495e-07	259930472	
3.774484e+05	1	2340740170	4.465600e-07	778035964	
3.796794e+05	3	2408568032	3.753500e-08	561528368	2875471576	1.828500e-08	
3.854241e+05	0	302486611	1.479484e-08	3179285865	
3.862023e+05	1	1465560917	4.465600e-07	2250879299	
3.884590e+05	0	2519559028	3.070100e-07	1503861029	
3.950618e+05	0	4259593397	3.070100e-07	1503861029	
3.985456e+05	1	545239233	5.147343e-07	3122982648	
4.009665e+05	1	1222799196	3.628300e-07	3953846011	
4.010758e+05	1	4122240121	8.373000e-08	1347872676	
4.083529e+05	1	197654791	4.564015e-08	2312786130	
4.206496e+05	3	925199572	8.373000e-08	2528553283	1738909006	1.400000e-08	356405251	1.527190e-08	2879167783	1.527190e-08	
4.207215e+05	1	925199572	9.900190e-08	2879167783	
4.210485e+05	1	925199572	1.142738e-07	356405251	
4.222360e+05	1	925199572	1.282738e-07	1738909006	
4.224842e+05	0	1503861029	2.791000e-08	1471982444	
4.309759e+05	0	925199572	1.282738e-07	1379399837	
4.310234e+05	0	3424908067	5.445970e-08	3303338876	
4.349220e+05	1	1465560917	4.744700e-07	810769555	
4.352607e+05	0	3534547045	5.582000e-07	3196256300	
4.359965e+05	1	2235064901	7.987982e-07	772925454	
4.418468e+05	1	2235064901	8.267082e-07	3232700421	
4.478514e+05	3	690117576	1.511083e-08	4260098875	3083352544	1.400000e-08	
4.479726e+05	3	3375523036	1.822734e-08	302486611	4198169764	1.400000e-08	
4.546277e+05	3	2235064901	8.267082e-07	3908154577	821115011	1.400000e-08	2118016430	1.743250e-08	1945735688	1.743250e-08	4093093422	1.743250e-08	2842015324	1.743250e-08	
4.546684e+05	1	2235064901	8.441407e-07	4093093422	
4.555141e+05	0	1211996162	2.940581e-08	3888264012	
4.589466e+05	1	3424908067	6.845970e-08	3083352544	
4.675385e+05	0	925199572	1.282738e-07	690117576	
4.762972e+05	1	3534547045	5.764273e-07	3375523036	
4.822097e+05	0	3491092596	1.743250e-08	690117576	
4.863631e+05	1	2235064901	8.581407e-07	821115011	
4.895634e+05	1	2235064901	8.729356e-07	1035956119	
4.896266e+05	0	3534547045	5.764273e-07	4198169764	
4.911196e+05	0	2799798816	7.383498e-07	3197676583	
4.971960e+05	0	3424908067	6.845970e-08	3491092596	
4.977840e+05	3	3424908067	4.055464e-08	3491092596	1249238030	1.511252e-08	3214077756	1.511252e-08	879162223	1.511252e-08	
5.040685e+05	1	545239233	5.295157e-07	3393811039	
5.058304e+05	1	2999719241	2.939230e-08	2707128518	
5.097939e+05	0	2340740170	4.465600e-07	2173231515	
5.139849e+05	3	3303338876	2.333997e-08	3196256300	3884425642	1.400000e-08	
5.191531e+05	0	2235064901	8.729356e-07	2173231515	
5.227492e+05	0	3373526895	5.652000e-07	3884425642	
5.234516e+05	3	1503861029	1.400000e-08	1945448119	1149406307	1.741000e-08	3528332227	1.741000e-08	
5.240576e+05	0	3214077756	1.511252e-08	1249238030	
5.363910e+05	1	3373526895	5.826325e-07	2215785330	
5.383023e+05	1	3373526895	6.059725e-07	3303338876	
5.392873e+05	0	2235064901	8.729356e-07	2173231515	
5.399981e+05	1	3424908067	5.566716e-08	879162223	
5.472732e+05	0	3214077756	1.511252e-08	1249238030	
5.530151e+05	0	3424908067	5.566716e-08	1249238030	
5.639387e+05	0	197654791	4.564015e-08	333964007	
5.641261e+05	1	1465560917	4.896902e-07	3687573659	
5.647985e+05	0	3704423751	2.791000e-08	3020817656	
5.650855e+05	3	2118016430	1.822734e-08	188552836	4004407106	1.400000e-08	
5.661945e+05	0	384163328	2.791000e-08	1149406307	
5.662778e+05	1	2340740170	4.616708e-07	690117576	
5.938222e+05	3	1379399837	2.791000e-08	4004407106	451270221	1.400000e-08	
6.020479e+05	3	925199572	1.425323e-07	3424908067	3149440925	2.070434e-08	2250775120	2.070434e-08	
6.070106e+05	3	2909632847	1.400000e-08	2870158420	1130108289	1.663154e-08	2177968201	1.663154e-08	2914302410	1.663154e-08	3655816389	1.663154e-08	3485819286	1.663154e-08	
6.099810e+05	3	265770918	1.400000e-08	817087088	1382686479	1.435242e-08	1803925302	1.435242e-08	
6.110790e+05	0	3373526895	6.059725e-07	451270221	
6.119799e+05	1	925199572	1.632366e-07	2250775120	
6.136391e+05	1	1075699702	3.349200e-07	1541946641	
6.157353e+05	1	2235064901	8.895671e-07	3485819286	
6.189968e+05	3	3704423751	2.192148e-08	3020817656	3293059020	1.694926e-08	378125977	1.694926e-08	
6.205821e+05	0	3704423751	2.192148e-08	378125977	
6.208826e+05	1	545239233	5.435157e-07	265770918	
6.233905e+05	1	2235064901	9.045941e-07	375852842	
6.277508e+05	0	378125977	1.694926e-08	3293059020	
6.314499e+05	1	3704423751	3.887074e-08	378125977	
6.320943e+05	0	2038493855	2.927030e-08	3149440925	
6.337542e+05	1	1068020906	9.544116e-04	1586980658	
6.356980e+05	0	545239233	5.435157e-07	2737363250	
6.361490e+05	1	3373526895	6.203249e-07	1382686479	
6.369342e+05	1	2235064901	9.212257e-07	3655816389	
6.378963e+05	0	545239233	5.435157e-07	2177968201	
6.411370e+05	0	2205180068	4.166615e-08	2063946235	
6.577639e+05	1	2235064901	9.358366e-07	2173231515	
6.667253e+05	1	3534547045	5.904273e-07	3884425642	
6.672206e+05	0	3534547045	5.904273e-07	451270221	
6.799009e+05	0	426576124	2.791000e-07	1035492323	
6.813576e+05	1	2799798816	7.662598e-07	790319072	
6.820583e+05	0	3534547045	5.904273e-07	3214077756	
6.840705e+05	0	2246051850	8.957495e-07	3555679070	
6.845502e+05	1	179097684	3.210100e-07	1452489764	
6.881607e+05	0	2875471576	1.828500e-08	1803925302	
6.884021e+05	0	2235064901	9.358366e-07	611212867	
6.900393e+05	0	2205180068	4.166615e-08	1516068388	
6.998334e+05	0	1379399837	2.791000e-08	2842015324	
7.001412e+05	0	2799798816	7.662598e-07	3129006749	
7.006107e+05	0	1465560917	4.896902e-07	333964007	
7.022430e+05	0	2235064901	9.358366e-07	438292632	
7.030483e+05	3	3891448235	1.400000e-08	3147695692	2159618959	1.426049e-08	2441325815	1.426049e-08	
7.114189e+05	1	2246051850	9.236595e-07	511603307	
7.194541e+05	3	3214077756	1.546494e-08	1803925302	3401497744	1.400000e-08	
7.224239e+05	0	3214077756	1.546494e-08	3401497744	
7.249545e+05	3	3373526895	6.203249e-07	3534547045	4069401935	5.398449e-08	134948105	1.411692e-08	1998372786	1.411692e-08	2455922112	1.411692e-08	3059103076	1.411692e-08	432337108	1.411692e-08	1902671923	1.411692e-08	4209590891	1.411692e-08	77395223	1.411692e-08	3592986772	1.411692e-08	1246511018	1.411692e-08	3986570268	1.411692e-08	174500547	1.411692e-08	4083845756	1.411692e-08	110358663	1.411692e-08	1370908750	1.411692e-08	1837234470	1.411692e-08	2945849429	1.411692e-08	66296937	1.411692e-08	976558236	1.411692e-08	2438291630	1.411692e-08	906368509	1.411692e-08	3783228500	1.411692e-08	2858952728	1.411692e-08	395113485	1.411692e-08	4019363830	1.411692e-08	3016084464	1.411692e-08	921818415	1.411692e-08	2892683898	1.411692e-08	3697249003	1.411692e-08	3983774618	1.411692e-08	4187488967	1.411692e-08	898751805	1.411692e-08	3632514288	1.411692e-08	410848061	1.411692e-08	2791633391	1.411692e-08	630280293	1.411692e-08	4212779140	1.411692e-08	3459374364	1.411692e-08	
7.249545e+05	1	4069401935	6.810141e-08	134948105	
7.249545e+05	1	4069401935	8.221832e-08	3459374364	
7.249761e+05	1	3373526895	6.344418e-07	174500547	
7.254529e+05	0	4069401935	8.221832e-08	2892683898	
7.256518e+05	0	395113485	1.411692e-08	976558236	
7.261064e+05	1	3373526895	6.485587e-07	1246511018	
7.261149e+05	0	4187488967	1.411692e-08	976558236	
7.261320e+05	1	3373526895	6.626756e-07	77395223	
7.272887e+05	1	438292632	2.872789e-08	110358663	
7.275532e+05	0	2858952728	1.411692e-08	3783228500	
7.289400e+05	0	4212779140	1.411692e-08	2945849429	
7.301888e+05	0	4069401935	8.221832e-08	2858952728	
7.304529e+05	0	4069401935	8.221832e-08	898751805	
7.318842e+05	0	4187488967	1.411692e-08	2945849429	
7.321993e+05	1	3373526895	6.767926e-07	4187488967	
7.327151e+05	0	3704423751	3.887074e-08	3149440925	
7.327468e+05	0	3704423751	3.887074e-08	3149440925	
7.330455e+05	1	4069401935	9.633524e-08	4019363830	
7.335529e+05	1	3373526895	6.909095e-07	4212779140	
7.346296e+05	0	630280293	1.411692e-08	4209590891	
7.362213e+05	1	2799798816	1.101180e-06	1075699702	
7.367673e+05	0	3986570268	1.411692e-08	1998372786	
7.371773e+05	1	3373526895	7.050264e-07	432337108	
7.380059e+05	0	3016084464	1.411692e-08	395113485	
7.420230e+05	0	545239233	5.435157e-07	1639799867	
7.428952e+05	1	4069401935	1.250631e-07	438292632	
7.429862e+05	1	3373526895	7.191433e-07	3697249003	
7.435921e+05	1	3823443426	5.582000e-08	405521437	
7.439747e+05	0	545239233	5.435157e-07	3537925318	
7.440948e+05	1	1465560917	5.313564e-07	2205180068	
7.457213e+05	1	3373526895	7.332602e-07	921818415	
7.470849e+05	0	3983774618	1.411692e-08	906368509	
7.471240e+05	0	3632514288	1.411692e-08	898751805	
7.494009e+05	1	3214077756	2.946494e-08	3401497744	
7.505000e+05	1	3373526895	7.473771e-07	2791633391	
7.535660e+05	1	3373526895	7.614941e-07	1998372786	
7.543508e+05	0	4083845756	1.411692e-08	3059103076	
7.565514e+05	1	2858952728	2.823383e-08	906368509	
7.569870e+05	3	1465560917	5.313564e-07	4122240121	2125331604	1.400000e-08	3113062634	1.743250e-08	847040419	1.743250e-08	4240624600	1.743250e-08	1565786989	1.743250e-08	
7.570543e+05	0	3373526895	7.614941e-07	2438291630	
7.576349e+05	0	630280293	1.411692e-08	4209590891	
7.587188e+05	1	3373526895	7.756110e-07	2455922112	
7.595587e+05	0	2038493855	2.927030e-08	395113485	
7.618093e+05	0	4069401935	1.250631e-07	3783228500	
7.625269e+05	1	2438291630	2.823383e-08	3592986772	
7.635782e+05	0	3373526895	7.756110e-07	2945849429	
7.637432e+05	0	2858952728	2.823383e-08	1837234470	
7.646925e+05	1	3373526895	7.897279e-07	4083845756	
7.662461e+05	1	2737363250	4.191000e-08	1503861029	
7.695972e+05	1	2246051850	9.376595e-07	2125331604	
7.704180e+05	1	3373526895	9.147910e-07	4069401935	
7.753891e+05	0	3696843781	1.455541e-08	862710978	
7.774985e+05	1	3373526895	9.289079e-07	2945849429	
7.787879e+05	3	3149440925	2.082126e-08	395113485	2286860921	1.400000e-08	
7.790322e+05	0	3149440925	2.082126e-08	2286860921	
7.808080e+05	1	3149440925	3.482126e-08	2286860921	
7.842551e+05	0	2466232951	2.791000e-08	1565786989	
7.860317e+05	1	611212867	2.889825e-08	66296937	
7.962884e+05	1	3373526895	9.430249e-07	1370908750	
7.975367e+05	0	2038493855	2.927030e-08	1837234470	
7.982960e+05	1	1465560917	5.688914e-07	2408568032	
8.027785e+05	1	3373526895	9.571418e-07	976558236	
8.063541e+05	1	3373526895	9.853756e-07	2438291630	
8.064374e+05	0	2999719241	2.939230e-08	1239307652	
8.090739e+05	1	2246051850	9.655695e-07	3555679070	
8.128681e+05	1	1068020906	9.544396e-04	2190522392	
8.140877e+05	0	611212867	2.889825e-08	1379399837	
8.142527e+05	1	2235064901	9.647349e-07	611212867	
8.144245e+05	1	3373526895	9.994925e-07	1837234470	
8.168676e+05	0	3986570268	1.411692e-08	3059103076	
8.168888e+05	3	3016084464	1.423383e-08	3783228500	3707879645	1.400000e-08	
8.197053e+05	0	3113062634	1.743250e-08	3891448235	
8.206325e+05	0	2999719241	2.939230e-08	2909632847	
8.216884e+05	1	3373526895	1.016124e-06	2177968201	
8.224239e+05	3	2118016430	1.834426e-08	898751805	2746930994	1.400000e-08	
8.227440e+05	1	3373526895	1.030241e-06	3059103076	
8.239883e+05	3	179097684	3.318235e-07	3214077756	4075596975	1.865144e-08	
8.257588e+05	3	242414939	2.518339e-08	384163328	4283280385	1.531831e-08	538453177	1.531831e-08	
8.263410e+05	0	2519559028	3.070100e-07	251961497	
8.272771e+05	1	179097684	3.504749e-07	4075596975	
8.289058e+05	0	2235064901	9.647349e-07	3016084464	
8.319854e+05	0	3519923770	2.791000e-08	1878784256	
8.321088e+05	0	3704423751	3.887074e-08	3293059020	
8.399996e+05	0	545239233	5.435157e-07	1239307652	
8.473583e+05	1	545239233	5.601472e-07	1130108289	
8.490880e+05	0	3149440925	3.482126e-08	1249238030	
8.550904e+05	3	179097684	3.504749e-07	3149440925	3121292019	1.400000e-08	3349724438	2.082126e-08	
8.561122e+05	1	179097684	3.644749e-07	3121292019	
8.564530e+05	3	3373526895	1.032855e-06	1156624510	4253718737	2.529556e-08	
8.623089e+05	1	179097684	3.852962e-07	3349724438	
8.636708e+05	0	3373526895	1.032855e-06	630280293	
8.686593e+05	0	2246051850	9.655695e-07	343742982	
8.741384e+05	1	3373526895	1.046855e-06	4198169764	
8.753799e+05	3	2842015324	1.743250e-08	2746930994	3297362622	1.400000e-08	
8.794541e+05	3	1211996162	1.400000e-08	1149406307	1751902433	1.640791e-08	2878871175	1.640791e-08	
8.813017e+05	3	545239233	5.601472e-07	2999719241	3083717413	1.400000e-08	220564665	1.539230e-08	
8.873756e+05	3	2340740170	4.616708e-07	3800257563	3653734512	1.400000e-08	3815024321	1.472778e-08	1428265047	1.472778e-08	3604532305	1.472778e-08	1869365069	1.472778e-08	965372172	1.472778e-08	607396504	1.472778e-08	2533881277	1.472778e-08	472358284	1.472778e-08	1950077488	1.472778e-08	1820499179	1.472778e-08	4055959668	1.472778e-08	528880979	1.472778e-08	3778036871	1.472778e-08	1405660995	1.472778e-08	3662110242	1.472778e-08	2247026945	1.472778e-08	4032129539	1.472778e-08	4035587434	1.472778e-08	
8.887129e+05	1	1751902433	3.040791e-08	1211996162	
8.894137e+05	0	472358284	1.472778e-08	3604532305	
8.905830e+05	1	2340740170	4.763986e-07	4055959668	
8.908884e+05	1	1222799196	3.907400e-07	1516068388	
8.936055e+05	3	545239233	5.601472e-07	2451350669	3111692719	1.400000e-08	1398579088	2.091000e-08	2501379955	2.091000e-08	
8.938002e+05	1	545239233	5.810572e-07	1398579088	
9.005887e+05	3	343742982	1.400000e-08	3537925318	3332562587	1.582008e-08	3562383954	1.582008e-08	
9.028101e+05	1	3373526895	1.060972e-06	1902671923	
9.035769e+05	1	373638573	1.000000e+00	1019134040	
9.050032e+05	0	3732071459	5.582000e-08	3562383954	
9.057319e+05	0	1986278615	5.582000e-08	847040419	
9.065307e+05	0	545239233	5.810572e-07	3111692719	
9.120335e+05	0	2858952728	2.823383e-08	410848061	
9.130102e+05	0	3373526895	1.060972e-06	410848061	
9.202929e+05	0	3983774618	1.411692e-08	4209590891	
9.278319e+05	1	3373526895	1.075089e-06	3986570268	
9.296387e+05	3	1465560917	9.282254e-07	1222799196	2521380987	1.570299e-08	4119421155	1.570299e-08	
9.312243e+05	3	1593850299	2.554808e-08	2521380987	1913762779	1.806491e-08	
9.314975e+05	0	2118016430	1.834426e-08	3016084464	
9.364540e+05	3	3129006749	2.758654e-08	3604532305	3678948817	1.505124e-08	
9.413251e+05	0	3983774618	1.411692e-08	862710978	
9.470106e+05	0	545239233	5.810572e-07	2501379955	
9.487935e+05	1	2799798816	1.115908e-06	528880979	
9.576632e+05	3	545239233	5.810572e-07	197654791	2489195127	1.400000e-08	3929228125	1.582008e-08	3160344427	1.582008e-08	
9.603262e+05	0	630280293	1.411692e-08	3707879645	
9.635903e+05	0	3704423751	3.887074e-08	3293059020	
9.660053e+05	1	2340740170	4.911264e-07	1869365069	
9.666433e+05	1	3373526895	1.089206e-06	630280293	
9.673972e+05	0	925199572	1.632366e-07	3293059020	
9.675446e+05	0	2246051850	9.655695e-07	2718413753	
9.686416e+05	1	3373526895	1.118476e-06	2038493855	
9.704496e+05	1	2235064901	9.787349e-07	3707879645	
9.738724e+05	1	3373526895	1.133589e-06	1249238030	
9.779846e+05	0	2956861855	5.582000e-08	3490627259	
9.900686e+05	0	3160344427	1.582008e-08	845665321	
9.934520e+05	0	1471982444	2.091000e-08	4119421155	
9.939693e+05	3	3696843781	1.455541e-08	862710978	3182159117	1.400000e-08	
1.000978e+06	1	545239233	5.974651e-07	2878871175	
1.011876e+06	1	3696843781	2.855541e-08	3182159117	
1.013153e+06	1	2340740170	5.190364e-07	1651612823	
1.030954e+06	0	1565786989	1.743250e-08	538453177	
1.033600e+06	0	3428193420	8.373000e-08	1471982444	
1.040626e+06	0	1913762779	1.806491e-08	607396504	
1.040992e+06	1	2235064901	9.945550e-07	3160344427	
1.046696e+06	3	164438789	1.400000e-08	3332562587	766581564	1.486504e-08	3702894340	1.486504e-08	
1.048086e+06	0	2118016430	1.834426e-08	2892683898	
1.051441e+06	3	1405660995	1.496586e-08	3778036871	3532745758	1.448970e-08	
1.054293e+06	3	2246051850	9.655695e-07	4259593397	1072840122	1.400000e-08	3294683754	1.465050e-08	1676003954	1.465050e-08	4285585893	1.465050e-08	2674988631	1.465050e-08	406745133	1.465050e-08	2883513480	1.465050e-08	783121895	1.465050e-08	2683944377	1.465050e-08	2961226102	1.465050e-08	301219709	1.465050e-08	1743198400	1.465050e-08	3059144981	1.465050e-08	3952655669	1.465050e-08	2848685905	1.465050e-08	1826422368	1.465050e-08	896813269	1.465050e-08	37051273	1.465050e-08	1867247157	1.465050e-08	3633199892	1.465050e-08	1736323711	1.465050e-08	
1.054690e+06	1	2246051850	9.802200e-07	2683944377	
1.065898e+06	1	2246051850	9.948705e-07	3059144981	
1.066532e+06	1	1465560917	9.428759e-07	1736323711	
1.068721e+06	0	925199572	1.632366e-07	315200650	
1.069576e+06	1	4031050948	4.186500e-07	2956861855	
1.072088e+06	1	3373526895	1.147706e-06	3983774618	
1.074022e+06	0	3373526895	1.147706e-06	551137729	
1.074858e+06	1	1465560917	9.575264e-07	1826422368	
1.075611e+06	1	2204676502	2.857558e-04	326805806	
1.077843e+06	0	2480932170	2.791000e-08	1913762779	
1.079508e+06	0	1465560917	9.575264e-07	333964007	
1.081467e+06	0	3373526895	1.147706e-06	410848061	
1.087254e+06	1	3373526895	1.161940e-06	3016084464	
1.088522e+06	0	2856850640	5.582000e-08	3176785673	
1.090139e+06	3	179097684	3.852962e-07	925199572	283080478	1.400000e-08	785216844	1.492366e-08	3006103420	1.492366e-08	2898323513	1.492366e-08	1199222225	1.492366e-08	3755198008	1.492366e-08	2795041644	1.492366e-08	3492274228	1.492366e-08	1420914473	1.492366e-08	439844059	1.492366e-08	3802520055	1.492366e-08	
1.090166e+06	0	179097684	3.852962e-07	283080478	
1.090170e+06	1	179097684	4.002199e-07	785216844	
1.090287e+06	1	179097684	4.151435e-07	3755198008	
1.090346e+06	1	1420914473	2.984732e-08	3006103420	
1.090437e+06	1	179097684	4.300672e-07	3802520055	
1.090761e+06	0	3492274228	1.492366e-08	283080478	
1.092034e+06	3	3704423751	3.779103e-08	3293059020	3012889883	1.802897e-08	
1.093534e+06	0	2235064901	9.945550e-07	220564665	
1.096126e+06	1	179097684	4.449908e-07	2898323513	
1.098587e+06	0	3704423751	3.779103e-08	3012889883	
1.099173e+06	3	179097684	4.449908e-07	3696843781	3363823620	1.400000e-08	1086559163	1.455541e-08	
1.099228e+06	1	179097684	4.589908e-07	3363823620	
1.099720e+06	0	1199222225	1.492366e-08	1086559163	
1.101444e+06	1	2246051850	1.952397e-06	1465560917	
1.102738e+06	1	179097684	4.735463e-07	1086559163	
1.104149e+06	1	1420914473	4.477098e-08	2795041644	
1.107269e+06	1	2235064901	1.008555e-06	2489195127	
1.108492e+06	1	2246051850	1.967047e-06	406745133	
1.109590e+06	0	2737363250	4.191000e-08	220564665	
1.110429e+06	1	3373526895	1.176057e-06	4209590891	
1.114294e+06	1	179097684	4.875463e-07	283080478	
1.114906e+06	3	179097684	4.875463e-07	1420914473	3063534263	1.400000e-08	2013640095	1.538549e-08	1461359102	1.538549e-08	
1.114921e+06	1	179097684	5.029317e-07	1461359102	
1.115121e+06	1	179097684	5.178554e-07	1199222225	
1.115155e+06	1	179097684	5.318554e-07	3063534263	
1.125304e+06	1	179097684	5.472409e-07	2013640095	
1.127456e+06	0	2961226102	1.465050e-08	1072840122	
1.134077e+06	0	1867247157	1.465050e-08	164438789	
1.145805e+06	0	538453177	1.531831e-08	3111692719	
1.145935e+06	0	3373526895	1.176057e-06	551137729	
1.150087e+06	1	2235064901	1.022672e-06	410848061	
1.150360e+06	0	439844059	1.492366e-08	3492274228	
1.150964e+06	3	2519559028	3.070100e-07	2856850640	2027098952	1.400000e-08	4167430602	2.091000e-08	4096225443	2.091000e-08	
1.158610e+06	3	2340740170	5.190364e-07	2519559028	781549661	1.400000e-08	907719639	1.465050e-08	1906851972	1.465050e-08	2597880038	1.465050e-08	1896745001	1.465050e-08	2378434411	1.465050e-08	1837088337	1.465050e-08	1543523724	1.465050e-08	1761715697	1.465050e-08	3099973400	1.465050e-08	2789348510	1.465050e-08	1371202285	1.465050e-08	629078091	1.465050e-08	754560055	1.465050e-08	1737134642	1.465050e-08	37613351	1.465050e-08	3434666020	1.465050e-08	2369258877	1.465050e-08	3563522875	1.465050e-08	249728555	1.465050e-08	4285226245	1.465050e-08	
1.160246e+06	1	3373526895	1.190852e-06	551137729	
1.160434e+06	1	179097684	5.621646e-07	439844059	
1.160644e+06	0	2533881277	1.472778e-08	1867247157	
1.163434e+06	0	2235064901	1.022672e-06	4253718737	
1.165987e+06	0	2892683898	1.411692e-08	451270221	
1.167525e+06	0	1481166135	5.582000e-08	2914302410	
1.174503e+06	1	3704423751	5.582000e-08	3012889883	
1.174543e+06	1	2799798816	1.130558e-06	2369258877	
1.177433e+06	0	4031050948	4.186500e-07	2074240873	
1.177941e+06	0	2246051850	1.967047e-06	1896745001	
1.185867e+06	1	373638573	1.000000e+00	3428193420	
1.189441e+06	1	2246051850	1.981698e-06	37051273	
1.189683e+06	3	1239307652	1.951771e-08	4119421155	2707460946	1.709529e-08	
1.190009e+06	1	1239307652	3.661299e-08	2707460946	
1.193164e+06	0	607396504	1.472778e-08	37613351	
1.196332e+06	0	3563522875	1.465050e-08	896813269	
1.198144e+06	0	2718413753	2.791000e-08	783121895	
1.201929e+06	1	2799798816	1.145286e-06	1820499179	
1.211769e+06	0	2246051850	1.981698e-06	754560055	
1.226957e+06	3	3382444416	1.400000e-08	2842015324	2606325002	1.567125e-08	1541925803	1.567125e-08	
1.228237e+06	1	2246051850	1.996426e-06	4032129539	
1.229166e+06	0	1541925803	1.567125e-08	2606325002	
1.238174e+06	0	1565786989	1.743250e-08	3563522875	
1.238721e+06	1	2235064901	1.039303e-06	2914302410	
1.238974e+06	1	2235064901	1.054355e-06	3678948817	
1.240572e+06	3	3704423751	1.400000e-08	2606325002	2024675612	1.437281e-08	1292023300	1.437281e-08	3302973195	1.437281e-08	875106938	1.437281e-08	
1.241036e+06	0	875106938	1.437281e-08	2024675612	
1.243553e+06	1	875106938	2.874563e-08	1292023300	
1.250676e+06	1	2246051850	2.011037e-06	1639799867	
1.251870e+06	0	875106938	2.874563e-08	3302973195	
1.262407e+06	1	179097684	5.761646e-07	3704423751	
1.262539e+06	0	220564665	1.539230e-08	3888264012	
1.262840e+06	3	3373526895	1.190852e-06	1481166135	3314075649	1.400000e-08	2589646060	2.091000e-08	3433591204	2.091000e-08	
1.268519e+06	0	1379399837	2.791000e-08	3433591204	
1.270761e+06	0	1405660995	1.496586e-08	1837088337	
1.273808e+06	1	2799798816	1.159936e-06	2789348510	
1.273943e+06	1	3373526895	1.204852e-06	3314075649	
1.274464e+06	1	1068020906	9.544675e-04	4274934102	
1.275996e+06	3	3929228125	1.678593e-08	1405660995	1848242772	1.400000e-08	
1.277219e+06	1	1737134642	2.930100e-08	783121895	
1.280321e+06	0	2235064901	1.054355e-06	4253718737	
1.282800e+06	0	3302973195	1.437281e-08	2024675612	
1.293029e+06	0	2799798816	1.159936e-06	257754683	
1.293503e+06	0	2718413753	2.791000e-08	1634407402	
1.296581e+06	0	2263814062	2.791000e-08	4167430602	
1.300296e+06	0	179097684	5.761646e-07	3302973195	
1.300318e+06	1	179097684	5.905374e-07	3302973195	
1.302962e+06	1	179097684	6.045374e-07	3382444416	
1.310470e+06	0	3633199892	1.465050e-08	1676003954	
1.311349e+06	1	2799798816	1.174587e-06	1543523724	
1.319261e+06	0	1379399837	2.791000e-08	3632514288	
1.325125e+06	0	1239307652	3.661299e-08	3179285865	
1.340037e+06	0	2263814062	2.791000e-08	257754683	
1.341412e+06	1	545239233	6.121929e-07	472358284	
1.352846e+06	0	2799798816	1.174587e-06	781549661	
1.354402e+06	1	3433591204	3.502692e-08	3632514288	
1.356359e+06	0	1986278615	5.582000e-08	3633199892	
1.360391e+06	0	2799798816	1.174587e-06	1906851972	
1.360813e+06	3	875106938	1.400000e-08	3492274228	250719570	1.483464e-08	2681498831	1.483464e-08	
1.362107e+06	1	250719570	2.883464e-08	875106938	
1.362981e+06	1	3433591204	5.593692e-08	2589646060	
1.377007e+06	1	2340740170	5.340634e-07	313359544	
1.388197e+06	0	1239307652	3.661299e-08	3434666020	
1.403726e+06	1	2246051850	2.025526e-06	3532745758	
1.405543e+06	0	3297362622	1.400000e-08	2909632847	
1.411555e+06	3	1541925803	1.632175e-08	249728555	481808867	1.400000e-08	
1.413811e+06	0	2799798816	1.174587e-06	2441325815	
1.428933e+06	0	545239233	6.121929e-07	1913762779	
1.457518e+06	1	2799798816	1.188847e-06	2441325815	
1.477320e+06	3	242414939	1.400000e-08	1945735688	2066612683	1.430794e-08	3458484829	1.430794e-08	
1.481204e+06	3	1634407402	1.851148e-08	1931993247	2719204682	1.400000e-08	
1.487020e+06	1	2246051850	2.040177e-06	629078091	
1.506952e+06	0	659524895	2.791000e-08	1950077488	
1.517657e+06	0	179097684	6.045374e-07	2024675612	
1.535618e+06	1	179097684	6.189102e-07	2024675612	
1.548910e+06	1	3433591204	8.417075e-08	2858952728	
1.554994e+06	1	2235064901	1.096265e-06	2737363250	
1.556494e+06	0	1790255658	2.791000e-08	3563522875	
1.578816e+06	3	1541925803	1.697225e-08	37613351	4256642775	1.400000e-08	
1.596540e+06	0	2118016430	1.834426e-08	1676003954	
1.616307e+06	1	2799798816	1.209757e-06	1471982444	
1.636909e+06	1	2235064901	1.110265e-06	3297362622	
1.641787e+06	1	373638573	1.000000e+00	2911053862	
1.642729e+06	1	2235064901	1.128609e-06	2118016430	
1.668429e+06	0	1751902433	3.040791e-08	2962530363	
1.676943e+06	0	1906851972	1.465050e-08	896813269	
1.680261e+06	0	1239307652	3.661299e-08	754560055	
1.680464e+06	1	2246051850	2.054827e-06	896813269	
1.687777e+06	1	2204676502	2.857705e-04	607396504	
1.706018e+06	0	102901530	5.582000e-08	538453177	
1.713473e+06	1	3373526895	1.218852e-06	2719204682	
1.716226e+06	0	2247026945	1.472778e-08	3952655669	
1.717270e+06	3	179097684	6.189102e-07	250719570	2449448537	1.400000e-08	463844675	1.483464e-08	
1.717805e+06	1	179097684	6.337448e-07	463844675	
1.721841e+06	1	179097684	6.485795e-07	2681498831	
1.728004e+06	1	179097684	6.625795e-07	2449448537	
1.739131e+06	1	2799798816	1.224408e-06	1761715697	
1.743248e+06	1	1068020906	9.544954e-04	443746396	
1.756561e+06	1	373638573	1.000000e+00	2046083849	
1.758190e+06	1	2799798816	1.238408e-06	343742982	
1.760787e+06	3	1986278615	1.400000e-08	2440120768	3167902617	1.743250e-08	579073438	1.743250e-08	3468130899	1.743250e-08	393090083	1.743250e-08	
1.763489e+06	1	545239233	6.289788e-07	3929228125	
1.765407e+06	3	1737134642	1.400000e-08	3434666020	2343849308	1.497575e-08	1055469694	1.497575e-08	
1.766776e+06	1	2235064901	1.153904e-06	4253718737	
1.776493e+06	3	2545005546	2.791000e-08	3891448235	627452446	1.400000e-08	
1.789852e+06	1	373638573	1.000001e+00	3737780296	
1.791263e+06	0	579073438	1.743250e-08	1986278615	
1.793643e+06	0	3167902617	1.743250e-08	2066612683	
1.806676e+06	3	2892683898	1.411692e-08	451270221	2014426858	1.400000e-08	
1.817645e+06	0	579073438	1.743250e-08	4256642775	
1.819055e+06	3	3433591204	5.328869e-08	2906924538	2716949832	1.469802e-08	552634658	1.469802e-08	3736523900	1.469802e-08	2213923665	1.469802e-08	
1.826303e+06	0	3373526895	1.218852e-06	2962530363	
1.832243e+06	0	1565786989	1.743250e-08	3111692719	
1.833185e+06	1	545239233	6.442971e-07	4283280385	
1.836163e+06	1	2799798816	1.252408e-06	2909632847	
1.837625e+06	0	1055469694	1.497575e-08	1737134642	
1.841599e+06	0	2213923665	1.469802e-08	552634658	
1.857588e+06	0	3528332227	1.741000e-08	2597880038	
1.880926e+06	1	2235064901	1.167904e-06	845665321	
1.920873e+06	1	3373526895	1.236284e-06	3468130899	
1.931148e+06	0	3373526895	1.236284e-06	4256642775	
1.947200e+06	0	2246051850	2.054827e-06	3913511150	
1.947403e+06	1	2246051850	2.069478e-06	3294683754	
1.953658e+06	0	1379399837	2.791000e-08	552634658	
1.953799e+06	0	3373526895	1.236284e-06	552634658	
1.961789e+06	1	373638573	1.000001e+00	2875471576	
1.966287e+06	3	2213923665	1.539603e-08	2716949832	1503202005	1.400000e-08	
1.969677e+06	3	2718413753	1.400000e-08	2159618959	3202152185	1.408524e-08	2622395779	1.408524e-08	
1.983705e+06	3	579073438	1.743250e-08	1986278615	3607413901	1.400000e-08	
2.010087e+06	3	3490627259	1.400000e-08	1878784256	649593533	2.091000e-08	66987975	2.091000e-08	
2.036508e+06	3	393090083	1.808300e-08	907719639	483021244	1.400000e-08	
2.038594e+06	3	888311950	1.400000e-08	649593533	3707800333	1.741000e-08	3528190190	1.741000e-08	
2.046721e+06	0	426576124	2.791000e-07	3824069879	
2.048180e+06	3	2246051850	2.069478e-06	1751902433	2185291493	1.400000e-08	550176535	1.640791e-08	
2.049322e+06	0	2883513480	1.465050e-08	1676003954	
2.049782e+06	0	2246051850	2.069478e-06	2185291493	
2.074573e+06	1	373638573	1.000001e+00	4188445920	
2.079712e+06	3	2340740170	5.404156e-07	251961497	1674415855	2.155781e-08	
2.098636e+06	0	2246051850	2.069478e-06	550176535	
2.103726e+06	1	2235064901	1.182602e-06	552634658	
2.110401e+06	3	1172086036	2.091000e-08	3607413901	4287239676	1.400000e-08	
2.116229e+06	1	2246051850	2.125298e-06	3823443426	
2.132023e+06	0	545239233	6.442971e-07	1790255658	
2.140324e+06	0	3373526895	1.236284e-06	1503202005	
2.141188e+06	3	579073438	1.774044e-08	2066612683	3884987045	1.400000e-08	
2.143067e+06	3	102901530	1.400000e-08	3083717413	1960974751	1.860667e-08	309459595	1.860667e-08	2348040613	1.860667e-08	
2.143987e+06	0	869234806	2.791000e-08	550176535	
2.148706e+06	0	3662110242	1.472778e-08	3563522875	
2.173802e+06	1	2235064901	1.197301e-06	3736523900	
2.174321e+06	0	1371202285	1.465050e-08	1848242772	
2.181378e+06	0	3179285865	1.461097e-08	2892683898	
2.185845e+06	1	2340740170	5.619734e-07	1674415855	
2.215094e+06	1	545239233	6.589476e-07	1676003954	
2.217085e+06	0	2063946235	2.091000e-08	2883513480	
2.243265e+06	1	2235064901	1.215365e-06	1913762779	
2.268216e+06	1	373638573	1.000001e+00	1565786989	
2.271163e+06	1	2799798816	1.269380e-06	1541925803	
2.372809e+06	1	373638573	1.000001e+00	538453177	
2.379093e+06	0	2340740170	5.619734e-07	2063946235	
2.382023e+06	0	2235064901	1.215365e-06	579073438	
2.388041e+06	1	2246051850	2.139298e-06	2185291493	
2.411404e+06	1	3373526895	1.250284e-06	4256642775	
2.414098e+06	3	4285226245	1.465050e-08	1503202005	3180086772	1.400000e-08	
2.420063e+06	1	2235064901	1.229365e-06	1737134642	
2.441210e+06	3	4035587434	1.545556e-08	3662110242	3833074883	1.400000e-08	
2.441698e+06	1	373638573	1.000001e+00	1415695418	
2.445106e+06	0	3815024321	1.472778e-08	3458484829	
2.446241e+06	3	869234806	1.400000e-08	754560055	1462644303	1.428025e-08	4088625113	1.428025e-08	
2.446911e+06	0	4088625113	1.428025e-08	869234806	
2.470660e+06	0	2533881277	1.472778e-08	481808867	
2.480829e+06	1	2235064901	1.246775e-06	3707800333	
2.493998e+06	0	4035587434	1.545556e-08	3833074883	
2.531859e+06	3	4035587434	1.545556e-08	627452446	1237914369	1.400000e-08	
2.551721e+06	1	545239233	6.729476e-07	102901530	
2.554311e+06	0	1593850299	2.554808e-08	2027098952	
2.557494e+06	0	545239233	6.729476e-07	4035587434	
2.579384e+06	1	2235064901	1.261426e-06	2961226102	
2.601403e+06	3	333964007	1.465645e-08	1960974751	2733144751	1.593011e-08	1649557018	1.593011e-08	
2.638614e+06	1	3373526895	1.264284e-06	869234806	
2.639593e+06	0	2235064901	1.261426e-06	1462644303	
2.657190e+06	1	2235064901	1.275706e-06	4088625113	
2.665499e+06	0	550176535	1.640791e-08	481808867	
2.686498e+06	1	545239233	6.878127e-07	766581564	
2.703222e+06	1	1068020906	9.545233e-04	2074240873	
2.719524e+06	3	847040419	1.775000e-08	2343849308	1831065885	1.465825e-08	
2.733797e+06	0	3562383954	1.582008e-08	483021244	
2.735404e+06	3	2246051850	3.355612e-06	2799798816	79461789	1.768876e-08	1621314342	1.768876e-08	2016090987	1.768876e-08	
2.736050e+06	0	2235064901	1.275706e-06	2674988631	
2.745238e+06	1	2246051850	3.373300e-06	2016090987	
2.747142e+06	1	2235064901	1.312319e-06	1239307652	
2.751677e+06	0	1379399837	2.791000e-08	66987975	
2.822363e+06	0	2340740170	5.619734e-07	4096225443	
2.832274e+06	3	550176535	1.671585e-08	3458484829	1553963666	1.400000e-08	
2.845100e+06	3	3179285865	1.461097e-08	483021244	1002680420	1.400000e-08	
2.880837e+06	3	1055469694	1.562625e-08	3952655669	734120091	1.400000e-08	
2.885680e+06	1	2246051850	3.390989e-06	79461789	
2.904969e+06	1	2235064901	1.326319e-06	4287239676	
2.918468e+06	1	2235064901	1.340970e-06	3563522875	
2.922998e+06	3	3099973400	1.465050e-08	3833074883	2475979558	1.400000e-08	
2.925842e+06	3	179097684	6.625795e-07	3433591204	2649056468	1.400000e-08	3381587904	1.964434e-08	175860597	1.964434e-08	
2.925842e+06	1	179097684	6.822238e-07	3381587904	
2.925956e+06	1	179097684	6.962238e-07	2649056468	
2.926503e+06	1	179097684	7.158682e-07	175860597	
2.927462e+06	3	2348040613	1.888692e-08	1462644303	1089013536	1.400000e-08	
2.932919e+06	0	2235064901	1.340970e-06	1002680420	
2.944397e+06	3	3815024321	1.472778e-08	15308464	552498239	1.400000e-08	
2.956339e+06	0	2235064901	1.340970e-06	3179285865	
2.958852e+06	1	2246051850	3.405640e-06	1837088337	
2.971613e+06	3	2235064901	1.989123e-06	545239233	481049431	1.982954e-08	2950407739	1.982954e-08	
2.979289e+06	1	2235064901	2.008953e-06	481049431	
2.992021e+06	3	2545005546	1.400000e-08	1371202285	72955594	1.428025e-08	1771264541	1.428025e-08	
3.016322e+06	0	2950407739	1.982954e-08	2718413753	
3.017973e+06	1	2246051850	3.419640e-06	3490627259	
3.038120e+06	3	3888264012	1.502702e-08	2962530363	2353028958	1.400000e-08	
3.038139e+06	0	3888264012	1.502702e-08	4285226245	
3.053028e+06	1	2246051850	3.433920e-06	72955594	
3.060497e+06	1	373638573	1.000001e+00	825415804	
3.074963e+06	3	2501379955	2.091000e-08	3180086772	2980075456	1.400000e-08	
3.111856e+06	1	2235064901	2.026703e-06	847040419	
3.155603e+06	1	2235064901	2.040983e-06	1771264541	
3.161630e+06	3	1055469694	1.562625e-08	2353028958	3449694611	1.400000e-08	
3.176507e+06	1	2235064901	2.054983e-06	3449694611	
3.188529e+06	3	2622395779	1.408524e-08	3653734512	1194638860	1.400000e-08	
3.191285e+06	1	1068020906	9.545512e-04	3833318790	
3.193723e+06	3	2501379955	2.036603e-08	220564665	114837353	1.593627e-08	
3.194578e+06	1	2501379955	3.630230e-08	114837353	
3.247892e+06	3	4285226245	1.465050e-08	2014426858	2341758500	1.400000e-08	
3.256022e+06	1	2235064901	2.073590e-06	309459595	
3.279284e+06	1	2235064901	2.099138e-06	1593850299	
3.282592e+06	0	1621314342	1.768876e-08	4285585893	
3.290532e+06	3	4167430602	2.284011e-08	2733144751	651046398	1.400000e-08	
3.292927e+06	1	3373526895	1.279680e-06	2213923665	
3.336696e+06	0	179097684	7.158682e-07	3129006749	
3.352027e+06	0	2950407739	1.982954e-08	1194638860	
3.357034e+06	0	2235064901	2.099138e-06	1055469694	
3.370849e+06	0	2235064901	2.099138e-06	3888264012	
3.373459e+06	3	2348040613	1.897216e-08	3202152185	2780384598	1.400000e-08	
3.379615e+06	1	2246051850	3.447920e-06	2545005546	
3.434609e+06	3	1634407402	1.916198e-08	1743198400	1061526795	1.400000e-08	
3.437430e+06	0	4031050948	4.186500e-07	3176785673	
3.438964e+06	0	2246051850	3.447920e-06	481808867	
3.446303e+06	0	1634407402	1.916198e-08	1061526795	
3.454223e+06	1	373638573	1.000001e+00	781549661	
3.471111e+06	1	373638573	1.000001e+00	4096225443	
3.481524e+06	1	2246051850	3.461920e-06	481808867	
3.522023e+06	0	3129006749	2.758654e-08	2348040613	
3.528033e+06	1	2235064901	2.113796e-06	1831065885	
3.530661e+06	1	2235064901	2.127796e-06	2718413753	
3.538164e+06	0	2341758500	1.400000e-08	734120091	
3.541996e+06	1	179097684	7.298682e-07	734120091	
3.560950e+06	1	2235064901	2.146768e-06	2348040613	
3.574479e+06	0	2235064901	2.146768e-06	1061526795	
3.598056e+06	1	2235064901	2.161419e-06	4285585893	
3.619597e+06	1	2235064901	2.189329e-06	257754683	
3.694911e+06	1	3373526895	1.307590e-06	1379399837	
3.726267e+06	0	2235064901	2.189329e-06	1237914369	
3.747094e+06	3	3815024321	1.472778e-08	1061526795	3342541004	1.400000e-08	
3.807481e+06	1	2246051850	3.476570e-06	1896745001	
3.836437e+06	1	3373526895	1.328500e-06	66987975	
3.867846e+06	0	4285226245	1.465050e-08	3884987045	
3.886778e+06	0	393090083	1.808300e-08	550176535	
3.944023e+06	3	1194638860	1.400000e-08	1553963666	1577969976	1.400000e-08	
3.944954e+06	1	2235064901	2.204955e-06	1055469694	
3.947015e+06	1	2246051850	3.494259e-06	1621314342	
3.963372e+06	0	2235064901	2.204955e-06	1089013536	
4.022574e+06	1	2246051850	3.508259e-06	164438789	
4.023958e+06	1	2340740170	5.765844e-07	3179285865	
4.064334e+06	3	2246051850	3.508259e-06	3732071459	695939830	1.400000e-08	229435916	2.091000e-08	1850435983	2.091000e-08	
4.073997e+06	0	2246051850	3.508259e-06	229435916	
4.148969e+06	1	2246051850	3.526000e-06	579073438	
4.181013e+06	1	3373526895	1.342500e-06	3342541004	
4.198308e+06	1	3373526895	1.357527e-06	3888264012	
4.202522e+06	0	1634407402	1.916198e-08	301219709	
4.222235e+06	1	3373526895	1.371644e-06	2892683898	
4.250380e+06	1	2235064901	2.218955e-06	1089013536	
4.268209e+06	1	2246051850	3.540000e-06	2780384598	
4.277646e+06	0	2235064901	2.218955e-06	1002680420	
4.283903e+06	3	4167430602	2.284011e-08	3884987045	19131048	1.400000e-08	
4.295452e+06	0	3373526895	1.371644e-06	1002680420	
4.299661e+06	0	2340740170	5.765844e-07	242414939	
4.360620e+06	3	3113062634	1.743250e-08	1002680420	2426951832	1.400000e-08	
4.378797e+06	1	2235064901	2.246865e-06	1790255658	
4.405087e+06	0	769686034	2.791000e-08	1950077488	
4.440975e+06	3	3129006749	1.400000e-08	2674988631	3089865955	1.411852e-08	3526559023	1.411852e-08	
4.450493e+06	1	3526559023	2.811852e-08	3129006749	
4.460469e+06	0	179097684	7.298682e-07	659524895	
4.497980e+06	1	373638573	1.000001e+00	2504591099	
4.589021e+06	3	3815024321	1.537828e-08	4285226245	73116178	1.400000e-08	
4.609096e+06	0	2246051850	3.540000e-06	3528190190	
4.630003e+06	1	2235064901	2.266027e-06	1634407402	
4.706116e+06	1	2235064901	2.280027e-06	1072840122	
4.706306e+06	1	2340740170	5.905844e-07	2475979558	
4.713706e+06	1	373638573	1.000001e+00	2597880038	
4.751318e+06	0	2235064901	2.280027e-06	3528332227	
4.777541e+06	1	2235064901	2.295405e-06	3815024321	
4.789161e+06	0	2235064901	2.295405e-06	2426951832	
4.871836e+06	1	2246051850	3.568118e-06	3526559023	
4.928896e+06	1	2235064901	2.309405e-06	73116178	
5.018885e+06	0	2235064901	2.309405e-06	1172086036	
5.037972e+06	1	373638573	1.000001e+00	911013108	
5.048541e+06	1	373638573	1.000001e+00	659524895	
5.168714e+06	0	2246051850	3.568118e-06	3167902617	
5.230711e+06	0	3373526895	1.371644e-06	1172086036	
5.304093e+06	1	373638573	1.000001e+00	3528332227	
5.317054e+06	1	2246051850	3.585551e-06	4240624600	
5.317660e+06	3	179097684	7.151493e-07	1035492323	2654473721	1.420961e-08	2564127097	1.420961e-08	3554620561	1.420961e-08	
5.317925e+06	0	179097684	7.151493e-07	2654473721	
5.318016e+06	1	179097684	7.293589e-07	2564127097	
5.318562e+06	1	179097684	7.435686e-07	2654473721	
5.335891e+06	1	179097684	7.577782e-07	3554620561	
5.473739e+06	1	2246051850	3.599636e-06	2622395779	
5.514622e+06	0	2246051850	3.599636e-06	1649557018	
5.514916e+06	1	2246051850	3.635938e-06	2501379955	
5.577734e+06	1	2246051850	3.649938e-06	1194638860	
5.845809e+06	0	2235064901	2.309405e-06	2980075456	
5.891335e+06	1	2235064901	2.323405e-06	2980075456	
5.913330e+06	1	4031050948	6.977500e-07	426576124	
5.962016e+06	3	179097684	6.840854e-07	769686034	2789301560	1.451468e-08	3201932102	1.451468e-08	3527214469	1.451468e-08	224410298	1.451468e-08	3967778277	1.451468e-08	1759850032	1.451468e-08	2704180049	1.451468e-08	
5.962129e+06	1	179097684	6.986001e-07	1759850032	
5.963262e+06	1	179097684	7.131148e-07	2789301560	
5.963334e+06	1	179097684	7.276295e-07	2704180049	
5.965773e+06	1	179097684	7.421441e-07	224410298	
5.970111e+06	0	179097684	7.421441e-07	3527214469	
5.970228e+06	0	179097684	7.421441e-07	3967778277	
5.983805e+06	3	3201932102	1.463320e-08	3089865955	287394855	1.400000e-08	
5.984468e+06	1	3201932102	2.863320e-08	287394855	
5.984541e+06	0	3967778277	1.451468e-08	3527214469	
5.989384e+06	1	179097684	7.566588e-07	3967778277	
6.063030e+06	1	179097684	7.711735e-07	3527214469	
6.114655e+06	1	2246051850	3.664589e-06	301219709	
6.359758e+06	3	3384709749	2.268409e-08	19131048	2670951229	1.922591e-08	
6.377390e+06	1	373638573	1.000001e+00	965372172	
6.389722e+06	1	2246051850	3.682672e-06	393090083	
6.452961e+06	1	2246051850	3.696672e-06	2426951832	
6.478328e+06	0	2235064901	2.323405e-06	1850435983	
6.692768e+06	0	3373526895	1.371644e-06	552498239	
6.749837e+06	3	179097684	7.711735e-07	3201932102	2367820772	1.400000e-08	771359632	1.463320e-08	
6.755051e+06	1	179097684	7.851735e-07	2367820772	
6.803113e+06	1	179097684	7.998067e-07	771359632	
6.952314e+06	1	179097684	8.146717e-07	3702894340	
6.961350e+06	0	550176535	1.671585e-08	3562383954	
7.019173e+06	0	3373526895	1.371644e-06	552498239	
7.072153e+06	1	373638573	1.000001e+00	838860310	
7.078026e+06	1	373638573	1.000001e+00	2848685905	
7.116120e+06	0	179097684	8.146717e-07	1649557018	
7.184340e+06	1	179097684	8.286717e-07	552498239	
7.348766e+06	1	373638573	1.000001e+00	242414939	
7.417516e+06	1	373638573	1.000001e+00	1950077488	
7.418562e+06	1	2235064901	2.340838e-06	3113062634	
7.428330e+06	1	2340740170	6.104139e-07	2950407739	
7.497521e+06	0	2340740170	6.104139e-07	1867247157	
7.503212e+06	1	2340740170	6.258695e-07	4035587434	
7.547592e+06	3	4167430602	2.099803e-08	1577969976	4186562710	1.584208e-08	
7.553874e+06	1	2246051850	3.715898e-06	2670951229	
8.112147e+06	1	2235064901	2.357554e-06	550176535	
8.436174e+06	0	2340740170	6.258695e-07	3384709749	
8.635406e+06	1	373638573	1.000001e+00	229435916	
8.761316e+06	0	2246051850	3.715898e-06	3099973400	
9.109869e+06	0	3562383954	1.582008e-08	3099973400	
9.420145e+06	1	2235064901	2.378552e-06	4167430602	
9.543662e+06	1	2246051850	4.341767e-06	2340740170	
9.622466e+06	0	2246051850	4.341767e-06	3111692719	
9.992153e+06	0	2235064901	2.378552e-06	4186562710	
