7.314077e+01	1	2246051850	3.070100e-07	211811971	
1.125978e+02	1	3150846686	3.070100e-07	3232700421	
1.618211e+02	1	1075699702	3.070100e-07	1986278615	
4.233483e+02	1	3921011129	3.070100e-07	1584276479	
5.988903e+02	1	2340740170	3.070100e-07	941534069	
7.622878e+02	1	2178051842	5.582000e-08	778035964	
7.692487e+02	1	2235064901	3.070100e-07	870323177	
8.911654e+02	1	1075699702	3.349200e-07	102901530	
9.456255e+02	1	3357643131	5.582000e-08	405521437	
1.043105e+03	1	2340740170	3.349200e-07	3071234124	
1.172360e+03	1	2519559028	3.070100e-07	2710766136	
1.229488e+03	1	3889879026	5.582000e-08	2038493855	
1.334566e+03	1	3357643131	8.373000e-08	2408568032	
1.353550e+03	1	331336395	5.582000e-08	486050091	
1.385200e+03	1	1494141940	5.582000e-08	3257166052	
1.449759e+03	1	1465560917	3.070100e-07	3555679070	
1.475701e+03	1	3150846686	3.349200e-07	2779686750	
1.725891e+03	1	331336395	8.373000e-08	1631081845	
1.853081e+03	1	4031050948	3.070100e-07	4226750145	
1.909433e+03	1	3114612365	5.582000e-08	2308721517	
1.968689e+03	1	3921011129	3.349200e-07	3908154577	
2.431027e+03	1	3373526895	3.070100e-07	1134175585	
2.673740e+03	1	1222799196	3.070100e-07	1434498202	
2.769700e+03	1	1572835533	3.070100e-07	2937387076	
2.800885e+03	1	1222799196	3.349200e-07	873214132	
3.180252e+03	1	3004792470	3.070100e-07	129185354	
3.497621e+03	1	1075699702	3.628300e-07	3933289935	
3.555264e+03	1	3707189490	5.582000e-08	1493201942	
3.868739e+03	1	598947138	5.582000e-08	1227575429	
3.974777e+03	1	2340740170	3.628300e-07	905418128	
4.139984e+03	1	3707189490	8.373000e-08	2737363250	
4.390362e+03	1	2246051850	3.349200e-07	1481166135	
4.391379e+03	1	1465560917	3.349200e-07	2480932170	
5.030681e+03	1	4259593397	3.070100e-07	1593850299	
5.793312e+03	1	2235064901	3.349200e-07	1379399837	
8.020904e+03	1	3534547045	3.070100e-07	1661091397	
8.104848e+03	1	384163328	5.582000e-08	688805295	
9.657693e+03	0	3534547045	3.070100e-07	1731090175	
1.053303e+04	0	3373526895	3.070100e-07	858320168	
1.059653e+04	1	1425083048	5.582000e-08	3326748277	
1.084428e+04	1	545239233	3.070100e-07	257754683	
1.100785e+04	1	3534547045	3.349200e-07	582973675	
1.141246e+04	1	4031050948	3.349200e-07	2669757562	
1.146644e+04	1	3921011129	3.628300e-07	1738899943	
1.155013e+04	0	3373526895	3.070100e-07	858320168	
1.344315e+04	0	3373526895	3.070100e-07	858320168	
1.458943e+04	0	3534547045	3.349200e-07	925199572	
1.508084e+04	1	3490627259	5.582000e-08	3279231079	
1.513189e+04	0	632754209	2.791000e-08	3800234335	
1.547610e+04	0	4259593397	3.070100e-07	1458665800	
1.567077e+04	1	4259593397	3.349200e-07	2919643181	
1.612601e+04	0	725558489	2.791000e-08	3150420704	
1.730944e+04	1	3534547045	3.628300e-07	780264402	
1.884305e+04	1	3373526895	3.349200e-07	2455496064	
1.885425e+04	1	4252347608	5.582000e-08	1206764858	
1.966941e+04	0	632754209	2.791000e-08	3126241903	
2.064618e+04	0	4263717482	2.791000e-08	3116505811	
2.141675e+04	0	858320168	2.791000e-08	3841896594	
2.930079e+04	1	3373526895	3.628300e-07	3938221642	
2.956573e+04	1	2246051850	3.628300e-07	1321648343	
2.985241e+04	1	331336395	1.116400e-07	387772665	
3.207972e+04	1	545239233	3.349200e-07	1516068388	
3.320396e+04	0	811613008	2.791000e-08	3736894086	
3.326287e+04	0	259930472	2.791000e-08	1502094437	
3.374321e+04	0	1572835533	3.070100e-07	1593891639	
3.401672e+04	0	2870037616	2.791000e-08	3732071459	
3.599416e+04	1	2555962951	3.070100e-07	2856850640	
3.643078e+04	1	3373526895	3.907400e-07	3841896594	
3.801539e+04	0	3114612365	5.582000e-08	1123501568	
3.812635e+04	1	2799798816	3.070100e-07	659524895	
3.817829e+04	1	3889879026	8.373000e-08	1735432893	
3.836860e+04	1	3707189490	1.116400e-07	2932274237	
3.945309e+04	1	545239233	3.628300e-07	3121047530	
3.951598e+04	0	3534547045	3.628300e-07	2393342300	
3.988926e+04	0	3534547045	3.628300e-07	2393342300	
4.239918e+04	1	858320168	5.582000e-08	3919821980	
4.241625e+04	1	3373526895	4.186500e-07	3126241903	
4.449594e+04	0	2340740170	3.628300e-07	953296898	
4.539039e+04	1	1465560917	3.628300e-07	343742982	
4.682552e+04	1	3150846686	3.907400e-07	1425083048	
4.899656e+04	0	2519559028	3.070100e-07	443746396	
4.964497e+04	1	3004792470	3.628300e-07	3490627259	
5.147321e+04	1	3150846686	4.186500e-07	3421887303	
5.405285e+04	0	314650893	2.791000e-08	40245973	
5.443905e+04	0	3150846686	4.186500e-07	3616865126	
5.576000e+04	0	3919026803	2.791000e-08	1651612823	
5.862229e+04	1	3749853089	5.582000e-08	2528553283	
5.917866e+04	1	476505668	3.070100e-07	843517319	
5.945350e+04	1	3889879026	1.116400e-07	925199572	
6.082040e+04	1	1075699702	3.907400e-07	2205180068	
6.247639e+04	1	3889879026	1.395500e-07	632754209	
6.289960e+04	1	2799798816	3.349200e-07	333964007	
6.438471e+04	0	3534547045	3.628300e-07	2393342300	
6.494991e+04	1	2340740170	3.907400e-07	2409063466	
6.508426e+04	3	545239233	3.628300e-07	3707189490	3687573659	1.400000e-08	3196256300	1.627333e-08	848448836	1.627333e-08	2211003714	1.627333e-08	2916276788	1.627333e-08	3696193412	1.627333e-08	15308464	1.627333e-08	
6.531379e+04	1	545239233	3.791033e-07	848448836	
6.688756e+04	0	2235064901	3.349200e-07	245436729	
6.888606e+04	3	2235064901	3.349200e-07	2178051842	1239307652	1.400000e-08	1945448119	2.091000e-08	3396227953	2.091000e-08	
6.912423e+04	1	545239233	3.953767e-07	2211003714	
7.028845e+04	0	4252347608	5.582000e-08	862710978	
7.041838e+04	1	545239233	4.116500e-07	15308464	
7.125669e+04	0	4252347608	5.582000e-08	862710978	
7.621016e+04	1	1068020906	9.543279e-04	3228084226	
7.946906e+04	0	2235064901	3.349200e-07	3150420704	
8.164837e+04	3	3921011129	3.628300e-07	2235064901	3321237907	1.391187e-07	3187199216	1.506164e-08	3330100144	1.506164e-08	310481256	1.506164e-08	817087088	1.506164e-08	551137729	1.506164e-08	1218250404	1.506164e-08	1035956119	1.506164e-08	1211996162	1.506164e-08	188552836	1.506164e-08	2029773149	1.506164e-08	302486611	1.506164e-08	1842102965	1.506164e-08	1285693762	1.506164e-08	
8.164841e+04	1	3321237907	1.541804e-07	1285693762	
8.164841e+04	1	3321237907	1.692420e-07	3187199216	
8.856669e+04	0	858320168	5.582000e-08	1731090175	
8.948119e+04	0	1494141940	5.582000e-08	817087088	
9.027859e+04	0	3373526895	4.186500e-07	3084497907	
9.061599e+04	0	3150846686	4.186500e-07	3396227953	
9.390382e+04	3	3534547045	3.628300e-07	3889879026	1078741991	1.400000e-08	2723643411	1.569375e-08	1804212609	1.569375e-08	438292632	1.569375e-08	2001290253	1.569375e-08	3147695692	1.569375e-08	3179285865	1.569375e-08	2173231515	1.569375e-08	740082705	1.569375e-08	
9.394677e+04	1	3534547045	3.785237e-07	1804212609	
9.471433e+04	0	3534547045	3.785237e-07	2723643411	
9.478938e+04	0	2173231515	1.569375e-08	1078741991	
9.595457e+04	3	287801793	1.994394e-08	2859795595	2795063678	1.793803e-08	3642829293	1.793803e-08	
9.646024e+04	1	3534547045	3.942175e-07	3179285865	
9.714984e+04	0	3321237907	1.692420e-07	3330100144	
9.896398e+04	0	3921011129	3.628300e-07	1211996162	
1.000841e+05	1	2340740170	4.070133e-07	3696193412	
1.030833e+05	0	3061883439	2.791000e-08	438292632	
1.052153e+05	1	3534547045	4.082175e-07	1078741991	
1.055923e+05	0	384163328	5.582000e-08	1444500749	
1.056436e+05	1	3534547045	4.239112e-07	2001290253	
1.066202e+05	0	1963165541	2.791000e-08	2440120768	
1.097230e+05	1	3749853089	8.373000e-08	3424908067	
1.128962e+05	1	3921011129	3.778916e-07	551137729	
1.140958e+05	0	3747246174	2.791000e-08	2173231515	
1.142360e+05	1	3150846686	4.395600e-07	3396227953	
1.148683e+05	0	4263717482	2.791000e-08	1945448119	
1.158889e+05	1	3373526895	4.465600e-07	3061883439	
1.173055e+05	0	3150846686	4.395600e-07	4263717482	
1.230326e+05	1	3373526895	5.023800e-07	858320168	
1.280091e+05	1	2799798816	6.140200e-07	2984600922	
1.305577e+05	0	3621383820	2.791000e-08	1035956119	
1.369057e+05	1	3921011129	3.929533e-07	1842102965	
1.407556e+05	0	725558489	2.791000e-08	1945448119	
1.412076e+05	1	3373526895	5.302900e-07	3800234335	
1.423449e+05	1	3150846686	4.674700e-07	3150420704	
1.444801e+05	0	3498415124	2.791000e-08	40245973	
1.505665e+05	1	2870037616	5.582000e-08	6723929	
1.520162e+05	0	3114612365	5.582000e-08	2795063678	
1.533666e+05	1	3150846686	4.953800e-07	1123501568	
1.541512e+05	1	3534547045	4.518212e-07	2349140130	
1.549210e+05	0	3534547045	4.518212e-07	2393342300	
1.563200e+05	1	3534547045	4.797313e-07	2393342300	
1.577506e+05	1	2799798816	6.419300e-07	2466232951	
1.585584e+05	1	1572835533	3.349200e-07	2693713428	
1.622689e+05	0	1494141940	5.582000e-08	2125112500	
1.641780e+05	0	1945448119	2.091000e-08	1218250404	
1.659640e+05	0	4046076794	2.791000e-08	949068759	
1.668786e+05	1	3373526895	6.995320e-07	3321237907	
1.688978e+05	1	3373526895	7.274420e-07	3621383820	
1.695765e+05	0	869234806	2.791000e-08	1502094437	
1.754022e+05	0	1218250404	1.506164e-08	1239307652	
1.757300e+05	3	1494141940	6.635922e-08	1731090175	2707128518	1.737078e-08	
1.771519e+05	0	2799798816	6.419300e-07	4061687915	
1.789352e+05	1	2555962951	3.349200e-07	199935986	
1.796553e+05	0	3150846686	4.953800e-07	2125112500	
1.818427e+05	1	3373526895	7.448128e-07	2707128518	
1.863889e+05	1	1572835533	3.907400e-07	2870037616	
1.877470e+05	1	1068020906	9.543558e-04	4274934102	
1.877492e+05	1	3534547045	5.913712e-07	331336395	
1.882810e+05	0	3921011129	3.929533e-07	1945448119	
1.890558e+05	1	3373526895	7.605065e-07	740082705	
1.894856e+05	0	3534547045	5.913712e-07	3084497907	
1.941830e+05	0	2406269022	2.791000e-08	3147695692	
2.001031e+05	0	3150846686	4.953800e-07	1239307652	
2.009684e+05	1	3373526895	7.755682e-07	3330100144	
2.012205e+05	0	3373526895	7.755682e-07	2723643411	
2.024145e+05	3	545239233	4.116500e-07	2340740170	474866315	1.627596e-07	1639799867	1.436787e-08	1026028388	1.436787e-08	1128056158	1.436787e-08	2909632847	1.436787e-08	937177227	1.436787e-08	3393811039	1.436787e-08	611212867	1.436787e-08	1104410542	1.436787e-08	2328232000	1.436787e-08	2999719241	1.436787e-08	1931993247	1.436787e-08	1494850122	1.436787e-08	3414514926	1.436787e-08	2312786130	1.436787e-08	3537925318	1.436787e-08	1634407402	1.436787e-08	3869596591	1.436787e-08	
2.024145e+05	1	474866315	1.771275e-07	1639799867	
2.024145e+05	1	474866315	1.914954e-07	3869596591	
2.035336e+05	0	2312786130	1.436787e-08	1026028388	
2.050698e+05	3	3747246174	1.400000e-08	2173231515	3375523036	1.480187e-08	772925454	1.480187e-08	
2.055863e+05	3	3534547045	5.913712e-07	3749853089	2215785330	1.400000e-08	3491092596	1.743250e-08	57770090	1.743250e-08	3071577057	1.743250e-08	1452489764	1.743250e-08	
2.059206e+05	1	3534547045	6.088037e-07	3071577057	
2.068465e+05	0	4263717482	2.791000e-08	188552836	
2.105319e+05	0	2681375347	2.791000e-08	769686034	
2.109056e+05	0	1634407402	1.436787e-08	2999719241	
2.116791e+05	0	3373526895	7.755682e-07	2723643411	
2.116865e+05	0	3114612365	5.582000e-08	287801793	
2.124885e+05	1	3534547045	6.262362e-07	3491092596	
2.182278e+05	1	3373526895	8.419274e-07	1494141940	
2.220659e+05	3	287801793	1.918228e-08	2909632847	4260098875	1.512953e-08	
2.266344e+05	0	438292632	1.569375e-08	2215785330	
2.282700e+05	1	3534547045	6.436687e-07	1452489764	
2.292282e+05	0	2046083849	2.791000e-08	3129006749	
2.297859e+05	1	769686034	5.582000e-08	3382444416	
2.328960e+05	0	2451350669	2.791000e-08	561528368	
2.402148e+05	1	1068020906	9.543837e-04	3443220506	
2.411886e+05	0	242414939	2.791000e-08	3537925318	
2.444447e+05	3	1075699702	7.105841e-07	1222799196	3696843781	1.507586e-08	
2.448552e+05	1	476505668	3.349200e-07	1128709694	
2.494878e+05	0	1572835533	3.907400e-07	2328232000	
2.538208e+05	3	3004792470	3.628300e-07	4259593397	2138100036	1.400000e-08	1726701215	1.458727e-08	1412415798	1.458727e-08	375852842	1.458727e-08	3593732192	1.458727e-08	3888264012	1.458727e-08	313359544	1.458727e-08	217284033	1.458727e-08	2151269300	1.458727e-08	3913511150	1.458727e-08	2962530363	1.458727e-08	2063946235	1.458727e-08	1172086036	1.458727e-08	690117576	1.458727e-08	3288380490	1.458727e-08	845665321	1.458727e-08	3122982648	1.458727e-08	1471982444	1.458727e-08	3303338876	1.458727e-08	2875471576	1.458727e-08	1738909006	1.458727e-08	356405251	1.458727e-08	2879167783	1.458727e-08	
2.539572e+05	1	2246051850	3.907400e-07	3498415124	
2.561764e+05	1	3534547045	6.611012e-07	57770090	
2.589962e+05	0	2406269022	2.791000e-08	3375523036	
2.694825e+05	0	314650893	2.791000e-08	1128056158	
2.704524e+05	3	3150846686	4.953800e-07	3921011129	3083352544	2.281415e-08	4198169764	1.423612e-08	821115011	1.423612e-08	2118016430	1.423612e-08	1945735688	1.423612e-08	4093093422	1.423612e-08	2842015324	1.423612e-08	1249238030	1.423612e-08	3214077756	1.423612e-08	879162223	1.423612e-08	3884425642	1.423612e-08	1149406307	1.423612e-08	3528332227	1.423612e-08	4004407106	1.423612e-08	451270221	1.423612e-08	3149440925	1.423612e-08	2250775120	1.423612e-08	1130108289	1.423612e-08	2177968201	1.423612e-08	2914302410	1.423612e-08	3655816389	1.423612e-08	3485819286	1.423612e-08	1382686479	1.423612e-08	1803925302	1.423612e-08	3293059020	1.423612e-08	378125977	1.423612e-08	2159618959	1.423612e-08	
2.704526e+05	1	3083352544	3.705027e-08	2159618959	
2.704526e+05	1	3083352544	5.128639e-08	4198169764	
2.712994e+05	0	287801793	1.918228e-08	3147695692	
2.716784e+05	1	2842015324	2.847224e-08	821115011	
2.718068e+05	1	3150846686	5.096161e-07	3528332227	
2.725330e+05	0	2842015324	2.847224e-08	3116505811	
2.743035e+05	1	3004792470	3.907400e-07	2074240873	
2.746462e+05	3	2406269022	1.400000e-08	3375523036	2441325815	1.435594e-08	3401497744	1.435594e-08	
2.746591e+05	1	3108364485	4.249727e-08	2879167783	
2.747896e+05	0	636961411	2.791000e-08	245436729	
2.749104e+05	0	245436729	2.791000e-08	3116505811	
2.750435e+05	0	3149440925	1.423612e-08	1149406307	
2.753156e+05	1	3150846686	5.238522e-07	1130108289	
2.770816e+05	1	769686034	8.373000e-08	3988949870	
2.799075e+05	0	1211996162	1.506164e-08	3655816389	
2.802235e+05	0	2125112500	2.791000e-08	451270221	
2.804522e+05	0	2723643411	1.569375e-08	4004407106	
2.858856e+05	1	179097684	2.934559e-07	3401497744	
2.878184e+05	1	3150846686	5.380884e-07	3293059020	
2.885453e+05	0	179097684	2.934559e-07	2441325815	
2.890874e+05	0	3150846686	5.380884e-07	4093093422	
2.892176e+05	0	2177968201	1.423612e-08	451270221	
2.894112e+05	0	3696843781	1.507586e-08	3122982648	
2.899502e+05	1	3373526895	8.561635e-07	2914302410	
2.913030e+05	0	1075699702	7.105841e-07	732124878	
2.968059e+05	1	3150846686	5.523245e-07	3485819286	
2.994281e+05	1	3150846686	5.665606e-07	2118016430	
3.014438e+05	0	438292632	1.569375e-08	302486611	
3.039433e+05	0	825415804	2.791000e-08	3176785673	
3.045045e+05	0	3147695692	1.569375e-08	1128056158	
3.062337e+05	0	3150846686	5.665606e-07	1149406307	
3.124893e+05	1	1434594601	5.582000e-08	443746396	
3.157193e+05	0	3534547045	6.611012e-07	2029773149	
3.182462e+05	1	3373526895	8.712252e-07	817087088	
3.204505e+05	0	879162223	1.423612e-08	3687573659	
3.253614e+05	1	3373526895	8.854613e-07	4093093422	
3.283627e+05	1	179097684	3.078119e-07	2441325815	
3.305960e+05	0	1803925302	1.423612e-08	3149440925	
3.325044e+05	0	2312786130	1.436787e-08	1931993247	
3.333958e+05	1	3150846686	5.807967e-07	2250775120	
3.344870e+05	0	3884425642	1.423612e-08	3214077756	
3.376516e+05	1	3534547045	6.767950e-07	438292632	
3.428761e+05	0	2246051850	3.907400e-07	3241671100	
3.444703e+05	1	545239233	4.260179e-07	2312786130	
3.473554e+05	0	545239233	4.260179e-07	2718413753	
3.596314e+05	1	3150846686	5.951646e-07	1931993247	
3.618820e+05	0	3004792470	3.907400e-07	949068759	
3.646715e+05	1	3642829293	3.587606e-08	2795063678	
3.651786e+05	1	2799798816	9.210300e-07	3737780296	
3.657041e+05	3	3083352544	1.400000e-08	1945448119	4069401935	1.454910e-08	134948105	1.454910e-08	1998372786	1.454910e-08	2455922112	1.454910e-08	
3.659670e+05	0	2246051850	3.907400e-07	3116505811	
3.668477e+05	1	1068020906	9.544116e-04	997905375	
3.688058e+05	1	3373526895	8.996974e-07	3884425642	
3.695180e+05	0	3150846686	5.951646e-07	3214077756	
3.697432e+05	1	1068020906	9.544396e-04	865537991	
3.730244e+05	1	3004792470	4.053273e-07	3913511150	
3.783227e+05	0	1998372786	1.454910e-08	2177968201	
3.789744e+05	0	3150846686	5.951646e-07	3147695692	
3.790773e+05	3	725558489	2.390242e-08	451270221	3059103076	1.824370e-08	
3.813518e+05	0	1465560917	3.628300e-07	869234806	
3.816699e+05	0	3084497907	2.791000e-08	1998372786	
3.822771e+05	0	3150846686	5.951646e-07	1945735688	
3.829821e+05	0	3519923770	2.791000e-08	1035492323	
3.833445e+05	1	2519559028	3.349200e-07	3833318790	
3.915543e+05	0	1541946641	2.791000e-08	3593732192	
3.973577e+05	0	474866315	1.914954e-07	2916276788	
4.092211e+05	1	2246051850	4.186500e-07	869234806	
4.135394e+05	0	197654791	2.791000e-08	1249238030	
4.140066e+05	1	1068020906	9.544675e-04	3708838243	
4.167701e+05	3	2835620284	1.400000e-08	3196256300	432337108	1.509167e-08	1902671923	1.509167e-08	
4.170484e+05	0	3150846686	5.951646e-07	1218250404	
4.195278e+05	1	179097684	3.357219e-07	862710978	
4.302594e+05	3	1572835533	5.661016e-07	474866315	4209590891	1.613372e-08	
4.335339e+05	1	3373526895	9.276074e-07	636961411	
4.348391e+05	0	1458665800	2.791000e-08	1471982444	
4.374366e+05	0	179097684	3.357219e-07	2406269022	
4.386558e+05	3	1572835533	9.746266e-07	545239233	77395223	1.749286e-08	
4.459686e+05	0	3150846686	5.951646e-07	3149440925	
4.462518e+05	0	2870158420	2.791000e-08	2263814062	
4.493114e+05	0	1128056158	1.436787e-08	1249238030	
4.511756e+05	0	2956861855	2.791000e-08	1593891639	
4.574077e+05	0	1075699702	7.105841e-07	1790255658	
4.625222e+05	0	3150846686	5.951646e-07	134948105	
4.630211e+05	1	1572835533	1.002537e-06	2718413753	
4.641755e+05	0	179097684	3.357219e-07	2406269022	
4.684321e+05	1	2246051850	4.465600e-07	3197676583	
4.693620e+05	1	179097684	3.497219e-07	2406269022	
4.727054e+05	0	2842015324	2.847224e-08	1945735688	
4.749462e+05	1	3150846686	6.094007e-07	1149406307	
4.784324e+05	0	3357643131	8.373000e-08	2451350669	
4.843417e+05	3	4231632140	2.479749e-08	879162223	3592986772	1.734863e-08	
4.874564e+05	1	1465560917	3.907400e-07	949068759	
4.899162e+05	1	3150846686	6.237686e-07	1128056158	
4.997615e+05	1	3373526895	9.418435e-07	378125977	
5.004485e+05	1	3150846686	6.380047e-07	3149440925	
5.014378e+05	0	1878784256	2.791000e-08	2063946235	
5.034633e+05	0	1465560917	3.907400e-07	3732071459	
5.038412e+05	3	1465560917	3.687223e-07	811613008	1246511018	1.664258e-08	3986570268	1.664258e-08	174500547	1.664258e-08	
5.132466e+05	0	4069401935	1.454910e-08	3655816389	
5.196545e+05	0	3150846686	6.380047e-07	302486611	
5.214469e+05	0	3150846686	6.380047e-07	2029773149	
5.297031e+05	0	3592986772	1.734863e-08	188552836	
5.312559e+05	3	2029773149	1.529776e-08	1249238030	4083845756	1.400000e-08	
5.412903e+05	1	1465560917	3.966323e-07	2956861855	
5.431903e+05	0	1866926464	2.791000e-08	1790255658	
5.479618e+05	1	179097684	3.645237e-07	772925454	
5.485327e+05	1	3059103076	3.354145e-08	2029773149	
5.507850e+05	0	1572835533	1.002537e-06	188552836	
5.601860e+05	0	197654791	2.791000e-08	3616865126	
5.626705e+05	1	1458432161	4.249727e-08	356405251	
5.646887e+05	0	4122240121	2.791000e-08	1444500749	
5.651498e+05	1	2246051850	4.744700e-07	741863299	
5.669079e+05	1	3150846686	6.659147e-07	3129006749	
5.680856e+05	0	1075699702	7.105841e-07	3497999925	
5.755061e+05	0	310481256	1.506164e-08	611212867	
5.879670e+05	0	2799798816	9.210300e-07	290926289	
5.904818e+05	0	1572835533	1.002537e-06	1494850122	
5.908251e+05	3	4209590891	1.668282e-08	4069401935	110358663	1.400000e-08	
6.022971e+05	0	245436729	2.791000e-08	134948105	
6.083935e+05	1	1572835533	1.016904e-06	3393811039	
6.163224e+05	1	1572835533	1.072724e-06	384163328	
6.192171e+05	1	3150846686	6.938247e-07	245436729	
6.227461e+05	1	1075699702	7.384941e-07	717226258	
6.286327e+05	3	1572835533	1.072724e-06	3642829293	1370908750	1.400000e-08	1837234470	2.187606e-08	
6.353702e+05	0	790319072	2.791000e-08	1444500749	
6.353898e+05	0	1593891639	2.791000e-08	77395223	
6.361966e+05	1	2799798816	9.376726e-07	1246511018	
6.390840e+05	1	1075699702	7.664041e-07	3891448235	
6.434142e+05	3	4209590891	1.723192e-08	1998372786	2945849429	1.400000e-08	
6.476994e+05	1	134948105	2.854910e-08	110358663	
6.501713e+05	0	1458432161	4.249727e-08	2487301543	
6.508931e+05	0	1075699702	7.664041e-07	2870158420	
6.538960e+05	0	3059103076	3.354145e-08	302486611	
6.597639e+05	3	4252347608	3.465862e-08	3747246174	66296937	1.758069e-08	976558236	1.758069e-08	
6.633542e+05	0	179097684	3.645237e-07	976558236	
6.640053e+05	1	1572835533	1.086961e-06	1803925302	
6.765651e+05	1	3373526895	9.569051e-07	1218250404	
6.789918e+05	0	4263717482	2.791000e-08	3084497907	
6.839658e+05	1	3373526895	9.711413e-07	3655816389	
6.852569e+05	3	4252347608	1.400000e-08	66296937	2438291630	1.911965e-08	906368509	1.911965e-08	
6.856714e+05	0	134948105	2.854910e-08	1211996162	
6.883715e+05	1	3150846686	7.078247e-07	1239307652	
6.886254e+05	1	1068020906	9.544954e-04	3245569981	
6.919771e+05	1	3373526895	9.851413e-07	2215785330	
7.099948e+05	1	179097684	3.785237e-07	4252347608	
7.150833e+05	0	1239791232	2.791000e-08	315200650	
7.212371e+05	3	810769555	1.400000e-08	287801793	3783228500	1.654614e-08	2858952728	1.654614e-08	
7.231426e+05	1	3534547045	6.907950e-07	3083352544	
7.247649e+05	0	1502094437	2.791000e-08	1471982444	
7.326622e+05	3	3147695692	1.569375e-08	1370908750	395113485	1.400000e-08	
7.344170e+05	0	906368509	1.911965e-08	976558236	
7.344742e+05	0	3373526895	9.851413e-07	2177968201	
7.425218e+05	3	4263717482	2.623111e-08	1382686479	4019363830	1.591501e-08	
7.425803e+05	3	2125112500	1.400000e-08	1902671923	3016084464	1.450083e-08	921818415	1.450083e-08	
7.451925e+05	1	3373526895	1.011372e-06	4263717482	
7.455644e+05	3	29350397	1.400000e-08	3593732192	2892683898	1.424864e-08	3697249003	1.424864e-08	
7.493915e+05	3	197654791	1.400000e-08	2177968201	3983774618	1.407306e-08	4187488967	1.407306e-08	
7.583027e+05	0	1593891639	2.791000e-08	1211996162	
7.605435e+05	0	906368509	1.911965e-08	2438291630	
7.630128e+05	3	2555962951	3.349200e-07	598947138	898751805	1.400000e-08	3632514288	2.091000e-08	410848061	2.091000e-08	
7.672500e+05	0	3534547045	6.907950e-07	3428193420	
7.765533e+05	3	1211996162	1.513470e-08	3983774618	2791633391	1.400000e-08	
7.833853e+05	3	1593891639	1.400000e-08	1026028388	630280293	1.413893e-08	4212779140	1.413893e-08	
7.858978e+05	1	3150846686	7.235184e-07	2723643411	
7.890222e+05	1	4031050948	3.628300e-07	3736894086	
7.910744e+05	1	1572835533	1.101328e-06	1104410542	
7.992056e+05	0	179097684	3.785237e-07	2438291630	
8.031820e+05	0	1019134040	2.791000e-08	1327969783	
8.116896e+05	0	179097684	3.785237e-07	2438291630	
8.123996e+05	1	179097684	3.976434e-07	2438291630	
8.155555e+05	0	1347872676	2.791000e-08	1963165541	
8.187240e+05	1	3519923770	5.582000e-08	3616865126	
8.194348e+05	0	3519923770	5.582000e-08	2487301543	
8.382717e+05	1	179097684	4.167631e-07	906368509	
8.385514e+05	1	1572835533	1.129238e-06	242414939	
8.403833e+05	3	3592986772	1.618979e-08	2791633391	3459374364	1.515883e-08	
8.478055e+05	0	725558489	2.390242e-08	3592986772	
8.599382e+05	1	1465560917	4.112195e-07	217284033	
8.617000e+05	0	134948105	2.854910e-08	3428193420	
8.720236e+05	0	1572835533	1.129238e-06	3537925318	
8.762729e+05	3	3059103076	1.927808e-08	3592986772	2125331604	1.522659e-08	3113062634	1.522659e-08	
8.773946e+05	0	3059103076	1.927808e-08	2125331604	
8.775733e+05	1	1075699702	7.943141e-07	770580294	
8.782070e+05	1	3059103076	3.450466e-08	3113062634	
8.799275e+05	1	2246051850	4.890573e-07	1471982444	
8.848403e+05	3	3357643131	9.411657e-08	1037584679	847040419	1.752343e-08	
8.857517e+05	3	1075699702	7.943141e-07	3357643131	4240624600	1.400000e-08	1565786989	1.602331e-08	2286860921	1.602331e-08	3707879645	1.602331e-08	2746930994	1.602331e-08	4075596975	1.602331e-08	
8.872565e+05	1	1075699702	8.103375e-07	2286860921	
8.901985e+05	1	1068020906	9.545233e-04	1533953788	
8.965955e+05	0	3428193420	2.791000e-08	4083845756	
9.029446e+05	0	3116505811	2.791000e-08	725558489	
9.051869e+05	0	1837234470	2.187606e-08	2916276788	
9.225803e+05	1	3534547045	7.067100e-07	4019363830	
9.232228e+05	3	3783228500	1.678226e-08	3214077756	4283280385	1.400000e-08	
9.260921e+05	0	310481256	1.506164e-08	4004407106	
9.273596e+05	1	3150846686	7.519907e-07	2842015324	
9.323925e+05	1	3150846686	7.671254e-07	1211996162	
9.449943e+05	3	40245973	1.400000e-08	1726701215	538453177	1.424864e-08	3121292019	1.424864e-08	
9.488567e+05	3	1458432161	5.409766e-08	953296898	3349724438	1.630961e-08	
9.554606e+05	0	2246051850	4.890573e-07	810769555	
9.557520e+05	3	1963165541	1.400000e-08	847040419	4253718737	1.571671e-08	3297362622	1.571671e-08	
9.635633e+05	0	3888264012	1.458727e-08	630280293	
9.710707e+05	1	3373526895	1.039921e-06	134948105	
9.725906e+05	0	3059103076	3.450466e-08	2125331604	
9.801368e+05	0	3373526895	1.039921e-06	2945849429	
9.966828e+05	0	3783228500	1.678226e-08	3414514926	
9.968909e+05	3	838860310	1.400000e-08	3297362622	1751902433	1.481336e-08	2878871175	1.481336e-08	
9.980329e+05	1	3534547045	7.219366e-07	2125331604	
1.013136e+06	0	3349724438	1.630961e-08	2878871175	
1.018107e+06	0	3707879645	1.602331e-08	2138100036	
1.023347e+06	3	1503861029	1.400000e-08	3020817656	3083717413	2.091000e-08	220564665	2.091000e-08	
1.034454e+06	0	3083717413	2.091000e-08	3537925318	
1.042846e+06	0	179097684	4.167631e-07	220564665	
1.043938e+06	0	1458432161	5.409766e-08	1634407402	
1.045345e+06	3	3953846011	2.791000e-08	4283280385	3653734512	1.400000e-08	
1.065869e+06	3	2246051850	4.890573e-07	1465560917	3815024321	1.669852e-07	1428265047	1.436673e-08	3604532305	1.436673e-08	1869365069	1.436673e-08	965372172	1.436673e-08	607396504	1.436673e-08	2533881277	1.436673e-08	472358284	1.436673e-08	1950077488	1.436673e-08	1820499179	1.436673e-08	4055959668	1.436673e-08	528880979	1.436673e-08	3778036871	1.436673e-08	1405660995	1.436673e-08	3662110242	1.436673e-08	2247026945	1.436673e-08	4032129539	1.436673e-08	4035587434	1.436673e-08	
1.065869e+06	1	3815024321	1.813519e-07	1428265047	
1.065869e+06	1	3815024321	1.957186e-07	4035587434	
1.073733e+06	3	2246051850	4.890573e-07	3815024321	3111692719	6.014327e-08	1398579088	1.506393e-08	2501379955	1.506393e-08	3332562587	1.506393e-08	3562383954	1.506393e-08	2521380987	1.506393e-08	4119421155	1.506393e-08	1913762779	1.506393e-08	3678948817	1.506393e-08	2489195127	1.506393e-08	
1.075251e+06	0	3534547045	7.219366e-07	3537925318	
1.077519e+06	1	2489195127	2.943065e-08	3662110242	
1.077877e+06	1	2246051850	5.041212e-07	2501379955	
1.078875e+06	1	2246051850	5.191851e-07	3332562587	
1.079749e+06	0	3016084464	1.450083e-08	3414514926	
1.079901e+06	1	2246051850	5.335519e-07	3778036871	
1.087055e+06	1	3373526895	1.053921e-06	2945849429	
1.087506e+06	0	3373526895	1.053921e-06	1503861029	
1.088315e+06	3	3919026803	2.407765e-08	2916276788	3929228125	2.010568e-08	
1.088737e+06	1	3919026803	4.418333e-08	3929228125	
1.089644e+06	0	2246051850	5.335519e-07	2521380987	
1.099547e+06	1	2440120768	5.582000e-08	2870158420	
1.113990e+06	3	1634407402	1.436787e-08	1503861029	3160344427	1.400000e-08	
1.114985e+06	0	561528368	2.791000e-08	3414514926	
1.122168e+06	1	2246051850	5.629825e-07	2489195127	
1.128729e+06	1	1572835533	1.144932e-06	3147695692	
1.136029e+06	1	2799798816	9.818559e-07	3919026803	
1.137937e+06	1	179097684	4.446731e-07	3704423751	
1.143040e+06	0	3004792470	4.053273e-07	3678948817	
1.147099e+06	0	611212867	1.436787e-08	4187488967	
1.148292e+06	0	3519923770	5.582000e-08	2746930994	
1.153746e+06	0	1494850122	1.436787e-08	4032129539	
1.162262e+06	0	3116505811	2.791000e-08	2835620284	
1.163574e+06	0	3783228500	1.678226e-08	2521380987	
1.170368e+06	1	1572835533	1.159300e-06	1494850122	
1.173159e+06	0	3562383954	1.506393e-08	3604532305	
1.173335e+06	0	3373526895	1.053921e-06	3459374364	
1.173424e+06	0	3428193420	2.791000e-08	1035956119	
1.175209e+06	1	3459374364	2.915883e-08	2835620284	
1.178185e+06	3	2858952728	1.691401e-08	2999719241	3182159117	1.400000e-08	
1.187170e+06	0	3150846686	7.671254e-07	2455922112	
1.196080e+06	0	3519923770	5.582000e-08	29350397	
1.207207e+06	1	1572835533	1.174364e-06	1398579088	
1.214527e+06	0	1572835533	1.174364e-06	921818415	
1.214582e+06	0	259930472	2.791000e-08	2962530363	
1.215599e+06	3	188552836	1.506164e-08	197654791	766581564	1.400000e-08	
1.219466e+06	0	3534547045	7.219366e-07	1634407402	
1.219675e+06	0	2440120768	5.582000e-08	3288380490	
1.225375e+06	1	3373526895	1.067921e-06	3160344427	
1.227499e+06	0	1458432161	5.409766e-08	1950077488	
1.233249e+06	3	2246051850	5.629825e-07	3111692719	3702894340	1.400000e-08	3532745758	1.538109e-08	1072840122	1.538109e-08	3294683754	1.538109e-08	
1.236919e+06	0	2521380987	1.506393e-08	3702894340	
1.237950e+06	3	179097684	4.472624e-07	77395223	1676003954	1.490349e-08	
1.238085e+06	1	179097684	4.621659e-07	1676003954	
1.238975e+06	1	3373526895	1.082289e-06	3537925318	
1.245338e+06	1	3373526895	1.103199e-06	220564665	
1.279535e+06	0	3732071459	2.791000e-08	482917538	
1.286572e+06	1	4231632140	4.017858e-08	3294683754	
1.289672e+06	0	769686034	8.373000e-08	4253718737	
1.291777e+06	0	2246051850	5.629825e-07	4055959668	
1.297628e+06	0	2542835646	2.791000e-08	528880979	
1.304366e+06	0	2046083849	2.791000e-08	3775452048	
1.306728e+06	1	3004792470	4.213506e-07	2746930994	
1.314817e+06	0	482917538	2.791000e-08	810769555	
1.320483e+06	1	3534547045	7.428466e-07	3083717413	
1.328272e+06	3	3428193420	1.400000e-08	2151269300	4285585893	1.424864e-08	2674988631	1.424864e-08	
1.329882e+06	0	1075699702	8.103375e-07	2533881277	
1.332535e+06	0	179097684	4.621659e-07	976558236	
1.333141e+06	1	3150846686	7.814921e-07	1950077488	
1.333653e+06	1	179097684	4.797466e-07	976558236	
1.334038e+06	0	2451350669	2.791000e-08	3241671100	
1.345229e+06	0	3150846686	7.814921e-07	3702894340	
1.345584e+06	0	4046076794	2.791000e-08	2521380987	
1.356266e+06	1	1075699702	8.382475e-07	3953846011	
1.357236e+06	1	1075699702	8.661575e-07	3497999925	
1.361866e+06	1	373638573	1.000000e+00	739080713	
1.363235e+06	1	2246051850	5.773492e-07	2533881277	
1.367767e+06	0	3774459889	2.791000e-08	2674988631	
1.368218e+06	0	2542835646	2.791000e-08	3121292019	
1.383947e+06	1	2542835646	4.227673e-08	1405660995	
1.383996e+06	0	1019134040	2.791000e-08	2487301543	
1.386639e+06	0	3632514288	2.091000e-08	965372172	
1.404515e+06	1	2246051850	5.918983e-07	2455922112	
1.425369e+06	0	3532745758	1.538109e-08	1963165541	
1.425715e+06	1	1075699702	8.812214e-07	3562383954	
1.428652e+06	0	3059103076	3.450466e-08	3084497907	
1.439851e+06	1	3373526895	1.120431e-06	4209590891	
1.446731e+06	1	1075699702	8.955881e-07	2247026945	
1.463960e+06	0	1572835533	1.174364e-06	921425487	
1.474673e+06	1	2246051850	6.062651e-07	4055959668	
1.478853e+06	1	3373526895	1.134431e-06	3702894340	
1.484074e+06	3	3084497907	2.223398e-08	432337108	406745133	2.076768e-08	
1.485000e+06	1	1572835533	1.198266e-06	725558489	
1.487574e+06	1	3084497907	4.300167e-08	406745133	
1.491056e+06	1	2799798816	1.009766e-06	511603307	
1.497967e+06	1	1068020906	9.545512e-04	326805806	
1.506510e+06	3	728028737	1.400000e-08	3736601249	2883513480	2.091000e-08	783121895	2.091000e-08	
1.514647e+06	0	3116505811	2.791000e-08	302486611	
1.524502e+06	1	373638573	1.000000e+00	3774459889	
1.526166e+06	3	2246051850	6.062651e-07	3519923770	2683944377	1.400000e-08	2961226102	2.091000e-08	301219709	2.091000e-08	
1.527465e+06	1	1572835533	1.804532e-06	2246051850	
1.551910e+06	0	4032129539	1.436673e-08	1963165541	
1.561685e+06	1	1572835533	1.818532e-06	3428193420	
1.561877e+06	3	3084497907	2.771677e-08	630280293	1743198400	1.471192e-08	3059144981	1.471192e-08	
1.583483e+06	3	2451350669	1.400000e-08	538453177	3952655669	1.407932e-08	2848685905	1.407932e-08	
1.585020e+06	1	1572835533	1.846442e-06	4046076794	
1.594811e+06	1	1572835533	1.861029e-06	845665321	
1.602592e+06	0	301219709	2.091000e-08	2858952728	
1.606130e+06	1	1572835533	1.876410e-06	3532745758	
1.614097e+06	0	3114612365	5.582000e-08	1743198400	
1.628061e+06	3	1866926464	1.400000e-08	3349724438	1826422368	1.510981e-08	896813269	1.510981e-08	
1.644486e+06	0	2542835646	4.227673e-08	188552836	
1.645931e+06	1	1572835533	1.904320e-06	314650893	
1.646220e+06	0	4031050948	3.628300e-07	825415804	
1.648743e+06	3	2521380987	1.506393e-08	3182159117	37051273	1.400000e-08	
1.657117e+06	1	1572835533	1.918687e-06	607396504	
1.659009e+06	0	1565786989	1.602331e-08	3303338876	
1.669183e+06	0	937177227	1.436787e-08	2138100036	
1.676934e+06	0	1572835533	1.918687e-06	301219709	
1.678546e+06	1	1572835533	1.932687e-06	2683944377	
1.679826e+06	3	3986570268	1.700931e-08	4032129539	1867247157	1.400000e-08	
1.681426e+06	0	2542835646	4.227673e-08	2858952728	
1.683769e+06	1	2799798816	1.023766e-06	838860310	
1.685845e+06	3	1826422368	1.510981e-08	898751805	3633199892	1.400000e-08	
1.687555e+06	1	2521380987	2.977584e-08	3059144981	
1.691978e+06	0	1572835533	1.932687e-06	37051273	
1.699213e+06	1	373638573	1.000000e+00	3288380490	
1.699219e+06	0	1075699702	8.955881e-07	2063946235	
1.721878e+06	0	1572835533	1.932687e-06	301219709	
1.725511e+06	1	1572835533	1.953597e-06	301219709	
1.737443e+06	0	1019134040	2.791000e-08	4119421155	
1.738292e+06	0	259930472	2.791000e-08	528880979	
1.743266e+06	0	1072840122	1.538109e-08	766581564	
1.744277e+06	1	1572835533	1.981313e-06	3084497907	
1.749503e+06	0	2521380987	2.977584e-08	259930472	
1.760735e+06	1	2555962951	3.628300e-07	2263814062	
1.773010e+06	3	3114612365	1.400000e-08	2878871175	1736323711	1.415834e-08	283080478	1.415834e-08	785216844	1.415834e-08	3006103420	1.415834e-08	
1.773235e+06	1	283080478	2.815834e-08	3114612365	
1.776363e+06	0	2250879299	2.791000e-08	1869365069	
1.780734e+06	1	1068020906	9.546070e-04	1434594601	
1.784600e+06	0	3732071459	2.791000e-08	2892683898	
1.785023e+06	1	373638573	1.000000e+00	2962530363	
1.799232e+06	1	283080478	4.231668e-08	1736323711	
1.816577e+06	0	3241671100	2.791000e-08	1867247157	
1.820450e+06	0	1572835533	1.981313e-06	766581564	
1.824593e+06	1	1572835533	2.009223e-06	259930472	
1.837872e+06	0	3108364485	4.249727e-08	392861532	
1.843975e+06	0	1572835533	2.009223e-06	2674988631	
1.848133e+06	3	2487301543	1.400000e-08	2674988631	2898323513	1.407932e-08	1199222225	1.407932e-08	
1.854055e+06	3	3986570268	1.700931e-08	3653734512	3755198008	1.400000e-08	
1.859706e+06	1	1572835533	2.023591e-06	3414514926	
1.870701e+06	3	3534547045	7.560862e-07	3059103076	2795041644	2.126501e-08	
1.892156e+06	0	2799798816	1.023766e-06	310481256	
1.897032e+06	3	1945735688	1.423612e-08	810769555	3492274228	1.400000e-08	
1.902780e+06	1	1945735688	2.823612e-08	3492274228	
1.907601e+06	1	1572835533	2.051501e-06	482917538	
1.919317e+06	3	1541946641	1.400000e-08	528880979	1420914473	1.413836e-08	439844059	1.413836e-08	
1.949931e+06	0	3004792470	4.213506e-07	3732071459	
1.950353e+06	1	4031050948	3.774173e-07	1412415798	
1.953184e+06	0	3241671100	2.791000e-08	1913762779	
1.953554e+06	3	4122240121	2.240390e-08	1738909006	3802520055	2.009337e-08	
1.960005e+06	1	3534547045	7.773513e-07	2795041644	
1.965737e+06	0	1075699702	8.955881e-07	2620740164	
1.975475e+06	3	313359544	1.466659e-08	3952655669	3012889883	1.400000e-08	
1.979377e+06	1	1075699702	9.106979e-07	896813269	
1.979731e+06	3	766581564	1.400000e-08	1963165541	3363823620	1.400000e-08	
1.985077e+06	3	1156624510	2.637667e-08	3888264012	1086559163	1.612060e-08	
1.998337e+06	1	1075699702	9.248363e-07	439844059	
2.004724e+06	0	1572835533	2.051501e-06	1826422368	
2.008678e+06	3	4075596975	1.529264e-08	785216844	3063534263	1.488901e-08	
2.015010e+06	1	2555962951	3.789506e-07	1086559163	
2.035228e+06	3	1458432161	4.821304e-08	310481256	2013640095	2.094626e-08	
2.035494e+06	1	3373526895	1.148667e-06	4004407106	
2.043635e+06	0	2519559028	3.349200e-07	4028593304	
2.060339e+06	0	3150846686	7.814921e-07	2858952728	
2.077557e+06	1	1572835533	2.065869e-06	2328232000	
2.085080e+06	0	2521380987	2.977584e-08	37051273	
2.143857e+06	1	1572835533	2.079869e-06	3755198008	
2.157855e+06	0	1075699702	9.248363e-07	1751902433	
2.159324e+06	0	2961226102	2.091000e-08	3707879645	
2.176873e+06	0	3363823620	1.400000e-08	766581564	
2.180106e+06	3	921425487	1.400000e-08	1035492323	1461359102	2.091000e-08	2027098952	2.091000e-08	
2.181903e+06	3	385785803	2.369999e-08	3122982648	4167430602	1.879728e-08	
2.201976e+06	1	3150846686	7.965537e-07	188552836	
2.211190e+06	0	3004792470	4.213506e-07	2848685905	
2.211675e+06	0	1019134040	2.791000e-08	790319072	
2.220276e+06	3	2883513480	2.091000e-08	4083845756	4096225443	1.400000e-08	
2.229388e+06	1	3150846686	8.134677e-07	2858952728	
2.238830e+06	0	3004792470	4.213506e-07	3783228500	
2.240111e+06	3	690117576	1.458727e-08	3012889883	781549661	1.400000e-08	
2.244274e+06	3	561528368	1.400000e-08	3006103420	907719639	1.403417e-08	1906851972	1.403417e-08	
2.260818e+06	0	2961226102	2.091000e-08	395113485	
2.271453e+06	3	4187488967	1.407306e-08	2487301543	2597880038	1.400000e-08	
2.278227e+06	0	4231632140	4.017858e-08	1867247157	
2.279310e+06	3	2521380987	1.549356e-08	4212779140	1896745001	1.421061e-08	2378434411	1.421061e-08	
2.282008e+06	1	2799798816	1.037904e-06	1420914473	
2.288823e+06	1	373638573	1.000000e+00	911013108	
2.295424e+06	0	1651612823	2.791000e-08	4240624600	
2.304619e+06	0	2799798816	1.037904e-06	1444500749	
2.316174e+06	0	3802520055	2.009337e-08	4096225443	
2.333524e+06	0	1837234470	2.187606e-08	302486611	
2.355263e+06	1	1572835533	2.094933e-06	3678948817	
2.360525e+06	0	1572835533	2.094933e-06	3016084464	
2.365732e+06	0	1075699702	9.248363e-07	2911053862	
2.384405e+06	0	4231632140	4.017858e-08	2961226102	
2.393355e+06	0	3150846686	8.134677e-07	1019134040	
2.395243e+06	1	1572835533	2.110226e-06	4075596975	
2.419008e+06	0	3823443426	2.791000e-08	1458665800	
2.419327e+06	1	1572835533	2.124226e-06	2597880038	
2.432648e+06	3	4028593304	1.400000e-08	1826422368	1837088337	1.450990e-08	1543523724	1.450990e-08	
2.457019e+06	0	1572835533	2.124226e-06	1866926464	
2.459075e+06	3	1634407402	1.436787e-08	2125112500	1761715697	1.400000e-08	
2.461188e+06	0	3004792470	4.213506e-07	2961226102	
2.467483e+06	0	790319072	2.791000e-08	1156624510	
2.478310e+06	1	1075699702	9.390469e-07	2378434411	
2.481134e+06	1	3004792470	4.492606e-07	790319072	
2.483735e+06	3	1572835533	2.124226e-06	2542835646	3099973400	1.400000e-08	2789348510	1.413836e-08	1371202285	1.413836e-08	
2.483781e+06	1	1572835533	2.138364e-06	1371202285	
2.503629e+06	1	373638573	1.000000e+00	2906924538	
2.504779e+06	0	1572835533	2.138364e-06	2789348510	
2.505578e+06	1	3150846686	8.275471e-07	2898323513	
2.552445e+06	1	1572835533	2.152502e-06	2789348510	
2.579489e+06	3	1458665800	2.484463e-08	907719639	629078091	1.709954e-08	
2.595078e+06	3	2521380987	1.574219e-08	4285585893	754560055	1.400000e-08	
2.612473e+06	3	1945735688	1.400000e-08	3016084464	1737134642	1.436848e-08	37613351	1.436848e-08	
2.631094e+06	0	283080478	4.231668e-08	3732071459	
2.633272e+06	3	2961226102	2.127848e-08	37613351	3434666020	1.400000e-08	
2.645760e+06	1	1572835533	2.200715e-06	1458432161	
2.645827e+06	0	3732071459	2.791000e-08	2521380987	
2.648350e+06	3	1502094437	3.806459e-08	1444500749	2369258877	1.775541e-08	
2.683837e+06	0	2883513480	2.091000e-08	629078091	
2.696399e+06	1	373638573	1.000000e+00	2875471576	
2.696594e+06	1	373638573	1.000000e+00	732124878	
2.710286e+06	3	690117576	1.458727e-08	754560055	3563522875	1.400000e-08	
2.711349e+06	1	1572835533	2.214715e-06	4096225443	
2.720961e+06	0	2961226102	2.127848e-08	1945735688	
2.743723e+06	0	1072840122	1.538109e-08	3063534263	
2.755449e+06	0	1837234470	2.187606e-08	1737134642	
2.765024e+06	0	1458665800	2.484463e-08	1906851972	
2.775145e+06	0	1458665800	2.484463e-08	1906851972	
2.777822e+06	1	3150846686	8.567059e-07	3459374364	
2.781606e+06	3	4122240121	2.277238e-08	1737134642	249728555	1.400000e-08	
2.784966e+06	3	3063534263	1.488901e-08	3363823620	4285226245	1.400000e-08	
2.793024e+06	1	1572835533	2.242625e-06	1019134040	
2.795068e+06	3	2555962951	3.789506e-07	4031050948	2707460946	1.757224e-08	2606325002	1.439380e-08	1541925803	1.439380e-08	2024675612	1.439380e-08	1292023300	1.439380e-08	3302973195	1.439380e-08	875106938	1.439380e-08	3314075649	1.439380e-08	2589646060	1.439380e-08	3433591204	1.439380e-08	1848242772	1.439380e-08	250719570	1.439380e-08	2681498831	1.439380e-08	481808867	1.439380e-08	2066612683	1.439380e-08	3458484829	1.439380e-08	2719204682	1.439380e-08	4256642775	1.439380e-08	2449448537	1.439380e-08	463844675	1.439380e-08	3167902617	1.439380e-08	579073438	1.439380e-08	3468130899	1.439380e-08	393090083	1.439380e-08	2343849308	1.439380e-08	1055469694	1.439380e-08	
2.796640e+06	1	3150846686	8.707059e-07	3434666020	
2.807433e+06	1	2555962951	3.933444e-07	393090083	
2.808828e+06	1	3373526895	1.163379e-06	1743198400	
2.815170e+06	1	373638573	1.000000e+00	1664502715	
2.825309e+06	0	2046083849	2.791000e-08	3099973400	
2.833310e+06	0	769686034	8.373000e-08	3121292019	
2.835164e+06	1	1572835533	2.270535e-06	2620740164	
2.836037e+06	1	1572835533	2.308600e-06	1502094437	
2.836769e+06	3	1913762779	1.513699e-08	4187488967	627452446	1.400000e-08	
2.875563e+06	1	1075699702	9.534136e-07	3604532305	
2.888964e+06	1	1075699702	9.674136e-07	3099973400	
2.903917e+06	1	1075699702	9.840562e-07	174500547	
2.923062e+06	3	375852842	1.508811e-08	921818415	2014426858	1.400000e-08	
2.936391e+06	0	1035956119	1.506164e-08	3687573659	
2.937254e+06	1	1572835533	2.322967e-06	965372172	
2.944944e+06	3	1572835533	3.228872e-06	1075699702	2716949832	1.563016e-08	552634658	1.563016e-08	3736523900	1.563016e-08	2213923665	1.563016e-08	1503202005	1.563016e-08	
2.947326e+06	1	1572835533	3.244502e-06	552634658	
2.950777e+06	3	2369258877	1.775541e-08	2138100036	3202152185	1.400000e-08	
2.956104e+06	1	1572835533	3.260132e-06	3736523900	
2.957856e+06	3	1913762779	1.513699e-08	2014426858	2622395779	1.400000e-08	
2.960929e+06	0	3150846686	8.707059e-07	1761715697	
2.984102e+06	0	3150846686	8.707059e-07	2961226102	
2.988741e+06	0	2519559028	3.349200e-07	4119421155	
2.992180e+06	1	1572835533	3.275763e-06	1503202005	
3.010084e+06	3	375852842	1.508811e-08	3633199892	3607413901	1.400000e-08	
3.015497e+06	0	3004792470	4.492606e-07	1869365069	
3.021671e+06	1	1572835533	3.291393e-06	2716949832	
3.022842e+06	1	1572835533	3.305393e-06	2622395779	
3.045174e+06	3	4061687915	1.400000e-08	1820499179	649593533	1.413836e-08	66987975	1.413836e-08	
3.048896e+06	0	3116505811	2.791000e-08	1072840122	
3.067580e+06	3	3986570268	1.759658e-08	690117576	483021244	1.400000e-08	
3.085968e+06	3	1751902433	1.506199e-08	3121292019	3707800333	1.400000e-08	
3.090408e+06	1	1572835533	3.333303e-06	1327969783	
3.100819e+06	3	283080478	3.101988e-08	3687573659	3528190190	2.529680e-08	
3.102176e+06	0	3373526895	1.163379e-06	2961226102	
3.102788e+06	3	1651612823	2.726966e-08	781549661	2185291493	1.464034e-08	
3.113800e+06	1	283080478	5.631668e-08	3528190190	
3.137136e+06	0	283080478	5.631668e-08	249728555	
3.151300e+06	1	3150846686	8.847059e-07	4285226245	
3.158340e+06	1	1572835533	3.361213e-06	2046083849	
3.174720e+06	1	1572835533	3.375213e-06	3563522875	
3.174855e+06	0	3775452048	2.791000e-08	3116505811	
3.187014e+06	0	3373526895	1.163379e-06	611212867	
3.187989e+06	3	3150846686	8.847059e-07	283080478	550176535	1.400000e-08	1674415855	1.410556e-08	4287239676	1.410556e-08	3884987045	1.410556e-08	
3.204323e+06	1	1572835533	3.390843e-06	2213923665	
3.205038e+06	0	3150846686	8.847059e-07	3884987045	
3.224102e+06	1	3150846686	8.988115e-07	4287239676	
3.227580e+06	1	3004792470	4.660428e-07	3783228500	
3.233781e+06	1	2555962951	4.077382e-07	2449448537	
3.239214e+06	0	3150846686	8.988115e-07	550176535	
3.242410e+06	1	3373526895	1.177379e-06	29350397	
3.246379e+06	3	3607413901	1.400000e-08	37051273	1960974751	1.400000e-08	
3.275855e+06	1	3373526895	1.191485e-06	1674415855	
3.300054e+06	0	2343849308	1.439380e-08	4028593304	
3.311686e+06	0	313359544	1.466659e-08	1945735688	
3.323764e+06	3	2799798816	1.344031e-06	2519559028	309459595	1.439674e-08	2348040613	1.439674e-08	
3.327296e+06	0	3534547045	7.773513e-07	1866926464	
3.329206e+06	1	3373526895	1.212763e-06	2961226102	
3.342794e+06	1	1572835533	3.411753e-06	410848061	
3.347737e+06	1	373638573	1.000000e+00	1866926464	
3.353049e+06	0	3150846686	8.988115e-07	3732071459	
3.369819e+06	1	2799798816	1.358031e-06	3707800333	
3.389539e+06	0	3373526895	1.212763e-06	550176535	
3.402295e+06	1	1572835533	3.425753e-06	766581564	
3.406377e+06	3	1634407402	1.436787e-08	550176535	3180086772	1.400000e-08	
3.418351e+06	1	1068020906	9.546349e-04	1347872676	
3.501441e+06	1	3373526895	1.226974e-06	1896745001	
3.512184e+06	1	3150846686	9.129170e-07	3884987045	
3.521721e+06	0	3775452048	2.791000e-08	3986570268	
3.550356e+06	3	3004792470	3.756164e-07	2440120768	3833074883	1.462464e-08	1462644303	1.462464e-08	4088625113	1.462464e-08	1237914369	1.462464e-08	2733144751	1.462464e-08	1649557018	1.462464e-08	1831065885	1.462464e-08	79461789	1.462464e-08	1621314342	1.462464e-08	2016090987	1.462464e-08	
3.550400e+06	0	3004792470	3.756164e-07	79461789	
3.564525e+06	3	1831065885	1.462464e-08	3180086772	1553963666	1.400000e-08	
3.585541e+06	1	1572835533	3.440378e-06	79461789	
3.588486e+06	0	1572835533	3.440378e-06	1237914369	
3.611002e+06	1	179097684	4.937466e-07	1761715697	
3.613283e+06	3	4231632140	1.400000e-08	3986570268	1002680420	1.459172e-08	734120091	1.459172e-08	2475979558	1.459172e-08	
3.623400e+06	1	1572835533	3.454969e-06	1002680420	
3.660545e+06	0	2883513480	2.091000e-08	1831065885	
3.662340e+06	0	2883513480	2.091000e-08	483021244	
3.671226e+06	0	3150846686	9.129170e-07	1960974751	
3.672213e+06	1	3150846686	9.269963e-07	2848685905	
3.683547e+06	1	2555962951	4.221320e-07	2066612683	
3.695396e+06	0	1553963666	1.400000e-08	1960974751	
3.720371e+06	1	1572835533	3.468969e-06	4240624600	
3.722216e+06	1	3150846686	9.418853e-07	3063534263	
3.732526e+06	1	373638573	1.000000e+00	3732071459	
3.733225e+06	1	3150846686	9.558853e-07	1960974751	
3.767630e+06	1	1572835533	3.483108e-06	649593533	
3.773638e+06	1	1572835533	3.497108e-06	3607413901	
3.799533e+06	0	3150846686	9.558853e-07	1553963666	
3.824182e+06	0	3004792470	3.756164e-07	3707879645	
3.828374e+06	1	3373526895	1.241342e-06	1634407402	
3.831893e+06	1	3373526895	1.255710e-06	611212867	
3.882526e+06	3	1237914369	1.462464e-08	4231632140	2649056468	1.400000e-08	
3.884426e+06	1	373638573	1.000000e+00	728028737	
3.884850e+06	1	1237914369	2.862464e-08	2649056468	
3.905885e+06	0	3150846686	9.558853e-07	1072840122	
3.942735e+06	0	3150846686	9.558853e-07	40245973	
4.065672e+06	1	3150846686	9.704771e-07	734120091	
4.167496e+06	0	2369258877	1.775541e-08	302486611	
4.169667e+06	1	1572835533	3.511108e-06	483021244	
4.172960e+06	3	2013640095	2.157090e-08	1462644303	3381587904	1.400000e-08	
4.270071e+06	3	2013640095	2.270042e-08	4260098875	175860597	1.400000e-08	
4.280473e+06	1	3150846686	9.851017e-07	3833074883	
4.336765e+06	0	1572835533	3.511108e-06	1837234470	
4.356194e+06	1	1572835533	3.532984e-06	1837234470	
4.368342e+06	1	2799798816	1.372279e-06	2892683898	
4.375109e+06	1	1572835533	3.546984e-06	395113485	
4.526899e+06	1	3373526895	1.269710e-06	1553963666	
4.532514e+06	3	1572835533	3.546984e-06	3004792470	1089013536	1.400000e-08	552498239	1.446466e-08	481049431	1.446466e-08	2950407739	1.446466e-08	72955594	1.446466e-08	1771264541	1.446466e-08	2353028958	1.446466e-08	2980075456	1.446466e-08	3449694611	1.446466e-08	1194638860	1.446466e-08	114837353	1.446466e-08	2341758500	1.446466e-08	651046398	1.446466e-08	2780384598	1.446466e-08	1061526795	1.446466e-08	3342541004	1.446466e-08	1577969976	1.446466e-08	695939830	1.446466e-08	229435916	1.446466e-08	1850435983	1.446466e-08	19131048	1.446466e-08	2426951832	1.446466e-08	3089865955	1.446466e-08	3526559023	1.446466e-08	73116178	1.446466e-08	2654473721	1.446466e-08	
4.532634e+06	1	1572835533	3.561448e-06	3089865955	
4.532641e+06	1	1572835533	3.575913e-06	1194638860	
4.533069e+06	1	1572835533	3.590378e-06	651046398	
4.533786e+06	1	1572835533	3.604842e-06	3449694611	
4.536254e+06	1	1572835533	3.619307e-06	2950407739	
4.539122e+06	0	1572835533	3.619307e-06	2341758500	
4.567445e+06	0	19131048	1.446466e-08	1850435983	
4.572141e+06	3	2799798816	1.372279e-06	426576124	2564127097	1.400000e-08	3554620561	1.472778e-08	2789301560	1.472778e-08	3201932102	1.472778e-08	3527214469	1.472778e-08	224410298	1.472778e-08	3967778277	1.472778e-08	1759850032	1.472778e-08	2704180049	1.472778e-08	287394855	1.472778e-08	2670951229	1.472778e-08	2367820772	1.472778e-08	771359632	1.472778e-08	4186562710	1.472778e-08	3211480542	1.472778e-08	346987663	1.472778e-08	1922039940	1.472778e-08	2110688926	1.472778e-08	1314810707	1.472778e-08	
4.574224e+06	1	1572835533	3.633772e-06	3526559023	
4.580237e+06	1	1572835533	3.648236e-06	2341758500	
4.590983e+06	1	1572835533	3.662701e-06	72955594	
4.596079e+06	0	2780384598	1.446466e-08	1089013536	
4.601794e+06	0	2063946235	1.458727e-08	2980075456	
4.604021e+06	1	1068020906	9.546493e-04	3433591204	
4.605920e+06	0	2733144751	1.462464e-08	875106938	
4.612068e+06	1	1572835533	3.677166e-06	73116178	
4.613015e+06	1	1572835533	3.691630e-06	2654473721	
4.618921e+06	0	3150846686	9.851017e-07	175860597	
4.629851e+06	1	2799798816	1.387007e-06	2670951229	
4.635182e+06	0	3241671100	2.791000e-08	2016090987	
4.635350e+06	0	937177227	1.436787e-08	561528368	
4.638493e+06	1	2799798816	1.401735e-06	771359632	
4.640569e+06	0	346987663	1.472778e-08	3211480542	
4.654770e+06	3	4122240121	2.277238e-08	1089013536	2472898255	1.400000e-08	
4.668234e+06	0	1651612823	2.726966e-08	1771264541	
4.672857e+06	1	2799798816	1.429005e-06	1651612823	
4.677211e+06	1	1572835533	3.705630e-06	175860597	
4.691113e+06	1	1572835533	3.720095e-06	552498239	
4.701802e+06	0	1572835533	3.720095e-06	3381587904	
4.734813e+06	1	1572835533	3.734560e-06	2353028958	
4.765376e+06	1	3534547045	7.919759e-07	1831065885	
4.789866e+06	0	3150846686	9.851017e-07	114837353	
4.792427e+06	0	3381587904	1.400000e-08	561528368	
4.820310e+06	1	1572835533	3.762470e-06	3116505811	
4.840062e+06	0	2367820772	1.472778e-08	2789301560	
4.852203e+06	1	3150846686	9.991017e-07	2472898255	
4.853409e+06	1	1572835533	3.776934e-06	481049431	
4.900526e+06	0	2348040613	1.439674e-08	1867247157	
4.985983e+06	1	3373526895	1.284334e-06	2733144751	
4.991579e+06	1	1572835533	3.791559e-06	1649557018	
5.011757e+06	1	1572835533	3.806287e-06	2367820772	
5.035310e+06	1	1572835533	3.820287e-06	3202152185	
5.083283e+06	3	1072840122	1.584575e-08	114837353	3459912306	1.400000e-08	
5.140812e+06	3	2027098952	2.137466e-08	2426951832	1598213090	1.400000e-08	
5.145475e+06	0	4122240121	2.277238e-08	1621314342	
5.162871e+06	1	1572835533	3.834911e-06	4088625113	
5.187913e+06	1	1572835533	3.849376e-06	2780384598	
5.277161e+06	3	1867247157	1.400000e-08	40245973	1495382923	1.400000e-08	
5.301365e+06	0	2555962951	4.221320e-07	2789301560	
5.321221e+06	1	1572835533	3.865399e-06	3707879645	
5.352380e+06	3	1572835533	3.865399e-06	3108364485	722767024	1.400000e-08	515125813	1.424864e-08	1298902656	1.424864e-08	
5.360089e+06	3	229435916	1.447757e-08	2348040613	3532628785	1.438382e-08	
5.365138e+06	1	1572835533	3.879648e-06	515125813	
5.369435e+06	0	1621314342	1.462464e-08	2451350669	
5.374437e+06	1	1572835533	3.897403e-06	2369258877	
5.378843e+06	1	1572835533	3.911652e-06	1298902656	
5.390559e+06	1	3373526895	1.312959e-06	1237914369	
5.415592e+06	3	2883513480	1.879987e-08	2063946235	826924968	1.669740e-08	
5.434710e+06	1	2799798816	1.443732e-06	3201932102	
5.438007e+06	1	1572835533	3.926046e-06	2343849308	
5.483779e+06	1	3150846686	1.013102e-06	3459912306	
5.496273e+06	1	1068020906	9.550714e-04	2555962951	
5.628289e+06	3	875106938	1.464244e-08	3697249003	3190311976	1.400000e-08	
5.637379e+06	1	2799798816	1.458460e-06	3211480542	
5.667878e+06	1	1572835533	3.940510e-06	695939830	
5.698738e+06	1	1572835533	3.954510e-06	1867247157	
5.738897e+06	1	373638573	1.000000e+00	579073438	
5.761306e+06	3	769686034	7.103236e-08	1913762779	841878026	2.783462e-08	
5.790258e+06	1	1572835533	3.969238e-06	2704180049	
5.805276e+06	1	1572835533	3.983703e-06	2980075456	
5.814469e+06	0	309459595	1.439674e-08	722767024	
5.860830e+06	0	826924968	1.669740e-08	3342541004	
5.924373e+06	1	1572835533	3.998345e-06	875106938	
5.941388e+06	0	3373526895	1.312959e-06	3241671100	
5.945501e+06	0	3823443426	2.791000e-08	229435916	
5.951852e+06	1	1068020906	9.550860e-04	1543523724	
5.959835e+06	3	769686034	5.333091e-08	19131048	2747938267	1.608305e-08	3177521820	1.608305e-08	
5.977836e+06	1	1572835533	4.012345e-06	1945735688	
5.988931e+06	0	1759850032	1.472778e-08	2589646060	
6.002322e+06	1	3150846686	1.027102e-06	4061687915	
6.015816e+06	0	2027098952	2.137466e-08	313359544	
6.025352e+06	1	1572835533	4.027073e-06	2110688926	
6.033087e+06	1	1572835533	4.054983e-06	3775452048	
6.064330e+06	0	3696843781	1.507586e-08	1541925803	
6.096806e+06	1	373638573	1.000000e+00	1565786989	
6.133340e+06	0	1314810707	1.472778e-08	627452446	
6.137762e+06	1	373638573	1.000000e+00	3381587904	
6.214270e+06	0	1572835533	4.054983e-06	2016090987	
6.268690e+06	3	1055469694	1.439380e-08	722767024	3363025910	1.400000e-08	
6.268786e+06	0	302486611	1.506164e-08	2016090987	
6.281205e+06	3	2250879299	2.791000e-08	2451350669	1290268226	1.400000e-08	
6.284940e+06	3	1314810707	1.463744e-08	1292023300	764400056	1.448414e-08	
6.295941e+06	1	1572835533	4.069448e-06	1061526795	
6.304073e+06	1	3373526895	1.328021e-06	302486611	
6.331071e+06	3	4119421155	1.506393e-08	1290268226	1517815290	1.400000e-08	
6.344746e+06	3	1458665800	2.522845e-08	3532628785	66064165	1.400000e-08	
6.369887e+06	3	1072840122	1.647039e-08	2016090987	2766526296	1.400000e-08	
6.388515e+06	1	3373526895	1.344491e-06	1072840122	
6.455114e+06	1	1572835533	4.083448e-06	1517815290	
6.459359e+06	0	2883513480	1.879987e-08	3190311976	
6.462888e+06	1	2799798816	1.472460e-06	3363025910	
6.491062e+06	0	1572835533	4.083448e-06	1495382923	
6.513801e+06	0	3150846686	1.027102e-06	561528368	
6.555041e+06	0	1572835533	4.083448e-06	3527214469	
6.589726e+06	0	3150846686	1.027102e-06	2883513480	
6.643252e+06	1	1572835533	4.111282e-06	841878026	
6.676126e+06	1	1572835533	4.125760e-06	229435916	
6.694307e+06	0	1572835533	4.125760e-06	561528368	
6.695649e+06	1	373638573	1.000000e+00	1461359102	
6.697119e+06	3	2883513480	1.919367e-08	1848242772	2454553876	1.400000e-08	
6.711707e+06	1	3150846686	1.041102e-06	1495382923	
6.776716e+06	1	1572835533	4.144954e-06	2883513480	
6.777816e+06	0	1458665800	2.522845e-08	561528368	
6.869224e+06	3	2250879299	2.562001e-08	1577969976	1923515514	1.675465e-08	
7.090755e+06	1	2250879299	3.962001e-08	2454553876	
7.092665e+06	1	3373526895	1.358491e-06	561528368	
7.118733e+06	0	1923515514	1.675465e-08	2766526296	
7.126716e+06	1	373638573	1.000000e+00	2185291493	
7.177143e+06	1	1572835533	4.159418e-06	3342541004	
7.292055e+06	1	1572835533	4.173812e-06	1541925803	
7.361964e+06	1	1572835533	4.187812e-06	1541946641	
7.394663e+06	3	287394855	1.472778e-08	66064165	3339828518	1.400000e-08	
7.442351e+06	1	373638573	1.000000e+00	627452446	
7.767032e+06	0	1572835533	4.187812e-06	1850435983	
7.792685e+06	1	1572835533	4.202277e-06	1850435983	
7.914410e+06	1	373638573	1.000000e+00	1314810707	
7.960506e+06	1	373638573	1.000000e+00	2589646060	
8.094391e+06	1	373638573	1.000000e+00	3823443426	
8.249723e+06	1	373638573	1.000000e+00	287394855	
8.332261e+06	0	3150846686	1.041102e-06	1458665800	
8.455546e+06	3	3339828518	1.400000e-08	1593891639	105819081	1.400000e-08	
8.488576e+06	1	373638573	1.000000e+00	3527214469	
8.498128e+06	3	826924968	1.776133e-08	4119421155	533433650	1.400000e-08	
8.770099e+06	1	3373526895	1.383719e-06	1458665800	
8.993442e+06	0	2766526296	1.400000e-08	2564127097	
9.009206e+06	1	373638573	1.000000e+00	2789301560	
9.030609e+06	0	2013640095	2.270042e-08	826924968	
9.181522e+06	1	1068020906	9.551005e-04	3303338876	
9.441545e+06	1	1572835533	4.225049e-06	4122240121	
9.550572e+06	1	2799798816	1.486857e-06	309459595	
9.568879e+06	1	1572835533	4.240111e-06	1751902433	
9.692920e+06	0	1572835533	4.240111e-06	3339828518	
9.695559e+06	0	3534547045	7.919759e-07	66987975	
9.872577e+06	1	3534547045	8.061143e-07	66987975	
