7.217342e+01	1	486050091	5.582000e-08	1631081845	
1.253539e+02	1	1222799196	3.070100e-07	2205180068	
2.860737e+02	1	3921011129	3.070100e-07	3908154577	
7.450669e+02	0	3481866093	2.791000e-08	1236021306	
9.979728e+02	1	2984600922	3.070100e-07	732124878	
1.392261e+03	1	949068759	5.582000e-08	2480932170	
1.592164e+03	1	770580294	5.582000e-08	2937387076	
1.720538e+03	1	545239233	3.070100e-07	257754683	
1.831946e+03	1	858320168	5.582000e-08	331336395	
1.873362e+03	1	1572835533	3.070100e-07	1444500749	
1.944182e+03	0	3841896594	2.791000e-08	2455496064	
2.291590e+03	1	1425083048	5.582000e-08	3232700421	
2.475743e+03	1	3126241903	5.582000e-08	780264402	
2.678192e+03	1	426576124	3.070100e-07	3462747	
3.011103e+03	1	838860310	5.582000e-08	290926289	
4.076695e+03	1	1068020906	9.543279e-04	1498734392	
4.974059e+03	1	1465560917	3.070100e-07	873214132	
4.988182e+03	1	3373526895	3.070100e-07	3919821980	
5.003274e+03	1	2340740170	3.070100e-07	941534069	
5.810798e+03	0	632754209	2.791000e-08	1735432893	
6.085933e+03	1	3933289935	5.582000e-08	3774459889	
7.387402e+03	1	3150846686	3.070100e-07	3616865126	
7.753599e+03	0	3938221642	2.791000e-08	925199572	
8.049933e+03	1	179097684	3.070100e-07	1206764858	
8.265736e+03	0	3126241903	5.582000e-08	1661091397	
8.837482e+03	1	2779686750	5.582000e-08	3150420704	
9.332396e+03	1	2246051850	3.070100e-07	384163328	
9.711941e+03	1	1790255658	5.582000e-08	197654791	
1.133885e+04	0	2519559028	2.791000e-07	443746396	
1.159341e+04	1	1222799196	3.349200e-07	2263814062	
1.178773e+04	1	3534547045	3.070100e-07	582973675	
1.193105e+04	1	3921011129	3.349200e-07	1738899943	
1.393337e+04	0	4263717482	2.791000e-08	2125112500	
1.405618e+04	0	2681375347	2.791000e-08	1586980658	
1.500163e+04	1	1068020906	9.543558e-04	3919026803	
1.536208e+04	1	2235064901	3.070100e-07	4263717482	
1.564330e+04	0	2235064901	3.070100e-07	2125112500	
1.720668e+04	0	426576124	3.070100e-07	1236021306	
1.803057e+04	1	1572835533	3.628300e-07	770580294	
1.826626e+04	0	3150846686	3.070100e-07	725558489	
1.915198e+04	0	3126241903	5.582000e-08	1731090175	
1.939587e+04	1	1068020906	9.543837e-04	3708838243	
1.962239e+04	1	486050091	8.373000e-08	3800234335	
2.073894e+04	1	1037584679	5.582000e-08	2408568032	
2.326629e+04	1	3921011129	3.628300e-07	3421887303	
2.366720e+04	1	3921011129	4.186500e-07	858320168	
2.378390e+04	1	545239233	3.349200e-07	2737363250	
2.378522e+04	0	2466232951	2.791000e-08	598947138	
2.500237e+04	1	1222799196	3.907400e-07	3933289935	
2.542980e+04	1	3126241903	8.373000e-08	2455496064	
2.553517e+04	1	3126241903	1.116400e-07	925199572	
2.648107e+04	1	3921011129	4.465600e-07	778035964	
2.689441e+04	0	2393342300	2.791000e-08	2349140130	
3.020673e+04	1	870323177	5.582000e-08	3621383820	
3.032837e+04	1	1425083048	8.373000e-08	2409063466	
3.247674e+04	1	3534547045	3.349200e-07	2393342300	
3.257591e+04	0	2340740170	3.070100e-07	245436729	
3.409916e+04	1	3534547045	3.628300e-07	3889879026	
3.471036e+04	1	1963165541	5.582000e-08	1019134040	
3.598857e+04	1	3534547045	3.907400e-07	1735432893	
3.648251e+04	3	3004792470	2.791000e-07	838860310	3687573659	1.400000e-08	3196256300	2.091000e-08	848448836	2.091000e-08	
3.739716e+04	1	3749853089	5.582000e-08	2528553283	
3.769198e+04	0	4259593397	2.791000e-07	3129006749	
4.079674e+04	1	4259593397	3.070100e-07	1327969783	
4.251684e+04	0	287801793	2.791000e-08	3257166052	
4.303464e+04	1	545239233	3.628300e-07	3707189490	
4.442657e+04	1	2799798816	3.070100e-07	3988949870	
4.711689e+04	0	1425083048	8.373000e-08	2932274237	
4.788576e+04	0	1434594601	2.791000e-08	1878784256	
5.026436e+04	1	3732071459	5.582000e-08	3121047530	
5.132977e+04	1	2235064901	3.349200e-07	3116505811	
5.283674e+04	1	3737780296	3.070100e-07	443746396	
5.362395e+04	1	3737780296	3.349200e-07	3176785673	
5.411519e+04	0	1458432161	2.791000e-08	1541946641	
5.449982e+04	1	2519559028	3.070100e-07	2298477853	
5.479473e+04	1	3749853089	8.373000e-08	3424908067	
5.605691e+04	0	2340740170	3.070100e-07	2718413753	
5.868299e+04	1	2870037616	5.582000e-08	2693713428	
5.916443e+04	0	1222799196	3.907400e-07	810769555	
5.931548e+04	1	1222799196	4.186500e-07	810769555	
6.243782e+04	0	1661091397	2.791000e-08	2038493855	
6.260945e+04	0	1878784256	2.791000e-08	1986278615	
6.341745e+04	0	870323177	5.582000e-08	387772665	
6.570972e+04	0	3938221642	2.791000e-08	1731090175	
6.815405e+04	1	3257166052	5.582000e-08	1584276479	
6.827821e+04	0	2779686750	5.582000e-08	905418128	
6.936086e+04	3	3373526895	3.070100e-07	486050091	2211003714	1.400000e-08	2916276788	1.743250e-08	3696193412	1.743250e-08	15308464	1.743250e-08	1239307652	1.743250e-08	
7.171952e+04	1	3373526895	3.244425e-07	15308464	
7.204907e+04	1	3921011129	4.744700e-07	4231632140	
7.229094e+04	0	3921011129	4.744700e-07	1379399837	
7.509512e+04	1	2349140130	5.582000e-08	862710978	
7.717601e+04	0	870323177	5.582000e-08	2178051842	
7.991750e+04	0	2932274237	2.791000e-08	1493201942	
8.190739e+04	0	1123501568	2.791000e-08	636961411	
8.250584e+04	1	2235064901	3.628300e-07	3084497907	
8.433156e+04	0	3004792470	2.791000e-07	4061687915	
8.942009e+04	0	3736894086	2.791000e-08	129185354	
9.122210e+04	1	3534547045	4.186500e-07	632754209	
9.572135e+04	1	1068020906	9.544116e-04	3481866093	
9.590248e+04	0	1465560917	3.070100e-07	3071234124	
9.702297e+04	1	3534547045	4.326500e-07	2211003714	
9.898700e+04	0	3749853089	8.373000e-08	1731090175	
1.023435e+05	0	385785803	2.791000e-08	754869367	
1.026901e+05	0	1134175585	2.791000e-08	2038493855	
1.067483e+05	1	3373526895	3.418750e-07	1239307652	
1.135911e+05	1	2246051850	3.349200e-07	741863299	
1.148899e+05	3	1425083048	8.373000e-08	2779686750	1945448119	1.400000e-08	3396227953	2.091000e-08	3321237907	2.091000e-08	
1.163952e+05	1	3004792470	3.070100e-07	3736601249	
1.175981e+05	1	3737780296	6.419300e-07	2519559028	
1.200240e+05	1	3534547045	5.442900e-07	3126241903	
1.232973e+05	0	2669757562	2.791000e-08	2504591099	
1.270456e+05	1	3150846686	3.210100e-07	1945448119	
1.290561e+05	1	2799798816	3.349200e-07	1156624510	
1.323429e+05	1	1068020906	9.544396e-04	4274934102	
1.324609e+05	0	2340740170	3.070100e-07	1516068388	
1.346223e+05	1	3534547045	5.722000e-07	3061883439	
1.350025e+05	0	2870037616	5.582000e-08	688805295	
1.350121e+05	0	1572835533	3.628300e-07	3071234124	
1.360521e+05	1	3534547045	6.280200e-07	870323177	
1.389311e+05	1	2799798816	3.628300e-07	598947138	
1.488599e+05	1	3197676583	5.582000e-08	1593850299	
1.498291e+05	0	2984600922	3.070100e-07	2074240873	
1.530217e+05	0	3534547045	6.280200e-07	1379399837	
1.572032e+05	0	1134175585	2.791000e-08	3696193412	
1.573000e+05	1	3373526895	3.697850e-07	387772665	
1.575201e+05	1	3737780296	6.698400e-07	3382444416	
1.590885e+05	0	3129006749	2.791000e-08	1541946641	
1.594103e+05	3	3921011129	4.744700e-07	3257166052	3187199216	1.400000e-08	3330100144	2.091000e-08	310481256	2.091000e-08	
1.619212e+05	1	3921011129	4.884700e-07	3187199216	
1.629703e+05	0	2349140130	5.582000e-08	3747246174	
1.639757e+05	1	1222799196	4.744700e-07	949068759	
1.651792e+05	1	3921011129	5.093800e-07	3330100144	
1.654557e+05	1	1075699702	3.070100e-07	3071234124	
1.674038e+05	0	1572835533	3.628300e-07	561528368	
1.720864e+05	0	2235064901	3.628300e-07	2859795595	
1.722628e+05	0	179097684	3.070100e-07	4252347608	
1.731932e+05	0	2856850640	2.791000e-08	315200650	
1.736118e+05	1	179097684	3.349200e-07	4252347608	
1.803291e+05	1	1068020906	9.544675e-04	2190522392	
1.833543e+05	0	3921011129	5.093800e-07	287801793	
1.845797e+05	1	1068020906	9.544954e-04	266059373	
1.849899e+05	0	3737780296	6.698400e-07	1434594601	
1.873830e+05	1	4031050948	3.070100e-07	315200650	
1.877559e+05	1	3737780296	9.768500e-07	4031050948	
1.890553e+05	1	717226258	4.882000e-08	3396227953	
1.923381e+05	0	3004792470	3.070100e-07	2906924538	
1.971692e+05	0	2757833455	2.791000e-08	2956861855	
2.019968e+05	0	2799798816	3.628300e-07	3497999925	
2.056390e+05	1	2246051850	3.628300e-07	953296898	
2.173482e+05	0	287801793	2.791000e-08	2859795595	
2.192160e+05	1	3373526895	3.976950e-07	1661091397	
2.194655e+05	0	1425083048	8.373000e-08	3326748277	
2.211619e+05	0	2235064901	3.628300e-07	287801793	
2.220952e+05	1	545239233	6.698400e-07	2340740170	
2.226894e+05	1	2984600922	3.349200e-07	2440120768	
2.289470e+05	1	2856850640	5.582000e-08	3129006749	
2.380192e+05	1	405521437	5.582000e-08	211811971	
2.433748e+05	0	3373526895	3.976950e-07	1731090175	
2.523834e+05	0	3749853089	8.373000e-08	2038493855	
2.542920e+05	3	3749853089	8.373000e-08	2349140130	817087088	1.400000e-08	551137729	2.091000e-08	1218250404	2.091000e-08	
2.566969e+05	3	2235064901	3.628300e-07	1425083048	1035956119	1.400000e-08	1211996162	1.743250e-08	188552836	1.743250e-08	2029773149	1.743250e-08	302486611	1.743250e-08	
2.579270e+05	1	3749853089	9.773000e-08	817087088	
2.606697e+05	0	1379399837	2.791000e-08	551137729	
2.609325e+05	0	3921011129	5.093800e-07	1035956119	
2.616329e+05	0	2046083849	2.791000e-08	2487301543	
2.617136e+05	3	1731090175	1.400000e-08	551137729	1842102965	1.741000e-08	1285693762	1.741000e-08	
2.626178e+05	0	790319072	2.791000e-08	102901530	
2.628776e+05	0	253808213	2.791000e-08	1664502715	
2.640693e+05	0	3004792470	3.070100e-07	3497999925	
2.676998e+05	1	2246051850	4.186500e-07	1790255658	
2.722274e+05	1	1068020906	9.545233e-04	3392858646	
2.759784e+05	0	3921011129	5.093800e-07	1494141940	
2.764930e+05	3	310481256	2.178996e-08	3696193412	1078741991	1.655254e-08	
2.767222e+05	1	2932274237	4.446254e-08	1078741991	
2.827526e+05	1	3279231079	5.582000e-08	869234806	
2.878007e+05	0	2669757562	2.791000e-08	3891448235	
2.904788e+05	0	3747246174	2.791000e-08	1285693762	
3.003610e+05	3	3747246174	1.400000e-08	2406269022	2723643411	2.091000e-08	1804212609	2.091000e-08	
3.047071e+05	0	3953846011	2.791000e-08	2919643181	
3.076548e+05	3	3732071459	6.678351e-08	3114612365	438292632	1.694649e-08	
3.079443e+05	3	3704423751	1.400000e-08	3020817656	2001290253	2.091000e-08	3147695692	2.091000e-08	
3.081388e+05	1	3147695692	3.491000e-08	3704423751	
3.100341e+05	0	333964007	2.791000e-08	511603307	
3.130121e+05	0	3147695692	3.491000e-08	2001290253	
3.137022e+05	1	1403705120	3.070100e-07	3012070026	
3.176545e+05	0	1218250404	2.091000e-08	2723643411	
3.193954e+05	0	2718413753	2.791000e-08	2835620284	
3.245923e+05	0	3534547045	6.280200e-07	1134175585	
3.260337e+05	0	1804212609	2.091000e-08	1285693762	
3.287341e+05	0	2235064901	3.628300e-07	310481256	
3.292161e+05	3	2125112500	2.690425e-08	310481256	3179285865	2.279571e-08	
3.292494e+05	0	1379399837	2.791000e-08	1842102965	
3.302479e+05	0	2932274237	4.446254e-08	245436729	
3.304585e+05	1	1403705120	3.349200e-07	865537991	
3.332514e+05	3	3534547045	6.280200e-07	3373526895	2173231515	1.400000e-08	740082705	1.421093e-08	2795063678	1.421093e-08	3642829293	1.421093e-08	2707128518	1.421093e-08	474866315	1.421093e-08	1639799867	1.421093e-08	1026028388	1.421093e-08	1128056158	1.421093e-08	2909632847	1.421093e-08	937177227	1.421093e-08	3393811039	1.421093e-08	611212867	1.421093e-08	1104410542	1.421093e-08	2328232000	1.421093e-08	2999719241	1.421093e-08	1931993247	1.421093e-08	1494850122	1.421093e-08	3414514926	1.421093e-08	2312786130	1.421093e-08	3537925318	1.421093e-08	1634407402	1.421093e-08	3869596591	1.421093e-08	3375523036	1.421093e-08	772925454	1.421093e-08	2215785330	1.421093e-08	3491092596	1.421093e-08	57770090	1.421093e-08	
3.336066e+05	1	3534547045	6.422309e-07	1494850122	
3.337089e+05	1	2215785330	2.842185e-08	772925454	
3.337332e+05	0	3534547045	6.422309e-07	2328232000	
3.346262e+05	1	3534547045	6.564419e-07	57770090	
3.357327e+05	0	3534547045	6.564419e-07	1026028388	
3.359840e+05	0	3534547045	6.564419e-07	3375523036	
3.361698e+05	0	754869367	2.791000e-08	911013108	
3.362163e+05	0	3375523036	1.421093e-08	2999719241	
3.401550e+05	3	2718413753	2.108524e-08	6723929	3071577057	1.736738e-08	1452489764	1.736738e-08	
3.411668e+05	1	1068020906	9.545512e-04	2757833455	
3.412588e+05	1	3147695692	5.582000e-08	2001290253	
3.413389e+05	1	3534547045	6.706528e-07	1634407402	
3.413775e+05	0	2215785330	2.842185e-08	3375523036	
3.415985e+05	0	3534547045	6.706528e-07	3537925318	
3.418771e+05	1	426576124	3.349200e-07	2710766136	
3.419789e+05	1	2999719241	2.842185e-08	2795063678	
3.426061e+05	0	3534547045	6.706528e-07	1639799867	
3.429164e+05	1	3534547045	6.848637e-07	937177227	
3.432973e+05	1	1931993247	2.842185e-08	1128056158	
3.436404e+05	1	2246051850	4.465600e-07	1458665800	
3.439930e+05	0	2799798816	3.628300e-07	1986278615	
3.451843e+05	0	2916276788	1.743250e-08	3414514926	
3.462341e+05	0	3534547045	6.848637e-07	3393811039	
3.463365e+05	1	3534547045	6.990746e-07	611212867	
3.472645e+05	1	3534547045	7.132856e-07	740082705	
3.474535e+05	3	4259593397	3.070100e-07	1963165541	4260098875	1.400000e-08	3696843781	2.091000e-08	2138100036	2.091000e-08	
3.490250e+05	1	3534547045	7.274965e-07	2328232000	
3.496254e+05	0	3921011129	5.093800e-07	2859795595	
3.522062e+05	1	3534547045	7.417074e-07	3869596591	
3.531005e+05	3	1931993247	2.842185e-08	2999719241	1726701215	1.400000e-08	1412415798	1.442185e-08	
3.544690e+05	1	3534547045	7.559183e-07	3375523036	
3.559786e+05	0	3150846686	3.210100e-07	1123501568	
3.569899e+05	1	3737780296	1.004760e-06	3823443426	
3.572779e+05	0	3534547045	7.559183e-07	1412415798	
3.599139e+05	0	2215785330	2.842185e-08	3642829293	
3.633190e+05	0	1218250404	2.091000e-08	1804212609	
3.636032e+05	1	3921011129	5.233800e-07	1035956119	
3.672086e+05	1	3749853089	1.186400e-07	2723643411	
3.750264e+05	0	3749853089	1.186400e-07	3938221642	
3.795815e+05	1	179097684	3.523525e-07	2916276788	
3.804923e+05	3	1222799196	8.866874e-07	2246051850	375852842	1.717130e-08	3593732192	1.717130e-08	
3.823186e+05	0	1931993247	2.842185e-08	1134175585	
3.848591e+05	1	3534547045	7.699183e-07	2173231515	
3.910859e+05	1	1222799196	9.038587e-07	375852842	
3.921083e+05	0	1134175585	2.791000e-08	2312786130	
3.930292e+05	0	2215785330	2.842185e-08	2312786130	
3.981931e+05	1	3534547045	7.841293e-07	2707128518	
3.994528e+05	0	2799798816	3.628300e-07	1415695418	
3.995426e+05	3	2038493855	1.400000e-08	1639799867	3888264012	1.406046e-08	313359544	1.406046e-08	
3.997642e+05	0	1134175585	2.791000e-08	3888264012	
4.001662e+05	1	1068020906	9.545791e-04	3709881891	
4.023633e+05	0	1572835533	3.628300e-07	636961411	
4.066021e+05	0	3393811039	1.421093e-08	474866315	
4.107432e+05	0	1379399837	2.791000e-08	313359544	
4.125238e+05	0	1415695418	2.791000e-08	888311950	
4.150114e+05	1	1804212609	3.491000e-08	1731090175	
4.173075e+05	3	2870158420	3.935713e-08	3555679070	217284033	1.646287e-08	
4.194246e+05	1	3534547045	7.981897e-07	3888264012	
4.289087e+05	1	3534547045	8.124006e-07	3491092596	
4.306348e+05	1	1465560917	3.628300e-07	3197676583	
4.306834e+05	1	3534547045	8.268225e-07	1412415798	
4.422375e+05	1	545239233	6.977500e-07	2859795595	
4.430492e+05	1	3921011129	5.408125e-07	302486611	
4.466714e+05	3	3749853089	1.145098e-07	1379399837	2151269300	1.602012e-08	3913511150	1.602012e-08	
4.491871e+05	0	3749853089	1.145098e-07	3913511150	
4.498619e+05	1	3749853089	1.305299e-07	2151269300	
4.505719e+05	0	3938221642	2.791000e-08	3537925318	
4.506117e+05	0	3921011129	5.408125e-07	905418128	
4.514496e+05	0	3749853089	1.305299e-07	3913511150	
4.561936e+05	0	3749853089	1.305299e-07	3913511150	
4.571537e+05	1	3749853089	1.465500e-07	3913511150	
4.696130e+05	0	3326748277	2.791000e-08	3414514926	
4.788540e+05	0	2215785330	2.842185e-08	3841896594	
4.836524e+05	1	3534547045	8.410334e-07	1104410542	
4.921367e+05	3	3841896594	1.400000e-08	2909632847	2962530363	1.406046e-08	2063946235	1.406046e-08	
5.052033e+05	0	3150846686	3.210100e-07	2835620284	
5.068301e+05	3	2451350669	2.940212e-08	688805295	1172086036	2.641788e-08	
5.107520e+05	3	1572835533	3.628300e-07	1075699702	690117576	3.399962e-08	3288380490	1.436897e-08	845665321	1.436897e-08	3122982648	1.436897e-08	1471982444	1.436897e-08	3303338876	1.436897e-08	2875471576	1.436897e-08	1738909006	1.436897e-08	356405251	1.436897e-08	2879167783	1.436897e-08	3083352544	1.436897e-08	4198169764	1.436897e-08	821115011	1.436897e-08	2118016430	1.436897e-08	1945735688	1.436897e-08	4093093422	1.436897e-08	2842015324	1.436897e-08	1249238030	1.436897e-08	3214077756	1.436897e-08	879162223	1.436897e-08	
5.107522e+05	1	690117576	4.836859e-08	3288380490	
5.107522e+05	1	690117576	6.273755e-08	879162223	
5.107777e+05	1	1572835533	3.771990e-07	845665321	
5.154380e+05	0	265770918	2.791000e-08	242414939	
5.155121e+05	3	1227575429	1.400000e-08	3214077756	3884425642	1.413948e-08	1149406307	1.413948e-08	
5.168419e+05	0	1285693762	1.741000e-08	3747246174	
5.186155e+05	1	3838279446	5.582000e-08	888311950	
5.204651e+05	3	251961497	1.563176e-08	2046083849	3528332227	2.009412e-08	4004407106	2.009412e-08	
5.207364e+05	3	3150846686	3.210100e-07	2932274237	451270221	1.400000e-08	3149440925	1.523127e-08	2250775120	1.523127e-08	
5.208373e+05	1	3150846686	3.350100e-07	451270221	
5.220316e+05	1	1572835533	3.915679e-07	2842015324	
5.260504e+05	0	217284033	1.646287e-08	1227575429	
5.260684e+05	0	1222799196	9.038587e-07	2118016430	
5.275104e+05	0	3004792470	3.070100e-07	3497999925	
5.275947e+05	0	2125112500	2.690425e-08	2029773149	
5.303210e+05	1	3534547045	8.550939e-07	2063946235	
5.324716e+05	0	1931993247	2.842185e-08	1285693762	
5.326343e+05	0	3891448235	2.791000e-08	2138100036	
5.341529e+05	3	3736894086	1.400000e-08	3196256300	1130108289	1.741000e-08	2177968201	1.741000e-08	
5.388195e+05	0	343742982	2.791000e-08	1471982444	
5.402172e+05	1	3534547045	8.835157e-07	1931993247	
5.411599e+05	1	1572835533	4.543055e-07	690117576	
5.422999e+05	0	545239233	6.977500e-07	287801793	
5.428763e+05	0	1804212609	3.491000e-08	3747246174	
5.436735e+05	0	3534547045	8.835157e-07	2962530363	
5.462298e+05	0	3147695692	5.582000e-08	3747246174	
5.467416e+05	3	3749853089	1.402366e-07	3938221642	2914302410	1.711172e-08	3655816389	1.711172e-08	
5.474345e+05	1	3534547045	8.977267e-07	474866315	
5.478271e+05	1	3749853089	1.573483e-07	3655816389	
5.485879e+05	1	1572835533	4.686745e-07	3083352544	
5.529807e+05	1	1572835533	4.830434e-07	2875471576	
5.569931e+05	0	3534547045	8.977267e-07	1285693762	
5.600671e+05	3	3326748277	1.400000e-08	287801793	3485819286	2.091000e-08	1382686479	2.091000e-08	
5.617220e+05	0	3749853089	1.573483e-07	1134175585	
5.634460e+05	1	2235064901	3.802625e-07	2029773149	
5.685827e+05	3	3004792470	3.070100e-07	4259593397	1803925302	2.017815e-08	3293059020	1.434159e-08	378125977	1.434159e-08	2159618959	1.434159e-08	2441325815	1.434159e-08	3401497744	1.434159e-08	4069401935	1.434159e-08	134948105	1.434159e-08	1998372786	1.434159e-08	2455922112	1.434159e-08	3059103076	1.434159e-08	432337108	1.434159e-08	1902671923	1.434159e-08	4209590891	1.434159e-08	77395223	1.434159e-08	3592986772	1.434159e-08	1246511018	1.434159e-08	3986570268	1.434159e-08	174500547	1.434159e-08	4083845756	1.434159e-08	110358663	1.434159e-08	
5.789650e+05	3	561528368	2.185498e-08	4260098875	1370908750	2.005502e-08	
5.835268e+05	0	1572835533	4.830434e-07	356405251	
5.841554e+05	0	3004792470	3.070100e-07	3401497744	
5.844171e+05	0	2919643181	2.791000e-08	3401497744	
5.850769e+05	0	1222799196	9.038587e-07	3357643131	
5.879896e+05	3	2178051842	1.400000e-08	3485819286	1837234470	1.741000e-08	2945849429	1.741000e-08	
5.955669e+05	0	3534547045	8.977267e-07	1285693762	
6.011649e+05	0	179097684	3.523525e-07	1285693762	
6.018650e+05	0	3490627259	2.791000e-08	1803925302	
6.023860e+05	1	1572835533	5.109534e-07	129185354	
6.031062e+05	0	2919643181	2.791000e-08	3059103076	
6.038450e+05	1	1370908750	3.722632e-08	3593732192	
6.052343e+05	0	545239233	6.977500e-07	40245973	
6.061325e+05	3	717226258	1.400000e-08	1285693762	66296937	1.741000e-08	976558236	1.741000e-08	2438291630	1.741000e-08	
6.119924e+05	3	1218250404	2.091000e-08	2038493855	906368509	1.400000e-08	
6.120307e+05	1	3921011129	5.636082e-07	3179285865	
6.122611e+05	1	1068020906	9.546070e-04	1664502715	
6.133402e+05	0	1572835533	5.109534e-07	659524895	
6.141867e+05	0	3147695692	5.582000e-08	2914302410	
6.170467e+05	3	188552836	1.764343e-08	2312786130	3783228500	1.400000e-08	
6.173654e+05	3	1804212609	2.737752e-08	1842102965	2858952728	2.494248e-08	
6.174885e+05	0	3775452048	2.791000e-08	3241671100	
6.192840e+05	3	3891448235	2.625374e-08	1246511018	395113485	1.599786e-08	
6.195528e+05	1	3921011129	5.915182e-07	725558489	
6.229380e+05	3	2799798816	3.628300e-07	1465560917	4019363830	1.400000e-08	3016084464	1.453458e-08	921818415	1.453458e-08	2892683898	1.453458e-08	3697249003	1.453458e-08	3983774618	1.453458e-08	4187488967	1.453458e-08	898751805	1.453458e-08	3632514288	1.453458e-08	410848061	1.453458e-08	2791633391	1.453458e-08	630280293	1.453458e-08	4212779140	1.453458e-08	3459374364	1.453458e-08	2125331604	1.453458e-08	3113062634	1.453458e-08	847040419	1.453458e-08	4240624600	1.453458e-08	1565786989	1.453458e-08	2286860921	1.453458e-08	3707879645	1.453458e-08	2746930994	1.453458e-08	4075596975	1.453458e-08	4283280385	1.453458e-08	538453177	1.453458e-08	
6.253768e+05	0	2125112500	2.690425e-08	1837234470	
6.265226e+05	0	2438291630	1.741000e-08	1837234470	
6.271705e+05	3	1134175585	2.136981e-08	3747246174	3121292019	2.054019e-08	
6.271982e+05	1	1134175585	4.191000e-08	3121292019	
6.311851e+05	3	179097684	3.719067e-07	3147695692	3349724438	1.813288e-08	4253718737	1.813288e-08	
6.323625e+05	1	2799798816	3.768300e-07	4019363830	
6.345606e+05	0	2799798816	3.768300e-07	4212779140	
6.350631e+05	3	2945849429	1.741000e-08	3326748277	3297362622	1.400000e-08	
6.352105e+05	1	179097684	3.900396e-07	4253718737	
6.381053e+05	1	1222799196	9.249439e-07	2718413753	
6.388470e+05	3	1541946641	1.400000e-08	1172086036	1751902433	2.016394e-08	2878871175	2.016394e-08	
6.394805e+05	0	659524895	2.791000e-08	898751805	
6.395210e+05	1	179097684	4.081725e-07	3349724438	
6.395400e+05	1	3004792470	3.244200e-07	1130108289	
6.483987e+05	1	1866926464	4.225159e-08	3059103076	
6.498183e+05	0	905418128	2.791000e-08	3414514926	
6.499751e+05	0	3004792470	3.244200e-07	3016084464	
6.503725e+05	1	1572835533	5.253224e-07	356405251	
6.510786e+05	1	976558236	3.141000e-08	717226258	
6.520682e+05	0	2870158420	3.935713e-08	1986278615	
6.543746e+05	0	545239233	6.977500e-07	66296937	
6.584824e+05	0	2870037616	5.582000e-08	343742982	
6.590986e+05	0	811613008	2.791000e-08	333964007	
6.609980e+05	3	3921011129	5.915182e-07	976558236	3083717413	1.400000e-08	220564665	1.741000e-08	
6.610342e+05	1	3921011129	6.055182e-07	3083717413	
6.648458e+05	1	1804212609	5.232000e-08	2858952728	
6.689082e+05	1	2438291630	3.141000e-08	2178051842	
6.723826e+05	1	545239233	7.256600e-07	905418128	
6.748011e+05	0	1572835533	5.253224e-07	438292632	
6.754270e+05	3	811613008	1.400000e-08	1738909006	3653734512	1.413948e-08	3815024321	1.413948e-08	
6.822914e+05	0	636961411	2.791000e-08	561528368	
6.867153e+05	1	545239233	7.408913e-07	3149440925	
6.912945e+05	0	2984600922	3.349200e-07	754869367	
6.976554e+05	0	1382686479	2.091000e-08	3393811039	
6.982196e+05	0	3921011129	6.055182e-07	220564665	
7.003064e+05	3	3749853089	1.532969e-07	2914302410	1428265047	2.116308e-08	
7.004336e+05	0	3534547045	8.977267e-07	2945849429	
7.063443e+05	1	3534547045	9.117267e-07	1726701215	
7.091445e+05	0	3004792470	3.244200e-07	2250879299	
7.129521e+05	0	3749853089	1.532969e-07	1428265047	
7.290784e+05	1	3921011129	6.264282e-07	1382686479	
7.307081e+05	1	2799798816	3.913646e-07	2746930994	
7.316633e+05	1	1218250404	3.491000e-08	906368509	
7.345466e+05	1	1572835533	5.532324e-07	790319072	
7.398920e+05	3	265770918	1.521228e-08	1481166135	3604532305	2.030386e-08	1869365069	2.030386e-08	
7.429113e+05	0	2870037616	5.582000e-08	1516068388	
7.471415e+05	1	3737780296	1.019295e-06	3632514288	
7.473595e+05	1	373638573	1.000000e+00	911013108	
7.481206e+05	3	405521437	4.917096e-08	265770918	965372172	2.186132e-08	
7.484511e+05	1	1068020906	9.546349e-04	199935986	
7.487488e+05	1	2250879299	4.225159e-08	2455922112	
7.605729e+05	0	2799798816	3.913646e-07	3268335666	
7.688311e+05	3	2504591099	2.408277e-08	898751805	607396504	1.836181e-08	
7.742309e+05	1	3150846686	3.629200e-07	1493201942	
7.764380e+05	0	1804212609	5.232000e-08	3393811039	
7.774256e+05	0	3921011129	6.264282e-07	188552836	
7.792167e+05	3	1471982444	1.471056e-08	2441325815	2533881277	1.400000e-08	
7.838163e+05	0	1222799196	9.249439e-07	3775452048	
7.858012e+05	1	2451350669	4.411268e-08	1471982444	
7.885897e+05	0	3749853089	1.532969e-07	1035492323	
7.915345e+05	1	1068020906	9.546628e-04	2250757420	
7.915658e+05	0	3921011129	6.264282e-07	220564665	
7.952165e+05	0	1804212609	5.232000e-08	2125112500	
7.982998e+05	0	179097684	4.081725e-07	2125112500	
8.154151e+05	1	545239233	8.076748e-07	3732071459	
8.189728e+05	0	3604532305	2.030386e-08	432337108	
8.193177e+05	3	3357643131	3.083303e-08	1593891639	472358284	2.498697e-08	
8.237286e+05	1	373638573	1.000000e+00	3838279446	
8.237355e+05	1	179097684	4.293356e-07	1428265047	
8.326728e+05	3	2438291630	2.862438e-08	3297362622	1950077488	1.678562e-08	
8.480549e+05	1	545239233	8.355848e-07	314650893	
8.553090e+05	3	659524895	1.400000e-08	395113485	1820499179	1.495393e-08	4055959668	1.495393e-08	
8.565707e+05	1	1222799196	9.690566e-07	2451350669	
8.634412e+05	3	179097684	3.788568e-07	1035492323	528880979	1.567775e-08	3778036871	1.567775e-08	1405660995	1.567775e-08	3662110242	1.567775e-08	2247026945	1.567775e-08	
8.635734e+05	1	179097684	3.945346e-07	3778036871	
8.641384e+05	3	1134175585	1.400000e-08	2125112500	4032129539	1.827142e-08	4035587434	1.827142e-08	3111692719	1.827142e-08	
8.645225e+05	1	179097684	4.102123e-07	1405660995	
8.648335e+05	1	3111692719	3.227142e-08	1134175585	
8.658574e+05	1	3111692719	5.054283e-08	4032129539	
8.739000e+05	1	1370908750	5.122632e-08	1541946641	
8.759753e+05	3	511603307	1.400000e-08	848448836	1398579088	1.741000e-08	2501379955	1.741000e-08	
8.763189e+05	1	3150846686	3.803300e-07	66296937	
8.799059e+05	0	179097684	4.102123e-07	2247026945	
8.805123e+05	1	179097684	4.258901e-07	2247026945	
8.808311e+05	0	1502094437	2.791000e-08	174500547	
8.808357e+05	3	1222799196	9.690566e-07	1370908750	3332562587	1.400000e-08	3562383954	1.861316e-08	2521380987	1.861316e-08	
8.831951e+05	1	179097684	4.415678e-07	3662110242	
8.844676e+05	3	1347872676	1.400000e-08	4198169764	4119421155	1.413948e-08	1913762779	1.413948e-08	
8.872490e+05	0	438292632	1.694649e-08	3393811039	
8.879866e+05	1	3534547045	9.259376e-07	3537925318	
8.935540e+05	1	3534547045	9.401485e-07	3393811039	
9.024929e+05	3	405521437	1.400000e-08	2542835646	3678948817	1.577024e-08	2489195127	1.577024e-08	3929228125	1.577024e-08	3160344427	1.577024e-08	
9.031816e+05	0	2878871175	2.016394e-08	1945735688	
9.082618e+05	1	3534547045	9.543594e-07	3642829293	
9.091097e+05	3	3534547045	9.543594e-07	1804212609	3182159117	1.400000e-08	766581564	1.916000e-08	3702894340	1.916000e-08	
9.094925e+05	1	3534547045	9.683594e-07	3182159117	
9.122249e+05	0	1222799196	9.690566e-07	1347872676	
9.163147e+05	1	545239233	8.564948e-07	3321237907	
9.239618e+05	3	2159618959	1.448108e-08	1913762779	3532745758	1.400000e-08	
9.258934e+05	1	1222799196	9.830566e-07	3332562587	
9.323994e+05	1	179097684	4.572456e-07	528880979	
9.326012e+05	0	545239233	8.564948e-07	2879167783	
9.330256e+05	1	1222799196	1.010967e-06	2074240873	
9.488988e+05	0	3111692719	5.054283e-08	4035587434	
9.492735e+05	1	3111692719	6.881425e-08	4035587434	
9.524116e+05	1	1222799196	1.025308e-06	1998372786	
9.587346e+05	1	3534547045	9.875194e-07	766581564	
9.608920e+05	0	1502094437	2.791000e-08	77395223	
9.660214e+05	0	242414939	2.791000e-08	3113062634	
9.696379e+05	3	3414514926	1.435041e-08	3884425642	1072840122	1.400000e-08	
9.749555e+05	1	40245973	4.227897e-08	821115011	
9.761673e+05	3	1037584679	3.496841e-08	4004407106	3294683754	2.047286e-08	1676003954	2.047286e-08	
9.864607e+05	3	40245973	3.883619e-08	3783228500	4285585893	1.744278e-08	
9.961135e+05	3	1037584679	1.400000e-08	1415695418	2674988631	1.629280e-08	406745133	1.629280e-08	2883513480	1.629280e-08	
9.974491e+05	0	2125331604	1.453458e-08	2892683898	
1.000191e+06	3	3604532305	1.964256e-08	134948105	783121895	1.500290e-08	
1.000752e+06	1	3534547045	1.006679e-06	3702894340	
1.003821e+06	0	1321648343	2.791000e-08	2962530363	
1.015943e+06	3	3737780296	1.335516e-06	426576124	2683944377	1.869876e-08	
1.036182e+06	1	545239233	8.844048e-07	245436729	
1.038786e+06	1	1572835533	5.811424e-07	2835620284	
1.045729e+06	0	2962530363	1.406046e-08	1072840122	
1.047327e+06	0	2870037616	5.582000e-08	2962530363	
1.094806e+06	0	3707879645	1.453458e-08	4083845756	
1.109045e+06	0	1572835533	5.811424e-07	2125331604	
1.110899e+06	1	373638573	1.000000e+00	3983774618	
1.117353e+06	3	4240624600	1.453458e-08	659524895	2961226102	1.400000e-08	
1.117720e+06	1	179097684	4.921556e-07	1218250404	
1.118863e+06	1	3921011129	6.548501e-07	2215785330	
1.118920e+06	0	2235064901	3.802625e-07	3891448235	
1.119062e+06	3	2159618959	1.482267e-08	77395223	301219709	1.400000e-08	
1.121037e+06	0	3122982648	1.436897e-08	2962530363	
1.127396e+06	0	1222799196	1.025308e-06	4055959668	
1.139617e+06	3	1458432161	1.400000e-08	4069401935	1743198400	1.412580e-08	3059144981	1.412580e-08	
1.140173e+06	1	1222799196	1.045781e-06	3294683754	
1.146911e+06	0	3150846686	3.803300e-07	2961226102	
1.159456e+06	3	174500547	1.434159e-08	1458432161	3952655669	1.400000e-08	
1.159836e+06	1	174500547	2.834159e-08	3952655669	
1.160344e+06	3	3004792470	3.068445e-07	538453177	2848685905	1.605503e-08	1826422368	1.605503e-08	
1.160725e+06	0	1503861029	2.791000e-08	1502094437	
1.168099e+06	1	1572835533	6.119754e-07	3357643131	
1.171708e+06	3	1986278615	2.791000e-08	2533881277	896813269	1.400000e-08	
1.183624e+06	3	2984600922	3.337591e-07	3707879645	37051273	1.569551e-08	
1.187108e+06	0	1572835533	6.119754e-07	1751902433	
1.190445e+06	3	2118016430	1.471056e-08	3401497744	1867247157	1.400000e-08	
1.202377e+06	0	3921011129	6.548501e-07	220564665	
1.216767e+06	0	3921011129	6.548501e-07	1950077488	
1.222538e+06	1	2799798816	4.058992e-07	1565786989	
1.228068e+06	0	3528332227	2.009412e-08	1820499179	
1.231354e+06	1	373638573	1.000000e+00	164438789	
1.233724e+06	1	373638573	1.000000e+00	630280293	
1.234312e+06	1	373638573	1.000000e+00	2125331604	
1.237450e+06	1	1068020906	9.546907e-04	1586980658	
1.238749e+06	1	3921011129	6.716357e-07	1950077488	
1.244976e+06	0	1222799196	1.045781e-06	242414939	
1.246984e+06	1	373638573	1.000000e+00	4283280385	
1.250754e+06	0	1123501568	2.791000e-08	4285585893	
1.253667e+06	1	2879167783	2.873793e-08	3303338876	
1.268680e+06	1	3004792470	3.347545e-07	1434594601	
1.269545e+06	0	607396504	1.836181e-08	2848685905	
1.282019e+06	3	1398579088	1.617445e-08	2118016430	3633199892	1.594611e-08	
1.283239e+06	0	2984600922	3.337591e-07	3428193420	
1.284571e+06	0	545239233	8.844048e-07	2487301543	
1.302938e+06	0	1572835533	6.119754e-07	3122982648	
1.311131e+06	1	1222799196	1.073691e-06	2620740164	
1.319717e+06	1	1222799196	1.102033e-06	174500547	
1.326192e+06	1	1222799196	1.129943e-06	4046076794	
1.346408e+06	3	3891448235	1.400000e-08	3528332227	1736323711	1.617393e-08	283080478	1.617393e-08	
1.351674e+06	0	283080478	1.617393e-08	3891448235	
1.362225e+06	0	3921011129	6.716357e-07	410848061	
1.363865e+06	0	3111692719	6.881425e-08	220564665	
1.368402e+06	3	545239233	8.844048e-07	3150846686	785216844	1.931720e-08	3006103420	1.444051e-08	2898323513	1.444051e-08	1199222225	1.444051e-08	3755198008	1.444051e-08	2795041644	1.444051e-08	3492274228	1.444051e-08	1420914473	1.444051e-08	439844059	1.444051e-08	3802520055	1.444051e-08	3012889883	1.444051e-08	3363823620	1.444051e-08	1086559163	1.444051e-08	3063534263	1.444051e-08	2013640095	1.444051e-08	1461359102	1.444051e-08	2027098952	1.444051e-08	4167430602	1.444051e-08	4096225443	1.444051e-08	781549661	1.444051e-08	907719639	1.444051e-08	1906851972	1.444051e-08	2597880038	1.444051e-08	1896745001	1.444051e-08	2378434411	1.444051e-08	1837088337	1.444051e-08	
1.368403e+06	1	785216844	3.375771e-08	1837088337	
1.368468e+06	0	1736323711	1.617393e-08	3891448235	
1.372596e+06	1	545239233	8.988453e-07	3755198008	
1.374711e+06	1	373638573	1.000000e+00	4212779140	
1.376871e+06	1	545239233	9.326030e-07	785216844	
1.377608e+06	0	545239233	9.326030e-07	3363823620	
1.378001e+06	1	545239233	9.470435e-07	1199222225	
1.378673e+06	1	1222799196	1.157853e-06	1986278615	
1.380086e+06	1	1222799196	1.178017e-06	1751902433	
1.381844e+06	3	3490627259	1.400000e-08	242414939	1543523724	2.091000e-08	1761715697	2.091000e-08	
1.386837e+06	1	2027098952	2.888102e-08	3006103420	
1.388935e+06	1	545239233	9.614840e-07	2378434411	
1.393629e+06	0	3534547045	1.006679e-06	313359544	
1.394831e+06	3	2870037616	1.400000e-08	1211996162	3099973400	1.481312e-08	2789348510	1.481312e-08	1371202285	1.481312e-08	629078091	1.481312e-08	
1.395871e+06	3	1026028388	1.427139e-08	313359544	754560055	1.400000e-08	
1.396026e+06	1	1026028388	2.827139e-08	754560055	
1.398397e+06	1	3004792470	3.490961e-07	432337108	
1.399185e+06	0	545239233	9.614840e-07	3063534263	
1.410218e+06	0	781549661	1.444051e-08	4167430602	
1.410875e+06	0	4167430602	1.444051e-08	1743198400	
1.415616e+06	3	1123501568	1.400000e-08	1420914473	1737134642	1.417526e-08	37613351	1.417526e-08	
1.419385e+06	3	3749853089	1.532969e-07	1026028388	3434666020	1.400000e-08	2369258877	1.427139e-08	
1.420631e+06	1	3749853089	1.675683e-07	2369258877	
1.424526e+06	1	545239233	9.759245e-07	781549661	
1.429206e+06	0	3749853089	1.675683e-07	3434666020	
1.434464e+06	0	1434498202	2.791000e-08	1227575429	
1.438024e+06	0	4096225443	1.444051e-08	3802520055	
1.439363e+06	1	545239233	9.903651e-07	2013640095	
1.439734e+06	1	3562383954	3.305367e-08	2898323513	
1.440425e+06	0	811613008	1.400000e-08	1037584679	
1.447119e+06	3	1820499179	1.495393e-08	1123501568	3563522875	1.400000e-08	
1.449317e+06	1	1820499179	2.895393e-08	3563522875	
1.460588e+06	0	3737780296	1.335516e-06	2956861855	
1.461650e+06	3	1572835533	6.119754e-07	3004792470	249728555	1.400000e-08	4285226245	1.456940e-08	2707460946	1.456940e-08	2606325002	1.456940e-08	1541925803	1.456940e-08	2024675612	1.456940e-08	1292023300	1.456940e-08	3302973195	1.456940e-08	875106938	1.456940e-08	3314075649	1.456940e-08	2589646060	1.456940e-08	3433591204	1.456940e-08	1848242772	1.456940e-08	250719570	1.456940e-08	2681498831	1.456940e-08	481808867	1.456940e-08	2066612683	1.456940e-08	3458484829	1.456940e-08	2719204682	1.456940e-08	4256642775	1.456940e-08	2449448537	1.456940e-08	463844675	1.456940e-08	3167902617	1.456940e-08	579073438	1.456940e-08	
1.463870e+06	3	1803925302	2.100082e-08	2159618959	3468130899	1.400000e-08	
1.466063e+06	0	3921011129	6.716357e-07	1743198400	
1.468996e+06	0	3459374364	1.453458e-08	1867247157	
1.470303e+06	0	1321648343	2.791000e-08	3063534263	
1.470402e+06	0	179097684	4.921556e-07	220564665	
1.471134e+06	3	2919643181	1.400000e-08	463844675	393090083	1.423970e-08	2343849308	1.423970e-08	
1.472250e+06	3	2235064901	3.610019e-07	1503861029	1055469694	1.572353e-08	627452446	1.572353e-08	2014426858	1.572353e-08	
1.472990e+06	1	3749853089	1.815683e-07	3434666020	
1.477593e+06	3	179097684	5.284482e-07	3111692719	2716949832	1.626081e-08	552634658	1.626081e-08	
1.478265e+06	1	179097684	5.447090e-07	552634658	
1.479769e+06	1	1222799196	1.192586e-06	3314075649	
1.480047e+06	1	545239233	1.004806e-06	2795041644	
1.480103e+06	1	545239233	1.019246e-06	439844059	
1.480279e+06	1	179097684	5.609698e-07	2716949832	
1.484809e+06	0	1826422368	1.605503e-08	2962530363	
1.485189e+06	0	1543523724	2.091000e-08	4187488967	
1.487499e+06	1	179097684	5.755044e-07	921818415	
1.487534e+06	3	2487301543	1.400000e-08	1321648343	3736523900	2.091000e-08	2213923665	2.091000e-08	
1.490919e+06	3	2027098952	2.303090e-08	1072840122	1503202005	1.985013e-08	
1.492423e+06	3	2883513480	1.643835e-08	2589646060	3202152185	1.442385e-08	
1.495868e+06	0	1803925302	2.100082e-08	3468130899	
1.497096e+06	1	545239233	1.033687e-06	2597880038	
1.506343e+06	0	2449448537	1.456940e-08	3459374364	
1.508315e+06	3	2213923665	2.172312e-08	1371202285	2622395779	1.400000e-08	
1.512672e+06	1	1572835533	6.542270e-07	2250879299	
1.513569e+06	1	1222799196	1.207155e-06	1541925803	
1.514841e+06	0	907719639	1.444051e-08	3012889883	
1.514962e+06	0	3921011129	6.716357e-07	1837234470	
1.517303e+06	1	545239233	1.048127e-06	4096225443	
1.529888e+06	0	3921011129	6.716357e-07	188552836	
1.530611e+06	0	2799798816	4.058992e-07	2961226102	
1.534942e+06	0	545239233	1.048127e-06	2870037616	
1.543613e+06	0	3736523900	2.091000e-08	2250775120	
1.552343e+06	0	636961411	2.791000e-08	2848685905	
1.557470e+06	0	3071577057	1.736738e-08	2487301543	
1.571499e+06	0	545239233	1.048127e-06	1227575429	
1.573012e+06	1	1222799196	1.221579e-06	3202152185	
1.580791e+06	3	3428193420	1.400000e-08	3063534263	3607413901	1.417526e-08	649593533	1.417526e-08	
1.582499e+06	0	1222799196	1.221579e-06	3458484829	
1.587849e+06	0	2870158420	3.935713e-08	2962530363	
1.590305e+06	0	545239233	1.048127e-06	907719639	
1.592695e+06	3	438292632	1.694649e-08	3532745758	66987975	1.400000e-08	
1.592734e+06	1	3921011129	6.873592e-07	2014426858	
1.595142e+06	3	102901530	1.400000e-08	607396504	483021244	1.613590e-08	3707800333	1.613590e-08	
1.604430e+06	3	2962530363	1.406046e-08	249728555	3528190190	1.400000e-08	
1.615382e+06	0	3492274228	1.444051e-08	2343849308	
1.622080e+06	0	2799798816	4.058992e-07	3707800333	
1.629438e+06	0	545239233	1.048127e-06	220564665	
1.632593e+06	0	3775452048	2.791000e-08	3653734512	
1.636396e+06	3	3802520055	1.444051e-08	3428193420	2185291493	1.400000e-08	
1.638916e+06	3	3458484829	1.456940e-08	102901530	550176535	1.400000e-08	
1.639714e+06	3	3113062634	1.459505e-08	2962530363	1674415855	1.400000e-08	
1.644750e+06	0	545239233	1.048127e-06	2622395779	
1.655633e+06	3	3737780296	1.335516e-06	1866926464	4287239676	1.400000e-08	3884987045	1.412580e-08	1960974751	1.412580e-08	
1.655949e+06	3	3775452048	1.400000e-08	3160344427	309459595	1.484012e-08	2348040613	1.484012e-08	
1.659248e+06	0	2789348510	1.481312e-08	2622395779	
1.660817e+06	0	1572835533	6.542270e-07	1292023300	
1.669947e+06	0	1572835533	6.542270e-07	1398579088	
1.672605e+06	0	3302973195	1.456940e-08	1249238030	
1.672611e+06	0	2213923665	2.172312e-08	2066612683	
1.678869e+06	3	2235064901	3.610019e-07	1820499179	3180086772	1.400000e-08	3833074883	1.495393e-08	
1.685188e+06	1	2235064901	3.759558e-07	3833074883	
1.692302e+06	0	2235064901	3.759558e-07	627452446	
1.692327e+06	1	2235064901	3.899558e-07	3180086772	
1.700749e+06	3	2308721517	1.400000e-08	629078091	1462644303	1.436156e-08	4088625113	1.436156e-08	
1.706187e+06	1	545239233	1.069850e-06	2213923665	
1.708890e+06	3	220564665	1.741000e-08	3468130899	1237914369	1.400000e-08	
1.714564e+06	3	4088625113	1.471197e-08	3414514926	2733144751	1.400000e-08	
1.714802e+06	0	3492274228	1.444051e-08	405521437	
1.720772e+06	3	965372172	2.186132e-08	1227575429	1649557018	1.400000e-08	
1.722971e+06	0	2719204682	1.456940e-08	1149406307	
1.735596e+06	0	393090083	1.423970e-08	1867247157	
1.737127e+06	3	3707800333	1.667049e-08	847040419	1831065885	1.400000e-08	
1.748383e+06	0	438292632	1.694649e-08	4240624600	
1.748713e+06	3	3802520055	1.444051e-08	896813269	79461789	1.400000e-08	
1.750383e+06	0	40245973	3.883619e-08	3363823620	
1.755201e+06	0	1803925302	2.100082e-08	1676003954	
1.756799e+06	3	3736523900	2.254176e-08	251961497	1621314342	1.400000e-08	
1.758049e+06	0	1292023300	1.456940e-08	1743198400	
1.760256e+06	1	373638573	1.000000e+00	4209590891	
1.767244e+06	0	37051273	1.569551e-08	250719570	
1.767771e+06	0	3929228125	1.577024e-08	4187488967	
1.780195e+06	0	2799798816	4.058992e-07	1848242772	
1.783087e+06	0	2984600922	3.337591e-07	3433591204	
1.783993e+06	0	309459595	1.484012e-08	1649557018	
1.784975e+06	3	1516068388	1.400000e-08	1736323711	2016090987	1.504196e-08	1553963666	1.504196e-08	
1.785368e+06	1	1553963666	2.904196e-08	1516068388	
1.788388e+06	0	1848242772	1.456940e-08	1906851972	
1.788635e+06	1	2984600922	3.483285e-07	2606325002	
1.796139e+06	3	1503202005	1.985013e-08	2487301543	1002680420	1.400000e-08	
1.802328e+06	0	3534547045	1.006679e-06	3841896594	
1.806641e+06	1	2799798816	4.204686e-07	250719570	
1.811147e+06	0	2489195127	1.577024e-08	3167902617	
1.815088e+06	3	3697249003	1.453458e-08	4287239676	734120091	1.400000e-08	
1.819587e+06	0	545239233	1.069850e-06	406745133	
1.821056e+06	0	649593533	1.417526e-08	511603307	
1.821367e+06	0	179097684	5.755044e-07	3841896594	
1.824862e+06	0	3562383954	3.305367e-08	481808867	
1.825778e+06	3	2879167783	1.400000e-08	3059144981	2475979558	1.443187e-08	2649056468	1.443187e-08	
1.826172e+06	3	2791633391	1.453458e-08	2919643181	3381587904	1.400000e-08	
1.827254e+06	1	2856850640	7.082290e-08	783121895	
1.829752e+06	0	4256642775	1.456940e-08	4240624600	
1.830737e+06	3	1553963666	1.400000e-08	3707800333	175860597	1.585623e-08	1089013536	1.585623e-08	
1.832554e+06	1	545239233	1.084291e-06	1461359102	
1.839429e+06	0	3071577057	1.736738e-08	2449448537	
1.840647e+06	1	373638573	1.000000e+00	2138100036	
1.842624e+06	3	1086559163	1.480207e-08	1462644303	552498239	1.400000e-08	
1.843778e+06	3	406745133	1.686220e-08	2024675612	481049431	1.400000e-08	
1.844769e+06	0	2489195127	1.577024e-08	2649056468	
1.845986e+06	3	1089013536	1.629674e-08	3363823620	2950407739	1.400000e-08	
1.846863e+06	3	326805806	1.400000e-08	4119421155	72955594	1.402474e-08	1771264541	1.402474e-08	
1.858868e+06	0	1086559163	1.480207e-08	481808867	
1.859652e+06	1	545239233	1.098291e-06	2733144751	
1.893898e+06	3	175860597	1.642562e-08	4256642775	2353028958	1.400000e-08	
1.896905e+06	1	179097684	5.895044e-07	3841896594	
1.904914e+06	1	1503202005	3.385013e-08	2185291493	
1.906347e+06	0	4167430602	1.444051e-08	3293059020	
1.906841e+06	0	179097684	5.895044e-07	2906924538	
1.907132e+06	1	3921011129	7.047692e-07	1837234470	
1.907345e+06	0	2489195127	1.577024e-08	3492274228	
1.911554e+06	1	37613351	2.817526e-08	2308721517	
1.912305e+06	3	4122240121	2.222107e-08	2791633391	2980075456	2.022351e-08	
1.925283e+06	3	40245973	4.291457e-08	561528368	3449694611	1.777660e-08	
1.927507e+06	1	2984600922	3.643835e-07	1826422368	
1.935854e+06	0	1222799196	1.221579e-06	1867247157	
1.937639e+06	0	2235064901	3.899558e-07	4088625113	
1.938970e+06	0	220564665	1.741000e-08	1086559163	
1.940393e+06	3	636961411	2.702641e-08	1452489764	1194638860	1.825097e-08	
1.953261e+06	0	1222799196	1.221579e-06	875106938	
1.953728e+06	0	3302973195	1.456940e-08	3528190190	
1.957979e+06	3	3749853089	1.530809e-07	1621314342	114837353	1.416248e-08	2341758500	1.416248e-08	651046398	1.416248e-08	
1.961546e+06	0	3921011129	7.047692e-07	3736523900	
1.967799e+06	0	3921011129	7.047692e-07	2945849429	
1.970574e+06	3	3498415124	2.791000e-08	2879167783	2780384598	1.400000e-08	
1.972821e+06	0	482917538	2.791000e-08	1086559163	
1.979814e+06	1	3749853089	1.672433e-07	2341758500	
1.982175e+06	1	3749853089	1.814058e-07	114837353	
1.994551e+06	0	3921011129	7.047692e-07	3492274228	
1.994694e+06	1	1572835533	6.706654e-07	2883513480	
2.004006e+06	3	3099973400	1.552510e-08	4088625113	1061526795	1.400000e-08	
2.005894e+06	0	1896745001	1.444051e-08	2475979558	
2.007491e+06	1	1572835533	6.855055e-07	309459595	
2.021563e+06	0	3749853089	1.814058e-07	3492274228	
2.026733e+06	0	3802520055	1.444051e-08	72955594	
2.027794e+06	0	1222799196	1.221579e-06	2475979558	
2.028746e+06	0	1089013536	1.629674e-08	1674415855	
2.033725e+06	3	627452446	1.572353e-08	2353028958	3342541004	1.400000e-08	
2.039500e+06	0	545239233	1.098291e-06	3633199892	
2.042245e+06	3	3458484829	1.493836e-08	1249238030	1577969976	1.400000e-08	
2.042436e+06	0	2799798816	4.204686e-07	2980075456	
2.042560e+06	0	333964007	2.791000e-08	1553963666	
2.044867e+06	1	1222799196	1.241803e-06	2980075456	
2.046865e+06	3	1086559163	1.480207e-08	79461789	695939830	1.400000e-08	
2.048049e+06	3	2945849429	1.845196e-08	2016090987	229435916	1.400000e-08	
2.048872e+06	1	3921011129	7.187692e-07	3342541004	
2.049031e+06	0	1503202005	3.385013e-08	2622395779	
2.061967e+06	1	4240624600	2.897510e-08	3802520055	
2.069260e+06	0	3562383954	3.305367e-08	72955594	
2.072163e+06	0	3492274228	1.444051e-08	1061526795	
2.077013e+06	1	179097684	6.039449e-07	3492274228	
2.079721e+06	3	3268335666	1.400000e-08	3458484829	1850435983	1.442418e-08	19131048	1.442418e-08	
2.089486e+06	3	3749853089	1.603477e-07	19131048	2426951832	1.774116e-08	3089865955	1.774116e-08	
2.092207e+06	1	3749853089	1.780888e-07	2426951832	
2.093840e+06	1	373638573	1.000000e+00	2892683898	
2.093955e+06	1	3534547045	1.021214e-06	3459374364	
2.099674e+06	3	1869365069	2.074437e-08	1896745001	3526559023	1.400000e-08	
2.104009e+06	1	3534547045	1.035556e-06	3293059020	
2.124719e+06	0	3921011129	7.187692e-07	4285585893	
2.132042e+06	3	3678948817	1.590972e-08	3815024321	73116178	1.400000e-08	
2.132875e+06	0	3749853089	1.780888e-07	3089865955	
2.135478e+06	0	1494141940	2.791000e-08	3891448235	
2.151752e+06	0	1434498202	2.791000e-08	73116178	
2.156191e+06	0	37613351	2.817526e-08	1553963666	
2.160097e+06	1	1572835533	6.999373e-07	2649056468	
2.162032e+06	1	1222799196	1.941740e-06	1572835533	
2.176112e+06	3	2027098952	2.317038e-08	1149406307	2654473721	1.400000e-08	
2.182333e+06	0	2521380987	1.861316e-08	2348040613	
2.183404e+06	0	545239233	1.098291e-06	1867247157	
2.183957e+06	1	3534547045	1.053297e-06	3089865955	
2.188380e+06	0	3986570268	1.434159e-08	2622395779	
2.190716e+06	1	1222799196	1.975590e-06	1503202005	
2.190798e+06	1	2984600922	3.786232e-07	2343849308	
2.200001e+06	0	2681498831	1.456940e-08	1237914369	
2.202309e+06	3	2438291630	1.400000e-08	283080478	2564127097	1.539915e-08	3554620561	1.539915e-08	
2.211335e+06	0	259930472	2.791000e-08	1869365069	
2.218919e+06	0	1222799196	1.975590e-06	811613008	
2.231571e+06	0	3921011129	7.187692e-07	4285585893	
2.234089e+06	1	1222799196	1.996063e-06	1676003954	
2.238579e+06	0	3921011129	7.187692e-07	229435916	
2.241723e+06	0	3302973195	1.456940e-08	1743198400	
2.245683e+06	3	1398579088	1.659863e-08	1850435983	2789301560	1.400000e-08	
2.246663e+06	0	3749853089	1.780888e-07	3891448235	
2.248537e+06	3	179097684	6.039449e-07	3749853089	3201932102	1.400000e-08	3527214469	1.491717e-08	224410298	1.491717e-08	3967778277	1.491717e-08	1759850032	1.491717e-08	2704180049	1.491717e-08	287394855	1.491717e-08	2670951229	1.491717e-08	2367820772	1.491717e-08	771359632	1.491717e-08	4186562710	1.491717e-08	3211480542	1.491717e-08	
2.249820e+06	1	179097684	6.188621e-07	2367820772	
2.249950e+06	0	179097684	6.188621e-07	3201932102	
2.250327e+06	0	179097684	6.188621e-07	287394855	
2.250525e+06	0	179097684	6.188621e-07	3201932102	
2.251218e+06	1	179097684	6.328621e-07	3201932102	
2.251283e+06	0	179097684	6.328621e-07	2670951229	
2.252099e+06	1	1222799196	2.010632e-06	2449448537	
2.252905e+06	1	179097684	6.477793e-07	2704180049	
2.253610e+06	1	179097684	6.626964e-07	2670951229	
2.254945e+06	0	4186562710	1.491717e-08	771359632	
2.254993e+06	1	3921011129	7.327692e-07	2789301560	
2.255834e+06	0	179097684	6.626964e-07	1759850032	
2.257006e+06	3	545239233	1.098291e-06	40245973	346987663	1.400000e-08	1922039940	1.445729e-08	2110688926	1.445729e-08	
2.257169e+06	1	179097684	6.776136e-07	3211480542	
2.257431e+06	0	545239233	1.098291e-06	2110688926	
2.259485e+06	0	3534547045	1.053297e-06	4285585893	
2.260012e+06	1	179097684	6.925308e-07	1759850032	
2.261027e+06	0	3921011129	7.327692e-07	3554620561	
2.262560e+06	1	771359632	2.983434e-08	3967778277	
2.270773e+06	0	4240624600	2.897510e-08	472358284	
2.276457e+06	1	1068020906	9.547187e-04	3108364485	
2.288951e+06	0	2799798816	4.204686e-07	649593533	
2.292822e+06	1	179097684	7.065308e-07	229435916	
2.293514e+06	1	3921011129	7.512212e-07	2945849429	
2.297994e+06	3	2466232951	2.791000e-08	1577969976	1314810707	1.400000e-08	
2.300051e+06	1	179097684	7.214479e-07	3527214469	
2.303098e+06	1	373638573	1.000000e+00	2504591099	
2.309208e+06	1	545239233	1.112291e-06	1674415855	
2.313308e+06	3	3554620561	1.679831e-08	2564127097	2472898255	1.400000e-08	
2.314271e+06	0	2654473721	1.400000e-08	1237914369	
2.318662e+06	1	3554620561	3.079831e-08	2472898255	
2.320529e+06	3	179097684	7.195076e-07	2906924538	3459912306	1.492515e-08	1598213090	1.492515e-08	
2.320593e+06	0	179097684	7.195076e-07	1598213090	
2.321073e+06	1	179097684	7.344328e-07	1598213090	
2.323194e+06	3	1434498202	1.400000e-08	2348040613	1495382923	1.437506e-08	722767024	1.437506e-08	
2.324340e+06	0	179097684	7.344328e-07	4285585893	
2.329535e+06	1	1222799196	2.037659e-06	636961411	
2.331312e+06	1	179097684	7.493499e-07	4186562710	
2.338382e+06	0	3459912306	1.492515e-08	287394855	
2.345394e+06	0	3016084464	1.453458e-08	301219709	
2.347683e+06	0	179097684	7.493499e-07	3459912306	
2.347929e+06	1	179097684	7.642751e-07	3459912306	
2.349484e+06	0	1222799196	2.037659e-06	2475979558	
2.360898e+06	1	1222799196	2.059520e-06	965372172	
2.362241e+06	3	346987663	1.400000e-08	1649557018	515125813	1.400000e-08	
2.366377e+06	0	545239233	1.112291e-06	515125813	
2.373248e+06	0	1194638860	1.825097e-08	220564665	
2.373734e+06	0	545239233	1.112291e-06	515125813	
2.378404e+06	0	2235064901	3.899558e-07	1922039940	
2.378490e+06	1	1222799196	2.074090e-06	2719204682	
2.379122e+06	3	175860597	1.723875e-08	2789348510	1298902656	1.400000e-08	
2.381161e+06	3	179097684	7.642751e-07	771359632	3532628785	1.400000e-08	826924968	1.583434e-08	
2.381223e+06	0	179097684	7.642751e-07	3532628785	
2.383165e+06	1	179097684	7.801094e-07	826924968	
2.384332e+06	0	2235064901	3.899558e-07	1002680420	
2.398694e+06	1	545239233	1.127093e-06	1086559163	
2.407672e+06	1	3534547045	1.070740e-06	4285585893	
2.408717e+06	1	2799798816	4.344686e-07	301219709	
2.414195e+06	0	73116178	1.400000e-08	405521437	
2.422420e+06	0	545239233	1.127093e-06	515125813	
2.423748e+06	0	3532628785	1.400000e-08	1061526795	
2.432651e+06	1	3534547045	1.084915e-06	1737134642	
2.437701e+06	1	373638573	1.000000e+00	2681498831	
2.438752e+06	1	373638573	1.000000e+00	2707460946	
2.444647e+06	0	179097684	7.801094e-07	3532628785	
2.445115e+06	0	179097684	7.801094e-07	3532628785	
2.445775e+06	0	3562383954	3.305367e-08	1002680420	
2.459611e+06	0	179097684	7.801094e-07	3532628785	
2.469911e+06	1	3534547045	1.098915e-06	1061526795	
2.481950e+06	0	1222799196	2.074090e-06	483021244	
2.485749e+06	0	1922039940	1.445729e-08	3526559023	
2.505019e+06	0	3449694611	1.777660e-08	695939830	
2.505555e+06	1	2799798816	4.623786e-07	4061687915	
2.510480e+06	1	2799798816	4.763786e-07	2780384598	
2.524517e+06	0	3497999925	2.791000e-08	1292023300	
2.530210e+06	1	373638573	1.000000e+00	739080713	
2.538824e+06	0	179097684	7.801094e-07	3532628785	
2.569599e+06	0	1222799196	2.074090e-06	2622395779	
2.577432e+06	3	472358284	2.387578e-08	66987975	3190311976	1.511119e-08	
2.590570e+06	0	3921011129	7.512212e-07	3526559023	
2.595031e+06	3	545239233	1.127093e-06	2235064901	841878026	4.124172e-08	2747938267	1.452976e-08	3177521820	1.452976e-08	3363025910	1.452976e-08	1290268226	1.452976e-08	764400056	1.452976e-08	1517815290	1.452976e-08	66064165	1.452976e-08	2766526296	1.452976e-08	2454553876	1.452976e-08	1923515514	1.452976e-08	3339828518	1.452976e-08	105819081	1.452976e-08	533433650	1.452976e-08	1601889739	1.452976e-08	381652938	1.452976e-08	96665495	1.452976e-08	1342185090	1.452976e-08	149784911	1.452976e-08	85224627	1.452976e-08	1965662198	1.452976e-08	110439229	1.452976e-08	1449522982	1.452976e-08	3279439195	1.452976e-08	360107933	1.452976e-08	
2.595031e+06	1	841878026	5.577147e-08	360107933	
2.595031e+06	1	841878026	7.030123e-08	2747938267	
2.597479e+06	1	545239233	1.141623e-06	764400056	
2.597561e+06	1	545239233	1.156152e-06	1290268226	
2.598996e+06	0	545239233	1.156152e-06	96665495	
2.600181e+06	3	3113062634	1.493664e-08	3592986772	1657444763	1.400000e-08	
2.603930e+06	0	545239233	1.156152e-06	96665495	
2.606874e+06	0	545239233	1.156152e-06	1342185090	
2.613933e+06	0	1222799196	2.074090e-06	2027098952	
2.614253e+06	0	2984600922	3.786232e-07	1194638860	
2.617592e+06	0	545239233	1.156152e-06	66064165	
2.617687e+06	1	545239233	1.170682e-06	149784911	
2.618100e+06	1	545239233	1.185212e-06	66064165	
2.620894e+06	3	533433650	1.452976e-08	3526559023	58759274	1.400000e-08	
2.631895e+06	1	1222799196	2.088215e-06	3884987045	
2.637277e+06	1	545239233	1.199742e-06	1517815290	
2.637516e+06	0	110439229	1.452976e-08	85224627	
2.642119e+06	0	1222799196	2.088215e-06	2475979558	
2.643906e+06	1	373638573	1.000000e+00	4122240121	
2.644586e+06	0	2984600922	3.786232e-07	472358284	
2.654060e+06	1	545239233	1.214271e-06	2766526296	
2.659335e+06	0	1398579088	1.659863e-08	2110688926	
2.666060e+06	0	3562383954	3.305367e-08	326805806	
2.669751e+06	1	545239233	1.228841e-06	3302973195	
2.672928e+06	0	545239233	1.228841e-06	533433650	
2.676897e+06	3	1055469694	1.618081e-08	1922039940	2135013218	1.400000e-08	
2.678018e+06	0	545239233	1.228841e-06	3363025910	
2.681509e+06	0	259930472	2.791000e-08	3498415124	
2.681636e+06	1	373638573	1.000000e+00	1743198400	
2.682398e+06	0	545239233	1.228841e-06	3363025910	
2.682634e+06	1	545239233	1.243370e-06	3363025910	
2.686011e+06	1	545239233	1.257370e-06	695939830	
2.690365e+06	0	179097684	7.801094e-07	3532628785	
2.690657e+06	0	545239233	1.257370e-06	105819081	
2.698276e+06	3	2848685905	1.605503e-08	481049431	470332523	1.400000e-08	
2.702608e+06	0	545239233	1.257370e-06	105819081	
2.702757e+06	1	179097684	7.941094e-07	3532628785	
2.707658e+06	3	1089013536	1.682649e-08	110439229	3217169414	1.400000e-08	
2.707926e+06	1	1089013536	3.082649e-08	3217169414	
2.711455e+06	1	373638573	1.000000e+00	406745133	
2.712068e+06	1	3921011129	7.791312e-07	3497999925	
2.717038e+06	3	381652938	1.476945e-08	393090083	3030801476	1.400000e-08	
2.718354e+06	1	381652938	2.876945e-08	3030801476	
2.722514e+06	0	545239233	1.257370e-06	105819081	
2.728562e+06	0	3737780296	1.335516e-06	1237914369	
2.729018e+06	3	3449694611	1.815166e-08	722767024	2208266878	1.400000e-08	
2.735573e+06	3	2799798816	4.763786e-07	2984600922	3715668764	1.400000e-08	3418547556	1.402397e-08	355298688	1.402397e-08	4193709834	1.402397e-08	584993009	1.402397e-08	1499007652	1.402397e-08	755060644	1.402397e-08	3270476896	1.402397e-08	3934203265	1.402397e-08	1292024166	1.402397e-08	1323984060	1.402397e-08	4197927596	1.402397e-08	1414892502	1.402397e-08	4201342597	1.402397e-08	2391696826	1.402397e-08	4138371369	1.402397e-08	3590332688	1.402397e-08	1745749016	1.402397e-08	2711965517	1.402397e-08	2933223072	1.402397e-08	1987038079	1.402397e-08	3797386594	1.402397e-08	1280619132	1.402397e-08	4105879141	1.402397e-08	3088551619	1.402397e-08	3443287411	1.402397e-08	3981989558	1.402397e-08	
2.738034e+06	1	2799798816	4.904025e-07	3590332688	
2.747810e+06	1	1222799196	2.102239e-06	1280619132	
2.748378e+06	3	4187488967	1.453458e-08	1867247157	1165174376	1.400000e-08	
2.749096e+06	0	3270476896	1.402397e-08	2622395779	
2.749911e+06	1	545239233	1.271370e-06	405521437	
2.750288e+06	1	4187488967	2.853458e-08	1165174376	
2.762047e+06	3	1292023300	1.459337e-08	3934203265	3467386575	1.400000e-08	
2.762890e+06	0	3190311976	1.511119e-08	1002680420	
2.763679e+06	3	515125813	1.400000e-08	3268335666	4263904522	1.400000e-08	
2.773637e+06	0	3012889883	1.444051e-08	1495382923	
2.780121e+06	0	3113062634	1.493664e-08	3016084464	
2.780872e+06	3	3562383954	3.260518e-08	1987038079	4267941538	1.447246e-08	
2.787991e+06	0	1342185090	1.452976e-08	2950407739	
2.791405e+06	1	3534547045	1.129713e-06	3554620561	
2.795171e+06	1	373638573	1.000000e+00	3071577057	
2.795452e+06	0	2250775120	1.523127e-08	3016084464	
2.797063e+06	0	3099973400	1.552510e-08	1965662198	
2.798871e+06	1	841878026	8.483098e-08	3177521820	
2.798924e+06	1	841878026	9.936074e-08	1923515514	
2.806392e+06	1	1222799196	2.130149e-06	2466232951	
2.809267e+06	3	1194638860	1.827494e-08	1414892502	3372193553	1.400000e-08	
2.821578e+06	3	2475979558	1.460712e-08	3607413901	3681452412	1.400000e-08	
2.832937e+06	0	3113062634	1.493664e-08	4105879141	
2.832980e+06	0	179097684	7.941094e-07	651046398	
2.834436e+06	0	381652938	2.876945e-08	1499007652	
2.839167e+06	0	2878871175	2.016394e-08	579073438	
2.842802e+06	1	1222799196	2.158059e-06	2261252686	
2.847322e+06	1	545239233	1.285394e-06	4105879141	
2.850821e+06	3	3449694611	1.817563e-08	1292024166	2604064924	1.400000e-08	
2.851734e+06	1	373638573	1.000000e+00	2286860921	
2.852551e+06	1	1222799196	2.190665e-06	3562383954	
2.852723e+06	1	3534547045	1.144243e-06	1965662198	
2.855851e+06	0	841878026	9.936074e-08	1553963666	
2.866542e+06	0	85224627	1.452976e-08	1002680420	
2.867004e+06	1	1222799196	2.205194e-06	105819081	
2.874742e+06	1	3921011129	7.936609e-07	1342185090	
2.879956e+06	0	2027098952	2.317038e-08	3775452048	
2.883566e+06	3	841878026	8.224415e-08	4240624600	3458662533	1.536389e-08	762210064	1.536389e-08	570164134	1.536389e-08	
2.890248e+06	3	1055469694	1.652241e-08	3986570268	2418772576	1.400000e-08	
2.897970e+06	0	545239233	1.285394e-06	1055469694	
2.899797e+06	1	545239233	1.299394e-06	73116178	
2.899845e+06	0	1398579088	1.659863e-08	3443287411	
2.908383e+06	1	545239233	1.313394e-06	2418772576	
2.909146e+06	0	259930472	2.791000e-08	3339828518	
2.917400e+06	0	545239233	1.313394e-06	533433650	
2.920119e+06	3	1194638860	1.861654e-08	1902671923	2105330617	1.400000e-08	
2.921075e+06	0	762210064	1.536389e-08	4093093422	
2.922491e+06	1	373638573	1.000000e+00	3241671100	
2.926438e+06	0	1222799196	2.205194e-06	4093093422	
2.927440e+06	1	3921011129	8.076609e-07	58759274	
2.931634e+06	1	545239233	1.327924e-06	533433650	
2.933946e+06	3	381652938	2.789912e-08	550176535	964813250	1.487033e-08	
2.936816e+06	1	3534547045	1.158418e-06	649593533	
2.947401e+06	3	1878784256	2.533806e-08	3449694611	2039170765	2.074757e-08	
2.949711e+06	3	2110688926	1.439626e-08	346987663	4278040469	1.406102e-08	
2.950539e+06	3	4055959668	1.488672e-08	515125813	241690685	1.406720e-08	
2.953217e+06	1	179097684	8.090266e-07	224410298	
2.959475e+06	3	3443287411	1.404794e-08	4201342597	1703904600	1.400000e-08	
2.962515e+06	0	1222799196	2.205194e-06	3981989558	
2.967730e+06	1	1222799196	2.219218e-06	3981989558	
2.991063e+06	3	1089013536	1.400000e-08	3099973400	3814978291	1.617580e-08	118566979	1.617580e-08	
2.995166e+06	3	545239233	1.327924e-06	841878026	894269343	1.400000e-08	932943525	1.706104e-08	250347941	1.706104e-08	2292589682	1.706104e-08	3971437066	1.706104e-08	
2.995315e+06	1	545239233	1.344985e-06	932943525	
3.005617e+06	1	545239233	1.358985e-06	2622395779	
3.010778e+06	0	545239233	1.358985e-06	3971437066	
3.014977e+06	1	2799798816	5.069249e-07	1055469694	
3.016881e+06	3	3929228125	1.579421e-08	755060644	2810179169	1.400000e-08	
3.028654e+06	3	110358663	1.436556e-08	3270476896	1803012522	1.400000e-08	
3.031904e+06	1	3534547045	1.172418e-06	1553963666	
3.033651e+06	0	1222799196	2.219218e-06	3498415124	
3.039838e+06	0	1495382923	1.437506e-08	2950407739	
3.041761e+06	0	483021244	1.613590e-08	3633199892	
3.042268e+06	1	472358284	4.093682e-08	2292589682	
3.049476e+06	1	373638573	1.000000e+00	3339828518	
3.050399e+06	3	2878871175	2.018868e-08	1771264541	3940915008	1.400000e-08	
3.051732e+06	1	1761715697	3.491000e-08	1803012522	
3.053296e+06	0	3534547045	1.172418e-06	651046398	
3.057360e+06	1	373638573	1.000000e+00	875106938	
3.059677e+06	1	1222799196	2.234582e-06	3458662533	
3.070614e+06	0	4278040469	1.406102e-08	1037584679	
3.073916e+06	1	1222799196	2.249055e-06	4267941538	
3.074102e+06	0	545239233	1.358985e-06	1494141940	
3.078615e+06	1	373638573	1.000000e+00	2870037616	
3.109219e+06	3	3012889883	1.444051e-08	1657444763	3593659676	1.400000e-08	
3.119060e+06	0	3279439195	1.452976e-08	355298688	
3.134671e+06	3	381652938	1.400000e-08	1398579088	2744143284	1.524888e-08	2002691604	1.524888e-08	
3.135141e+06	0	1222799196	2.249055e-06	85224627	
3.143196e+06	3	96665495	1.452976e-08	2654473721	3223248356	1.400000e-08	
3.149561e+06	0	545239233	1.358985e-06	1089013536	
3.151043e+06	3	37613351	1.400000e-08	2711965517	101557930	1.409961e-08	678688578	1.409961e-08	
3.164349e+06	1	545239233	1.399922e-06	472358284	
3.164787e+06	3	1878784256	2.395624e-08	3697249003	2222966094	1.591640e-08	
3.167781e+06	3	4138371369	1.402397e-08	3372193553	1301910447	1.400000e-08	
3.172864e+06	0	545239233	1.399922e-06	762210064	
3.177527e+06	0	3167902617	1.456940e-08	3088551619	
3.190605e+06	1	2799798816	5.209489e-07	1745749016	
3.197389e+06	1	373638573	1.000000e+00	1533953788	
3.208298e+06	0	2222966094	1.591640e-08	2066612683	
3.210310e+06	0	2810179169	1.400000e-08	381652938	
3.229890e+06	1	545239233	1.413970e-06	3443287411	
3.237078e+06	0	545239233	1.413970e-06	188552836	
3.250333e+06	0	3113062634	1.493664e-08	96665495	
3.254908e+06	3	85224627	1.452976e-08	470332523	2919535035	1.400000e-08	
3.258993e+06	1	1222799196	2.263055e-06	2604064924	
3.265630e+06	0	3498415124	2.791000e-08	241690685	
3.267921e+06	3	1495382923	1.437506e-08	3715668764	2855048822	1.400000e-08	
3.272246e+06	0	1543523724	2.091000e-08	1314810707	
3.275187e+06	0	4193709834	1.402397e-08	1089013536	
3.286485e+06	0	3921011129	8.076609e-07	1831065885	
3.290077e+06	0	3498415124	2.791000e-08	3736894086	
3.295778e+06	3	4055959668	1.498634e-08	678688578	682911345	1.400000e-08	
3.295953e+06	1	3921011129	8.248997e-07	175860597	
3.302690e+06	3	2391696826	1.404794e-08	1323984060	238807518	1.400000e-08	
3.307830e+06	1	1222799196	2.277055e-06	238807518	
3.328239e+06	1	545239233	1.427994e-06	4193709834	
3.333019e+06	0	1222799196	2.277055e-06	2878871175	
3.341644e+06	0	1222799196	2.277055e-06	2391696826	
3.350289e+06	3	96665495	1.452976e-08	1298902656	1840937626	1.400000e-08	
3.351200e+06	3	2856850640	1.400000e-08	3633199892	1734007597	1.455380e-08	4088691616	1.455380e-08	2087527840	1.455380e-08	2065940037	1.455380e-08	2751602400	1.455380e-08	
3.355700e+06	3	2855048822	1.400000e-08	2950407739	552380491	1.400000e-08	
3.357001e+06	0	3088551619	1.402397e-08	1002680420	
3.360308e+06	3	552380491	1.400000e-08	4263904522	253656606	1.400000e-08	
3.360358e+06	0	2065940037	1.455380e-08	72955594	
3.370692e+06	3	2751602400	1.499431e-08	1906851972	1254429415	1.400000e-08	
3.372036e+06	0	3814978291	1.617580e-08	3113062634	
3.381171e+06	3	2501379955	1.741000e-08	3593659676	481400394	1.400000e-08	
3.393095e+06	0	2039170765	2.074757e-08	3678948817	
3.397493e+06	1	545239233	1.441994e-06	3223248356	
3.407017e+06	0	3921011129	8.248997e-07	37613351	
3.416058e+06	3	1292023300	1.459337e-08	3381587904	2584856907	1.400000e-08	
3.429593e+06	1	2222966094	3.044615e-08	85224627	
3.435408e+06	0	2027098952	2.317038e-08	1301910447	
3.436278e+06	1	1222799196	2.291055e-06	3940915008	
3.437416e+06	0	4138371369	1.402397e-08	253656606	
3.446942e+06	1	545239233	1.456980e-06	4055959668	
3.449028e+06	3	1494141940	1.400000e-08	3190311976	3284371529	1.451059e-08	871205577	1.451059e-08	
3.451714e+06	0	250347941	1.706104e-08	682911345	
3.464455e+06	1	373638573	1.000001e+00	1499007652	
3.465069e+06	1	373638573	1.000001e+00	3736523900	
3.478169e+06	3	3921011129	8.304332e-07	1869365069	2655011401	1.521089e-08	
3.478507e+06	0	2799798816	5.209489e-07	381652938	
3.483174e+06	3	2105330617	1.400000e-08	734120091	4156410056	1.400000e-08	
3.494629e+06	0	3921011129	8.304332e-07	2655011401	
3.500640e+06	1	3921011129	8.456441e-07	2655011401	
3.506081e+06	1	1222799196	2.305584e-06	2454553876	
3.508017e+06	1	118566979	3.017580e-08	682911345	
3.520850e+06	1	545239233	1.471550e-06	1848242772	
3.525748e+06	0	579073438	1.456940e-08	1840937626	
3.526346e+06	3	381652938	1.400000e-08	3775452048	249938527	1.400000e-08	
3.538022e+06	3	1803925302	2.406186e-08	250347941	843598278	1.400000e-08	
3.538411e+06	1	545239233	1.487686e-06	483021244	
3.556386e+06	3	2475979558	1.460712e-08	894269343	2197427154	1.400000e-08	
3.582615e+06	1	1222799196	2.826533e-06	2799798816	
3.584495e+06	0	1222799196	2.826533e-06	1301910447	
3.590288e+06	0	4138371369	1.402397e-08	326805806	
3.599271e+06	0	1222799196	2.826533e-06	378125977	
3.626881e+06	1	545239233	1.503409e-06	627452446	
3.639179e+06	3	2475979558	1.463109e-08	4197927596	3690557900	1.400000e-08	
3.644931e+06	1	545239233	1.519585e-06	3814978291	
3.654838e+06	3	3012889883	1.446448e-08	2933223072	3824375258	1.400000e-08	
3.660168e+06	3	259930472	2.791000e-08	1840937626	769315986	1.400000e-08	
3.666798e+06	0	1803925302	2.406186e-08	2919535035	
3.675608e+06	0	2222966094	3.044615e-08	1831065885	
3.682614e+06	0	570164134	1.536389e-08	101557930	
3.684205e+06	0	438292632	1.694649e-08	4088691616	
3.690844e+06	0	3690557900	1.400000e-08	1494141940	
3.694572e+06	1	3534547045	1.186948e-06	1601889739	
3.715107e+06	1	1222799196	2.840899e-06	110358663	
3.718180e+06	0	3012889883	1.446448e-08	1301910447	
3.730979e+06	3	651046398	1.416248e-08	3891448235	1856937876	1.400000e-08	
3.740144e+06	3	2039170765	2.127732e-08	1449522982	354497373	1.400000e-08	
3.748812e+06	0	545239233	1.519585e-06	354497373	
3.752205e+06	0	1222799196	2.840899e-06	1194638860	
3.761652e+06	1	545239233	1.533585e-06	354497373	
3.765126e+06	0	355298688	1.402397e-08	1703904600	
3.804256e+06	1	3921011129	8.601546e-07	3284371529	
3.818448e+06	3	118566979	2.760143e-08	3012889883	1230311851	1.703884e-08	
3.824227e+06	0	2087527840	1.455380e-08	326805806	
3.826880e+06	0	259930472	2.791000e-08	3696843781	
3.834355e+06	1	3534547045	1.201048e-06	101557930	
3.848365e+06	1	1068020906	9.547327e-04	3418547556	
3.853145e+06	3	259930472	2.791000e-08	4156410056	3825172902	1.400000e-08	
3.854733e+06	0	4093093422	1.436897e-08	3824375258	
3.856162e+06	0	2110688926	1.439626e-08	811613008	
3.858092e+06	0	2135013218	1.400000e-08	1002680420	
3.879142e+06	0	545239233	1.533585e-06	769315986	
3.885406e+06	0	3921011129	8.601546e-07	2438291630	
3.897008e+06	3	2039170765	2.130129e-08	584993009	110318614	1.400000e-08	
3.897459e+06	1	373638573	1.000001e+00	871205577	
3.900710e+06	1	545239233	1.547585e-06	3681452412	
3.913269e+06	3	481808867	1.463042e-08	4278040469	176241382	1.400000e-08	
3.920819e+06	1	3921011129	8.741546e-07	2135013218	
3.942286e+06	0	4285226245	1.456940e-08	96665495	
3.944687e+06	1	3921011129	8.881546e-07	769315986	
3.945273e+06	1	545239233	1.562154e-06	579073438	
3.948321e+06	0	2475979558	1.463109e-08	1301910447	
3.949951e+06	1	3921011129	9.021546e-07	1434498202	
3.962148e+06	3	438292632	1.734275e-08	2110688926	1063934737	1.400000e-08	
3.990145e+06	0	253808213	2.791000e-08	4138371369	
4.005772e+06	0	482917538	2.791000e-08	3696843781	
4.007903e+06	1	1222799196	2.859515e-06	1194638860	
4.025813e+06	0	2222966094	3.044615e-08	37613351	
4.037537e+06	3	4188445920	1.400000e-08	481808867	2445084109	1.427021e-08	1871304206	1.427021e-08	
4.043020e+06	1	373638573	1.000001e+00	2856850640	
4.063338e+06	0	1734007597	1.455380e-08	3016084464	
4.078279e+06	0	482917538	2.791000e-08	3797386594	
4.080448e+06	1	1222799196	2.874879e-06	570164134	
4.081886e+06	1	545239233	1.576154e-06	552380491	
4.091848e+06	1	1222799196	2.888879e-06	3690557900	
4.111902e+06	0	3279439195	1.452976e-08	253656606	
4.121677e+06	0	2087527840	1.455380e-08	3279439195	
4.128774e+06	1	545239233	1.600216e-06	1803925302	
4.140929e+06	3	3167902617	1.456940e-08	1494141940	4185666246	1.400000e-08	
4.142494e+06	1	1222799196	2.916789e-06	482917538	
4.157891e+06	3	1734007597	1.455380e-08	552498239	1905833305	1.400000e-08	
4.160418e+06	1	545239233	1.615465e-06	2744143284	
4.165802e+06	3	2391696826	1.404794e-08	1905833305	3879652638	1.400000e-08	
4.187472e+06	1	1222799196	2.937699e-06	3696843781	
4.189770e+06	1	179097684	8.231891e-07	651046398	
4.220769e+06	0	3971437066	1.706104e-08	3167902617	
4.230687e+06	1	545239233	1.632526e-06	3971437066	
4.241031e+06	1	3534547045	1.215577e-06	3279439195	
4.254893e+06	0	3921011129	9.021546e-07	4093093422	
4.263642e+06	1	3737780296	1.349516e-06	481400394	
4.285924e+06	3	1301910447	1.400000e-08	381652938	1924091726	1.400000e-08	
4.304974e+06	3	3113062634	1.530561e-08	4093093422	1629863604	1.400000e-08	
4.309146e+06	1	373638573	1.000001e+00	2177968201	
4.327034e+06	3	964813250	1.489430e-08	3088551619	698682927	1.400000e-08	
4.345512e+06	3	188552836	1.817318e-08	96665495	855708858	1.400000e-08	
4.347261e+06	0	1230311851	1.703884e-08	843598278	
4.350773e+06	1	3534547045	1.231487e-06	3678948817	
4.382126e+06	3	1924091726	1.400000e-08	2584856907	3076001680	1.400000e-08	
4.394654e+06	0	176241382	1.400000e-08	2855048822	
4.406453e+06	1	545239233	1.646526e-06	1089013536	
4.423985e+06	0	3921011129	9.021546e-07	811613008	
4.428078e+06	0	2105330617	1.400000e-08	1002680420	
4.433087e+06	1	3534547045	1.245487e-06	811613008	
4.441069e+06	0	179097684	8.231891e-07	855708858	
4.441545e+06	3	2222966094	1.400000e-08	2197427154	1493833725	1.522308e-08	1450024594	1.522308e-08	
4.454519e+06	1	1450024594	3.044615e-08	1493833725	
4.459797e+06	0	3076001680	1.400000e-08	2438291630	
4.472047e+06	3	855708858	1.400000e-08	1002680420	1797275806	1.400000e-08	
4.473840e+06	1	3534547045	1.259487e-06	855708858	
4.490711e+06	1	545239233	1.663869e-06	438292632	
4.497379e+06	1	545239233	1.679118e-06	2002691604	
4.501623e+06	0	907719639	1.444051e-08	1301910447	
4.511444e+06	1	118566979	4.160143e-08	3467386575	
4.513146e+06	1	3534547045	1.273487e-06	698682927	
4.528401e+06	1	545239233	1.697291e-06	188552836	
4.543549e+06	1	3534547045	1.287626e-06	3653734512	
4.573122e+06	0	4187488967	2.853458e-08	3824375258	
4.583001e+06	3	1450024594	2.844449e-08	3167902617	3378187523	1.657106e-08	
4.593644e+06	1	545239233	1.712655e-06	762210064	
4.598373e+06	1	545239233	1.726655e-06	4185666246	
4.622197e+06	0	4188445920	1.400000e-08	326805806	
4.624174e+06	1	3921011129	9.161546e-07	1037584679	
4.635557e+06	3	2674988631	1.629280e-08	2105330617	564959126	1.400000e-08	
4.643536e+06	0	3378187523	1.657106e-08	3113062634	
4.662087e+06	1	3921011129	9.445991e-07	1450024594	
4.664552e+06	3	2391696826	1.404794e-08	1797275806	3356410364	1.400000e-08	
4.671756e+06	1	545239233	1.741960e-06	3113062634	
4.675543e+06	0	545239233	1.741960e-06	1301910447	
4.701497e+06	3	2674988631	1.629280e-08	3879652638	2620273024	1.400000e-08	
4.726950e+06	0	1222799196	2.937699e-06	4088691616	
4.739164e+06	1	1222799196	2.953992e-06	2674988631	
4.792758e+06	1	3534547045	1.301626e-06	1629863604	
4.797520e+06	1	545239233	1.756335e-06	1495382923	
4.812914e+06	1	3534547045	1.318198e-06	3378187523	
4.820805e+06	0	1222799196	2.953992e-06	1878784256	
4.821476e+06	1	1222799196	2.967992e-06	2620273024	
4.839107e+06	1	3921011129	9.862006e-07	118566979	
4.847974e+06	0	545239233	1.756335e-06	110318614	
4.873243e+06	0	545239233	1.756335e-06	2039170765	
4.892503e+06	0	3534547045	1.318198e-06	110318614	
4.900687e+06	1	545239233	1.777637e-06	2039170765	
4.926335e+06	1	1222799196	2.981992e-06	2961226102	
4.937597e+06	0	1878784256	2.395624e-08	253656606	
4.940513e+06	3	1063934737	1.400000e-08	176241382	4177016268	1.400000e-08	
4.943872e+06	0	4177016268	1.400000e-08	1063934737	
5.011377e+06	0	179097684	8.231891e-07	1856937876	
5.021140e+06	3	964813250	1.489430e-08	564959126	2480753293	1.400000e-08	
5.042001e+06	0	2208266878	1.400000e-08	2438291630	
5.065495e+06	3	1734007597	1.499431e-08	907719639	3251328182	1.400000e-08	
5.076147e+06	1	373638573	1.000001e+00	259930472	
5.083982e+06	0	2956861855	2.791000e-08	1856937876	
5.110161e+06	0	253808213	2.791000e-08	3604532305	
5.146650e+06	1	1222799196	2.996016e-06	3797386594	
5.155090e+06	1	545239233	1.791637e-06	3251328182	
5.201989e+06	0	545239233	1.791637e-06	3953846011	
5.232131e+06	3	2683944377	2.046900e-08	2489195127	3584287056	1.400000e-08	
5.234259e+06	1	373638573	1.000001e+00	355298688	
5.242202e+06	3	1230311851	1.703884e-08	37613351	1661868134	1.400000e-08	
5.282806e+06	3	3498415124	1.400000e-08	287394855	3822766993	1.441358e-08	3730019172	1.441358e-08	
5.287205e+06	3	2956861855	1.400000e-08	2501379955	2217687738	1.566000e-08	2328187860	1.566000e-08	
5.299821e+06	3	1878784256	2.301133e-08	1924091726	3408999490	1.494491e-08	
5.304420e+06	1	1222799196	3.019027e-06	1878784256	
5.361490e+06	0	3921011129	9.862006e-07	3498415124	
5.446898e+06	0	253808213	2.791000e-08	3433591204	
5.451839e+06	1	373638573	1.000001e+00	3490627259	
5.459510e+06	1	545239233	1.805637e-06	326805806	
5.466776e+06	1	373638573	1.000001e+00	1761715697	
5.466929e+06	1	373638573	1.000001e+00	4188445920	
5.475109e+06	1	3921011129	1.000201e-06	1063934737	
5.477273e+06	3	2683944377	2.110010e-08	2475979558	3438744891	1.400000e-08	
5.506501e+06	0	3921011129	1.000201e-06	3824069879	
5.518393e+06	1	373638573	1.000001e+00	3076001680	
5.529122e+06	0	1222799196	3.019027e-06	3408999490	
5.534378e+06	1	1222799196	3.033027e-06	1703904600	
5.538130e+06	3	4088691616	1.455380e-08	4177016268	1501621654	1.400000e-08	
5.572687e+06	0	3822766993	1.441358e-08	3498415124	
5.575040e+06	1	1222799196	3.047027e-06	3825172902	
5.604435e+06	0	3929228125	1.579421e-08	2328187860	
5.620861e+06	0	3921011129	1.000201e-06	2391696826	
5.642209e+06	0	1222799196	3.047027e-06	2217687738	
5.695519e+06	1	545239233	1.819637e-06	1301910447	
5.698610e+06	0	3730019172	1.441358e-08	2391696826	
5.701087e+06	1	1222799196	3.061468e-06	4167430602	
5.703150e+06	1	3534547045	1.332198e-06	2855048822	
5.790458e+06	1	545239233	1.834050e-06	3730019172	
5.795287e+06	1	1222799196	3.090002e-06	4187488967	
5.807376e+06	1	545239233	1.852664e-06	2521380987	
5.846431e+06	1	545239233	1.868324e-06	2217687738	
5.849140e+06	3	220564665	1.741000e-08	2438291630	2695808785	1.400000e-08	
5.858590e+06	0	545239233	1.868324e-06	1501621654	
5.896206e+06	1	3921011129	1.015095e-06	964813250	
5.902808e+06	0	545239233	1.868324e-06	4088691616	
5.952130e+06	0	3737780296	1.349516e-06	2250775120	
5.982452e+06	3	1230311851	1.703884e-08	2208266878	399492375	1.400000e-08	
5.983952e+06	3	2870158420	1.400000e-08	2751602400	213831427	2.017572e-08	2714424842	2.017572e-08	
6.047921e+06	3	2027098952	1.400000e-08	2683944377	2282291379	1.513524e-08	2654714783	1.513524e-08	
6.054153e+06	1	1222799196	3.105662e-06	2328187860	
6.084969e+06	0	3921011129	1.015095e-06	3822766993	
6.090647e+06	0	2714424842	2.017572e-08	1254429415	
6.094455e+06	1	545239233	1.882737e-06	3822766993	
6.153355e+06	0	2848685905	1.605503e-08	2695808785	
6.186985e+06	1	545239233	1.896737e-06	1501621654	
6.289606e+06	0	213831427	2.017572e-08	2480753293	
6.298667e+06	0	3737780296	1.349516e-06	4083845756	
6.405853e+06	0	1871304206	1.427021e-08	399492375	
6.430372e+06	3	2878871175	2.018868e-08	2870158420	2993076447	1.400000e-08	
6.437580e+06	1	545239233	1.916913e-06	213831427	
6.439039e+06	1	373638573	1.000001e+00	2919535035	
6.455759e+06	1	1222799196	3.119662e-06	1661868134	
6.490486e+06	0	2066612683	1.456940e-08	3016084464	
6.602997e+06	1	373638573	1.000001e+00	249938527	
6.613104e+06	1	3534547045	1.346198e-06	3356410364	
6.633585e+06	0	1222799196	3.119662e-06	843598278	
6.703019e+06	1	545239233	1.930913e-06	2810179169	
6.740087e+06	3	3279231079	1.400000e-08	2065940037	2171266278	1.409345e-08	771038762	1.409345e-08	2768208421	1.409345e-08	3297235373	1.409345e-08	
6.778336e+06	3	771038762	1.409345e-08	399492375	776688125	1.400000e-08	
6.785833e+06	1	771038762	2.809345e-08	776688125	
6.843516e+06	1	545239233	1.945006e-06	3297235373	
6.850459e+06	0	1222799196	3.119662e-06	2654714783	
6.871466e+06	1	3921011129	1.035271e-06	2714424842	
6.898010e+06	1	545239233	1.965195e-06	2878871175	
7.003608e+06	0	1222799196	3.119662e-06	1543523724	
7.082990e+06	1	373638573	1.000001e+00	3122982648	
7.187871e+06	1	3534547045	1.360751e-06	4088691616	
7.232395e+06	1	1222799196	3.134798e-06	2282291379	
7.280102e+06	0	545239233	1.965195e-06	2993076447	
7.280637e+06	1	373638573	1.000001e+00	3824375258	
7.323276e+06	0	3016084464	1.453458e-08	3279231079	
7.357044e+06	1	545239233	1.979195e-06	2695808785	
7.383655e+06	3	3534547045	1.360751e-06	3921011129	3663377129	2.104191e-07	898071713	1.422158e-08	220748477	1.422158e-08	2470646831	1.422158e-08	1965972368	1.422158e-08	1426981231	1.422158e-08	1535034065	1.422158e-08	1483909303	1.422158e-08	846691466	1.422158e-08	3623563876	1.422158e-08	3872525629	1.422158e-08	3827929005	1.422158e-08	63319263	1.422158e-08	3607398139	1.422158e-08	2574253871	1.422158e-08	3830801972	1.422158e-08	3673394291	1.422158e-08	2748669076	1.422158e-08	1220275327	1.422158e-08	4188119649	1.422158e-08	1275089537	1.422158e-08	3700209637	1.422158e-08	3320450569	1.422158e-08	4148810631	1.422158e-08	1268185054	1.422158e-08	2900628886	1.422158e-08	3866772787	1.422158e-08	2056593038	1.422158e-08	1140472632	1.422158e-08	2774448923	1.422158e-08	975973597	1.422158e-08	933412597	1.422158e-08	927207199	1.422158e-08	2231250662	1.422158e-08	3085765731	1.422158e-08	1403954297	1.422158e-08	102828162	1.422158e-08	3962269793	1.422158e-08	604674024	1.422158e-08	4175762635	1.422158e-08	3421068049	1.422158e-08	4106915849	1.422158e-08	3953247145	1.422158e-08	977281884	1.422158e-08	335748715	1.422158e-08	3863839146	1.422158e-08	2025893757	1.422158e-08	1090143039	1.422158e-08	4013164456	1.422158e-08	253060996	1.422158e-08	3578947201	1.422158e-08	571790981	1.422158e-08	517786421	1.422158e-08	2308303797	1.422158e-08	2256454524	1.422158e-08	2316491956	1.422158e-08	921835634	1.422158e-08	2606270759	1.422158e-08	4081327903	1.422158e-08	
7.383655e+06	1	3663377129	2.246407e-07	4081327903	
7.383655e+06	1	3663377129	2.388622e-07	898071713	
7.383655e+06	1	3663377129	2.530838e-07	2606270759	
7.383655e+06	1	3663377129	2.673054e-07	220748477	
7.383655e+06	1	3663377129	2.815270e-07	921835634	
7.383655e+06	1	3663377129	2.957486e-07	2470646831	
7.383655e+06	1	3663377129	3.099701e-07	2316491956	
7.383655e+06	1	3663377129	3.241917e-07	2256454524	
7.383655e+06	1	2056593038	2.844316e-08	3866772787	
7.383655e+06	1	2056593038	4.266473e-08	2900628886	
7.383655e+06	1	3320450569	2.844316e-08	3700209637	
7.383655e+06	1	4148810631	2.844316e-08	1275089537	
7.383655e+06	1	4148810631	5.688631e-08	3320450569	
7.383656e+06	0	4013164456	1.422158e-08	335748715	
7.385036e+06	0	3534547045	1.360751e-06	4175762635	
7.386190e+06	1	3534547045	1.374973e-06	3953247145	
7.386465e+06	0	3863839146	1.422158e-08	1140472632	
7.388505e+06	1	4148810631	7.110789e-08	4188119649	
7.388570e+06	1	3534547045	1.389194e-06	1403954297	
7.388716e+06	1	3534547045	1.713386e-06	3663377129	
7.390734e+06	0	1090143039	1.422158e-08	1220275327	
7.391624e+06	0	3534547045	1.713386e-06	1426981231	
7.391723e+06	1	3534547045	1.727608e-06	1426981231	
7.392096e+06	0	2056593038	4.266473e-08	1483909303	
7.392368e+06	1	3534547045	1.741829e-06	977281884	
7.392530e+06	1	3534547045	1.756051e-06	1268185054	
7.393884e+06	1	3534547045	1.770273e-06	3827929005	
7.394928e+06	1	3534547045	1.784494e-06	4013164456	
7.396921e+06	1	3534547045	1.798716e-06	335748715	
7.397972e+06	1	3534547045	1.812937e-06	253060996	
7.400209e+06	0	3962269793	1.422158e-08	975973597	
7.400800e+06	1	3534547045	1.827159e-06	604674024	
7.406180e+06	0	545239233	1.979195e-06	2308303797	
7.406448e+06	1	3421068049	2.844316e-08	846691466	
7.406859e+06	1	3534547045	1.841380e-06	3623563876	
7.408417e+06	1	3534547045	1.855602e-06	3962269793	
7.408642e+06	3	3085765731	1.444316e-08	2748669076	4108567391	1.400000e-08	
7.408758e+06	1	3534547045	1.869824e-06	2025893757	
7.410155e+06	1	3534547045	1.884045e-06	2774448923	
7.413187e+06	1	3421068049	4.266473e-08	102828162	
7.414928e+06	1	3534547045	1.898267e-06	975973597	
7.415831e+06	1	3534547045	1.912488e-06	3578947201	
7.416434e+06	1	3534547045	1.926710e-06	3607398139	
7.419790e+06	1	3534547045	1.940931e-06	1220275327	
7.423966e+06	1	3534547045	1.955153e-06	4106915849	
7.427169e+06	1	3534547045	1.969375e-06	933412597	
7.427912e+06	1	545239233	1.993417e-06	1090143039	
7.429023e+06	1	373638573	1.000001e+00	1254429415	
7.437110e+06	3	2056593038	3.479876e-08	4108567391	4281208133	2.186597e-08	
7.442822e+06	1	3534547045	1.983596e-06	1140472632	
7.450780e+06	0	3534547045	1.983596e-06	63319263	
7.459863e+06	1	3673394291	2.844316e-08	3830801972	
7.461294e+06	0	3534547045	1.983596e-06	2308303797	
7.466619e+06	1	545239233	2.007417e-06	2222966094	
7.496172e+06	1	3534547045	2.026261e-06	3421068049	
7.496792e+06	0	545239233	2.007417e-06	517786421	
7.498698e+06	0	3534547045	2.026261e-06	4281208133	
7.511259e+06	1	3534547045	2.040482e-06	1483909303	
7.511732e+06	1	1222799196	3.148846e-06	2391696826	
7.522431e+06	1	545239233	2.021417e-06	2993076447	
7.523968e+06	0	3534547045	2.040482e-06	927207199	
7.536141e+06	3	2231250662	1.444316e-08	3872525629	1179141501	1.400000e-08	
7.537139e+06	1	3534547045	2.054704e-06	2574253871	
7.547908e+06	0	545239233	2.021417e-06	517786421	
7.567171e+06	1	545239233	2.035687e-06	2445084109	
7.578939e+06	0	1222799196	3.148846e-06	2027098952	
7.584855e+06	0	3673394291	2.844316e-08	3085765731	
7.589506e+06	0	3534547045	2.054704e-06	927207199	
7.602305e+06	1	3534547045	2.068926e-06	927207199	
7.618923e+06	1	545239233	2.049908e-06	1965972368	
7.628585e+06	0	1222799196	3.148846e-06	1230311851	
7.630104e+06	1	545239233	2.064130e-06	63319263	
7.637329e+06	0	571790981	1.422158e-08	4175762635	
7.641352e+06	0	545239233	2.064130e-06	2231250662	
7.672218e+06	1	545239233	2.078130e-06	110318614	
7.675947e+06	3	4148810631	8.960228e-08	2056593038	3325553423	1.630437e-08	
7.681498e+06	0	3325553423	1.630437e-08	1535034065	
7.698188e+06	1	3534547045	2.158528e-06	4148810631	
7.706545e+06	1	3534547045	2.174832e-06	3325553423	
7.761564e+06	0	3534547045	2.174832e-06	3863839146	
7.837560e+06	1	545239233	2.092351e-06	1535034065	
7.854312e+06	0	179097684	8.231891e-07	253656606	
7.885129e+06	1	3534547045	2.189054e-06	3863839146	
7.924910e+06	3	2231250662	1.466473e-08	4175762635	4124564224	1.400000e-08	
7.932714e+06	0	545239233	2.092351e-06	1734007597	
7.968081e+06	1	373638573	1.000001e+00	2171266278	
7.997645e+06	3	241690685	1.406720e-08	2480753293	1852572783	1.400000e-08	
8.007409e+06	1	1222799196	3.163439e-06	1292023300	
8.032273e+06	1	1222799196	3.177439e-06	1179141501	
8.037564e+06	1	3534547045	2.203054e-06	4124564224	
8.050476e+06	1	3534547045	2.217719e-06	2231250662	
8.157834e+06	1	3534547045	2.231940e-06	517786421	
8.188513e+06	0	3534547045	2.231940e-06	2654714783	
8.197742e+06	3	3534547045	2.231940e-06	3673394291	2233621492	1.400000e-08	3229926557	1.444316e-08	
8.202011e+06	1	3534547045	2.245940e-06	2233621492	
8.303334e+06	1	3534547045	2.260383e-06	3229926557	
8.407135e+06	1	545239233	2.106351e-06	3438744891	
8.481462e+06	1	1222799196	3.191661e-06	2308303797	
8.490357e+06	0	1222799196	3.191661e-06	571790981	
8.522545e+06	1	3534547045	2.276178e-06	3929228125	
8.575200e+06	0	3534547045	2.276178e-06	571790981	
8.582459e+06	0	3408999490	1.494491e-08	3584287056	
8.719700e+06	1	545239233	2.120351e-06	3584287056	
8.732804e+06	1	373638573	1.000001e+00	843598278	
8.846593e+06	1	545239233	2.135346e-06	1734007597	
8.884584e+06	1	1222799196	3.219754e-06	771038762	
8.898521e+06	3	4281208133	1.986998e-08	3736894086	2972065009	1.599599e-08	
8.940677e+06	1	3534547045	2.292174e-06	2972065009	
8.954892e+06	1	3534547045	2.312044e-06	4281208133	
9.096226e+06	1	373638573	1.000001e+00	2768208421	
9.223440e+06	1	3534547045	2.329082e-06	1230311851	
9.460244e+06	1	373638573	1.000001e+00	4285226245	
9.839952e+06	1	373638573	1.000001e+00	3433591204	
