1.930857e+02	1	2246051850	3.070100e-07	211811971	
2.153427e+02	1	343742982	5.582000e-08	2480932170	
6.714495e+02	1	2340740170	3.070100e-07	2932274237	
7.623012e+02	1	778035964	5.582000e-08	1494141940	
1.275484e+03	1	873214132	5.582000e-08	3357643131	
1.491649e+03	1	3373526895	3.070100e-07	1134175585	
1.915924e+03	1	3534547045	3.070100e-07	925199572	
2.417184e+03	1	4259593397	3.070100e-07	3953846011	
2.733010e+03	1	1735432893	5.582000e-08	3126241903	
4.700436e+03	1	941534069	5.582000e-08	3121047530	
4.773418e+03	1	179097684	3.070100e-07	1206764858	
5.095310e+03	1	3534547045	3.349200e-07	1661091397	
5.425064e+03	1	3616865126	5.582000e-08	3150420704	
6.528038e+03	1	2246051850	3.349200e-07	688805295	
6.684336e+03	1	1075699702	3.070100e-07	1156624510	
7.830403e+03	1	2340740170	3.349200e-07	40245973	
7.831838e+03	1	545239233	3.070100e-07	245436729	
1.060450e+04	1	1075699702	3.349200e-07	102901530	
1.091616e+04	1	1572835533	3.070100e-07	2693713428	
1.337710e+04	1	1321648343	5.582000e-08	636961411	
1.446514e+04	0	2246051850	3.349200e-07	770580294	
1.466830e+04	1	1075699702	3.628300e-07	3933289935	
1.661690e+04	0	2263814062	2.791000e-08	1037584679	
1.679430e+04	1	2779686750	5.582000e-08	4263717482	
1.807032e+04	1	4259593397	3.349200e-07	1458432161	
1.873868e+04	1	545239233	3.349200e-07	1493201942	
2.142957e+04	1	2246051850	3.628300e-07	953296898	
2.186121e+04	1	426576124	3.070100e-07	3108364485	
2.216527e+04	1	1572835533	3.349200e-07	259930472	
2.370975e+04	1	3373526895	3.349200e-07	3841896594	
2.429852e+04	0	287801793	2.791000e-08	3084497907	
2.576670e+04	1	545239233	3.628300e-07	1516068388	
3.148681e+04	1	1572835533	3.628300e-07	384163328	
3.150544e+04	0	1738899943	2.791000e-08	2455496064	
3.288989e+04	1	2799798816	3.070100e-07	2466232951	
3.438681e+04	0	3084497907	2.791000e-08	1379399837	
3.451721e+04	1	1572835533	3.907400e-07	3241671100	
4.075258e+04	1	2246051850	3.907400e-07	242414939	
4.090824e+04	1	4031050948	3.070100e-07	1347872676	
4.611657e+04	1	1068020906	9.543279e-04	2757833455	
4.941107e+04	0	1735432893	5.582000e-08	582973675	
5.060663e+04	0	1572835533	3.907400e-07	2408568032	
5.492090e+04	1	1068020906	9.543558e-04	1768543625	
5.869577e+04	1	545239233	3.907400e-07	2737363250	
6.753018e+04	1	545239233	4.186500e-07	3084497907	
7.011325e+04	1	3921011129	3.070100e-07	3908154577	
8.036277e+04	1	2340740170	3.628300e-07	257754683	
8.401756e+04	1	3534547045	3.628300e-07	1631081845	
8.536803e+04	1	2779686750	8.373000e-08	3421887303	
8.560934e+04	0	3497999925	2.791000e-08	3775452048	
8.745001e+04	0	3747246174	2.791000e-08	2406269022	
9.816543e+04	0	3534547045	3.628300e-07	3938221642	
1.033206e+05	1	3150846686	3.070100e-07	331336395	
1.049734e+05	1	3921011129	3.349200e-07	2859795595	
1.118438e+05	1	3921011129	3.628300e-07	2455496064	
1.156181e+05	0	3061883439	2.791000e-08	780264402	
1.163531e+05	1	2246051850	4.186500e-07	561528368	
1.198005e+05	0	3921011129	3.628300e-07	2835620284	
1.203537e+05	0	3938221642	2.791000e-08	3889879026	
1.278737e+05	3	1425083048	3.377015e-08	3326748277	3687573659	2.204985e-08	
1.352394e+05	0	3150846686	3.070100e-07	3257166052	
1.474163e+05	1	3534547045	3.907400e-07	3938221642	
1.505268e+05	1	3921011129	3.907400e-07	2178051842	
1.510237e+05	3	2340740170	6.194737e-07	1465560917	3196256300	2.245635e-08	
1.518095e+05	1	3373526895	3.628300e-07	3621383820	
1.525630e+05	1	3150846686	3.349200e-07	1123501568	
1.562742e+05	0	3534547045	3.907400e-07	2038493855	
1.631105e+05	3	4259593397	3.349200e-07	873214132	848448836	1.400000e-08	2211003714	2.091000e-08	2916276788	2.091000e-08	
1.710658e+05	0	780264402	2.791000e-08	3749853089	
1.792602e+05	0	3800234335	2.791000e-08	582973675	
1.830126e+05	0	1572835533	3.907400e-07	3196256300	
1.844275e+05	0	2856850640	2.791000e-08	3891448235	
1.919073e+05	0	2406269022	2.791000e-08	862710978	
1.997500e+05	1	1222799196	3.070100e-07	1019134040	
2.015660e+05	1	2340740170	6.473837e-07	2937387076	
2.016473e+05	1	2835620284	5.582000e-08	287801793	
2.023290e+05	0	2429525676	2.791000e-08	3245569981	
2.233682e+05	1	426576124	3.349200e-07	2545005546	
2.326725e+05	0	2246051850	4.186500e-07	314650893	
2.375720e+05	0	3497999925	2.791000e-08	3196256300	
2.410377e+05	1	2246051850	4.465600e-07	3732071459	
2.632233e+05	1	3150846686	3.628300e-07	3071234124	
2.786632e+05	0	1866926464	2.791000e-08	2710766136	
2.928201e+05	1	3737780296	3.070100e-07	769686034	
2.936598e+05	0	2504591099	2.791000e-08	732124878	
2.950793e+05	1	4259593397	6.140200e-07	3004792470	
3.081924e+05	3	3116505811	1.400000e-08	3749853089	3696193412	2.091000e-08	15308464	2.091000e-08	
3.197552e+05	0	1735432893	5.582000e-08	2393342300	
3.300903e+05	0	3800257563	2.791000e-07	3012070026	
3.320183e+05	3	632754209	1.400000e-08	2349140130	1239307652	2.091000e-08	1945448119	2.091000e-08	
3.560889e+05	0	2779686750	8.373000e-08	725558489	
3.804918e+05	0	3534547045	3.907400e-07	15308464	
3.868599e+05	1	3150846686	3.907400e-07	1731090175	
3.871991e+05	0	2408568032	2.791000e-08	2451350669	
4.190992e+05	3	862710978	1.400000e-08	3704423751	3396227953	2.091000e-08	3321237907	2.091000e-08	
4.191482e+05	0	3321237907	2.091000e-08	862710978	
4.242664e+05	3	2235064901	3.436704e-07	2779686750	3187199216	1.915960e-08	
4.704287e+05	1	1068020906	9.543837e-04	3392858646	
4.909208e+05	0	4231632140	2.791000e-08	1379399837	
4.999247e+05	0	3373526895	3.628300e-07	486050091	
5.389882e+05	1	2246051850	4.744700e-07	2205180068	
5.448569e+05	0	2235064901	3.436704e-07	905418128	
5.522968e+05	1	3373526895	3.907400e-07	1584276479	
5.682239e+05	1	3534547045	4.186500e-07	486050091	
5.992436e+05	0	511603307	2.791000e-08	1502094437	
6.003404e+05	0	3428193420	2.791000e-08	949068759	
6.058679e+05	1	3921011129	4.186500e-07	858320168	
6.091852e+05	0	778035964	5.582000e-08	1239307652	
6.133148e+05	3	2038493855	2.590493e-08	1945448119	3330100144	2.291507e-08	
6.237908e+05	1	2340740170	6.752937e-07	4231632140	
6.444050e+05	0	2835620284	5.582000e-08	3257166052	
6.635179e+05	0	4252347608	2.791000e-08	3396227953	
6.637949e+05	3	3150846686	3.907400e-07	2235064901	310481256	1.970079e-08	817087088	1.408564e-08	551137729	1.408564e-08	1218250404	1.408564e-08	1035956119	1.408564e-08	1211996162	1.408564e-08	188552836	1.408564e-08	2029773149	1.408564e-08	302486611	1.408564e-08	1842102965	1.408564e-08	1285693762	1.408564e-08	1078741991	1.408564e-08	2723643411	1.408564e-08	1804212609	1.408564e-08	438292632	1.408564e-08	2001290253	1.408564e-08	3147695692	1.408564e-08	3179285865	1.408564e-08	2173231515	1.408564e-08	740082705	1.408564e-08	2795063678	1.408564e-08	3642829293	1.408564e-08	2707128518	1.408564e-08	474866315	1.408564e-08	
6.731759e+05	3	1541946641	2.016036e-08	2409063466	1639799867	1.782982e-08	1026028388	1.782982e-08	
6.927510e+05	3	15308464	1.981727e-08	1211996162	1128056158	1.517836e-08	
6.985478e+05	1	3150846686	4.048256e-07	438292632	
7.071740e+05	1	2340740170	6.931235e-07	1026028388	
7.138560e+05	1	1068020906	9.544116e-04	728028737	
7.333553e+05	3	3642829293	1.417127e-08	817087088	2909632847	1.400000e-08	
7.421596e+05	1	373638573	1.000000e+00	1963165541	
7.446994e+05	1	3150846686	4.188256e-07	2909632847	
7.504871e+05	0	3921011129	4.186500e-07	2173231515	
7.599576e+05	1	3373526895	4.465600e-07	2835620284	
7.634205e+05	1	3150846686	4.329113e-07	2001290253	
7.638654e+05	0	405521437	2.791000e-08	717226258	
7.783047e+05	3	810769555	1.400000e-08	2406269022	937177227	2.091000e-08	3393811039	2.091000e-08	
8.029449e+05	0	3373526895	4.465600e-07	1128056158	
8.060452e+05	0	545239233	4.186500e-07	3187199216	
8.335637e+05	0	3800234335	2.791000e-08	3393811039	
8.385871e+05	1	3921011129	4.327356e-07	2723643411	
8.391284e+05	3	3889879026	1.400000e-08	1239307652	611212867	1.741000e-08	1104410542	1.741000e-08	
8.432430e+05	0	179097684	3.070100e-07	3321237907	
8.438691e+05	0	6723929	2.791000e-08	3800234335	
8.442343e+05	1	3737780296	3.349200e-07	290926289	
8.656585e+05	1	3737780296	3.628300e-07	598947138	
8.681653e+05	0	3534547045	4.186500e-07	2393342300	
8.835179e+05	1	3373526895	4.674700e-07	3321237907	
9.096484e+05	0	3150846686	4.329113e-07	2029773149	
9.196153e+05	1	3534547045	4.360600e-07	1104410542	
9.215038e+05	3	780264402	1.400000e-08	2528553283	2328232000	2.091000e-08	2999719241	2.091000e-08	
9.228816e+05	1	2340740170	7.210335e-07	2718413753	
9.310853e+05	0	2393342300	2.791000e-08	3747246174	
9.329172e+05	3	387772665	2.470017e-08	2029773149	1931993247	1.729547e-08	
9.330734e+05	3	3393811039	2.108127e-08	3642829293	1494850122	1.400000e-08	
9.499610e+05	0	611212867	1.741000e-08	3889879026	
9.532644e+05	0	1533953788	2.791000e-08	3838279446	
9.721441e+05	1	373638573	1.000000e+00	1503861029	
1.004446e+06	0	2038493855	2.590493e-08	3696193412	
1.004760e+06	0	3534547045	4.360600e-07	3330100144	
1.014524e+06	0	15308464	1.981727e-08	3179285865	
1.014850e+06	1	3737780296	3.907400e-07	315200650	
1.018776e+06	0	2393342300	2.791000e-08	3747246174	
1.020946e+06	0	3919821980	2.791000e-08	2173231515	
1.023039e+06	0	2038493855	2.590493e-08	611212867	
1.041555e+06	0	3534547045	4.360600e-07	740082705	
1.063960e+06	0	3534547045	4.360600e-07	611212867	
1.091311e+06	0	3424908067	2.791000e-08	3330100144	
1.108645e+06	3	545239233	4.186500e-07	3800257563	3414514926	1.400000e-08	2312786130	1.472778e-08	3537925318	1.472778e-08	1634407402	1.472778e-08	3869596591	1.472778e-08	3375523036	1.472778e-08	772925454	1.472778e-08	2215785330	1.472778e-08	3491092596	1.472778e-08	57770090	1.472778e-08	3071577057	1.472778e-08	1452489764	1.472778e-08	4260098875	1.472778e-08	3696843781	1.472778e-08	2138100036	1.472778e-08	1726701215	1.472778e-08	1412415798	1.472778e-08	375852842	1.472778e-08	3593732192	1.472778e-08	
1.110427e+06	3	333964007	1.400000e-08	3800234335	3888264012	2.091000e-08	313359544	2.091000e-08	
1.113150e+06	1	1412415798	2.945556e-08	1726701215	
1.123598e+06	0	2393342300	2.791000e-08	3330100144	
1.129686e+06	3	310481256	1.929878e-08	2795063678	217284033	1.448764e-08	
1.167126e+06	0	3232700421	2.791000e-08	1285693762	
1.199760e+06	3	611212867	1.741000e-08	632754209	2151269300	1.400000e-08	
1.204676e+06	0	179097684	3.070100e-07	2038493855	
1.236028e+06	0	545239233	4.186500e-07	3707189490	
1.242882e+06	3	1664502715	2.674815e-08	2074240873	3913511150	1.453592e-08	2962530363	1.453592e-08	
1.244018e+06	1	1068020906	9.544396e-04	1533953788	
1.267019e+06	1	2340740170	7.489435e-07	3497999925	
1.269915e+06	1	545239233	4.327356e-07	2707128518	
1.311435e+06	0	2125112500	2.791000e-08	2999719241	
1.323847e+06	0	3020817656	2.791000e-08	810769555	
1.327763e+06	0	3396227953	2.091000e-08	1494850122	
1.332855e+06	0	1735432893	5.582000e-08	3061883439	
1.339764e+06	3	387772665	2.478580e-08	1035956119	2063946235	1.400000e-08	
1.347540e+06	0	3373526895	4.674700e-07	3888264012	
1.356584e+06	3	3257166052	1.400000e-08	611212867	1172086036	1.566000e-08	690117576	1.566000e-08	
1.368582e+06	0	778035964	5.582000e-08	4260098875	
1.370327e+06	1	2340740170	7.768535e-07	2451350669	
1.371137e+06	3	3020817656	2.791000e-08	810769555	3288380490	1.400000e-08	
1.373079e+06	0	937177227	2.091000e-08	1842102965	
1.376418e+06	3	741863299	1.400000e-08	3696843781	845665321	1.431889e-08	3122982648	1.431889e-08	
1.382564e+06	1	373638573	1.000000e+00	314650893	
1.385679e+06	0	3061883439	2.791000e-08	937177227	
1.389085e+06	1	373638573	1.000000e+00	4046076794	
1.398479e+06	0	179097684	3.070100e-07	3396227953	
1.422960e+06	3	3393811039	2.799127e-08	3396227953	1471982444	1.400000e-08	
1.429732e+06	0	1471982444	1.400000e-08	862710978	
1.435075e+06	1	3150846686	4.507411e-07	1639799867	
1.451568e+06	3	129185354	1.400000e-08	1434498202	3303338876	2.091000e-08	2875471576	2.091000e-08	
1.458024e+06	1	1068020906	9.547745e-04	426576124	
1.468009e+06	1	2340740170	8.047635e-07	2870037616	
1.490598e+06	0	1321648343	5.582000e-08	3122982648	
1.499316e+06	0	4259593397	6.140200e-07	1502094437	
1.503656e+06	1	3921011129	4.468213e-07	1804212609	
1.518939e+06	1	3534547045	4.500600e-07	2063946235	
1.525030e+06	1	1075699702	3.907400e-07	1327969783	
1.533707e+06	0	179097684	3.070100e-07	2038493855	
1.543559e+06	0	375852842	1.472778e-08	3257166052	
1.553269e+06	1	179097684	3.210100e-07	1471982444	
1.576918e+06	3	3020817656	1.400000e-08	2038493855	1738909006	1.990746e-08	356405251	1.990746e-08	
1.599280e+06	3	310481256	1.938442e-08	1842102965	2879167783	1.400000e-08	
1.611269e+06	1	4259593397	1.004760e-06	1075699702	
1.624360e+06	1	373638573	1.000000e+00	869234806	
1.632480e+06	0	778035964	5.582000e-08	2879167783	
1.662071e+06	0	3696193412	2.091000e-08	690117576	
1.666608e+06	1	1321648343	6.982000e-08	3889879026	
1.667087e+06	1	179097684	3.409175e-07	1738909006	
1.683641e+06	1	373638573	1.000000e+00	848448836	
1.707655e+06	3	2393342300	1.400000e-08	4252347608	3083352544	2.091000e-08	4198169764	2.091000e-08	
1.713495e+06	0	937177227	2.091000e-08	310481256	
1.723174e+06	3	941534069	4.565865e-08	313359544	821115011	1.553568e-08	2118016430	1.553568e-08	
1.741908e+06	0	2246051850	4.744700e-07	821115011	
1.767546e+06	0	2999719241	2.091000e-08	2393342300	
1.770387e+06	0	870323177	2.791000e-08	3061883439	
1.818148e+06	0	941534069	4.565865e-08	4260098875	
1.821655e+06	1	3919821980	4.199564e-08	1218250404	
1.836530e+06	1	3373526895	4.953800e-07	3061883439	
1.837411e+06	0	545239233	4.327356e-07	1593891639	
1.842410e+06	1	3921011129	4.615490e-07	1452489764	
1.852327e+06	0	343742982	5.582000e-08	772925454	
1.881290e+06	0	778035964	5.582000e-08	3888264012	
1.899061e+06	3	1425083048	1.400000e-08	405521437	1945735688	1.589338e-08	4093093422	1.589338e-08	2842015324	1.589338e-08	
1.905885e+06	1	179097684	3.549175e-07	3116505811	
1.909896e+06	3	3393811039	1.400000e-08	3330100144	1249238030	1.845317e-08	3214077756	1.845317e-08	
1.910905e+06	3	2118016430	1.707135e-08	821115011	879162223	1.400000e-08	
1.914300e+06	1	2118016430	3.107135e-08	879162223	
1.921496e+06	3	3737780296	3.483699e-07	2984600922	3884425642	1.461228e-08	1149406307	1.461228e-08	3528332227	1.461228e-08	4004407106	1.461228e-08	451270221	1.461228e-08	3149440925	1.461228e-08	2250775120	1.461228e-08	1130108289	1.461228e-08	2177968201	1.461228e-08	2914302410	1.461228e-08	3655816389	1.461228e-08	3485819286	1.461228e-08	1382686479	1.461228e-08	1803925302	1.461228e-08	3293059020	1.461228e-08	378125977	1.461228e-08	2159618959	1.461228e-08	2441325815	1.461228e-08	3401497744	1.461228e-08	4069401935	1.461228e-08	134948105	1.461228e-08	1998372786	1.461228e-08	
1.923763e+06	3	2999719241	2.536317e-08	3214077756	2455922112	1.400000e-08	
1.929906e+06	0	2914302410	1.461228e-08	1130108289	
1.937758e+06	1	545239233	4.621912e-07	1412415798	
1.939711e+06	1	3921011129	5.313690e-07	1321648343	
1.955180e+06	1	373638573	1.000000e+00	326805806	
1.961008e+06	1	179097684	3.758275e-07	4198169764	
1.964023e+06	1	2999719241	3.936317e-08	2455922112	
1.991199e+06	0	3373526895	4.953800e-07	3707189490	
2.000998e+06	0	179097684	3.758275e-07	3020817656	
2.009645e+06	0	3083352544	2.091000e-08	2328232000	
2.013231e+06	0	551137729	1.408564e-08	741863299	
2.028625e+06	3	15308464	1.990291e-08	1285693762	3059103076	1.400000e-08	
2.055878e+06	0	2842015324	1.589338e-08	3869596591	
2.066409e+06	0	2999719241	3.936317e-08	937177227	
2.073489e+06	1	4259593397	1.032670e-06	2408568032	
2.102392e+06	1	2340740170	8.326735e-07	905418128	
2.115437e+06	0	3428193420	2.791000e-08	3114612365	
2.127731e+06	0	870323177	2.791000e-08	4260098875	
2.131146e+06	1	545239233	4.901012e-07	3232700421	
2.131749e+06	0	179097684	3.758275e-07	356405251	
2.138043e+06	1	545239233	5.180112e-07	2487301543	
2.139544e+06	1	1572835533	4.186500e-07	511603307	
2.179081e+06	0	4122240121	2.791000e-08	1130108289	
2.204033e+06	0	1986278615	2.791000e-08	3187199216	
2.206489e+06	1	4259593397	1.451320e-06	1572835533	
2.211532e+06	0	1735432893	5.582000e-08	3707189490	
2.211957e+06	0	1249238030	1.845317e-08	862710978	
2.224069e+06	3	1149406307	1.469791e-08	3179285865	432337108	1.400000e-08	
2.226237e+06	0	545239233	5.180112e-07	3687573659	
2.227053e+06	1	373638573	1.000000e+00	1593850299	
2.242986e+06	1	2340740170	8.466735e-07	432337108	
2.264405e+06	0	3921011129	5.313690e-07	582973675	
2.278288e+06	3	3373526895	4.973868e-07	937177227	1902671923	1.890323e-08	
2.284079e+06	0	3534547045	4.500600e-07	15308464	
2.312433e+06	3	3534547045	4.500600e-07	2118016430	4209590891	1.400000e-08	77395223	1.707135e-08	
2.312475e+06	1	3534547045	4.640600e-07	4209590891	
2.318815e+06	1	3534547045	4.781456e-07	740082705	
2.320151e+06	1	3534547045	4.952170e-07	77395223	
2.363267e+06	3	2250879299	2.279009e-08	217284033	3592986772	1.960755e-08	
2.385035e+06	0	2328232000	2.091000e-08	1249238030	
2.386973e+06	1	3150846686	4.648267e-07	1078741991	
2.388626e+06	1	3373526895	5.162900e-07	1902671923	
2.393588e+06	0	179097684	3.758275e-07	3393811039	
2.402393e+06	3	179097684	3.836809e-07	2999719241	1246511018	1.575485e-08	3986570268	1.575485e-08	
2.413473e+06	1	373638573	1.000000e+00	2159618959	
2.420844e+06	0	3986570268	1.575485e-08	3393811039	
2.422403e+06	0	4259593397	1.451320e-06	3401497744	
2.446723e+06	0	3150846686	4.648267e-07	4004407106	
2.450169e+06	3	3747246174	1.400000e-08	2328232000	174500547	1.741000e-08	4083845756	1.741000e-08	
2.466865e+06	1	2340740170	8.745835e-07	3498415124	
2.473640e+06	1	179097684	3.984087e-07	4260098875	
2.480559e+06	1	545239233	5.339046e-07	4093093422	
2.496281e+06	1	4083845756	3.141000e-08	3747246174	
2.517403e+06	1	179097684	4.124087e-07	3393811039	
2.520376e+06	3	2151269300	1.400000e-08	2393342300	110358663	1.400000e-08	
2.524162e+06	1	545239233	5.897246e-07	343742982	
2.530005e+06	3	1878784256	1.400000e-08	3196256300	1370908750	1.818317e-08	1837234470	1.818317e-08	
2.540477e+06	0	3534547045	4.952170e-07	3083352544	
2.549159e+06	3	659524895	1.400000e-08	725558489	2945849429	2.091000e-08	66296937	2.091000e-08	
2.550441e+06	1	373638573	1.000000e+00	3988949870	
2.558590e+06	1	373638573	1.000000e+00	3528332227	
2.576290e+06	0	2125112500	2.791000e-08	3888264012	
2.580820e+06	1	4259593397	1.465932e-06	3655816389	
2.584894e+06	0	3083352544	2.091000e-08	1246511018	
2.596077e+06	3	3888264012	2.432000e-08	174500547	976558236	1.400000e-08	
2.639373e+06	1	3696193412	3.499564e-08	188552836	
2.639852e+06	1	3150846686	4.789124e-07	302486611	
2.647704e+06	0	582973675	2.791000e-08	310481256	
2.648329e+06	1	373638573	1.000000e+00	3197676583	
2.661946e+06	3	3176785673	1.400000e-08	1541946641	2438291630	1.703518e-08	906368509	1.703518e-08	
2.671471e+06	1	3888264012	3.832000e-08	976558236	
2.672900e+06	3	770580294	2.502095e-08	378125977	3783228500	1.750133e-08	
2.685575e+06	3	1379399837	1.400000e-08	4004407106	2858952728	1.426114e-08	395113485	1.426114e-08	
2.700431e+06	3	3616865126	1.400000e-08	2215785330	4019363830	1.413694e-08	3016084464	1.413694e-08	921818415	1.413694e-08	2892683898	1.413694e-08	
2.739367e+06	1	179097684	4.323162e-07	356405251	
2.759948e+06	3	4083845756	1.400000e-08	3424908067	3697249003	1.510667e-08	3983774618	1.510667e-08	4187488967	1.510667e-08	
2.770166e+06	3	1735432893	1.400000e-08	2875471576	898751805	1.568250e-08	3632514288	1.568250e-08	410848061	1.568250e-08	2791633391	1.568250e-08	
2.779861e+06	1	3983774618	2.910667e-08	4083845756	
2.797967e+06	0	3373526895	5.162900e-07	1172086036	
2.805426e+06	3	2542835646	1.400000e-08	949068759	630280293	2.091000e-08	4212779140	2.091000e-08	
2.807408e+06	3	3921011129	5.543170e-07	941534069	3459374364	2.271072e-08	
2.848962e+06	3	2250775120	1.461228e-08	129185354	2125331604	1.400000e-08	
2.860889e+06	0	179097684	4.323162e-07	862710978	
2.903276e+06	1	179097684	4.614228e-07	3983774618	
2.915087e+06	3	3534547045	5.180911e-07	3888264012	3113062634	1.544589e-08	
2.916842e+06	0	630280293	2.091000e-08	3176785673	
2.932223e+06	0	3534547045	5.180911e-07	1494850122	
2.952507e+06	0	3697249003	1.510667e-08	2858952728	
2.970551e+06	0	582973675	2.791000e-08	1128056158	
2.977196e+06	0	3921011129	5.543170e-07	1735432893	
2.980485e+06	1	3921011129	5.770277e-07	3459374364	
2.986485e+06	3	2858952728	1.426114e-08	2879167783	847040419	1.400000e-08	
3.000706e+06	3	3921011129	5.770277e-07	2246051850	4240624600	1.695870e-08	1565786989	1.429723e-08	2286860921	1.429723e-08	3707879645	1.429723e-08	2746930994	1.429723e-08	4075596975	1.429723e-08	4283280385	1.429723e-08	538453177	1.429723e-08	3121292019	1.429723e-08	3349724438	1.429723e-08	4253718737	1.429723e-08	3297362622	1.429723e-08	1751902433	1.429723e-08	2878871175	1.429723e-08	3083717413	1.429723e-08	220564665	1.429723e-08	3653734512	1.429723e-08	3815024321	1.429723e-08	1428265047	1.429723e-08	3604532305	1.429723e-08	1869365069	1.429723e-08	965372172	1.429723e-08	607396504	1.429723e-08	2533881277	1.429723e-08	472358284	1.429723e-08	1950077488	1.429723e-08	1820499179	1.429723e-08	4055959668	1.429723e-08	528880979	1.429723e-08	3778036871	1.429723e-08	1405660995	1.429723e-08	3662110242	1.429723e-08	2247026945	1.429723e-08	
3.000707e+06	1	4240624600	3.125593e-08	1565786989	
3.003744e+06	3	375852842	1.545556e-08	1634407402	4032129539	1.400000e-08	
3.007834e+06	3	2746930994	1.429723e-08	1425083048	4035587434	1.400000e-08	
3.008564e+06	3	3373526895	5.270597e-07	1593891639	3111692719	1.714028e-08	
3.011033e+06	1	3373526895	5.442000e-07	3111692719	
3.021225e+06	0	4240624600	3.125593e-08	2746930994	
3.022148e+06	1	3921011129	5.913249e-07	2878871175	
3.024260e+06	3	2125112500	1.400000e-08	2533881277	1398579088	1.410361e-08	2501379955	1.410361e-08	
3.024468e+06	3	2308721517	2.791000e-08	4035587434	3332562587	1.400000e-08	
3.025609e+06	0	3534547045	5.180911e-07	3697249003	
3.036635e+06	1	545239233	6.040218e-07	3653734512	
3.038241e+06	3	1458665800	2.636789e-08	2125112500	3562383954	1.554211e-08	
3.055749e+06	3	3083352544	2.091000e-08	1494850122	2521380987	1.400000e-08	
3.064917e+06	3	4240624600	1.400000e-08	2308721517	4119421155	1.505531e-08	1913762779	1.505531e-08	3678948817	1.505531e-08	
3.079608e+06	1	3373526895	5.791956e-07	3696193412	
3.091019e+06	0	1986278615	2.791000e-08	2247026945	
3.145712e+06	3	1128056158	1.543950e-08	395113485	2489195127	1.400000e-08	
3.168659e+06	1	545239233	6.183190e-07	1405660995	
3.198000e+06	1	3373526895	5.964911e-07	1931993247	
3.255019e+06	1	3534547045	5.335370e-07	3113062634	
3.279066e+06	1	4259593397	1.480545e-06	3293059020	
3.289394e+06	3	3869596591	1.472778e-08	1379399837	3929228125	1.400000e-08	
3.299291e+06	1	3534547045	5.489765e-07	1128056158	
3.300037e+06	0	1820499179	1.429723e-08	2858952728	
3.300559e+06	1	545239233	1.209644e-06	3921011129	
3.301100e+06	3	2919643181	1.400000e-08	690117576	3160344427	1.478500e-08	3182159117	1.478500e-08	
3.308624e+06	0	2247026945	1.429723e-08	4019363830	
3.326971e+06	0	1869365069	1.429723e-08	3016084464	
3.328049e+06	1	373638573	1.000000e+00	3884425642	
3.335653e+06	1	373638573	1.000000e+00	1651612823	
3.357460e+06	0	4119421155	1.505531e-08	474866315	
3.367347e+06	0	2504591099	2.791000e-08	717226258	
3.394078e+06	3	1246511018	1.575485e-08	3020817656	766581564	1.400000e-08	
3.394418e+06	3	3083352544	1.935569e-08	862710978	3702894340	1.555431e-08	
3.398604e+06	1	373638573	1.000000e+00	3303338876	
3.409996e+06	0	179097684	4.614228e-07	1246511018	
3.419785e+06	3	3534547045	5.323313e-07	2620740164	3532745758	1.485172e-08	1072840122	1.485172e-08	3294683754	1.485172e-08	
3.420949e+06	1	3534547045	5.471831e-07	3294683754	
3.444563e+06	0	3297362622	1.429723e-08	2125331604	
3.459523e+06	3	778035964	1.886296e-08	847040419	1676003954	1.698568e-08	4285585893	1.698568e-08	2674988631	1.698568e-08	
3.471786e+06	1	373638573	1.000000e+00	1998372786	
3.473849e+06	1	3534547045	5.620348e-07	1072840122	
3.487654e+06	3	1945735688	1.755338e-08	1172086036	406745133	1.400000e-08	
3.512586e+06	3	3537925318	1.502501e-08	3662110242	2883513480	1.400000e-08	
3.521839e+06	1	179097684	4.754228e-07	766581564	
3.533952e+06	1	3373526895	6.153541e-07	778035964	
3.534217e+06	1	3373526895	6.302058e-07	3532745758	
3.540730e+06	1	373638573	1.000000e+00	2263814062	
3.541735e+06	0	3373526895	6.302058e-07	3678948817	
3.619522e+06	0	179097684	4.754228e-07	3083352544	
3.649518e+06	3	582973675	2.352338e-08	2858952728	783121895	1.864776e-08	
3.649589e+06	1	3373526895	6.445030e-07	1820499179	
3.662783e+06	0	179097684	4.754228e-07	3083352544	
3.664874e+06	1	1738899943	4.301667e-08	4187488967	
3.667123e+06	3	545239233	1.998510e-06	2340740170	2683944377	1.428628e-08	2961226102	1.428628e-08	301219709	1.428628e-08	1743198400	1.428628e-08	3059144981	1.428628e-08	3952655669	1.428628e-08	
3.671212e+06	3	965372172	1.440084e-08	1398579088	2848685905	1.400000e-08	
3.672286e+06	1	545239233	2.012796e-06	2683944377	
3.673044e+06	1	179097684	4.947785e-07	3083352544	
3.678081e+06	1	545239233	2.027082e-06	2961226102	
3.702712e+06	1	373638573	1.000000e+00	134948105	
3.706560e+06	0	3373526895	6.445030e-07	2046083849	
3.709870e+06	0	1239791232	2.791000e-08	443746396	
3.725908e+06	1	3534547045	5.760348e-07	110358663	
3.729195e+06	1	545239233	2.050606e-06	582973675	
3.731234e+06	0	3775452048	2.791000e-08	220564665	
3.736304e+06	0	197654791	2.791000e-08	3059144981	
3.737725e+06	1	3373526895	6.589039e-07	965372172	
3.738724e+06	0	3707189490	2.791000e-08	3702894340	
3.774017e+06	0	3919821980	4.199564e-08	15308464	
3.778249e+06	3	443746396	1.400000e-08	15308464	1826422368	1.690645e-08	896813269	1.690645e-08	
3.789572e+06	1	373638573	1.000000e+00	1227575429	
3.812359e+06	1	545239233	2.064903e-06	607396504	
3.826839e+06	0	545239233	2.064903e-06	1743198400	
3.829432e+06	1	545239233	2.079200e-06	4055959668	
3.835942e+06	0	3150846686	4.789124e-07	197654791	
3.835990e+06	1	179097684	5.132317e-07	1249238030	
3.843442e+06	0	2521380987	1.400000e-08	780264402	
3.855627e+06	3	1945735688	1.755338e-08	2151269300	37051273	1.400000e-08	
3.864384e+06	1	373638573	1.000000e+00	2914302410	
3.864606e+06	3	898751805	1.722461e-08	3562383954	1867247157	1.400000e-08	
3.888289e+06	0	482917538	2.791000e-08	472358284	
3.891433e+06	0	3534547045	5.760348e-07	3059103076	
3.896678e+06	1	545239233	2.107110e-06	1444500749	
3.902795e+06	1	545239233	2.150127e-06	1738899943	
3.914793e+06	0	3534547045	5.760348e-07	1735432893	
3.924675e+06	1	3373526895	6.732011e-07	3121292019	
3.934402e+06	1	545239233	2.169734e-06	3592986772	
3.935721e+06	0	3783228500	1.750133e-08	3707879645	
3.944663e+06	0	1867247157	1.400000e-08	3257166052	
3.947736e+06	0	3707189490	2.791000e-08	1246511018	
3.965188e+06	1	3534547045	5.900348e-07	1735432893	
3.965493e+06	3	2791633391	1.568250e-08	1867247157	3633199892	1.400000e-08	
3.965707e+06	1	179097684	5.289866e-07	1246511018	
3.978953e+06	1	3373526895	6.874983e-07	4253718737	
3.982873e+06	0	545239233	2.169734e-06	2945849429	
3.986842e+06	3	2674988631	1.698568e-08	1878784256	1736323711	1.400000e-08	
4.036227e+06	1	3534547045	6.040348e-07	3059103076	
4.058728e+06	1	3373526895	7.016019e-07	2501379955	
4.062082e+06	0	375852842	1.545556e-08	3678948817	
4.086455e+06	3	1481166135	1.400000e-08	2916276788	283080478	1.741000e-08	785216844	1.741000e-08	
4.118178e+06	3	3491092596	1.472778e-08	3332562587	3006103420	1.400000e-08	
4.173971e+06	0	1222799196	3.070100e-07	2177968201	
4.187059e+06	1	3373526895	7.158992e-07	1751902433	
4.209639e+06	3	3349724438	1.429723e-08	3633199892	2898323513	1.400000e-08	
4.214431e+06	3	220564665	1.459446e-08	4075596975	1199222225	1.400000e-08	
4.234862e+06	3	3702894340	1.628209e-08	3869596591	3755198008	1.400000e-08	
4.286815e+06	0	3083717413	1.429723e-08	2125331604	
4.319008e+06	3	6723929	2.513597e-08	3147695692	2795041644	1.685966e-08	
4.350679e+06	1	373638573	1.000000e+00	2441325815	
4.354091e+06	3	3373526895	7.158992e-07	3919821980	3492274228	1.400000e-08	1420914473	2.799564e-08	
4.359406e+06	3	179097684	5.286455e-07	2177968201	439844059	1.495336e-08	
4.367755e+06	1	3373526895	7.438948e-07	1420914473	
4.373103e+06	1	3373526895	7.578948e-07	1199222225	
4.373717e+06	3	375852842	1.615347e-08	1149406307	3802520055	1.400000e-08	
4.382810e+06	1	375852842	3.015347e-08	3802520055	
4.397110e+06	1	3373526895	7.718948e-07	3492274228	
4.410819e+06	1	179097684	5.435988e-07	439844059	
4.413043e+06	1	545239233	2.197644e-06	870323177	
4.421809e+06	3	4119421155	1.564976e-08	220564665	3012889883	1.400000e-08	
4.432399e+06	3	3604532305	1.429723e-08	2542835646	3363823620	1.400000e-08	
4.453906e+06	0	3986570268	1.575485e-08	2521380987	
4.465535e+06	3	538453177	1.429723e-08	443746396	1086559163	1.400000e-08	
4.476474e+06	3	3604532305	1.458351e-08	3059144981	3063534263	1.400000e-08	
4.484931e+06	3	2173231515	1.408564e-08	3006103420	2013640095	1.400000e-08	
4.486848e+06	0	3373526895	7.718948e-07	1676003954	
4.491320e+06	3	1676003954	1.804099e-08	1913762779	1461359102	1.400000e-08	
4.496019e+06	3	375852842	1.400000e-08	2945849429	2027098952	1.853173e-08	4167430602	1.853173e-08	
4.528996e+06	1	4259593397	1.499076e-06	2027098952	
4.578422e+06	0	3373526895	7.718948e-07	1428265047	
4.585820e+06	1	3373526895	7.861920e-07	538453177	
4.604063e+06	0	3373526895	7.861920e-07	2173231515	
4.612555e+06	3	2489195127	1.400000e-08	4240624600	4096225443	1.400000e-08	
4.625429e+06	3	3182159117	1.478500e-08	1461359102	781549661	1.400000e-08	
4.638254e+06	0	2674988631	1.698568e-08	2013640095	
4.657029e+06	3	472358284	1.429723e-08	37051273	907719639	1.400000e-08	
4.671974e+06	1	3373526895	8.002776e-07	2173231515	
4.683361e+06	1	373638573	1.000001e+00	754869367	
4.733227e+06	1	179097684	5.575988e-07	3288380490	
4.740372e+06	1	373638573	1.000001e+00	3737780296	
4.749607e+06	3	1945735688	1.691081e-08	472358284	1906851972	1.493980e-08	
4.787725e+06	1	545239233	2.211942e-06	1950077488	
4.791083e+06	0	6723929	2.513597e-08	3491092596	
4.815888e+06	3	4259593397	1.499076e-06	3150846686	2597880038	1.400000e-08	1896745001	1.408825e-08	2378434411	1.408825e-08	1837088337	1.408825e-08	1543523724	1.408825e-08	1761715697	1.408825e-08	3099973400	1.408825e-08	2789348510	1.408825e-08	1371202285	1.408825e-08	629078091	1.408825e-08	754560055	1.408825e-08	1737134642	1.408825e-08	37613351	1.408825e-08	3434666020	1.408825e-08	2369258877	1.408825e-08	3563522875	1.408825e-08	249728555	1.408825e-08	4285226245	1.408825e-08	2707460946	1.408825e-08	2606325002	1.408825e-08	1541925803	1.408825e-08	2024675612	1.408825e-08	1292023300	1.408825e-08	3302973195	1.408825e-08	875106938	1.408825e-08	3314075649	1.408825e-08	2589646060	1.408825e-08	3433591204	1.408825e-08	1848242772	1.408825e-08	250719570	1.408825e-08	2681498831	1.408825e-08	481808867	1.408825e-08	2066612683	1.408825e-08	3458484829	1.408825e-08	
4.834878e+06	1	179097684	5.715988e-07	2521380987	
4.848339e+06	0	1676003954	1.804099e-08	781549661	
4.851599e+06	1	1737134642	2.808825e-08	2013640095	
4.862084e+06	1	3373526895	8.171373e-07	2795041644	
4.874406e+06	1	545239233	2.226030e-06	2066612683	
4.875622e+06	0	4283280385	1.429723e-08	3016084464	
4.956677e+06	3	1502094437	1.400000e-08	1428265047	2719204682	1.410361e-08	4256642775	1.410361e-08	
4.983934e+06	1	3534547045	6.180348e-07	3012889883	
4.998654e+06	1	373638573	1.000001e+00	2438291630	
5.007299e+06	3	3778036871	1.429723e-08	781549661	2449448537	1.400000e-08	
5.041310e+06	0	1906851972	1.493980e-08	907719639	
5.062621e+06	1	3534547045	6.327625e-07	772925454	
5.114489e+06	3	3815024321	1.429723e-08	2489195127	463844675	1.400000e-08	
5.136838e+06	0	717226258	2.791000e-08	4256642775	
5.158583e+06	1	545239233	2.253940e-06	3774459889	
5.188497e+06	0	1945735688	1.691081e-08	3632514288	
5.192080e+06	3	179097684	4.998744e-07	2046083849	3167902617	1.423349e-08	579073438	1.423349e-08	3468130899	1.423349e-08	393090083	1.423349e-08	2343849308	1.423349e-08	1055469694	1.423349e-08	627452446	1.423349e-08	
5.192352e+06	1	179097684	5.141079e-07	3468130899	
5.192427e+06	0	179097684	5.141079e-07	3167902617	
5.193938e+06	1	179097684	5.283414e-07	3167902617	
5.194541e+06	1	179097684	5.425749e-07	627452446	
5.196372e+06	0	3707189490	2.791000e-08	1055469694	
5.223302e+06	0	3534547045	6.327625e-07	3697249003	
5.225304e+06	3	1737134642	1.400000e-08	2707460946	2014426858	1.408825e-08	2716949832	1.408825e-08	
5.231042e+06	1	373638573	1.000001e+00	3129006749	
5.232159e+06	3	3823443426	1.400000e-08	3891448235	552634658	2.091000e-08	3736523900	2.091000e-08	
5.260925e+06	1	545239233	2.269695e-06	3986570268	
5.278443e+06	1	545239233	2.283783e-06	754560055	
5.304596e+06	0	179097684	5.425749e-07	579073438	
5.310128e+06	0	179097684	5.425749e-07	3707189490	
5.379057e+06	1	373638573	1.000001e+00	2440120768	
5.414994e+06	1	3373526895	8.311373e-07	463844675	
5.459528e+06	1	179097684	5.595606e-07	2674988631	
5.475341e+06	0	3929228125	1.400000e-08	3414514926	
5.477683e+06	1	4259593397	1.513165e-06	3302973195	
5.477790e+06	1	4259593397	1.527700e-06	3913511150	
5.493348e+06	0	3534547045	6.327625e-07	2343849308	
5.503461e+06	3	4188445920	2.799825e-08	3563522875	2213923665	1.400000e-08	
5.561707e+06	1	179097684	5.737940e-07	1055469694	
5.562700e+06	0	3534547045	6.327625e-07	3707189490	
5.563813e+06	0	179097684	5.737940e-07	3414514926	
5.572834e+06	0	3783228500	1.750133e-08	2606325002	
5.578113e+06	0	179097684	5.737940e-07	1826422368	
5.584518e+06	1	179097684	5.877940e-07	3414514926	
5.592788e+06	3	1037584679	1.400000e-08	3401497744	1503202005	1.426114e-08	3202152185	1.426114e-08	
5.612500e+06	0	1986278615	2.791000e-08	921818415	
5.622436e+06	1	3373526895	8.451373e-07	2848685905	
5.627623e+06	0	845665321	1.431889e-08	1743198400	
5.638071e+06	0	3534547045	6.327625e-07	3707189490	
5.666796e+06	0	3122982648	1.431889e-08	741863299	
5.682285e+06	3	896813269	1.690645e-08	1086559163	2622395779	1.400000e-08	
5.682393e+06	1	896813269	3.090645e-08	2622395779	
5.705098e+06	0	3373526895	8.451373e-07	3755198008	
5.709913e+06	3	4167430602	1.882896e-08	3707879645	3607413901	1.400000e-08	
5.739462e+06	3	1986278615	2.393845e-08	406745133	649593533	1.797155e-08	
5.760204e+06	3	310481256	2.103418e-08	4119421155	66987975	1.400000e-08	
5.769426e+06	1	3373526895	8.592256e-07	1896745001	
5.780764e+06	3	545239233	2.283783e-06	4259593397	483021244	2.351599e-08	3707800333	1.405780e-08	3528190190	1.405780e-08	2185291493	1.405780e-08	550176535	1.405780e-08	1674415855	1.405780e-08	4287239676	1.405780e-08	3884987045	1.405780e-08	1960974751	1.405780e-08	309459595	1.405780e-08	2348040613	1.405780e-08	3180086772	1.405780e-08	3833074883	1.405780e-08	1462644303	1.405780e-08	4088625113	1.405780e-08	1237914369	1.405780e-08	2733144751	1.405780e-08	1649557018	1.405780e-08	1831065885	1.405780e-08	79461789	1.405780e-08	1621314342	1.405780e-08	2016090987	1.405780e-08	1553963666	1.405780e-08	1002680420	1.405780e-08	734120091	1.405780e-08	2475979558	1.405780e-08	2649056468	1.405780e-08	3381587904	1.405780e-08	175860597	1.405780e-08	1089013536	1.405780e-08	552498239	1.405780e-08	481049431	1.405780e-08	2950407739	1.405780e-08	72955594	1.405780e-08	1771264541	1.405780e-08	2353028958	1.405780e-08	2980075456	1.405780e-08	3449694611	1.405780e-08	1194638860	1.405780e-08	114837353	1.405780e-08	2341758500	1.405780e-08	651046398	1.405780e-08	2780384598	1.405780e-08	1061526795	1.405780e-08	3342541004	1.405780e-08	1577969976	1.405780e-08	695939830	1.405780e-08	229435916	1.405780e-08	1850435983	1.405780e-08	19131048	1.405780e-08	2426951832	1.405780e-08	3089865955	1.405780e-08	3526559023	1.405780e-08	73116178	1.405780e-08	2654473721	1.405780e-08	2564127097	1.405780e-08	3554620561	1.405780e-08	2789301560	1.405780e-08	3201932102	1.405780e-08	3527214469	1.405780e-08	224410298	1.405780e-08	3967778277	1.405780e-08	1759850032	1.405780e-08	2704180049	1.405780e-08	287394855	1.405780e-08	2670951229	1.405780e-08	2367820772	1.405780e-08	771359632	1.405780e-08	4186562710	1.405780e-08	3211480542	1.405780e-08	346987663	1.405780e-08	1922039940	1.405780e-08	2110688926	1.405780e-08	1314810707	1.405780e-08	2472898255	1.405780e-08	3459912306	1.405780e-08	1598213090	1.405780e-08	1495382923	1.405780e-08	722767024	1.405780e-08	515125813	1.405780e-08	1298902656	1.405780e-08	3532628785	1.405780e-08	826924968	1.405780e-08	3190311976	1.405780e-08	841878026	1.405780e-08	2747938267	1.405780e-08	3177521820	1.405780e-08	3363025910	1.405780e-08	1290268226	1.405780e-08	764400056	1.405780e-08	1517815290	1.405780e-08	66064165	1.405780e-08	2766526296	1.405780e-08	2454553876	1.405780e-08	1923515514	1.405780e-08	3339828518	1.405780e-08	105819081	1.405780e-08	533433650	1.405780e-08	1601889739	1.405780e-08	381652938	1.405780e-08	96665495	1.405780e-08	1342185090	1.405780e-08	149784911	1.405780e-08	85224627	1.405780e-08	1965662198	1.405780e-08	110439229	1.405780e-08	1449522982	1.405780e-08	3279439195	1.405780e-08	
5.780764e+06	1	483021244	3.757379e-08	3279439195	
5.780764e+06	1	483021244	5.163159e-08	3707800333	
5.780764e+06	1	1449522982	2.811560e-08	110439229	
5.780764e+06	1	2185291493	2.811560e-08	3528190190	
5.780764e+06	1	1449522982	4.217340e-08	1965662198	
5.780764e+06	1	2185291493	4.217340e-08	550176535	
5.780764e+06	1	1449522982	5.623120e-08	85224627	
5.780764e+06	1	2185291493	5.623120e-08	1674415855	
5.780764e+06	1	3884987045	2.811560e-08	4287239676	
5.780764e+06	1	149784911	2.811560e-08	1342185090	
5.780764e+06	1	1649557018	2.811560e-08	2733144751	
5.780765e+06	1	381652938	2.811560e-08	1601889739	
5.780766e+06	1	381652938	4.217340e-08	533433650	
5.780818e+06	1	1577969976	2.811560e-08	2341758500	
5.780865e+06	3	545239233	2.283783e-06	1649557018	360107933	1.400000e-08	1657444763	1.411560e-08	
5.781064e+06	1	105819081	2.811560e-08	2766526296	
5.781156e+06	1	545239233	2.297841e-06	764400056	
5.783246e+06	1	3534547045	6.468508e-07	629078091	
5.783706e+06	1	545239233	2.311899e-06	2367820772	
5.784713e+06	3	3458484829	1.414605e-08	73116178	58759274	1.400000e-08	
5.789228e+06	1	545239233	2.325956e-06	224410298	
5.791804e+06	1	545239233	2.340014e-06	229435916	
5.792006e+06	0	545239233	2.340014e-06	175860597	
5.793475e+06	3	1503202005	1.426114e-08	2213923665	2135013218	1.400000e-08	
5.796624e+06	1	545239233	2.354072e-06	1298902656	
5.797580e+06	1	373638573	1.000001e+00	1543523724	
5.802832e+06	0	3607413901	1.400000e-08	907719639	
5.804988e+06	1	545239233	2.368130e-06	287394855	
5.810734e+06	3	790319072	2.398856e-08	2449448537	470332523	1.792144e-08	
5.812431e+06	1	545239233	2.424361e-06	2185291493	
5.813898e+06	3	105819081	1.400000e-08	360107933	3217169414	1.405780e-08	3030801476	1.405780e-08	
5.814211e+06	0	545239233	2.424361e-06	1089013536	
5.814798e+06	1	545239233	2.438419e-06	3449694611	
5.819315e+06	1	96665495	2.811560e-08	2649056468	
5.821715e+06	1	545239233	2.452477e-06	66064165	
5.823182e+06	1	545239233	2.480592e-06	149784911	
5.823294e+06	0	164438789	2.791000e-08	1037584679	
5.825277e+06	1	545239233	2.494650e-06	1061526795	
5.828640e+06	1	545239233	2.508708e-06	1462644303	
5.830461e+06	1	545239233	2.550881e-06	381652938	
5.834351e+06	1	3534547045	6.747608e-07	3707189490	
5.839598e+06	1	545239233	2.564939e-06	1553963666	
5.841200e+06	0	1945735688	1.691081e-08	3815024321	
5.843775e+06	1	373638573	1.000001e+00	1826422368	
5.844702e+06	1	1068020906	9.547885e-04	3929228125	
5.855650e+06	3	4285226245	1.414605e-08	3217169414	2208266878	1.400000e-08	
5.855739e+06	1	179097684	6.029007e-07	3697249003	
5.856522e+06	1	545239233	2.578997e-06	1517815290	
5.859387e+06	1	1222799196	3.210678e-07	1922039940	
5.868740e+06	1	545239233	2.593055e-06	1089013536	
5.874970e+06	0	545239233	2.593055e-06	3554620561	
5.879698e+06	0	3373526895	8.592256e-07	310481256	
5.880427e+06	0	310481256	2.103418e-08	579073438	
5.883771e+06	0	3190311976	1.405780e-08	2426951832	
5.886890e+06	1	545239233	2.621170e-06	96665495	
5.899041e+06	1	545239233	2.635228e-06	651046398	
5.900971e+06	1	545239233	2.649374e-06	4285226245	
5.901455e+06	0	3339828518	1.405780e-08	722767024	
5.904362e+06	1	545239233	2.663432e-06	2475979558	
5.904894e+06	1	545239233	2.677490e-06	1621314342	
5.920267e+06	0	3534547045	6.747608e-07	2343849308	
5.922114e+06	0	2704180049	1.405780e-08	2125331604	
5.929314e+06	0	3190311976	1.405780e-08	3459912306	
5.931182e+06	1	545239233	2.692102e-06	3485819286	
5.935645e+06	3	896813269	1.400000e-08	770580294	3715668764	2.096370e-08	3418547556	2.096370e-08	
5.948186e+06	1	3373526895	8.732256e-07	4096225443	
5.953652e+06	1	545239233	2.706160e-06	1960974751	
5.956786e+06	0	2681498831	1.408825e-08	79461789	
5.972616e+06	1	179097684	6.171342e-07	2343849308	
5.982012e+06	3	3428193420	2.796780e-08	826924968	355298688	1.400000e-08	
5.992609e+06	0	179097684	6.171342e-07	780264402	
5.996653e+06	1	483021244	6.568939e-08	1237914369	
6.004834e+06	0	649593533	1.797155e-08	1923515514	
6.010581e+06	1	545239233	2.720217e-06	734120091	
6.011157e+06	0	545239233	2.720217e-06	3458484829	
6.026005e+06	1	545239233	2.734275e-06	1314810707	
6.057234e+06	0	1577969976	2.811560e-08	105819081	
6.070449e+06	3	4122240121	2.321810e-08	3176785673	4193709834	1.869190e-08	
6.085268e+06	0	3071577057	1.472778e-08	3363025910	
6.088285e+06	0	3715668764	2.096370e-08	898751805	
6.094916e+06	1	545239233	2.748333e-06	552498239	
6.100512e+06	3	1130108289	1.490951e-08	3083717413	584993009	1.400000e-08	
6.102760e+06	1	545239233	2.762630e-06	3297362622	
6.112773e+06	0	4167430602	1.882896e-08	3593732192	
6.124457e+06	0	310481256	2.103418e-08	1945735688	
6.126559e+06	0	474866315	1.408564e-08	1194638860	
6.148699e+06	0	3373526895	8.732256e-07	785216844	
6.150704e+06	1	545239233	2.828320e-06	483021244	
6.169313e+06	0	545239233	2.828320e-06	3527214469	
6.180822e+06	0	552634658	2.091000e-08	2125331604	
6.195984e+06	3	1743198400	1.434408e-08	114837353	1499007652	1.400000e-08	
6.200078e+06	0	1986278615	2.393845e-08	1598213090	
6.212264e+06	3	1598213090	1.405780e-08	3063534263	755060644	1.400000e-08	
6.234399e+06	1	179097684	6.419200e-07	387772665	
6.236305e+06	1	179097684	6.628300e-07	552634658	
6.242211e+06	3	783121895	1.893404e-08	3952655669	3270476896	1.400000e-08	
6.256262e+06	3	474866315	1.408564e-08	2898323513	3934203265	1.400000e-08	
6.258760e+06	3	72955594	1.411560e-08	2950407739	1292024166	1.400000e-08	
6.265749e+06	0	3527214469	1.405780e-08	2780384598	
6.268206e+06	3	57770090	1.472778e-08	3823443426	1323984060	1.400000e-08	
6.271858e+06	3	2369258877	1.414605e-08	3526559023	4197927596	1.400000e-08	
6.274261e+06	0	649593533	1.797155e-08	1598213090	
6.277001e+06	3	875106938	1.414605e-08	346987663	1414892502	1.400000e-08	
6.288690e+06	1	3534547045	6.887608e-07	2208266878	
6.305970e+06	0	3177521820	1.405780e-08	1771264541	
6.310322e+06	3	1222799196	3.143722e-07	1130108289	4201342597	2.160506e-08	
6.312553e+06	0	783121895	1.893404e-08	2348040613	
6.318132e+06	3	1458665800	1.400000e-08	4285585893	2391696826	1.467679e-08	4138371369	1.467679e-08	
6.321037e+06	0	4019363830	1.413694e-08	3190311976	
6.321286e+06	3	3373526895	8.732256e-07	1222799196	3590332688	1.400000e-08	1745749016	1.430344e-08	2711965517	1.430344e-08	2933223072	1.430344e-08	1987038079	1.430344e-08	3797386594	1.430344e-08	1280619132	1.430344e-08	4105879141	1.430344e-08	3088551619	1.430344e-08	3443287411	1.430344e-08	3981989558	1.430344e-08	1165174376	1.430344e-08	3467386575	1.430344e-08	4263904522	1.430344e-08	4267941538	1.430344e-08	3372193553	1.430344e-08	3681452412	1.430344e-08	2604064924	1.430344e-08	3458662533	1.430344e-08	762210064	1.430344e-08	570164134	1.430344e-08	2418772576	1.430344e-08	
6.322710e+06	3	1986278615	2.399625e-08	3363025910	2105330617	1.400000e-08	
6.326739e+06	1	3373526895	8.875290e-07	3088551619	
6.339788e+06	0	2391696826	1.467679e-08	1850435983	
6.340052e+06	0	1414892502	1.400000e-08	4032129539	
6.342706e+06	3	2716949832	1.414605e-08	1598213090	964813250	1.400000e-08	
6.356607e+06	1	3797386594	2.860688e-08	1745749016	
6.370541e+06	3	1837234470	1.812643e-08	722767024	2039170765	1.411454e-08	
6.381302e+06	3	4088625113	1.405780e-08	584993009	4278040469	1.400000e-08	
6.404265e+06	3	906368509	1.699610e-08	474866315	241690685	1.412472e-08	
6.404853e+06	0	241690685	1.412472e-08	2426951832	
6.405667e+06	1	3373526895	9.018324e-07	2604064924	
6.422407e+06	1	545239233	2.846291e-06	649593533	
6.430242e+06	3	3349724438	1.429723e-08	3607413901	1703904600	1.400000e-08	
6.433974e+06	1	545239233	2.860349e-06	175860597	
6.445882e+06	1	3373526895	9.161359e-07	2711965517	
6.450693e+06	1	3373526895	9.301359e-07	1703904600	
6.454021e+06	3	3114612365	2.799825e-08	2024675612	3814978291	1.400000e-08	
6.457837e+06	1	545239233	2.874652e-06	3681452412	
6.463836e+06	3	2980075456	1.411560e-08	3180086772	118566979	1.400000e-08	
6.478182e+06	0	545239233	2.874652e-06	2747938267	
6.488549e+06	0	1743198400	1.434408e-08	118566979	
6.489258e+06	1	3373526895	9.444393e-07	4105879141	
6.490187e+06	3	3314075649	1.414605e-08	771359632	894269343	1.400000e-08	
6.491928e+06	0	906368509	1.699610e-08	1771264541	
6.494088e+06	3	3783228500	1.780477e-08	4263904522	932943525	1.400000e-08	
6.497618e+06	3	4167430602	2.301213e-08	1370908750	250347941	1.400000e-08	
6.503043e+06	1	3534547045	7.097245e-07	3418547556	
6.512834e+06	3	3797386594	2.715665e-08	3372193553	2292589682	1.575367e-08	
6.520611e+06	0	3373526895	9.444393e-07	1987038079	
6.536590e+06	1	2980075456	2.817340e-08	1759850032	
6.544694e+06	1	3373526895	9.587428e-07	2418772576	
6.549599e+06	3	1449522982	5.623120e-08	1577969976	3971437066	1.400000e-08	2810179169	1.411560e-08	
6.550650e+06	1	373638573	1.000001e+00	2597880038	
6.572519e+06	3	4278040469	1.400000e-08	1323984060	1803012522	1.400000e-08	
6.587797e+06	1	545239233	2.888950e-06	3815024321	
6.588706e+06	1	3534547045	7.240279e-07	4267941538	
6.592721e+06	1	3177521820	2.811560e-08	2704180049	
6.594255e+06	0	410848061	1.568250e-08	964813250	
6.616543e+06	1	3373526895	9.730462e-07	2933223072	
6.630126e+06	0	515125813	1.405780e-08	1458665800	
6.631585e+06	1	545239233	2.903065e-06	72955594	
6.639476e+06	0	4188445920	2.799825e-08	2842015324	
6.640141e+06	1	545239233	2.917065e-06	105819081	
6.642843e+06	0	2353028958	1.405780e-08	1458665800	
6.645264e+06	0	3373526895	9.730462e-07	1037584679	
6.663354e+06	1	373638573	1.000001e+00	3775452048	
6.676030e+06	0	2564127097	1.405780e-08	309459595	
6.679166e+06	0	3373526895	9.730462e-07	2292589682	
6.681297e+06	0	1292023300	1.408825e-08	3363823620	
6.699403e+06	1	545239233	2.931123e-06	2454553876	
6.700938e+06	1	3534547045	7.449916e-07	3715668764	
6.737879e+06	1	545239233	2.945123e-06	3971437066	
6.739113e+06	0	4122240121	2.321810e-08	3443287411	
6.743447e+06	3	1837088337	1.414605e-08	1194638860	3940915008	1.400000e-08	
6.743775e+06	1	3534547045	7.589916e-07	58759274	
6.747748e+06	0	2842015324	1.589338e-08	3211480542	
6.767584e+06	1	373638573	1.000001e+00	2211003714	
6.770567e+06	0	310481256	2.103418e-08	2716949832	
6.770856e+06	3	1280619132	1.436124e-08	3030801476	3593659676	1.400000e-08	
6.788667e+06	0	310481256	2.103418e-08	393090083	
6.796884e+06	0	3428193420	2.796780e-08	2564127097	
6.823047e+06	3	1848242772	1.408825e-08	659524895	2744143284	1.400000e-08	
6.824226e+06	1	373638573	1.000001e+00	785216844	
6.835234e+06	0	2589646060	1.408825e-08	1414892502	
6.869921e+06	3	310481256	2.103418e-08	2135013218	2002691604	1.400000e-08	
6.896665e+06	0	579073438	1.423349e-08	907719639	
6.900209e+06	1	373638573	1.000001e+00	1664502715	
6.909864e+06	1	179097684	6.775578e-07	3593732192	
6.913993e+06	1	3373526895	9.871040e-07	2564127097	
6.922132e+06	0	1837088337	1.414605e-08	4186562710	
6.945630e+06	0	3381587904	1.405780e-08	1292024166	
6.967101e+06	0	3375523036	1.472778e-08	481808867	
6.985586e+06	0	3373526895	9.871040e-07	3467386575	
6.992085e+06	3	4167430602	2.331557e-08	570164134	3223248356	1.400000e-08	
6.992182e+06	0	3458662533	1.430344e-08	19131048	
7.000222e+06	1	545239233	2.959181e-06	3833074883	
7.007857e+06	0	3981989558	1.430344e-08	907719639	
7.019336e+06	0	3373526895	9.871040e-07	1837234470	
7.021396e+06	1	373638573	1.000001e+00	3814978291	
7.026363e+06	0	3373526895	9.871040e-07	896813269	
7.073646e+06	0	3940915008	1.400000e-08	907719639	
7.078535e+06	0	3349724438	1.429723e-08	1499007652	
7.086048e+06	1	3373526895	1.001104e-06	2105330617	
7.140434e+06	3	783121895	1.966182e-08	57770090	101557930	1.400000e-08	
7.141497e+06	3	2842015324	1.598164e-08	1761715697	678688578	1.400000e-08	
7.152426e+06	1	3373526895	1.015241e-06	3016084464	
7.154923e+06	3	2369258877	1.414605e-08	333964007	2222966094	1.400000e-08	
7.163164e+06	1	545239233	2.973239e-06	1923515514	
7.172195e+06	1	3534547045	7.729916e-07	964813250	
7.212299e+06	0	3783228500	1.780477e-08	241690685	
7.250998e+06	1	545239233	2.987239e-06	2222966094	
7.262295e+06	1	3373526895	1.029299e-06	19131048	
7.264120e+06	3	1382686479	1.493117e-08	845665321	1301910447	1.400000e-08	
7.268699e+06	0	545239233	2.987239e-06	1986278615	
7.276174e+06	3	4138371369	1.476504e-08	2378434411	2919535035	1.400000e-08	
7.278293e+06	0	1676003954	1.804099e-08	1945735688	
7.278794e+06	0	3783228500	1.780477e-08	3755198008	
7.325098e+06	3	2980075456	1.400000e-08	875106938	2855048822	1.415972e-08	682911345	1.415972e-08	
7.331813e+06	1	3534547045	7.869916e-07	3593659676	
7.334231e+06	0	3537925318	1.502501e-08	2919535035	
7.349981e+06	0	3373526895	1.029299e-06	3981989558	
7.359831e+06	0	1906851972	1.493980e-08	3778036871	
7.367047e+06	0	3534547045	7.869916e-07	2716949832	
7.377742e+06	0	545239233	2.987239e-06	2747938267	
7.380891e+06	3	301219709	1.428628e-08	375852842	238807518	1.400000e-08	
7.381912e+06	0	1906851972	1.493980e-08	3190311976	
7.389243e+06	3	682911345	1.421752e-08	4186562710	1840937626	1.400000e-08	
7.406497e+06	1	545239233	3.001296e-06	1771264541	
7.410377e+06	1	3534547045	8.012951e-07	762210064	
7.414896e+06	3	3755198008	1.400000e-08	896813269	1734007597	1.400000e-08	
7.438557e+06	1	3373526895	1.043602e-06	3458662533	
7.448802e+06	3	2791633391	1.577075e-08	3434666020	4088691616	1.400000e-08	
7.451853e+06	3	1987038079	1.430344e-08	2002691604	2087527840	1.400000e-08	
7.452068e+06	1	3534547045	8.155286e-07	579073438	
7.454548e+06	0	545239233	3.001296e-06	2247026945	
7.464177e+06	3	66296937	2.091000e-08	101557930	2065940037	1.400000e-08	
7.472697e+06	1	3373526895	1.057602e-06	1840937626	
7.487223e+06	1	3373526895	1.071602e-06	1803012522	
7.491561e+06	0	3373526895	1.071602e-06	1837088337	
7.492937e+06	3	790319072	2.398856e-08	2087527840	2751602400	1.400000e-08	
7.496054e+06	3	3349724438	1.429723e-08	1458665800	552380491	1.400000e-08	
7.499075e+06	0	1906851972	1.493980e-08	241690685	
7.499120e+06	1	545239233	3.015296e-06	238807518	
7.505521e+06	0	3373526895	1.071602e-06	841878026	
7.507459e+06	3	783121895	2.038960e-08	2312786130	253656606	1.400000e-08	
7.530724e+06	0	4167430602	2.331557e-08	3590332688	
7.543311e+06	3	2065940037	1.400000e-08	755060644	1254429415	1.400000e-08	
7.635229e+06	1	545239233	3.038612e-06	4167430602	
7.638274e+06	0	3534547045	8.155286e-07	2247026945	
7.663526e+06	3	6723929	1.400000e-08	1676003954	481400394	1.458848e-08	2584856907	1.458848e-08	
7.667704e+06	0	481400394	1.458848e-08	6723929	
7.668286e+06	3	393090083	1.437954e-08	2716949832	3284371529	1.400000e-08	
7.668322e+06	1	393090083	2.837954e-08	3284371529	
7.669957e+06	0	3458484829	1.414605e-08	253656606	
7.684616e+06	3	3467386575	1.444949e-08	1837088337	871205577	1.400000e-08	
7.693572e+06	1	179097684	6.921463e-07	481400394	
7.710922e+06	3	4188445920	2.717232e-08	410848061	2655011401	1.650843e-08	
7.718530e+06	0	528880979	1.429723e-08	3934203265	
7.719161e+06	3	2681498831	1.408825e-08	2919643181	4156410056	1.400000e-08	
7.726478e+06	3	2906924538	1.400000e-08	898751805	249938527	1.556730e-08	843598278	1.556730e-08	
7.763393e+06	3	841878026	1.405780e-08	1736323711	2197427154	1.400000e-08	
7.766916e+06	0	1449522982	5.623120e-08	3339828518	
7.770143e+06	0	1906851972	1.493980e-08	3342541004	
7.773501e+06	0	3373526895	1.071602e-06	3934203265	
7.787463e+06	0	3373526895	1.071602e-06	3349724438	
7.809390e+06	0	3632514288	1.568250e-08	3349724438	
7.817630e+06	3	3201932102	1.405780e-08	3270476896	3690557900	1.400000e-08	
7.818375e+06	1	545239233	3.052700e-06	249728555	
7.822081e+06	1	545239233	3.066758e-06	79461789	
7.825975e+06	3	3555679070	2.796780e-08	1831065885	3824375258	1.400000e-08	
7.836098e+06	1	545239233	3.080758e-06	3690557900	
7.837572e+06	3	2391696826	1.476504e-08	1371202285	769315986	1.400000e-08	
7.841442e+06	0	545239233	3.080758e-06	2110688926	
7.852918e+06	1	545239233	3.094816e-06	2472898255	
7.872514e+06	1	3373526895	1.085602e-06	3934203265	
7.891398e+06	3	2250775120	1.490951e-08	528880979	1856937876	1.400000e-08	
7.892898e+06	3	2391696826	1.485329e-08	1848242772	354497373	1.400000e-08	
7.896040e+06	1	545239233	3.108874e-06	3201932102	
7.906787e+06	1	3373526895	1.099602e-06	3590332688	
7.923456e+06	0	179097684	6.921463e-07	2810179169	
7.925795e+06	3	393090083	1.400000e-08	780264402	1230311851	1.418977e-08	3825172902	1.418977e-08	
7.933735e+06	0	3373526895	1.099602e-06	66987975	
7.937920e+06	0	2681498831	1.408825e-08	1254429415	
7.939727e+06	0	179097684	6.921463e-07	2810179169	
7.943385e+06	3	907719639	1.400000e-08	3363823620	110318614	1.400000e-08	
7.945056e+06	3	3632514288	1.574030e-08	3211480542	176241382	1.400000e-08	
7.946765e+06	0	179097684	6.921463e-07	393090083	
7.962048e+06	0	4138371369	1.476504e-08	66987975	
7.986265e+06	0	932943525	1.400000e-08	894269343	
7.990881e+06	1	373638573	1.000001e+00	1290268226	
8.001809e+06	1	373638573	1.000001e+00	4201342597	
8.012527e+06	1	3373526895	1.113602e-06	3755198008	
8.047644e+06	0	66296937	2.091000e-08	1495382923	
8.048289e+06	1	3534547045	8.298258e-07	3349724438	
8.051081e+06	0	3534547045	8.298258e-07	2369258877	
8.060056e+06	1	3373526895	1.127602e-06	3940915008	
8.063287e+06	1	3373526895	1.142657e-06	3678948817	
8.103051e+06	1	3373526895	1.156773e-06	2810179169	
8.113396e+06	1	3373526895	1.170877e-06	2719204682	
8.178287e+06	0	871205577	1.400000e-08	2906924538	
8.188270e+06	0	4122240121	2.321810e-08	2250879299	
8.192680e+06	0	2250775120	1.490951e-08	2065940037	
8.209392e+06	1	373638573	1.000001e+00	1837234470	
8.211923e+06	0	1869365069	1.429723e-08	2197427154	
8.226982e+06	0	1743198400	1.434408e-08	2980075456	
8.233791e+06	0	3797386594	2.715665e-08	552380491	
8.246533e+06	0	2250879299	2.279009e-08	3783228500	
8.278248e+06	1	3373526895	1.185174e-06	3778036871	
8.293414e+06	1	373638573	1.000001e+00	4069401935	
8.333309e+06	0	3071577057	1.472778e-08	1743198400	
8.341797e+06	3	3632514288	1.730760e-08	843598278	1063934737	1.400000e-08	
8.342016e+06	1	179097684	7.099510e-07	3783228500	
8.358076e+06	0	4122240121	2.321810e-08	2348040613	
8.361749e+06	1	179097684	7.239510e-07	6723929	
8.372491e+06	0	3534547045	8.298258e-07	2039170765	
8.379285e+06	1	545239233	3.122931e-06	2348040613	
8.425659e+06	0	906368509	1.699610e-08	841878026	
8.453238e+06	3	1541925803	1.408825e-08	1254429415	2445084109	1.400000e-08	
8.464602e+06	3	515125813	1.405780e-08	3257166052	1871304206	1.400000e-08	
8.465081e+06	3	3884987045	1.400000e-08	3099973400	4185666246	1.410193e-08	1905833305	1.410193e-08	
8.479761e+06	0	179097684	7.239510e-07	3114612365	
8.480692e+06	0	1986278615	2.399625e-08	3381587904	
8.527086e+06	1	179097684	7.379510e-07	907719639	
8.532148e+06	1	179097684	7.521408e-07	3825172902	
8.600775e+06	1	3373526895	1.199174e-06	110318614	
8.619374e+06	1	3373526895	1.214928e-06	2292589682	
8.643894e+06	1	545239233	3.136989e-06	3554620561	
8.647598e+06	1	545239233	3.150989e-06	894269343	
8.660169e+06	1	3534547045	8.444143e-07	2584856907	
8.660699e+06	1	545239233	3.165126e-06	2892683898	
8.723498e+06	0	1905833305	1.410193e-08	2670951229	
8.754672e+06	1	545239233	3.179126e-06	3824375258	
8.761381e+06	0	3373526895	1.214928e-06	301219709	
8.830391e+06	1	545239233	3.193423e-06	4283280385	
8.830860e+06	3	4138371369	1.506848e-08	3981989558	3879652638	1.400000e-08	
8.848740e+06	3	3187199216	2.072691e-08	249938527	1924091726	1.400000e-08	
8.849759e+06	1	3534547045	8.584143e-07	66987975	
8.850283e+06	0	3467386575	1.444949e-08	393090083	
8.852741e+06	3	1449522982	1.400000e-08	871205577	1629863604	1.405780e-08	698682927	1.405780e-08	855708858	1.405780e-08	3076001680	1.405780e-08	
8.859206e+06	1	545239233	3.207512e-06	1541925803	
8.863428e+06	3	855708858	1.405780e-08	3223248356	1493833725	1.400000e-08	
8.868346e+06	1	4138371369	2.906848e-08	3879652638	
8.877191e+06	1	179097684	7.663306e-07	1230311851	
8.878019e+06	1	545239233	3.221512e-06	250347941	
8.878514e+06	3	2669757562	1.400000e-08	1434594601	1450024594	2.091000e-08	1797275806	2.091000e-08	
8.889981e+06	0	2369258877	1.414605e-08	2014426858	
8.891631e+06	1	545239233	3.249627e-06	3177521820	
9.039577e+06	1	3373526895	1.228928e-06	552380491	
9.040862e+06	0	179097684	7.663306e-07	2247026945	
9.061582e+06	0	1906851972	1.493980e-08	2445084109	
9.086155e+06	1	3373526895	1.245838e-06	1945735688	
9.116626e+06	0	545239233	3.249627e-06	3071577057	
9.162781e+06	1	3373526895	1.261820e-06	2842015324	
9.188413e+06	1	545239233	3.263845e-06	682911345	
9.191221e+06	1	3373526895	1.275878e-06	841878026	
9.210023e+06	0	545239233	3.263845e-06	253656606	
9.237624e+06	1	3534547045	8.727177e-07	1165174376	
9.259472e+06	1	545239233	3.284234e-06	783121895	
9.263210e+06	3	3797386594	2.724490e-08	3433591204	3378187523	1.400000e-08	
9.268012e+06	1	3373526895	1.289936e-06	3459912306	
9.290147e+06	1	179097684	7.806278e-07	2247026945	
9.316173e+06	0	179097684	7.806278e-07	3467386575	
9.316771e+06	1	3373526895	1.304548e-06	451270221	
9.332383e+06	1	3373526895	1.318548e-06	176241382	
9.345926e+06	3	3339828518	1.405780e-08	932943525	564959126	1.400000e-08	
9.359376e+06	0	3071577057	1.472778e-08	2445084109	
9.383264e+06	0	3534547045	8.727177e-07	1449522982	
9.415106e+06	0	3375523036	1.472778e-08	3532628785	
9.416770e+06	1	545239233	3.298234e-06	3378187523	
9.443220e+06	0	4019363830	1.413694e-08	1734007597	
9.481661e+06	1	3373526895	1.332606e-06	3342541004	
9.497212e+06	1	373638573	1.000001e+00	3160344427	
9.497610e+06	3	2250879299	2.279009e-08	769315986	3356410364	1.400000e-08	
9.506407e+06	0	545239233	3.298234e-06	717226258	
9.525924e+06	0	3071577057	1.472778e-08	118566979	
9.549575e+06	1	179097684	7.946278e-07	393090083	
9.558352e+06	0	811613008	2.791000e-08	855708858	
9.569459e+06	1	545239233	3.313174e-06	1906851972	
9.663859e+06	3	1987038079	1.430344e-08	2980075456	2620273024	1.400000e-08	
9.688413e+06	3	37613351	1.414605e-08	3339828518	4177016268	1.400000e-08	
9.688749e+06	1	37613351	2.814605e-08	4177016268	
9.715194e+06	1	545239233	3.327174e-06	118566979	
9.715656e+06	0	66296937	2.091000e-08	355298688	
9.726119e+06	0	470332523	1.792144e-08	695939830	
9.728514e+06	3	482917538	2.796780e-08	515125813	2480753293	1.400000e-08	
9.793076e+06	0	3443287411	1.430344e-08	2014426858	
9.805389e+06	1	545239233	3.341334e-06	2855048822	
9.808420e+06	3	3702894340	1.628209e-08	2620273024	3251328182	1.400000e-08	
9.815502e+06	0	545239233	3.341334e-06	2197427154	
9.851147e+06	1	3373526895	1.346606e-06	1871304206	
9.868014e+06	3	3202152185	1.436306e-08	4185666246	3584287056	1.400000e-08	
9.892159e+06	3	37613351	1.400000e-08	301219709	1661868134	1.421617e-08	3822766993	1.421617e-08	
9.892831e+06	0	3797386594	2.724490e-08	2250775120	
9.941731e+06	0	3534547045	8.727177e-07	1661868134	
9.963660e+06	0	3373526895	1.346606e-06	37613351	
9.977447e+06	1	373638573	1.000001e+00	717226258	
9.983744e+06	1	545239233	3.355334e-06	2197427154	
1.007174e+07	1	3373526895	1.360664e-06	698682927	
1.008272e+07	0	2014426858	1.408825e-08	2681498831	
1.010422e+07	0	3071577057	1.472778e-08	3089865955	
1.015708e+07	0	1629863604	1.405780e-08	1734007597	
1.016438e+07	0	3467386575	1.444949e-08	37613351	
1.016870e+07	0	3702894340	1.628209e-08	1856937876	
1.022262e+07	1	3373526895	1.375027e-06	3202152185	
1.023061e+07	0	545239233	3.355334e-06	1481166135	
1.025336e+07	1	545239233	3.369436e-06	1905833305	
1.026707e+07	1	373638573	1.000001e+00	1481166135	
1.029139e+07	1	3373526895	1.389027e-06	2906924538	
1.030227e+07	0	3534547045	8.727177e-07	1734007597	
1.044049e+07	0	4138371369	2.906848e-08	2780384598	
1.047508e+07	1	545239233	3.383436e-06	3584287056	
1.049410e+07	3	2016090987	1.405780e-08	355298688	3730019172	1.400000e-08	
1.049468e+07	1	3373526895	1.405309e-06	3702894340	
1.049617e+07	0	2250879299	2.279009e-08	2670951229	
1.051436e+07	1	545239233	3.397494e-06	2016090987	
1.053687e+07	3	2039170765	1.417234e-08	1495382923	2217687738	1.400000e-08	
1.061940e+07	3	906368509	1.699610e-08	1734007597	2328187860	1.400000e-08	
1.062561e+07	1	1743198400	2.834408e-08	3616865126	
1.063342e+07	3	482917538	2.459992e-08	241690685	3408999490	1.749260e-08	
1.076718e+07	0	1629863604	1.405780e-08	2217687738	
1.079146e+07	3	3089865955	1.405780e-08	564959126	3438744891	1.400000e-08	
1.079235e+07	0	3555679070	2.796780e-08	1856937876	
1.081021e+07	1	545239233	3.418404e-06	3736523900	
1.082432e+07	3	3076001680	1.405780e-08	3251328182	1501621654	1.400000e-08	
1.083889e+07	1	3373526895	1.422801e-06	3408999490	
1.084937e+07	0	3373526895	1.422801e-06	2217687738	
1.084993e+07	3	3375523036	1.478558e-08	2670951229	2695808785	1.400000e-08	
1.086813e+07	1	3373526895	1.436801e-06	4032129539	
1.093997e+07	0	3797386594	2.724490e-08	2353028958	
1.094835e+07	0	3797386594	2.724490e-08	1493833725	
1.095168e+07	1	179097684	8.090773e-07	3467386575	
1.101907e+07	1	3373526895	1.450890e-06	2014426858	
1.108995e+07	0	3534547045	8.727177e-07	3822766993	
1.109178e+07	0	1280619132	1.436124e-08	678688578	
1.112574e+07	0	545239233	3.418404e-06	1856937876	
1.113675e+07	1	3373526895	1.469581e-06	4193709834	
1.117337e+07	3	1986278615	2.425738e-08	1503202005	399492375	1.400000e-08	
1.120361e+07	1	545239233	3.432461e-06	3076001680	
1.121648e+07	1	179097684	8.230773e-07	37613351	
1.125346e+07	1	545239233	3.446461e-06	1856937876	
1.130436e+07	0	2589646060	1.408825e-08	3089865955	
1.143250e+07	3	470332523	1.800969e-08	2589646060	213831427	1.400000e-08	
1.161381e+07	3	482917538	2.459992e-08	741863299	2714424842	1.400000e-08	
1.161755e+07	1	545239233	3.460461e-06	1493833725	
1.164074e+07	1	545239233	3.474519e-06	2789301560	
1.165698e+07	1	545239233	3.488577e-06	2110688926	
1.178510e+07	1	3373526895	1.483581e-06	2695808785	
1.187784e+07	0	3373526895	1.483581e-06	213831427	
1.192789e+07	1	545239233	3.502577e-06	3730019172	
1.192927e+07	1	373638573	1.000001e+00	1797275806	
1.194908e+07	3	3822766993	1.421617e-08	2714424842	2282291379	1.400000e-08	
1.195619e+07	0	2250775120	1.490951e-08	3491092596	
1.204091e+07	0	179097684	8.230773e-07	1450024594	
1.205938e+07	1	3373526895	1.497718e-06	4019363830	
1.206877e+07	0	545239233	3.502577e-06	3604532305	
1.214924e+07	1	373638573	1.000001e+00	2791633391	
1.216403e+07	1	3373526895	1.511807e-06	250719570	
1.216957e+07	1	3373526895	1.525807e-06	3356410364	
1.218266e+07	1	545239233	3.529822e-06	3797386594	
1.221629e+07	3	811613008	2.796780e-08	3089865955	2654714783	1.400000e-08	
1.222225e+07	1	545239233	3.543822e-06	2919535035	
1.223015e+07	3	179097684	8.302271e-07	3114612365	2993076447	2.084847e-08	
1.227578e+07	1	179097684	8.510755e-07	2993076447	
1.229911e+07	0	2250775120	1.490951e-08	213831427	
1.240712e+07	1	3534547045	8.876272e-07	2250775120	
1.243055e+07	1	3373526895	1.540023e-06	3822766993	
1.244815e+07	0	790319072	2.398856e-08	1924091726	
1.248830e+07	1	3534547045	9.016272e-07	678688578	
1.250701e+07	1	373638573	1.000001e+00	1414892502	
1.253792e+07	1	3373526895	1.564623e-06	482917538	
1.255275e+07	0	1280619132	1.436124e-08	2681498831	
1.257705e+07	3	164438789	1.400000e-08	4212779140	2171266278	1.741000e-08	771038762	1.741000e-08	
1.261118e+07	1	545239233	3.557822e-06	253656606	
1.267124e+07	0	545239233	3.557822e-06	1869365069	
1.267158e+07	1	3534547045	9.156850e-07	2780384598	
1.285424e+07	0	545239233	3.557822e-06	4088691616	
1.289605e+07	1	545239233	3.572675e-06	2391696826	
1.291799e+07	1	545239233	3.587700e-06	3537925318	
1.310487e+07	0	3373526895	1.564623e-06	1063934737	
1.311443e+07	1	373638573	1.000001e+00	3555679070	
1.312602e+07	3	2286860921	1.429723e-08	1292024166	2768208421	1.400000e-08	
1.323859e+07	0	3534547045	9.156850e-07	1661868134	
1.328945e+07	0	3532628785	1.405780e-08	3967778277	
1.333311e+07	3	3375523036	1.484338e-08	1629863604	3297235373	1.400000e-08	
1.338599e+07	0	3438744891	1.400000e-08	1502094437	
1.340275e+07	0	3375523036	1.484338e-08	3297235373	
1.342034e+07	1	179097684	8.650755e-07	2217687738	
1.346476e+07	3	3632514288	1.760483e-08	2746930994	776688125	1.400000e-08	
1.351424e+07	1	545239233	3.616044e-06	1743198400	
1.369944e+07	1	3373526895	1.578623e-06	1301910447	
1.371875e+07	1	1068020906	9.548026e-04	2369258877	
1.386364e+07	3	3381587904	1.405780e-08	213831427	3663377129	1.400000e-08	
1.387195e+07	1	545239233	3.630044e-06	2328187860	
1.389675e+07	0	3534547045	9.156850e-07	3375523036	
1.391398e+07	1	545239233	3.644044e-06	3663377129	
1.395633e+07	0	197654791	2.791000e-08	3381587904	
1.399779e+07	3	2353028958	1.405780e-08	1063934737	898071713	1.400000e-08	
1.400913e+07	0	3190311976	1.405780e-08	3297235373	
1.406703e+07	1	373638573	1.000001e+00	1661868134	
1.434481e+07	0	3190311976	1.405780e-08	2480753293	
1.444874e+07	1	545239233	3.658044e-06	3438744891	
1.455594e+07	0	3534547045	9.156850e-07	470332523	
1.456936e+07	1	545239233	3.672044e-06	3884987045	
1.457284e+07	0	771038762	1.741000e-08	2751602400	
1.460167e+07	0	3534547045	9.156850e-07	3375523036	
1.460475e+07	1	545239233	3.686888e-06	3375523036	
1.462707e+07	1	545239233	3.707922e-06	310481256	
1.476611e+07	0	545239233	3.707922e-06	3604532305	
1.487911e+07	0	179097684	8.650755e-07	3381587904	
1.493747e+07	0	3373526895	1.578623e-06	4156410056	
1.495491e+07	1	179097684	8.790755e-07	2480753293	
1.501007e+07	3	470332523	1.800969e-08	1924091726	220748477	1.400000e-08	
1.501487e+07	1	179097684	8.936591e-07	3604532305	
1.517973e+07	3	4088625113	1.405780e-08	3297235373	2470646831	1.400000e-08	
1.531502e+07	0	2353028958	1.405780e-08	776688125	
1.531569e+07	1	545239233	3.731910e-06	790319072	
1.531850e+07	0	3373526895	1.578623e-06	906368509	
1.533556e+07	1	3373526895	1.592623e-06	220748477	
1.540786e+07	1	179097684	9.077169e-07	3381587904	
1.544936e+07	0	545239233	3.731910e-06	3190311976	
1.561471e+07	1	545239233	3.745968e-06	4088625113	
1.562364e+07	1	373638573	1.000001e+00	2039170765	
1.581796e+07	0	1280619132	1.436124e-08	898071713	
1.582085e+07	3	470332523	1.800969e-08	898071713	1965972368	1.400000e-08	
1.586845e+07	1	3373526895	1.606623e-06	2751602400	
1.587324e+07	1	3373526895	1.627350e-06	3187199216	
1.591925e+07	1	545239233	3.759968e-06	399492375	
1.602889e+07	1	545239233	3.773968e-06	1965972368	
1.621335e+07	1	545239233	3.790964e-06	906368509	
1.678294e+07	1	545239233	3.805022e-06	309459595	
1.689935e+07	0	545239233	3.805022e-06	1502094437	
1.690669e+07	1	3534547045	9.296850e-07	776688125	
1.739285e+07	0	3534547045	9.296850e-07	3632514288	
1.759920e+07	3	2606325002	1.408825e-08	1502094437	1426981231	1.400000e-08	
1.770469e+07	1	545239233	3.819022e-06	1449522982	
1.773308e+07	1	373638573	1.000001e+00	1501621654	
1.790853e+07	1	545239233	3.833080e-06	2654473721	
1.796741e+07	1	373638573	1.000001e+00	2282291379	
1.805348e+07	1	545239233	3.860252e-06	4188445920	
1.813412e+07	1	373638573	1.000001e+00	4197927596	
1.819360e+07	0	545239233	3.860252e-06	2655011401	
1.821847e+07	0	545239233	3.860252e-06	2654714783	
1.858145e+07	0	1280619132	1.436124e-08	1426981231	
1.866359e+07	1	3373526895	1.641711e-06	1280619132	
1.866590e+07	3	4156410056	1.400000e-08	2744143284	1535034065	1.400000e-08	
1.882867e+07	1	3373526895	1.656014e-06	1987038079	
1.940522e+07	1	545239233	3.884510e-06	1986278615	
1.943265e+07	0	3534547045	9.296850e-07	470332523	
1.979837e+07	1	179097684	9.257265e-07	470332523	
2.005308e+07	0	3373526895	1.656014e-06	3632514288	
2.062694e+07	0	3632514288	1.760483e-08	2606325002	
2.116895e+07	1	373638573	1.000001e+00	2065940037	
2.133599e+07	1	545239233	3.898567e-06	2353028958	
2.138330e+07	0	2768208421	1.400000e-08	1499007652	
2.159392e+07	0	3534547045	9.296850e-07	1499007652	
2.161605e+07	1	3534547045	9.436850e-07	1499007652	
2.166119e+07	1	3534547045	9.577733e-07	2606325002	
2.202193e+07	1	3534547045	9.753781e-07	3632514288	
2.221658e+07	0	3373526895	1.656014e-06	3532628785	
2.238307e+07	1	545239233	3.912625e-06	3532628785	
2.253052e+07	1	3373526895	1.670072e-06	3190311976	
2.325432e+07	3	3443287411	1.436124e-08	3967778277	1483909303	1.400000e-08	
2.471910e+07	0	3149440925	1.461228e-08	4278040469	
