6.759297e+01	1	725558489	5.582000e-08	3326748277	
2.938132e+02	1	2340740170	3.070100e-07	2932274237	
4.510928e+02	1	1661091397	5.582000e-08	780264402	
5.637897e+02	0	3919821980	2.791000e-08	632754209	
5.909021e+02	1	1123501568	5.582000e-08	636961411	
8.527533e+02	1	3919821980	5.582000e-08	2455496064	
1.050861e+03	1	179097684	3.070100e-07	1206764858	
1.084688e+03	1	2246051850	3.070100e-07	717226258	
1.566864e+03	1	2246051850	3.349200e-07	561528368	
1.648324e+03	1	3921011129	3.070100e-07	1584276479	
1.788549e+03	1	3833318790	5.582000e-08	443746396	
1.845000e+03	1	1075699702	3.070100e-07	1986278615	
1.928811e+03	1	545239233	3.070100e-07	2737363250	
2.396094e+03	1	3150846686	3.070100e-07	3616865126	
2.600170e+03	1	3921011129	3.349200e-07	387772665	
2.841054e+03	1	838860310	5.582000e-08	2906924538	
3.507680e+03	1	3534547045	3.070100e-07	1731090175	
3.550803e+03	1	2246051850	3.628300e-07	688805295	
3.631906e+03	1	1123501568	8.373000e-08	257754683	
4.271310e+03	1	3921011129	3.628300e-07	858320168	
5.420667e+03	1	1222799196	3.070100e-07	873214132	
5.554381e+03	1	3373526895	3.070100e-07	1631081845	
5.639731e+03	1	333964007	5.582000e-08	1327969783	
6.256019e+03	1	2246051850	3.907400e-07	384163328	
6.479869e+03	1	2235064901	3.070100e-07	3116505811	
7.072046e+03	1	2235064901	3.349200e-07	4263717482	
8.652301e+03	1	545239233	3.349200e-07	2308721517	
9.057555e+03	1	1465560917	3.070100e-07	259930472	
9.179834e+03	1	2340740170	3.349200e-07	40245973	
1.093427e+04	1	2125112500	5.582000e-08	1379399837	
1.099896e+04	1	1572835533	3.070100e-07	953296898	
1.100775e+04	1	3150420704	5.582000e-08	2859795595	
1.180046e+04	1	1068020906	9.543279e-04	3919026803	
1.195258e+04	1	3150846686	3.349200e-07	287801793	
1.275782e+04	1	3150846686	3.628300e-07	870323177	
1.306880e+04	0	632754209	2.791000e-08	3938221642	
1.318501e+04	1	1661091397	8.373000e-08	3889879026	
1.349550e+04	1	2340740170	3.628300e-07	2409063466	
1.587799e+04	1	2799798816	3.070100e-07	1458432161	
1.708758e+04	1	2246051850	4.186500e-07	2718413753	
1.714972e+04	1	1123501568	1.395500e-07	725558489	
1.847213e+04	0	2393342300	2.791000e-08	3749853089	
1.956135e+04	0	3736601249	2.791000e-08	4061687915	
2.024016e+04	1	3749853089	5.582000e-08	2528553283	
2.075320e+04	0	3126241903	2.791000e-08	582973675	
2.116573e+04	0	2250879299	2.791000e-08	1156624510	
2.159441e+04	1	3373526895	3.349200e-07	3841896594	
2.589567e+04	1	1068020906	9.543558e-04	3245569981	
2.625395e+04	1	1068020906	9.543837e-04	3481866093	
2.759865e+04	0	1661091397	8.373000e-08	2038493855	
2.857503e+04	0	3084497907	2.791000e-08	3621383820	
2.948499e+04	1	2340740170	3.907400e-07	2779686750	
2.974560e+04	1	1075699702	3.349200e-07	741863299	
3.103065e+04	1	2038493855	5.582000e-08	2349140130	
3.571022e+04	1	1661091397	1.116400e-07	582973675	
3.574759e+04	0	3534547045	3.070100e-07	1738899943	
3.718234e+04	0	2235064901	3.349200e-07	1494141940	
4.070694e+04	1	4231632140	5.582000e-08	2178051842	
4.211537e+04	1	545239233	3.628300e-07	3732071459	
4.339970e+04	0	3373526895	3.349200e-07	3621383820	
4.357732e+04	0	2487301543	2.791000e-08	1481166135	
4.702840e+04	0	3534547045	3.070100e-07	3126241903	
4.880953e+04	0	2799798816	3.070100e-07	4046076794	
5.017711e+04	1	2340740170	4.186500e-07	3707189490	
5.249319e+04	1	2451350669	5.582000e-08	770580294	
5.360938e+04	1	1068020906	9.546628e-04	618276123	
5.665968e+04	1	1123501568	1.674600e-07	1493201942	
5.711929e+04	0	2835620284	2.791000e-08	1494141940	
5.829318e+04	1	2038493855	1.116400e-07	3749853089	
6.180140e+04	0	3919821980	5.582000e-08	1134175585	
6.309145e+04	1	2340740170	7.814800e-07	545239233	
6.337157e+04	0	3241671100	2.791000e-08	197654791	
7.033798e+04	0	3921011129	3.628300e-07	3908154577	
7.409584e+04	0	3497999925	2.791000e-08	405521437	
7.594438e+04	3	1123501568	1.674600e-07	2125112500	3687573659	1.400000e-08	3196256300	2.091000e-08	848448836	2.091000e-08	
7.764228e+04	0	3534547045	3.070100e-07	3126241903	
8.882082e+04	0	3621383820	2.791000e-08	778035964	
8.929307e+04	1	3534547045	3.349200e-07	925199572	
9.112737e+04	0	2038493855	1.116400e-07	3938221642	
9.675724e+04	1	1075699702	3.628300e-07	1156624510	
9.752531e+04	0	2038493855	1.116400e-07	3747246174	
1.069456e+05	1	333964007	8.373000e-08	3497999925	
1.098281e+05	3	3534547045	3.349200e-07	3919821980	2211003714	1.400000e-08	2916276788	2.091000e-08	3696193412	2.091000e-08	
1.100512e+05	1	3534547045	3.489200e-07	2211003714	
1.143211e+05	0	3938221642	2.791000e-08	2916276788	
1.161819e+05	0	4226750145	2.791000e-08	2870158420	
1.222175e+05	1	2246051850	4.465600e-07	242414939	
1.287604e+05	1	4231632140	8.373000e-08	3084497907	
1.299606e+05	1	1075699702	3.907400e-07	1593850299	
1.322119e+05	1	2519559028	3.070100e-07	290926289	
1.342552e+05	1	3921011129	3.907400e-07	1134175585	
1.347373e+05	0	3373526895	3.349200e-07	778035964	
1.360117e+05	0	3534547045	3.489200e-07	3696193412	
1.407253e+05	1	179097684	3.349200e-07	862710978	
1.422761e+05	1	3150846686	3.837400e-07	848448836	
1.449954e+05	0	331336395	2.791000e-08	632754209	
1.495670e+05	0	2870037616	2.791000e-08	3241671100	
1.510889e+05	1	1068020906	9.549419e-04	1403705120	
1.522158e+05	0	179097684	3.349200e-07	4252347608	
1.587993e+05	3	1222799196	3.070100e-07	1465560917	15308464	2.624615e-08	1239307652	1.403819e-08	1945448119	1.403819e-08	3396227953	1.403819e-08	3321237907	1.403819e-08	3187199216	1.403819e-08	3330100144	1.403819e-08	310481256	1.403819e-08	817087088	1.403819e-08	551137729	1.403819e-08	1218250404	1.403819e-08	1035956119	1.403819e-08	1211996162	1.403819e-08	188552836	1.403819e-08	2029773149	1.403819e-08	302486611	1.403819e-08	1842102965	1.403819e-08	1285693762	1.403819e-08	1078741991	1.403819e-08	2723643411	1.403819e-08	1804212609	1.403819e-08	
1.587996e+05	1	15308464	4.028434e-08	1239307652	
1.587996e+05	1	15308464	5.432254e-08	1804212609	
1.601962e+05	0	482917538	2.791000e-08	1425083048	
1.610948e+05	1	179097684	3.628300e-07	4252347608	
1.682295e+05	1	3534547045	3.768300e-07	3938221642	
1.699057e+05	3	1738899943	1.400000e-08	632754209	438292632	2.091000e-08	2001290253	2.091000e-08	
1.717263e+05	0	3150420704	5.582000e-08	778035964	
1.754573e+05	0	1735432893	2.791000e-08	2001290253	
1.766953e+05	1	3534547045	3.977400e-07	3696193412	
1.773351e+05	1	3534547045	5.093800e-07	1661091397	
1.791176e+05	1	3534547045	5.372900e-07	3747246174	
1.796746e+05	1	2340740170	8.093900e-07	314650893	
1.797181e+05	0	3621383820	2.791000e-08	3421887303	
1.838297e+05	1	3921011129	4.465600e-07	3150420704	
1.871316e+05	1	1068020906	9.549698e-04	2681375347	
1.892197e+05	0	1790255658	2.791000e-08	2693713428	
1.895982e+05	1	3241671100	5.582000e-08	6723929	
1.983474e+05	3	3126241903	1.400000e-08	2406269022	3147695692	2.091000e-08	3179285865	2.091000e-08	
1.989766e+05	0	2246051850	4.465600e-07	941534069	
1.995330e+05	3	3421887303	1.877648e-08	1735432893	2173231515	1.852176e-08	740082705	1.852176e-08	
2.035224e+05	1	1285693762	2.807638e-08	302486611	
2.040379e+05	0	3179285865	2.091000e-08	3126241903	
2.079327e+05	1	1068020906	9.549978e-04	2190522392	
2.085298e+05	0	1019134040	2.791000e-08	551137729	
2.093687e+05	3	3555679070	2.840214e-08	1502094437	2795063678	2.741786e-08	
2.105970e+05	0	2984600922	2.791000e-07	2250879299	
2.133494e+05	1	2246051850	4.749621e-07	3555679070	
2.248777e+05	1	3921011129	4.744700e-07	486050091	
2.544394e+05	1	1222799196	3.210482e-07	188552836	
2.590561e+05	1	4031050948	3.070100e-07	2956861855	
2.625947e+05	1	1075699702	4.186500e-07	1227575429	
2.702893e+05	0	3921011129	4.744700e-07	3621383820	
2.745489e+05	0	3824069879	2.791000e-08	2298477853	
2.756861e+05	1	1068020906	9.552769e-04	3800257563	
2.757207e+05	1	3147695692	3.491000e-08	3126241903	
2.757280e+05	0	3774459889	2.791000e-08	2693713428	
2.813367e+05	1	426576124	3.070100e-07	2504591099	
2.880786e+05	3	732124878	1.400000e-08	4122240121	3642829293	2.091000e-08	2707128518	2.091000e-08	
2.886690e+05	3	1075699702	4.186500e-07	15308464	474866315	1.400000e-08	1639799867	2.016127e-08	1026028388	2.016127e-08	
3.034615e+05	3	2038493855	1.116400e-07	3147695692	1128056158	1.400000e-08	2909632847	2.091000e-08	
3.037340e+05	3	941534069	4.064106e-08	3121047530	937177227	1.517894e-08	
3.063195e+05	0	1239791232	2.791000e-08	1963165541	
3.067693e+05	3	2001290253	2.782000e-08	438292632	3393811039	1.400000e-08	
3.079644e+05	3	2235064901	4.759002e-07	1123501568	611212867	2.647978e-08	
3.219484e+05	3	2046083849	2.653648e-08	937177227	1104410542	1.655245e-08	
3.284529e+05	0	2984600922	2.791000e-07	3823443426	
3.315627e+05	1	1572835533	3.210100e-07	3687573659	
3.327296e+05	0	2246051850	4.749621e-07	2693713428	
3.476283e+05	0	2235064901	4.759002e-07	3232700421	
3.493748e+05	0	778035964	2.791000e-08	3800234335	
3.495842e+05	0	4231632140	8.373000e-08	778035964	
3.645944e+05	0	2984600922	2.791000e-07	511603307	
3.647246e+05	0	3823443426	2.791000e-08	1104410542	
3.659513e+05	0	2038493855	1.116400e-07	3179285865	
3.865326e+05	3	3257166052	2.791000e-08	3393811039	2328232000	1.400000e-08	
4.008262e+05	1	790319072	4.194819e-08	310481256	
4.099735e+05	0	266059373	2.791000e-08	2326007700	
4.128379e+05	0	838860310	5.582000e-08	2710766136	
4.151426e+05	1	659524895	5.582000e-08	102901530	
4.159824e+05	0	4259593397	2.791000e-07	343742982	
4.167514e+05	1	1222799196	3.350864e-07	2029773149	
4.328520e+05	1	3921011129	8.582100e-07	3150846686	
4.411344e+05	0	1572835533	3.210100e-07	3114612365	
4.412393e+05	0	2038493855	1.116400e-07	2393342300	
4.414723e+05	0	2038493855	1.116400e-07	2393342300	
4.493110e+05	0	1075699702	4.186500e-07	3187199216	
4.515241e+05	1	3534547045	5.512900e-07	1738899943	
4.611992e+05	3	3908154577	1.400000e-08	3800234335	2999719241	2.091000e-08	1931993247	2.091000e-08	
4.617682e+05	3	1516068388	1.400000e-08	1494141940	1494850122	2.091000e-08	3414514926	2.091000e-08	
4.678105e+05	3	2984600922	2.848971e-07	2074240873	2312786130	2.211294e-08	
4.697408e+05	1	1572835533	3.489200e-07	2870037616	
4.737425e+05	0	4231632140	8.373000e-08	2328232000	
4.795644e+05	0	2235064901	4.759002e-07	3621383820	
4.853305e+05	3	179097684	3.706133e-07	2393342300	3537925318	2.012667e-08	
4.857476e+05	0	4259593397	2.791000e-07	3933289935	
4.908692e+05	0	1134132465	2.791000e-08	828787466	
5.033864e+05	0	2235064901	4.759002e-07	3232700421	
5.076056e+05	0	179097684	3.706133e-07	3537925318	
5.076671e+05	1	179097684	3.907400e-07	3537925318	
5.199454e+05	1	373638573	1.000000e+00	129185354	
5.335165e+05	1	3373526895	3.628300e-07	3257166052	
5.337923e+05	1	1075699702	4.465600e-07	598947138	
5.552894e+05	0	3621383820	2.791000e-08	3196256300	
5.557034e+05	0	315200650	2.791000e-08	1593891639	
5.639231e+05	1	2340740170	8.234282e-07	1078741991	
5.673645e+05	1	4259593397	3.000100e-07	3642829293	
5.708782e+05	0	2916276788	2.091000e-08	1128056158	
5.808071e+05	1	373638573	1.000000e+00	1651612823	
5.943416e+05	0	2340740170	8.234282e-07	778035964	
6.008941e+05	1	1572835533	3.768300e-07	2835620284	
6.071601e+05	1	4259593397	3.279200e-07	1037584679	
6.196689e+05	1	2246051850	5.028721e-07	2408568032	
6.247661e+05	0	426576124	3.070100e-07	4061687915	
6.528875e+05	1	2799798816	3.349200e-07	3462747	
6.651086e+05	1	2235064901	5.038102e-07	245436729	
6.652747e+05	1	373638573	1.000000e+00	333964007	
6.761644e+05	1	2340740170	1.158515e-06	1222799196	
6.928704e+05	1	1075699702	4.605982e-07	551137729	
6.977298e+05	0	2909632847	2.091000e-08	3421887303	
7.127668e+05	3	2799798816	3.349200e-07	4259593397	1634407402	2.974918e-08	3869596591	1.419861e-08	3375523036	1.419861e-08	772925454	1.419861e-08	2215785330	1.419861e-08	3491092596	1.419861e-08	57770090	1.419861e-08	3071577057	1.419861e-08	1452489764	1.419861e-08	4260098875	1.419861e-08	3696843781	1.419861e-08	2138100036	1.419861e-08	1726701215	1.419861e-08	1412415798	1.419861e-08	375852842	1.419861e-08	3593732192	1.419861e-08	3888264012	1.419861e-08	313359544	1.419861e-08	217284033	1.419861e-08	2151269300	1.419861e-08	3913511150	1.419861e-08	2962530363	1.419861e-08	
7.127668e+05	1	1634407402	4.394779e-08	3869596591	
7.127668e+05	1	1634407402	5.814640e-08	2962530363	
7.203761e+05	1	2799798816	3.491186e-07	772925454	
7.208809e+05	1	2799798816	3.633172e-07	3593732192	
7.221910e+05	0	3004792470	2.791000e-07	2466232951	
7.227296e+05	1	3004792470	3.070100e-07	3838279446	
7.244075e+05	0	2246051850	5.028721e-07	1104410542	
7.274078e+05	3	2001290253	2.727509e-08	2328232000	2063946235	1.454491e-08	
7.295999e+05	3	3498415124	1.400000e-08	2046083849	1172086036	2.022324e-08	690117576	2.022324e-08	
7.338422e+05	0	1931993247	2.091000e-08	2173231515	
7.376255e+05	3	1019134040	1.400000e-08	3953846011	3288380490	2.091000e-08	845665321	2.091000e-08	
7.398206e+05	0	1593891639	2.791000e-08	1412415798	
7.501271e+05	3	2999719241	2.543176e-08	740082705	3122982648	1.400000e-08	
7.561722e+05	1	2799798816	3.775158e-07	2138100036	
7.569859e+05	0	3375523036	1.419861e-08	474866315	
7.577490e+05	0	2799798816	3.775158e-07	326805806	
7.715707e+05	0	2999719241	2.543176e-08	3122982648	
7.801299e+05	0	2937387076	2.791000e-08	732124878	
7.854018e+05	0	2038493855	1.116400e-07	2001290253	
7.856510e+05	0	2340740170	1.158515e-06	1945448119	
7.874711e+05	3	3704423751	1.400000e-08	3179285865	1471982444	1.741000e-08	3303338876	1.741000e-08	
7.891756e+05	0	3303338876	1.741000e-08	1471982444	
7.894839e+05	0	1572835533	3.768300e-07	482917538	
7.906571e+05	0	1471982444	1.741000e-08	3704423751	
7.921909e+05	0	2799798816	3.775158e-07	1211996162	
7.926855e+05	1	1471982444	3.141000e-08	3704423751	
8.171967e+05	3	326805806	2.536439e-08	3696843781	2875471576	1.674422e-08	
8.220368e+05	1	1068020906	9.553048e-04	29350397	
8.223579e+05	3	315200650	1.400000e-08	164438789	1738909006	2.091000e-08	356405251	2.091000e-08	
8.247449e+05	3	3534547045	5.143385e-07	2466232951	2879167783	1.621537e-08	3083352544	1.621537e-08	4198169764	1.621537e-08	821115011	1.621537e-08	
8.249018e+05	0	3534547045	5.143385e-07	2879167783	
8.257857e+05	1	3534547045	5.352485e-07	1931993247	
8.266924e+05	0	821115011	1.621537e-08	4198169764	
8.270279e+05	0	2246051850	5.028721e-07	1842102965	
8.278154e+05	1	3534547045	5.514639e-07	3083352544	
8.279882e+05	0	1639799867	2.016127e-08	817087088	
8.283760e+05	3	2999719241	1.400000e-08	2909632847	2118016430	1.617088e-08	1945735688	1.617088e-08	
8.326011e+05	1	3534547045	5.676793e-07	821115011	
8.364836e+05	3	2916276788	2.091000e-08	1128056158	4093093422	1.400000e-08	
8.372420e+05	3	3621383820	1.400000e-08	4198169764	2842015324	1.506268e-08	1249238030	1.506268e-08	
8.423073e+05	0	2038493855	1.116400e-07	3424908067	
8.441690e+05	0	2038493855	1.116400e-07	3421887303	
8.828022e+05	0	3534547045	5.676793e-07	2063946235	
8.909219e+05	1	373638573	1.000000e+00	1963165541	
8.973437e+05	1	3534547045	5.838946e-07	2879167783	
8.975094e+05	1	3534547045	6.000655e-07	2118016430	
9.034913e+05	3	1471982444	1.400000e-08	2063946235	3214077756	1.597745e-08	879162223	1.597745e-08	
9.162068e+05	0	2235064901	5.038102e-07	90391199	
9.290931e+05	0	2487301543	2.791000e-08	949068759	
9.342032e+05	1	1068020906	9.553327e-04	2870158420	
9.372595e+05	1	2340740170	1.172553e-06	1945448119	
9.392474e+05	0	2246051850	5.028721e-07	315200650	
9.438514e+05	3	1412415798	1.439722e-08	4260098875	3884425642	1.400000e-08	
9.441586e+05	1	179097684	4.081500e-07	3303338876	
9.457330e+05	1	3214077756	2.997745e-08	1471982444	
9.492553e+05	3	3373526895	3.628300e-07	838860310	1149406307	1.400000e-08	3528332227	2.091000e-08	4004407106	2.091000e-08	
9.494454e+05	0	3424908067	2.791000e-08	2916276788	
9.539284e+05	3	2235064901	5.038102e-07	1572835533	451270221	2.535257e-08	3149440925	1.405910e-08	2250775120	1.405910e-08	1130108289	1.405910e-08	2177968201	1.405910e-08	2914302410	1.405910e-08	3655816389	1.405910e-08	3485819286	1.405910e-08	1382686479	1.405910e-08	1803925302	1.405910e-08	3293059020	1.405910e-08	378125977	1.405910e-08	2159618959	1.405910e-08	2441325815	1.405910e-08	3401497744	1.405910e-08	4069401935	1.405910e-08	134948105	1.405910e-08	1998372786	1.405910e-08	2455922112	1.405910e-08	3059103076	1.405910e-08	432337108	1.405910e-08	1902671923	1.405910e-08	4209590891	1.405910e-08	77395223	1.405910e-08	3592986772	1.405910e-08	1246511018	1.405910e-08	
9.539285e+05	1	451270221	3.941167e-08	3149440925	
9.539285e+05	1	451270221	5.347076e-08	1246511018	
9.540100e+05	1	2235064901	5.178693e-07	2441325815	
9.541786e+05	1	3921011129	8.861200e-07	3061883439	
9.554574e+05	1	373638573	1.000000e+00	3891448235	
9.623319e+05	0	4069401935	1.405910e-08	2999719241	
9.630960e+05	1	2235064901	5.319284e-07	2914302410	
9.631791e+05	0	2235064901	5.319284e-07	77395223	
9.722157e+05	0	3373526895	3.628300e-07	1516068388	
9.752094e+05	1	2235064901	5.459875e-07	3485819286	
9.794394e+05	0	3921011129	8.861200e-07	134948105	
9.803750e+05	0	3534547045	6.000655e-07	1149406307	
9.820823e+05	1	3921011129	9.001791e-07	77395223	
9.821815e+05	1	2235064901	5.600466e-07	378125977	
9.933448e+05	1	2235064901	5.741057e-07	2455922112	
1.003014e+06	3	3534547045	6.000655e-07	3373526895	3986570268	1.817129e-08	174500547	1.436078e-08	4083845756	1.436078e-08	110358663	1.436078e-08	1370908750	1.436078e-08	1837234470	1.436078e-08	2945849429	1.436078e-08	66296937	1.436078e-08	976558236	1.436078e-08	2438291630	1.436078e-08	906368509	1.436078e-08	3783228500	1.436078e-08	2858952728	1.436078e-08	395113485	1.436078e-08	4019363830	1.436078e-08	3016084464	1.436078e-08	921818415	1.436078e-08	2892683898	1.436078e-08	3697249003	1.436078e-08	3983774618	1.436078e-08	4187488967	1.436078e-08	898751805	1.436078e-08	3632514288	1.436078e-08	410848061	1.436078e-08	2791633391	1.436078e-08	
1.003036e+06	1	3534547045	6.144263e-07	66296937	
1.003091e+06	1	3534547045	6.287871e-07	3697249003	
1.004129e+06	1	3534547045	6.469584e-07	3986570268	
1.004787e+06	0	906368509	1.436078e-08	2438291630	
1.008029e+06	3	3528332227	2.568648e-08	3421887303	630280293	1.400000e-08	
1.008714e+06	0	2235064901	5.741057e-07	482917538	
1.010829e+06	0	3592986772	1.405910e-08	1130108289	
1.013602e+06	1	3921011129	9.280891e-07	331336395	
1.016403e+06	1	3534547045	6.613191e-07	2892683898	
1.019867e+06	3	2038493855	7.580255e-08	879162223	4212779140	1.727163e-08	3459374364	1.727163e-08	2125331604	1.727163e-08	
1.020671e+06	0	3534547045	6.613191e-07	174500547	
1.021485e+06	1	2451350669	6.987910e-08	1998372786	
1.022381e+06	0	3459374364	1.727163e-08	4212779140	
1.022677e+06	0	3921011129	9.280891e-07	134948105	
1.022877e+06	0	2945849429	1.436078e-08	1149406307	
1.024487e+06	1	3921011129	9.420891e-07	2999719241	
1.026331e+06	0	410848061	1.436078e-08	976558236	
1.027501e+06	0	3534547045	6.613191e-07	1370908750	
1.028994e+06	3	1945735688	1.617088e-08	3621383820	3113062634	1.400000e-08	
1.031974e+06	1	3534547045	6.756799e-07	1837234470	
1.035559e+06	1	2235064901	5.881648e-07	3293059020	
1.036204e+06	1	3534547045	6.900407e-07	395113485	
1.041726e+06	0	2791633391	1.436078e-08	3632514288	
1.043460e+06	1	3534547045	7.044015e-07	3632514288	
1.044424e+06	1	3534547045	7.187623e-07	3016084464	
1.044516e+06	0	451270221	5.347076e-08	1019134040	
1.045101e+06	1	2984600922	2.989562e-07	3401497744	
1.045789e+06	0	4004407106	2.091000e-08	976558236	
1.052061e+06	0	1321648343	2.791000e-08	2842015324	
1.053807e+06	3	2480932170	2.152958e-08	474866315	847040419	2.038042e-08	
1.056878e+06	0	4004407106	2.091000e-08	1370908750	
1.062629e+06	1	2340740170	1.200463e-06	211811971	
1.063739e+06	0	906368509	1.436078e-08	976558236	
1.069484e+06	1	3534547045	7.331230e-07	410848061	
1.074018e+06	0	3534547045	7.331230e-07	2791633391	
1.084012e+06	1	3534547045	7.471230e-07	1149406307	
1.084764e+06	0	3592986772	1.405910e-08	2177968201	
1.087450e+06	1	3534547045	7.614838e-07	4019363830	
1.090575e+06	0	2125331604	1.727163e-08	4093093422	
1.095295e+06	0	2916276788	2.091000e-08	4093093422	
1.095990e+06	3	4231632140	7.240267e-08	3113062634	4240624600	2.532733e-08	
1.097011e+06	1	2246051850	5.230954e-07	690117576	
1.099828e+06	1	3921011129	9.561482e-07	1902671923	
1.103594e+06	0	2945849429	1.436078e-08	110358663	
1.109095e+06	1	373638573	1.000000e+00	2555962951	
1.111043e+06	0	4187488967	1.436078e-08	921818415	
1.119320e+06	1	3534547045	7.758446e-07	4187488967	
1.120987e+06	0	3534547045	7.758446e-07	4083845756	
1.123324e+06	1	3534547045	7.898446e-07	1516068388	
1.127044e+06	0	3534547045	7.898446e-07	921818415	
1.132159e+06	1	179097684	4.254216e-07	4212779140	
1.145111e+06	3	3921011129	9.561482e-07	2984600922	1565786989	1.400000e-08	2286860921	1.424781e-08	3707879645	1.424781e-08	2746930994	1.424781e-08	4075596975	1.424781e-08	4283280385	1.424781e-08	538453177	1.424781e-08	3121292019	1.424781e-08	3349724438	1.424781e-08	4253718737	1.424781e-08	3297362622	1.424781e-08	1751902433	1.424781e-08	2878871175	1.424781e-08	3083717413	1.424781e-08	220564665	1.424781e-08	3653734512	1.424781e-08	3815024321	1.424781e-08	1428265047	1.424781e-08	3604532305	1.424781e-08	1869365069	1.424781e-08	965372172	1.424781e-08	
1.147286e+06	0	3534547045	7.898446e-07	3783228500	
1.148138e+06	1	3921011129	9.703960e-07	3815024321	
1.148612e+06	0	2235064901	5.881648e-07	3121292019	
1.148804e+06	0	1803925302	1.405910e-08	630280293	
1.148919e+06	1	3921011129	9.846438e-07	3653734512	
1.149329e+06	1	1075699702	4.885082e-07	343742982	
1.152198e+06	1	3534547045	8.042054e-07	2438291630	
1.153144e+06	0	3534547045	8.042054e-07	921818415	
1.155195e+06	1	220564665	2.849562e-08	3349724438	
1.158086e+06	3	2669757562	2.686670e-08	3884425642	607396504	1.504330e-08	
1.159695e+06	3	3736601249	3.630380e-08	1458665800	2533881277	1.951620e-08	
1.165287e+06	0	4031050948	3.070100e-07	810769555	
1.165550e+06	0	3983774618	1.436078e-08	4069401935	
1.165950e+06	3	921818415	1.472156e-08	110358663	472358284	1.400000e-08	
1.166774e+06	0	3534547045	8.042054e-07	906368509	
1.167812e+06	0	3534547045	8.042054e-07	4253718737	
1.169212e+06	1	3534547045	8.189269e-07	921818415	
1.174952e+06	1	2340740170	1.228373e-06	2693713428	
1.177921e+06	1	3534547045	8.332877e-07	2791633391	
1.178678e+06	0	976558236	1.436078e-08	4083845756	
1.181849e+06	3	1751902433	1.449562e-08	4075596975	1950077488	1.400000e-08	
1.189283e+06	1	3534547045	8.476485e-07	2858952728	
1.189335e+06	0	3921011129	9.846438e-07	3297362622	
1.191381e+06	1	373638573	1.000001e+00	3197676583	
1.193490e+06	3	4209590891	1.411819e-08	1803925302	1820499179	1.400000e-08	
1.193901e+06	0	179097684	4.254216e-07	4093093422	
1.196453e+06	1	179097684	4.394216e-07	4093093422	
1.200919e+06	0	3921011129	9.846438e-07	1321648343	
1.201083e+06	0	3921011129	9.846438e-07	3297362622	
1.201196e+06	0	179097684	4.394216e-07	2916276788	
1.202774e+06	1	3921011129	9.988916e-07	538453177	
1.206121e+06	0	4069401935	1.405910e-08	472358284	
1.206486e+06	1	3534547045	8.620093e-07	174500547	
1.207795e+06	0	2235064901	5.881648e-07	1494850122	
1.220018e+06	3	3921011129	9.988916e-07	2235064901	4055959668	3.874425e-08	528880979	1.408771e-08	3778036871	1.408771e-08	1405660995	1.408771e-08	3662110242	1.408771e-08	2247026945	1.408771e-08	4032129539	1.408771e-08	4035587434	1.408771e-08	3111692719	1.408771e-08	1398579088	1.408771e-08	2501379955	1.408771e-08	3332562587	1.408771e-08	3562383954	1.408771e-08	2521380987	1.408771e-08	4119421155	1.408771e-08	1913762779	1.408771e-08	3678948817	1.408771e-08	2489195127	1.408771e-08	3929228125	1.408771e-08	3160344427	1.408771e-08	3182159117	1.408771e-08	766581564	1.408771e-08	3702894340	1.408771e-08	3532745758	1.408771e-08	1072840122	1.408771e-08	3294683754	1.408771e-08	1676003954	1.408771e-08	4285585893	1.408771e-08	2674988631	1.408771e-08	406745133	1.408771e-08	2883513480	1.408771e-08	783121895	1.408771e-08	2683944377	1.408771e-08	2961226102	1.408771e-08	301219709	1.408771e-08	1743198400	1.408771e-08	3059144981	1.408771e-08	3952655669	1.408771e-08	2848685905	1.408771e-08	1826422368	1.408771e-08	
1.220018e+06	1	4055959668	5.283196e-08	1826422368	
1.220018e+06	1	4055959668	6.691966e-08	528880979	
1.220021e+06	0	3562383954	1.408771e-08	3332562587	
1.221149e+06	0	3059144981	1.408771e-08	4035587434	
1.221385e+06	1	3534547045	8.899193e-07	3424908067	
1.221392e+06	1	3921011129	1.012979e-06	2247026945	
1.222786e+06	0	2246051850	5.230954e-07	1842102965	
1.223950e+06	0	1503861029	2.791000e-08	3375523036	
1.224570e+06	1	3921011129	1.027067e-06	766581564	
1.224631e+06	3	326805806	2.545209e-08	301219709	896813269	1.400000e-08	
1.225887e+06	0	2246051850	5.230954e-07	2723643411	
1.227241e+06	1	3921011129	1.041155e-06	4035587434	
1.227344e+06	0	783121895	1.408771e-08	2674988631	
1.227885e+06	1	3921011129	1.055242e-06	3059144981	
1.230209e+06	0	2916276788	2.091000e-08	4069401935	
1.232874e+06	1	3921011129	1.069490e-06	1428265047	
1.235008e+06	0	2451350669	6.987910e-08	1019134040	
1.237243e+06	1	3921011129	1.083578e-06	1072840122	
1.238633e+06	0	3921011129	1.083578e-06	1913762779	
1.240027e+06	1	3921011129	1.097666e-06	2501379955	
1.240795e+06	0	326805806	2.545209e-08	896813269	
1.244444e+06	1	3921011129	1.164585e-06	4055959668	
1.246002e+06	1	3921011129	1.178673e-06	1405660995	
1.248798e+06	1	3160344427	2.817541e-08	3929228125	
1.250094e+06	1	3534547045	9.039193e-07	472358284	
1.250494e+06	1	3921011129	1.192761e-06	1676003954	
1.253994e+06	0	3071234124	2.791000e-08	2878871175	
1.254477e+06	0	3534547045	9.039193e-07	4253718737	
1.255685e+06	1	3921011129	1.206848e-06	3332562587	
1.262645e+06	0	3921011129	1.206848e-06	2674988631	
1.266699e+06	3	3196256300	2.010989e-08	3182159117	37051273	1.488782e-08	
1.270633e+06	1	3534547045	9.180070e-07	4285585893	
1.275157e+06	0	3534547045	9.180070e-07	4253718737	
1.275946e+06	1	3921011129	1.220936e-06	3532745758	
1.277119e+06	3	1370908750	1.436078e-08	3908154577	1867247157	1.400000e-08	
1.281082e+06	0	356405251	2.091000e-08	845665321	
1.284404e+06	1	220564665	4.258332e-08	3111692719	
1.286390e+06	0	3983774618	1.436078e-08	3655816389	
1.287902e+06	0	2945849429	1.436078e-08	4283280385	
1.294408e+06	1	3921011129	1.235024e-06	3702894340	
1.298831e+06	1	3534547045	9.323678e-07	3783228500	
1.302392e+06	1	2340740170	1.249283e-06	3288380490	
1.302845e+06	0	3534547045	9.323678e-07	1945735688	
1.303576e+06	0	3534547045	9.323678e-07	2916276788	
1.303605e+06	0	3534547045	9.323678e-07	2916276788	
1.303992e+06	1	3921011129	1.249112e-06	1398579088	
1.304244e+06	3	2961226102	1.417541e-08	3778036871	3633199892	1.400000e-08	
1.318797e+06	3	3414514926	2.115781e-08	1869365069	1736323711	1.400000e-08	
1.329528e+06	0	4083845756	1.436078e-08	3655816389	
1.333074e+06	3	3562383954	1.408771e-08	1565786989	283080478	1.400000e-08	
1.336510e+06	1	3921011129	1.263199e-06	4119421155	
1.344364e+06	0	778035964	2.791000e-08	2683944377	
1.344834e+06	1	2340740170	1.263370e-06	3294683754	
1.346089e+06	0	3655816389	1.405910e-08	1736323711	
1.352592e+06	1	373638573	1.000001e+00	659524895	
1.359200e+06	1	3129006749	5.582000e-08	2542835646	
1.359815e+06	1	3534547045	9.576951e-07	4240624600	
1.373931e+06	0	3534547045	9.576951e-07	2125331604	
1.377248e+06	3	3604532305	1.424781e-08	3122982648	785216844	1.400000e-08	
1.380094e+06	3	326805806	2.581287e-08	3983774618	3006103420	1.400000e-08	
1.385079e+06	1	2340740170	1.277618e-06	3297362622	
1.386455e+06	0	4283280385	1.424781e-08	3633199892	
1.389519e+06	1	3083717413	2.833551e-08	1743198400	
1.389998e+06	0	3534547045	9.576951e-07	4069401935	
1.408280e+06	0	4004407106	2.091000e-08	2916276788	
1.409062e+06	1	3921011129	1.278262e-06	2842015324	
1.410861e+06	1	3534547045	9.786051e-07	4004407106	
1.413245e+06	3	2125331604	1.944251e-08	1945735688	2898323513	1.400000e-08	
1.422921e+06	1	3921011129	1.292262e-06	630280293	
1.426002e+06	3	4283280385	1.430691e-08	2177968201	1199222225	1.400000e-08	
1.428009e+06	0	4283280385	1.430691e-08	406745133	
1.429532e+06	0	783121895	1.408771e-08	1950077488	
1.440929e+06	1	373638573	1.000001e+00	1104410542	
1.441525e+06	0	326805806	2.581287e-08	896813269	
1.441963e+06	0	2451350669	6.987910e-08	406745133	
1.453410e+06	0	2519559028	3.070100e-07	2707128518	
1.462598e+06	0	3534547045	9.786051e-07	898751805	
1.469070e+06	0	3678948817	1.408771e-08	2723643411	
1.473842e+06	1	1075699702	5.025464e-07	817087088	
1.478111e+06	1	179097684	4.588641e-07	2125331604	
1.484088e+06	0	1639799867	2.016127e-08	732124878	
1.499637e+06	0	3160344427	2.817541e-08	2521380987	
1.500172e+06	3	2250775120	1.405910e-08	3006103420	3755198008	1.400000e-08	
1.506046e+06	0	2916276788	2.091000e-08	785216844	
1.509102e+06	1	3921011129	1.306623e-06	906368509	
1.521672e+06	0	2340740170	1.277618e-06	2215785330	
1.526732e+06	1	3921011129	1.320710e-06	2521380987	
1.529536e+06	1	3921011129	1.334798e-06	2674988631	
1.533270e+06	0	2746930994	1.424781e-08	4069401935	
1.547063e+06	1	3921011129	1.349159e-06	2945849429	
1.550737e+06	1	2340740170	1.291656e-06	1842102965	
1.552273e+06	0	4231632140	7.240267e-08	1249238030	
1.574929e+06	0	4209590891	1.411819e-08	1199222225	
1.576072e+06	1	1075699702	5.304564e-07	3988949870	
1.583104e+06	3	179097684	4.588641e-07	3214077756	2795041644	1.400000e-08	3492274228	1.597745e-08	
1.590149e+06	0	2961226102	1.417541e-08	4032129539	
1.599502e+06	3	3562383954	1.408771e-08	896813269	1420914473	1.400000e-08	
1.603640e+06	0	905418128	2.791000e-08	1913762779	
1.609239e+06	1	179097684	4.728641e-07	2795041644	
1.612629e+06	0	2246051850	5.230954e-07	3678948817	
1.632023e+06	0	2340740170	1.291656e-06	1790255658	
1.639680e+06	1	3921011129	1.363247e-06	4032129539	
1.648717e+06	0	3083717413	2.833551e-08	3196256300	
1.665484e+06	3	778035964	2.434485e-08	785216844	439844059	1.756515e-08	
1.669589e+06	1	3534547045	9.928529e-07	2286860921	
1.671877e+06	1	3534547045	1.006941e-06	3562383954	
1.675059e+06	1	3534547045	1.027851e-06	2916276788	
1.685826e+06	1	179097684	4.872249e-07	898751805	
1.696726e+06	0	869234806	2.791000e-08	1790255658	
1.703678e+06	0	3921011129	1.363247e-06	778035964	
1.717735e+06	0	179097684	4.872249e-07	2001290253	
1.718240e+06	0	3921011129	1.363247e-06	439844059	
1.719600e+06	1	179097684	5.044966e-07	3459374364	
1.732322e+06	0	3921011129	1.363247e-06	283080478	
1.734454e+06	0	845665321	2.091000e-08	3678948817	
1.739335e+06	1	2246051850	5.371831e-07	3952655669	
1.754667e+06	1	3534547045	1.042211e-06	1370908750	
1.756675e+06	1	3737780296	3.070100e-07	825415804	
1.760706e+06	1	2451350669	8.396680e-08	3678948817	
1.774601e+06	0	2487301543	2.791000e-08	3071234124	
1.781325e+06	0	1075699702	5.304564e-07	1434498202	
1.781687e+06	0	778035964	2.434485e-08	283080478	
1.783706e+06	1	3921011129	1.387591e-06	778035964	
1.787324e+06	0	1420914473	1.400000e-08	1867247157	
1.792623e+06	1	2340740170	1.305695e-06	3396227953	
1.799957e+06	0	905418128	2.791000e-08	3633199892	
1.801688e+06	0	3921011129	1.387591e-06	1420914473	
1.818379e+06	0	2799798816	3.775158e-07	2215785330	
1.825733e+06	3	2038493855	5.172126e-08	1249238030	3802520055	1.957199e-08	3012889883	1.957199e-08	
1.833888e+06	3	3921011129	1.387591e-06	3083717413	3363823620	1.400000e-08	1086559163	1.433551e-08	
1.841293e+06	3	1321648343	2.720223e-08	4083845756	3063534263	1.506855e-08	
1.846395e+06	1	3534547045	1.056459e-06	3604532305	
1.855022e+06	1	3534547045	1.070820e-06	976558236	
1.858417e+06	1	2340740170	1.333605e-06	1444500749	
1.865908e+06	1	3921011129	1.401651e-06	3592986772	
1.866865e+06	0	3160344427	2.817541e-08	2683944377	
1.877569e+06	1	2246051850	5.512708e-07	2683944377	
1.880218e+06	0	451270221	5.347076e-08	845665321	
1.883728e+06	0	375852842	1.419861e-08	1019134040	
1.884969e+06	1	3921011129	1.429561e-06	1481166135	
1.890780e+06	0	220564665	4.258332e-08	1425083048	
1.900929e+06	1	3921011129	1.443867e-06	4283280385	
1.901070e+06	3	1494850122	1.773367e-08	3363823620	2013640095	1.717633e-08	
1.916118e+06	0	3063534263	1.506855e-08	375852842	
1.918405e+06	1	3921011129	1.457867e-06	1420914473	
1.918977e+06	0	3160344427	2.817541e-08	1790255658	
1.940898e+06	1	179097684	5.317717e-07	2001290253	
1.941887e+06	0	179097684	5.317717e-07	3492274228	
1.946694e+06	1	3534547045	1.098022e-06	1321648343	
1.949450e+06	1	179097684	5.477491e-07	3492274228	
1.951897e+06	3	1913762779	1.408771e-08	3633199892	1461359102	1.400000e-08	
1.956511e+06	1	3921011129	1.471927e-06	1382686479	
1.964996e+06	3	2038493855	1.400000e-08	2898323513	2027098952	1.724042e-08	4167430602	1.724042e-08	4096225443	1.724042e-08	
1.965103e+06	3	356405251	2.713324e-08	1172086036	781549661	1.400000e-08	
1.970494e+06	0	2246051850	5.512708e-07	2263814062	
1.972855e+06	0	3528332227	2.568648e-08	3707879645	
1.976034e+06	3	1503861029	1.400000e-08	2013640095	907719639	1.554316e-08	1906851972	1.554316e-08	
1.976036e+06	0	2487301543	2.791000e-08	965372172	
1.977417e+06	0	845665321	2.091000e-08	1751902433	
1.985918e+06	0	3063534263	1.506855e-08	134948105	
1.987224e+06	3	4167430602	1.729952e-08	3655816389	2597880038	1.400000e-08	
1.995638e+06	1	179097684	5.617491e-07	2038493855	
2.005089e+06	0	4167430602	1.729952e-08	2597880038	
2.027464e+06	0	179097684	5.617491e-07	2027098952	
2.041375e+06	3	4231632140	5.705004e-08	4069401935	1896745001	1.470586e-08	2378434411	1.470586e-08	
2.042378e+06	1	4231632140	7.175591e-08	2378434411	
2.067747e+06	0	3534547045	1.098022e-06	4096225443	
2.080169e+06	3	1913762779	1.417541e-08	3662110242	1837088337	1.400000e-08	
2.080763e+06	0	375852842	1.419861e-08	1461359102	
2.106270e+06	1	3534547045	1.115322e-06	4167430602	
2.106451e+06	0	3921011129	1.471927e-06	845665321	
2.108857e+06	0	3012889883	1.957199e-08	4096225443	
2.109569e+06	1	373638573	1.000001e+00	197654791	
2.123806e+06	1	3534547045	1.129381e-06	2159618959	
2.127362e+06	1	2246051850	5.791808e-07	3071234124	
2.127923e+06	1	2246051850	5.932399e-07	134948105	
2.131032e+06	1	3921011129	1.486014e-06	783121895	
2.147490e+06	1	373638573	1.000001e+00	2250879299	
2.148322e+06	1	3921011129	1.500014e-06	1199222225	
2.153648e+06	0	1751902433	1.449562e-08	2883513480	
2.156576e+06	0	3921011129	1.500014e-06	2250775120	
2.169636e+06	0	2799798816	3.775158e-07	2312786130	
2.177909e+06	1	3921011129	1.525701e-06	3528332227	
2.182717e+06	3	845665321	2.648199e-08	3802520055	1543523724	1.400000e-08	
2.187352e+06	3	611212867	2.659798e-08	4209590891	1761715697	1.400000e-08	
2.199099e+06	1	3534547045	1.201137e-06	4231632140	
2.200179e+06	0	3534547045	1.201137e-06	1425083048	
2.207538e+06	1	3534547045	1.215137e-06	1543523724	
2.209645e+06	0	3534547045	1.215137e-06	1425083048	
2.212903e+06	1	373638573	1.000001e+00	1347872676	
2.215307e+06	0	845665321	2.648199e-08	4096225443	
2.225582e+06	1	3921011129	1.539701e-06	1461359102	
2.227091e+06	3	451270221	4.967522e-08	375852842	3099973400	1.799416e-08	
2.233687e+06	3	3196256300	2.081575e-08	1896745001	2789348510	1.400000e-08	
2.244424e+06	3	426576124	3.070100e-07	4031050948	1371202285	1.400000e-08	629078091	1.465050e-08	754560055	1.465050e-08	1737134642	1.465050e-08	37613351	1.465050e-08	3434666020	1.465050e-08	2369258877	1.465050e-08	3563522875	1.465050e-08	249728555	1.465050e-08	4285226245	1.465050e-08	2707460946	1.465050e-08	2606325002	1.465050e-08	1541925803	1.465050e-08	2024675612	1.465050e-08	1292023300	1.465050e-08	3302973195	1.465050e-08	875106938	1.465050e-08	3314075649	1.465050e-08	2589646060	1.465050e-08	3433591204	1.465050e-08	1848242772	1.465050e-08	
2.244498e+06	0	3534547045	1.215137e-06	1867247157	
2.250191e+06	1	3921011129	1.553788e-06	2848685905	
2.264987e+06	1	373638573	1.000001e+00	1434594601	
2.301707e+06	1	3241671100	8.373000e-08	3774459889	
2.305482e+06	0	1035492323	2.791000e-08	3933289935	
2.306204e+06	1	2340740170	1.347803e-06	3071577057	
2.307674e+06	3	3232700421	1.400000e-08	611212867	250719570	2.025399e-08	2681498831	2.025399e-08	
2.316635e+06	1	3921011129	1.574946e-06	3414514926	
2.319835e+06	0	179097684	5.617491e-07	845665321	
2.327490e+06	0	179097684	5.617491e-07	845665321	
2.333013e+06	1	179097684	5.789895e-07	2027098952	
2.335999e+06	0	905418128	2.791000e-08	1130108289	
2.340188e+06	0	2799798816	3.775158e-07	949068759	
2.341421e+06	0	439844059	1.756515e-08	2961226102	
2.345525e+06	0	3534547045	1.215137e-06	1867247157	
2.376781e+06	3	3428193420	2.962219e-08	356405251	481808867	2.542105e-08	
2.384148e+06	0	2246051850	5.932399e-07	1820499179	
2.385614e+06	0	179097684	5.789895e-07	845665321	
2.393100e+06	0	451270221	4.967522e-08	1130108289	
2.405777e+06	0	3707879645	1.424781e-08	2883513480	
2.421083e+06	0	3160344427	2.817541e-08	406745133	
2.424258e+06	1	2340740170	1.431770e-06	2451350669	
2.426354e+06	3	220564665	1.400000e-08	3933289935	2066612683	1.412333e-08	3458484829	1.412333e-08	2719204682	1.412333e-08	4256642775	1.412333e-08	
2.428163e+06	3	1434498202	1.400000e-08	2151269300	2449448537	1.405431e-08	463844675	1.405431e-08	
2.439197e+06	0	313359544	1.419861e-08	2250775120	
2.453833e+06	1	1211996162	2.807638e-08	3187199216	
2.455873e+06	1	3921011129	1.589145e-06	2215785330	
2.463570e+06	3	2340740170	1.431770e-06	2799798816	3167902617	1.400000e-08	579073438	1.454063e-08	3468130899	1.454063e-08	393090083	1.454063e-08	2343849308	1.454063e-08	1055469694	1.454063e-08	627452446	1.454063e-08	2014426858	1.454063e-08	2716949832	1.454063e-08	552634658	1.454063e-08	3736523900	1.454063e-08	2213923665	1.454063e-08	1503202005	1.454063e-08	3202152185	1.454063e-08	2622395779	1.454063e-08	3607413901	1.454063e-08	649593533	1.454063e-08	66987975	1.454063e-08	483021244	1.454063e-08	3707800333	1.454063e-08	3528190190	1.454063e-08	2185291493	1.454063e-08	550176535	1.454063e-08	1674415855	1.454063e-08	4287239676	1.454063e-08	3884987045	1.454063e-08	
2.466023e+06	0	3534547045	1.215137e-06	2878871175	
2.467955e+06	1	2340740170	1.446311e-06	2213923665	
2.478111e+06	0	905418128	2.791000e-08	2066612683	
2.483035e+06	3	482917538	2.794819e-08	2723643411	1960974751	1.400000e-08	
2.491142e+06	1	2340740170	1.460851e-06	3202152185	
2.501811e+06	0	2340740170	1.460851e-06	2343849308	
2.513115e+06	0	905418128	2.791000e-08	483021244	
2.520390e+06	3	2263814062	1.400000e-08	2875471576	309459595	1.532711e-08	2348040613	1.532711e-08	
2.524974e+06	0	3707800333	1.454063e-08	2716949832	
2.530593e+06	0	3228084226	2.791000e-08	3382444416	
2.532135e+06	1	2340740170	1.475392e-06	2014426858	
2.533501e+06	1	1068020906	9.553473e-04	2606325002	
2.548894e+06	0	1075699702	5.304564e-07	2707128518	
2.556291e+06	0	3921011129	1.589145e-06	1837088337	
2.573010e+06	0	179097684	5.789895e-07	4096225443	
2.608315e+06	0	627452446	1.454063e-08	3375523036	
2.633022e+06	1	3534547045	1.229137e-06	2789348510	
2.643015e+06	1	3534547045	1.249952e-06	3196256300	
2.660883e+06	1	2340740170	1.489933e-06	3884987045	
2.666645e+06	1	2340740170	1.504473e-06	3528190190	
2.670867e+06	1	373638573	1.000001e+00	2250775120	
2.673392e+06	3	3357643131	1.400000e-08	949068759	3180086772	2.091000e-08	3833074883	2.091000e-08	
2.684978e+06	3	451270221	4.722699e-08	1761715697	1462644303	1.644823e-08	
2.686605e+06	0	66987975	1.454063e-08	1434498202	
2.694309e+06	1	2340740170	1.518597e-06	4256642775	
2.727214e+06	0	2746930994	1.424781e-08	1960974751	
2.740873e+06	3	2480932170	2.186509e-08	1086559163	4088625113	1.400000e-08	
2.759286e+06	0	451270221	4.722699e-08	2937387076	
2.811004e+06	0	3921011129	1.589145e-06	250719570	
2.815694e+06	3	2795063678	2.750556e-08	2489195127	1237914369	1.400000e-08	
2.824388e+06	3	3020817656	1.400000e-08	4096225443	2733144751	1.557521e-08	1649557018	1.557521e-08	
2.824753e+06	1	1649557018	2.957521e-08	3020817656	
2.862209e+06	3	3330100144	1.403819e-08	3357643131	1831065885	1.400000e-08	
2.866120e+06	1	2340740170	1.533137e-06	3468130899	
2.874215e+06	3	2205180068	1.400000e-08	2348040613	79461789	1.461856e-08	1621314342	1.461856e-08	
2.882529e+06	1	2937387076	4.245063e-08	4287239676	
2.889030e+06	0	3921011129	1.589145e-06	3121292019	
2.890118e+06	0	2937387076	4.245063e-08	3321237907	
2.891626e+06	0	2246051850	5.932399e-07	1494850122	
2.893003e+06	0	2340740170	1.533137e-06	1237914369	
2.902209e+06	1	2340740170	1.547678e-06	1055469694	
2.904966e+06	0	3160344427	2.817541e-08	3833074883	
2.926732e+06	0	179097684	5.789895e-07	439844059	
2.930433e+06	3	66987975	1.473924e-08	3913511150	2016090987	1.400000e-08	
2.933250e+06	3	439844059	1.781296e-08	3707879645	1553963666	1.400000e-08	
2.943565e+06	1	3534547045	1.263952e-06	1553963666	
2.959293e+06	0	2246051850	5.932399e-07	309459595	
2.960806e+06	3	482917538	1.400000e-08	406745133	1002680420	1.401795e-08	734120091	1.401795e-08	
2.962775e+06	3	1674415855	1.508127e-08	627452446	2475979558	1.400000e-08	
2.977561e+06	3	326805806	2.635351e-08	3707800333	2649056468	1.400000e-08	
2.985895e+06	0	2173231515	1.852176e-08	2878871175	
3.006725e+06	1	2340740170	1.565672e-06	3099973400	
3.024658e+06	0	941534069	4.064106e-08	3180086772	
3.030353e+06	3	2340740170	1.565672e-06	2937387076	3381587904	1.400000e-08	175860597	1.422532e-08	1089013536	1.422532e-08	
3.045083e+06	0	3241671100	8.373000e-08	1494850122	
3.058714e+06	1	3241671100	9.774795e-08	1002680420	
3.063546e+06	1	3921011129	1.604213e-06	3063534263	
3.065026e+06	1	2340740170	1.579672e-06	2263814062	
3.067782e+06	0	3534547045	1.263952e-06	313359544	
3.083508e+06	3	3736601249	3.601537e-08	2589646060	552498239	1.493893e-08	
3.096254e+06	0	3129006749	5.582000e-08	3775452048	
3.099768e+06	0	179097684	5.789895e-07	2746930994	
3.104236e+06	3	3755198008	1.400000e-08	1503861029	481049431	1.400000e-08	
3.107298e+06	1	2340740170	1.593795e-06	3458484829	
3.108622e+06	1	2340740170	1.607919e-06	2066612683	
3.116341e+06	0	2340740170	1.607919e-06	1026028388	
3.127671e+06	3	2597880038	1.400000e-08	1867247157	2950407739	1.400000e-08	
3.131497e+06	1	3921011129	1.618754e-06	550176535	
3.135751e+06	1	179097684	5.932373e-07	2746930994	
3.168165e+06	3	1211996162	2.545847e-08	2205180068	72955594	1.661792e-08	
3.168763e+06	0	2533881277	1.951620e-08	37613351	
3.178975e+06	0	2340740170	1.607919e-06	393090083	
3.188216e+06	1	373638573	1.000001e+00	2669757562	
3.190710e+06	3	3775452048	1.400000e-08	1906851972	1771264541	1.472658e-08	2353028958	1.472658e-08	
3.203243e+06	0	3921011129	1.618754e-06	250719570	
3.204203e+06	0	2246051850	5.932399e-07	483021244	
3.207058e+06	3	728028737	1.400000e-08	2173231515	2980075456	1.621588e-08	3449694611	1.621588e-08	
3.216733e+06	0	3241671100	9.774795e-08	728028737	
3.224945e+06	0	1075699702	5.304564e-07	4046076794	
3.227863e+06	0	2519559028	3.070100e-07	1035956119	
3.238633e+06	1	3921011129	1.632754e-06	3232700421	
3.243094e+06	1	2246051850	6.078585e-07	79461789	
3.244182e+06	0	869234806	2.791000e-08	2185291493	
3.257793e+06	0	3921011129	1.632754e-06	3121292019	
3.266882e+06	0	37613351	1.465050e-08	1726701215	
3.273266e+06	1	1075699702	5.444564e-07	1736323711	
3.280964e+06	3	941534069	1.400000e-08	2883513480	1194638860	2.036438e-08	114837353	2.036438e-08	
3.281820e+06	0	2340740170	1.607919e-06	728028737	
3.294071e+06	0	3921011129	1.632754e-06	2878871175	
3.314948e+06	3	439844059	1.781296e-08	2597880038	2341758500	1.400000e-08	
3.369496e+06	0	3921011129	1.632754e-06	3449694611	
3.372135e+06	0	179097684	5.932373e-07	2980075456	
3.395567e+06	1	2340740170	1.635829e-06	2487301543	
3.395649e+06	1	179097684	6.094532e-07	2980075456	
3.401089e+06	0	1771264541	1.472658e-08	315200650	
3.420287e+06	0	1738909006	2.091000e-08	2707128518	
3.430541e+06	0	1285693762	2.807638e-08	2878871175	
3.434276e+06	0	2340740170	1.635829e-06	175860597	
3.456919e+06	0	179097684	6.094532e-07	313359544	
3.476321e+06	0	2246051850	6.078585e-07	1621314342	
3.481899e+06	0	3012889883	1.957199e-08	2733144751	
3.485606e+06	3	1674415855	1.514036e-08	3059103076	651046398	1.400000e-08	
3.489809e+06	1	3534547045	1.281765e-06	439844059	
3.519270e+06	0	3534547045	1.281765e-06	2341758500	
3.527883e+06	0	3534547045	1.281765e-06	734120091	
3.535114e+06	3	2961226102	1.421361e-08	3330100144	2780384598	1.400000e-08	
3.539306e+06	3	1634407402	5.016871e-08	2716949832	1061526795	2.251833e-08	
3.564797e+06	1	373638573	1.000001e+00	3428193420	
3.584213e+06	0	1738909006	2.091000e-08	3375523036	
3.587960e+06	3	4253718737	1.447312e-08	175860597	3342541004	1.400000e-08	
3.589771e+06	1	4253718737	2.847312e-08	3342541004	
3.616857e+06	0	451270221	4.722699e-08	4088625113	
3.621847e+06	3	1649557018	2.674321e-08	3012889883	1577969976	2.240399e-08	
3.624470e+06	1	2340740170	1.650369e-06	2185291493	
3.625437e+06	0	1649557018	2.674321e-08	1577969976	
3.626779e+06	0	3534547045	1.281765e-06	1026028388	
3.629430e+06	0	1649557018	2.674321e-08	1577969976	
3.629873e+06	0	1649557018	2.674321e-08	1577969976	
3.633656e+06	1	1649557018	4.914720e-08	1577969976	
3.636656e+06	0	3921011129	1.632754e-06	3449694611	
3.649805e+06	1	3921011129	1.650488e-06	1494850122	
3.658466e+06	1	2340740170	1.664369e-06	3381587904	
3.671855e+06	1	2340740170	1.678910e-06	552634658	
3.718309e+06	0	309459595	1.532711e-08	3321237907	
3.725936e+06	3	3736601249	3.309851e-08	781549661	695939830	1.691687e-08	
3.738797e+06	0	1541946641	2.791000e-08	651046398	
3.772438e+06	3	3921011129	1.650488e-06	3241671100	229435916	1.400000e-08	1850435983	1.674959e-08	19131048	1.674959e-08	2426951832	1.674959e-08	3089865955	1.674959e-08	3526559023	1.674959e-08	
3.772471e+06	0	3921011129	1.650488e-06	3089865955	
3.777498e+06	1	2340740170	1.694050e-06	1674415855	
3.777874e+06	1	3921011129	1.664488e-06	229435916	
3.778021e+06	0	2246051850	6.078585e-07	2681498831	
3.783049e+06	1	3921011129	1.681237e-06	1850435983	
3.792454e+06	1	3921011129	1.697987e-06	2426951832	
3.792599e+06	1	2340740170	1.721960e-06	1541946641	
3.817150e+06	0	907719639	1.554316e-08	37051273	
3.868533e+06	0	393090083	1.454063e-08	3498415124	
3.900976e+06	1	2246051850	6.281124e-07	250719570	
3.902152e+06	0	3534547045	1.281765e-06	2341758500	
3.906919e+06	1	3534547045	1.308247e-06	845665321	
3.918900e+06	0	3534547045	1.308247e-06	19131048	
3.931302e+06	0	179097684	6.094532e-07	2950407739	
3.947620e+06	3	426576124	3.070100e-07	476505668	73116178	1.400000e-08	2654473721	1.472778e-08	2564127097	1.472778e-08	3554620561	1.472778e-08	2789301560	1.472778e-08	3201932102	1.472778e-08	3527214469	1.472778e-08	224410298	1.472778e-08	3967778277	1.472778e-08	1759850032	1.472778e-08	2704180049	1.472778e-08	287394855	1.472778e-08	2670951229	1.472778e-08	2367820772	1.472778e-08	771359632	1.472778e-08	4186562710	1.472778e-08	3211480542	1.472778e-08	346987663	1.472778e-08	1922039940	1.472778e-08	
3.961097e+06	0	1194638860	2.036438e-08	1751902433	
3.968378e+06	1	2340740170	1.749466e-06	2795063678	
3.970558e+06	0	3921011129	1.697987e-06	2950407739	
3.977329e+06	1	66987975	2.873924e-08	1237914369	
4.016138e+06	3	251961497	2.078867e-08	3114612365	2110688926	1.751566e-08	1314810707	1.751566e-08	
4.073259e+06	1	2246051850	6.421124e-07	315200650	
4.079974e+06	1	2340740170	1.763466e-06	651046398	
4.081730e+06	1	3534547045	1.324997e-06	3089865955	
4.082986e+06	1	3921011129	1.712528e-06	2622395779	
4.084273e+06	3	1790255658	1.400000e-08	1621314342	2472898255	1.426428e-08	3459912306	1.426428e-08	
4.084338e+06	1	3534547045	1.338997e-06	1950077488	
4.127101e+06	1	2340740170	1.777679e-06	2961226102	
4.160647e+06	0	3211480542	1.472778e-08	965372172	
4.258600e+06	0	2340740170	1.777679e-06	220564665	
4.280042e+06	1	3921011129	1.726528e-06	1837088337	
4.321260e+06	1	2519559028	3.212743e-07	3459912306	
4.387446e+06	1	3534547045	1.353015e-06	734120091	
4.393999e+06	0	1075699702	5.444564e-07	579073438	
4.399440e+06	0	300193622	2.791000e-08	73116178	
4.427015e+06	1	2340740170	1.805589e-06	405521437	
4.449070e+06	1	2340740170	1.819589e-06	3167902617	
4.463545e+06	0	1425083048	2.791000e-08	1790255658	
4.466348e+06	1	3921011129	1.740528e-06	2341758500	
4.507381e+06	0	1848242772	1.465050e-08	1831065885	
4.530305e+06	1	179097684	6.250284e-07	2733144751	
4.530859e+06	1	2340740170	1.833713e-06	2719204682	
4.595381e+06	1	373638573	1.000001e+00	1415695418	
4.608801e+06	1	373638573	1.000001e+00	3176785673	
4.651354e+06	0	37051273	1.488782e-08	1790255658	
4.725244e+06	0	3833074883	2.091000e-08	57770090	
4.738040e+06	3	2472898255	1.426428e-08	1790255658	1598213090	1.400000e-08	
4.754102e+06	1	2340740170	1.847751e-06	1035956119	
4.776906e+06	1	1075699702	5.723664e-07	2919643181	
4.780939e+06	1	3921011129	1.755068e-06	483021244	
4.783820e+06	1	2340740170	1.867912e-06	1639799867	
4.831846e+06	3	37613351	1.484911e-08	217284033	1495382923	1.400000e-08	
4.854395e+06	1	179097684	6.390284e-07	1831065885	
4.882352e+06	0	2340740170	1.867912e-06	2367820772	
4.885354e+06	0	3921011129	1.755068e-06	2780384598	
4.894755e+06	0	2340740170	1.867912e-06	37051273	
4.902979e+06	1	2340740170	1.881967e-06	2449448537	
4.910601e+06	0	326805806	2.635351e-08	481049431	
4.977093e+06	0	3921011129	1.755068e-06	220564665	
4.977179e+06	1	3921011129	1.769068e-06	220564665	
5.000641e+06	0	2343849308	1.454063e-08	3755198008	
5.001282e+06	3	1913762779	1.417541e-08	4088625113	722767024	1.400000e-08	
5.010034e+06	0	847040419	2.038042e-08	57770090	
5.021036e+06	3	1738909006	2.223711e-08	309459595	515125813	1.400000e-08	
5.025613e+06	0	2340740170	1.881967e-06	57770090	
5.032182e+06	1	3921011129	1.783068e-06	2950407739	
5.040118e+06	0	3967778277	1.472778e-08	432337108	
5.041366e+06	1	373638573	1.000001e+00	2353028958	
5.061874e+06	1	2246051850	6.624768e-07	1194638860	
5.075471e+06	3	2340740170	1.881967e-06	1075699702	1298902656	1.414186e-08	3532628785	1.431345e-08	826924968	1.431345e-08	3190311976	1.431345e-08	841878026	1.431345e-08	2747938267	1.431345e-08	3177521820	1.431345e-08	3363025910	1.431345e-08	1290268226	1.431345e-08	764400056	1.431345e-08	1517815290	1.431345e-08	66064165	1.431345e-08	2766526296	1.431345e-08	2454553876	1.431345e-08	1923515514	1.431345e-08	3339828518	1.431345e-08	105819081	1.431345e-08	533433650	1.431345e-08	1601889739	1.431345e-08	381652938	1.431345e-08	96665495	1.431345e-08	1342185090	1.431345e-08	149784911	1.431345e-08	85224627	1.431345e-08	1965662198	1.431345e-08	110439229	1.431345e-08	1449522982	1.431345e-08	3279439195	1.431345e-08	360107933	1.431345e-08	1657444763	1.431345e-08	58759274	1.431345e-08	2135013218	1.431345e-08	470332523	1.431345e-08	3217169414	1.431345e-08	3030801476	1.431345e-08	2208266878	1.431345e-08	3715668764	1.431345e-08	3418547556	1.431345e-08	355298688	1.431345e-08	4193709834	1.431345e-08	
5.075473e+06	1	3217169414	2.862690e-08	470332523	
5.075479e+06	1	2340740170	1.896280e-06	826924968	
5.093441e+06	1	2340740170	1.910593e-06	3363025910	
5.103315e+06	1	373638573	1.000001e+00	1218250404	
5.107863e+06	1	2340740170	1.924907e-06	841878026	
5.108493e+06	1	2340740170	1.939220e-06	360107933	
5.111011e+06	0	3534547045	1.353015e-06	2472898255	
5.112062e+06	0	2766526296	1.431345e-08	3532628785	
5.114200e+06	1	2340740170	1.953534e-06	1923515514	
5.114234e+06	1	2340740170	1.967847e-06	3279439195	
5.119512e+06	1	3030801476	2.862690e-08	3339828518	
5.119603e+06	1	2340740170	1.982161e-06	1290268226	
5.119883e+06	1	3921011129	1.797244e-06	1913762779	
5.121064e+06	1	2340740170	2.010788e-06	3030801476	
5.139194e+06	1	1068020906	9.553752e-04	911013108	
5.142099e+06	0	3921011129	1.797244e-06	3449694611	
5.144532e+06	1	1068020906	9.554007e-04	481808867	
5.148171e+06	3	1130108289	1.405910e-08	1960974751	584993009	1.400000e-08	
5.156379e+06	1	2340740170	2.025101e-06	533433650	
5.175834e+06	0	66987975	2.873924e-08	4193709834	
5.178164e+06	1	2340740170	2.039415e-06	110439229	
5.214738e+06	1	3921011129	1.811282e-06	3321237907	
5.225826e+06	3	1452489764	1.419861e-08	1598213090	1499007652	1.400000e-08	
5.227371e+06	0	2340740170	2.039415e-06	1517815290	
5.232625e+06	1	3921011129	1.826010e-06	346987663	
5.237610e+06	0	1061526795	2.251833e-08	1503202005	
5.243123e+06	1	2340740170	2.053728e-06	355298688	
5.262721e+06	1	2340740170	2.068041e-06	1517815290	
5.269700e+06	0	1452489764	1.419861e-08	2649056468	
5.277997e+06	1	2340740170	2.082355e-06	3190311976	
5.340586e+06	1	3534547045	1.367263e-06	965372172	
5.357785e+06	1	2246051850	6.767246e-07	3121292019	
5.387469e+06	1	373638573	1.000001e+00	3160344427	
5.433225e+06	0	2246051850	6.767246e-07	2472898255	
5.449668e+06	1	2340740170	2.096668e-06	2747938267	
5.464428e+06	1	2340740170	2.110867e-06	57770090	
5.466362e+06	3	3833074883	2.729042e-08	847040419	755060644	1.400000e-08	
5.481879e+06	1	3921011129	1.842759e-06	3526559023	
5.507369e+06	1	373638573	1.000001e+00	1771264541	
5.517963e+06	1	3737780296	3.217378e-07	3211480542	
5.528105e+06	3	66987975	2.317965e-08	649593533	3270476896	2.010023e-08	
5.538183e+06	1	3921011129	1.859509e-06	19131048	
5.575504e+06	1	2340740170	2.125009e-06	1298902656	
5.589480e+06	3	3382444416	1.400000e-08	905418128	3934203265	2.091000e-08	1292024166	2.091000e-08	
5.615796e+06	1	3921011129	1.874004e-06	1751902433	
5.622666e+06	1	2340740170	2.139322e-06	96665495	
5.666000e+06	1	2340740170	2.165676e-06	326805806	
5.711308e+06	0	2340740170	2.165676e-06	3715668764	
5.723488e+06	1	3534547045	1.381488e-06	1089013536	
5.723684e+06	1	373638573	1.000001e+00	2519559028	
5.781384e+06	1	3921011129	1.896241e-06	1738909006	
5.822476e+06	1	2340740170	2.179989e-06	2208266878	
5.834438e+06	3	4046076794	2.796910e-08	1130108289	1323984060	1.400000e-08	
5.842571e+06	0	2681498831	2.025399e-08	1449522982	
5.842882e+06	1	2340740170	2.194188e-06	3375523036	
5.843483e+06	1	2246051850	6.931729e-07	1462644303	
5.848550e+06	1	3534547045	1.395488e-06	755060644	
5.858336e+06	1	2340740170	2.208501e-06	3177521820	
5.884740e+06	1	373638573	1.000001e+00	2110688926	
5.917772e+06	0	2710766136	2.791000e-08	72955594	
5.942588e+06	3	771359632	1.537828e-08	4285226245	4197927596	1.400000e-08	
5.949887e+06	1	2340740170	2.255728e-06	451270221	
5.961045e+06	1	3534547045	1.410029e-06	2343849308	
5.973972e+06	1	373638573	1.000001e+00	251961497	
5.978869e+06	0	3921011129	1.896241e-06	515125813	
5.990413e+06	0	3607413901	1.454063e-08	66064165	
6.000567e+06	0	2340740170	2.255728e-06	300193622	
6.001784e+06	3	2766526296	1.431345e-08	4197927596	1414892502	1.400000e-08	
6.042311e+06	3	3129006749	5.545609e-08	1601889739	4201342597	1.467736e-08	
6.047567e+06	1	3921011129	1.910782e-06	579073438	
6.096897e+06	1	373638573	1.000001e+00	3498415124	
6.129797e+06	3	1292024166	2.130722e-08	1412415798	2391696826	1.400000e-08	
6.140684e+06	1	2246051850	7.071729e-07	722767024	
6.167746e+06	1	373638573	1.000001e+00	1434498202	
6.199765e+06	0	3180086772	2.091000e-08	2780384598	
6.211472e+06	1	2340740170	2.270042e-06	381652938	
6.221899e+06	1	3921011129	1.924782e-06	941534069	
6.256400e+06	1	2246051850	7.211729e-07	515125813	
6.270689e+06	1	3737780296	3.360512e-07	105819081	
6.293213e+06	1	3921011129	1.966730e-06	790319072	
6.326046e+06	3	1414892502	1.400000e-08	1323984060	4138371369	1.400000e-08	
6.341496e+06	0	149784911	1.431345e-08	1414892502	
6.375556e+06	1	373638573	1.000001e+00	3715668764	
6.389915e+06	1	2340740170	2.284240e-06	1452489764	
6.402266e+06	0	300193622	2.791000e-08	2391696826	
6.424114e+06	1	3921011129	1.987640e-06	2707128518	
6.457389e+06	1	3921011129	2.001640e-06	3755198008	
6.508458e+06	0	2340740170	2.284240e-06	4138371369	
6.521234e+06	1	373638573	1.000001e+00	2016090987	
6.550850e+06	1	2246051850	7.351729e-07	482917538	
6.558441e+06	1	373638573	1.000001e+00	1061526795	
6.562108e+06	0	869234806	2.791000e-08	1499007652	
6.660206e+06	3	3833074883	2.760387e-08	3418547556	3590332688	1.400000e-08	
6.727409e+06	1	2340740170	2.307420e-06	66987975	
6.729274e+06	0	1965662198	1.431345e-08	764400056	
6.789897e+06	1	2340740170	2.321733e-06	2766526296	
6.795391e+06	1	3921011129	2.030267e-06	3217169414	
6.822435e+06	0	3491092596	1.419861e-08	2649056468	
6.868261e+06	0	72955594	1.661792e-08	1820499179	
6.868963e+06	0	1285693762	2.807638e-08	3590332688	
6.948486e+06	1	888311950	4.263778e-08	1759850032	
6.983412e+06	1	2340740170	2.335733e-06	2475979558	
6.994864e+06	1	373638573	1.000001e+00	3888264012	
7.008096e+06	1	3921011129	2.045116e-06	37613351	
7.014391e+06	1	2340740170	2.350047e-06	1449522982	
7.046685e+06	0	2340740170	2.350047e-06	1211996162	
7.055885e+06	3	37051273	1.520127e-08	85224627	1745749016	1.400000e-08	
7.066452e+06	1	3921011129	2.059116e-06	481049431	
7.077429e+06	1	426576124	3.213234e-07	2135013218	
7.117777e+06	0	3129006749	5.545609e-08	1820499179	
7.137306e+06	1	2246051850	7.570380e-07	2480932170	
7.215678e+06	3	179097684	6.390284e-07	1649557018	2711965517	1.400000e-08	2933223072	1.757360e-08	1987038079	1.757360e-08	
7.228125e+06	1	179097684	6.566020e-07	2933223072	
7.249709e+06	0	179097684	6.566020e-07	1987038079	
7.258457e+06	1	3534547045	1.424029e-06	73116178	
7.262482e+06	1	179097684	6.741756e-07	1987038079	
7.273922e+06	3	2340740170	2.350047e-06	1285693762	3797386594	1.400000e-08	1280619132	1.407638e-08	
7.333020e+06	1	2340740170	2.364360e-06	3532628785	
7.348545e+06	1	3921011129	2.073116e-06	1414892502	
7.373603e+06	0	287394855	1.472778e-08	3491092596	
7.424964e+06	0	2340740170	2.364360e-06	1503202005	
7.441543e+06	0	3934203265	2.091000e-08	4193709834	
7.535569e+06	3	1503202005	1.454063e-08	3775452048	4105879141	1.400000e-08	
7.536441e+06	1	2340740170	2.384461e-06	3270476896	
7.553218e+06	1	179097684	6.881756e-07	2711965517	
7.586404e+06	1	2340740170	2.439917e-06	3129006749	
7.587257e+06	1	2340740170	2.456535e-06	72955594	
7.596148e+06	1	2340740170	2.481993e-06	1211996162	
7.620363e+06	1	373638573	1.000001e+00	869234806	
7.644585e+06	1	2340740170	2.498910e-06	695939830	
7.716502e+06	0	3921011129	2.073116e-06	2649056468	
7.724662e+06	1	373638573	1.000001e+00	2649056468	
7.768858e+06	1	3534547045	1.444939e-06	3934203265	
7.790186e+06	0	2246051850	7.570380e-07	287394855	
7.795734e+06	1	3921011129	2.087116e-06	2780384598	
7.869884e+06	1	2246051850	7.717153e-07	4201342597	
7.902163e+06	0	3921011129	2.087116e-06	1965662198	
7.931432e+06	0	3534547045	1.444939e-06	1965662198	
7.932809e+06	3	2681498831	2.056744e-08	4193709834	3088551619	1.400000e-08	
8.057632e+06	0	1965662198	1.431345e-08	283080478	
8.061110e+06	0	3921011129	2.087116e-06	283080478	
8.160473e+06	0	1292024166	2.130722e-08	2391696826	
8.188968e+06	1	373638573	1.000001e+00	1035492323	
8.247019e+06	1	3534547045	1.458939e-06	1499007652	
8.488820e+06	3	3736601249	1.830201e-08	2670951229	3443287411	1.476213e-08	3981989558	1.476213e-08	
8.551866e+06	3	3088551619	1.400000e-08	3382444416	1165174376	1.400000e-08	
8.769161e+06	1	373638573	1.000001e+00	1026028388	
8.852019e+06	0	3433591204	1.465050e-08	2454553876	
8.867700e+06	1	2246051850	7.869166e-07	37051273	
8.882651e+06	3	4253718737	1.400000e-08	584993009	3467386575	1.423656e-08	4263904522	1.423656e-08	
9.014176e+06	3	114837353	2.036438e-08	1165174376	4267941538	1.400000e-08	
9.023514e+06	1	3534547045	1.473175e-06	4263904522	
9.056172e+06	1	3534547045	1.494482e-06	1292024166	
9.058886e+06	0	2246051850	7.869166e-07	66064165	
9.065812e+06	1	2246051850	8.012300e-07	66064165	
9.114319e+06	0	3534547045	1.494482e-06	4253718737	
9.169107e+06	1	3921011129	2.101116e-06	4138371369	
9.590686e+06	1	3921011129	2.121684e-06	2681498831	
9.641372e+06	0	3433591204	1.465050e-08	149784911	
9.690563e+06	1	2246051850	8.157707e-07	1503202005	
9.694967e+06	0	1634407402	5.016871e-08	1745749016	
9.844413e+06	0	3534547045	1.494482e-06	3590332688	
9.899701e+06	1	3534547045	1.508482e-06	1745749016	
