2.434819e+02	1	2859795595	5.582000e-08	870323177	
1.468301e+03	1	1075699702	3.070100e-07	3497999925	
1.539963e+03	1	2250879299	5.582000e-08	333964007	
2.254684e+03	1	778035964	5.582000e-08	3061883439	
3.562907e+03	1	3534547045	3.070100e-07	582973675	
4.072069e+03	1	1156624510	5.582000e-08	1458665800	
4.604725e+03	1	2235064901	3.070100e-07	1379399837	
4.800301e+03	1	1465560917	3.070100e-07	1790255658	
4.900427e+03	1	2308721517	5.582000e-08	2737363250	
5.381984e+03	1	2235064901	3.349200e-07	3084497907	
6.221361e+03	1	3004792470	3.070100e-07	838860310	
6.932248e+03	1	1134175585	5.582000e-08	3800234335	
7.585802e+03	1	3373526895	3.070100e-07	1631081845	
7.600453e+03	1	3534547045	3.349200e-07	3889879026	
1.181978e+04	0	2393342300	2.791000e-08	3749853089	
1.347790e+04	1	1502094437	5.582000e-08	1444500749	
1.410596e+04	1	3534547045	3.628300e-07	925199572	
1.412641e+04	1	2937387076	5.582000e-08	384163328	
1.476563e+04	1	3150846686	3.070100e-07	4263717482	
1.503392e+04	1	2340740170	3.070100e-07	2409063466	
1.538833e+04	1	1134175585	8.373000e-08	2455496064	
1.700541e+04	1	1465560917	3.349200e-07	2693713428	
1.758830e+04	1	1068020906	9.543279e-04	1498734392	
2.231924e+04	1	3373526895	3.349200e-07	858320168	
2.246829e+04	1	1465560917	3.628300e-07	405521437	
2.302793e+04	1	1206764858	5.582000e-08	3704423751	
2.824456e+04	1	778035964	8.373000e-08	3841896594	
2.933059e+04	1	1661091397	5.582000e-08	780264402	
3.407374e+04	1	3921011129	3.070100e-07	3116505811	
4.092085e+04	1	3534547045	4.465600e-07	1134175585	
4.105793e+04	1	242414939	5.582000e-08	1481166135	
4.118231e+04	1	2308721517	8.373000e-08	4231632140	
4.502209e+04	1	688805295	5.582000e-08	561528368	
5.259521e+04	1	3938221642	5.582000e-08	1731090175	
6.283780e+04	0	1661091397	5.582000e-08	1584276479	
6.459058e+04	1	2340740170	3.349200e-07	40245973	
6.499246e+04	1	1465560917	6.419300e-07	1222799196	
7.815668e+04	3	3373526895	3.349200e-07	778035964	3687573659	1.400000e-08	3196256300	1.743250e-08	848448836	1.743250e-08	2211003714	1.743250e-08	2916276788	1.743250e-08	
8.251074e+04	0	1584276479	2.791000e-08	1738899943	
8.486785e+04	0	545239233	2.791000e-07	3616865126	
9.506720e+04	0	1584276479	2.791000e-08	3126241903	
9.510774e+04	0	4259593397	2.791000e-07	1593850299	
9.940440e+04	0	1434498202	2.791000e-08	3357643131	
1.028315e+05	0	3150846686	3.070100e-07	1425083048	
1.034189e+05	1	486050091	5.582000e-08	3919821980	
1.073959e+05	1	545239233	3.070100e-07	941534069	
1.101413e+05	3	486050091	5.582000e-08	1661091397	3696193412	1.400000e-08	15308464	2.091000e-08	1239307652	2.091000e-08	
1.149328e+05	1	3150846686	3.349200e-07	3114612365	
1.157788e+05	0	331336395	2.791000e-08	1735432893	
1.194093e+05	1	1075699702	3.349200e-07	2466232951	
1.203735e+05	1	3534547045	4.744700e-07	3126241903	
1.216697e+05	0	2393342300	2.791000e-08	3747246174	
1.255006e+05	1	1068020906	9.543558e-04	3709881891	
1.291511e+05	1	3621383820	5.582000e-08	1738899943	
1.424722e+05	1	3150846686	3.628300e-07	1425083048	
1.435589e+05	1	3824069879	5.582000e-08	3462747	
1.479562e+05	1	1465560917	6.698400e-07	4122240121	
1.481840e+05	0	3938221642	5.582000e-08	245436729	
1.656046e+05	0	3737780296	2.791000e-07	1019134040	
1.830682e+05	0	2038493855	2.791000e-08	2349140130	
1.858841e+05	0	1572835533	2.791000e-07	717226258	
1.861617e+05	3	2340740170	3.349200e-07	1572835533	1945448119	1.400000e-08	3396227953	1.472778e-08	3321237907	1.472778e-08	3187199216	1.472778e-08	3330100144	1.472778e-08	310481256	1.472778e-08	817087088	1.472778e-08	551137729	1.472778e-08	1218250404	1.472778e-08	1035956119	1.472778e-08	1211996162	1.472778e-08	188552836	1.472778e-08	2029773149	1.472778e-08	302486611	1.472778e-08	1842102965	1.472778e-08	1285693762	1.472778e-08	1078741991	1.472778e-08	2723643411	1.472778e-08	1804212609	1.472778e-08	
1.875170e+05	1	2235064901	3.523525e-07	2211003714	
1.924830e+05	1	2984600922	3.070100e-07	2919643181	
1.963407e+05	3	2984600922	5.634622e-07	2799798816	438292632	2.264776e-08	
2.041398e+05	1	486050091	6.982000e-08	3687573659	
2.118672e+05	3	426576124	5.395707e-07	4031050948	2001290253	1.862927e-08	
2.158021e+05	1	1068020906	9.543837e-04	1236021306	
2.249861e+05	0	2125112500	2.791000e-08	1945448119	
2.282070e+05	0	3616865126	2.791000e-08	387772665	
2.330498e+05	3	2723643411	1.545556e-08	3330100144	3147695692	1.400000e-08	
2.412419e+05	0	2246051850	2.791000e-07	3187199216	
2.499544e+05	1	2246051850	2.938278e-07	1285693762	
2.593945e+05	0	1075699702	3.349200e-07	2074240873	
2.612154e+05	3	331336395	1.400000e-08	848448836	3179285865	1.567125e-08	2173231515	1.567125e-08	
2.627971e+05	1	3555679070	5.582000e-08	3232700421	
2.629384e+05	3	2340740170	3.349200e-07	545239233	740082705	1.400000e-08	2795063678	1.465050e-08	3642829293	1.465050e-08	2707128518	1.465050e-08	474866315	1.465050e-08	1639799867	1.465050e-08	1026028388	1.465050e-08	1128056158	1.465050e-08	2909632847	1.465050e-08	937177227	1.465050e-08	3393811039	1.465050e-08	611212867	1.465050e-08	1104410542	1.465050e-08	2328232000	1.465050e-08	2999719241	1.465050e-08	1931993247	1.465050e-08	1494850122	1.465050e-08	3414514926	1.465050e-08	2312786130	1.465050e-08	3537925318	1.465050e-08	1634407402	1.465050e-08	
2.629817e+05	1	1494850122	2.930100e-08	1931993247	
2.686257e+05	0	3988949870	2.791000e-08	2870158420	
2.703703e+05	1	2519559028	3.070100e-07	199935986	
2.724744e+05	1	1664502715	5.582000e-08	164438789	
2.746966e+05	0	2235064901	3.523525e-07	3326748277	
2.748976e+05	1	290926289	5.582000e-08	3891448235	
2.766831e+05	1	3534547045	5.023800e-07	3749853089	
2.783893e+05	1	2340740170	3.495705e-07	1639799867	
2.809298e+05	1	2340740170	3.650261e-07	2723643411	
2.828967e+05	1	3534547045	5.180512e-07	3179285865	
2.894346e+05	0	865537991	2.791000e-08	2326007700	
2.967259e+05	1	3150846686	3.774805e-07	1104410542	
2.977552e+05	1	3707189490	4.256050e-08	3393811039	
3.033952e+05	1	3534547045	5.878712e-07	486050091	
3.046682e+05	3	1206764858	1.400000e-08	3020817656	3869596591	1.743250e-08	3375523036	1.743250e-08	772925454	1.743250e-08	2215785330	1.743250e-08	
3.046988e+05	0	3375523036	1.743250e-08	3869596591	
3.074404e+05	3	3921011129	3.070100e-07	2308721517	3491092596	1.400000e-08	57770090	1.743250e-08	3071577057	1.743250e-08	1452489764	1.743250e-08	4260098875	1.743250e-08	
3.109425e+05	1	3921011129	3.244425e-07	3071577057	
3.205825e+05	0	3869596591	1.743250e-08	1206764858	
3.241179e+05	1	1078741991	2.937828e-08	2999719241	
3.311192e+05	0	3373526895	3.349200e-07	3257166052	
3.382200e+05	0	3908154577	2.791000e-08	331336395	
3.490215e+05	0	688805295	5.582000e-08	1128056158	
3.544343e+05	0	2235064901	3.523525e-07	2178051842	
3.574800e+05	0	2340740170	3.650261e-07	2205180068	
3.654245e+05	0	3004792470	3.070100e-07	4226750145	
3.722641e+05	0	3373526895	3.349200e-07	3908154577	
3.792278e+05	0	2205180068	2.791000e-08	1593891639	
3.889468e+05	0	4259593397	2.791000e-07	443746396	
4.108950e+05	1	3921011129	3.418750e-07	57770090	
4.117040e+05	0	3150846686	3.774805e-07	1123501568	
4.254823e+05	1	1502094437	8.373000e-08	3241671100	
4.300786e+05	0	3621383820	5.582000e-08	632754209	
4.329938e+05	1	179097684	2.965325e-07	2215785330	
4.430020e+05	0	2235064901	3.523525e-07	2795063678	
4.431869e+05	0	2178051842	2.791000e-08	611212867	
4.469072e+05	0	179097684	2.965325e-07	3375523036	
4.589528e+05	0	3373526895	3.349200e-07	4260098875	
4.607981e+05	0	2235064901	3.523525e-07	1584276479	
4.856101e+05	0	179097684	2.965325e-07	3375523036	
4.939293e+05	0	888311950	2.791000e-08	1458432161	
4.959320e+05	3	2393342300	1.400000e-08	2528553283	3696843781	2.091000e-08	2138100036	2.091000e-08	
4.979487e+05	1	242414939	8.373000e-08	636961411	
5.113397e+05	0	2984600922	5.634622e-07	3988949870	
5.115538e+05	1	3150846686	7.298330e-07	2235064901	
5.149740e+05	3	3921011129	2.896429e-07	3938221642	1726701215	1.543601e-08	1412415798	1.543601e-08	375852842	1.543601e-08	3593732192	1.543601e-08	3888264012	1.543601e-08	313359544	1.543601e-08	217284033	1.543601e-08	
5.154444e+05	0	817087088	1.472778e-08	3187199216	
5.203667e+05	1	3921011129	3.050789e-07	375852842	
5.523679e+05	0	732124878	2.791000e-08	3129006749	
5.531920e+05	0	1327969783	2.791000e-08	2408568032	
5.606737e+05	0	245436729	2.791000e-08	3908154577	
5.741550e+05	3	2984600922	5.634622e-07	4259593397	2151269300	1.400000e-08	3913511150	1.472778e-08	2962530363	1.472778e-08	2063946235	1.472778e-08	1172086036	1.472778e-08	690117576	1.472778e-08	3288380490	1.472778e-08	845665321	1.472778e-08	3122982648	1.472778e-08	1471982444	1.472778e-08	3303338876	1.472778e-08	2875471576	1.472778e-08	1738909006	1.472778e-08	356405251	1.472778e-08	2879167783	1.472778e-08	3083352544	1.472778e-08	4198169764	1.472778e-08	821115011	1.472778e-08	2118016430	1.472778e-08	
5.744203e+05	1	3150846686	7.577430e-07	3150420704	
5.837332e+05	0	1493201942	2.791000e-08	313359544	
5.842423e+05	1	1068020906	9.544116e-04	126484229	
5.948689e+05	3	3534547045	6.274821e-07	3621383820	1945735688	1.620911e-08	
6.231780e+05	1	1068020906	9.544396e-04	253808213	
6.339162e+05	0	4260098875	1.743250e-08	1945735688	
6.381839e+05	0	3747246174	2.791000e-08	2406269022	
6.513122e+05	1	2138100036	4.182000e-08	3696843781	
6.706026e+05	1	3534547045	6.483921e-07	15308464	
7.005034e+05	1	179097684	3.105325e-07	1206764858	
7.044433e+05	1	1068020906	9.544675e-04	865537991	
7.073245e+05	1	1068020906	9.544954e-04	2429525676	
7.077640e+05	0	3373526895	3.349200e-07	1493201942	
7.087808e+05	0	3534547045	6.483921e-07	2173231515	
7.104712e+05	0	1493201942	2.791000e-08	313359544	
7.277459e+05	1	2956861855	5.582000e-08	3037779432	
7.525154e+05	0	3775452048	2.791000e-08	2870037616	
7.579241e+05	0	2916276788	1.743250e-08	3491092596	
7.591621e+05	0	659524895	2.791000e-08	2205180068	
7.616736e+05	0	1493201942	2.791000e-08	3421887303	
7.638165e+05	1	3534547045	6.658246e-07	2916276788	
7.799583e+05	1	1068020906	9.545233e-04	2504591099	
7.807574e+05	1	1075699702	3.628300e-07	3498415124	
8.014011e+05	0	179097684	3.105325e-07	2406269022	
8.156878e+05	0	179097684	3.105325e-07	2406269022	
8.191275e+05	0	3555679070	5.582000e-08	2312786130	
8.212846e+05	0	2937387076	5.582000e-08	732124878	
8.714468e+05	1	3534547045	6.867346e-07	1239307652	
8.852385e+05	3	287801793	2.143965e-08	310481256	4093093422	2.119813e-08	
8.973447e+05	0	3373526895	3.349200e-07	387772665	
9.091018e+05	0	2246051850	2.938278e-07	1037584679	
9.098053e+05	1	3921011129	3.329889e-07	1493201942	
9.103845e+05	0	3150846686	7.577430e-07	905418128	
9.187380e+05	3	2859795595	5.621618e-08	4260098875	2842015324	1.703632e-08	
9.203486e+05	0	3150846686	7.577430e-07	3421887303	
9.248529e+05	0	598947138	2.791000e-08	3933289935	
9.250274e+05	0	888311950	2.791000e-08	3953846011	
9.414080e+05	3	1502094437	6.899065e-08	3321237907	1249238030	1.473356e-08	3214077756	1.473356e-08	
9.440216e+05	0	242414939	8.373000e-08	3642829293	
9.532499e+05	3	2038493855	2.791000e-08	2393342300	879162223	1.400000e-08	
9.575011e+05	0	3071234124	2.791000e-08	1516068388	
9.649977e+05	0	1866926464	2.791000e-08	3279231079	
9.675270e+05	0	862710978	2.791000e-08	879162223	
9.889290e+05	0	905418128	2.791000e-08	3414514926	
1.016144e+06	1	953296898	4.256050e-08	2328232000	
1.039164e+06	3	598947138	2.331582e-08	2835620284	3884425642	1.625209e-08	1149406307	1.625209e-08	
1.071629e+06	3	4188445920	1.400000e-08	356405251	3528332227	1.431889e-08	4004407106	1.431889e-08	
1.101670e+06	0	3197676583	2.791000e-08	6723929	
1.105646e+06	3	2340740170	3.650261e-07	1078741991	451270221	1.400000e-08	3149440925	1.537828e-08	
1.125180e+06	3	1945735688	1.685961e-08	937177227	2250775120	1.400000e-08	
1.135273e+06	0	3373526895	3.349200e-07	1735432893	
1.146183e+06	1	3534547045	7.024059e-07	2173231515	
1.162644e+06	0	2340740170	3.650261e-07	451270221	
1.179785e+06	0	2340740170	3.650261e-07	3149440925	
1.184485e+06	3	1465560917	6.698400e-07	2984600922	1130108289	3.276274e-08	2177968201	1.434323e-08	2914302410	1.434323e-08	3655816389	1.434323e-08	3485819286	1.434323e-08	1382686479	1.434323e-08	1803925302	1.434323e-08	3293059020	1.434323e-08	378125977	1.434323e-08	2159618959	1.434323e-08	2441325815	1.434323e-08	3401497744	1.434323e-08	4069401935	1.434323e-08	134948105	1.434323e-08	1998372786	1.434323e-08	2455922112	1.434323e-08	3059103076	1.434323e-08	432337108	1.434323e-08	1902671923	1.434323e-08	4209590891	1.434323e-08	77395223	1.434323e-08	3592986772	1.434323e-08	1246511018	1.434323e-08	3986570268	1.434323e-08	174500547	1.434323e-08	4083845756	1.434323e-08	110358663	1.434323e-08	1370908750	1.434323e-08	1837234470	1.434323e-08	2945849429	1.434323e-08	66296937	1.434323e-08	976558236	1.434323e-08	2438291630	1.434323e-08	906368509	1.434323e-08	3783228500	1.434323e-08	2858952728	1.434323e-08	395113485	1.434323e-08	4019363830	1.434323e-08	
1.184485e+06	1	1130108289	4.710597e-08	2177968201	
1.184485e+06	1	1130108289	6.144920e-08	4019363830	
1.185052e+06	1	2858952728	2.868646e-08	906368509	
1.185274e+06	1	1465560917	6.841832e-07	3655816389	
1.198297e+06	3	3150846686	7.577430e-07	242414939	3016084464	1.400000e-08	921818415	1.743250e-08	2892683898	1.743250e-08	3697249003	1.743250e-08	3983774618	1.743250e-08	
1.225390e+06	3	2138100036	1.400000e-08	4252347608	4187488967	1.857667e-08	898751805	1.857667e-08	3632514288	1.857667e-08	
1.229365e+06	0	1465560917	6.841832e-07	1803925302	
1.248838e+06	0	898751805	1.857667e-08	2138100036	
1.267407e+06	3	1434498202	2.782141e-08	3986570268	410848061	1.443182e-08	
1.279560e+06	0	3616865126	2.791000e-08	817087088	
1.285503e+06	1	3373526895	3.519563e-07	2842015324	
1.285654e+06	0	3150846686	7.577430e-07	3697249003	
1.288127e+06	1	3150846686	7.751755e-07	2892683898	
1.288542e+06	0	1945735688	1.685961e-08	611212867	
1.298049e+06	3	1019134040	1.400000e-08	2870037616	2791633391	2.091000e-08	630280293	2.091000e-08	
1.311336e+06	0	3326748277	2.791000e-08	1945448119	
1.313565e+06	0	725558489	2.791000e-08	2349140130	
1.317921e+06	0	2480932170	2.791000e-08	4004407106	
1.319582e+06	1	1465560917	6.985265e-07	3485819286	
1.337535e+06	0	3707189490	4.256050e-08	3616865126	
1.348064e+06	0	4046076794	2.791000e-08	2791633391	
1.348966e+06	0	905418128	2.791000e-08	1494141940	
1.353041e+06	0	879162223	1.400000e-08	331336395	
1.355186e+06	0	2480932170	2.791000e-08	77395223	
1.360446e+06	3	3197676583	2.402258e-08	197654791	4212779140	1.589871e-08	3459374364	1.589871e-08	
1.365142e+06	3	3421887303	3.135538e-08	2349140130	2125331604	2.446462e-08	
1.365218e+06	1	3421887303	5.582000e-08	2125331604	
1.369114e+06	0	300193622	2.791000e-08	770580294	
1.374559e+06	1	2340740170	3.929361e-07	3121047530	
1.381892e+06	1	373638573	1.000000e+00	1878784256	
1.382414e+06	0	1465560917	6.985265e-07	1382686479	
1.389520e+06	3	2718413753	1.400000e-08	3697249003	3113062634	1.567125e-08	847040419	1.567125e-08	
1.404055e+06	3	1502094437	5.986731e-08	2451350669	4240624600	1.851667e-08	1565786989	1.851667e-08	
1.411058e+06	1	1502094437	7.838398e-08	4240624600	
1.431875e+06	3	3357643131	2.344358e-08	3187199216	2286860921	1.919420e-08	
1.433174e+06	0	3196256300	1.743250e-08	611212867	
1.459656e+06	0	1075699702	3.628300e-07	432337108	
1.469099e+06	1	3150846686	7.920351e-07	1945735688	
1.477121e+06	3	3424908067	1.400000e-08	898751805	3707879645	1.624333e-08	2746930994	1.624333e-08	
1.486833e+06	0	1458432161	2.791000e-08	3774459889	
1.491660e+06	1	1075699702	3.775636e-07	1249238030	
1.494536e+06	1	3707879645	3.024333e-08	3424908067	
1.501899e+06	0	3707879645	3.024333e-08	2746930994	
1.508383e+06	1	3737780296	3.070100e-07	2911053862	
1.533868e+06	3	1593891639	3.250116e-08	717226258	4075596975	2.331884e-08	
1.535996e+06	1	373638573	1.000000e+00	3443220506	
1.575932e+06	0	300193622	2.791000e-08	3122982648	
1.615616e+06	0	2791633391	2.091000e-08	2875471576	
1.645836e+06	3	2859795595	4.380902e-08	387772665	4283280385	2.015858e-08	538453177	2.015858e-08	
1.664056e+06	3	314650893	1.400000e-08	3884425642	3121292019	1.508104e-08	3349724438	1.508104e-08	
1.671469e+06	0	2746930994	1.624333e-08	331336395	
1.686394e+06	1	2870158420	4.225323e-08	110358663	
1.697481e+06	3	2406269022	2.746116e-08	772925454	4253718737	1.788134e-08	
1.701215e+06	3	2312786130	1.465050e-08	3491092596	3297362622	1.400000e-08	
1.715077e+06	1	2406269022	4.534250e-08	4253718737	
1.716378e+06	0	1130108289	6.144920e-08	438292632	
1.717771e+06	0	2956861855	5.582000e-08	265770918	
1.728120e+06	3	3113062634	1.640481e-08	3214077756	1751902433	1.400000e-08	
1.728206e+06	0	2038493855	2.791000e-08	2138100036	
1.730879e+06	3	217284033	1.616379e-08	1218250404	2878871175	1.400000e-08	
1.739693e+06	0	3921011129	3.329889e-07	2038493855	
1.744970e+06	0	3150846686	7.920351e-07	3297362622	
1.764401e+06	0	3534547045	7.024059e-07	879162223	
1.769651e+06	3	179097684	3.108447e-07	2038493855	3083717413	2.759780e-08	
1.772791e+06	1	179097684	3.384425e-07	3083717413	
1.799805e+06	3	949068759	1.400000e-08	3121292019	220564665	1.449552e-08	3653734512	1.449552e-08	
1.821772e+06	1	1075699702	3.919068e-07	2159618959	
1.831800e+06	3	688805295	5.582000e-08	3421887303	3815024321	1.400000e-08	1428265047	2.091000e-08	3604532305	2.091000e-08	
1.854007e+06	3	4046076794	2.475408e-08	1804212609	1869365069	1.788369e-08	
1.863427e+06	1	1068020906	9.545512e-04	1347872676	
1.867395e+06	0	3534547045	7.024059e-07	2250775120	
1.875454e+06	3	1471982444	1.545556e-08	3396227953	965372172	1.400000e-08	
1.877356e+06	0	3373526895	3.519563e-07	331336395	
1.902903e+06	0	3707879645	3.024333e-08	3933289935	
1.916623e+06	3	1415695418	1.400000e-08	3113062634	607396504	1.515741e-08	2533881277	1.515741e-08	
1.928776e+06	0	1465560917	6.985265e-07	2480932170	
1.939259e+06	3	1502094437	1.400000e-08	3555679070	472358284	1.502550e-08	1950077488	1.502550e-08	1820499179	1.502550e-08	4055959668	1.502550e-08	528880979	1.502550e-08	3778036871	1.502550e-08	1405660995	1.502550e-08	3662110242	1.502550e-08	
1.943711e+06	3	3707879645	1.400000e-08	314650893	2247026945	1.512167e-08	4032129539	1.512167e-08	
1.970589e+06	3	1128056158	1.499373e-08	2455922112	4035587434	1.400000e-08	
1.971424e+06	1	3534547045	7.164059e-07	331336395	
2.030168e+06	0	2125112500	2.791000e-08	451270221	
2.035227e+06	3	3632514288	2.082000e-08	2746930994	3111692719	1.400000e-08	
2.120236e+06	1	373638573	1.000000e+00	1651612823	
2.120369e+06	1	3150846686	8.199451e-07	257754683	
2.129973e+06	3	3747246174	1.400000e-08	4283280385	1398579088	1.703429e-08	2501379955	1.703429e-08	
2.131680e+06	1	373638573	1.000000e+00	4198169764	
2.164190e+06	3	3908154577	1.400000e-08	3375523036	3332562587	1.567125e-08	3562383954	1.567125e-08	
2.167208e+06	0	3616865126	2.791000e-08	3349724438	
2.169093e+06	0	790319072	2.791000e-08	432337108	
2.170781e+06	1	373638573	1.000000e+00	3988949870	
2.174680e+06	1	3332562587	2.967125e-08	3908154577	
2.210938e+06	0	3933289935	2.791000e-08	3149440925	
2.220957e+06	0	3373526895	3.519563e-07	3707879645	
2.239964e+06	3	343742982	1.400000e-08	302486611	2521380987	1.431889e-08	4119421155	1.431889e-08	
2.255516e+06	0	1494850122	2.930100e-08	3297362622	
2.256092e+06	0	1149406307	1.625209e-08	528880979	
2.270070e+06	1	378125977	2.834323e-08	1019134040	
2.281909e+06	3	179097684	3.288706e-07	4187488967	1913762779	1.407428e-08	3678948817	1.407428e-08	
2.303367e+06	1	373638573	1.000000e+00	2046083849	
2.316958e+06	1	179097684	3.428706e-07	3111692719	
2.344249e+06	1	373638573	1.000000e+00	385785803	
2.344763e+06	1	179097684	3.636906e-07	3632514288	
2.350952e+06	0	3775452048	2.791000e-08	217284033	
2.363915e+06	3	905418128	1.400000e-08	3593732192	2489195127	1.467301e-08	3929228125	1.467301e-08	
2.367002e+06	1	179097684	3.777649e-07	1913762779	
2.372700e+06	3	2408568032	2.429819e-08	1211996162	3160344427	1.833959e-08	
2.390085e+06	0	688805295	5.582000e-08	2286860921	
2.409570e+06	1	3150846686	8.369794e-07	2501379955	
2.427192e+06	0	3122982648	1.472778e-08	1382686479	
2.447898e+06	3	825415804	2.324606e-08	3774459889	3182159117	1.628697e-08	766581564	1.628697e-08	
2.464883e+06	1	3150846686	8.520604e-07	3349724438	
2.473691e+06	3	2406269022	4.536847e-08	3869596591	3702894340	1.740653e-08	
2.485916e+06	1	3534547045	7.365645e-07	538453177	
2.487344e+06	1	4075596975	3.731884e-08	3147695692	
2.492585e+06	1	373638573	1.000000e+00	1130108289	
2.496296e+06	0	1738909006	1.472778e-08	2962530363	
2.524956e+06	1	2406269022	6.277500e-08	3702894340	
2.528095e+06	3	607396504	1.583041e-08	2489195127	3532745758	1.400000e-08	
2.553628e+06	3	1634407402	1.499373e-08	3401497744	1072840122	1.400000e-08	
2.596303e+06	1	373638573	1.000000e+00	3288380490	
2.606820e+06	0	3150846686	8.520604e-07	2945849429	
2.611426e+06	1	373638573	1.000000e+00	43001897	
2.631652e+06	0	3150846686	8.520604e-07	1945448119	
2.637435e+06	3	1494141940	1.527101e-08	3196256300	3294683754	1.503574e-08	1676003954	1.503574e-08	
2.657614e+06	0	179097684	3.777649e-07	1726701215	
2.669676e+06	1	373638573	1.000000e+00	3528332227	
2.673767e+06	3	3016084464	1.400000e-08	2250775120	4285585893	1.400000e-08	
2.679028e+06	3	3616865126	1.400000e-08	1494141940	2674988631	1.459051e-08	406745133	1.459051e-08	
2.682358e+06	1	373638573	1.000000e+00	3783228500	
2.712430e+06	3	1820499179	1.502550e-08	4285585893	2883513480	1.400000e-08	
2.738214e+06	1	3921011129	3.469889e-07	3616865126	
2.744229e+06	0	3921011129	3.469889e-07	2878871175	
2.765081e+06	3	817087088	1.472778e-08	2878871175	783121895	1.400000e-08	
2.778485e+06	0	1465560917	6.985265e-07	3279231079	
2.797407e+06	0	3150846686	8.520604e-07	607396504	
2.798342e+06	1	373638573	1.000000e+00	2710766136	
2.799391e+06	0	4093093422	2.119813e-08	2883513480	
2.810488e+06	3	2779686750	1.400000e-08	2247026945	2683944377	1.451583e-08	2961226102	1.451583e-08	
2.815139e+06	0	3775452048	2.791000e-08	1820499179	
2.823421e+06	0	3534547045	7.365645e-07	1726701215	
2.839578e+06	0	179097684	3.777649e-07	862710978	
2.848066e+06	3	3888264012	1.616379e-08	817087088	301219709	1.400000e-08	
2.857612e+06	0	3534547045	7.365645e-07	3257166052	
2.876178e+06	1	179097684	3.918392e-07	3678948817	
2.922947e+06	0	3150846686	8.520604e-07	1072840122	
2.948942e+06	0	482917538	2.791000e-08	825415804	
2.966376e+06	0	2406269022	6.277500e-08	2286860921	
3.045259e+06	0	598947138	2.331582e-08	783121895	
3.051313e+06	3	1735432893	2.757323e-08	3532745758	1743198400	1.433677e-08	
3.062405e+06	3	6723929	1.400000e-08	1452489764	3059144981	1.567125e-08	3952655669	1.567125e-08	
3.092726e+06	3	290926289	3.997093e-08	732124878	2848685905	1.458636e-08	1826422368	1.458636e-08	896813269	1.458636e-08	
3.098517e+06	0	1726701215	1.543601e-08	3696193412	
3.105164e+06	3	2945849429	1.434323e-08	3747246174	37051273	1.400000e-08	
3.123190e+06	3	739080713	1.400000e-08	1726701215	1867247157	1.467301e-08	3633199892	1.467301e-08	
3.124214e+06	3	688805295	1.400000e-08	1565786989	1736323711	1.508417e-08	283080478	1.508417e-08	785216844	1.508417e-08	3006103420	1.508417e-08	
3.128812e+06	0	3150846686	8.520604e-07	3778036871	
3.138336e+06	0	211811971	2.791000e-08	607396504	
3.143300e+06	0	862710978	2.791000e-08	1398579088	
3.144174e+06	3	211811971	1.400000e-08	845665321	2898323513	1.431889e-08	1199222225	1.431889e-08	
3.163985e+06	1	373638573	1.000000e+00	976558236	
3.170422e+06	3	2286860921	1.919420e-08	905418128	3755198008	1.400000e-08	
3.174206e+06	1	373638573	1.000000e+00	451270221	
3.188483e+06	0	3888264012	1.616379e-08	3562383954	
3.192578e+06	0	3633199892	1.467301e-08	879162223	
3.212922e+06	3	1743198400	1.433677e-08	783121895	2795041644	1.400000e-08	
3.217204e+06	1	3983774618	3.245800e-08	472358284	
3.221431e+06	3	1842102965	1.472778e-08	2883513480	3492274228	1.400000e-08	
3.297966e+06	3	3604532305	2.091000e-08	3707879645	1420914473	1.400000e-08	
3.300514e+06	1	3150846686	8.660604e-07	740082705	
3.302653e+06	1	290926289	6.788093e-08	810769555	
3.321361e+06	0	4032129539	1.512167e-08	1502094437	
3.333826e+06	3	3279231079	1.400000e-08	134948105	439844059	1.412661e-08	3802520055	1.412661e-08	
3.345331e+06	1	3150846686	8.939704e-07	2932274237	
3.350522e+06	1	373638573	1.000000e+00	1434594601	
3.381303e+06	0	3150846686	8.939704e-07	1950077488	
3.394599e+06	1	2340740170	4.069361e-07	1502094437	
3.401298e+06	1	373638573	1.000000e+00	1866926464	
3.402892e+06	3	3933289935	1.400000e-08	3294683754	3012889883	1.447287e-08	3363823620	1.447287e-08	
3.408765e+06	3	1494850122	1.400000e-08	725558489	1086559163	1.440367e-08	3063534263	1.440367e-08	2013640095	1.440367e-08	
3.415351e+06	0	3150846686	8.939704e-07	3537925318	
3.420665e+06	3	2937387076	5.134285e-08	1370908750	1461359102	1.882038e-08	
3.444588e+06	0	2438291630	1.434323e-08	688805295	
3.457583e+06	1	1075699702	4.062500e-07	3592986772	
3.457846e+06	3	4046076794	1.400000e-08	825415804	2027098952	1.700007e-08	4167430602	1.700007e-08	
3.462352e+06	1	3534547045	7.535988e-07	1398579088	
3.474152e+06	1	373638573	1.000000e+00	4061687915	
3.475128e+06	3	1736323711	1.573467e-08	1026028388	4096225443	1.400000e-08	
3.476222e+06	1	1465560917	7.543465e-07	1156624510	
3.478780e+06	3	3921011129	3.469889e-07	2870158420	781549661	1.400000e-08	907719639	1.412661e-08	1906851972	1.412661e-08	
3.484959e+06	0	3534547045	7.535988e-07	1867247157	
3.485126e+06	0	3737780296	3.070100e-07	2898323513	
3.491244e+06	1	3921011129	3.617167e-07	2875471576	
3.504544e+06	0	3562383954	1.567125e-08	3012889883	
3.519468e+06	0	3150846686	8.939704e-07	632754209	
3.528308e+06	3	3732071459	2.533627e-08	2707128518	2597880038	1.722423e-08	
3.555591e+06	3	3921011129	3.617167e-07	2859795595	1896745001	1.400000e-08	2378434411	1.490451e-08	1837088337	1.490451e-08	
3.564618e+06	1	3732071459	4.256050e-08	2597880038	
3.579733e+06	0	4093093422	2.119813e-08	2683944377	
3.597398e+06	1	373638573	1.000000e+00	2914302410	
3.598457e+06	0	287801793	2.143965e-08	766581564	
3.604853e+06	0	3150846686	8.939704e-07	1743198400	
3.608879e+06	0	953296898	4.256050e-08	1037584679	
3.620081e+06	0	179097684	3.918392e-07	739080713	
3.652706e+06	0	2340740170	4.069361e-07	4093093422	
3.657657e+06	1	3150846686	9.084863e-07	2683944377	
3.666873e+06	0	632754209	2.791000e-08	2674988631	
3.670506e+06	0	3373526895	3.519563e-07	2013640095	
3.686644e+06	1	3150846686	9.226129e-07	1906851972	
3.704823e+06	1	3150846686	9.376384e-07	4055959668	
3.710355e+06	0	3373526895	3.519563e-07	1837088337	
3.720386e+06	1	179097684	4.062428e-07	2013640095	
3.764703e+06	0	2340740170	4.069361e-07	343742982	
3.771394e+06	3	4032129539	1.584944e-08	3122982648	1543523724	1.400000e-08	
3.784862e+06	0	179097684	4.062428e-07	37051273	
3.793348e+06	3	3257166052	2.725307e-08	1199222225	1761715697	1.497582e-08	
3.801584e+06	0	3921011129	3.617167e-07	245436729	
3.804306e+06	1	373638573	1.000000e+00	1902671923	
3.809762e+06	3	2118016430	1.537828e-08	611212867	3099973400	1.400000e-08	
3.809997e+06	3	179097684	3.619190e-07	2937387076	2789348510	1.594445e-08	1371202285	1.594445e-08	629078091	1.594445e-08	754560055	1.594445e-08	1737134642	1.594445e-08	37613351	1.594445e-08	
3.812362e+06	1	179097684	3.778634e-07	1371202285	
3.813088e+06	1	179097684	3.938079e-07	1737134642	
3.815198e+06	0	3921011129	3.617167e-07	245436729	
3.816874e+06	0	3921011129	3.617167e-07	907719639	
3.826760e+06	1	179097684	4.097523e-07	2789348510	
3.832712e+06	1	179097684	4.256968e-07	37613351	
3.833715e+06	0	2178051842	2.791000e-08	2961226102	
3.860335e+06	3	2898323513	1.463778e-08	4119421155	3434666020	1.400000e-08	
3.884322e+06	0	754560055	1.594445e-08	3933289935	
3.903501e+06	3	4032129539	1.649994e-08	3537925318	2369258877	1.400000e-08	
3.918352e+06	0	245436729	2.791000e-08	1761715697	
3.937563e+06	1	3373526895	3.660829e-07	907719639	
3.937963e+06	1	373638573	1.000001e+00	3428193420	
3.966057e+06	1	373638573	1.000001e+00	1461359102	
3.968136e+06	1	3921011129	3.767524e-07	1676003954	
3.986664e+06	1	179097684	4.403698e-07	3633199892	
3.995784e+06	1	373638573	1.000001e+00	766581564	
4.019889e+06	1	3534547045	7.679355e-07	1743198400	
4.023873e+06	0	1227575429	2.791000e-08	2118016430	
4.035671e+06	1	3150846686	9.522889e-07	3414514926	
4.053643e+06	0	179097684	4.403698e-07	37051273	
4.057840e+06	3	4075596975	1.400000e-08	188552836	3563522875	1.902331e-08	249728555	1.902331e-08	
4.058772e+06	0	3888264012	1.616379e-08	2795041644	
4.061660e+06	1	1068020906	9.546070e-04	2956861855	
4.067009e+06	0	3732071459	4.256050e-08	3459374364	
4.081388e+06	1	373638573	1.000001e+00	1172086036	
4.105555e+06	0	3534547045	7.679355e-07	629078091	
4.111836e+06	0	3363823620	1.447287e-08	3099973400	
4.134256e+06	0	3150846686	9.522889e-07	921818415	
4.141853e+06	3	1761715697	1.497582e-08	879162223	4285226245	1.400000e-08	
4.142727e+06	0	3563522875	1.902331e-08	3492274228	
4.151267e+06	0	245436729	2.791000e-08	2779686750	
4.154058e+06	1	3150846686	9.673144e-07	1820499179	
4.161229e+06	1	373638573	1.000001e+00	1503861029	
4.184681e+06	0	3921011129	3.767524e-07	217284033	
4.191397e+06	3	2063946235	1.545556e-08	3913511150	2707460946	1.400000e-08	
4.202297e+06	0	1415695418	1.400000e-08	343742982	
4.207972e+06	3	2406269022	5.181028e-08	3293059020	2606325002	2.530795e-08	
4.209872e+06	1	2406269022	7.711823e-08	2606325002	
4.211534e+06	0	3921011129	3.767524e-07	2178051842	
4.212293e+06	1	1075699702	4.245896e-07	3160344427	
4.217554e+06	3	2138100036	1.400000e-08	739080713	1541925803	1.400000e-08	
4.228296e+06	1	373638573	1.000001e+00	2118016430	
4.232455e+06	3	921818415	1.810551e-08	1867247157	2024675612	1.400000e-08	
4.239923e+06	0	3921011129	3.767524e-07	287801793	
4.240919e+06	1	373638573	1.000001e+00	174500547	
4.246839e+06	0	179097684	4.403698e-07	37051273	
4.249382e+06	1	3921011129	3.907524e-07	3016084464	
4.252419e+06	1	179097684	4.550203e-07	2312786130	
4.259533e+06	0	1227575429	2.791000e-08	406745133	
4.260641e+06	1	2340740170	4.219616e-07	528880979	
4.267649e+06	1	373638573	1.000001e+00	259930472	
4.278618e+06	0	2909632847	1.465050e-08	2521380987	
4.304269e+06	1	3534547045	7.829113e-07	1761715697	
4.311032e+06	3	287801793	2.184331e-08	3063534263	1292023300	1.400000e-08	
4.331543e+06	3	102901530	2.791000e-08	1292023300	3302973195	1.400000e-08	
4.331831e+06	1	179097684	4.846915e-07	3332562587	
4.342327e+06	3	3824069879	5.582000e-08	2858952728	875106938	1.400000e-08	3314075649	1.468646e-08	
4.347179e+06	3	3562383954	1.567125e-08	3933289935	2589646060	1.400000e-08	
4.357130e+06	0	3373526895	3.660829e-07	3929228125	
4.368933e+06	0	3921011129	3.907524e-07	1412415798	
4.369178e+06	1	3373526895	3.804262e-07	395113485	
4.399775e+06	0	3150846686	9.673144e-07	2848685905	
4.404800e+06	0	1869365069	1.788369e-08	4075596975	
4.431303e+06	3	2340740170	4.219616e-07	3732071459	3433591204	1.400000e-08	1848242772	1.428025e-08	250719570	1.428025e-08	
4.432295e+06	0	2263814062	2.791000e-08	1382686479	
4.448659e+06	3	3006103420	1.555704e-08	3363823620	2681498831	1.400000e-08	
4.474251e+06	0	1471982444	1.545556e-08	1803925302	
4.484719e+06	0	2406269022	7.711823e-08	921818415	
4.488690e+06	3	2406269022	1.400000e-08	37051273	481808867	1.542365e-08	2066612683	1.542365e-08	3458484829	1.542365e-08	2719204682	1.542365e-08	4256642775	1.542365e-08	
4.489130e+06	0	4256642775	1.542365e-08	481808867	
4.491941e+06	0	179097684	4.846915e-07	1227575429	
4.500551e+06	0	1593891639	3.250116e-08	1803925302	
4.501332e+06	1	373638573	1.000001e+00	2791633391	
4.517059e+06	3	1086559163	1.474690e-08	2945849429	2449448537	1.400000e-08	
4.517579e+06	0	2340740170	4.219616e-07	3778036871	
4.524709e+06	1	3458484829	2.942365e-08	2406269022	
4.530681e+06	0	3707189490	4.256050e-08	474866315	
4.541021e+06	1	4256642775	3.084729e-08	481808867	
4.545071e+06	1	2340740170	4.365993e-07	2898323513	
4.546692e+06	1	179097684	4.986915e-07	2024675612	
4.552430e+06	1	3150846686	9.813144e-07	2795041644	
4.566518e+06	3	847040419	1.567125e-08	343742982	463844675	1.400000e-08	
4.584264e+06	0	3778036871	1.502550e-08	4096225443	
4.591093e+06	3	3921011129	3.907524e-07	3373526895	3167902617	1.641328e-08	579073438	1.400050e-08	3468130899	1.400050e-08	393090083	1.400050e-08	2343849308	1.400050e-08	1055469694	1.400050e-08	627452446	1.400050e-08	2014426858	1.400050e-08	2716949832	1.400050e-08	552634658	1.400050e-08	3736523900	1.400050e-08	2213923665	1.400050e-08	1503202005	1.400050e-08	3202152185	1.400050e-08	2622395779	1.400050e-08	3607413901	1.400050e-08	649593533	1.400050e-08	66987975	1.400050e-08	483021244	1.400050e-08	3707800333	1.400050e-08	3528190190	1.400050e-08	2185291493	1.400050e-08	550176535	1.400050e-08	1674415855	1.400050e-08	4287239676	1.400050e-08	3884987045	1.400050e-08	1960974751	1.400050e-08	
4.597670e+06	0	1516068388	2.791000e-08	3604532305	
4.602457e+06	1	3921011129	4.047529e-07	649593533	
4.608927e+06	0	2340740170	4.365993e-07	1945448119	
4.616617e+06	1	3921011129	4.187534e-07	3884987045	
4.620099e+06	1	3921011129	4.327539e-07	393090083	
4.620297e+06	3	4256642775	3.084729e-08	3458484829	309459595	1.400000e-08	2348040613	1.542365e-08	
4.628695e+06	0	3707189490	4.256050e-08	551137729	
4.629631e+06	0	2348040613	1.542365e-08	2066612683	
4.633631e+06	1	3921011129	4.467544e-07	1503202005	
4.647688e+06	0	2066612683	1.542365e-08	309459595	
4.648139e+06	1	3150846686	1.009224e-06	632754209	
4.657508e+06	0	4256642775	3.084729e-08	309459595	
4.676615e+06	3	1227575429	1.400000e-08	1869365069	3180086772	1.589685e-08	3833074883	1.589685e-08	
4.679103e+06	1	1321648343	4.290373e-08	1128056158	
4.680589e+06	1	3150846686	1.023225e-06	2622395779	
4.681972e+06	1	3150846686	1.037225e-06	2213923665	
4.684996e+06	1	2348040613	2.942365e-08	309459595	
4.700260e+06	3	245436729	2.791000e-08	3297362622	1462644303	1.400000e-08	
4.707992e+06	3	2542835646	1.400000e-08	2029773149	4088625113	1.431889e-08	1237914369	1.431889e-08	
4.712343e+06	0	179097684	4.986915e-07	2138100036	
4.712793e+06	1	3150846686	1.051226e-06	1960974751	
4.729979e+06	0	3150846686	1.051226e-06	1055469694	
4.730640e+06	1	3921011129	4.607544e-07	3815024321	
4.732670e+06	3	921818415	1.952915e-08	2066612683	2733144751	1.400000e-08	
4.746252e+06	3	2014426858	1.400050e-08	3302973195	1649557018	1.400000e-08	
4.748024e+06	0	3707800333	1.400050e-08	552634658	
4.763030e+06	0	4256642775	3.084729e-08	921818415	
4.769721e+06	0	2205180068	2.791000e-08	1072840122	
4.777742e+06	1	3534547045	7.969113e-07	2138100036	
4.778822e+06	3	862710978	2.791000e-08	301219709	1831065885	1.400000e-08	
4.779999e+06	0	1584276479	2.791000e-08	754560055	
4.783458e+06	0	2263814062	2.791000e-08	1998372786	
4.784077e+06	3	1428265047	2.264467e-08	1736323711	79461789	1.400000e-08	
4.797707e+06	0	3534547045	7.969113e-07	1494850122	
4.801277e+06	1	3534547045	8.116582e-07	1086559163	
4.816954e+06	3	1516068388	2.791000e-08	79461789	1621314342	1.400000e-08	
4.822051e+06	3	2408568032	2.461707e-08	4088625113	2016090987	1.400000e-08	
4.823143e+06	1	3150846686	1.065226e-06	552634658	
4.830164e+06	1	373638573	1.000001e+00	378125977	
4.834468e+06	3	862710978	2.791000e-08	2589646060	1553963666	1.400000e-08	
4.837732e+06	3	2178051842	1.400000e-08	102901530	1002680420	2.091000e-08	734120091	2.091000e-08	
4.839779e+06	3	217284033	1.616379e-08	2779686750	2475979558	1.400000e-08	
4.846157e+06	1	3150846686	1.087871e-06	1428265047	
4.852276e+06	3	4256642775	3.286629e-08	2348040613	2649056468	2.740465e-08	
4.856794e+06	3	1541946641	1.400000e-08	3604532305	3381587904	1.741000e-08	175860597	1.741000e-08	
4.864606e+06	1	4256642775	6.027094e-08	2649056468	
4.917462e+06	0	2340740170	4.365993e-07	2681498831	
4.919064e+06	0	1075699702	4.245896e-07	790319072	
4.929333e+06	1	3534547045	8.256587e-07	3528190190	
4.938326e+06	0	790319072	2.791000e-08	175860597	
4.938512e+06	3	3642829293	1.499373e-08	1803925302	1089013536	1.400000e-08	
4.953593e+06	0	4256642775	6.027094e-08	921818415	
4.967014e+06	0	3921011129	4.607544e-07	1227575429	
4.969527e+06	1	3921011129	4.752703e-07	2961226102	
4.993883e+06	3	3775452048	1.400000e-08	4167430602	552498239	1.545504e-08	481049431	1.545504e-08	
4.996715e+06	3	313359544	1.634052e-08	1837088337	2950407739	1.400000e-08	
5.004466e+06	1	373638573	1.000001e+00	1998372786	
5.047844e+06	0	3167902617	1.641328e-08	2716949832	
5.067213e+06	0	3167902617	1.641328e-08	550176535	
5.081389e+06	3	3006103420	1.555704e-08	1831065885	72955594	1.400000e-08	
5.081540e+06	1	3006103420	2.955704e-08	72955594	
5.095268e+06	0	2487301543	2.791000e-08	4083845756	
5.118800e+06	3	4032129539	1.649994e-08	3696193412	1771264541	1.400000e-08	
5.120447e+06	0	3778036871	1.502550e-08	1541925803	
5.143294e+06	1	373638573	1.000001e+00	406745133	
5.165701e+06	0	2263814062	2.791000e-08	1896745001	
5.176044e+06	0	2340740170	4.365993e-07	1227575429	
5.180335e+06	0	1593891639	3.250116e-08	1462644303	
5.181145e+06	1	3921011129	5.025233e-07	3257166052	
5.184821e+06	1	373638573	1.000001e+00	3736601249	
5.190044e+06	3	66987975	1.400050e-08	781549661	2353028958	1.400000e-08	
5.204316e+06	1	373638573	1.000001e+00	1075699702	
5.209401e+06	3	3921011129	5.025233e-07	3006103420	2980075456	1.400000e-08	3449694611	1.555704e-08	
5.210169e+06	1	3921011129	5.165233e-07	2980075456	
5.215522e+06	3	1494850122	1.400000e-08	2542835646	1194638860	1.400000e-08	
5.231651e+06	3	2343849308	1.400050e-08	2449448537	114837353	1.400000e-08	
5.234967e+06	3	3823443426	1.748231e-08	245436729	2341758500	1.916885e-08	651046398	1.916885e-08	
5.248978e+06	1	1194638860	2.800000e-08	1494850122	
5.250013e+06	0	2286860921	1.919420e-08	3149440925	
5.252902e+06	1	3150846686	1.101872e-06	3736523900	
5.255669e+06	0	287801793	2.184331e-08	3778036871	
5.267018e+06	0	1123501568	2.791000e-08	1543523724	
5.269201e+06	1	373638573	1.000001e+00	438292632	
5.270741e+06	0	217284033	1.616379e-08	463844675	
5.278510e+06	1	3534547045	8.535687e-07	862710978	
5.289295e+06	1	179097684	5.143628e-07	3562383954	
5.310726e+06	0	3534547045	8.535687e-07	3167902617	
5.329285e+06	3	3823443426	1.903935e-08	3449694611	2780384598	1.400000e-08	
5.361512e+06	1	3534547045	8.689470e-07	3149440925	
5.387262e+06	3	2620740164	1.400000e-08	2795063678	1061526795	1.428025e-08	3342541004	1.428025e-08	
5.390653e+06	1	2246051850	3.085142e-07	3314075649	
5.396107e+06	0	3921011129	5.165233e-07	66987975	
5.400937e+06	0	114837353	1.400000e-08	1541925803	
5.416935e+06	0	2263814062	2.791000e-08	607396504	
5.431967e+06	3	4032129539	1.631686e-08	2674988631	1577969976	1.477359e-08	
5.446166e+06	3	4256642775	4.641615e-08	2719204682	695939830	1.463922e-08	229435916	1.463922e-08	
5.452526e+06	1	4256642775	6.105537e-08	229435916	
5.465926e+06	0	3921011129	5.165233e-07	2185291493	
5.489556e+06	0	3921011129	5.165233e-07	3707800333	
5.495659e+06	3	3607413901	1.400050e-08	2620740164	1850435983	1.400000e-08	
5.505077e+06	0	4256642775	6.105537e-08	695939830	
5.510138e+06	1	4256642775	7.569458e-08	695939830	
5.512503e+06	0	3150846686	1.101872e-06	1002680420	
5.531245e+06	0	579073438	1.400050e-08	3099973400	
5.540370e+06	3	3737780296	3.070100e-07	1321648343	19131048	1.400000e-08	2426951832	1.445186e-08	3089865955	1.445186e-08	
5.541112e+06	3	3778036871	1.502550e-08	1089013536	3526559023	1.400000e-08	
5.544374e+06	1	373638573	1.000001e+00	2440120768	
5.547394e+06	3	1577969976	1.477359e-08	3099973400	73116178	1.400000e-08	
5.550483e+06	3	1674415855	1.400050e-08	1621314342	2654473721	1.400000e-08	
5.551802e+06	0	2408568032	2.461707e-08	2178051842	
5.555911e+06	0	3921011129	5.165233e-07	3326748277	
5.571894e+06	0	3778036871	1.502550e-08	2654473721	
5.590136e+06	1	3150846686	1.116522e-06	2909632847	
5.590137e+06	0	2246051850	3.085142e-07	4093093422	
5.596496e+06	3	3823443426	1.903935e-08	2353028958	2564127097	1.400000e-08	
5.609643e+06	3	2263814062	1.400000e-08	1577969976	3554620561	1.434180e-08	2789301560	1.434180e-08	
5.635296e+06	1	2340740170	4.556387e-07	3823443426	
5.669924e+06	1	3534547045	8.843830e-07	1412415798	
5.670992e+06	0	287801793	2.184331e-08	1837234470	
5.673491e+06	3	607396504	1.583041e-08	2564127097	3201932102	1.400000e-08	
5.676987e+06	0	3167902617	1.641328e-08	1848242772	
5.677487e+06	0	179097684	5.143628e-07	2343849308	
5.682096e+06	3	3459374364	1.589871e-08	949068759	3527214469	1.400000e-08	
5.699388e+06	3	2716949832	1.400050e-08	4096225443	224410298	1.400000e-08	
5.761326e+06	3	4256642775	1.400000e-08	290926289	3967778277	1.439728e-08	1759850032	1.439728e-08	2704180049	1.439728e-08	287394855	1.439728e-08	2670951229	1.439728e-08	2367820772	1.439728e-08	771359632	1.439728e-08	4186562710	1.439728e-08	3211480542	1.439728e-08	
5.762671e+06	0	3534547045	8.843830e-07	3167902617	
5.764285e+06	3	1674415855	1.400099e-08	3468130899	346987663	1.400000e-08	
5.775422e+06	0	1465560917	7.543465e-07	3929228125	
5.783726e+06	3	754560055	1.594445e-08	4285226245	1922039940	1.400000e-08	
5.790481e+06	1	1458432161	4.191000e-08	3279231079	
5.821672e+06	3	1584276479	2.791050e-08	483021244	2110688926	1.400000e-08	
5.828042e+06	3	3983774618	1.400000e-08	2681498831	1314810707	1.622900e-08	2472898255	1.622900e-08	
5.829789e+06	0	2472898255	1.622900e-08	3983774618	
5.849088e+06	0	3211480542	1.439728e-08	4256642775	
5.853096e+06	1	3921011129	5.309206e-07	287394855	
5.856821e+06	3	3150846686	1.535432e-06	2340740170	3459912306	1.836448e-08	1598213090	1.836448e-08	
5.862654e+06	3	410848061	1.443232e-08	627452446	1495382923	1.400000e-08	
5.878178e+06	3	1553963666	1.400000e-08	3755198008	722767024	1.400000e-08	
5.882055e+06	1	3534547045	8.983830e-07	4256642775	
5.892667e+06	1	3150846686	1.549905e-06	3012889883	
5.901050e+06	3	1735432893	2.789212e-08	1237914369	515125813	1.400000e-08	
5.947111e+06	3	1002680420	2.193550e-08	3778036871	1298902656	1.400000e-08	
5.961552e+06	3	1735432893	2.098085e-08	3202152185	3532628785	2.091177e-08	
5.969275e+06	1	3534547045	9.127803e-07	3967778277	
5.970268e+06	3	659524895	2.598041e-08	1826422368	826924968	1.651595e-08	
5.982167e+06	3	2367820772	1.439778e-08	3707800333	3190311976	1.400000e-08	
5.990754e+06	1	1735432893	3.498085e-08	3526559023	
5.996139e+06	1	179097684	5.283628e-07	2733144751	
5.997821e+06	3	1037584679	1.400000e-08	1842102965	841878026	1.431889e-08	2747938267	1.431889e-08	
6.001763e+06	0	4287239676	1.400050e-08	1541925803	
6.004594e+06	1	3150846686	1.592465e-06	953296898	
6.008058e+06	0	3326748277	2.791000e-08	1541925803	
6.008731e+06	3	3833074883	1.632916e-08	410848061	3177521820	1.400000e-08	
6.009268e+06	0	3921011129	5.309206e-07	1314810707	
6.024529e+06	1	3150846686	1.610830e-06	3459912306	
6.025577e+06	0	3737780296	3.070100e-07	3775452048	
6.028199e+06	3	2125112500	2.791000e-08	1420914473	3363025910	1.400000e-08	
6.031992e+06	0	3534547045	9.127803e-07	3326748277	
6.040698e+06	3	754560055	1.634173e-08	1759850032	1290268226	1.400000e-08	
6.042841e+06	3	3532628785	2.091177e-08	1072840122	764400056	1.400000e-08	
6.046599e+06	3	3363025910	1.400000e-08	3177521820	1517815290	1.400000e-08	
6.051641e+06	0	1584276479	2.791050e-08	2110688926	
6.066030e+06	3	2704180049	1.439728e-08	2475979558	66064165	1.400000e-08	
6.170262e+06	0	3921011129	5.309206e-07	2780384598	
6.175894e+06	0	249728555	1.902331e-08	550176535	
6.193650e+06	0	3921011129	5.309206e-07	3554620561	
6.196169e+06	1	3534547045	9.271776e-07	4186562710	
6.198487e+06	1	3534547045	9.411776e-07	1922039940	
6.238796e+06	0	2341758500	1.916885e-08	764400056	
6.275846e+06	3	1434498202	2.782141e-08	2263814062	2766526296	1.400000e-08	
6.278129e+06	1	3534547045	9.551781e-07	2343849308	
6.285255e+06	1	3150846686	1.625171e-06	3554620561	
6.290453e+06	1	373638573	1.000001e+00	2074240873	
6.318832e+06	1	3150846686	1.639172e-06	1055469694	
6.336434e+06	1	3921011129	5.588311e-07	1584276479	
6.361811e+06	3	841878026	1.431889e-08	2707460946	2454553876	1.400000e-08	
6.368078e+06	0	3921011129	5.588311e-07	579073438	
6.373233e+06	1	3921011129	5.806744e-07	287801793	
6.391061e+06	1	3534547045	9.691786e-07	4287239676	
6.428358e+06	0	754560055	1.634173e-08	313359544	
6.438669e+06	1	179097684	5.447761e-07	3167902617	
6.439642e+06	0	1516068388	2.791000e-08	2950407739	
6.444220e+06	3	1593891639	1.400000e-08	3342541004	1923515514	1.639070e-08	3339828518	1.639070e-08	
6.452060e+06	1	3534547045	9.835759e-07	771359632	
6.457980e+06	3	3607413901	1.400050e-08	1771264541	105819081	1.400000e-08	
6.460958e+06	3	313359544	1.634052e-08	1945448119	533433650	1.400000e-08	
6.488870e+06	3	2438291630	1.434323e-08	1593891639	1601889739	1.400000e-08	
6.494163e+06	0	2125112500	2.791000e-08	249728555	
6.500204e+06	1	3921011129	5.970149e-07	313359544	
6.509770e+06	0	3534547045	9.835759e-07	1553963666	
6.523140e+06	3	2367820772	1.439778e-08	533433650	381652938	1.400000e-08	
6.531082e+06	1	3150846686	1.655563e-06	1923515514	
6.547841e+06	0	4209590891	1.434323e-08	3775452048	
6.555893e+06	0	4032129539	1.631686e-08	629078091	
6.568987e+06	3	1298902656	1.400000e-08	211811971	96665495	1.400000e-08	
6.577973e+06	0	224410298	1.400000e-08	2950407739	
6.582824e+06	1	179097684	5.587761e-07	381652938	
6.592627e+06	0	3737780296	3.070100e-07	888311950	
6.595138e+06	0	3534547045	9.835759e-07	1290268226	
6.615543e+06	0	179097684	5.587761e-07	1553963666	
6.625916e+06	3	2378434411	1.490451e-08	2369258877	1342185090	1.400000e-08	
6.637321e+06	0	3527214469	1.400000e-08	2654473721	
6.648681e+06	0	2341758500	1.916885e-08	2472898255	
6.665651e+06	1	373638573	1.000001e+00	4069401935	
6.709438e+06	3	2286860921	1.919519e-08	1674415855	149784911	1.400000e-08	
6.718999e+06	1	179097684	5.727761e-07	1553963666	
6.723562e+06	1	179097684	5.871738e-07	2367820772	
6.723702e+06	3	734120091	2.091000e-08	2110688926	85224627	1.400000e-08	
6.733607e+06	0	2906924538	2.791000e-08	3775452048	
6.735269e+06	0	3201932102	1.400000e-08	3433591204	
6.738209e+06	0	896813269	1.458636e-08	4083845756	
6.751951e+06	0	1848242772	1.428025e-08	2780384598	
6.758316e+06	3	2670951229	1.479456e-08	2704180049	1965662198	1.400000e-08	
6.797760e+06	0	2341758500	1.916885e-08	3363025910	
6.817680e+06	1	3534547045	9.975759e-07	1290268226	
6.819679e+06	3	722767024	1.400000e-08	114837353	110439229	1.400000e-08	
6.830066e+06	3	3532628785	2.091177e-08	764400056	1449522982	1.400000e-08	
6.853903e+06	3	741863299	2.791000e-08	1449522982	3279439195	1.400000e-08	
6.858642e+06	1	373638573	1.000001e+00	873214132	
6.873014e+06	0	300193622	2.791000e-08	482917538	
6.876140e+06	1	3534547045	1.011576e-06	722767024	
6.890336e+06	0	249728555	1.902331e-08	2441325815	
6.895063e+06	0	551137729	1.472778e-08	1246511018	
6.895513e+06	1	179097684	6.011738e-07	149784911	
6.906317e+06	3	3211480542	1.439728e-08	110439229	360107933	1.400000e-08	
6.906667e+06	1	3211480542	2.839728e-08	360107933	
6.914634e+06	1	3921011129	6.110149e-07	3433591204	
6.958604e+06	1	3150846686	1.669563e-06	3201932102	
6.963947e+06	0	1634407402	1.499373e-08	515125813	
6.972361e+06	0	1458432161	4.191000e-08	1593850299	
6.974886e+06	0	1465560917	7.543465e-07	300193622	
6.983026e+06	1	179097684	6.151743e-07	2185291493	
6.997415e+06	1	3150846686	1.683563e-06	105819081	
7.027891e+06	3	4032129539	1.631686e-08	3983774618	1657444763	1.400000e-08	
7.057337e+06	3	3279439195	1.400000e-08	19131048	58759274	1.400000e-08	
7.061303e+06	1	3534547045	1.025576e-06	1342185090	
7.081422e+06	3	1593850299	2.791000e-08	96665495	2135013218	1.400000e-08	
7.087239e+06	0	754560055	1.634173e-08	66064165	
7.087802e+06	3	847040419	1.567125e-08	2654473721	470332523	1.400000e-08	
7.106416e+06	0	1035492323	2.791000e-08	58759274	
7.112362e+06	1	1465560917	7.706334e-07	3182159117	
7.174288e+06	1	3534547045	1.039576e-06	1657444763	
7.197585e+06	0	179097684	6.151743e-07	2286860921	
7.231185e+06	1	3534547045	1.053576e-06	73116178	
7.244001e+06	0	3326748277	2.791000e-08	2151269300	
7.261734e+06	3	346987663	1.400000e-08	6723929	3217169414	1.400000e-08	
7.268565e+06	1	3150846686	1.697904e-06	2789301560	
7.283420e+06	1	373638573	1.000001e+00	474866315	
7.337240e+06	0	2027098952	1.700007e-08	439844059	
7.366146e+06	0	3150846686	1.697904e-06	224410298	
7.368367e+06	3	1950077488	1.552102e-08	3653734512	3030801476	1.400000e-08	
7.418251e+06	1	179097684	6.343695e-07	2286860921	
7.426844e+06	3	3921011129	6.211886e-07	1593850299	2208266878	1.773639e-08	
7.432920e+06	0	3357643131	2.344358e-08	688805295	
7.435188e+06	1	3534547045	1.069740e-06	217284033	
7.443211e+06	0	179097684	6.343695e-07	3190311976	
7.473872e+06	3	754560055	1.634223e-08	2014426858	3715668764	1.400000e-08	
7.475180e+06	3	4032129539	1.631686e-08	1298902656	3418547556	1.400000e-08	
7.497999e+06	1	3534547045	1.083740e-06	1541925803	
7.501983e+06	1	3150846686	1.713576e-06	847040419	
7.502090e+06	0	3921011129	6.211886e-07	3715668764	
7.509122e+06	0	3921011129	6.211886e-07	2208266878	
7.512323e+06	1	3534547045	1.100082e-06	754560055	
7.563931e+06	0	2441325815	1.434323e-08	3030801476	
7.574217e+06	1	373638573	1.000001e+00	66296937	
7.600165e+06	3	3707189490	4.063438e-08	2766526296	355298688	1.592612e-08	
7.612286e+06	1	3921011129	6.353152e-07	439844059	
7.643368e+06	1	373638573	1.000001e+00	3326748277	
7.646895e+06	0	1405660995	1.502550e-08	3418547556	
7.653187e+06	0	77395223	1.434323e-08	1037584679	
7.674768e+06	1	3534547045	1.114876e-06	2670951229	
7.701069e+06	1	3534547045	1.131040e-06	3888264012	
7.714334e+06	1	179097684	6.483695e-07	1965662198	
7.747224e+06	0	2378434411	1.490451e-08	224410298	
7.757985e+06	3	1434498202	1.400000e-08	1598213090	4193709834	1.609294e-08	584993009	1.609294e-08	
7.765601e+06	1	3150846686	1.734486e-06	734120091	
7.768340e+06	1	3921011129	6.493152e-07	2950407739	
7.789040e+06	3	1123501568	2.791000e-08	1434498202	1499007652	1.400000e-08	
7.795736e+06	1	3921011129	6.651456e-07	607396504	
7.846574e+06	3	3150846686	1.734486e-06	1735432893	755060644	1.400000e-08	3270476896	2.098085e-08	
7.846687e+06	1	3150846686	1.748486e-06	755060644	
7.854133e+06	1	179097684	6.623695e-07	1850435983	
7.873385e+06	0	249728555	1.902331e-08	1541946641	
7.904700e+06	1	179097684	6.763695e-07	66064165	
7.911551e+06	1	3534547045	1.148777e-06	2208266878	
7.935308e+06	0	2519559028	3.070100e-07	770580294	
7.962370e+06	0	2125112500	2.791000e-08	2378434411	
7.969022e+06	0	179097684	6.763695e-07	629078091	
7.998544e+06	0	790319072	2.791000e-08	1149406307	
8.025228e+06	3	3833074883	1.705694e-08	690117576	3934203265	1.400000e-08	
8.090566e+06	0	179097684	6.763695e-07	1246511018	
8.127514e+06	1	826924968	3.083484e-08	841878026	
8.127819e+06	3	3030801476	1.400000e-08	3363025910	1292024166	1.400000e-08	
8.138581e+06	1	1292024166	2.800000e-08	3030801476	
8.163372e+06	0	3534547045	1.148777e-06	470332523	
8.187924e+06	0	2125112500	2.791000e-08	3180086772	
8.200180e+06	3	770580294	1.400000e-08	1950077488	1323984060	1.471551e-08	4197927596	1.471551e-08	
8.237802e+06	1	1068020906	9.546349e-04	3838279446	
8.296626e+06	1	3921011129	6.791456e-07	3418547556	
8.305527e+06	3	2205180068	1.400000e-08	1516068388	1414892502	2.091000e-08	4201342597	2.091000e-08	
8.313774e+06	0	826924968	3.083484e-08	3715668764	
8.353342e+06	3	659524895	1.400000e-08	3563522875	2391696826	1.550186e-08	4138371369	1.550186e-08	
8.353411e+06	3	3211480542	1.400000e-08	629078091	3590332688	1.517087e-08	1745749016	1.517087e-08	
8.354139e+06	3	355298688	1.782483e-08	4212779140	2711965517	1.400000e-08	
8.367087e+06	3	1745749016	1.634173e-08	3590332688	2933223072	1.400000e-08	
8.396195e+06	1	3150846686	1.762486e-06	515125813	
8.410518e+06	0	1292024166	2.800000e-08	3459374364	
8.448077e+06	1	3534547045	1.163120e-06	1246511018	
8.508119e+06	0	1314810707	1.622900e-08	2438291630	
8.514725e+06	0	179097684	6.763695e-07	2716949832	
8.526079e+06	0	1465560917	7.706334e-07	965372172	
8.534873e+06	0	3150846686	1.762486e-06	66987975	
8.546986e+06	1	3707189490	5.695123e-08	4032129539	
8.562761e+06	0	3534547045	1.163120e-06	470332523	
8.577058e+06	0	3357643131	2.344358e-08	2027098952	
8.588171e+06	3	2521380987	1.431889e-08	1543523724	1987038079	1.400000e-08	
8.599532e+06	3	3382444416	2.791000e-08	224410298	3797386594	1.400000e-08	
8.650490e+06	1	1465560917	7.846334e-07	2205180068	
8.655620e+06	1	3150846686	1.776486e-06	3715668764	
8.675029e+06	0	179097684	6.763695e-07	1314810707	
8.682106e+06	0	1002680420	2.193550e-08	4201342597	
8.698106e+06	1	3150846686	1.798421e-06	1002680420	
8.737380e+06	0	482917538	2.791000e-08	4209590891	
8.810471e+06	0	2933223072	1.400000e-08	3211480542	
8.816023e+06	1	1465560917	8.008855e-07	1149406307	
8.824384e+06	3	1414892502	2.607885e-08	2341758500	1280619132	1.400000e-08	
8.832227e+06	0	1292024166	2.800000e-08	584993009	
8.873623e+06	0	4193709834	1.609294e-08	3607413901	
8.984695e+06	1	3150846686	1.812421e-06	1541946641	
9.000531e+06	3	2391696826	1.550186e-08	463844675	4105879141	1.400000e-08	
9.020520e+06	0	1745749016	1.634173e-08	3190311976	
9.023532e+06	1	3921011129	6.931456e-07	1649557018	
9.023957e+06	1	3150846686	1.826740e-06	2521380987	
9.057258e+06	3	1745749016	1.662198e-08	1061526795	3088551619	1.400000e-08	
9.088122e+06	3	3642829293	1.499373e-08	2178051842	3443287411	1.400000e-08	
9.118748e+06	1	3150846686	1.840740e-06	470332523	
9.126021e+06	1	3534547045	1.179349e-06	1314810707	
9.189571e+06	3	888311950	1.400000e-08	1405660995	3981989558	1.446775e-08	1165174376	1.446775e-08	
9.199506e+06	3	3270476896	2.165385e-08	3929228125	3467386575	1.400000e-08	
9.236610e+06	0	3534547045	1.179349e-06	2716949832	
9.274064e+06	3	1123501568	1.400000e-08	481049431	4263904522	1.468252e-08	4267941538	1.468252e-08	
9.287839e+06	1	3921011129	7.071456e-07	3492274228	
9.299931e+06	1	3534547045	1.193349e-06	2716949832	
9.349706e+06	1	3150846686	1.861650e-06	4201342597	
9.394191e+06	3	1414892502	1.400000e-08	175860597	3372193553	1.474442e-08	3681452412	1.474442e-08	
9.447099e+06	1	3534547045	1.207349e-06	3088551619	
9.456847e+06	1	3150846686	1.876394e-06	3372193553	
9.480060e+06	3	1745749016	1.752649e-08	2378434411	2604064924	1.400000e-08	
9.505720e+06	0	3934203265	1.400000e-08	58759274	
9.511783e+06	1	3150846686	1.890394e-06	1280619132	
9.614836e+06	1	373638573	1.000001e+00	869234806	
9.638431e+06	1	3534547045	1.221349e-06	3211480542	
9.642247e+06	1	373638573	1.000001e+00	4226750145	
9.651844e+06	0	3150846686	1.890394e-06	2472898255	
9.659674e+06	0	3921011129	7.071456e-07	1414892502	
9.767684e+06	0	2604064924	1.400000e-08	85224627	
9.822307e+06	3	1745749016	1.752649e-08	2604064924	3458662533	1.400000e-08	
9.831874e+06	1	3150846686	1.905122e-06	1035956119	
9.854137e+06	0	921818415	1.952915e-08	3190311976	
9.866076e+06	0	790319072	2.791000e-08	2480932170	
9.913333e+06	0	3534547045	1.221349e-06	1745749016	
9.961831e+06	1	3921011129	7.233746e-07	2472898255	
1.000138e+07	1	373638573	1.000001e+00	2408568032	
1.001831e+07	1	179097684	6.903700e-07	579073438	
1.004823e+07	3	4193709834	1.609294e-08	1499007652	762210064	1.400000e-08	
1.011753e+07	0	179097684	6.903700e-07	2933223072	
1.020396e+07	1	1465560917	8.287955e-07	2125112500	
1.022843e+07	0	3150846686	1.905122e-06	66987975	
1.024281e+07	3	3802520055	1.412661e-08	1751902433	570164134	1.400000e-08	
1.025337e+07	0	1986278615	2.791000e-08	1848242772	
1.026555e+07	3	3802520055	1.412661e-08	3458662533	2418772576	1.400000e-08	
1.033640e+07	3	651046398	1.916885e-08	888311950	2105330617	1.400000e-08	
1.038347e+07	0	1465560917	8.287955e-07	1123501568	
1.039227e+07	3	1986278615	2.791000e-08	4188445920	964813250	1.400000e-08	
1.040773e+07	0	3952655669	1.567125e-08	3059103076	
1.043953e+07	0	3150846686	1.905122e-06	2105330617	
1.049347e+07	3	1165174376	1.446775e-08	2711965517	2039170765	1.400000e-08	
1.053555e+07	0	2487301543	2.791000e-08	2063946235	
1.057514e+07	3	3197676583	2.106783e-08	4197927596	4278040469	1.767026e-08	
1.059194e+07	3	790319072	2.791000e-08	1414892502	241690685	1.400000e-08	
1.060555e+07	3	1837234470	1.434323e-08	4035587434	1703904600	1.400000e-08	
1.060677e+07	0	3197676583	2.106783e-08	220564665	
1.062703e+07	0	300193622	2.791000e-08	2016090987	
1.063684e+07	3	1465560917	8.287955e-07	3737780296	3814978291	1.400000e-08	118566979	1.465050e-08	894269343	1.465050e-08	932943525	1.465050e-08	250347941	1.465050e-08	2292589682	1.465050e-08	3971437066	1.465050e-08	2810179169	1.465050e-08	1803012522	1.465050e-08	3940915008	1.465050e-08	3593659676	1.465050e-08	2744143284	1.465050e-08	2002691604	1.465050e-08	3223248356	1.465050e-08	101557930	1.465050e-08	678688578	1.465050e-08	2222966094	1.465050e-08	1301910447	1.465050e-08	2919535035	1.465050e-08	2855048822	1.465050e-08	682911345	1.465050e-08	
1.064963e+07	0	482917538	2.791000e-08	250347941	
1.065774e+07	0	179097684	6.903700e-07	1745749016	
1.066933e+07	3	598947138	2.229465e-08	1837234470	238807518	1.536440e-08	
1.067170e+07	0	3467386575	1.400000e-08	4105879141	
1.068287e+07	0	3534547045	1.221349e-06	3681452412	
1.071767e+07	0	3534547045	1.221349e-06	2418772576	
1.072110e+07	3	2418772576	1.400000e-08	4105879141	1840937626	1.400000e-08	
1.072148e+07	0	1703904600	1.400000e-08	2454553876	
1.075577e+07	1	1465560917	8.434460e-07	2292589682	
1.075619e+07	0	3150846686	1.905122e-06	482917538	
1.086684e+07	0	651046398	1.916885e-08	3459374364	
1.089003e+07	3	4267941538	1.468252e-08	2418772576	1734007597	1.400000e-08	
1.090231e+07	0	3059144981	1.567125e-08	2919535035	
1.094165e+07	3	1292024166	2.369182e-08	118566979	4088691616	1.895868e-08	
1.096392e+07	1	3150846686	1.921215e-06	4193709834	
1.096718e+07	0	3981989558	1.446775e-08	2105330617	
1.098991e+07	0	1465560917	8.434460e-07	1986278615	
1.099221e+07	1	3833074883	3.105694e-08	3814978291	
1.099450e+07	3	3707189490	5.674232e-08	3217169414	2087527840	1.420891e-08	
1.099919e+07	3	4138371369	1.550236e-08	3607413901	2065940037	1.400000e-08	
1.105122e+07	0	826924968	3.083484e-08	4209590891	
1.105647e+07	1	373638573	1.000001e+00	630280293	
1.114900e+07	0	790319072	2.791000e-08	1165174376	
1.116546e+07	1	3150846686	1.935898e-06	4267941538	
1.121360e+07	0	4138371369	1.550236e-08	2087527840	
1.126449e+07	0	2222966094	1.465050e-08	2016090987	
1.127707e+07	1	2919535035	2.930100e-08	2744143284	
1.128396e+07	0	790319072	2.791000e-08	3681452412	
1.130081e+07	3	3180086772	1.664127e-08	3681452412	2751602400	1.400000e-08	
1.137002e+07	0	85224627	1.400000e-08	2151269300	
1.139525e+07	3	584993009	1.609294e-08	570164134	552380491	1.400000e-08	
1.147500e+07	0	3802520055	1.412661e-08	2135013218	
1.150405e+07	3	598947138	2.257490e-08	1848242772	253656606	1.400000e-08	
1.158812e+07	1	3150846686	1.950548e-06	2855048822	
1.158825e+07	0	584993009	1.609294e-08	2135013218	
1.159072e+07	0	3150846686	1.950548e-06	1037584679	
1.163700e+07	1	3150846686	1.965199e-06	894269343	
1.170847e+07	1	1465560917	8.580965e-07	3223248356	
1.187388e+07	1	373638573	1.000001e+00	3129006749	
1.193582e+07	1	3150846686	1.979542e-06	4209590891	
1.195493e+07	0	790319072	2.791000e-08	1745749016	
1.200051e+07	3	682911345	1.530100e-08	2222966094	1254429415	1.400000e-08	
1.202688e+07	3	3059103076	1.446984e-08	3802520055	481400394	1.400000e-08	
1.205204e+07	0	4088691616	1.895868e-08	1517815290	
1.207284e+07	1	3534547045	1.235349e-06	241690685	
1.208105e+07	1	3150846686	2.007452e-06	482917538	
1.209748e+07	1	3534547045	1.263259e-06	790319072	
1.217381e+07	3	4075596975	1.400000e-08	2151269300	2584856907	1.400000e-08	
1.218743e+07	3	249728555	1.967381e-08	932943525	3284371529	1.400000e-08	
1.223311e+07	3	2438291630	1.434323e-08	2065940037	871205577	1.400000e-08	
1.223558e+07	1	3921011129	7.373746e-07	2105330617	
1.224728e+07	0	3921011129	7.373746e-07	3270476896	
1.226038e+07	1	373638573	1.000001e+00	3279439195	
1.229148e+07	0	3089865955	1.445186e-08	964813250	
1.229911e+07	0	921818415	1.952915e-08	2933223072	
1.230892e+07	3	3059144981	1.484664e-08	1703904600	2655011401	1.482461e-08	
1.239403e+07	1	3921011129	7.590284e-07	3270476896	
1.239656e+07	1	3534547045	1.277259e-06	85224627	
1.249267e+07	1	1465560917	1.166611e-06	2246051850	
1.250606e+07	1	1465560917	1.181261e-06	2810179169	
1.250860e+07	3	66987975	1.400050e-08	1840937626	4156410056	1.400000e-08	
1.255396e+07	3	3059103076	1.446984e-08	1987038079	249938527	1.400000e-08	
1.256994e+07	0	3707189490	5.674232e-08	66987975	
1.266097e+07	3	741863299	1.400000e-08	2087527840	843598278	1.405945e-08	2197427154	1.405945e-08	
1.268671e+07	1	3150846686	2.021452e-06	1734007597	
1.270574e+07	1	3150846686	2.044027e-06	598947138	
1.283773e+07	3	896813269	1.458636e-08	1123501568	3690557900	1.400000e-08	
1.284549e+07	0	2919535035	2.930100e-08	2718413753	
1.291816e+07	1	373638573	1.000002e+00	2487301543	
1.292036e+07	0	3534547045	1.277259e-06	1037584679	
1.293571e+07	1	3921011129	7.749271e-07	3459374364	
1.295567e+07	1	3921011129	7.904290e-07	2391696826	
1.297307e+07	1	3921011129	8.078390e-07	3381587904	
1.297959e+07	3	2747938267	1.431889e-08	659524895	3824375258	1.400000e-08	
1.298065e+07	3	3059144981	1.484664e-08	253656606	769315986	1.400000e-08	
1.300057e+07	0	4138371369	1.550236e-08	4083845756	
1.300420e+07	3	58759274	1.400000e-08	3434666020	1856937876	1.400000e-08	
1.312198e+07	1	3921011129	8.218985e-07	2197427154	
1.316489e+07	1	373638573	1.000002e+00	2426951832	
1.323865e+07	3	1471982444	1.613807e-08	4263904522	354497373	1.400000e-08	
1.330175e+07	1	373638573	1.000002e+00	3934203265	
1.334593e+07	3	1471982444	1.584210e-08	3059144981	1230311851	1.514261e-08	
1.340864e+07	1	3150846686	2.058755e-06	2879167783	
1.345159e+07	1	3921011129	8.371995e-07	682911345	
1.349080e+07	0	481400394	1.400000e-08	2135013218	
1.355113e+07	1	3150846686	2.075145e-06	3339828518	
1.356781e+07	0	3532628785	2.091177e-08	2533881277	
1.362912e+07	0	4075596975	1.400000e-08	688805295	
1.383650e+07	0	2747938267	1.431889e-08	2718413753	
1.393418e+07	0	769315986	1.400000e-08	3824375258	
1.417733e+07	1	373638573	1.000002e+00	3303338876	
1.420692e+07	3	3824069879	4.448505e-08	3833074883	3825172902	1.413063e-08	110318614	1.413063e-08	176241382	1.413063e-08	
1.427449e+07	1	3150846686	2.089145e-06	769315986	
1.428533e+07	0	3150846686	2.089145e-06	2533881277	
1.444584e+07	1	1465560917	1.195261e-06	346987663	
1.445386e+07	0	584993009	1.609294e-08	843598278	
1.464526e+07	1	3150846686	2.103146e-06	550176535	
1.467952e+07	3	1301910447	1.493075e-08	250719570	1063934737	1.400000e-08	
1.474471e+07	0	3921011129	8.371995e-07	3824375258	
1.474672e+07	1	3150846686	2.131146e-06	1194638860	
1.478685e+07	0	3534547045	1.277259e-06	2718413753	
1.479074e+07	3	2441325815	1.434323e-08	1517815290	2445084109	1.400000e-08	
1.480408e+07	0	249728555	1.967381e-08	4088691616	
1.486784e+07	3	3357643131	2.083009e-08	3690557900	1871304206	1.661349e-08	
1.488543e+07	0	4278040469	1.767026e-08	3059103076	
1.498132e+07	0	179097684	6.903700e-07	1745749016	
1.505799e+07	1	3150846686	2.159056e-06	3071234124	
1.512404e+07	1	1465560917	1.209604e-06	2438291630	
1.519379e+07	0	2445084109	1.400000e-08	2135013218	
1.520709e+07	0	3534547045	1.277259e-06	3824375258	
1.533122e+07	1	3534547045	1.291259e-06	3824375258	
1.535123e+07	3	2441325815	1.434323e-08	2751602400	4185666246	1.400000e-08	
1.553081e+07	1	3150846686	2.173056e-06	741863299	
1.554435e+07	3	921818415	1.952915e-08	3190311976	1905833305	1.400000e-08	
1.556594e+07	1	3921011129	8.525639e-07	238807518	
1.557455e+07	1	373638573	1.000002e+00	300193622	
1.565230e+07	0	1292024166	2.369182e-08	3662110242	
1.570859e+07	0	250347941	1.465050e-08	176241382	
1.571392e+07	0	921818415	1.952915e-08	1905833305	
1.572649e+07	0	762210064	1.400000e-08	3775452048	
1.576517e+07	0	921818415	1.952915e-08	1905833305	
1.576605e+07	0	4075596975	1.400000e-08	688805295	
1.585534e+07	1	3150846686	2.187706e-06	101557930	
1.592085e+07	1	3150846686	2.202637e-06	1301910447	
1.592170e+07	0	179097684	6.903700e-07	1745749016	
1.598352e+07	1	3150846686	2.218479e-06	1471982444	
1.607199e+07	3	1165174376	1.446824e-08	66987975	3879652638	1.400000e-08	
1.611150e+07	1	3150846686	2.234572e-06	584993009	
1.633447e+07	1	3150846686	2.248703e-06	110318614	
1.633757e+07	3	2962530363	1.544329e-08	1323984060	1924091726	1.400000e-08	
1.637527e+07	1	3150846686	2.272395e-06	1292024166	
1.666704e+07	0	3921011129	8.525639e-07	1230311851	
1.679223e+07	0	179097684	6.903700e-07	2584856907	
1.680293e+07	1	3150846686	2.286738e-06	4083845756	
1.685160e+07	0	3921011129	8.525639e-07	2454553876	
1.685222e+07	1	3150846686	2.300738e-06	58759274	
1.685823e+07	0	179097684	6.903700e-07	2933223072	
1.687451e+07	1	3534547045	1.305259e-06	2718413753	
1.700763e+07	0	1745749016	1.752649e-08	2933223072	
1.700851e+07	0	3180086772	1.664127e-08	843598278	
1.701079e+07	0	1465560917	1.209604e-06	2480932170	
1.722421e+07	1	179097684	7.043700e-07	481400394	
1.730022e+07	1	373638573	1.000002e+00	843598278	
1.731196e+07	1	1465560917	1.223735e-06	3825172902	
1.739083e+07	1	179097684	7.183700e-07	2933223072	
1.746313e+07	1	373638573	1.000002e+00	3662110242	
1.746957e+07	0	678688578	1.465050e-08	3467386575	
1.753768e+07	1	1465560917	1.237735e-06	770580294	
1.763282e+07	3	3357643131	2.129784e-08	3981989558	1629863604	1.400000e-08	
1.770842e+07	1	3150846686	2.315206e-06	1165174376	
1.773179e+07	3	921818415	2.305564e-08	1745749016	698682927	1.400000e-08	
1.779056e+07	0	2919535035	2.930100e-08	4088691616	
1.794179e+07	1	3534547045	1.319259e-06	4075596975	
1.794641e+07	3	921818415	2.305564e-08	1905833305	855708858	1.400000e-08	
1.803788e+07	1	921818415	3.705564e-08	855708858	
1.812442e+07	0	651046398	1.916885e-08	432337108	
1.815609e+07	1	1465560917	1.251735e-06	2039170765	
1.818611e+07	1	3921011129	8.833987e-07	826924968	
1.829414e+07	1	373638573	1.000002e+00	220564665	
1.839767e+07	0	3921011129	8.833987e-07	688805295	
1.853685e+07	1	3150846686	2.329206e-06	871205577	
1.855820e+07	1	373638573	1.000002e+00	3467386575	
1.861288e+07	0	2002691604	1.465050e-08	3775452048	
1.865017e+07	1	3150846686	2.343857e-06	250347941	
1.865116e+07	3	2298477853	2.283159e-08	1856937876	3076001680	1.907841e-08	
1.869709e+07	0	3150846686	2.343857e-06	1063934737	
1.869751e+07	3	4278040469	1.767026e-08	1896745001	1493833725	1.400000e-08	
1.874559e+07	1	373638573	1.000002e+00	678688578	
1.875326e+07	3	1871304206	1.775610e-08	1230311851	1450024594	1.400000e-08	
1.879776e+07	1	3534547045	1.333910e-06	2002691604	
1.903949e+07	1	3150846686	2.388342e-06	3824069879	
1.914815e+07	1	373638573	1.000002e+00	1254429415	
1.980427e+07	0	129185354	2.791000e-08	875106938	
1.980775e+07	0	552380491	1.400000e-08	688805295	
1.992358e+07	1	3534547045	1.347910e-06	3527214469	
2.010825e+07	3	249728555	1.967381e-08	2445084109	1797275806	1.400000e-08	
2.050837e+07	3	3707189490	1.400000e-08	1450024594	3378187523	1.418558e-08	564959126	1.418558e-08	3356410364	1.418558e-08	2620273024	1.418558e-08	
2.071707e+07	1	3150846686	2.402342e-06	3707189490	
2.088773e+07	1	3150846686	2.416527e-06	3356410364	
2.090599e+07	0	1465560917	1.251735e-06	1462644303	
2.094802e+07	3	1634407402	1.564423e-08	3940915008	4177016268	1.400000e-08	
2.098012e+07	0	1465560917	1.251735e-06	1924091726	
2.123129e+07	1	3921011129	8.975843e-07	3378187523	
2.125903e+07	1	3534547045	1.361910e-06	1924091726	
2.133058e+07	1	3150846686	2.430527e-06	965372172	
2.147933e+07	0	3150846686	2.430527e-06	785216844	
2.148750e+07	0	1465560917	1.251735e-06	2747938267	
2.171299e+07	1	179097684	7.323700e-07	688805295	
2.178083e+07	0	3532628785	2.091177e-08	3642829293	
2.179345e+07	3	2063946235	1.545556e-08	2454553876	2480753293	1.400000e-08	
2.184908e+07	1	1465560917	1.270814e-06	3076001680	
2.191622e+07	0	2480932170	2.791000e-08	552498239	
2.196468e+07	3	3593659676	1.499373e-08	432337108	3251328182	1.400000e-08	
2.197022e+07	1	3150846686	2.444527e-06	2480753293	
2.198725e+07	0	3357643131	2.129784e-08	564959126	
2.218462e+07	0	1465560917	1.270814e-06	2747938267	
2.218632e+07	0	3534547045	1.361910e-06	1797275806	
2.237027e+07	3	4185666246	1.400000e-08	762210064	3584287056	1.400000e-08	
2.246205e+07	0	3150846686	2.444527e-06	3197676583	
2.251126e+07	1	373638573	1.000002e+00	2027098952	
2.255575e+07	1	3921011129	9.115843e-07	4185666246	
2.271394e+07	1	373638573	1.000002e+00	4088691616	
2.306114e+07	1	3150846686	2.458870e-06	2441325815	
2.311755e+07	1	3921011129	9.312581e-07	249728555	
2.324681e+07	0	3921011129	9.312581e-07	3879652638	
2.334618e+07	1	373638573	1.000002e+00	785216844	
2.349558e+07	0	3150846686	2.458870e-06	3180086772	
2.385622e+07	1	1465560917	1.288570e-06	1871304206	
2.394110e+07	1	3150846686	2.472870e-06	1493833725	
2.412735e+07	1	3150846686	2.486870e-06	3584287056	
2.422291e+07	1	3150846686	2.508168e-06	3357643131	
2.424178e+07	1	3150846686	2.525838e-06	4278040469	
2.429651e+07	3	2655011401	1.547511e-08	1803012522	1661868134	1.400000e-08	
2.448914e+07	1	3534547045	1.375910e-06	3251328182	
2.455718e+07	1	179097684	7.463700e-07	3879652638	
2.482412e+07	1	3150846686	2.540024e-06	2620273024	
2.495554e+07	1	3150846686	2.557849e-06	355298688	
