1.526227e+01	1	3004792470	3.070100e-07	3736601249	
8.636526e+01	1	3382444416	5.582000e-08	1035492323	
1.676660e+02	1	3150846686	3.070100e-07	2779686750	
1.930775e+02	1	2246051850	3.070100e-07	211811971	
6.035938e+02	1	4259593397	3.070100e-07	1593850299	
9.869176e+02	1	2326007700	5.582000e-08	3268335666	
1.023713e+03	1	3084497907	5.582000e-08	870323177	
1.026357e+03	1	3373526895	3.070100e-07	632754209	
1.612594e+03	1	1516068388	5.582000e-08	3114612365	
2.615530e+03	1	1321648343	5.582000e-08	2409063466	
2.663314e+03	1	3534547045	3.070100e-07	780264402	
2.666440e+03	0	1134175585	2.791000e-08	3919821980	
2.708407e+03	1	3534547045	3.349200e-07	1731090175	
3.068497e+03	0	3373526895	3.070100e-07	3919821980	
3.430554e+03	1	2455496064	5.582000e-08	1735432893	
3.729356e+03	1	179097684	3.070100e-07	1206764858	
4.687333e+03	1	3921011129	3.070100e-07	3257166052	
4.813412e+03	1	4259593397	3.349200e-07	3129006749	
5.010245e+03	1	3921011129	3.349200e-07	3908154577	
5.172438e+03	1	3921011129	3.628300e-07	1494141940	
5.611003e+03	1	3534547045	3.628300e-07	3889879026	
5.734996e+03	0	3498415124	2.791000e-08	314650893	
6.105138e+03	1	1465560917	3.070100e-07	2542835646	
6.879203e+03	0	3126241903	2.791000e-08	1661091397	
7.125417e+03	1	1481166135	5.582000e-08	6723929	
7.820569e+03	1	2519559028	3.070100e-07	129185354	
7.915239e+03	1	3373526895	3.349200e-07	3841896594	
8.109063e+03	0	1321648343	5.582000e-08	40245973	
8.411417e+03	1	2340740170	3.070100e-07	40245973	
1.003146e+04	1	3150846686	3.349200e-07	3232700421	
1.147527e+04	1	1572835533	3.070100e-07	770580294	
1.152478e+04	0	1661091397	2.791000e-08	925199572	
1.155586e+04	1	545239233	3.070100e-07	245436729	
1.203901e+04	1	2340740170	3.349200e-07	905418128	
1.209961e+04	1	916523109	5.582000e-08	754869367	
1.269712e+04	1	2340740170	3.907400e-07	1321648343	
1.344420e+04	1	3373526895	3.628300e-07	3800234335	
1.376471e+04	1	387772665	5.582000e-08	486050091	
1.621376e+04	1	1465560917	3.349200e-07	949068759	
1.802653e+04	0	3534547045	3.628300e-07	925199572	
1.826455e+04	0	2178051842	2.791000e-08	3421887303	
1.971679e+04	0	725558489	2.791000e-08	287801793	
2.142867e+04	1	1465560917	3.628300e-07	3933289935	
2.344609e+04	1	2528553283	5.582000e-08	3424908067	
2.385399e+04	1	3150846686	3.628300e-07	4263717482	
2.421752e+04	1	2038493855	5.582000e-08	2349140130	
2.446887e+04	1	838860310	5.582000e-08	290926289	
2.517889e+04	1	2246051850	3.349200e-07	1444500749	
2.608243e+04	0	2246051850	3.349200e-07	561528368	
2.713902e+04	1	2340740170	4.186500e-07	2932274237	
2.775872e+04	0	3150846686	3.628300e-07	3150420704	
2.785286e+04	1	2984600922	3.070100e-07	3279231079	
2.860177e+04	1	426576124	5.582000e-07	4031050948	
2.917178e+04	1	426576124	5.861100e-07	2545005546	
2.942750e+04	0	925199572	2.791000e-08	2393342300	
2.964468e+04	1	2799798816	3.070100e-07	2046083849	
3.203229e+04	0	3921011129	3.628300e-07	3621383820	
3.384032e+04	0	3373526895	3.628300e-07	331336395	
3.415029e+04	0	2799798816	3.070100e-07	1458432161	
3.478562e+04	0	2178051842	2.791000e-08	3421887303	
3.890713e+04	1	3534547045	3.907400e-07	2393342300	
4.100505e+04	1	3534547045	4.186500e-07	1661091397	
5.004814e+04	0	1572835533	3.070100e-07	2480932170	
5.072377e+04	0	3382444416	5.582000e-08	2906924538	
5.344537e+04	1	2246051850	3.628300e-07	3498415124	
5.370763e+04	0	2528553283	5.582000e-08	925199572	
5.437328e+04	0	4046076794	2.791000e-08	1458432161	
5.574343e+04	3	90391199	1.475519e-08	888311950	3687573659	2.053241e-08	3196256300	2.053241e-08	
5.730290e+04	1	3150846686	3.907400e-07	3326748277	
6.084572e+04	1	2528553283	8.373000e-08	3126241903	
6.263824e+04	1	2340740170	4.465600e-07	314650893	
6.663586e+04	1	3747246174	5.582000e-08	2406269022	
6.787249e+04	0	4231632140	2.791000e-08	1631081845	
6.804134e+04	1	1465560917	3.907400e-07	3775452048	
6.805837e+04	1	1572835533	3.349200e-07	197654791	
7.395845e+04	3	2528553283	8.373000e-08	2038493855	848448836	1.400000e-08	2211003714	2.091000e-08	2916276788	2.091000e-08	
7.409828e+04	0	1134175585	2.791000e-08	3919821980	
7.417681e+04	1	426576124	6.140200e-07	4188445920	
7.442291e+04	1	2528553283	1.046400e-07	2211003714	
7.755229e+04	1	1465560917	4.186500e-07	2487301543	
7.809847e+04	0	2235064901	2.791000e-07	4231632140	
7.985368e+04	1	3373526895	4.186500e-07	2455496064	
8.335789e+04	0	3534547045	4.186500e-07	925199572	
8.800509e+04	1	242414939	5.582000e-08	941534069	
8.829520e+04	0	545239233	3.070100e-07	2859795595	
8.937990e+04	1	3373526895	4.465600e-07	1134175585	
9.172216e+04	1	3150846686	4.186500e-07	3121047530	
9.407921e+04	0	3084497907	5.582000e-08	858320168	
9.541512e+04	0	3616865126	2.791000e-08	3150420704	
9.621548e+04	1	3921011129	3.907400e-07	582973675	
1.022054e+05	0	3534547045	4.186500e-07	1738899943	
1.028140e+05	1	426576124	6.419300e-07	3824069879	
1.075864e+05	0	3373526895	4.465600e-07	3938221642	
1.108060e+05	0	4259593397	3.349200e-07	790319072	
1.111868e+05	1	3150846686	4.465600e-07	3621383820	
1.125497e+05	0	2308721517	2.791000e-08	4231632140	
1.158249e+05	0	443746396	2.791000e-08	1019134040	
1.169851e+05	1	3891448235	5.582000e-08	3197676583	
1.184265e+05	0	545239233	3.070100e-07	636961411	
1.211988e+05	1	2340740170	4.744700e-07	482917538	
1.212751e+05	1	1222799196	3.070100e-07	2451350669	
1.252675e+05	1	3747246174	8.373000e-08	862710978	
1.265615e+05	1	2246051850	4.186500e-07	1481166135	
1.358925e+05	0	2235064901	2.791000e-07	2178051842	
1.361545e+05	1	2340740170	5.023800e-07	1493201942	
1.387304e+05	1	4259593397	3.628300e-07	2870158420	
1.415307e+05	0	3373526895	4.465600e-07	1631081845	
1.432624e+05	1	2246051850	4.465600e-07	1790255658	
1.433340e+05	3	3921011129	3.907400e-07	3084497907	3696193412	1.400000e-08	15308464	2.091000e-08	1239307652	2.091000e-08	
1.439692e+05	1	1572835533	3.907400e-07	242414939	
1.449128e+05	0	3534547045	4.186500e-07	848448836	
1.469295e+05	1	1572835533	4.186500e-07	561528368	
1.475004e+05	0	2340740170	5.023800e-07	3241671100	
1.496184e+05	0	3373526895	4.465600e-07	3919821980	
1.529456e+05	0	2340740170	5.023800e-07	1123501568	
1.536312e+05	0	199935986	2.791000e-08	3037779432	
1.540559e+05	1	2263814062	5.582000e-08	405521437	
1.643681e+05	1	3921011129	6.698400e-07	2235064901	
1.679923e+05	1	2519559028	3.349200e-07	1239791232	
1.697093e+05	3	2246051850	8.474152e-07	1572835533	1945448119	1.779476e-08	
1.701594e+05	1	3150846686	4.744700e-07	2859795595	
1.741587e+05	1	1075699702	3.070100e-07	3497999925	
1.861097e+05	0	725558489	2.791000e-08	1379399837	
1.934079e+05	1	3534547045	4.326500e-07	848448836	
1.961235e+05	1	618276123	3.070100e-07	300193622	
2.004258e+05	1	1068020906	9.543279e-04	3462747	
2.023178e+05	0	3150846686	4.744700e-07	257754683	
2.106953e+05	0	1541946641	2.791000e-08	873214132	
2.187713e+05	0	2308721517	2.791000e-08	3707189490	
2.242350e+05	3	102901530	2.568486e-08	1037584679	3396227953	1.506757e-08	3321237907	1.506757e-08	
2.251370e+05	0	2246051850	8.474152e-07	2693713428	
2.277627e+05	0	1425083048	2.791000e-08	2125112500	
2.371639e+05	0	1584276479	2.791000e-08	858320168	
2.422030e+05	1	1068020906	9.543558e-04	43001897	
2.538073e+05	0	1516068388	5.582000e-08	717226258	
2.704110e+05	0	3534547045	4.326500e-07	925199572	
2.743086e+05	1	3921011129	7.256600e-07	387772665	
2.887088e+05	0	2799798816	3.070100e-07	1327969783	
2.890871e+05	1	2340740170	5.302900e-07	343742982	
2.964101e+05	1	1738899943	5.582000e-08	3919821980	
3.019353e+05	1	1068020906	9.543837e-04	253808213	
3.123975e+05	3	3534547045	4.389604e-07	2916276788	3187199216	1.459957e-08	
3.164530e+05	0	3150846686	4.744700e-07	1425083048	
3.390722e+05	1	2340740170	5.582000e-07	1434498202	
3.634428e+05	1	1068020906	9.544116e-04	1236021306	
3.651006e+05	0	2246051850	8.474152e-07	1425083048	
3.688917e+05	0	2308721517	2.791000e-08	725558489	
3.841500e+05	3	1866926464	1.400000e-08	2074240873	3330100144	2.091000e-08	310481256	2.091000e-08	
3.971658e+05	1	2555962951	3.070100e-07	2669757562	
4.046565e+05	0	3921011129	7.256600e-07	1239307652	
4.108217e+05	3	3704423751	2.323652e-08	3020817656	817087088	1.629174e-08	551137729	1.629174e-08	
4.128617e+05	0	551137729	1.629174e-08	817087088	
4.144023e+05	1	551137729	3.258348e-08	817087088	
4.199859e+05	0	3921011129	7.256600e-07	1379399837	
4.206920e+05	1	3150846686	5.023800e-07	717226258	
4.328660e+05	0	551137729	3.258348e-08	3704423751	
4.367634e+05	0	551137729	3.258348e-08	3704423751	
4.373649e+05	1	3737780296	3.000100e-07	3330100144	
4.476286e+05	3	3534547045	4.502396e-07	331336395	1218250404	1.663083e-08	
4.545629e+05	3	2246051850	8.474152e-07	1222799196	1035956119	1.400000e-08	1211996162	1.465050e-08	188552836	1.465050e-08	2029773149	1.465050e-08	302486611	1.465050e-08	1842102965	1.465050e-08	1285693762	1.465050e-08	1078741991	1.465050e-08	2723643411	1.465050e-08	1804212609	1.465050e-08	438292632	1.465050e-08	2001290253	1.465050e-08	3147695692	1.465050e-08	3179285865	1.465050e-08	2173231515	1.465050e-08	740082705	1.465050e-08	2795063678	1.465050e-08	3642829293	1.465050e-08	2707128518	1.465050e-08	474866315	1.465050e-08	1639799867	1.465050e-08	
4.619936e+05	1	2246051850	8.620657e-07	2173231515	
4.622542e+05	1	3534547045	4.668704e-07	1218250404	
4.640932e+05	1	3373526895	4.674700e-07	15308464	
4.661110e+05	0	1123501568	2.791000e-08	2737363250	
4.707452e+05	1	1068020906	9.544396e-04	997905375	
4.758722e+05	1	3737780296	3.279200e-07	1986278615	
4.791940e+05	1	2246051850	8.767162e-07	438292632	
4.853417e+05	3	3707189490	2.524826e-08	3687573659	1026028388	2.319414e-08	
4.918891e+05	3	3747246174	5.689370e-08	3749853089	1128056158	1.824877e-08	2909632847	1.824877e-08	937177227	1.824877e-08	
4.932885e+05	0	937177227	1.824877e-08	2909632847	
4.952777e+05	0	3737780296	3.279200e-07	443746396	
4.971820e+05	1	3747246174	7.514247e-08	1128056158	
4.976098e+05	1	2246051850	8.913667e-07	1639799867	
5.013086e+05	3	3921011129	1.165499e-06	3373526895	3393811039	2.763066e-08	
5.045806e+05	1	3921011129	1.193409e-06	725558489	
5.078116e+05	0	2246051850	8.913667e-07	3150420704	
5.205147e+05	0	1465560917	4.186500e-07	2693713428	
5.261045e+05	1	1068020906	9.544675e-04	3709881891	
5.321952e+05	3	2178051842	1.400000e-08	858320168	611212867	2.091000e-08	1104410542	2.091000e-08	
5.463262e+05	1	2707128518	2.930100e-08	1804212609	
5.494308e+05	1	3921011129	1.221319e-06	3938221642	
5.697484e+05	1	3921011129	1.248950e-06	3393811039	
5.714414e+05	0	2835620284	2.791000e-08	287801793	
5.727241e+05	3	921425487	1.400000e-08	4061687915	2328232000	2.091000e-08	2999719241	2.091000e-08	
5.781242e+05	1	3921011129	1.269860e-06	1104410542	
6.056805e+05	1	3921011129	1.290770e-06	611212867	
6.187269e+05	1	2246051850	9.053667e-07	1035956119	
6.192051e+05	3	3428193420	1.400000e-08	1593891639	1931993247	2.091000e-08	1494850122	2.091000e-08	
6.211755e+05	1	2340740170	5.791100e-07	2328232000	
6.248573e+05	0	953296898	2.791000e-08	1285693762	
6.281233e+05	0	1541946641	2.791000e-08	102901530	
6.310434e+05	0	1516068388	5.582000e-08	257754683	
6.455258e+05	0	2246051850	9.053667e-07	1425083048	
6.488381e+05	0	3921011129	1.290770e-06	1584276479	
6.498440e+05	0	3150846686	5.023800e-07	2835620284	
6.673374e+05	1	2340740170	6.084110e-07	2707128518	
6.891312e+05	0	3150420704	2.791000e-08	4231632140	
7.069287e+05	3	551137729	3.723633e-08	3704423751	3414514926	1.858367e-08	
7.075650e+05	0	3179285865	1.465050e-08	2723643411	
7.079001e+05	0	551137729	3.723633e-08	3414514926	
7.110687e+05	0	179097684	3.070100e-07	937177227	
7.169753e+05	1	1068020906	9.544954e-04	2681375347	
7.419737e+05	0	551137729	3.723633e-08	3414514926	
7.445890e+05	0	2737363250	2.791000e-08	3179285865	
7.483365e+05	1	551137729	5.582000e-08	3414514926	
7.502637e+05	1	3921011129	1.304770e-06	2178051842	
7.523415e+05	0	3150846686	5.023800e-07	3696193412	
7.577776e+05	0	2246051850	9.053667e-07	102901530	
7.694657e+05	3	3747246174	1.514231e-08	937177227	2312786130	1.564978e-08	3537925318	1.564978e-08	1634407402	1.564978e-08	3869596591	1.564978e-08	3375523036	1.564978e-08	
7.851507e+05	1	2799798816	3.349200e-07	659524895	
7.875673e+05	1	3869596591	3.129957e-08	3537925318	
8.009748e+05	3	3150846686	7.759292e-07	545239233	772925454	1.673040e-08	2215785330	1.673040e-08	
8.020471e+05	1	3869596591	4.694935e-08	3375523036	
8.060643e+05	3	2308721517	2.791000e-08	3696193412	3491092596	1.400000e-08	
8.094280e+05	1	3150846686	7.926596e-07	772925454	
8.204294e+05	0	2528553283	1.046400e-07	3187199216	
8.222676e+05	3	3382444416	1.400000e-08	310481256	57770090	1.568250e-08	3071577057	1.568250e-08	1452489764	1.568250e-08	4260098875	1.568250e-08	
8.332316e+05	0	3421887303	2.791000e-08	3491092596	
8.339429e+05	1	2246051850	9.332767e-07	3357643131	
8.376949e+05	0	2528553283	1.046400e-07	1634407402	
8.380544e+05	0	2408568032	2.791000e-08	259930472	
8.430122e+05	0	3116505811	2.791000e-08	1211996162	
8.484119e+05	0	1123501568	2.791000e-08	188552836	
8.526333e+05	1	873214132	5.582000e-08	1425083048	
8.591835e+05	1	3534547045	4.947804e-07	1379399837	
8.627623e+05	1	3737780296	3.558300e-07	315200650	
8.757436e+05	0	3071234124	2.791000e-08	740082705	
8.930607e+05	0	869234806	2.791000e-08	2029773149	
8.991005e+05	0	3869596591	4.694935e-08	3187199216	
9.038755e+05	0	953296898	2.791000e-08	1634407402	
9.089916e+05	3	2799798816	3.349200e-07	1075699702	3696843781	5.931346e-08	2138100036	1.457038e-08	1726701215	1.457038e-08	1412415798	1.457038e-08	375852842	1.457038e-08	3593732192	1.457038e-08	3888264012	1.457038e-08	313359544	1.457038e-08	217284033	1.457038e-08	2151269300	1.457038e-08	3913511150	1.457038e-08	2962530363	1.457038e-08	2063946235	1.457038e-08	1172086036	1.457038e-08	690117576	1.457038e-08	3288380490	1.457038e-08	845665321	1.457038e-08	3122982648	1.457038e-08	
9.089917e+05	1	3696843781	7.388385e-08	2138100036	
9.089917e+05	1	3696843781	8.845423e-08	3122982648	
9.247738e+05	0	873214132	5.582000e-08	3707189490	
9.425032e+05	0	3953846011	2.791000e-08	690117576	
9.444317e+05	3	2125112500	2.096245e-08	3428193420	1471982444	2.094755e-08	
9.602163e+05	1	373638573	1.000000e+00	4260098875	
9.767552e+05	1	3534547045	5.226904e-07	1631081845	
9.913244e+05	0	2246051850	9.332767e-07	3179285865	
9.965753e+05	1	2340740170	6.363210e-07	2205180068	
1.017267e+06	0	1584276479	2.791000e-08	3187199216	
1.018903e+06	0	1465560917	4.186500e-07	375852842	
1.039986e+06	3	1963165541	1.400000e-08	3150420704	3303338876	2.091000e-08	2875471576	2.091000e-08	
1.051292e+06	1	179097684	3.279200e-07	2875471576	
1.068373e+06	3	636961411	2.439292e-08	1945448119	1738909006	2.131184e-08	
1.073945e+06	0	873214132	5.582000e-08	1634407402	
1.075061e+06	1	3921011129	1.332680e-06	4231632140	
1.097339e+06	0	873214132	5.582000e-08	1123501568	
1.097904e+06	0	3150846686	7.926596e-07	257754683	
1.100276e+06	1	3534547045	5.366904e-07	1963165541	
1.116393e+06	1	1465560917	4.465600e-07	1156624510	
1.120320e+06	1	2340740170	6.921410e-07	2263814062	
1.122860e+06	1	2962530363	2.914077e-08	2151269300	
1.131213e+06	0	384163328	2.791000e-08	1634407402	
1.155470e+06	0	2799798816	3.349200e-07	810769555	
1.164237e+06	0	838860310	5.582000e-08	1878784256	
1.170154e+06	3	265770918	1.400000e-08	2906924538	356405251	2.091000e-08	2879167783	2.091000e-08	
1.218025e+06	1	2246051850	9.479272e-07	3147695692	
1.223904e+06	0	2246051850	9.479272e-07	3303338876	
1.226451e+06	0	551137729	5.582000e-08	4252347608	
1.239297e+06	1	2340740170	7.067915e-07	2723643411	
1.240601e+06	0	3061883439	2.791000e-08	3187199216	
1.245771e+06	0	3953846011	2.791000e-08	313359544	
1.252243e+06	1	373638573	1.000000e+00	2440120768	
1.256272e+06	3	179097684	3.279200e-07	551137729	3083352544	1.400000e-08	4198169764	2.091000e-08	821115011	2.091000e-08	
1.257643e+06	1	3150846686	8.093900e-07	2215785330	
1.262595e+06	3	3303338876	2.205231e-08	3747246174	2118016430	1.400000e-08	
1.264182e+06	1	4259593397	3.907400e-07	2408568032	
1.269460e+06	0	179097684	3.279200e-07	821115011	
1.270069e+06	1	179097684	3.488300e-07	821115011	
1.292871e+06	1	179097684	3.628300e-07	3083352544	
1.321888e+06	0	1465560917	4.465600e-07	102901530	
1.341883e+06	3	3534547045	5.366904e-07	1738899943	1945735688	1.400000e-08	4093093422	2.091000e-08	2842015324	2.091000e-08	
1.342354e+06	1	3534547045	5.576004e-07	2842015324	
1.353860e+06	1	2340740170	7.214420e-07	2001290253	
1.353955e+06	1	3534547045	5.716004e-07	1945735688	
1.376717e+06	0	598947138	2.791000e-08	1726701215	
1.381876e+06	1	2340740170	7.360925e-07	1211996162	
1.382402e+06	0	1458665800	2.791000e-08	3642829293	
1.384607e+06	1	179097684	3.837400e-07	4198169764	
1.390167e+06	0	4093093422	2.091000e-08	2909632847	
1.394234e+06	3	4122240121	1.400000e-08	3707189490	1249238030	1.957913e-08	3214077756	1.957913e-08	
1.412183e+06	1	3150846686	8.373000e-07	1584276479	
1.417788e+06	1	2340740170	7.507430e-07	474866315	
1.423423e+06	0	3071234124	2.791000e-08	3116505811	
1.425077e+06	0	2799798816	3.349200e-07	598947138	
1.449172e+06	1	3534547045	5.862000e-07	3187199216	
1.459901e+06	0	3921011129	1.332680e-06	3116505811	
1.476965e+06	1	2984600922	3.265891e-07	1249238030	
1.492289e+06	0	2710766136	2.791000e-08	164438789	
1.504500e+06	3	778035964	1.400000e-08	925199572	879162223	2.091000e-08	3884425642	2.091000e-08	
1.523172e+06	1	1026028388	3.776453e-08	3288380490	
1.526118e+06	3	4259593397	3.907400e-07	3737780296	1149406307	3.437878e-08	3528332227	1.461142e-08	4004407106	1.461142e-08	451270221	1.461142e-08	3149440925	1.461142e-08	2250775120	1.461142e-08	1130108289	1.461142e-08	2177968201	1.461142e-08	2914302410	1.461142e-08	3655816389	1.461142e-08	3485819286	1.461142e-08	1382686479	1.461142e-08	1803925302	1.461142e-08	3293059020	1.461142e-08	378125977	1.461142e-08	2159618959	1.461142e-08	2441325815	1.461142e-08	3401497744	1.461142e-08	4069401935	1.461142e-08	134948105	1.461142e-08	1998372786	1.461142e-08	2455922112	1.461142e-08	3059103076	1.461142e-08	
1.526118e+06	1	1149406307	4.899020e-08	3059103076	
1.526118e+06	1	1149406307	6.360162e-08	3528332227	
1.529408e+06	0	3534547045	5.862000e-07	2835620284	
1.549218e+06	0	3800257563	2.791000e-07	378125977	
1.590248e+06	1	2246051850	1.003747e-06	873214132	
1.591404e+06	1	3150846686	8.529498e-07	1634407402	
1.598118e+06	0	3150846686	8.529498e-07	1327969783	
1.599554e+06	0	790319072	2.791000e-08	1382686479	
1.603016e+06	0	3891448235	5.582000e-08	259930472	
1.603162e+06	1	3921011129	1.346680e-06	778035964	
1.624985e+06	1	179097684	4.046500e-07	4093093422	
1.631863e+06	0	3150846686	8.529498e-07	2937387076	
1.651905e+06	1	373638573	1.000000e+00	3071577057	
1.652146e+06	0	2298477853	2.791000e-08	2177968201	
1.659147e+06	1	373638573	1.000000e+00	825415804	
1.661274e+06	0	2480932170	2.791000e-08	2937387076	
1.683574e+06	0	2340740170	7.507430e-07	2870037616	
1.694008e+06	3	3534547045	5.862000e-07	2528553283	432337108	1.400000e-08	1902671923	1.510667e-08	4209590891	1.510667e-08	77395223	1.510667e-08	3592986772	1.510667e-08	1246511018	1.510667e-08	3986570268	1.510667e-08	
1.694065e+06	1	3534547045	6.013067e-07	1902671923	
1.694589e+06	1	3150846686	8.675612e-07	1382686479	
1.695986e+06	1	3534547045	6.164133e-07	77395223	
1.700957e+06	1	2340740170	7.653134e-07	1726701215	
1.704434e+06	1	3534547045	6.304133e-07	432337108	
1.708510e+06	1	373638573	1.000000e+00	3116505811	
1.720622e+06	1	3534547045	6.455200e-07	3986570268	
1.723484e+06	3	3593732192	1.457038e-08	4122240121	174500547	1.400000e-08	
1.728754e+06	0	4259593397	3.907400e-07	1931993247	
1.730137e+06	3	2480932170	1.400000e-08	1246511018	4083845756	1.450833e-08	110358663	1.450833e-08	
1.730549e+06	3	2340740170	7.653134e-07	4259593397	1370908750	1.400000e-08	1837234470	1.449000e-08	2945849429	1.449000e-08	66296937	1.449000e-08	976558236	1.449000e-08	2438291630	1.449000e-08	906368509	1.449000e-08	3783228500	1.449000e-08	2858952728	1.449000e-08	395113485	1.449000e-08	4019363830	1.449000e-08	3016084464	1.449000e-08	921818415	1.449000e-08	2892683898	1.449000e-08	3697249003	1.449000e-08	3983774618	1.449000e-08	4187488967	1.449000e-08	898751805	1.449000e-08	3632514288	1.449000e-08	410848061	1.449000e-08	2791633391	1.449000e-08	630280293	1.449000e-08	4212779140	1.449000e-08	3459374364	1.449000e-08	2125331604	1.449000e-08	3113062634	1.449000e-08	847040419	1.449000e-08	
1.730554e+06	0	921818415	1.449000e-08	1370908750	
1.736028e+06	1	4083845756	2.850833e-08	2480932170	
1.751111e+06	0	2799798816	3.349200e-07	4187488967	
1.751314e+06	0	3481866093	2.791000e-08	898751805	
1.752500e+06	0	688805295	2.791000e-08	451270221	
1.754497e+06	0	2340740170	7.653134e-07	3593732192	
1.754707e+06	1	3921011129	1.374590e-06	3421887303	
1.784088e+06	1	741863299	4.240000e-08	395113485	
1.794872e+06	1	179097684	4.202998e-07	2312786130	
1.799599e+06	1	1465560917	4.610500e-07	4019363830	
1.811088e+06	0	1465560917	4.610500e-07	1471982444	
1.824207e+06	0	3534547045	6.455200e-07	2835620284	
1.834667e+06	1	373638573	1.000000e+00	2250879299	
1.839851e+06	0	3555679070	2.791000e-08	2737363250	
1.846618e+06	1	1465560917	4.750500e-07	174500547	
1.851579e+06	1	3534547045	6.606267e-07	4209590891	
1.891531e+06	3	3869596591	1.400000e-08	2835620284	4240624600	1.521484e-08	1565786989	1.521484e-08	2286860921	1.521484e-08	3707879645	1.521484e-08	
1.895127e+06	1	2286860921	3.042968e-08	4240624600	
1.896115e+06	1	2286860921	4.442968e-08	3869596591	
1.912826e+06	0	3303338876	2.205231e-08	879162223	
1.916346e+06	0	2340740170	7.653134e-07	2795063678	
1.923018e+06	3	3732071459	1.400000e-08	3179285865	2746930994	1.428025e-08	4075596975	1.428025e-08	
1.923246e+06	1	373638573	1.000000e+00	3382444416	
1.923473e+06	1	1465560917	4.959976e-07	1471982444	
1.924139e+06	1	3534547045	6.757333e-07	3592986772	
1.941137e+06	3	1516068388	1.400000e-08	3555679070	4283280385	1.743250e-08	538453177	1.743250e-08	3121292019	1.743250e-08	3349724438	1.743250e-08	
1.942380e+06	1	3150846686	8.822117e-07	1842102965	
1.942638e+06	0	3349724438	1.743250e-08	1516068388	
1.958942e+06	0	2710766136	2.791000e-08	1503861029	
1.993223e+06	1	1465560917	5.239076e-07	1502094437	
1.996503e+06	1	2919643181	4.252142e-08	1998372786	
1.999318e+06	3	134948105	1.518180e-08	375852842	4253718737	1.400000e-08	
1.999778e+06	1	1068020906	9.545233e-04	1134132465	
2.001692e+06	3	2286860921	1.400000e-08	1503861029	3297362622	1.458492e-08	1751902433	1.458492e-08	2878871175	1.458492e-08	3083717413	1.458492e-08	
2.010798e+06	1	3534547045	6.903183e-07	3083717413	
2.022690e+06	0	179097684	4.202998e-07	1751902433	
2.033571e+06	0	2340740170	7.653134e-07	443746396	
2.034236e+06	3	2962530363	1.400000e-08	3349724438	220564665	1.628663e-08	3653734512	1.628663e-08	
2.035145e+06	1	179097684	4.355146e-07	1565786989	
2.035288e+06	0	179097684	4.355146e-07	2286860921	
2.049345e+06	0	598947138	2.791000e-08	3113062634	
2.052376e+06	0	2340740170	7.653134e-07	3655816389	
2.057349e+06	0	740082705	1.465050e-08	2945849429	
2.057616e+06	1	3534547045	7.049032e-07	3297362622	
2.059372e+06	0	3534547045	7.049032e-07	2118016430	
2.062986e+06	0	3921011129	1.374590e-06	3884425642	
2.063828e+06	3	4252347608	1.400000e-08	3707879645	3815024321	1.456242e-08	1428265047	1.456242e-08	
2.078674e+06	1	1428265047	2.912484e-08	3815024321	
2.080551e+06	3	3823443426	2.791000e-08	265770918	3604532305	1.400000e-08	
2.085027e+06	1	179097684	4.500995e-07	2878871175	
2.094927e+06	3	3241671100	1.400000e-08	384163328	1869365069	2.091000e-08	965372172	2.091000e-08	
2.100241e+06	0	3696843781	8.845423e-08	1327969783	
2.102390e+06	1	373638573	1.000000e+00	3736894086	
2.102955e+06	0	2340740170	7.653134e-07	3983774618	
2.110217e+06	0	2795063678	1.465050e-08	1837234470	
2.114863e+06	0	1123501568	2.791000e-08	3121292019	
2.118533e+06	0	1541946641	2.791000e-08	3697249003	
2.123162e+06	0	2504591099	2.791000e-08	1227575429	
2.124065e+06	1	2340740170	7.932234e-07	598947138	
2.126223e+06	0	2286860921	1.400000e-08	2118016430	
2.147817e+06	0	3150846686	8.822117e-07	220564665	
2.150938e+06	0	2984600922	3.265891e-07	66296937	
2.156032e+06	1	2246051850	1.031657e-06	2298477853	
2.170564e+06	1	373638573	1.000000e+00	356405251	
2.178635e+06	0	2919643181	4.252142e-08	102901530	
2.197873e+06	0	1494850122	2.091000e-08	630280293	
2.221264e+06	1	1465560917	5.379076e-07	3604532305	
2.221421e+06	1	3150846686	9.031217e-07	1239307652	
2.229850e+06	3	2737363250	1.400000e-08	1078741991	607396504	1.428025e-08	2533881277	1.428025e-08	
2.238197e+06	0	4046076794	2.791000e-08	1172086036	
2.254931e+06	0	257754683	2.791000e-08	1803925302	
2.257606e+06	1	1428265047	4.312484e-08	4252347608	
2.259054e+06	0	2799798816	3.349200e-07	1458665800	
2.260644e+06	1	373638573	1.000000e+00	911013108	
2.263726e+06	0	3534547045	7.049032e-07	2118016430	
2.272925e+06	3	1123501568	1.400000e-08	110358663	472358284	1.420917e-08	1950077488	1.420917e-08	
2.273189e+06	1	3988949870	4.248038e-08	2063946235	
2.275053e+06	3	179097684	4.456506e-07	3884425642	1820499179	2.535893e-08	
2.281439e+06	1	179097684	4.710095e-07	1820499179	
2.283544e+06	0	3653734512	1.628663e-08	1516068388	
2.291117e+06	1	373638573	1.000000e+00	2177968201	
2.305101e+06	1	3534547045	7.269555e-07	3303338876	
2.319120e+06	1	179097684	4.850095e-07	2286860921	
2.331912e+06	1	1465560917	5.523976e-07	2858952728	
2.358578e+06	0	1738909006	2.131184e-08	3016084464	
2.366558e+06	1	373638573	1.000000e+00	3823443426	
2.375157e+06	0	3150846686	9.031217e-07	1327969783	
2.376260e+06	1	3004792470	3.349200e-07	732124878	
2.389376e+06	0	4212779140	1.449000e-08	921425487	
2.401852e+06	3	1172086036	1.506038e-08	630280293	4055959668	1.400000e-08	
2.410124e+06	3	313359544	1.506038e-08	3632514288	528880979	1.400000e-08	
2.411814e+06	0	3921011129	1.374590e-06	2455922112	
2.412122e+06	3	3150846686	9.031217e-07	3988949870	3778036871	1.400000e-08	1405660995	1.424019e-08	3662110242	1.424019e-08	
2.443132e+06	1	2246051850	1.059567e-06	257754683	
2.450484e+06	0	1227575429	2.791000e-08	3616865126	
2.469002e+06	1	3921011129	1.402500e-06	3061883439	
2.483148e+06	0	4083845756	2.850833e-08	1172086036	
2.496366e+06	0	3071234124	2.791000e-08	3662110242	
2.566856e+06	1	3150846686	9.181821e-07	313359544	
2.575383e+06	0	2246051850	1.059567e-06	965372172	
2.599995e+06	1	3150846686	9.321821e-07	3491092596	
2.634314e+06	1	3150846686	9.464223e-07	3662110242	
2.638793e+06	3	869234806	1.400000e-08	188552836	2247026945	1.428025e-08	4032129539	1.428025e-08	
2.643238e+06	0	741863299	4.240000e-08	4075596975	
2.649897e+06	3	3921011129	1.402500e-06	4083845756	4035587434	1.400000e-08	3111692719	1.450833e-08	
2.650365e+06	3	302486611	1.514050e-08	2945849429	1398579088	1.400000e-08	
2.667478e+06	0	3774459889	2.791000e-08	953296898	
2.694448e+06	3	879162223	2.119025e-08	2746930994	2501379955	1.400000e-08	
2.699034e+06	0	2246051850	1.059567e-06	1869365069	
2.713895e+06	1	2984600922	3.410791e-07	976558236	
2.716441e+06	1	3921011129	1.417008e-06	3111692719	
2.733853e+06	0	3150846686	9.464223e-07	688805295	
2.743820e+06	0	3004792470	3.349200e-07	2870037616	
2.764562e+06	0	3150846686	9.464223e-07	690117576	
2.787501e+06	1	373638573	1.000000e+00	1878784256	
2.805290e+06	0	378125977	1.461142e-08	4075596975	
2.834640e+06	1	2246051850	1.074057e-06	3016084464	
2.844901e+06	0	4046076794	2.791000e-08	2914302410	
2.863360e+06	1	373638573	1.000000e+00	2879167783	
2.868754e+06	3	511603307	1.400000e-08	4069401935	3332562587	1.426071e-08	3562383954	1.426071e-08	
2.886529e+06	1	373638573	1.000000e+00	3113062634	
2.891913e+06	1	2246051850	1.098450e-06	636961411	
2.897338e+06	0	740082705	1.465050e-08	2029773149	
2.914698e+06	1	1405660995	2.824019e-08	3241671100	
2.919533e+06	0	2340740170	7.932234e-07	1227575429	
2.955593e+06	0	3534547045	7.269555e-07	1950077488	
2.987671e+06	3	3891448235	2.994136e-08	3332562587	2521380987	2.006967e-08	4119421155	2.006967e-08	
3.018409e+06	0	3921011129	1.417008e-06	2441325815	
3.027024e+06	1	373638573	1.000000e+00	1130108289	
3.042127e+06	0	847040419	1.449000e-08	2125331604	
3.053197e+06	1	3150846686	9.676125e-07	879162223	
3.056317e+06	1	3534547045	7.411647e-07	1950077488	
3.074620e+06	3	1869365069	2.091000e-08	1516068388	1913762779	1.400000e-08	
3.079359e+06	0	2799798816	3.349200e-07	528880979	
3.104728e+06	0	3696843781	8.845423e-08	3459374364	
3.104728e+06	1	373638573	1.000000e+00	3459374364	
3.150845e+06	0	690117576	1.457038e-08	1412415798	
3.159789e+06	0	2693713428	2.791000e-08	2999719241	
3.160183e+06	0	179097684	4.850095e-07	3616865126	
3.163379e+06	0	259930472	2.791000e-08	688805295	
3.184760e+06	1	373638573	1.000000e+00	2250775120	
3.184949e+06	3	2519559028	6.158869e-07	3004792470	3678948817	1.798436e-08	2489195127	1.798436e-08	3929228125	1.798436e-08	
3.200700e+06	0	3534547045	7.411647e-07	1227575429	
3.209344e+06	0	965372172	2.091000e-08	3593732192	
3.266773e+06	1	2246051850	1.112711e-06	3562383954	
3.290612e+06	0	3214077756	1.957913e-08	4055959668	
3.306097e+06	3	4046076794	1.400000e-08	845665321	3160344427	1.424019e-08	3182159117	1.424019e-08	
3.314080e+06	1	373638573	1.000000e+00	898751805	
3.323168e+06	0	4187488967	1.449000e-08	3983774618	
3.344325e+06	1	373638573	1.000000e+00	3953846011	
3.376200e+06	1	373638573	1.000000e+00	3642829293	
3.378222e+06	1	179097684	4.995945e-07	1751902433	
3.415352e+06	3	1465560917	5.523976e-07	1405660995	766581564	1.400000e-08	3702894340	1.424019e-08	
3.450070e+06	1	2799798816	3.494100e-07	906368509	
3.457162e+06	1	3534547045	7.553738e-07	472358284	
3.478743e+06	1	2246051850	1.127851e-06	302486611	
3.491909e+06	1	3150846686	9.955225e-07	2718413753	
3.508339e+06	0	3921011129	1.417008e-06	1172086036	
3.508339e+06	1	373638573	1.000000e+00	1172086036	
3.522422e+06	1	3150846686	1.009803e-06	2533881277	
3.593094e+06	0	2909632847	1.824877e-08	57770090	
3.597753e+06	3	2118016430	1.400000e-08	1123501568	3532745758	1.400000e-08	
3.626492e+06	3	1026028388	2.045749e-08	3401497744	1072840122	1.595923e-08	3294683754	1.595923e-08	
3.681376e+06	0	2125112500	2.096245e-08	2438291630	
3.682296e+06	0	3921011129	1.417008e-06	3121292019	
3.709528e+06	1	373638573	1.000000e+00	3485819286	
3.731801e+06	0	4187488967	1.449000e-08	3778036871	
3.741242e+06	1	3921011129	1.431008e-06	3532745758	
3.758290e+06	0	4035587434	1.400000e-08	3778036871	
3.810982e+06	3	3293059020	1.489167e-08	2247026945	1676003954	1.400000e-08	
3.813319e+06	1	3150846686	1.030713e-06	965372172	
3.816884e+06	0	3293059020	1.489167e-08	3655816389	
3.831837e+06	3	3655816389	1.489167e-08	4032129539	4285585893	1.400000e-08	
3.847172e+06	3	2340740170	7.932234e-07	2984600922	2674988631	2.414485e-08	406745133	1.440610e-08	2883513480	1.440610e-08	783121895	1.440610e-08	2683944377	1.440610e-08	2961226102	1.440610e-08	301219709	1.440610e-08	1743198400	1.440610e-08	3059144981	1.440610e-08	3952655669	1.440610e-08	2848685905	1.440610e-08	1826422368	1.440610e-08	896813269	1.440610e-08	37051273	1.440610e-08	1867247157	1.440610e-08	3633199892	1.440610e-08	1736323711	1.440610e-08	283080478	1.440610e-08	785216844	1.440610e-08	3006103420	1.440610e-08	2898323513	1.440610e-08	1199222225	1.440610e-08	3755198008	1.440610e-08	
3.868756e+06	0	2340740170	7.932234e-07	1826422368	
3.868978e+06	0	179097684	4.995945e-07	4035587434	
3.872562e+06	1	373638573	1.000001e+00	1149406307	
3.905027e+06	1	373638573	1.000001e+00	1866926464	
3.909532e+06	0	3653734512	1.628663e-08	1913762779	
3.932825e+06	0	2246051850	1.127851e-06	3071234124	
3.948056e+06	0	1072840122	1.595923e-08	66296937	
3.964359e+06	3	1738909006	2.494661e-08	3678948817	2795041644	1.434959e-08	
3.970177e+06	3	2909632847	1.824877e-08	3778036871	3492274228	1.400000e-08	
3.986903e+06	1	2340740170	8.076295e-07	2683944377	
4.005119e+06	1	2799798816	3.640214e-07	378125977	
4.025885e+06	3	2125112500	2.153283e-08	217284033	1420914473	1.400000e-08	
4.061551e+06	0	3150846686	1.030713e-06	538453177	
4.068087e+06	1	2246051850	1.141851e-06	2501379955	
4.069349e+06	3	2962530363	1.400000e-08	4046076794	439844059	1.400000e-08	
4.083590e+06	1	3534547045	7.693738e-07	2118016430	
4.083965e+06	0	2340740170	8.076295e-07	1412415798	
4.153231e+06	1	373638573	1.000001e+00	4035587434	
4.162560e+06	0	3921011129	1.431008e-06	921425487	
4.257206e+06	1	3534547045	7.833738e-07	3492274228	
4.325184e+06	1	3150846686	1.046999e-06	3653734512	
4.332444e+06	1	2340740170	8.280870e-07	1026028388	
4.420306e+06	1	2519559028	6.303769e-07	2791633391	
4.485542e+06	1	3150846686	1.064432e-06	538453177	
4.516461e+06	1	2340740170	8.420870e-07	2737363250	
4.523454e+06	1	373638573	1.000001e+00	2856850640	
4.526277e+06	1	1465560917	5.666377e-07	3182159117	
4.550421e+06	1	3150846686	1.092342e-06	3774459889	
4.569657e+06	1	3921011129	1.460950e-06	3891448235	
4.570656e+06	1	3534547045	8.112838e-07	3616865126	
4.600461e+06	3	2489195127	1.905193e-08	3396227953	3802520055	1.400000e-08	
4.601363e+06	0	3888264012	1.457038e-08	4285585893	
4.612092e+06	1	373638573	1.000001e+00	102901530	
4.628501e+06	1	3534547045	8.295326e-07	2909632847	
4.634567e+06	3	739080713	2.105784e-08	2870037616	3012889883	1.738108e-08	3363823620	1.738108e-08	
4.638712e+06	1	426576124	6.698400e-07	3490627259	
4.638910e+06	1	2246051850	1.155851e-06	766581564	
4.654358e+06	0	2246051850	1.155851e-06	2898323513	
4.662492e+06	1	3534547045	8.491117e-07	3214077756	
4.670919e+06	3	3321237907	1.547368e-08	406745133	1086559163	1.400000e-08	
4.678126e+06	1	373638573	1.000001e+00	3160344427	
4.693981e+06	3	2340740170	8.420870e-07	1465560917	3063534263	3.133279e-08	2013640095	1.408697e-08	1461359102	1.408697e-08	2027098952	1.408697e-08	4167430602	1.408697e-08	4096225443	1.408697e-08	781549661	1.408697e-08	907719639	1.408697e-08	1906851972	1.408697e-08	2597880038	1.408697e-08	1896745001	1.408697e-08	2378434411	1.408697e-08	1837088337	1.408697e-08	1543523724	1.408697e-08	1761715697	1.408697e-08	3099973400	1.408697e-08	2789348510	1.408697e-08	1371202285	1.408697e-08	629078091	1.408697e-08	754560055	1.408697e-08	1737134642	1.408697e-08	37613351	1.408697e-08	3434666020	1.408697e-08	2369258877	1.408697e-08	3563522875	1.408697e-08	249728555	1.408697e-08	4285226245	1.408697e-08	2707460946	1.408697e-08	2606325002	1.408697e-08	1541925803	1.408697e-08	2024675612	1.408697e-08	1292023300	1.408697e-08	3302973195	1.408697e-08	875106938	1.408697e-08	3314075649	1.408697e-08	2589646060	1.408697e-08	3433591204	1.408697e-08	1848242772	1.408697e-08	250719570	1.408697e-08	
4.693981e+06	1	3063534263	4.541976e-08	250719570	
4.693981e+06	1	3063534263	5.950673e-08	2013640095	
4.697292e+06	0	2340740170	8.420870e-07	37613351	
4.702646e+06	0	2340740170	8.420870e-07	1458665800	
4.705757e+06	0	3783228500	1.449000e-08	2378434411	
4.730858e+06	3	3012889883	1.778718e-08	301219709	2681498831	1.400000e-08	
4.731188e+06	1	3012889883	3.178718e-08	2681498831	
4.738519e+06	0	875106938	1.408697e-08	4285226245	
4.763359e+06	1	2246051850	1.215358e-06	3063534263	
4.765838e+06	3	3783228500	1.457697e-08	1837088337	481808867	1.400000e-08	
4.795133e+06	0	2340740170	8.420870e-07	921818415	
4.806475e+06	3	2919643181	1.888005e-08	1913762779	2066612683	1.882068e-08	3458484829	1.882068e-08	
4.811627e+06	3	3655816389	1.529777e-08	3006103420	2719204682	1.400000e-08	
4.822405e+06	1	875106938	2.817395e-08	2789348510	
4.838975e+06	3	2937387076	1.400000e-08	4075596975	4256642775	1.409513e-08	2449448537	1.409513e-08	
4.847664e+06	1	373638573	1.000001e+00	4285585893	
4.884721e+06	3	2308721517	1.400000e-08	2999719241	463844675	1.741000e-08	3167902617	1.741000e-08	
4.889026e+06	1	463844675	3.141000e-08	2308721517	
4.898065e+06	0	2919643181	1.888005e-08	781549661	
4.903287e+06	0	1458432161	2.791000e-08	2027098952	
4.911513e+06	1	2246051850	1.230656e-06	3655816389	
4.918184e+06	1	2799798816	3.781084e-07	754560055	
4.948774e+06	3	3149440925	1.461142e-08	1370908750	579073438	1.400000e-08	
4.965301e+06	0	1738909006	2.494661e-08	2378434411	
5.051911e+06	3	4187488967	1.477025e-08	607396504	3468130899	1.400000e-08	
5.066181e+06	1	373638573	1.000001e+00	3363823620	
5.079352e+06	0	3321237907	1.547368e-08	3149440925	
5.079471e+06	1	2246051850	1.244656e-06	2962530363	
5.086218e+06	0	739080713	2.105784e-08	1736323711	
5.113426e+06	1	3921011129	1.475356e-06	2898323513	
5.123059e+06	3	1761715697	1.408697e-08	4055959668	393090083	1.400000e-08	
5.125032e+06	1	3921011129	1.503266e-06	1227575429	
5.130391e+06	0	2340740170	8.420870e-07	869234806	
5.222460e+06	1	2246051850	1.258656e-06	393090083	
5.231671e+06	3	3434666020	1.408697e-08	1086559163	2343849308	1.400000e-08	
5.261860e+06	1	2246051850	1.272656e-06	439844059	
5.271937e+06	0	249728555	1.408697e-08	3802520055	
5.294145e+06	0	2246051850	1.272656e-06	3434666020	
5.297139e+06	1	3921011129	1.531176e-06	953296898	
5.339126e+06	0	3534547045	8.491117e-07	3888264012	
5.339170e+06	0	783121895	1.440610e-08	2606325002	
5.401270e+06	1	2340740170	8.565770e-07	847040419	
5.421440e+06	0	3921011129	1.531176e-06	3167902617	
5.452982e+06	1	2519559028	6.449539e-07	3783228500	
5.453235e+06	0	1458665800	2.791000e-08	1541946641	
5.453524e+06	1	2340740170	8.706639e-07	2369258877	
5.589445e+06	3	3294683754	1.604620e-08	907719639	1055469694	1.400000e-08	
5.595344e+06	3	3149440925	1.501752e-08	1743198400	627452446	1.400000e-08	
5.604230e+06	1	3534547045	8.700217e-07	1869365069	
5.655069e+06	0	741863299	4.240000e-08	3294683754	
5.685235e+06	0	4212779140	1.449000e-08	2589646060	
5.685605e+06	3	688805295	2.799697e-08	1543523724	2014426858	1.400000e-08	
5.689938e+06	0	2159618959	1.461142e-08	4253718737	
5.699041e+06	1	373638573	1.000001e+00	3697249003	
5.708091e+06	1	3150846686	1.111222e-06	2919643181	
5.721199e+06	0	3150846686	1.111222e-06	2438291630	
5.762075e+06	1	3150846686	1.136169e-06	1738909006	
5.765052e+06	0	3921011129	1.531176e-06	3294683754	
5.804333e+06	0	3702894340	1.424019e-08	2027098952	
5.813769e+06	0	2914302410	1.461142e-08	528880979	
5.882307e+06	0	2246051850	1.272656e-06	4187488967	
5.976698e+06	3	3433591204	1.417395e-08	2589646060	2716949832	1.400000e-08	
5.988531e+06	1	3150846686	1.150939e-06	4187488967	
5.997298e+06	3	287801793	1.400000e-08	785216844	552634658	1.415805e-08	3736523900	1.415805e-08	
5.999973e+06	1	373638573	1.000001e+00	451270221	
6.058553e+06	1	2246051850	1.287062e-06	896813269	
6.069370e+06	0	2246051850	1.287062e-06	2438291630	
6.073544e+06	1	3150846686	1.165097e-06	3736523900	
6.086111e+06	1	3921011129	1.545334e-06	552634658	
6.140648e+06	3	3458484829	2.364137e-08	2066612683	2213923665	1.400000e-08	
6.151272e+06	1	2246051850	1.301149e-06	3302973195	
6.176598e+06	0	2674988631	2.414485e-08	3167902617	
6.179962e+06	3	3434666020	1.408697e-08	627452446	1503202005	1.400000e-08	
6.180498e+06	3	1541946641	2.799697e-08	4096225443	3202152185	1.400000e-08	
6.198799e+06	0	3458484829	2.364137e-08	249728555	
6.204183e+06	1	3150846686	1.179503e-06	37051273	
6.206167e+06	0	2246051850	1.301149e-06	1503202005	
6.208493e+06	3	1285693762	1.474563e-08	4256642775	2622395779	1.400000e-08	
6.214364e+06	1	3150846686	1.193503e-06	1398579088	
6.227898e+06	0	2799798816	3.781084e-07	781549661	
6.243645e+06	3	1199222225	1.449308e-08	1541925803	3607413901	1.400000e-08	
6.244374e+06	3	3149440925	1.519147e-08	3433591204	649593533	1.400000e-08	
6.299955e+06	1	373638573	1.000001e+00	1826422368	
6.301762e+06	3	3294683754	1.604620e-08	2014426858	66987975	1.400000e-08	
6.338128e+06	1	3534547045	8.840217e-07	1503202005	
6.412238e+06	0	3294683754	1.604620e-08	2438291630	
6.452436e+06	1	3150846686	1.207590e-06	3434666020	
6.455665e+06	0	2213923665	1.400000e-08	1055469694	
6.457460e+06	3	875106938	1.400000e-08	649593533	483021244	1.408697e-08	3707800333	1.408697e-08	
6.489374e+06	3	3149440925	1.527844e-08	483021244	3528190190	1.400000e-08	
6.511457e+06	0	3150846686	1.207590e-06	781549661	
6.564223e+06	1	3150846686	1.222868e-06	3149440925	
6.628978e+06	3	2597880038	1.408697e-08	3732071459	2185291493	1.400000e-08	
6.661924e+06	3	3321237907	1.547368e-08	2213923665	550176535	1.400000e-08	
6.695150e+06	1	373638573	1.000001e+00	4119421155	
6.741109e+06	0	3921011129	1.545334e-06	287801793	
6.765187e+06	3	741863299	1.400000e-08	2125112500	1674415855	1.664428e-08	4287239676	1.664428e-08	3884987045	1.664428e-08	
6.774356e+06	3	3884987045	1.688447e-08	3702894340	1960974751	1.400000e-08	
6.788440e+06	3	2914302410	1.461142e-08	481808867	309459595	1.400000e-08	
6.819192e+06	1	2246051850	1.315639e-06	2438291630	
6.978629e+06	0	3534547045	8.840217e-07	3099973400	
6.978629e+06	1	373638573	1.000001e+00	3099973400	
6.983609e+06	0	463844675	3.141000e-08	66987975	
6.995505e+06	1	2246051850	1.329726e-06	1906851972	
7.019191e+06	1	373638573	1.000001e+00	2937387076	
7.037577e+06	1	2246051850	1.346370e-06	4287239676	
7.038356e+06	0	2246051850	1.346370e-06	2466232951	
7.075750e+06	3	1674415855	1.673125e-08	37613351	2348040613	1.400000e-08	
7.107320e+06	3	1737134642	1.417395e-08	1461359102	3180086772	1.400000e-08	
7.108428e+06	0	3012889883	3.178718e-08	4212779140	
7.154355e+06	0	2892683898	1.449000e-08	875106938	
7.156875e+06	0	629078091	1.408697e-08	4167430602	
7.253643e+06	1	2246051850	1.360982e-06	2914302410	
7.271788e+06	1	3150846686	1.236868e-06	1676003954	
7.277914e+06	1	3921011129	1.559334e-06	511603307	
7.375087e+06	3	3294683754	1.613318e-08	2707460946	3833074883	1.400000e-08	
7.390481e+06	1	3534547045	9.154317e-07	463844675	
7.504059e+06	1	3150846686	1.250868e-06	2348040613	
7.527697e+06	0	790319072	2.791000e-08	134948105	
7.546593e+06	1	2246051850	1.388892e-06	1458432161	
7.566241e+06	3	2606325002	1.417395e-08	4167430602	1462644303	1.400000e-08	
7.581492e+06	3	1960974751	1.400000e-08	3607413901	4088625113	1.400000e-08	
7.601109e+06	3	688805295	1.400000e-08	1674415855	1237914369	1.536411e-08	2733144751	1.536411e-08	
7.612812e+06	3	4285226245	1.408697e-08	4253718737	1649557018	1.400000e-08	
7.626121e+06	0	2246051850	1.388892e-06	2795041644	
7.633743e+06	1	2340740170	8.846639e-07	3833074883	
7.635201e+06	3	4212779140	1.444194e-08	1960974751	1831065885	1.404806e-08	
7.640789e+06	3	2795041644	1.443656e-08	781549661	79461789	1.400000e-08	
7.681696e+06	0	2795041644	1.443656e-08	79461789	
7.691440e+06	0	3519923770	2.791000e-08	309459595	
7.713270e+06	0	2795041644	1.443656e-08	79461789	
7.715268e+06	1	373638573	1.000001e+00	2961226102	
7.748118e+06	3	179097684	4.954524e-07	2795041644	1621314342	1.857858e-08	
7.748766e+06	1	179097684	5.140310e-07	1621314342	
7.757087e+06	1	2519559028	6.591278e-07	2606325002	
7.875211e+06	1	3150846686	1.264955e-06	1371202285	
7.918436e+06	1	2246051850	1.416889e-06	1541946641	
7.946442e+06	0	3921011129	1.559334e-06	3707800333	
7.977854e+06	3	3593732192	1.497649e-08	1736323711	2016090987	1.400000e-08	
7.985825e+06	3	2674988631	2.423183e-08	1848242772	1553963666	1.400000e-08	
8.027385e+06	0	3534547045	9.154317e-07	1737134642	
8.034497e+06	1	2246051850	1.432848e-06	1072840122	
8.129148e+06	0	2029773149	1.465050e-08	741863299	
8.153071e+06	3	4285226245	1.408697e-08	66987975	1002680420	1.400000e-08	
8.203788e+06	0	3534547045	9.154317e-07	309459595	
8.212709e+06	1	3534547045	9.294317e-07	309459595	
8.213284e+06	1	2246051850	1.446848e-06	287801793	
8.261549e+06	3	3458484829	2.421175e-08	3888264012	734120091	1.400000e-08	
8.282067e+06	1	373638573	1.000001e+00	3802520055	
8.343130e+06	1	1068020906	9.545512e-04	3519923770	
8.445333e+06	3	2246051850	1.446848e-06	3150846686	2475979558	7.829348e-08	2649056468	1.412693e-08	3381587904	1.412693e-08	175860597	1.412693e-08	1089013536	1.412693e-08	552498239	1.412693e-08	481049431	1.412693e-08	2950407739	1.412693e-08	72955594	1.412693e-08	1771264541	1.412693e-08	2353028958	1.412693e-08	2980075456	1.412693e-08	3449694611	1.412693e-08	1194638860	1.412693e-08	114837353	1.412693e-08	2341758500	1.412693e-08	651046398	1.412693e-08	2780384598	1.412693e-08	1061526795	1.412693e-08	3342541004	1.412693e-08	1577969976	1.412693e-08	695939830	1.412693e-08	229435916	1.412693e-08	1850435983	1.412693e-08	19131048	1.412693e-08	2426951832	1.412693e-08	3089865955	1.412693e-08	3526559023	1.412693e-08	73116178	1.412693e-08	2654473721	1.412693e-08	2564127097	1.412693e-08	3554620561	1.412693e-08	2789301560	1.412693e-08	3201932102	1.412693e-08	3527214469	1.412693e-08	224410298	1.412693e-08	3967778277	1.412693e-08	1759850032	1.412693e-08	2704180049	1.412693e-08	287394855	1.412693e-08	2670951229	1.412693e-08	2367820772	1.412693e-08	771359632	1.412693e-08	4186562710	1.412693e-08	3211480542	1.412693e-08	346987663	1.412693e-08	1922039940	1.412693e-08	2110688926	1.412693e-08	1314810707	1.412693e-08	2472898255	1.412693e-08	3459912306	1.412693e-08	1598213090	1.412693e-08	1495382923	1.412693e-08	722767024	1.412693e-08	515125813	1.412693e-08	1298902656	1.412693e-08	3532628785	1.412693e-08	826924968	1.412693e-08	3190311976	1.412693e-08	841878026	1.412693e-08	2747938267	1.412693e-08	3177521820	1.412693e-08	3363025910	1.412693e-08	1290268226	1.412693e-08	764400056	1.412693e-08	1517815290	1.412693e-08	66064165	1.412693e-08	2766526296	1.412693e-08	2454553876	1.412693e-08	1923515514	1.412693e-08	3339828518	1.412693e-08	105819081	1.412693e-08	533433650	1.412693e-08	1601889739	1.412693e-08	381652938	1.412693e-08	96665495	1.412693e-08	1342185090	1.412693e-08	149784911	1.412693e-08	85224627	1.412693e-08	1965662198	1.412693e-08	110439229	1.412693e-08	1449522982	1.412693e-08	3279439195	1.412693e-08	360107933	1.412693e-08	1657444763	1.412693e-08	
8.445333e+06	1	2475979558	9.242040e-08	2649056468	
8.445333e+06	1	2475979558	1.065473e-07	1657444763	
8.445333e+06	1	2475979558	1.206743e-07	360107933	
8.445333e+06	1	2475979558	1.348012e-07	3381587904	
8.445333e+06	1	2475979558	1.489281e-07	175860597	
8.445333e+06	1	2475979558	1.630550e-07	3279439195	
8.445333e+06	1	552498239	2.825385e-08	1089013536	
8.445333e+06	1	1449522982	2.825385e-08	110439229	
8.447381e+06	1	2246051850	1.460975e-06	3449694611	
8.448232e+06	1	2246051850	1.475102e-06	2454553876	
8.452448e+06	0	2246051850	1.475102e-06	651046398	
8.453740e+06	1	2246051850	1.489229e-06	3532628785	
8.458153e+06	0	73116178	1.412693e-08	3342541004	
8.460222e+06	1	2246051850	1.503356e-06	3967778277	
8.460499e+06	1	2246051850	1.517482e-06	3211480542	
8.464437e+06	1	2246051850	1.531609e-06	2766526296	
8.465497e+06	1	2654473721	2.825385e-08	3526559023	
8.466823e+06	0	2704180049	1.412693e-08	1850435983	
8.466935e+06	1	533433650	2.825385e-08	481049431	
8.467546e+06	1	2246051850	1.545736e-06	695939830	
8.485480e+06	0	66064165	1.412693e-08	1290268226	
8.487618e+06	0	3458484829	2.421175e-08	2489195127	
8.490252e+06	1	1449522982	4.238078e-08	1495382923	
8.496594e+06	1	2246051850	1.588117e-06	1449522982	
8.501692e+06	0	771359632	1.412693e-08	734120091	
8.516483e+06	3	2489195127	1.917886e-08	722767024	58759274	1.400000e-08	
8.521869e+06	0	3884987045	1.688447e-08	58759274	
8.528715e+06	1	2246051850	1.602244e-06	287394855	
8.529444e+06	1	2246051850	1.616371e-06	1061526795	
8.537802e+06	0	2980075456	1.412693e-08	72955594	
8.538490e+06	0	2475979558	1.630550e-07	72955594	
8.539631e+06	1	2246051850	1.630498e-06	2367820772	
8.543466e+06	0	2246051850	1.630498e-06	1314810707	
8.553246e+06	3	2733144751	1.545108e-08	2378434411	2135013218	1.400000e-08	
8.553352e+06	3	179097684	5.140310e-07	1428265047	470332523	1.400000e-08	3217169414	1.456242e-08	3030801476	1.456242e-08	
8.554102e+06	1	179097684	5.285934e-07	3217169414	
8.563750e+06	0	533433650	2.825385e-08	2029773149	
8.572381e+06	1	3363025910	2.825385e-08	1922039940	
8.574802e+06	1	179097684	5.425934e-07	470332523	
8.575229e+06	0	4186562710	1.412693e-08	2016090987	
8.576721e+06	0	2110688926	1.412693e-08	2950407739	
8.591462e+06	1	2246051850	1.644625e-06	3342541004	
8.597313e+06	3	3921011129	2.360121e-06	3534547045	2208266878	1.429385e-08	3715668764	1.429385e-08	3418547556	1.429385e-08	355298688	1.429385e-08	4193709834	1.429385e-08	584993009	1.429385e-08	1499007652	1.429385e-08	755060644	1.429385e-08	3270476896	1.429385e-08	
8.598240e+06	1	3921011129	2.374415e-06	2208266878	
8.601477e+06	1	3921011129	2.388709e-06	755060644	
8.604564e+06	3	3952655669	1.453303e-08	1601889739	3934203265	1.400000e-08	
8.606376e+06	0	3921011129	2.388709e-06	3418547556	
8.607804e+06	1	2246051850	1.658752e-06	515125813	
8.615859e+06	1	2246051850	1.672879e-06	1577969976	
8.628718e+06	0	2110688926	1.412693e-08	2780384598	
8.629094e+06	0	2733144751	1.545108e-08	4004407106	
8.631121e+06	1	2246051850	1.687006e-06	3339828518	
8.634533e+06	1	3921011129	2.403002e-06	3270476896	
8.637166e+06	1	3921011129	2.417296e-06	584993009	
8.664021e+06	1	3921011129	2.431590e-06	4193709834	
8.673348e+06	0	2029773149	1.465050e-08	3177521820	
8.680794e+06	1	3921011129	2.445884e-06	1499007652	
8.692068e+06	3	3458484829	2.421175e-08	1553963666	1292024166	1.400000e-08	
8.715282e+06	1	3363025910	4.238078e-08	105819081	
8.715987e+06	0	229435916	1.412693e-08	72955594	
8.716622e+06	0	2246051850	1.687006e-06	2472898255	
8.716706e+06	1	3921011129	2.460178e-06	3715668764	
8.719117e+06	1	2246051850	1.701133e-06	2704180049	
8.726456e+06	0	2246051850	1.701133e-06	690117576	
8.740605e+06	0	533433650	2.825385e-08	1771264541	
8.767152e+06	1	2246051850	1.715259e-06	2789301560	
8.768015e+06	1	552498239	4.225385e-08	688805295	
8.769942e+06	0	1923515514	1.412693e-08	66064165	
8.779118e+06	1	2246051850	1.729386e-06	2472898255	
8.789571e+06	0	3921011129	2.460178e-06	3418547556	
8.790510e+06	1	3921011129	2.474472e-06	3418547556	
8.806805e+06	1	2246051850	1.743513e-06	2780384598	
8.826954e+06	0	3921011129	2.474472e-06	1759850032	
8.837787e+06	1	2246051850	1.757640e-06	826924968	
8.846412e+06	0	2799798816	3.781084e-07	3884987045	
8.863360e+06	0	2246051850	1.757640e-06	2110688926	
8.873968e+06	1	2246051850	1.772822e-06	134948105	
8.876567e+06	1	2475979558	1.771820e-07	114837353	
8.887417e+06	1	3921011129	2.488599e-06	2564127097	
8.896314e+06	1	2246051850	1.787799e-06	3593732192	
8.900985e+06	1	2246051850	1.801925e-06	2670951229	
8.920262e+06	3	58759274	1.400000e-08	2185291493	1323984060	1.400000e-08	
8.943344e+06	0	3921011129	2.488599e-06	734120091	
8.947723e+06	1	2246051850	1.816052e-06	2110688926	
8.956438e+06	3	1831065885	1.404806e-08	2016090987	4197927596	1.400000e-08	
8.968794e+06	1	2246051850	1.844306e-06	2654473721	
8.976215e+06	1	179097684	5.567204e-07	1759850032	
8.977107e+06	1	2246051850	1.858433e-06	19131048	
8.990300e+06	0	2426951832	1.412693e-08	3314075649	
9.016096e+06	1	2246051850	1.872560e-06	3554620561	
9.019552e+06	0	2799798816	3.781084e-07	2883513480	
9.024593e+06	3	1199222225	1.449308e-08	2719204682	1414892502	1.400000e-08	
9.031924e+06	0	85224627	1.412693e-08	4285226245	
9.041489e+06	1	2246051850	1.914941e-06	3363025910	
9.058459e+06	0	2489195127	1.917886e-08	72955594	
9.094269e+06	0	2246051850	1.914941e-06	2489195127	
9.101752e+06	1	3921011129	2.506031e-06	4283280385	
9.149610e+06	0	3921011129	2.506031e-06	355298688	
9.153833e+06	3	2733144751	1.557801e-08	2747938267	4201342597	1.400000e-08	
9.174572e+06	3	1517815290	1.412693e-08	1462644303	2391696826	1.400000e-08	
9.177631e+06	1	2246051850	1.929068e-06	1290268226	
9.227551e+06	1	373638573	1.000001e+00	259930472	
9.244702e+06	0	2340740170	8.846639e-07	3468130899	
9.244828e+06	1	3921011129	2.520325e-06	355298688	
9.247515e+06	0	771359632	1.412693e-08	2391696826	
9.270580e+06	3	2246051850	1.929068e-06	2475979558	4138371369	1.400000e-08	3590332688	1.483472e-08	1745749016	1.483472e-08	2711965517	1.483472e-08	2933223072	1.483472e-08	1987038079	1.483472e-08	3797386594	1.483472e-08	1280619132	1.483472e-08	4105879141	1.483472e-08	3088551619	1.483472e-08	3443287411	1.483472e-08	3981989558	1.483472e-08	
9.271233e+06	1	2246051850	1.943903e-06	1280619132	
9.272968e+06	1	3921011129	2.534452e-06	1965662198	
9.278472e+06	1	2246051850	1.958029e-06	764400056	
9.282635e+06	3	2733144751	1.705169e-08	3321237907	1165174376	1.400000e-08	
9.283266e+06	1	2246051850	1.972029e-06	4138371369	
9.284969e+06	0	1237914369	1.536411e-08	3797386594	
9.293344e+06	3	2711965517	1.488278e-08	1831065885	3467386575	1.400000e-08	
9.311243e+06	3	3443287411	1.532472e-08	2125331604	4263904522	1.400000e-08	
9.312623e+06	3	3467386575	1.400000e-08	1414892502	4267941538	1.400000e-08	
9.320927e+06	1	2246051850	1.986864e-06	3590332688	
9.322980e+06	1	2246051850	2.000991e-06	841878026	
9.323599e+06	0	2426951832	1.412693e-08	2716949832	
9.333751e+06	1	2246051850	2.015118e-06	3177521820	
9.336518e+06	0	4285226245	1.408697e-08	3467386575	
9.345793e+06	1	2246051850	2.029953e-06	3088551619	
9.378368e+06	1	373638573	1.000001e+00	4004407106	
9.406230e+06	3	66064165	1.412693e-08	1055469694	3372193553	1.400000e-08	
9.411061e+06	1	179097684	5.712828e-07	3030801476	
9.413905e+06	0	2340740170	8.846639e-07	2980075456	
9.450728e+06	1	3921011129	2.548579e-06	96665495	
9.467616e+06	1	3921011129	2.562579e-06	2716949832	
9.469650e+06	0	3981989558	1.483472e-08	3633199892	
9.483067e+06	0	2353028958	1.412693e-08	2449448537	
9.497326e+06	0	2246051850	2.029953e-06	1285693762	
9.503779e+06	0	3921011129	2.562579e-06	3201932102	
9.512338e+06	3	1923515514	1.412693e-08	741863299	3681452412	1.400000e-08	
9.521561e+06	0	1745749016	1.483472e-08	3089865955	
9.544971e+06	0	3797386594	1.483472e-08	3468130899	
9.552813e+06	0	2933223072	1.483472e-08	2027098952	
9.592718e+06	3	4267941538	1.400000e-08	2622395779	2604064924	1.400000e-08	
9.614501e+06	3	3797386594	1.483472e-08	3202152185	3458662533	1.400000e-08	
9.664071e+06	0	1342185090	1.412693e-08	3201932102	
9.705281e+06	3	1867247157	1.440610e-08	2604064924	762210064	1.400000e-08	
9.714907e+06	0	66064165	1.412693e-08	875106938	
9.715778e+06	1	2246051850	2.043953e-06	3467386575	
9.719011e+06	1	2246051850	2.063132e-06	2489195127	
9.732033e+06	1	2246051850	2.077259e-06	73116178	
9.794301e+06	0	2426951832	1.412693e-08	1896745001	
9.819062e+06	1	3921011129	2.576706e-06	1342185090	
9.825075e+06	1	2246051850	2.091385e-06	3459912306	
9.838760e+06	0	1598213090	1.412693e-08	762210064	
9.844573e+06	3	1237914369	1.619884e-08	2933223072	570164134	1.400000e-08	
9.852977e+06	3	2246051850	2.909624e-06	2340740170	2418772576	1.660633e-08	2105330617	1.660633e-08	964813250	1.660633e-08	2039170765	1.660633e-08	
9.853020e+06	1	2246051850	2.926230e-06	2105330617	
9.873924e+06	1	2799798816	3.925984e-07	2892683898	
9.874794e+06	1	2246051850	2.942837e-06	2039170765	
9.887149e+06	1	2246051850	2.956837e-06	1002680420	
9.891556e+06	3	3059144981	1.449308e-08	1896745001	4278040469	1.400000e-08	
9.915178e+06	0	2246051850	2.956837e-06	4197927596	
9.915520e+06	0	3921011129	2.576706e-06	3201932102	
9.928786e+06	3	552498239	1.400000e-08	2733144751	241690685	1.510185e-08	1703904600	1.510185e-08	3814978291	1.510185e-08	
9.953509e+06	1	2246051850	2.971671e-06	3981989558	
9.958333e+06	1	2246051850	2.986506e-06	4105879141	
9.967478e+06	0	3921011129	2.576706e-06	58759274	
9.980048e+06	0	3921011129	2.576706e-06	1745749016	
9.985925e+06	1	2246051850	3.000996e-06	410848061	
9.991925e+06	1	2246051850	3.017603e-06	964813250	
9.999646e+06	1	2246051850	3.031729e-06	224410298	
