1.157050e+02	1	1075699702	3.070100e-07	1986278615	
3.621100e+02	1	1572835533	3.070100e-07	197654791	
4.516098e+02	1	3004792470	3.070100e-07	739080713	
1.592131e+03	1	1572835533	3.349200e-07	343742982	
1.612677e+03	1	3114612365	5.582000e-08	3121047530	
1.941428e+03	1	2340740170	3.070100e-07	314650893	
1.979504e+03	1	1327969783	5.582000e-08	598947138	
1.985692e+03	1	4031050948	3.070100e-07	3833318790	
2.132481e+03	1	2799798816	3.070100e-07	659524895	
2.198370e+03	1	3373526895	3.070100e-07	486050091	
2.318848e+03	1	3373526895	3.349200e-07	1631081845	
2.417704e+03	1	3326748277	5.582000e-08	287801793	
3.162691e+03	1	2984600922	3.070100e-07	4061687915	
3.873255e+03	1	1222799196	3.070100e-07	949068759	
3.919783e+03	1	1465560917	3.070100e-07	259930472	
4.517905e+03	1	2038493855	5.582000e-08	2393342300	
4.776144e+03	1	1593891639	5.582000e-08	2542835646	
7.203216e+03	1	2235064901	3.070100e-07	1379399837	
7.324010e+03	0	3084497907	2.791000e-08	778035964	
7.987222e+03	1	2246051850	3.070100e-07	3498415124	
1.010735e+04	1	2246051850	3.349200e-07	688805295	
1.023633e+04	0	725558489	2.791000e-08	2859795595	
1.094558e+04	1	858320168	5.582000e-08	331336395	
1.122213e+04	1	1068020906	9.543279e-04	501991070	
1.150623e+04	1	4031050948	3.349200e-07	3838279446	
1.279873e+04	1	2984600922	3.349200e-07	2906924538	
1.320639e+04	1	4259593397	3.070100e-07	810769555	
1.413880e+04	1	2799798816	3.349200e-07	2466232951	
1.496207e+04	1	4259593397	3.349200e-07	2250879299	
1.701604e+04	1	3534547045	3.070100e-07	925199572	
1.918955e+04	0	858320168	5.582000e-08	778035964	
2.080137e+04	1	3841896594	5.582000e-08	3800234335	
2.096948e+04	1	2799798816	3.628300e-07	1458432161	
2.291114e+04	1	1572835533	3.628300e-07	1444500749	
2.308448e+04	1	3921011129	3.070100e-07	387772665	
2.502290e+04	0	2409063466	2.791000e-08	245436729	
2.580059e+04	0	3421887303	2.791000e-08	3938221642	
2.648199e+04	1	769686034	5.582000e-08	251961497	
2.696245e+04	1	3373526895	3.628300e-07	3421887303	
2.818679e+04	1	2038493855	8.373000e-08	1731090175	
3.019507e+04	0	6723929	2.791000e-08	2932274237	
3.150468e+04	0	1735432893	2.791000e-08	3938221642	
3.643647e+04	1	179097684	3.070100e-07	1206764858	
3.643945e+04	0	2235064901	3.070100e-07	1493201942	
4.109820e+04	1	2799798816	3.907400e-07	2046083849	
4.160193e+04	1	3921011129	3.349200e-07	3116505811	
4.260327e+04	1	1465560917	3.349200e-07	1541946641	
4.524534e+04	1	3061883439	5.582000e-08	1738899943	
4.537842e+04	0	3326748277	5.582000e-08	3232700421	
4.567636e+04	1	3534547045	3.349200e-07	2455496064	
4.607174e+04	1	1465560917	3.628300e-07	1790255658	
4.639669e+04	1	3373526895	4.186500e-07	3841896594	
4.686341e+04	1	1465560917	3.907400e-07	2693713428	
4.760765e+04	1	2246051850	3.628300e-07	941534069	
5.124284e+04	1	3373526895	4.465600e-07	632754209	
5.297396e+04	0	1661091397	2.791000e-08	582973675	
5.441400e+04	0	476505668	2.791000e-07	300193622	
5.530547e+04	0	2937387076	2.791000e-08	2718413753	
5.773351e+04	1	333964007	5.582000e-08	102901530	
6.002586e+04	0	2779686750	2.791000e-08	3616865126	
6.132721e+04	1	3004792470	3.349200e-07	838860310	
6.328955e+04	0	3737780296	2.791000e-07	4188445920	
6.338490e+04	3	1661091397	3.619739e-08	2349140130	3687573659	1.962261e-08	
6.637959e+04	1	3150846686	3.070100e-07	561528368	
6.800187e+04	0	905418128	2.791000e-08	257754683	
6.808978e+04	1	1222799196	3.349200e-07	3129006749	
7.033224e+04	0	3921011129	3.349200e-07	3938221642	
7.074393e+04	1	3534547045	3.628300e-07	1735432893	
7.086646e+04	1	3749853089	4.753261e-08	3687573659	
7.915244e+04	0	2235064901	3.070100e-07	3616865126	
8.650952e+04	0	2737363250	2.791000e-08	3938221642	
8.802013e+04	0	3534547045	3.628300e-07	582973675	
8.917248e+04	3	3373526895	4.465600e-07	3061883439	3196256300	1.400000e-08	848448836	2.091000e-08	2211003714	2.091000e-08	
8.993648e+04	0	2340740170	3.070100e-07	6723929	
9.272394e+04	1	3373526895	4.674700e-07	2211003714	
9.502595e+04	3	3150846686	3.070100e-07	545239233	2916276788	4.190394e-08	3696193412	1.482475e-08	15308464	1.482475e-08	1239307652	1.482475e-08	1945448119	1.482475e-08	3396227953	1.482475e-08	3321237907	1.482475e-08	3187199216	1.482475e-08	3330100144	1.482475e-08	310481256	1.482475e-08	817087088	1.482475e-08	551137729	1.482475e-08	1218250404	1.482475e-08	1035956119	1.482475e-08	1211996162	1.482475e-08	188552836	1.482475e-08	2029773149	1.482475e-08	
9.502648e+04	1	2916276788	5.672870e-08	3696193412	
9.610975e+04	0	4263717482	2.791000e-08	3938221642	
1.006604e+05	0	1572835533	3.628300e-07	2870037616	
1.035654e+05	0	2406269022	2.791000e-08	4252347608	
1.036104e+05	0	3150846686	3.070100e-07	1516068388	
1.041076e+05	1	3373526895	4.814700e-07	3196256300	
1.072709e+05	0	3373526895	4.814700e-07	3084497907	
1.083008e+05	0	3534547045	3.628300e-07	1134175585	
1.095352e+05	0	426576124	2.791000e-07	1415695418	
1.104418e+05	0	1593891639	5.582000e-08	3775452048	
1.110573e+05	1	2246051850	3.907400e-07	953296898	
1.161787e+05	1	1327969783	8.373000e-08	4046076794	
1.180665e+05	0	2178051842	2.791000e-08	1239307652	
1.187091e+05	0	3084497907	2.791000e-08	1134175585	
1.210832e+05	0	1075699702	3.070100e-07	4122240121	
1.212561e+05	0	1321648343	2.791000e-08	4231632140	
1.241288e+05	1	1068020906	9.543558e-04	2681375347	
1.313394e+05	1	1075699702	3.349200e-07	3933289935	
1.447826e+05	0	2178051842	2.791000e-08	551137729	
1.448303e+05	0	3373526895	4.814700e-07	3126241903	
1.455150e+05	1	3373526895	5.372900e-07	858320168	
1.467089e+05	1	4031050948	3.628300e-07	2856850640	
1.529899e+05	0	1516068388	2.791000e-08	1218250404	
1.538203e+05	0	310481256	1.482475e-08	15308464	
1.543487e+05	1	1068020906	9.543837e-04	1768543625	
1.556262e+05	0	778035964	2.791000e-08	3126241903	
1.602239e+05	0	870323177	2.791000e-08	3621383820	
1.617051e+05	0	2859795595	2.791000e-08	2528553283	
1.654249e+05	0	3373526895	5.372900e-07	848448836	
1.655233e+05	3	2246051850	3.907400e-07	3114612365	302486611	1.400000e-08	1842102965	2.091000e-08	1285693762	2.091000e-08	
1.709559e+05	1	188552836	2.964951e-08	1211996162	
1.778691e+05	0	725558489	2.791000e-08	3084497907	
1.783639e+05	0	2308721517	2.791000e-08	2835620284	
1.852055e+05	0	2340740170	3.070100e-07	1123501568	
1.852385e+05	1	2235064901	3.349200e-07	2528553283	
1.954656e+05	1	3534547045	3.907400e-07	3084497907	
1.980218e+05	0	3071234124	2.791000e-08	2029773149	
1.990253e+05	0	2246051850	3.907400e-07	717226258	
1.991857e+05	1	3150846686	3.218348e-07	1239307652	
1.999159e+05	1	179097684	3.349200e-07	4252347608	
2.064516e+05	1	1068020906	9.544116e-04	2757833455	
2.074612e+05	3	2038493855	8.373000e-08	3749853089	1078741991	1.400000e-08	2723643411	1.676630e-08	1804212609	1.676630e-08	
2.148336e+05	0	1493201942	2.791000e-08	2779686750	
2.153615e+05	1	3921011129	3.628300e-07	3938221642	
2.166803e+05	1	3150846686	3.497448e-07	3150420704	
2.234297e+05	0	3424908067	2.791000e-08	2406269022	
2.246646e+05	0	2916276788	5.672870e-08	15308464	
2.252229e+05	1	1403705120	3.070100e-07	90391199	
2.292292e+05	0	3921011129	3.628300e-07	2737363250	
2.323157e+05	1	2235064901	3.497448e-07	3396227953	
2.323231e+05	1	3373526895	5.652000e-07	3889879026	
2.330689e+05	0	2235064901	3.497448e-07	870323177	
2.348052e+05	0	1593891639	5.582000e-08	1285693762	
2.377915e+05	0	3197676583	2.791000e-08	2487301543	
2.435671e+05	0	1593891639	5.582000e-08	2409063466	
2.441360e+05	1	2246051850	4.055648e-07	1218250404	
2.485539e+05	1	2246051850	4.334748e-07	1481166135	
2.515362e+05	1	426576124	3.070100e-07	164438789	
2.540593e+05	0	2835620284	2.791000e-08	3908154577	
2.721200e+05	1	2340740170	3.349200e-07	6723929	
2.754258e+05	3	3424908067	1.400000e-08	1804212609	438292632	1.533815e-08	2001290253	1.533815e-08	
2.785427e+05	0	3150846686	3.497448e-07	1516068388	
2.814331e+05	0	2737363250	2.791000e-08	848448836	
2.833800e+05	1	3800257563	3.070100e-07	3519923770	
2.881191e+05	1	2235064901	3.776548e-07	870323177	
2.934379e+05	3	3747246174	1.400000e-08	2001290253	3147695692	1.462408e-08	3179285865	1.462408e-08	
2.984697e+05	0	3326748277	5.582000e-08	2190522392	
2.995419e+05	0	3428193420	2.791000e-08	3241671100	
2.997149e+05	1	3373526895	5.931100e-07	2859795595	
3.131698e+05	1	2340740170	3.628300e-07	1425083048	
3.150559e+05	1	725558489	5.582000e-08	3257166052	
3.253607e+05	1	1068020906	9.544396e-04	3392858646	
3.303694e+05	3	905418128	2.904640e-08	778035964	2173231515	2.677360e-08	
3.342092e+05	0	1222799196	3.349200e-07	1285693762	
3.532632e+05	0	3179285865	1.462408e-08	3747246174	
3.550124e+05	3	2487301543	1.400000e-08	3732071459	740082705	2.091000e-08	2795063678	2.091000e-08	
3.567312e+05	3	1516068388	1.976149e-08	2835620284	3642829293	1.802926e-08	2707128518	1.802926e-08	
3.602501e+05	1	40245973	4.273475e-08	3187199216	
3.612107e+05	3	3373526895	5.931100e-07	3534547045	474866315	1.452686e-08	1639799867	1.446974e-08	1026028388	1.446974e-08	1128056158	1.446974e-08	2909632847	1.446974e-08	937177227	1.446974e-08	3393811039	1.446974e-08	611212867	1.446974e-08	1104410542	1.446974e-08	2328232000	1.446974e-08	2999719241	1.446974e-08	1931993247	1.446974e-08	1494850122	1.446974e-08	3414514926	1.446974e-08	2312786130	1.446974e-08	3537925318	1.446974e-08	1634407402	1.446974e-08	3869596591	1.446974e-08	3375523036	1.446974e-08	772925454	1.446974e-08	2215785330	1.446974e-08	3491092596	1.446974e-08	57770090	1.446974e-08	3071577057	1.446974e-08	1452489764	1.446974e-08	4260098875	1.446974e-08	3696843781	1.446974e-08	
3.612282e+05	1	3373526895	6.075797e-07	3414514926	
3.619233e+05	1	3373526895	6.220495e-07	1026028388	
3.620358e+05	0	3373526895	6.220495e-07	2215785330	
3.638669e+05	1	3373526895	6.365192e-07	611212867	
3.640421e+05	0	772925454	1.446974e-08	3537925318	
3.642651e+05	0	3373526895	6.365192e-07	1452489764	
3.674228e+05	1	57770090	2.893947e-08	1639799867	
3.694813e+05	1	3373526895	6.510461e-07	474866315	
3.705758e+05	0	3373526895	6.510461e-07	3537925318	
3.708393e+05	1	3696843781	2.893947e-08	1452489764	
3.729508e+05	1	2340740170	3.776548e-07	551137729	
3.735394e+05	0	3373526895	6.510461e-07	3071577057	
3.775027e+05	1	3179285865	2.862408e-08	3747246174	
3.784586e+05	1	3373526895	6.655158e-07	3869596591	
3.810837e+05	0	2205180068	2.791000e-08	2451350669	
3.855109e+05	1	1068020906	9.544675e-04	1586980658	
3.855560e+05	1	3373526895	6.799855e-07	1128056158	
3.871779e+05	1	3373526895	6.944553e-07	3375523036	
3.875106e+05	1	1593891639	8.373000e-08	245436729	
3.878909e+05	0	257754683	2.791000e-08	3919821980	
3.889612e+05	1	3921011129	3.907400e-07	780264402	
3.890327e+05	1	1572835533	3.907400e-07	3241671100	
3.891127e+05	1	3373526895	7.089250e-07	937177227	
3.895579e+05	1	3373526895	7.233947e-07	2999719241	
3.915397e+05	1	3373526895	7.523342e-07	3696843781	
3.927221e+05	0	3908154577	2.791000e-08	1945448119	
3.929087e+05	1	1068020906	9.544954e-04	843517319	
4.077069e+05	0	3179285865	2.862408e-08	438292632	
4.154164e+05	1	3373526895	7.668040e-07	1931993247	
4.165095e+05	0	1572835533	3.907400e-07	511603307	
4.166672e+05	3	257754683	3.668554e-08	1134175585	2138100036	1.913446e-08	
4.177167e+05	0	1584276479	2.791000e-08	3071577057	
4.185550e+05	1	3373526895	7.957434e-07	57770090	
4.432420e+05	1	1572835533	4.186500e-07	770580294	
4.484118e+05	0	3373526895	7.957434e-07	3126241903	
4.519980e+05	1	3373526895	8.236534e-07	4263717482	
4.546891e+05	0	3150846686	3.497448e-07	3232700421	
4.568938e+05	0	4231632140	2.791000e-08	1494141940	
4.590772e+05	1	3150846686	3.645695e-07	1945448119	
4.599752e+05	1	3373526895	8.381232e-07	3491092596	
4.715954e+05	0	4260098875	1.446974e-08	1104410542	
4.794935e+05	0	3555679070	2.791000e-08	1123501568	
4.802107e+05	1	3373526895	8.525929e-07	3071577057	
4.936128e+05	0	4231632140	2.791000e-08	1035956119	
5.015486e+05	0	3357643131	2.791000e-08	3919821980	
5.044431e+05	1	3126241903	4.237974e-08	3537925318	
5.082521e+05	3	2870037616	2.603087e-08	1516068388	1726701215	2.164061e-08	
5.103494e+05	0	2246051850	4.334748e-07	2707128518	
5.107998e+05	0	3616865126	2.791000e-08	1494141940	
5.118557e+05	3	1593891639	8.373000e-08	3326748277	1412415798	1.400000e-08	375852842	2.091000e-08	3593732192	2.091000e-08	
5.129343e+05	3	2737363250	1.400000e-08	3621383820	3888264012	2.091000e-08	313359544	2.091000e-08	
5.146213e+05	0	1572835533	4.186500e-07	3490627259	
5.161757e+05	1	1572835533	4.465600e-07	2480932170	
5.274673e+05	1	426576124	3.349200e-07	3012070026	
5.284906e+05	0	2215785330	1.446974e-08	1104410542	
5.327960e+05	3	2723643411	1.676630e-08	1078741991	217284033	1.400000e-08	
5.371375e+05	1	2246051850	4.474748e-07	1412415798	
5.379966e+05	0	3373526895	8.525929e-07	582973675	
5.448959e+05	1	1465560917	4.186500e-07	3774459889	
5.471331e+05	3	2038493855	8.856811e-08	1661091397	2151269300	1.567964e-08	3913511150	1.567964e-08	
5.601953e+05	3	1494141940	1.400000e-08	310481256	2962530363	1.436738e-08	2063946235	1.436738e-08	
5.634637e+05	0	3373526895	8.525929e-07	1634407402	
5.729345e+05	1	3150846686	3.913431e-07	2173231515	
5.799970e+05	3	4260098875	1.493947e-08	1634407402	1172086036	1.400000e-08	
5.886565e+05	3	2340740170	3.776548e-07	40245973	690117576	1.400000e-08	3288380490	1.436738e-08	845665321	1.436738e-08	
5.938956e+05	0	2038493855	8.856811e-08	3424908067	
6.021967e+05	0	1222799196	3.349200e-07	740082705	
6.047285e+05	0	3888264012	2.091000e-08	3393811039	
6.091959e+05	1	1572835533	4.744700e-07	1037584679	
6.134225e+05	1	2038493855	1.042478e-07	3913511150	
6.147259e+05	0	582973675	2.791000e-08	2215785330	
6.154281e+05	3	1584276479	1.400000e-08	2406269022	3122982648	2.091000e-08	1471982444	2.091000e-08	
6.175109e+05	1	1471982444	4.182000e-08	3122982648	
6.202021e+05	1	1068020906	9.545233e-04	3708838243	
6.205549e+05	0	848448836	2.091000e-08	2138100036	
6.218210e+05	0	2799798816	3.907400e-07	3707189490	
6.310040e+05	1	2340740170	3.916548e-07	690117576	
6.333631e+05	0	2038493855	1.042478e-07	2151269300	
6.349964e+05	0	3126241903	4.237974e-08	3393811039	
6.431895e+05	0	2545005546	2.791000e-08	3428193420	
6.442430e+05	1	3150846686	4.192531e-07	2178051842	
6.453355e+05	0	3150846686	4.192531e-07	3321237907	
6.487204e+05	3	482917538	1.400000e-08	1035956119	3303338876	1.436738e-08	2875471576	1.436738e-08	
6.514965e+05	1	1471982444	5.582000e-08	1584276479	
6.562396e+05	3	3126241903	3.616237e-08	217284033	1738909006	2.021736e-08	
6.609250e+05	3	3919821980	1.400000e-08	2312786130	356405251	1.418987e-08	2879167783	1.418987e-08	
6.618084e+05	1	3150846686	4.452840e-07	2870037616	
6.620829e+05	1	179097684	3.489200e-07	3919821980	
6.690520e+05	1	2340740170	4.060221e-07	845665321	
6.706433e+05	3	1572835533	4.744700e-07	2799798816	3083352544	2.048815e-08	4198169764	1.424046e-08	821115011	1.424046e-08	2118016430	1.424046e-08	1945735688	1.424046e-08	4093093422	1.424046e-08	2842015324	1.424046e-08	1249238030	1.424046e-08	3214077756	1.424046e-08	879162223	1.424046e-08	3884425642	1.424046e-08	1149406307	1.424046e-08	3528332227	1.424046e-08	4004407106	1.424046e-08	451270221	1.424046e-08	3149440925	1.424046e-08	2250775120	1.424046e-08	1130108289	1.424046e-08	2177968201	1.424046e-08	2914302410	1.424046e-08	3655816389	1.424046e-08	3485819286	1.424046e-08	1382686479	1.424046e-08	1803925302	1.424046e-08	3293059020	1.424046e-08	378125977	1.424046e-08	2159618959	1.424046e-08	
6.706436e+05	1	3083352544	3.472860e-08	4198169764	
6.706436e+05	1	3083352544	4.896906e-08	2159618959	
6.779500e+05	0	1465560917	4.186500e-07	3214077756	
6.796041e+05	1	1572835533	5.234391e-07	3083352544	
6.860642e+05	0	3268335666	2.791000e-08	199935986	
6.869917e+05	1	1738909006	3.698367e-08	2723643411	
6.922698e+05	0	1458665800	2.791000e-08	2795063678	
6.981340e+05	0	1738909006	3.698367e-08	2737363250	
7.022422e+05	0	3373526895	8.525929e-07	2215785330	
7.123577e+05	1	1465560917	4.465600e-07	2545005546	
7.161671e+05	1	179097684	3.768300e-07	3704423751	
7.173986e+05	0	333964007	5.582000e-08	1249238030	
7.234010e+05	0	3921011129	3.907400e-07	3321237907	
7.234491e+05	3	3126241903	1.400000e-08	2328232000	2441325815	1.831605e-08	3401497744	1.831605e-08	
7.242076e+05	1	373638573	1.000000e+00	3736601249	
7.246278e+05	3	1465560917	7.649133e-07	1222799196	4069401935	1.656671e-08	
7.249273e+05	1	179097684	4.047400e-07	862710978	
7.306555e+05	0	2441325815	1.831605e-08	3126241903	
7.326787e+05	0	2190522392	2.791000e-08	242414939	
7.336406e+05	0	2151269300	1.567964e-08	3147695692	
7.342925e+05	0	2190522392	2.791000e-08	384163328	
7.355215e+05	1	3373526895	8.665929e-07	2737363250	
7.531370e+05	0	1738909006	3.698367e-08	438292632	
7.552191e+05	3	2408568032	2.659653e-08	384163328	134948105	1.461174e-08	1998372786	1.461174e-08	
7.636422e+05	1	2038493855	1.182478e-07	3126241903	
7.863904e+05	0	2340740170	4.060221e-07	2409063466	
7.868553e+05	3	2409063466	1.400000e-08	3303338876	2455922112	1.413869e-08	3059103076	1.413869e-08	
7.933216e+05	0	3737780296	2.791000e-07	732124878	
8.127955e+05	3	3490627259	1.400000e-08	313359544	432337108	1.741000e-08	1902671923	1.741000e-08	
8.150088e+05	1	3737780296	3.070100e-07	1664502715	
8.242277e+05	1	2408568032	4.083698e-08	3485819286	
8.335502e+05	3	1503861029	1.400000e-08	2074240873	4209590891	2.091000e-08	77395223	2.091000e-08	
8.379483e+05	0	179097684	4.047400e-07	3424908067	
8.390300e+05	0	179097684	4.047400e-07	2879167783	
8.453608e+05	3	1572835533	5.234391e-07	2408568032	3592986772	1.400000e-08	1246511018	2.683698e-08	
8.486756e+05	3	3888264012	2.604446e-08	2138100036	3986570268	1.400000e-08	
8.545770e+05	1	3373526895	8.926374e-07	3888264012	
8.686657e+05	0	2038493855	1.182478e-07	3393811039	
8.873634e+05	1	3373526895	9.071071e-07	1494850122	
9.138987e+05	1	1572835533	5.376795e-07	1149406307	
9.244405e+05	3	2190522392	1.400000e-08	2455922112	174500547	1.402434e-08	4083845756	1.402434e-08	
9.260739e+05	0	3373526895	9.071071e-07	3393811039	
9.285919e+05	3	3616865126	2.121876e-08	2190522392	110358663	2.069124e-08	
9.320020e+05	3	3071234124	1.400000e-08	1902671923	1370908750	1.566000e-08	1837234470	1.566000e-08	
9.327483e+05	1	3921011129	4.047400e-07	3986570268	
9.328721e+05	0	1130108289	1.424046e-08	302486611	
9.337770e+05	0	2038493855	1.182478e-07	2151269300	
9.362584e+05	3	333964007	3.728184e-08	2440120768	2945849429	1.548272e-08	66296937	1.548272e-08	976558236	1.548272e-08	
9.400963e+05	1	3150846686	4.731940e-07	3908154577	
9.470243e+05	3	869234806	1.400000e-08	3214077756	2438291630	1.407523e-08	906368509	1.407523e-08	
9.503665e+05	3	333964007	1.400000e-08	2263814062	3783228500	1.706395e-08	2858952728	1.706395e-08	395113485	1.706395e-08	
9.580582e+05	0	77395223	2.091000e-08	869234806	
9.595196e+05	3	1327969783	3.564709e-08	443746396	4019363830	1.519858e-08	3016084464	1.519858e-08	921818415	1.519858e-08	2892683898	1.519858e-08	3697249003	1.519858e-08	
9.613847e+05	0	1104410542	1.446974e-08	356405251	
9.639433e+05	3	1321648343	2.197389e-08	3071234124	3983774618	1.993611e-08	
9.729552e+05	0	2441325815	1.831605e-08	3424908067	
9.738126e+05	3	438292632	1.570553e-08	2962530363	4187488967	1.400000e-08	
9.993460e+05	1	1465560917	7.789133e-07	2487301543	
1.003476e+06	1	1068020906	9.545512e-04	3015378843	
1.004652e+06	3	1465560917	7.789133e-07	1572835533	898751805	1.400000e-08	3632514288	1.415350e-08	410848061	1.415350e-08	2791633391	1.415350e-08	630280293	1.415350e-08	4212779140	1.415350e-08	3459374364	1.415350e-08	2125331604	1.415350e-08	3113062634	1.415350e-08	847040419	1.415350e-08	4240624600	1.415350e-08	1565786989	1.415350e-08	2286860921	1.415350e-08	3707879645	1.415350e-08	2746930994	1.415350e-08	4075596975	1.415350e-08	4283280385	1.415350e-08	538453177	1.415350e-08	3121292019	1.415350e-08	3349724438	1.415350e-08	4253718737	1.415350e-08	3297362622	1.415350e-08	1751902433	1.415350e-08	2878871175	1.415350e-08	3083717413	1.415350e-08	220564665	1.415350e-08	3653734512	1.415350e-08	3815024321	1.415350e-08	1428265047	1.415350e-08	3604532305	1.415350e-08	1869365069	1.415350e-08	965372172	1.415350e-08	607396504	1.415350e-08	2533881277	1.415350e-08	472358284	1.415350e-08	1950077488	1.415350e-08	1820499179	1.415350e-08	4055959668	1.415350e-08	
1.007733e+06	0	2932274237	2.791000e-08	1565786989	
1.011957e+06	3	2038493855	1.111317e-07	3490627259	528880979	2.111601e-08	
1.011996e+06	0	2038493855	1.111317e-07	528880979	
1.012699e+06	0	378125977	1.424046e-08	220564665	
1.015586e+06	0	2870158420	2.791000e-08	3321237907	
1.017130e+06	1	426576124	6.698400e-07	2984600922	
1.023983e+06	0	211811971	2.791000e-08	1565786989	
1.038490e+06	1	1465560917	7.930668e-07	630280293	
1.044518e+06	0	426576124	6.698400e-07	3108364485	
1.052834e+06	1	1465560917	8.209768e-07	741863299	
1.056178e+06	0	3783228500	1.706395e-08	1382686479	
1.056523e+06	3	3004792470	3.281958e-07	3616865126	3778036871	2.794295e-08	
1.057616e+06	1	1465560917	8.351303e-07	2533881277	
1.067086e+06	0	3737780296	3.070100e-07	3653734512	
1.072202e+06	0	2038493855	1.111317e-07	528880979	
1.074885e+06	3	77395223	2.106350e-08	3349724438	1405660995	1.400000e-08	
1.079354e+06	0	848448836	2.091000e-08	4283280385	
1.085988e+06	0	1945735688	1.424046e-08	2878871175	
1.095281e+06	0	2038493855	1.111317e-07	3424908067	
1.099074e+06	3	432337108	1.741000e-08	3424908067	3662110242	1.400000e-08	
1.103982e+06	3	3147695692	1.509381e-08	1104410542	2247026945	1.400000e-08	
1.103982e+06	1	3147695692	2.909381e-08	2247026945	
1.104604e+06	3	1227575429	1.400000e-08	2779686750	4032129539	2.091000e-08	4035587434	2.091000e-08	
1.106785e+06	0	3321237907	1.482475e-08	1820499179	
1.124263e+06	1	1465560917	8.521942e-07	395113485	
1.129027e+06	1	1246511018	4.099048e-08	2125331604	
1.147261e+06	0	2246051850	4.474748e-07	3059103076	
1.154640e+06	3	3150846686	4.863687e-07	511603307	3111692719	1.473527e-08	
1.156242e+06	0	2340740170	4.060221e-07	1123501568	
1.159744e+06	0	1249238030	1.424046e-08	410848061	
1.182547e+06	1	1465560917	8.663477e-07	607396504	
1.182696e+06	0	1465560917	8.663477e-07	3382444416	
1.191030e+06	3	582973675	1.400000e-08	2441325815	1398579088	1.611303e-08	2501379955	1.611303e-08	
1.199080e+06	0	848448836	2.091000e-08	3592986772	
1.206088e+06	0	2916276788	5.672870e-08	2215785330	
1.207009e+06	0	1493201942	2.791000e-08	3642829293	
1.215778e+06	1	3921011129	4.227693e-07	2707128518	
1.220280e+06	0	3147695692	2.909381e-08	2501379955	
1.220752e+06	3	3059103076	1.416303e-08	174500547	3332562587	1.400000e-08	
1.226334e+06	3	3393811039	1.446974e-08	1172086036	3562383954	1.400000e-08	
1.227168e+06	1	3150846686	5.143117e-07	3778036871	
1.228361e+06	3	1593891639	8.106181e-08	2029773149	2521380987	1.749295e-08	
1.238485e+06	0	3004792470	3.281958e-07	1820499179	
1.240302e+06	0	4122240121	2.791000e-08	3655816389	
1.241815e+06	0	405521437	2.791000e-08	717226258	
1.244317e+06	1	3150846686	5.283360e-07	4083845756	
1.250673e+06	0	4019363830	1.519858e-08	3293059020	
1.252659e+06	0	451270221	1.424046e-08	2438291630	
1.253560e+06	0	3147695692	2.909381e-08	1493201942	
1.257053e+06	1	1068020906	9.545791e-04	2911053862	
1.257525e+06	1	3004792470	3.423493e-07	3653734512	
1.273547e+06	0	179097684	4.047400e-07	2879167783	
1.275170e+06	0	257754683	3.668554e-08	3592986772	
1.289019e+06	0	1123501568	2.791000e-08	1428265047	
1.290951e+06	3	1471982444	1.400000e-08	3147695692	4119421155	1.418276e-08	1913762779	1.418276e-08	3678948817	1.418276e-08	2489195127	1.418276e-08	3929228125	1.418276e-08	
1.297814e+06	0	2038493855	1.111317e-07	2151269300	
1.300190e+06	0	2501379955	1.611303e-08	1398579088	
1.305674e+06	0	3373526895	9.071071e-07	2501379955	
1.321516e+06	0	4259593397	3.349200e-07	2870158420	
1.325557e+06	0	4019363830	1.519858e-08	898751805	
1.329702e+06	0	3988949870	2.791000e-08	2308721517	
1.335432e+06	3	2151269300	1.586951e-08	2879167783	3160344427	1.400000e-08	
1.336570e+06	0	179097684	4.047400e-07	1913762779	
1.342244e+06	1	3373526895	9.357312e-07	3179285865	
1.351345e+06	0	2151269300	1.586951e-08	3160344427	
1.361538e+06	3	2308721517	1.400000e-08	2063946235	3182159117	1.413869e-08	766581564	1.413869e-08	
1.362937e+06	0	2038493855	1.111317e-07	2489195127	
1.363607e+06	3	4260098875	1.493947e-08	582973675	3702894340	1.400000e-08	
1.366658e+06	0	528880979	2.111601e-08	3662110242	
1.369249e+06	3	3823443426	1.400000e-08	848448836	3532745758	1.741000e-08	1072840122	1.741000e-08	
1.370066e+06	0	1465560917	8.663477e-07	847040419	
1.373459e+06	0	2038493855	1.111317e-07	1471982444	
1.406822e+06	0	2340740170	4.060221e-07	3111692719	
1.419298e+06	0	1035492323	2.791000e-08	3783228500	
1.423546e+06	1	373638573	1.000000e+00	911013108	
1.426793e+06	3	3401497744	2.042908e-08	2501379955	3294683754	1.400000e-08	
1.427741e+06	1	3401497744	3.442908e-08	3294683754	
1.440885e+06	0	4231632140	2.791000e-08	2489195127	
1.448401e+06	0	1075699702	3.349200e-07	2937387076	
1.453576e+06	0	2038493855	1.111317e-07	3929228125	
1.457118e+06	0	976558236	1.548272e-08	3121292019	
1.461101e+06	1	769686034	6.989523e-08	906368509	
1.461688e+06	1	2038493855	1.253145e-07	3929228125	
1.463417e+06	3	790319072	2.239084e-08	965372172	1676003954	1.967266e-08	
1.472006e+06	1	3373526895	9.498942e-07	3059103076	
1.479658e+06	3	2235064901	3.776548e-07	725558489	4285585893	1.400000e-08	2674988631	2.091000e-08	406745133	2.091000e-08	
1.483704e+06	1	1068020906	9.546070e-04	1507417240	
1.486301e+06	0	1738909006	3.698367e-08	4119421155	
1.490492e+06	0	528880979	2.111601e-08	3678948817	
1.491420e+06	1	3373526895	9.638942e-07	3332562587	
1.499018e+06	0	290926289	2.791000e-08	4212779140	
1.500370e+06	0	3921011129	4.227693e-07	3393811039	
1.515435e+06	0	2246051850	4.474748e-07	3232700421	
1.517883e+06	0	2038493855	1.253145e-07	528880979	
1.517905e+06	3	3197676583	2.791000e-08	3823443426	2883513480	1.400000e-08	
1.518033e+06	1	2340740170	4.215049e-07	976558236	
1.527373e+06	0	3921011129	4.227693e-07	4260098875	
1.529638e+06	3	211811971	2.129202e-08	1503861029	783121895	2.061798e-08	
1.542147e+06	3	1493201942	1.400000e-08	528880979	2683944377	1.751301e-08	2961226102	1.751301e-08	
1.549491e+06	0	3642829293	1.802926e-08	766581564	
1.553888e+06	0	2118016430	1.424046e-08	3562383954	
1.556437e+06	1	2683944377	3.151301e-08	1493201942	
1.558750e+06	3	3678948817	1.418276e-08	3662110242	301219709	1.400000e-08	
1.560128e+06	3	3373526895	9.638942e-07	257754683	1743198400	1.400000e-08	3059144981	2.268554e-08	
1.561798e+06	1	3004792470	3.565898e-07	2250775120	
1.562701e+06	0	2151269300	1.586951e-08	301219709	
1.563263e+06	0	179097684	4.047400e-07	1913762779	
1.563656e+06	1	3150846686	5.427034e-07	3288380490	
1.564000e+06	1	2340740170	4.494149e-07	2451350669	
1.565497e+06	1	373638573	1.000000e+00	3697249003	
1.566721e+06	1	2340740170	4.641501e-07	3111692719	
1.568297e+06	1	3373526895	9.865797e-07	3059144981	
1.581427e+06	3	66296937	1.563622e-08	4055959668	3952655669	1.400000e-08	
1.589702e+06	0	3528332227	1.424046e-08	1565786989	
1.608624e+06	1	179097684	4.187400e-07	1471982444	
1.611994e+06	0	3373526895	9.865797e-07	3393811039	
1.616342e+06	3	538453177	1.415350e-08	2883513480	2848685905	1.400000e-08	
1.621483e+06	0	3921011129	4.227693e-07	2961226102	
1.624404e+06	3	3268335666	1.400000e-08	2795063678	1826422368	1.741000e-08	896813269	1.741000e-08	
1.633373e+06	0	2125112500	2.791000e-08	3592986772	
1.641481e+06	1	2038493855	1.394973e-07	3678948817	
1.649879e+06	1	2246051850	4.614748e-07	3562383954	
1.654573e+06	0	1246511018	4.099048e-08	1415695418	
1.665544e+06	0	2151269300	1.586951e-08	1913762779	
1.672942e+06	1	3373526895	1.000580e-06	3702894340	
1.674288e+06	3	301219709	1.400000e-08	3160344427	37051273	1.400000e-08	
1.674489e+06	1	37051273	2.800000e-08	301219709	
1.678496e+06	1	3921011129	4.367693e-07	1743198400	
1.678802e+06	3	290926289	1.400000e-08	817087088	1867247157	1.436738e-08	3633199892	1.436738e-08	
1.679597e+06	0	896813269	1.741000e-08	1826422368	
1.702620e+06	0	1465560917	8.663477e-07	1945735688	
1.708560e+06	1	373638573	1.000000e+00	129185354	
1.711209e+06	0	2246051850	4.614748e-07	2892683898	
1.724975e+06	3	1593891639	8.731118e-08	1651612823	1736323711	2.166063e-08	
1.730036e+06	3	3020817656	1.400000e-08	3197676583	283080478	2.091000e-08	785216844	2.091000e-08	
1.732282e+06	0	4231632140	2.791000e-08	3393811039	
1.734146e+06	1	211811971	4.096468e-08	1676003954	
1.738394e+06	0	3373526895	1.000580e-06	283080478	
1.740770e+06	0	1502094437	2.791000e-08	302486611	
1.767214e+06	0	783121895	2.061798e-08	1565786989	
1.769912e+06	1	3373526895	1.017990e-06	432337108	
1.781994e+06	0	2620740164	2.791000e-08	1156624510	
1.794675e+06	3	66296937	1.563622e-08	2308721517	3006103420	1.400000e-08	
1.795990e+06	0	2858952728	1.706395e-08	879162223	
1.809900e+06	1	179097684	4.467400e-07	37051273	
1.823874e+06	0	3462747	2.791000e-08	410848061	
1.826167e+06	1	179097684	4.609228e-07	1913762779	
1.829719e+06	3	1398579088	1.629579e-08	4119421155	2898323513	1.400000e-08	
1.839431e+06	3	785216844	2.106350e-08	3815024321	1199222225	1.400000e-08	
1.847863e+06	1	1398579088	3.029579e-08	2898323513	
1.854498e+06	1	2340740170	4.797863e-07	66296937	
1.860594e+06	1	373638573	1.000000e+00	333964007	
1.861186e+06	0	1075699702	3.349200e-07	472358284	
1.862312e+06	0	717226258	2.791000e-08	1726701215	
1.868000e+06	1	2555962951	3.070100e-07	1415695418	
1.869986e+06	1	373638573	1.000000e+00	3824069879	
1.875660e+06	3	1738909006	1.400000e-08	283080478	3755198008	1.463122e-08	2795041644	1.463122e-08	3492274228	1.463122e-08	
1.882780e+06	0	3755198008	1.463122e-08	3020817656	
1.889757e+06	0	1398579088	3.029579e-08	3020817656	
1.891928e+06	1	179097684	4.749228e-07	3020817656	
1.897367e+06	3	3921011129	4.343181e-07	4231632140	1420914473	1.518055e-08	439844059	1.518055e-08	
1.897674e+06	3	1156624510	1.400000e-08	356405251	3802520055	1.404993e-08	3012889883	1.404993e-08	
1.898221e+06	3	3707189490	1.400000e-08	1726701215	3363823620	1.777531e-08	1086559163	1.777531e-08	
1.898460e+06	3	1398579088	1.400000e-08	3382444416	3063534263	1.473526e-08	2013640095	1.473526e-08	1461359102	1.473526e-08	
1.901141e+06	3	2151269300	1.586951e-08	1199222225	2027098952	1.400000e-08	
1.901443e+06	1	2151269300	2.986951e-08	2027098952	
1.908434e+06	3	2038493855	1.394973e-07	2151269300	4167430602	1.400000e-08	4096225443	1.586951e-08	
1.916542e+06	3	1461359102	1.547053e-08	3063534263	781549661	1.400000e-08	
1.921269e+06	1	3150846686	5.636134e-07	406745133	
1.926487e+06	1	781549661	2.800000e-08	1398579088	
1.931567e+06	0	2956861855	2.791000e-08	4209590891	
1.935687e+06	1	2038493855	1.534973e-07	1738909006	
1.941683e+06	0	1075699702	3.349200e-07	1249238030	
1.955584e+06	3	3497999925	1.400000e-08	1998372786	907719639	1.426087e-08	1906851972	1.426087e-08	
1.957269e+06	0	3593732192	2.091000e-08	4285585893	
1.968957e+06	1	3373526895	1.032621e-06	3755198008	
1.969319e+06	3	2235064901	3.776548e-07	2916276788	2597880038	1.400000e-08	1896745001	1.424290e-08	2378434411	1.424290e-08	1837088337	1.424290e-08	
1.973782e+06	0	3921011129	4.343181e-07	4260098875	
1.973921e+06	3	2875471576	1.436738e-08	290926289	1543523724	1.400000e-08	
1.981943e+06	0	1593891639	8.731118e-08	1543523724	
1.982013e+06	3	179097684	4.749228e-07	2038493855	1761715697	1.400000e-08	3099973400	1.549970e-08	2789348510	1.549970e-08	1371202285	1.549970e-08	629078091	1.549970e-08	754560055	1.549970e-08	1737134642	1.549970e-08	37613351	1.549970e-08	3434666020	1.549970e-08	2369258877	1.549970e-08	
1.982428e+06	1	179097684	4.904225e-07	37613351	
1.983846e+06	3	3099973400	1.613092e-08	3492274228	3563522875	1.400000e-08	
1.985885e+06	1	179097684	5.059222e-07	1737134642	
1.987212e+06	1	179097684	5.214219e-07	1371202285	
1.989640e+06	0	2789348510	1.549970e-08	2795041644	
1.991845e+06	1	179097684	5.369215e-07	629078091	
1.992626e+06	1	3373526895	1.047802e-06	439844059	
1.995565e+06	0	3321237907	1.482475e-08	2118016430	
1.996641e+06	1	179097684	5.524212e-07	3434666020	
1.998491e+06	0	1502094437	2.791000e-08	3012889883	
1.999266e+06	1	179097684	5.679209e-07	2369258877	
2.000872e+06	0	3099973400	1.613092e-08	754560055	
2.005696e+06	3	4188445920	1.400000e-08	1502094437	249728555	2.091000e-08	4285226245	2.091000e-08	
2.017954e+06	1	179097684	5.837904e-07	4096225443	
2.028315e+06	0	3373526895	1.047802e-06	1420914473	
2.030129e+06	3	2013640095	1.473526e-08	3563522875	2707460946	1.400000e-08	
2.034902e+06	0	728028737	2.791000e-08	4209590891	
2.050919e+06	0	4259593397	3.349200e-07	2919643181	
2.052856e+06	0	3891448235	2.791000e-08	538453177	
2.060916e+06	1	179097684	5.977904e-07	1761715697	
2.062169e+06	0	2875471576	1.436738e-08	1543523724	
2.072417e+06	1	3004792470	3.720895e-07	754560055	
2.074643e+06	3	405521437	1.400000e-08	2718413753	2606325002	2.091000e-08	1541925803	2.091000e-08	
2.078644e+06	3	2378434411	1.429283e-08	3802520055	2024675612	1.400000e-08	
2.079930e+06	3	3004792470	3.683201e-07	2707460946	1292023300	1.776939e-08	
2.083924e+06	0	2932274237	2.791000e-08	2125112500	
2.086121e+06	3	785216844	2.224405e-08	1420914473	3302973195	1.400000e-08	
2.093263e+06	1	179097684	6.132901e-07	2789348510	
2.098366e+06	3	732124878	1.400000e-08	2875471576	875106938	1.413869e-08	3314075649	1.413869e-08	
2.099460e+06	0	3004792470	3.683201e-07	1292023300	
2.102793e+06	1	373638573	1.000000e+00	2791633391	
2.105856e+06	0	2246051850	4.614748e-07	4209590891	
2.109698e+06	1	373638573	1.000000e+00	1285693762	
2.111929e+06	1	2340740170	4.937863e-07	2024675612	
2.117911e+06	3	2795041644	1.463122e-08	4167430602	2589646060	1.400000e-08	
2.127666e+06	0	179097684	6.132901e-07	3099973400	
2.128721e+06	0	179097684	6.132901e-07	3302973195	
2.134045e+06	3	211811971	1.400000e-08	3775452048	3433591204	1.829156e-08	1848242772	1.829156e-08	250719570	1.829156e-08	
2.139948e+06	1	4259593397	3.489200e-07	4188445920	
2.140253e+06	0	3593732192	2.091000e-08	2746930994	
2.145673e+06	1	3373526895	1.070046e-06	785216844	
2.148147e+06	0	1950077488	1.415350e-08	1428265047	
2.151652e+06	0	2961226102	1.751301e-08	1543523724	
2.156362e+06	3	3004792470	3.337802e-07	3555679070	2681498831	1.561247e-08	481808867	1.561247e-08	2066612683	1.561247e-08	3458484829	1.561247e-08	
2.163235e+06	0	3737780296	3.070100e-07	2606325002	
2.164072e+06	3	1461359102	1.594026e-08	3393811039	2719204682	1.400000e-08	
2.168278e+06	1	179097684	6.272901e-07	3302973195	
2.185511e+06	0	426576124	6.698400e-07	1239791232	
2.195459e+06	0	2340740170	4.937863e-07	1950077488	
2.209454e+06	1	1465560917	8.805012e-07	1751902433	
2.212081e+06	1	179097684	6.412901e-07	2719204682	
2.217436e+06	3	451270221	1.424046e-08	211811971	4256642775	1.400000e-08	
2.218117e+06	0	179097684	6.412901e-07	3099973400	
2.225248e+06	1	179097684	6.552901e-07	2589646060	
2.227601e+06	3	3373526895	1.070046e-06	3004792470	2449448537	1.400000e-08	463844675	1.453546e-08	3167902617	1.453546e-08	579073438	1.453546e-08	3468130899	1.453546e-08	393090083	1.453546e-08	2343849308	1.453546e-08	1055469694	1.453546e-08	627452446	1.453546e-08	2014426858	1.453546e-08	2716949832	1.453546e-08	552634658	1.453546e-08	3736523900	1.453546e-08	2213923665	1.453546e-08	1503202005	1.453546e-08	3202152185	1.453546e-08	2622395779	1.453546e-08	3607413901	1.453546e-08	649593533	1.453546e-08	66987975	1.453546e-08	483021244	1.453546e-08	3707800333	1.453546e-08	3528190190	1.453546e-08	
2.227602e+06	0	627452446	1.453546e-08	579073438	
2.227737e+06	0	3373526895	1.070046e-06	3202152185	
2.227875e+06	1	3373526895	1.084581e-06	2343849308	
2.228297e+06	0	393090083	1.453546e-08	579073438	
2.228790e+06	1	3373526895	1.099117e-06	2213923665	
2.229393e+06	1	3373526895	1.113652e-06	463844675	
2.230137e+06	0	3373526895	1.113652e-06	2014426858	
2.230406e+06	3	3737780296	3.050784e-07	1503202005	2185291493	1.646706e-08	
2.230757e+06	1	3373526895	1.128187e-06	3736523900	
2.231661e+06	3	1837234470	1.579869e-08	766581564	550176535	1.400000e-08	
2.234650e+06	1	373638573	1.000000e+00	898751805	
2.235619e+06	1	3373526895	1.142187e-06	2449448537	
2.236527e+06	1	3373526895	1.156723e-06	3202152185	
2.239166e+06	0	3528190190	1.453546e-08	393090083	
2.246955e+06	0	242414939	2.791000e-08	783121895	
2.248644e+06	0	1837088337	1.424290e-08	1896745001	
2.249029e+06	0	3401497744	3.442908e-08	2716949832	
2.256059e+06	1	179097684	6.699214e-07	2795041644	
2.260623e+06	1	373638573	1.000000e+00	896813269	
2.261593e+06	0	3528190190	1.453546e-08	627452446	
2.261875e+06	3	1086559163	1.615895e-08	550176535	1674415855	1.561636e-08	
2.264861e+06	3	3401497744	4.162951e-08	188552836	4287239676	2.244908e-08	
2.265513e+06	0	2340740170	4.937863e-07	3182159117	
2.273292e+06	3	538453177	1.415350e-08	1543523724	3884987045	1.400000e-08	
2.279029e+06	1	3921011129	4.552281e-07	2674988631	
2.280829e+06	0	1837234470	1.579869e-08	1837088337	
2.282716e+06	0	110358663	2.069124e-08	1086559163	
2.284848e+06	1	3921011129	4.692281e-07	3884987045	
2.287921e+06	1	2519559028	3.070100e-07	265770918	
2.289170e+06	3	179097684	6.800442e-07	781549661	1960974751	1.787717e-08	
2.291064e+06	3	2013640095	1.527073e-08	552634658	309459595	1.400000e-08	
2.291568e+06	1	179097684	6.945797e-07	393090083	
2.299498e+06	0	483021244	1.453546e-08	4187488967	
2.303129e+06	0	3373526895	1.156723e-06	3607413901	
2.303724e+06	0	3921011129	4.692281e-07	2489195127	
2.304338e+06	0	3150846686	5.636134e-07	1405660995	
2.305288e+06	0	3373526895	1.156723e-06	2409063466	
2.311018e+06	3	907719639	1.439956e-08	875106938	2348040613	1.400000e-08	
2.311554e+06	1	3150846686	5.781488e-07	3468130899	
2.314933e+06	1	2235064901	4.001038e-07	4287239676	
2.315777e+06	1	3373526895	1.171258e-06	2622395779	
2.322433e+06	0	3921011129	4.692281e-07	772925454	
2.326157e+06	3	3099973400	1.613092e-08	309459595	3180086772	1.400000e-08	
2.326716e+06	1	3373526895	1.188771e-06	2961226102	
2.328122e+06	0	907719639	1.439956e-08	2348040613	
2.328703e+06	0	3099973400	1.613092e-08	3180086772	
2.331588e+06	3	2235064901	4.001038e-07	3401497744	3833074883	1.400000e-08	1462644303	2.762951e-08	
2.333942e+06	3	1462644303	1.400000e-08	2858952728	4088625113	1.534673e-08	1237914369	1.534673e-08	
2.335377e+06	0	179097684	6.945797e-07	4260098875	
2.339627e+06	0	3528190190	1.453546e-08	1494141940	
2.346269e+06	1	179097684	7.098504e-07	2013640095	
2.358595e+06	0	134948105	1.461174e-08	1405660995	
2.362020e+06	3	3150846686	5.781488e-07	2340740170	2733144751	2.840899e-08	1649557018	1.410234e-08	1831065885	1.410234e-08	79461789	1.410234e-08	1621314342	1.410234e-08	2016090987	1.410234e-08	1553963666	1.410234e-08	1002680420	1.410234e-08	734120091	1.410234e-08	2475979558	1.410234e-08	2649056468	1.410234e-08	3381587904	1.410234e-08	175860597	1.410234e-08	1089013536	1.410234e-08	552498239	1.410234e-08	481049431	1.410234e-08	2950407739	1.410234e-08	72955594	1.410234e-08	1771264541	1.410234e-08	2353028958	1.410234e-08	2980075456	1.410234e-08	3449694611	1.410234e-08	1194638860	1.410234e-08	114837353	1.410234e-08	2341758500	1.410234e-08	651046398	1.410234e-08	2780384598	1.410234e-08	1061526795	1.410234e-08	3342541004	1.410234e-08	1577969976	1.410234e-08	695939830	1.410234e-08	229435916	1.410234e-08	1850435983	1.410234e-08	19131048	1.410234e-08	
2.362020e+06	1	2733144751	4.251134e-08	19131048	
2.362020e+06	1	2733144751	5.661368e-08	1649557018	
2.362123e+06	1	3150846686	5.922512e-07	2475979558	
2.363015e+06	1	3150846686	6.063535e-07	1061526795	
2.370036e+06	0	1089013536	1.410234e-08	3381587904	
2.371690e+06	3	3363823620	1.831077e-08	649593533	2426951832	1.400000e-08	
2.371936e+06	1	373638573	1.000000e+00	2878871175	
2.372560e+06	1	373638573	1.000000e+00	1327969783	
2.373766e+06	1	3150846686	6.204559e-07	1850435983	
2.376475e+06	0	4093093422	1.424046e-08	2353028958	
2.381932e+06	1	3373526895	1.204118e-06	1237914369	
2.383812e+06	1	2246051850	4.893848e-07	1458665800	
2.384709e+06	3	2649056468	1.420469e-08	2016090987	3089865955	1.400000e-08	
2.387265e+06	1	3921011129	4.833305e-07	1771264541	
2.401853e+06	1	3373526895	1.218220e-06	3381587904	
2.403254e+06	3	3373526895	1.218220e-06	2235064901	3526559023	1.400000e-08	73116178	1.430014e-08	2654473721	1.430014e-08	2564127097	1.430014e-08	3554620561	1.430014e-08	2789301560	1.430014e-08	3201932102	1.430014e-08	3527214469	1.430014e-08	224410298	1.430014e-08	3967778277	1.430014e-08	1759850032	1.430014e-08	2704180049	1.430014e-08	287394855	1.430014e-08	2670951229	1.430014e-08	2367820772	1.430014e-08	771359632	1.430014e-08	4186562710	1.430014e-08	3211480542	1.430014e-08	346987663	1.430014e-08	1922039940	1.430014e-08	2110688926	1.430014e-08	1314810707	1.430014e-08	2472898255	1.430014e-08	3459912306	1.430014e-08	1598213090	1.430014e-08	1495382923	1.430014e-08	722767024	1.430014e-08	515125813	1.430014e-08	
2.403570e+06	0	2704180049	1.430014e-08	2564127097	
2.403693e+06	1	3373526895	1.232521e-06	2472898255	
2.403703e+06	1	3373526895	1.246821e-06	2564127097	
2.403869e+06	0	3373526895	1.246821e-06	1314810707	
2.405407e+06	1	3373526895	1.261121e-06	3967778277	
2.406231e+06	1	3373526895	1.275421e-06	1314810707	
2.406477e+06	1	3373526895	1.289721e-06	2367820772	
2.407731e+06	1	3150846686	6.344559e-07	3526559023	
2.409992e+06	0	3314075649	1.413869e-08	1405660995	
2.410122e+06	1	179097684	7.238504e-07	2409063466	
2.410969e+06	0	3527214469	1.430014e-08	73116178	
2.413223e+06	1	3373526895	1.304257e-06	3607413901	
2.414336e+06	0	734120091	1.410234e-08	2348040613	
2.415395e+06	1	3150846686	6.486386e-07	2489195127	
2.416911e+06	3	2789301560	1.440249e-08	1089013536	1298902656	1.400000e-08	
2.417730e+06	1	3373526895	1.318557e-06	4186562710	
2.419428e+06	1	3150846686	6.627410e-07	229435916	
2.421656e+06	0	375852842	2.091000e-08	2746930994	
2.422401e+06	3	1055469694	1.453546e-08	1405660995	3532628785	1.400000e-08	
2.426250e+06	1	3373526895	1.332857e-06	1759850032	
2.428691e+06	3	3921011129	4.833305e-07	2683944377	826924968	1.400000e-08	3190311976	1.751301e-08	
2.431014e+06	1	179097684	7.381505e-07	515125813	
2.434490e+06	3	1055469694	1.483561e-08	1495382923	841878026	1.400000e-08	
2.436136e+06	3	73116178	1.430014e-08	1494141940	2747938267	1.400000e-08	
2.436274e+06	0	483021244	1.453546e-08	73116178	
2.440105e+06	3	2205180068	2.791000e-08	3592986772	3177521820	1.400000e-08	
2.442331e+06	1	3373526895	1.361903e-06	905418128	
2.442785e+06	1	3373526895	1.376373e-06	772925454	
2.448634e+06	1	2205180068	4.191000e-08	3177521820	
2.449841e+06	1	3921011129	4.991292e-07	1837234470	
2.450572e+06	0	1086559163	1.615895e-08	73116178	
2.451768e+06	3	4093093422	1.424046e-08	3089865955	3363025910	1.400000e-08	
2.453265e+06	0	821115011	1.424046e-08	451270221	
2.460847e+06	0	3201932102	1.430014e-08	4285585893	
2.470101e+06	3	1370908750	1.566000e-08	3952655669	1290268226	1.400000e-08	
2.471138e+06	3	627452446	1.453546e-08	4285585893	764400056	1.400000e-08	
2.471945e+06	1	627452446	2.853546e-08	764400056	
2.472820e+06	0	250719570	1.829156e-08	1130108289	
2.474766e+06	1	3373526895	1.390373e-06	3532628785	
2.477700e+06	0	3373526895	1.390373e-06	2341758500	
2.477724e+06	3	3554620561	1.440249e-08	3449694611	1517815290	1.400000e-08	
2.481808e+06	3	3373526895	1.390373e-06	3150846686	66064165	1.834455e-08	2766526296	1.400862e-08	2454553876	1.400862e-08	1923515514	1.400862e-08	3339828518	1.400862e-08	105819081	1.400862e-08	533433650	1.400862e-08	1601889739	1.400862e-08	381652938	1.400862e-08	96665495	1.400862e-08	1342185090	1.400862e-08	149784911	1.400862e-08	85224627	1.400862e-08	1965662198	1.400862e-08	110439229	1.400862e-08	1449522982	1.400862e-08	3279439195	1.400862e-08	360107933	1.400862e-08	1657444763	1.400862e-08	58759274	1.400862e-08	2135013218	1.400862e-08	470332523	1.400862e-08	3217169414	1.400862e-08	3030801476	1.400862e-08	2208266878	1.400862e-08	3715668764	1.400862e-08	3418547556	1.400862e-08	355298688	1.400862e-08	4193709834	1.400862e-08	584993009	1.400862e-08	1499007652	1.400862e-08	755060644	1.400862e-08	3270476896	1.400862e-08	3934203265	1.400862e-08	1292024166	1.400862e-08	1323984060	1.400862e-08	4197927596	1.400862e-08	1414892502	1.400862e-08	4201342597	1.400862e-08	2391696826	1.400862e-08	4138371369	1.400862e-08	3590332688	1.400862e-08	1745749016	1.400862e-08	2711965517	1.400862e-08	2933223072	1.400862e-08	1987038079	1.400862e-08	3797386594	1.400862e-08	
2.481808e+06	1	66064165	3.235317e-08	2766526296	
2.481808e+06	1	66064165	4.636179e-08	3797386594	
2.482089e+06	1	3373526895	1.404382e-06	1923515514	
2.482102e+06	1	3373526895	1.418390e-06	1745749016	
2.482318e+06	0	811613008	2.791000e-08	1621314342	
2.482334e+06	1	3373526895	1.432399e-06	2391696826	
2.482450e+06	3	1837088337	1.434524e-08	1831065885	1280619132	1.400000e-08	
2.482519e+06	1	3373526895	1.446408e-06	105819081	
2.483184e+06	0	1987038079	1.400862e-08	3279439195	
2.483341e+06	0	2711965517	1.400862e-08	3715668764	
2.484650e+06	1	3373526895	1.460416e-06	1342185090	
2.484776e+06	0	438292632	1.570553e-08	149784911	
2.485086e+06	0	3921011129	4.991292e-07	4201342597	
2.487742e+06	1	3373526895	1.474425e-06	3339828518	
2.488607e+06	3	2110688926	1.460028e-08	3211480542	4105879141	1.400000e-08	
2.489187e+06	0	470332523	1.400862e-08	85224627	
2.489294e+06	1	3373526895	1.488433e-06	533433650	
2.491154e+06	1	3373526895	1.502442e-06	2454553876	
2.493285e+06	1	3373526895	1.516451e-06	3590332688	
2.495876e+06	3	579073438	1.454408e-08	584993009	3088551619	1.400000e-08	
2.496644e+06	1	3373526895	1.530459e-06	3279439195	
2.497337e+06	0	2135013218	1.400862e-08	3833074883	
2.497900e+06	3	1541925803	2.009318e-08	552498239	3443287411	1.491916e-08	
2.498766e+06	0	470332523	1.400862e-08	85224627	
2.499286e+06	0	66064165	4.636179e-08	346987663	
2.499501e+06	0	250719570	1.829156e-08	1156624510	
2.501184e+06	0	2670951229	1.430014e-08	4105879141	
2.501371e+06	1	3373526895	1.544468e-06	4197927596	
2.504208e+06	1	3921011129	5.270392e-07	3232700421	
2.506626e+06	1	3373526895	1.558468e-06	1298902656	
2.506681e+06	0	3373526895	1.558468e-06	3707800333	
2.507197e+06	1	2246051850	5.035383e-07	3459374364	
2.508672e+06	0	3373526895	1.558468e-06	2711965517	
2.509145e+06	0	287394855	1.430014e-08	826924968	
2.509601e+06	0	1593891639	8.731118e-08	1869365069	
2.512312e+06	1	1055469694	2.913575e-08	2704180049	
2.517911e+06	3	3182159117	1.413869e-08	2848685905	3981989558	1.400000e-08	
2.520307e+06	1	3373526895	1.572476e-06	381652938	
2.520995e+06	1	3373526895	1.586777e-06	2670951229	
2.524764e+06	3	1414892502	1.400862e-08	1280619132	1165174376	1.400000e-08	
2.524801e+06	0	2555962951	3.070100e-07	2185291493	
2.526093e+06	3	3737780296	2.933022e-07	1837088337	3467386575	2.612140e-08	
2.527612e+06	0	2014426858	1.453546e-08	3527214469	
2.530283e+06	3	1072840122	1.771014e-08	224410298	4263904522	1.400000e-08	
2.531235e+06	3	3459912306	1.430876e-08	4201342597	4267941538	1.400000e-08	
2.534279e+06	0	179097684	7.381505e-07	3180086772	
2.535256e+06	0	1323984060	1.400862e-08	2747938267	
2.538975e+06	0	3373526895	1.586777e-06	2950407739	
2.542298e+06	3	1055469694	2.556920e-08	3217169414	3372193553	1.757517e-08	
2.543527e+06	1	3373526895	1.601077e-06	722767024	
2.544136e+06	3	579073438	1.468277e-08	3182159117	3681452412	1.400000e-08	
2.546190e+06	1	3373526895	1.615085e-06	1292024166	
2.546465e+06	3	627452446	2.247175e-08	3833074883	2604064924	2.006371e-08	
2.548119e+06	3	1598213090	1.430876e-08	1657444763	3458662533	1.400000e-08	
2.548882e+06	0	85224627	1.400862e-08	2597880038	
2.554647e+06	1	3373526895	1.632661e-06	3372193553	
2.556358e+06	3	4035587434	2.091000e-08	732124878	762210064	1.400000e-08	
2.556590e+06	3	3737780296	2.899963e-07	3783228500	570164134	2.036985e-08	
2.558785e+06	0	2710766136	2.791000e-08	790319072	
2.559752e+06	0	3373526895	1.632661e-06	470332523	
2.560240e+06	0	3373526895	1.632661e-06	579073438	
2.561972e+06	1	3921011129	5.411927e-07	4075596975	
2.562254e+06	1	3373526895	1.646669e-06	2933223072	
2.569517e+06	1	3373526895	1.666733e-06	2604064924	
2.572955e+06	0	2789301560	1.440249e-08	771359632	
2.574754e+06	3	579073438	1.469139e-08	2711965517	2418772576	1.400000e-08	
2.577882e+06	0	2110688926	1.460028e-08	470332523	
2.578395e+06	3	438292632	1.580787e-08	79461789	2105330617	1.400000e-08	
2.580278e+06	3	438292632	1.580787e-08	2747938267	964813250	1.400000e-08	
2.589801e+06	3	175860597	1.410234e-08	2597880038	2039170765	1.400000e-08	
2.591637e+06	0	3373526895	1.666733e-06	3707800333	
2.592716e+06	1	3373526895	1.680741e-06	96665495	
2.596155e+06	0	3373526895	1.680741e-06	3554620561	
2.599200e+06	0	2649056468	1.420469e-08	72955594	
2.599535e+06	3	627452446	2.247175e-08	841878026	4278040469	1.400000e-08	
2.600527e+06	0	3921011129	5.411927e-07	3707189490	
2.602497e+06	1	179097684	7.521592e-07	470332523	
2.602696e+06	1	3373526895	1.696088e-06	4088625113	
2.604093e+06	3	3715668764	1.400862e-08	3180086772	241690685	1.400000e-08	
2.604402e+06	0	3167902617	1.453546e-08	1601889739	
2.607292e+06	0	4138371369	1.400862e-08	3458662533	
2.614002e+06	1	3190311976	3.151301e-08	2418772576	
2.615260e+06	0	2716949832	1.453546e-08	2909632847	
2.624240e+06	0	3373526895	1.696088e-06	3934203265	
2.627951e+06	3	1960974751	2.003611e-08	1086559163	1703904600	1.400000e-08	
2.628237e+06	1	3373526895	1.710097e-06	1601889739	
2.628914e+06	0	2378434411	1.429283e-08	4138371369	
2.629394e+06	0	360107933	1.400862e-08	3458662533	
2.629735e+06	1	3373526895	1.724105e-06	3934203265	
2.632668e+06	0	3467386575	2.612140e-08	2950407739	
2.632697e+06	0	579073438	1.469139e-08	3088551619	
2.633603e+06	0	3458662533	1.400000e-08	1165174376	
2.634446e+06	1	3373526895	1.738114e-06	2208266878	
2.636702e+06	1	3373526895	1.752114e-06	4263904522	
2.640007e+06	1	1499007652	2.801724e-08	4193709834	
2.642389e+06	1	373638573	1.000000e+00	921818415	
2.642519e+06	0	4122240121	2.791000e-08	2125112500	
2.645551e+06	3	3433591204	1.834150e-08	3012889883	3814978291	1.400000e-08	
2.648241e+06	0	3373526895	1.752114e-06	1165174376	
2.648268e+06	0	66064165	4.636179e-08	3981989558	
2.654518e+06	0	4209590891	2.091000e-08	1674415855	
2.657222e+06	0	2039170765	1.400000e-08	1165174376	
2.660408e+06	0	1055469694	2.556920e-08	3707800333	
2.661890e+06	3	3707800333	1.483561e-08	771359632	118566979	1.400000e-08	
2.663475e+06	3	2789301560	1.441110e-08	1323984060	894269343	1.400000e-08	
2.664726e+06	1	66064165	6.036179e-08	894269343	
2.665105e+06	0	1499007652	2.801724e-08	1987038079	
2.682382e+06	0	3459912306	1.430876e-08	2746930994	
2.683679e+06	0	287394855	1.430014e-08	1290268226	
2.684156e+06	3	3527214469	1.430014e-08	4278040469	932943525	1.400000e-08	
2.684483e+06	0	3190311976	3.151301e-08	1055469694	
2.686604e+06	3	2341758500	1.410234e-08	4187488967	250347941	1.400000e-08	
2.690521e+06	1	3373526895	1.766414e-06	3201932102	
2.693789e+06	1	3373526895	1.780714e-06	1922039940	
2.697517e+06	0	481808867	1.561247e-08	538453177	
2.697750e+06	0	3373526895	1.780714e-06	3459912306	
2.702724e+06	3	2185291493	1.686955e-08	3554620561	2292589682	1.400000e-08	
2.706806e+06	1	3737780296	3.109063e-07	4285226245	
2.710203e+06	0	3363823620	1.831077e-08	1987038079	
2.711655e+06	1	179097684	7.661592e-07	241690685	
2.712122e+06	1	2649056468	2.820469e-08	118566979	
2.712302e+06	0	1541925803	2.009318e-08	1370908750	
2.713313e+06	3	2681498831	1.591261e-08	3527214469	3971437066	1.400000e-08	
2.717626e+06	3	3099973400	1.613954e-08	3030801476	2810179169	1.400000e-08	
2.718903e+06	0	3373526895	1.780714e-06	4138371369	
2.721097e+06	1	2246051850	5.176406e-07	481049431	
2.725842e+06	0	3373526895	1.780714e-06	1462644303	
2.725859e+06	0	3373526895	1.780714e-06	2950407739	
2.728137e+06	0	3373526895	1.780714e-06	149784911	
2.730135e+06	0	2039170765	1.400000e-08	1462644303	
2.730407e+06	0	1449522982	1.400862e-08	3458662533	
2.733735e+06	3	3715668764	1.400862e-08	3088551619	1803012522	1.400000e-08	
2.734514e+06	0	1598213090	1.430876e-08	3715668764	
2.736291e+06	1	66064165	7.436179e-08	2810179169	
2.738092e+06	1	373638573	1.000000e+00	2215785330	
2.739164e+06	0	3167902617	1.453546e-08	2105330617	
2.746178e+06	0	1960974751	2.003611e-08	2185291493	
2.746338e+06	3	2932274237	2.445042e-08	1414892502	3940915008	1.746820e-08	
2.751031e+06	3	175860597	1.420469e-08	734120091	3593659676	1.400000e-08	
2.753346e+06	1	3373526895	1.794714e-06	1462644303	
2.755529e+06	1	3373526895	1.808723e-06	1987038079	
2.756389e+06	1	3921011129	5.557281e-07	3528190190	
2.760372e+06	1	3373526895	1.883085e-06	66064165	
2.760742e+06	1	179097684	7.820718e-07	2681498831	
2.764616e+06	0	2246051850	5.176406e-07	1577969976	
2.766420e+06	1	3373526895	1.897620e-06	483021244	
2.770536e+06	0	3190311976	3.151301e-08	1321648343	
2.773281e+06	3	2870158420	2.611431e-08	4240624600	2744143284	1.594919e-08	
2.775354e+06	0	755060644	1.400862e-08	964813250	
2.776101e+06	1	3373526895	1.912819e-06	4019363830	
2.777046e+06	1	3373526895	1.926827e-06	755060644	
2.784460e+06	3	2014426858	1.483561e-08	346987663	2002691604	1.400000e-08	
2.787129e+06	3	4259593397	3.423220e-07	821115011	3223248356	2.083842e-08	
2.787735e+06	1	373638573	1.000000e+00	4253718737	
2.788964e+06	1	3373526895	1.940827e-06	4267941538	
2.790224e+06	0	3940915008	1.746820e-08	1703904600	
2.792431e+06	3	1499007652	1.400000e-08	2002691604	101557930	1.400862e-08	678688578	1.400862e-08	
2.793380e+06	3	2185291493	1.880981e-08	1461359102	2222966094	1.400000e-08	
2.796160e+06	3	3921011129	5.557281e-07	3737780296	1301910447	1.400000e-08	2919535035	1.413840e-08	2855048822	1.413840e-08	682911345	1.413840e-08	238807518	1.413840e-08	1840937626	1.413840e-08	1734007597	1.413840e-08	4088691616	1.413840e-08	2087527840	1.413840e-08	2065940037	1.413840e-08	2751602400	1.413840e-08	552380491	1.413840e-08	253656606	1.413840e-08	1254429415	1.413840e-08	481400394	1.413840e-08	2584856907	1.413840e-08	3284371529	1.413840e-08	871205577	1.413840e-08	2655011401	1.413840e-08	4156410056	1.413840e-08	249938527	1.413840e-08	843598278	1.413840e-08	
2.798927e+06	0	2341758500	1.410234e-08	4138371369	
2.801553e+06	0	3373526895	1.940827e-06	101557930	
2.805401e+06	0	627452446	2.247175e-08	3715668764	
2.806528e+06	0	3921011129	5.557281e-07	85224627	
2.806750e+06	1	3373526895	1.966397e-06	1055469694	
2.809493e+06	1	3373526895	1.980405e-06	678688578	
2.810504e+06	1	3921011129	5.698665e-07	2751602400	
2.816907e+06	3	110358663	2.152685e-08	2014426858	2197427154	1.400000e-08	
2.818016e+06	1	3373526895	1.995241e-06	3707800333	
2.820296e+06	0	2932274237	2.445042e-08	4105879141	
2.822459e+06	0	2649056468	2.820469e-08	2110688926	
2.824533e+06	1	3373526895	2.009379e-06	843598278	
2.826804e+06	0	2584856907	1.413840e-08	1734007597	
2.830161e+06	1	3921011129	5.881773e-07	3363823620	
2.831114e+06	0	4156410056	1.413840e-08	4088691616	
2.834100e+06	3	66987975	1.484422e-08	1598213090	3690557900	1.400000e-08	
2.834516e+06	0	3373526895	2.009379e-06	2919535035	
2.835065e+06	0	552380491	1.413840e-08	1965662198	
2.837078e+06	3	15308464	1.492710e-08	1194638860	3824375258	1.400000e-08	
2.843992e+06	3	3113062634	1.415350e-08	482917538	769315986	1.400000e-08	
2.844148e+06	1	373638573	1.000000e+00	3037779432	
2.849326e+06	3	2892683898	1.535208e-08	1869365069	1856937876	1.400000e-08	
2.854684e+06	1	3373526895	2.023518e-06	2855048822	
2.859214e+06	3	2246051850	5.176406e-07	1075699702	354497373	1.400000e-08	1230311851	1.458727e-08	3825172902	1.458727e-08	110318614	1.458727e-08	176241382	1.458727e-08	1063934737	1.458727e-08	2445084109	1.458727e-08	1871304206	1.458727e-08	4185666246	1.458727e-08	1905833305	1.458727e-08	3879652638	1.458727e-08	1924091726	1.458727e-08	1629863604	1.458727e-08	698682927	1.458727e-08	855708858	1.458727e-08	3076001680	1.458727e-08	1493833725	1.458727e-08	1450024594	1.458727e-08	1797275806	1.458727e-08	3378187523	1.458727e-08	564959126	1.458727e-08	3356410364	1.458727e-08	2620273024	1.458727e-08	
2.865149e+06	0	3373526895	2.023518e-06	149784911	
2.867179e+06	0	3971437066	1.400000e-08	2426951832	
2.868953e+06	1	1465560917	9.014112e-07	4035587434	
2.869619e+06	0	360107933	1.400862e-08	1301910447	
2.872519e+06	0	3373526895	2.023518e-06	2197427154	
2.872980e+06	0	249938527	1.413840e-08	110439229	
2.875496e+06	0	1674415855	1.561636e-08	110318614	
2.876635e+06	1	2246051850	5.322279e-07	855708858	
2.877223e+06	3	375852842	2.432000e-08	3532745758	4177016268	1.400000e-08	
2.885847e+06	0	375852842	2.432000e-08	3981989558	
2.887218e+06	0	3373526895	2.023518e-06	2197427154	
2.888008e+06	0	2716949832	1.453546e-08	4105879141	
2.893382e+06	0	110318614	1.458727e-08	354497373	
2.894652e+06	1	2246051850	5.468151e-07	698682927	
2.901451e+06	3	2649056468	1.400000e-08	250347941	2480753293	1.410234e-08	3251328182	1.410234e-08	
2.902804e+06	0	3373526895	2.023518e-06	481808867	
2.902939e+06	0	3373526895	2.023518e-06	3707189490	
2.904467e+06	1	3373526895	2.037526e-06	110439229	
2.905794e+06	3	717226258	2.707013e-08	4004407106	3584287056	1.508033e-08	
2.908987e+06	1	3373526895	2.051835e-06	3459912306	
2.913459e+06	1	373638573	1.000000e+00	879162223	
2.914872e+06	0	3373526895	2.051835e-06	110358663	
2.916611e+06	0	2950407739	1.410234e-08	3681452412	
2.919129e+06	1	3373526895	2.065937e-06	2341758500	
2.919365e+06	1	3373526895	2.079946e-06	360107933	
2.926680e+06	0	3373526895	2.079946e-06	3971437066	
2.931499e+06	0	3373526895	2.079946e-06	1734007597	
2.931558e+06	3	438292632	1.620743e-08	907719639	1661868134	1.400000e-08	
2.931686e+06	0	3190311976	3.151301e-08	3270476896	
2.931815e+06	1	438292632	3.020743e-08	1661868134	
2.932558e+06	1	3921011129	6.024775e-07	2654473721	
2.933149e+06	1	3373526895	2.094048e-06	3342541004	
2.938082e+06	0	3223248356	2.083842e-08	4138371369	
2.948740e+06	0	481400394	1.413840e-08	1254429415	
2.956032e+06	3	2584856907	1.424074e-08	1577969976	3822766993	1.400000e-08	
2.957149e+06	3	3458484829	1.645669e-08	66987975	3730019172	1.400000e-08	
2.957714e+06	3	3690557900	1.400000e-08	4105879141	2217687738	1.400000e-08	
2.958622e+06	3	2185291493	1.880981e-08	2222966094	2328187860	1.400000e-08	
2.959069e+06	3	3378187523	1.458727e-08	3363025910	3408999490	1.400000e-08	
2.961445e+06	3	4259593397	3.365565e-07	871205577	3438744891	1.990395e-08	
2.963600e+06	3	2286860921	1.415350e-08	2292589682	1501621654	1.400000e-08	
2.965273e+06	3	627452446	2.247175e-08	3971437066	2695808785	1.400000e-08	
2.966247e+06	3	3467386575	2.625980e-08	249938527	399492375	1.400000e-08	
2.966424e+06	1	3373526895	2.108048e-06	2197427154	
2.967523e+06	0	2185291493	1.880981e-08	2328187860	
2.969457e+06	1	179097684	7.960718e-07	3707189490	
2.971021e+06	1	3373526895	2.122202e-06	538453177	
2.974754e+06	3	175860597	1.421331e-08	3418547556	213831427	1.400000e-08	
2.977487e+06	1	3921011129	6.165798e-07	3251328182	
2.980353e+06	1	179097684	8.100804e-07	101557930	
2.983403e+06	0	2780384598	1.410234e-08	1499007652	
2.991461e+06	1	3373526895	2.136202e-06	1301910447	
2.994046e+06	0	1906851972	1.426087e-08	1290268226	
2.997195e+06	3	3330100144	1.497825e-08	220564665	2714424842	1.400000e-08	
3.001506e+06	0	3921011129	6.165798e-07	114837353	
3.001530e+06	1	3373526895	2.150202e-06	1499007652	
3.001638e+06	1	373638573	1.000000e+00	1239791232	
3.003611e+06	0	3373526895	2.150202e-06	1840937626	
3.006235e+06	0	3921011129	6.165798e-07	1123501568	
3.017731e+06	0	3373526895	2.150202e-06	2789301560	
3.017931e+06	1	3373526895	2.164442e-06	2914302410	
3.019456e+06	3	287394855	1.430876e-08	2135013218	2282291379	1.400000e-08	
3.022384e+06	0	2733144751	5.661368e-08	783121895	
3.025361e+06	1	1465560917	9.154112e-07	4177016268	
3.027179e+06	0	3458484829	1.645669e-08	3458662533	
3.033291e+06	3	2716949832	1.463781e-08	2950407739	2654714783	1.400000e-08	
3.033721e+06	3	375852842	1.400000e-08	4032129539	2993076447	1.561500e-08	2171266278	1.561500e-08	
3.035463e+06	3	149784911	1.400862e-08	3681452412	771038762	1.400000e-08	
3.036185e+06	0	3467386575	2.625980e-08	2993076447	
3.037160e+06	1	3373526895	2.178442e-06	2282291379	
3.038998e+06	3	213831427	1.400000e-08	3458662533	2768208421	1.400000e-08	
3.039579e+06	3	250719570	1.842996e-08	3284371529	3297235373	1.400000e-08	
3.039761e+06	3	2125112500	2.791862e-08	4138371369	776688125	1.400000e-08	
3.041278e+06	3	2185291493	1.922092e-08	2789301560	3663377129	1.400000e-08	
3.041296e+06	0	2185291493	1.922092e-08	3663377129	
3.043785e+06	1	3373526895	2.192581e-06	253656606	
3.045915e+06	0	2171266278	1.561500e-08	1501621654	
3.046777e+06	1	3373526895	2.206589e-06	355298688	
3.046801e+06	1	3373526895	2.220589e-06	2768208421	
3.047145e+06	0	1867247157	1.436738e-08	2087527840	
3.050461e+06	1	3373526895	2.234589e-06	1803012522	
3.052016e+06	3	1621314342	1.410234e-08	375852842	898071713	1.400000e-08	
3.061554e+06	0	2171266278	1.561500e-08	2780384598	
3.072188e+06	3	1370908750	1.566000e-08	3814978291	220748477	1.400000e-08	
3.076699e+06	0	2919535035	1.413840e-08	1290268226	
3.082277e+06	3	2716949832	1.463781e-08	2105330617	2470646831	1.400000e-08	
3.088157e+06	1	3373526895	2.257061e-06	627452446	
3.090220e+06	3	2171266278	1.561500e-08	1165174376	1965972368	1.400000e-08	
3.092247e+06	1	3373526895	2.271370e-06	287394855	
3.098405e+06	1	3921011129	6.307182e-07	238807518	
3.098906e+06	0	1465560917	9.154112e-07	564959126	
3.102599e+06	0	2470646831	1.400000e-08	2039170765	
3.105869e+06	3	1072840122	2.120309e-08	2521380987	1426981231	1.400000e-08	
3.112746e+06	1	1465560917	9.294112e-07	3408999490	
3.112819e+06	3	1867247157	1.437599e-08	58759274	1535034065	1.400000e-08	
3.115863e+06	1	3373526895	2.285508e-06	1254429415	
3.119385e+06	3	4259593397	3.365565e-07	3190311976	1483909303	1.400000e-08	846691466	1.751301e-08	
3.119527e+06	3	4209590891	2.091000e-08	3663377129	3623563876	1.400000e-08	
3.119644e+06	1	846691466	3.151301e-08	1483909303	
3.125099e+06	3	1960974751	1.921223e-08	73116178	3872525629	1.512403e-08	
3.126142e+06	1	3373526895	2.300200e-06	579073438	
3.126622e+06	3	1797275806	1.482773e-08	2842015324	3827929005	1.400000e-08	
3.134413e+06	3	1871304206	1.458727e-08	213831427	63319263	1.400000e-08	
3.134822e+06	1	3373526895	2.314353e-06	2746930994	
3.140796e+06	0	2205180068	4.191000e-08	3593659676	
3.142415e+06	1	3373526895	2.328491e-06	2919535035	
3.143457e+06	3	3356410364	1.517455e-08	1493833725	3607398139	1.400000e-08	
3.144365e+06	3	1321648343	2.718611e-08	1960974751	2574253871	1.400000e-08	
3.144864e+06	1	3373526895	2.342491e-06	2217687738	
3.146401e+06	3	3715668764	1.400862e-08	2654714783	3830801972	1.400000e-08	
3.148823e+06	0	2445084109	1.458727e-08	3528332227	
3.164953e+06	1	3373526895	2.356491e-06	3623563876	
3.165982e+06	3	3983774618	2.106014e-08	3872525629	3673394291	1.400000e-08	
3.167869e+06	1	4259593397	3.511438e-07	1871304206	
3.176526e+06	1	1465560917	9.437786e-07	3633199892	
3.179203e+06	0	2110688926	1.460028e-08	3607398139	
3.179982e+06	1	3921011129	6.447182e-07	3824375258	
3.185472e+06	1	3373526895	2.370594e-06	1621314342	
3.187245e+06	3	636961411	1.400000e-08	3655816389	2748669076	1.407523e-08	1220275327	1.407523e-08	
3.188201e+06	0	783121895	2.061798e-08	776688125	
3.201640e+06	1	3921011129	6.589315e-07	175860597	
3.203071e+06	1	3373526895	2.387050e-06	3458484829	
3.203437e+06	3	2470646831	1.400000e-08	898071713	4188119649	1.400000e-08	
3.205445e+06	3	2655011401	1.413840e-08	3607398139	1275089537	1.400000e-08	
3.214481e+06	3	3330100144	1.497825e-08	776688125	3700209637	1.400000e-08	
3.219019e+06	0	3715668764	1.400862e-08	826924968	
3.220474e+06	1	3373526895	2.428960e-06	2205180068	
3.226565e+06	0	3921011129	6.589315e-07	3700209637	
3.237574e+06	3	1063934737	1.458727e-08	3700209637	3320450569	1.400000e-08	
3.237657e+06	3	3940915008	1.770894e-08	2584856907	4148810631	1.400000e-08	
3.245369e+06	0	847040419	1.415350e-08	4156410056	
3.246245e+06	1	3373526895	2.442960e-06	2649056468	
3.246271e+06	1	373638573	1.000000e+00	72955594	
3.264671e+06	1	1593891639	1.013112e-07	3320450569	
3.269071e+06	1	3373526895	2.456969e-06	85224627	
3.271208e+06	3	2710766136	1.400000e-08	4185666246	1268185054	1.424864e-08	2900628886	1.424864e-08	
3.277938e+06	0	3373526895	2.456969e-06	2574253871	
3.279722e+06	1	3373526895	2.471505e-06	3167902617	
3.280304e+06	1	3373526895	2.485505e-06	3673394291	
3.284365e+06	1	179097684	8.240804e-07	2328187860	
3.286580e+06	0	2353028958	1.410234e-08	3827929005	
3.289378e+06	3	3825172902	1.458727e-08	769315986	3866772787	1.400000e-08	
3.297652e+06	3	1130108289	1.424046e-08	354497373	2056593038	1.400000e-08	
3.302200e+06	1	3373526895	2.499607e-06	2780384598	
3.305919e+06	3	438292632	1.400000e-08	790319072	1140472632	1.929913e-08	2774448923	1.929913e-08	
3.314636e+06	1	3373526895	2.513745e-06	2065940037	
3.317250e+06	3	426576124	8.730961e-07	2519559028	975973597	1.482198e-08	933412597	1.482198e-08	927207199	1.482198e-08	2231250662	1.482198e-08	3085765731	1.482198e-08	1403954297	1.482198e-08	102828162	1.482198e-08	
3.318307e+06	0	2695808785	1.400000e-08	932943525	
3.322791e+06	1	3373526895	2.528333e-06	1063934737	
3.326417e+06	0	481808867	1.561247e-08	1517815290	
3.328052e+06	1	1465560917	9.646170e-07	3223248356	
3.329941e+06	0	1449522982	1.400862e-08	2426951832	
3.331727e+06	3	1130108289	1.424046e-08	63319263	3962269793	1.400000e-08	
3.332439e+06	0	4259593397	3.511438e-07	3356410364	
3.336965e+06	1	373638573	1.000000e+00	2956861855	
3.347011e+06	1	4259593397	3.652822e-07	682911345	
3.359856e+06	3	1848242772	1.949014e-08	3016084464	604674024	1.400000e-08	
3.375092e+06	1	3373526895	2.542970e-06	2716949832	
3.376952e+06	1	373638573	1.000000e+00	1501621654	
3.381473e+06	1	1465560917	9.788575e-07	2118016430	
3.391721e+06	1	3373526895	2.558322e-06	2892683898	
3.396759e+06	3	1593891639	9.988648e-08	1840937626	4175762635	1.556309e-08	
3.397864e+06	0	3921011129	6.589315e-07	2348040613	
3.400639e+06	0	1465560917	9.788575e-07	1629863604	
3.404474e+06	0	250719570	1.842996e-08	3297235373	
3.404521e+06	1	3373526895	2.579232e-06	4209590891	
3.411087e+06	0	1820499179	1.415350e-08	3497999925	
3.411412e+06	0	3921011129	6.589315e-07	932943525	
3.427112e+06	1	179097684	8.380890e-07	3715668764	
3.430424e+06	1	179097684	8.520890e-07	2470646831	
3.440043e+06	0	3373526895	2.579232e-06	4188119649	
3.442169e+06	0	1848242772	1.949014e-08	481808867	
3.457588e+06	1	3373526895	2.593241e-06	1449522982	
3.475014e+06	0	2774448923	1.929913e-08	1426981231	
3.478510e+06	0	2655011401	1.413840e-08	481400394	
3.501610e+06	1	3921011129	6.730699e-07	4088691616	
3.511408e+06	1	3373526895	2.607241e-06	1290268226	
3.513743e+06	0	2185291493	1.922092e-08	2695808785	
3.521226e+06	0	2909632847	1.446974e-08	114837353	
3.530380e+06	0	1246511018	4.099048e-08	4122240121	
3.535031e+06	3	410848061	1.415350e-08	762210064	3421068049	1.400000e-08	
3.544237e+06	0	3356410364	1.517455e-08	564959126	
3.550737e+06	3	3707879645	1.415350e-08	3006103420	4106915849	1.400000e-08	
3.552559e+06	0	3373526895	2.607241e-06	3730019172	
3.557357e+06	0	1220275327	1.407523e-08	2348040613	
3.564907e+06	0	426576124	8.730961e-07	102828162	
3.567954e+06	1	3373526895	2.621241e-06	2574253871	
3.569153e+06	0	110358663	2.152685e-08	564959126	
3.571451e+06	1	3921011129	6.870699e-07	2426951832	
3.576371e+06	3	2909632847	1.446974e-08	1535034065	3953247145	1.400000e-08	
3.579969e+06	0	4122240121	2.791000e-08	3822766993	
3.587157e+06	0	2110688926	1.460028e-08	3149440925	
3.596618e+06	0	3373526895	2.621241e-06	932943525	
3.601108e+06	0	3373526895	2.621241e-06	826924968	
3.610946e+06	0	3373526895	2.621241e-06	826924968	
3.619206e+06	3	3314075649	1.413869e-08	405521437	977281884	1.400000e-08	
3.622360e+06	3	1820499179	1.415350e-08	3822766993	335748715	1.400000e-08	
3.623973e+06	0	4259593397	3.652822e-07	2378434411	
3.641755e+06	1	3373526895	2.635241e-06	4188119649	
3.647312e+06	0	3373526895	2.635241e-06	932943525	
3.649018e+06	0	3330100144	1.497825e-08	1867247157	
3.657056e+06	1	3373526895	2.649241e-06	826924968	
3.659581e+06	0	1553963666	1.410234e-08	2348040613	
3.667168e+06	1	3373526895	2.666950e-06	3940915008	
3.670890e+06	3	1434498202	1.400000e-08	4156410056	3863839146	1.402420e-08	2025893757	1.402420e-08	
3.680908e+06	0	2620273024	1.458727e-08	1905833305	
3.690379e+06	3	1593891639	8.749771e-08	740082705	1090143039	1.664939e-08	4013164456	1.664939e-08	
3.725015e+06	0	2733144751	5.661368e-08	1370908750	
3.726981e+06	1	373638573	1.000000e+00	1803925302	
3.736048e+06	3	2246051850	8.405360e-07	4259593397	253060996	1.431225e-08	3578947201	1.431225e-08	571790981	1.431225e-08	517786421	1.431225e-08	2308303797	1.431225e-08	
3.740631e+06	1	2246051850	8.546895e-07	3707879645	
3.745279e+06	0	2246051850	8.546895e-07	552380491	
3.748472e+06	1	2909632847	2.846974e-08	2039170765	
3.753798e+06	0	717226258	2.707013e-08	3584287056	
3.767309e+06	1	2246051850	8.689382e-07	1268185054	
3.772416e+06	3	3099973400	1.613954e-08	2695808785	2256454524	1.400000e-08	
3.774695e+06	0	2445084109	1.458727e-08	2980075456	
3.774884e+06	0	2110688926	1.460028e-08	3827929005	
3.775311e+06	0	179097684	8.520890e-07	3099973400	
3.785829e+06	3	1465560917	9.788575e-07	2246051850	2316491956	2.758170e-07	921835634	1.412193e-08	2606270759	1.412193e-08	4081327903	1.412193e-08	4108567391	1.412193e-08	4281208133	1.412193e-08	1179141501	1.412193e-08	3325553423	1.412193e-08	4124564224	1.412193e-08	1852572783	1.412193e-08	2233621492	1.412193e-08	3229926557	1.412193e-08	2972065009	1.412193e-08	1823433846	1.412193e-08	4052933330	1.412193e-08	2601128578	1.412193e-08	3239027265	1.412193e-08	3357191835	1.412193e-08	2437059955	1.412193e-08	486617589	1.412193e-08	445707895	1.412193e-08	3750558344	1.412193e-08	2800683865	1.412193e-08	480183180	1.412193e-08	3892593010	1.412193e-08	776375684	1.412193e-08	1678023283	1.412193e-08	2118254765	1.412193e-08	3580551846	1.412193e-08	3446120764	1.412193e-08	248789546	1.412193e-08	3416864524	1.412193e-08	2130045942	1.412193e-08	14462253	1.412193e-08	1937837823	1.412193e-08	2252599940	1.412193e-08	2922107309	1.412193e-08	3961635192	1.412193e-08	917430777	1.412193e-08	3767002695	1.412193e-08	4078497741	1.412193e-08	3132125139	1.412193e-08	3242796679	1.412193e-08	
3.785829e+06	1	2316491956	2.899389e-07	921835634	
3.785829e+06	1	2316491956	3.040609e-07	3242796679	
3.785829e+06	1	2316491956	3.181828e-07	3132125139	
3.785829e+06	1	2316491956	3.323047e-07	2606270759	
3.785829e+06	1	2316491956	3.464267e-07	4078497741	
3.785829e+06	1	2316491956	3.605486e-07	4081327903	
3.786243e+06	1	2800683865	2.824387e-08	3750558344	
3.786866e+06	1	1465560917	9.929794e-07	4052933330	
3.791583e+06	0	1736323711	2.166063e-08	3356410364	
3.799083e+06	1	179097684	8.682285e-07	3099973400	
3.800908e+06	1	1465560917	1.007101e-06	2601128578	
3.812197e+06	0	2130045942	1.412193e-08	4256642775	
3.812334e+06	0	4013164456	1.664939e-08	2087527840	
3.827471e+06	3	3866772787	1.400000e-08	1856937876	444974319	1.400000e-08	
3.856286e+06	1	1465560917	1.021223e-06	2118254765	
3.875754e+06	3	1321648343	2.718611e-08	438292632	3734593757	1.400000e-08	
3.877671e+06	1	3373526895	2.680950e-06	4256642775	
3.877907e+06	3	2087527840	1.413840e-08	3730019172	759964359	1.400000e-08	
3.878089e+06	1	3373526895	2.694950e-06	3953247145	
3.882380e+06	0	2932274237	2.445042e-08	2710766136	
3.886107e+06	0	2980075456	1.410234e-08	1275089537	
3.889160e+06	0	1140472632	1.929913e-08	1130108289	
3.889388e+06	0	14462253	1.412193e-08	1852572783	
3.895091e+06	0	3921011129	6.870699e-07	1517815290	
3.896862e+06	0	1275089537	1.400000e-08	3297235373	
3.906565e+06	1	3921011129	7.010699e-07	3734593757	
3.919587e+06	1	1465560917	1.035345e-06	2130045942	
3.931764e+06	0	2655011401	1.413840e-08	3962269793	
3.939944e+06	0	1230311851	1.458727e-08	486617589	
3.944148e+06	0	1820499179	1.415350e-08	2922107309	
3.946976e+06	1	3373526895	2.709104e-06	2286860921	
3.949687e+06	1	2800683865	4.224387e-08	771038762	
3.953598e+06	0	1465560917	1.035345e-06	3961635192	
3.958768e+06	0	2252599940	1.412193e-08	1275089537	
3.959701e+06	3	4148810631	1.400000e-08	932943525	111235536	1.400000e-08	
3.961231e+06	1	1465560917	1.122843e-06	1593891639	
3.972498e+06	1	1465560917	1.136965e-06	3239027265	
3.974443e+06	1	3921011129	7.221300e-07	3983774618	
3.991629e+06	3	2125112500	2.440565e-08	1541925803	1490861810	2.360615e-08	
4.016645e+06	1	3373526895	2.724716e-06	481808867	
4.017955e+06	1	3373526895	2.738870e-06	847040419	
4.019472e+06	0	3921011129	7.221300e-07	1382686479	
4.023450e+06	1	1465560917	1.151277e-06	253060996	
4.029745e+06	0	134948105	1.461174e-08	2714424842	
4.038988e+06	0	110358663	2.152685e-08	3593659676	
4.045030e+06	0	1797275806	1.482773e-08	3962269793	
4.045741e+06	3	1678023283	1.424387e-08	1852572783	845186953	1.400000e-08	
4.059332e+06	3	1678023283	1.424387e-08	444974319	2279859862	1.400000e-08	
4.063580e+06	0	846691466	3.151301e-08	636961411	
4.064223e+06	0	14462253	1.412193e-08	3325553423	
4.073412e+06	3	933412597	1.506244e-08	1249238030	1407916447	1.400000e-08	
4.077807e+06	0	480183180	1.412193e-08	1407916447	
4.077815e+06	1	480183180	2.824387e-08	2437059955	
4.086816e+06	0	1321648343	2.718611e-08	3866772787	
4.093497e+06	0	2937387076	2.791000e-08	3827929005	
4.105572e+06	1	2125112500	4.801180e-08	1490861810	
4.123717e+06	0	1937837823	1.412193e-08	1426981231	
4.130213e+06	1	373638573	1.000000e+00	3528332227	
4.139147e+06	1	1465560917	1.165399e-06	2972065009	
4.139874e+06	1	3921011129	7.367173e-07	1924091726	
4.145556e+06	1	1465560917	1.179399e-06	845186953	
4.151428e+06	0	3373526895	2.738870e-06	1321648343	
4.155475e+06	3	77395223	2.121700e-08	410848061	3539250331	1.400000e-08	
4.160169e+06	1	179097684	8.822285e-07	2256454524	
4.160969e+06	3	1797275806	1.507636e-08	2900628886	2929070229	1.400000e-08	
4.165028e+06	0	1465560917	1.179399e-06	3438744891	
4.175628e+06	3	3321237907	1.482475e-08	964813250	368451981	1.400000e-08	
4.200784e+06	0	2316491956	3.605486e-07	1797275806	
4.224753e+06	1	1465560917	1.193643e-06	1678023283	
4.225362e+06	1	1465560917	1.207955e-06	3578947201	
4.246717e+06	0	486617589	1.412193e-08	302486611	
4.254277e+06	3	975973597	1.489721e-08	2438291630	3340012098	1.400000e-08	
4.255797e+06	0	1035492323	2.791000e-08	4069401935	
4.259791e+06	1	3921011129	7.582442e-07	110358663	
4.267618e+06	0	134948105	1.461174e-08	3076001680	
4.278500e+06	1	3921011129	7.722528e-07	149784911	
4.279745e+06	1	3373526895	2.766056e-06	1321648343	
4.282099e+06	0	3076001680	1.458727e-08	2025893757	
4.283083e+06	0	1736323711	2.166063e-08	1370908750	
4.286056e+06	0	3373526895	2.766056e-06	134948105	
4.289859e+06	0	1674415855	1.561636e-08	1553963666	
4.290272e+06	0	517786421	1.431225e-08	3357191835	
4.301323e+06	0	3825172902	1.458727e-08	2087527840	
4.319048e+06	3	3830801972	1.400000e-08	1965972368	3876565829	1.400000e-08	
4.342071e+06	0	3229926557	1.412193e-08	2056593038	
4.348944e+06	1	179097684	8.963309e-07	114837353	
4.365802e+06	3	4013164456	1.601544e-08	571790981	2937776487	1.494620e-08	
4.375602e+06	3	3866772787	1.400000e-08	3830801972	4232177374	1.400000e-08	
4.390463e+06	3	1370908750	1.566000e-08	3876565829	34775558	1.400000e-08	
4.391381e+06	1	1465560917	1.222077e-06	3446120764	
4.411079e+06	0	179097684	8.963309e-07	3866772787	
4.427605e+06	0	3314075649	1.413869e-08	1734007597	
4.437414e+06	0	1072840122	2.120309e-08	3539250331	
4.454520e+06	3	717226258	2.719206e-08	3325553423	747443871	1.400000e-08	
4.459000e+06	1	176241382	2.858727e-08	1407916447	
4.470033e+06	0	77395223	2.121700e-08	3149440925	
4.504674e+06	0	2993076447	1.561500e-08	2066612683	
4.517308e+06	0	3642829293	1.802926e-08	481400394	
4.526004e+06	3	2909632847	1.400000e-08	2087527840	2640871332	1.430407e-08	2542288242	1.430407e-08	
4.529256e+06	3	486617589	1.412193e-08	3539250331	1056843563	1.400000e-08	
4.534095e+06	3	3879652638	1.482773e-08	1130108289	303951786	1.400000e-08	
4.536203e+06	0	3642829293	1.802926e-08	1820499179	
4.550703e+06	3	3467386575	2.639849e-08	3314075649	834694043	1.400000e-08	
4.562783e+06	1	2125112500	6.202042e-08	1965662198	
4.565879e+06	1	373638573	1.000000e+00	1246511018	
4.573145e+06	1	2316491956	3.746705e-07	3767002695	
4.577942e+06	3	1896745001	1.424290e-08	1517815290	3563967453	1.400000e-08	
4.602273e+06	0	2733144751	5.661368e-08	1140472632	
4.602856e+06	1	179097684	9.103309e-07	3866772787	
4.603155e+06	3	564959126	1.470921e-08	486617589	2046636587	1.400000e-08	
4.627863e+06	0	3373526895	2.766056e-06	335748715	
4.627912e+06	0	3373526895	2.766056e-06	335748715	
4.632660e+06	0	3373526895	2.766056e-06	3356410364	
4.634862e+06	0	3443287411	1.491916e-08	1867247157	
4.636259e+06	0	3356410364	1.517455e-08	335748715	
4.637595e+06	0	1465560917	1.222077e-06	3076001680	
4.650936e+06	1	373638573	1.000001e+00	1797275806	
4.651427e+06	3	2774448923	2.194852e-08	1090143039	248584559	1.400000e-08	
4.659073e+06	1	373638573	1.000001e+00	604674024	
4.664580e+06	0	564959126	1.470921e-08	2480753293	
4.672012e+06	1	1465560917	1.236199e-06	14462253	
4.691630e+06	3	2932274237	2.445042e-08	303951786	2069589902	1.400000e-08	
4.693431e+06	3	2326007700	1.400000e-08	4260098875	1235889872	1.442474e-08	3775520932	1.442474e-08	
4.704317e+06	1	373638573	1.000001e+00	2714424842	
4.706367e+06	3	2993076447	1.590783e-08	2378434411	3189348033	1.400000e-08	
4.724669e+06	1	179097684	9.295518e-07	2185291493	
4.729005e+06	0	3642829293	1.802926e-08	2929070229	
4.764033e+06	0	2800683865	4.224387e-08	1035492323	
4.775249e+06	1	3373526895	2.780056e-06	2909632847	
4.779944e+06	1	3373526895	2.794056e-06	3962269793	
4.783647e+06	1	3373526895	2.808360e-06	2542288242	
4.793032e+06	3	1382686479	1.424046e-08	2348040613	3568714221	1.400000e-08	
4.796030e+06	3	1842102965	2.091000e-08	2056593038	1972280475	1.400000e-08	
4.797604e+06	3	1736323711	2.176297e-08	2353028958	1620253739	1.400000e-08	
4.801765e+06	0	15308464	1.492710e-08	759964359	
4.807826e+06	0	2125112500	6.202042e-08	368451981	
4.808110e+06	3	2125112500	3.797342e-08	368451981	36858200	1.902350e-08	3600207777	1.902350e-08	
4.814704e+06	1	3921011129	7.868531e-07	2110688926	
4.818706e+06	0	2733144751	5.661368e-08	3593659676	
4.829825e+06	1	1465560917	1.250199e-06	1972280475	
4.831359e+06	3	3330100144	1.508060e-08	695939830	2738098750	1.400000e-08	
4.833002e+06	1	3921011129	8.009915e-07	2655011401	
4.834220e+06	0	651046398	1.410234e-08	3270476896	
4.835945e+06	3	3467386575	2.534467e-08	2993076447	896341566	1.696165e-08	
4.836633e+06	3	2937387076	2.791000e-08	2710766136	2503507209	1.400000e-08	
4.843941e+06	1	3373526895	2.822664e-06	2640871332	
4.850587e+06	0	2937776487	1.494620e-08	3416864524	
4.854223e+06	3	445707895	1.424387e-08	1179141501	471811031	1.400000e-08	
4.859769e+06	1	1465560917	1.278109e-06	1035492323	
4.862647e+06	1	1465560917	1.293189e-06	3584287056	
4.877269e+06	0	1123501568	2.791000e-08	651046398	
4.889411e+06	3	3373526895	2.822664e-06	2733144751	3064549276	1.400000e-08	1863970860	1.420456e-08	1149964213	1.420456e-08	3152769946	1.420456e-08	
4.889412e+06	1	3373526895	2.836868e-06	1149964213	
4.889510e+06	0	1863970860	1.420456e-08	4148810631	
4.917706e+06	0	179097684	9.295518e-07	4232177374	
4.930997e+06	1	3921011129	8.149915e-07	3297235373	
4.931040e+06	1	179097684	9.435518e-07	3690557900	
4.935773e+06	1	373638573	1.000001e+00	1428265047	
4.943763e+06	1	3373526895	2.858631e-06	1736323711	
4.949884e+06	3	3416864524	1.412193e-08	2279859862	988314595	1.400000e-08	
4.950480e+06	0	3921011129	8.149915e-07	250719570	
4.980144e+06	0	2748669076	1.407523e-08	248584559	
4.982197e+06	0	176241382	2.858727e-08	3229926557	
4.988409e+06	1	3373526895	2.872631e-06	1227575429	
4.988706e+06	1	3373526895	2.886836e-06	1863970860	
4.993694e+06	3	2800683865	1.400000e-08	975973597	497778995	1.438036e-08	1776728451	1.438036e-08	1897972748	1.438036e-08	
4.996590e+06	1	2932274237	4.141206e-08	896341566	
5.008149e+06	0	4122240121	2.791000e-08	4281208133	
5.009995e+06	1	3373526895	2.902010e-06	3356410364	
5.028166e+06	3	3593732192	2.091000e-08	1275089537	340569875	1.400000e-08	
5.029895e+06	1	1465560917	1.309205e-06	4013164456	
5.032467e+06	0	3921011129	8.149915e-07	471811031	
5.041906e+06	0	2125112500	3.797342e-08	36858200	
5.050516e+06	1	3373526895	2.917670e-06	1370908750	
5.071249e+06	1	3373526895	2.931875e-06	3152769946	
5.089948e+06	0	3149440925	1.424046e-08	2980075456	
5.116219e+06	0	3593732192	2.091000e-08	340569875	
5.128368e+06	1	3373526895	2.946115e-06	3149440925	
5.141520e+06	1	373638573	1.000001e+00	3988949870	
5.164299e+06	1	179097684	9.575518e-07	4232177374	
5.169182e+06	0	3825172902	1.458727e-08	340569875	
5.180028e+06	0	3892593010	1.412193e-08	3270476896	
5.190204e+06	0	2503507209	1.400000e-08	3421068049	
5.199898e+06	1	426576124	8.872181e-07	4124564224	
5.210495e+06	3	2125112500	1.400000e-08	3497999925	4292574364	1.898671e-08	760568606	1.898671e-08	
5.231772e+06	1	2316491956	3.890509e-07	497778995	
5.234233e+06	3	2480753293	1.410234e-08	248584559	3168933829	1.400000e-08	
5.237128e+06	3	846691466	1.400000e-08	1553963666	3269561540	1.580768e-08	2567419240	1.580768e-08	
5.243226e+06	0	3330100144	1.508060e-08	1056843563	
5.251343e+06	0	3879652638	1.482773e-08	2738098750	
5.255098e+06	0	3416864524	1.412193e-08	2929070229	
5.265881e+06	3	3600207777	1.664822e-08	3580551846	156734636	1.649722e-08	
5.267700e+06	0	1593850299	2.791000e-08	3642829293	
5.269717e+06	3	2069589902	1.400000e-08	977281884	1998405125	1.400000e-08	
5.284399e+06	3	110318614	1.470921e-08	917430777	2067231467	1.400000e-08	
5.294000e+06	1	373638573	1.000001e+00	3340012098	
5.316463e+06	1	1465560917	1.323205e-06	3563967453	
5.317225e+06	0	2316491956	3.890509e-07	1734007597	
5.332146e+06	0	2066612683	1.561247e-08	2067231467	
5.340030e+06	1	3921011129	8.291299e-07	481400394	
5.360250e+06	0	3961635192	1.412193e-08	2069589902	
5.382524e+06	3	2567419240	1.742404e-08	1674415855	1175631744	1.400000e-08	
5.384396e+06	0	134948105	1.461174e-08	552380491	
5.398993e+06	1	3921011129	8.433907e-07	1906851972	
5.421487e+06	1	1465560917	1.337327e-06	2252599940	
5.429757e+06	1	373638573	1.000001e+00	302486611	
5.461179e+06	0	3593732192	2.091000e-08	2922107309	
5.468176e+06	0	3373526895	2.946115e-06	3270476896	
5.471510e+06	0	2980075456	1.410234e-08	111235536	
5.477979e+06	0	1230311851	1.458727e-08	3884425642	
5.481504e+06	0	3921011129	8.433907e-07	564959126	
5.491885e+06	0	3330100144	1.508060e-08	3827929005	
5.498568e+06	3	176241382	2.534979e-08	2929070229	797182755	1.723749e-08	
5.510584e+06	0	4292574364	1.898671e-08	3321237907	
5.522539e+06	0	179097684	9.575518e-07	34775558	
5.526764e+06	3	1230311851	1.458727e-08	1998405125	2126166399	1.400000e-08	
5.534713e+06	1	3373526895	2.960124e-06	3270476896	
5.550887e+06	1	373638573	1.000001e+00	3462747	
5.562612e+06	0	1434594601	2.791000e-08	988314595	
5.572501e+06	3	4122240121	1.438325e-08	564959126	947239549	1.411798e-08	363773044	1.411798e-08	
5.581106e+06	3	1235889872	1.454667e-08	4281208133	2269474534	1.400000e-08	
5.589648e+06	1	373638573	1.000001e+00	248789546	
5.621999e+06	0	179097684	9.575518e-07	34775558	
5.623425e+06	3	3269561540	1.618803e-08	1897972748	3269595313	1.400000e-08	
5.634799e+06	3	797182755	1.815665e-08	3443287411	113847314	1.400000e-08	
5.635258e+06	0	4292574364	1.898671e-08	2480753293	
5.658625e+06	1	2316491956	4.031728e-07	3961635192	
5.673248e+06	3	4122240121	1.450519e-08	1937837823	2262899028	1.400000e-08	
5.734767e+06	0	1867247157	1.437599e-08	2126166399	
5.737777e+06	1	3921011129	8.575291e-07	1734007597	
5.755625e+06	1	179097684	9.715518e-07	111235536	
5.779993e+06	1	1465560917	1.351480e-06	4283280385	
5.792960e+06	0	36858200	1.902350e-08	3892593010	
5.797480e+06	0	3642829293	1.802926e-08	1896745001	
5.805171e+06	0	3373526895	2.960124e-06	2980075456	
5.807002e+06	0	3593732192	2.091000e-08	760568606	
5.834115e+06	0	3921011129	8.575291e-07	1593850299	
5.843100e+06	3	3269561540	1.677531e-08	3378187523	533303172	1.400000e-08	
5.845489e+06	3	2937387076	2.791000e-08	3421068049	3088767360	1.400000e-08	
5.848437e+06	0	179097684	9.715518e-07	34775558	
5.862799e+06	0	445707895	1.424387e-08	988314595	
5.887123e+06	3	921425487	2.791000e-08	1175631744	3148243291	1.400000e-08	
5.920513e+06	0	179097684	9.715518e-07	34775558	
5.920586e+06	1	3921011129	8.721409e-07	134948105	
5.925694e+06	1	179097684	9.994618e-07	1593850299	
5.966037e+06	0	4175762635	1.556309e-08	3083717413	
5.968254e+06	3	3593732192	2.009547e-08	2046636587	1560482238	1.481453e-08	
5.982121e+06	1	3373526895	2.978466e-06	3433591204	
5.990367e+06	0	4292574364	1.898671e-08	3357191835	
5.992661e+06	1	3373526895	2.992466e-06	759964359	
6.000203e+06	1	2316491956	4.171728e-07	2125112500	
6.012535e+06	0	1465560917	1.351480e-06	921425487	
6.013999e+06	0	480183180	2.824387e-08	335748715	
6.046696e+06	3	445707895	1.424387e-08	3064549276	3480422963	1.400000e-08	
6.054046e+06	0	2316491956	4.171728e-07	1820499179	
6.060592e+06	1	3373526895	3.007053e-06	3076001680	
6.064240e+06	0	4292574364	1.898671e-08	2620273024	
6.110233e+06	1	3373526895	3.021191e-06	552380491	
6.117477e+06	1	1465560917	1.371576e-06	3593732192	
6.130514e+06	3	4122240121	1.460753e-08	651046398	312808672	1.400000e-08	
6.142383e+06	3	3642829293	1.870352e-08	3600207777	1563060474	1.597395e-08	
6.144910e+06	3	3892593010	1.412193e-08	3148243291	3296634473	1.400000e-08	
6.169616e+06	1	1465560917	1.385600e-06	3863839146	
6.186142e+06	3	1896745001	1.424290e-08	3088767360	1366354821	1.400000e-08	
6.195284e+06	0	2870158420	2.611431e-08	1002680420	
6.209718e+06	3	2262899028	1.400000e-08	2738098750	2272534990	1.400000e-08	
6.231187e+06	3	3467386575	2.593195e-08	1450024594	2900348596	1.400000e-08	
6.238834e+06	3	2066612683	1.561247e-08	3269595313	3828169649	1.400000e-08	
6.263769e+06	0	15308464	1.492710e-08	110318614	
6.273146e+06	0	2025893757	1.402420e-08	4106915849	
6.292744e+06	3	2025893757	1.402420e-08	846691466	3867217197	1.400000e-08	
6.302222e+06	3	2066612683	1.573044e-08	947239549	466180878	1.400000e-08	
6.317021e+06	1	3373526895	3.035191e-06	2272534990	
6.352895e+06	0	1465560917	1.385600e-06	2900348596	
6.369422e+06	1	373638573	1.000001e+00	776375684	
6.373199e+06	1	3373526895	3.049191e-06	3296634473	
6.375761e+06	0	1140472632	1.929913e-08	3416864524	
6.387613e+06	3	2937387076	1.400000e-08	1230311851	3790847783	1.424864e-08	2747516691	1.424864e-08	
6.397927e+06	1	179097684	1.013564e-06	2980075456	
6.410629e+06	1	3921011129	8.861409e-07	466180878	
6.432565e+06	0	110318614	1.470921e-08	2747516691	
6.447029e+06	0	3321237907	1.482475e-08	312808672	
6.447114e+06	0	1465560917	1.385600e-06	1123501568	
6.455259e+06	0	717226258	2.719206e-08	747443871	
6.546771e+06	0	3921011129	8.861409e-07	220748477	
6.553063e+06	0	4292574364	1.898671e-08	3827929005	
6.565848e+06	3	2066612683	1.573044e-08	1056843563	3261492807	1.400000e-08	
6.575312e+06	0	2900348596	1.400000e-08	2503507209	
6.600479e+06	3	480183180	2.191213e-08	1220275327	702973591	2.040696e-08	
6.600786e+06	1	3373526895	3.070101e-06	1842102965	
6.604197e+06	0	426576124	8.872181e-07	1820499179	
6.617981e+06	0	702973591	2.040696e-08	3828169649	
6.622197e+06	1	3921011129	9.007281e-07	1629863604	
6.634837e+06	1	3921011129	9.147281e-07	3867217197	
6.640093e+06	1	1465560917	1.399722e-06	1823433846	
6.661356e+06	1	2316491956	4.313263e-07	3083717413	
6.699819e+06	0	1123501568	2.791000e-08	2774448923	
6.714530e+06	0	2025893757	1.402420e-08	220748477	
6.740829e+06	1	3373526895	3.087525e-06	2567419240	
6.740980e+06	1	3373526895	3.101525e-06	4148810631	
6.751720e+06	1	179097684	1.027564e-06	220748477	
6.759808e+06	1	373638573	1.000001e+00	471811031	
6.774614e+06	1	1465560917	1.414550e-06	3879652638	
6.829817e+06	1	3921011129	9.288501e-07	2233621492	
6.834062e+06	0	921425487	2.791000e-08	15308464	
6.834730e+06	0	1465560917	1.414550e-06	1820499179	
6.838446e+06	0	179097684	1.027564e-06	34775558	
6.871193e+06	3	2445084109	1.458727e-08	4106915849	1297296453	1.400000e-08	
6.900671e+06	1	179097684	1.041940e-06	1867247157	
6.910105e+06	0	2316491956	4.313263e-07	747443871	
6.931351e+06	0	2316491956	4.313263e-07	36858200	
6.978517e+06	0	2171266278	1.561500e-08	2937776487	
7.015408e+06	1	3373526895	3.115766e-06	4093093422	
7.024851e+06	3	1620253739	1.400000e-08	2069589902	4013438285	1.400000e-08	
7.032779e+06	0	3892593010	1.412193e-08	3480422963	
7.035704e+06	1	3373526895	3.130010e-06	445707895	
7.061735e+06	1	3921011129	9.428501e-07	2262899028	
7.076052e+06	3	533303172	1.400000e-08	2800683865	199297112	1.400000e-08	
7.097141e+06	0	1563060474	1.597395e-08	3189348033	
7.110640e+06	0	921425487	2.791000e-08	2445084109	
7.114091e+06	1	3921011129	9.568501e-07	3168933829	
7.151304e+06	0	1123501568	2.791000e-08	3480422963	
7.166100e+06	1	3642829293	3.270352e-08	2937387076	
7.177187e+06	0	179097684	1.041940e-06	1703904600	
7.183255e+06	1	179097684	1.055940e-06	1703904600	
7.263902e+06	1	3373526895	3.157920e-06	1123501568	
7.286141e+06	0	3373526895	3.157920e-06	2747516691	
7.331283e+06	0	3373526895	3.157920e-06	156734636	
7.353666e+06	0	2316491956	4.313263e-07	1140472632	
7.355030e+06	0	3373526895	3.157920e-06	2025893757	
7.363537e+06	0	4175762635	1.556309e-08	2900348596	
7.364340e+06	0	3921011129	9.568501e-07	1560482238	
7.379269e+06	1	3921011129	9.708501e-07	533303172	
7.400374e+06	3	2748669076	1.407523e-08	2269474534	1780437574	1.400000e-08	
7.425349e+06	0	3373526895	3.157920e-06	3261492807	
7.430973e+06	0	110318614	1.470921e-08	636961411	
7.431837e+06	1	3373526895	3.172041e-06	3357191835	
7.452211e+06	0	1465560917	1.414550e-06	1235889872	
7.473746e+06	1	3921011129	9.848501e-07	1366354821	
7.474743e+06	1	373638573	1.000001e+00	156734636	
7.476986e+06	3	1434594601	1.465885e-08	702973591	1441326850	1.682905e-08	1869505131	1.682905e-08	
7.531799e+06	0	760568606	1.898671e-08	2748669076	
7.552021e+06	1	3373526895	3.199951e-06	921425487	
7.575745e+06	0	1465560917	1.414550e-06	2744143284	
7.599733e+06	0	249728555	2.091000e-08	3189348033	
7.641553e+06	1	2316491956	4.454287e-07	2480753293	
7.646177e+06	3	2748669076	1.407523e-08	113847314	792228939	1.400000e-08	
7.705953e+06	1	2316491956	4.663387e-07	249728555	
7.747812e+06	1	2316491956	4.803387e-07	2900348596	
7.768099e+06	3	3321237907	1.541203e-08	3825172902	3805166987	1.400000e-08	
7.791948e+06	1	3373526895	3.213951e-06	199297112	
7.814814e+06	0	3373526895	3.213951e-06	3827929005	
7.860078e+06	1	3373526895	3.227951e-06	3827929005	
7.867656e+06	0	2774448923	2.194852e-08	1560482238	
7.880702e+06	1	1465560917	1.428550e-06	1156624510	
7.880935e+06	3	3642829293	1.400000e-08	834694043	3673152909	1.635176e-08	3654632673	1.635176e-08	
7.901668e+06	0	2261252686	2.791000e-08	399492375	
7.909941e+06	0	2066612683	1.573044e-08	312808672	
7.918619e+06	1	3373526895	3.242559e-06	4122240121	
7.921206e+06	0	3673152909	1.635176e-08	1565786989	
7.969946e+06	3	480183180	2.689884e-08	760568606	717671056	1.400000e-08	
8.049789e+06	3	4013438285	1.400000e-08	3480422963	3858463531	1.400000e-08	
8.061061e+06	0	2316491956	4.803387e-07	1563060474	
8.202053e+06	1	373638573	1.000001e+00	2445084109	
8.216204e+06	1	3921011129	9.988501e-07	3261492807	
8.228022e+06	1	1465560917	1.443259e-06	110318614	
8.247757e+06	0	1441326850	1.682905e-08	1560482238	
8.323498e+06	1	373638573	1.000001e+00	1776728451	
8.324364e+06	1	1465560917	1.457259e-06	747443871	
8.342147e+06	1	2316491956	5.009566e-07	783121895	
8.398092e+06	3	2066612683	1.573044e-08	3189348033	1421662397	1.400000e-08	
8.410918e+06	3	2316491956	5.130856e-07	873214132	1367591863	1.578105e-08	
8.411421e+06	1	2316491956	5.288666e-07	1367591863	
8.411760e+06	1	3269561540	3.172150e-08	2937776487	
8.450945e+06	1	3373526895	3.257146e-06	2620273024	
8.530210e+06	0	1563060474	1.597395e-08	3892593010	
8.541069e+06	0	1465560917	1.457259e-06	340569875	
8.619306e+06	0	3921011129	9.988501e-07	2066612683	
8.642475e+06	0	3373526895	3.257146e-06	3828169649	
8.647857e+06	0	2316491956	5.288666e-07	3330100144	
8.677440e+06	0	3176785673	2.791000e-08	3321237907	
8.683126e+06	1	2316491956	5.428666e-07	3828169649	
8.704299e+06	1	1465560917	1.482609e-06	176241382	
8.709816e+06	1	3921011129	1.015202e-06	3673152909	
8.770964e+06	1	3269561540	4.572150e-08	1297296453	
8.778855e+06	0	3467386575	2.593195e-08	2922107309	
8.857230e+06	0	3858463531	1.400000e-08	4013438285	
8.861911e+06	0	3654632673	1.635176e-08	2171266278	
8.905923e+06	1	3373526895	3.275303e-06	797182755	
8.909687e+06	0	3373526895	3.275303e-06	3775520932	
8.918822e+06	1	1465560917	1.501908e-06	1140472632	
8.945354e+06	1	3921011129	1.029202e-06	1620253739	
9.004756e+06	1	3373526895	3.289303e-06	1426981231	
9.023539e+06	0	1465560917	1.501908e-06	36858200	
9.137830e+06	3	1563060474	1.621685e-08	1896745001	2661924784	1.400000e-08	
9.197863e+06	1	179097684	1.069940e-06	4013438285	
9.208443e+06	0	3921011129	1.029202e-06	717671056	
9.220562e+06	1	3373526895	3.304918e-06	2171266278	
9.236148e+06	1	2316491956	5.568666e-07	2503507209	
9.265099e+06	3	250719570	1.867041e-08	3884425642	1367690675	1.400000e-08	
9.283900e+06	1	1465560917	1.516722e-06	1560482238	
9.316022e+06	1	373638573	1.000001e+00	3568714221	
9.371896e+06	3	3654632673	1.666401e-08	2308303797	3216152648	1.400000e-08	
9.418107e+06	1	3373526895	3.318942e-06	2025893757	
9.515649e+06	0	3921011129	1.029202e-06	1780437574	
9.553463e+06	1	3373526895	3.340891e-06	2774448923	
9.609280e+06	1	373638573	1.000001e+00	335748715	
9.690765e+06	1	373638573	1.000001e+00	570164134	
9.714405e+06	0	3921011129	1.029202e-06	3654632673	
9.721788e+06	0	3269561540	4.572150e-08	1563060474	
9.788811e+06	1	2316491956	5.708666e-07	988314595	
9.842938e+06	0	1367690675	1.400000e-08	3858463531	
9.854095e+06	1	3373526895	3.362108e-06	77395223	
9.925646e+06	0	1565786989	1.415350e-08	3805166987	
9.935065e+06	0	3269561540	4.572150e-08	480183180	
9.947754e+06	1	1465560917	1.530844e-06	4108567391	
