1.698909e+01	1	545239233	3.070100e-07	2308721517	
3.705833e+02	1	1661091397	5.582000e-08	780264402	
4.630340e+02	1	3150846686	3.070100e-07	3232700421	
4.701737e+02	1	3534547045	3.070100e-07	582973675	
5.747965e+02	1	2235064901	3.070100e-07	4231632140	
7.181875e+02	1	2799798816	3.070100e-07	2466232951	
1.668687e+03	1	3534547045	3.349200e-07	3889879026	
2.335980e+03	0	3257166052	2.791000e-08	1584276479	
5.802203e+03	1	1465560917	3.070100e-07	2693713428	
7.077098e+03	1	3150846686	3.349200e-07	1493201942	
7.147987e+03	1	3800257563	3.070100e-07	3709881891	
7.875318e+03	1	2340740170	3.070100e-07	3071234124	
9.867110e+03	1	1465560917	3.349200e-07	2870037616	
1.066956e+04	1	4259593397	3.070100e-07	2046083849	
1.087668e+04	1	1735432893	5.582000e-08	925199572	
1.574036e+04	0	2340740170	3.070100e-07	314650893	
1.651803e+04	1	2246051850	3.070100e-07	717226258	
1.791630e+04	1	1222799196	3.070100e-07	3497999925	
2.145062e+04	0	2235064901	3.070100e-07	3150420704	
2.219017e+04	1	3004792470	3.070100e-07	2906924538	
2.322850e+04	1	2870158420	5.582000e-08	1156624510	
2.573097e+04	1	2870158420	8.373000e-08	790319072	
3.193704e+04	0	1502094437	2.791000e-08	3732071459	
3.276617e+04	1	1572835533	3.070100e-07	2718413753	
3.353088e+04	1	2246051850	3.349200e-07	770580294	
3.417696e+04	0	2349140130	2.791000e-08	3749853089	
3.513796e+04	1	242414939	5.582000e-08	1502094437	
4.018504e+04	1	2984600922	3.070100e-07	2440120768	
4.024271e+04	0	387772665	2.791000e-08	632754209	
4.213452e+04	1	2555962951	3.070100e-07	266059373	
4.460087e+04	1	1735432893	8.373000e-08	3126241903	
4.469439e+04	0	40245973	2.791000e-08	905418128	
5.074343e+04	1	387772665	5.582000e-08	2349140130	
5.612329e+04	0	725558489	2.791000e-08	2178051842	
5.734481e+04	1	3150846686	3.628300e-07	2178051842	
5.881276e+04	1	4259593397	3.349200e-07	3357643131	
6.180933e+04	0	1206764858	2.791000e-08	3704423751	
6.260898e+04	1	1465560917	3.628300e-07	259930472	
6.347428e+04	1	941534069	5.582000e-08	3121047530	
7.484886e+04	0	179097684	2.791000e-07	3704423751	
7.920436e+04	1	1222799196	3.349200e-07	3774459889	
9.128182e+04	1	1735432893	1.116400e-07	3061883439	
9.207156e+04	1	1068020906	9.543279e-04	4274934102	
9.290490e+04	1	1572835533	3.628300e-07	242414939	
9.298809e+04	1	2235064901	3.349200e-07	3084497907	
9.474653e+04	1	2937387076	5.582000e-08	3616865126	
9.493507e+04	0	2956861855	2.791000e-08	728028737	
1.021749e+05	0	2528553283	2.791000e-08	862710978	
1.024154e+05	1	2246051850	3.628300e-07	3241671100	
1.057566e+05	3	387772665	5.582000e-08	1661091397	3687573659	1.400000e-08	3196256300	2.091000e-08	848448836	2.091000e-08	
1.132670e+05	0	545239233	3.070100e-07	3326748277	
1.248221e+05	1	2984600922	3.349200e-07	443746396	
1.255196e+05	1	3921011129	3.070100e-07	778035964	
1.348615e+05	1	2246051850	3.907400e-07	1444500749	
1.373175e+05	1	545239233	3.349200e-07	245436729	
1.402075e+05	0	426576124	2.791000e-07	754869367	
1.407389e+05	1	1068020906	9.543558e-04	1498734392	
1.595998e+05	0	2835620284	2.791000e-08	2779686750	
1.766392e+05	1	1222799196	6.140200e-07	1075699702	
1.993999e+05	1	1434594601	5.582000e-08	2487301543	
2.050986e+05	1	3150846686	6.977500e-07	2235064901	
2.080852e+05	1	1068020906	9.543837e-04	29350397	
2.099387e+05	0	387772665	5.582000e-08	3196256300	
2.165430e+05	1	2799798816	3.628300e-07	1434594601	
2.431173e+05	0	862710978	2.791000e-08	4252347608	
2.471859e+05	1	545239233	6.419300e-07	2340740170	
2.477284e+05	0	257754683	2.791000e-08	1584276479	
2.545810e+05	0	387772665	5.582000e-08	3919821980	
2.762199e+05	1	1465560917	3.907400e-07	949068759	
2.910054e+05	0	486050091	2.791000e-08	3800234335	
3.334106e+05	1	392861532	5.582000e-08	265770918	
3.358598e+05	0	725558489	2.791000e-08	2859795595	
3.481104e+05	0	3908154577	2.791000e-08	3196256300	
3.483172e+05	0	3908154577	2.791000e-08	3196256300	
3.497522e+05	1	1068020906	9.544116e-04	253808213	
3.592865e+05	0	331336395	2.791000e-08	3938221642	
3.809306e+05	0	3150846686	6.977500e-07	3150420704	
3.870867e+05	1	2204676502	2.857279e-04	1507417240	
3.938745e+05	0	3534547045	3.349200e-07	3687573659	
3.984989e+05	0	2779686750	2.791000e-08	3841896594	
4.194286e+05	1	3150846686	7.256600e-07	1134175585	
4.322108e+05	0	3373526895	2.791000e-07	3908154577	
4.378266e+05	3	314650893	2.848351e-08	1584276479	2211003714	2.733649e-08	
4.424726e+05	3	3908154577	1.400000e-08	3424908067	2916276788	2.091000e-08	3696193412	2.091000e-08	
4.432368e+05	0	2393342300	2.791000e-08	2916276788	
4.707098e+05	0	1735432893	1.116400e-07	725558489	
4.898614e+05	0	179097684	2.791000e-07	1206764858	
4.957070e+05	0	3004792470	3.070100e-07	405521437	
4.973359e+05	0	3621383820	2.791000e-08	858320168	
5.129487e+05	0	941534069	5.582000e-08	3841896594	
5.374714e+05	0	4031050948	2.791000e-07	129185354	
5.390744e+05	0	1236021306	2.791000e-08	405521437	
5.445930e+05	1	1735432893	1.395500e-07	1425083048	
5.497263e+05	0	1465560917	3.907400e-07	384163328	
5.563885e+05	0	3534547045	3.349200e-07	3749853089	
5.565311e+05	1	373638573	1.000000e+00	739080713	
5.631731e+05	3	2984600922	3.349200e-07	4259593397	15308464	1.578971e-08	1239307652	1.450592e-08	1945448119	1.450592e-08	3396227953	1.450592e-08	3321237907	1.450592e-08	3187199216	1.450592e-08	3330100144	1.450592e-08	310481256	1.450592e-08	817087088	1.450592e-08	551137729	1.450592e-08	1218250404	1.450592e-08	1035956119	1.450592e-08	1211996162	1.450592e-08	188552836	1.450592e-08	2029773149	1.450592e-08	302486611	1.450592e-08	1842102965	1.450592e-08	1285693762	1.450592e-08	1078741991	1.450592e-08	2723643411	1.450592e-08	1804212609	1.450592e-08	438292632	1.450592e-08	2001290253	1.450592e-08	
5.704248e+05	1	2799798816	3.773359e-07	438292632	
5.767094e+05	0	2984600922	3.349200e-07	2250879299	
5.767602e+05	3	3534547045	5.903351e-07	3373526895	3147695692	2.368490e-08	
5.788439e+05	1	3534547045	6.140200e-07	3147695692	
5.965025e+05	1	1222799196	6.285259e-07	1078741991	
6.017448e+05	3	179097684	2.644034e-07	1631081845	3179285865	1.420220e-08	2173231515	1.420220e-08	740082705	1.420220e-08	
6.072685e+05	3	811613008	1.400000e-08	2451350669	2795063678	2.091000e-08	3642829293	2.091000e-08	
6.154299e+05	0	3704423751	2.791000e-08	2173231515	
6.233147e+05	3	2038493855	2.689479e-08	3696193412	2707128518	2.192521e-08	
6.326568e+05	1	1735432893	1.674600e-07	2859795595	
6.349542e+05	0	1735432893	1.674600e-07	632754209	
6.450808e+05	3	843517319	3.777290e-08	3382444416	474866315	1.804710e-08	
6.458790e+05	1	179097684	2.923134e-07	1206764858	
6.489396e+05	3	3704423751	2.791000e-08	3908154577	1639799867	1.400000e-08	
6.664186e+05	1	3150846686	7.465700e-07	3196256300	
6.666075e+05	0	2916276788	2.091000e-08	2173231515	
6.677914e+05	0	1465560917	3.907400e-07	2542835646	
6.712194e+05	0	3704423751	2.791000e-08	1639799867	
6.807491e+05	3	2779686750	2.791000e-08	811613008	1026028388	1.400000e-08	
7.096325e+05	1	179097684	3.065156e-07	3179285865	
7.569531e+05	3	15308464	1.629563e-08	551137729	1128056158	1.400000e-08	
7.723028e+05	1	373638573	1.000000e+00	1878784256	
8.169265e+05	1	3534547045	6.359452e-07	2707128518	
8.224243e+05	1	3534547045	6.638552e-07	2393342300	
8.339513e+05	0	387772665	5.582000e-08	3150420704	
8.685245e+05	1	3150846686	7.744800e-07	331336395	
9.264881e+05	0	3841896594	2.791000e-08	848448836	
9.276309e+05	3	3197676583	2.627350e-08	1593850299	2909632847	1.477325e-08	937177227	1.477325e-08	
9.335331e+05	0	2408568032	2.791000e-08	384163328	
9.404984e+05	0	2205180068	2.791000e-08	197654791	
9.418527e+05	0	3921011129	3.070100e-07	287801793	
9.499778e+05	0	1465560917	3.907400e-07	1037584679	
9.607167e+05	3	3257166052	1.400000e-08	2211003714	3393811039	2.062324e-08	611212867	2.062324e-08	
1.019328e+06	1	373638573	1.000000e+00	659524895	
1.019544e+06	1	3534547045	7.196752e-07	387772665	
1.041587e+06	0	2246051850	3.907400e-07	310481256	
1.072726e+06	1	3534547045	7.465700e-07	2038493855	
1.076033e+06	0	179097684	3.065156e-07	2173231515	
1.079305e+06	0	3150846686	7.744800e-07	287801793	
1.086247e+06	0	1327969783	2.791000e-08	3732071459	
1.090388e+06	3	482917538	1.400000e-08	2779686750	1104410542	2.091000e-08	2328232000	2.091000e-08	
1.106568e+06	0	3534547045	7.465700e-07	1738899943	
1.116462e+06	1	373638573	1.000000e+00	3933289935	
1.121670e+06	0	2125112500	2.791000e-08	858320168	
1.127125e+06	1	953296898	4.191000e-08	482917538	
1.149766e+06	0	4252347608	2.791000e-08	2173231515	
1.150132e+06	0	3534547045	7.465700e-07	632754209	
1.155524e+06	3	179097684	3.037268e-07	3749853089	2999719241	1.534942e-08	1931993247	1.534942e-08	
1.158608e+06	3	3800234335	1.492131e-08	1731090175	1494850122	2.044935e-08	3414514926	2.044935e-08	
1.180762e+06	1	179097684	3.190762e-07	1931993247	
1.186227e+06	3	3919821980	2.791000e-08	1639799867	2312786130	1.400000e-08	
1.190914e+06	0	2919643181	2.791000e-08	1842102965	
1.204657e+06	3	3919821980	1.400000e-08	3330100144	3537925318	1.420796e-08	1634407402	1.420796e-08	
1.219162e+06	1	179097684	3.469862e-07	862710978	
1.234218e+06	1	3534547045	7.607780e-07	1634407402	
1.235169e+06	1	179097684	3.611884e-07	2173231515	
1.245124e+06	0	179097684	3.611884e-07	2999719241	
1.247739e+06	1	179097684	3.765378e-07	2999719241	
1.249574e+06	1	373638573	1.000000e+00	1227575429	
1.258048e+06	3	1222799196	6.285259e-07	4031050948	3869596591	1.400000e-08	3375523036	1.472778e-08	772925454	1.472778e-08	2215785330	1.472778e-08	3491092596	1.472778e-08	57770090	1.472778e-08	3071577057	1.472778e-08	1452489764	1.472778e-08	4260098875	1.472778e-08	3696843781	1.472778e-08	2138100036	1.472778e-08	1726701215	1.472778e-08	1412415798	1.472778e-08	375852842	1.472778e-08	3593732192	1.472778e-08	3888264012	1.472778e-08	313359544	1.472778e-08	217284033	1.472778e-08	2151269300	1.472778e-08	
1.286123e+06	1	1465560917	4.054678e-07	375852842	
1.296901e+06	0	3534547045	7.607780e-07	486050091	
1.306433e+06	1	373638573	1.000000e+00	3736894086	
1.327058e+06	1	3534547045	7.886880e-07	3116505811	
1.340907e+06	1	3534547045	8.028959e-07	3537925318	
1.343349e+06	1	3534547045	8.238059e-07	2795063678	
1.347615e+06	0	3988949870	2.791000e-08	511603307	
1.353268e+06	0	3988949870	2.791000e-08	57770090	
1.357666e+06	1	373638573	1.000000e+00	2768642543	
1.377737e+06	3	257754683	1.400000e-08	1379399837	3913511150	2.091000e-08	2962530363	2.091000e-08	
1.381345e+06	0	3428193420	2.791000e-08	561528368	
1.400707e+06	3	740082705	1.420220e-08	2312786130	2063946235	1.400000e-08	
1.408498e+06	1	373638573	1.000000e+00	754869367	
1.418938e+06	0	2542835646	2.791000e-08	817087088	
1.423580e+06	1	740082705	2.820220e-08	2063946235	
1.435645e+06	1	2519559028	3.070100e-07	838860310	
1.441513e+06	0	3490627259	2.791000e-08	2620740164	
1.443792e+06	0	486050091	2.791000e-08	1026028388	
1.474357e+06	3	3421887303	3.344617e-08	1494850122	1172086036	1.491318e-08	
1.554558e+06	1	373638573	1.000000e+00	251961497	
1.557280e+06	1	3534547045	8.517159e-07	2528553283	
1.561371e+06	1	3004792470	3.217378e-07	1412415798	
1.567507e+06	0	1735432893	1.674600e-07	40245973	
1.587350e+06	0	3150846686	7.744800e-07	2737363250	
1.588706e+06	3	1738899943	1.400000e-08	848448836	690117576	1.741000e-08	3288380490	1.741000e-08	
1.604501e+06	3	1494141940	1.400000e-08	3696843781	845665321	1.431889e-08	3122982648	1.431889e-08	
1.605480e+06	1	545239233	6.698400e-07	3150420704	
1.612062e+06	0	3921011129	3.070100e-07	40245973	
1.616881e+06	0	3114612365	2.791000e-08	3321237907	
1.617540e+06	0	3737780296	2.791000e-07	1866926464	
1.628467e+06	3	2125112500	1.400000e-08	611212867	1471982444	1.726662e-08	3303338876	1.726662e-08	
1.656327e+06	1	3534547045	8.796259e-07	40245973	
1.715310e+06	0	2937387076	5.582000e-08	3841896594	
1.802953e+06	3	2250879299	1.400000e-08	3704423751	2875471576	2.091000e-08	1738909006	2.091000e-08	
1.847286e+06	0	3841896594	2.791000e-08	632754209	
1.851414e+06	1	3921011129	3.349200e-07	870323177	
1.867548e+06	0	953296898	4.191000e-08	2263814062	
1.930079e+06	1	179097684	3.974478e-07	2916276788	
1.942143e+06	3	3888264012	1.545556e-08	57770090	356405251	1.400000e-08	
1.953365e+06	0	3421887303	3.344617e-08	2406269022	
1.979113e+06	1	373638573	1.000000e+00	3891448235	
1.994436e+06	1	373638573	1.000000e+00	3428193420	
2.009418e+06	3	3414514926	2.212205e-08	690117576	2879167783	1.573730e-08	
2.042561e+06	3	3747246174	1.426853e-08	3800234335	3083352544	1.428139e-08	4198169764	1.428139e-08	
2.058153e+06	0	1572835533	3.628300e-07	511603307	
2.087036e+06	1	3534547045	9.130721e-07	3421887303	
2.096845e+06	0	3737780296	2.791000e-07	2298477853	
2.139774e+06	0	3303338876	1.726662e-08	4260098875	
2.145364e+06	3	632754209	1.400000e-08	2875471576	821115011	1.741000e-08	2118016430	1.741000e-08	
2.153387e+06	1	821115011	3.141000e-08	632754209	
2.177227e+06	1	3534547045	9.270721e-07	3687573659	
2.197598e+06	3	2263814062	2.782249e-08	1471982444	1945735688	1.735413e-08	
2.229726e+06	0	1019134040	2.791000e-08	3775452048	
2.240895e+06	1	3150846686	8.023900e-07	561528368	
2.262940e+06	0	2835620284	2.791000e-08	2455496064	
2.279636e+06	0	3921011129	3.349200e-07	1986278615	
2.295211e+06	0	3114612365	2.791000e-08	3621383820	
2.312564e+06	1	373638573	1.000000e+00	300193622	
2.314556e+06	3	1037584679	1.400000e-08	2215785330	4093093422	1.431889e-08	2842015324	1.431889e-08	
2.324051e+06	0	1465560917	4.054678e-07	636961411	
2.330068e+06	3	725558489	1.400000e-08	3414514926	1249238030	1.801603e-08	3214077756	1.801603e-08	
2.337111e+06	3	3642829293	2.492603e-08	3214077756	879162223	1.400000e-08	
2.365752e+06	0	4046076794	2.791000e-08	3841896594	
2.394475e+06	1	3534547045	9.549821e-07	486050091	
2.396776e+06	0	2545005546	2.791000e-08	1503861029	
2.418206e+06	0	1572835533	3.628300e-07	126484229	
2.447655e+06	0	1593891639	2.791000e-08	211811971	
2.459322e+06	3	3938221642	1.400000e-08	1172086036	3884425642	1.441159e-08	1149406307	1.441159e-08	
2.463543e+06	3	821115011	2.588753e-08	725558489	3528332227	1.952247e-08	
2.467216e+06	3	545239233	6.698400e-07	1465560917	4004407106	1.400000e-08	451270221	1.449881e-08	3149440925	1.449881e-08	2250775120	1.449881e-08	1130108289	1.449881e-08	2177968201	1.449881e-08	2914302410	1.449881e-08	3655816389	1.449881e-08	3485819286	1.449881e-08	1382686479	1.449881e-08	1803925302	1.449881e-08	3293059020	1.449881e-08	378125977	1.449881e-08	2159618959	1.449881e-08	2441325815	1.449881e-08	3401497744	1.449881e-08	4069401935	1.449881e-08	134948105	1.449881e-08	1998372786	1.449881e-08	2455922112	1.449881e-08	3059103076	1.449881e-08	432337108	1.449881e-08	1902671923	1.449881e-08	4209590891	1.449881e-08	77395223	1.449881e-08	3592986772	1.449881e-08	1246511018	1.449881e-08	3986570268	1.449881e-08	
2.467242e+06	0	1246511018	1.449881e-08	3293059020	
2.470090e+06	1	545239233	6.843388e-07	2177968201	
2.473870e+06	3	3534547045	9.549821e-07	314650893	174500547	1.400000e-08	4083845756	1.448351e-08	
2.487100e+06	1	3534547045	9.694656e-07	4083845756	
2.535214e+06	3	1986278615	1.400000e-08	211811971	110358663	2.091000e-08	1370908750	2.091000e-08	
2.553453e+06	1	1572835533	3.773288e-07	1803925302	
2.562165e+06	1	545239233	6.983388e-07	4004407106	
2.579179e+06	3	598947138	1.400000e-08	451270221	1837234470	1.420440e-08	2945849429	1.420440e-08	
2.601915e+06	3	3775452048	1.400000e-08	2737363250	66296937	2.091000e-08	976558236	2.091000e-08	
2.614727e+06	1	3534547045	9.834656e-07	174500547	
2.643979e+06	0	545239233	6.983388e-07	2328232000	
2.648708e+06	1	3921011129	3.506573e-07	2879167783	
2.659358e+06	1	373638573	1.000000e+00	3833318790	
2.762355e+06	3	2074240873	1.400000e-08	810769555	2438291630	2.091000e-08	906368509	2.091000e-08	
2.771300e+06	3	3393811039	2.291888e-08	15308464	3783228500	1.400000e-08	
2.773311e+06	1	1572835533	4.052388e-07	343742982	
2.778652e+06	1	179097684	4.114478e-07	3938221642	
2.779052e+06	0	2438291630	2.091000e-08	2074240873	
2.786018e+06	3	4263717482	2.295996e-08	817087088	2858952728	1.945596e-08	
2.812139e+06	3	3150846686	9.967933e-07	2984600922	395113485	1.405167e-08	4019363830	1.405167e-08	3016084464	1.405167e-08	921818415	1.405167e-08	2892683898	1.405167e-08	3697249003	1.405167e-08	3983774618	1.405167e-08	4187488967	1.405167e-08	898751805	1.405167e-08	3632514288	1.405167e-08	
2.818874e+06	0	3983774618	1.405167e-08	3016084464	
2.825755e+06	1	373638573	1.000000e+00	3187199216	
2.826095e+06	3	1945735688	1.785294e-08	432337108	410848061	1.400000e-08	
2.830996e+06	0	1130108289	1.449881e-08	3122982648	
2.837530e+06	0	545239233	6.983388e-07	3775452048	
2.863180e+06	3	2438291630	2.096167e-08	898751805	2791633391	1.400000e-08	
2.879011e+06	0	1035492323	2.791000e-08	197654791	
2.881063e+06	3	976558236	2.782000e-08	110358663	630280293	1.400000e-08	
2.893649e+06	0	1249238030	1.801603e-08	630280293	
2.894382e+06	3	3534547045	9.939821e-07	2835620284	4212779140	1.739355e-08	
2.916661e+06	0	905418128	2.791000e-08	2250775120	
2.921723e+06	0	2409063466	2.791000e-08	4263717482	
2.926185e+06	3	3150846686	9.967933e-07	545239233	3459374364	3.663207e-08	2125331604	1.407887e-08	3113062634	1.407887e-08	847040419	1.407887e-08	4240624600	1.407887e-08	1565786989	1.407887e-08	2286860921	1.407887e-08	3707879645	1.407887e-08	2746930994	1.407887e-08	4075596975	1.407887e-08	4283280385	1.407887e-08	538453177	1.407887e-08	3121292019	1.407887e-08	3349724438	1.407887e-08	4253718737	1.407887e-08	3297362622	1.407887e-08	1751902433	1.407887e-08	2878871175	1.407887e-08	3083717413	1.407887e-08	220564665	1.407887e-08	3653734512	1.407887e-08	3815024321	1.407887e-08	1428265047	1.407887e-08	3604532305	1.407887e-08	1869365069	1.407887e-08	965372172	1.407887e-08	607396504	1.407887e-08	2533881277	1.407887e-08	472358284	1.407887e-08	1950077488	1.407887e-08	1820499179	1.407887e-08	4055959668	1.407887e-08	528880979	1.407887e-08	3778036871	1.407887e-08	1405660995	1.407887e-08	3662110242	1.407887e-08	2247026945	1.407887e-08	4032129539	1.407887e-08	4035587434	1.407887e-08	3111692719	1.407887e-08	1398579088	1.407887e-08	2501379955	1.407887e-08	3332562587	1.407887e-08	3562383954	1.407887e-08	2521380987	1.407887e-08	4119421155	1.407887e-08	1913762779	1.407887e-08	3678948817	1.407887e-08	
2.926185e+06	1	3459374364	5.071093e-08	3678948817	
2.926185e+06	1	3459374364	6.478980e-08	2125331604	
2.933000e+06	1	3150846686	1.010872e-06	4075596975	
2.933973e+06	1	3150846686	1.024951e-06	2521380987	
2.936350e+06	1	3150846686	1.039030e-06	2286860921	
2.939414e+06	3	1019134040	1.400000e-08	1804212609	2489195127	1.420796e-08	3929228125	1.420796e-08	
2.941082e+06	1	3150846686	1.053109e-06	3083717413	
2.942191e+06	0	847040419	1.407887e-08	3983774618	
2.946262e+06	0	3498415124	2.791000e-08	410848061	
2.953362e+06	1	3150846686	1.067188e-06	4055959668	
2.956040e+06	3	3016084464	1.405167e-08	3257166052	3160344427	1.400000e-08	
2.963624e+06	0	1123501568	2.791000e-08	2791633391	
2.970273e+06	1	3150846686	1.081266e-06	3297362622	
2.973828e+06	0	3150846686	1.081266e-06	1869365069	
2.976479e+06	3	3113062634	1.413054e-08	2892683898	3182159117	1.400000e-08	
2.977587e+06	3	4046076794	1.400000e-08	1249238030	766581564	1.596301e-08	3702894340	1.596301e-08	
2.993709e+06	1	1068020906	9.544396e-04	1415695418	
2.994344e+06	1	3534547045	1.008394e-06	3884425642	
2.997868e+06	0	976558236	2.782000e-08	3528332227	
3.004905e+06	1	373638573	1.000000e+00	3384709749	
3.012414e+06	0	4093093422	1.431889e-08	220564665	
3.015183e+06	0	2159618959	1.449881e-08	1130108289	
3.016007e+06	1	3150846686	1.095345e-06	2746930994	
3.033006e+06	0	3150846686	1.095345e-06	356405251	
3.033259e+06	0	3059103076	1.449881e-08	3775452048	
3.037567e+06	3	2159618959	1.455048e-08	3632514288	3532745758	1.400000e-08	
3.046253e+06	1	3150846686	1.109424e-06	4240624600	
3.046666e+06	0	3150846686	1.109424e-06	3349724438	
3.055864e+06	0	2620740164	2.791000e-08	197654791	
3.062097e+06	1	373638573	1.000000e+00	102901530	
3.063366e+06	0	3150846686	1.109424e-06	3332562587	
3.076022e+06	1	3534547045	1.029304e-06	1738909006	
3.086021e+06	0	941534069	5.582000e-08	2328232000	
3.086688e+06	3	3555679070	2.798887e-08	847040419	1072840122	1.400000e-08	
3.104287e+06	1	3534547045	1.057126e-06	2263814062	
3.107904e+06	1	3534547045	1.085328e-06	740082705	
3.119115e+06	0	3288380490	1.741000e-08	4212779140	
3.121178e+06	0	134948105	1.449881e-08	4035587434	
3.121941e+06	0	845665321	1.431889e-08	4253718737	
3.122434e+06	1	373638573	1.000000e+00	636961411	
3.126227e+06	0	1149406307	1.441159e-08	2791633391	
3.127896e+06	0	1735432893	1.674600e-07	2118016430	
3.158158e+06	3	3913511150	2.140881e-08	77395223	3294683754	1.400000e-08	
3.166931e+06	1	3534547045	1.099328e-06	2791633391	
3.195783e+06	0	2799798816	3.773359e-07	1239307652	
3.204369e+06	1	1735432893	1.815389e-07	3121292019	
3.209400e+06	0	1945735688	1.785294e-08	2125112500	
3.227068e+06	0	2870158420	8.373000e-08	1902671923	
3.231571e+06	1	179097684	4.257292e-07	4198169764	
3.241030e+06	3	2328232000	2.091000e-08	3160344427	1676003954	1.400000e-08	
3.254261e+06	0	3150846686	1.109424e-06	2842015324	
3.283173e+06	0	1458432161	2.791000e-08	3707189490	
3.284134e+06	1	3150846686	1.123503e-06	3815024321	
3.284708e+06	3	3004792470	2.229467e-07	287801793	4285585893	1.407790e-08	2674988631	1.407790e-08	406745133	1.407790e-08	2883513480	1.407790e-08	783121895	1.407790e-08	2683944377	1.407790e-08	2961226102	1.407790e-08	301219709	1.407790e-08	1743198400	1.407790e-08	
3.286969e+06	3	953296898	1.400000e-08	3707879645	3059144981	2.099443e-08	3952655669	2.099443e-08	
3.288286e+06	0	2246051850	3.907400e-07	1327969783	
3.304097e+06	0	3737780296	2.791000e-07	2674988631	
3.306413e+06	1	3150846686	1.137582e-06	1869365069	
3.321867e+06	3	2118016430	1.741000e-08	410848061	2848685905	1.400000e-08	
3.343509e+06	3	4122240121	1.539348e-08	2328232000	1826422368	1.671326e-08	896813269	1.671326e-08	
3.364283e+06	3	3293059020	1.449881e-08	3182159117	37051273	1.400000e-08	
3.376066e+06	0	3655816389	1.449881e-08	845665321	
3.377069e+06	0	1123501568	2.791000e-08	607396504	
3.377836e+06	0	1370908750	2.091000e-08	1738899943	
3.395299e+06	0	3534547045	1.099328e-06	3747246174	
3.401916e+06	0	1735432893	1.815389e-07	2914302410	
3.403918e+06	3	37051273	1.400000e-08	3532745758	1867247157	1.400000e-08	
3.415126e+06	0	3293059020	1.449881e-08	965372172	
3.418455e+06	0	179097684	4.257292e-07	1149406307	
3.428710e+06	0	3534547045	1.099328e-06	1738899943	
3.432989e+06	0	4212779140	1.739355e-08	313359544	
3.434578e+06	1	373638573	1.000000e+00	1738899943	
3.437759e+06	0	1481166135	2.791000e-08	1902671923	
3.443369e+06	3	4035587434	1.407887e-08	1986278615	3633199892	1.400000e-08	
3.452696e+06	3	3642829293	2.492603e-08	630280293	1736323711	1.400000e-08	
3.460143e+06	3	1382686479	1.455048e-08	3016084464	283080478	1.400000e-08	
3.463984e+06	1	3534547045	1.113328e-06	1736323711	
3.475699e+06	0	2932274237	2.791000e-08	3401497744	
3.495632e+06	0	197654791	2.791000e-08	2159618959	
3.499718e+06	1	373638573	1.000000e+00	2683944377	
3.505805e+06	0	821115011	2.588753e-08	3919821980	
3.506590e+06	0	134948105	1.449881e-08	3929228125	
3.544866e+06	1	3534547045	1.127328e-06	1026028388	
3.550312e+06	1	373638573	1.000001e+00	301219709	
3.553095e+06	0	3326748277	2.791000e-08	4187488967	
3.553369e+06	0	3020817656	2.791000e-08	1149406307	
3.553558e+06	1	373638573	1.000001e+00	1945448119	
3.561110e+06	0	3697249003	1.405167e-08	283080478	
3.566571e+06	1	3534547045	1.141328e-06	2848685905	
3.567852e+06	1	3534547045	1.155407e-06	4035587434	
3.572953e+06	3	3150846686	1.137582e-06	3459374364	785216844	1.400000e-08	3006103420	1.692993e-08	2898323513	1.692993e-08	1199222225	1.692993e-08	
3.575168e+06	3	3004792470	2.061180e-07	1199222225	3755198008	1.687934e-08	2795041644	1.687934e-08	
3.577728e+06	1	3150846686	1.154512e-06	3006103420	
3.578238e+06	1	3150846686	1.168512e-06	785216844	
3.579401e+06	0	1735432893	1.815389e-07	3592986772	
3.580918e+06	0	3913511150	2.140881e-08	879162223	
3.587394e+06	3	313359544	1.527826e-08	1382686479	3492274228	1.400000e-08	
3.589804e+06	3	1735432893	1.776253e-07	3642829293	1420914473	1.441980e-08	439844059	1.441980e-08	
3.597882e+06	1	373638573	1.000001e+00	869234806	
3.609054e+06	0	2945849429	1.420440e-08	3783228500	
3.624504e+06	3	941534069	5.152356e-08	1826422368	3802520055	2.100970e-08	
3.626758e+06	3	1222799196	6.285259e-07	2246051850	3012889883	1.493389e-08	3363823620	1.445408e-08	1086559163	1.445408e-08	3063534263	1.445408e-08	2013640095	1.445408e-08	1461359102	1.445408e-08	2027098952	1.445408e-08	4167430602	1.445408e-08	4096225443	1.445408e-08	781549661	1.445408e-08	907719639	1.445408e-08	1906851972	1.445408e-08	2597880038	1.445408e-08	1896745001	1.445408e-08	2378434411	1.445408e-08	1837088337	1.445408e-08	1543523724	1.445408e-08	1761715697	1.445408e-08	3099973400	1.445408e-08	2789348510	1.445408e-08	1371202285	1.445408e-08	629078091	1.445408e-08	754560055	1.445408e-08	1737134642	1.445408e-08	37613351	1.445408e-08	3434666020	1.445408e-08	2369258877	1.445408e-08	
3.628939e+06	3	1321648343	1.400000e-08	2909632847	3563522875	1.434162e-08	249728555	1.434162e-08	
3.634692e+06	3	1123501568	1.400000e-08	3059144981	4285226245	1.745222e-08	2707460946	1.745222e-08	
3.658484e+06	1	3534547045	1.172287e-06	2795041644	
3.664348e+06	1	3921011129	3.650771e-07	439844059	
3.672834e+06	0	3150846686	1.168512e-06	220564665	
3.682080e+06	1	1735432893	1.920451e-07	1420914473	
3.695608e+06	0	1735432893	1.920451e-07	538453177	
3.706335e+06	0	1461359102	1.445408e-08	1072840122	
3.706980e+06	3	1820499179	1.415676e-08	406745133	2606325002	1.400000e-08	
3.711045e+06	1	373638573	1.000001e+00	129185354	
3.722752e+06	0	1222799196	6.285259e-07	3929228125	
3.728829e+06	0	1461359102	1.445408e-08	1128056158	
3.760282e+06	3	2406269022	1.400000e-08	3059103076	1541925803	1.420440e-08	2024675612	1.420440e-08	
3.765483e+06	3	821115011	2.463547e-08	3083352544	1292023300	1.553344e-08	
3.765533e+06	1	3534547045	1.200197e-06	4252347608	
3.780059e+06	3	3707189490	1.400000e-08	2858952728	3302973195	1.668298e-08	875106938	1.668298e-08	
3.784990e+06	0	3929228125	1.420796e-08	1405660995	
3.790808e+06	3	2438291630	2.146048e-08	1902671923	3314075649	1.400000e-08	
3.820612e+06	3	2707460946	1.753011e-08	783121895	2589646060	1.400000e-08	
3.822926e+06	0	3952655669	2.099443e-08	1945735688	
3.826969e+06	0	66296937	2.091000e-08	1913762779	
3.827232e+06	1	3113062634	2.820941e-08	4032129539	
3.827574e+06	0	179097684	4.257292e-07	2024675612	
3.828132e+06	3	906368509	2.098887e-08	3778036871	3433591204	1.400000e-08	
3.845007e+06	0	921818415	1.405167e-08	3919821980	
3.853233e+06	3	3983774618	1.405167e-08	2250879299	1848242772	1.400000e-08	
3.862281e+06	1	373638573	1.000001e+00	2961226102	
3.884846e+06	3	4285226245	1.795102e-08	4209590891	250719570	1.400000e-08	
3.892332e+06	3	2870158420	7.369012e-08	3528332227	2681498831	1.478118e-08	481808867	1.478118e-08	
3.896328e+06	3	1735432893	1.921041e-07	3293059020	2066612683	1.443975e-08	
3.907664e+06	0	4253718737	1.407887e-08	3783228500	
3.917306e+06	3	179097684	4.275480e-07	3020817656	3458484829	2.609122e-08	
3.917532e+06	0	4069401935	1.449881e-08	2606325002	
3.921500e+06	0	220564665	1.407887e-08	1751902433	
3.959138e+06	0	2151269300	1.472778e-08	921818415	
3.972885e+06	1	3534547045	1.214353e-06	1820499179	
3.978642e+06	3	3288380490	1.761440e-08	2024675612	2719204682	1.400000e-08	
3.990966e+06	0	1572835533	4.052388e-07	607396504	
4.000335e+06	1	373638573	1.000001e+00	1211996162	
4.010185e+06	1	3150846686	1.185195e-06	3302973195	
4.011449e+06	3	1370908750	2.140881e-08	1130108289	4256642775	1.400000e-08	
4.022879e+06	1	1370908750	3.540881e-08	4256642775	
4.027000e+06	3	3490627259	2.791000e-08	2406269022	2449448537	1.400000e-08	
4.044244e+06	0	179097684	4.275480e-07	3458484829	
4.045221e+06	1	3921011129	5.571812e-07	1735432893	
4.045503e+06	3	3490627259	2.465909e-08	4046076794	463844675	1.725091e-08	
4.046835e+06	3	2932274237	1.400000e-08	1761715697	3167902617	1.418204e-08	579073438	1.418204e-08	
4.050213e+06	0	179097684	4.275480e-07	3458484829	
4.056246e+06	0	1222799196	6.285259e-07	4167430602	
4.056276e+06	0	3621383820	2.791000e-08	2883513480	
4.064573e+06	0	2919643181	2.791000e-08	2932274237	
4.068179e+06	0	1572835533	4.052388e-07	4283280385	
4.089887e+06	0	3921011129	5.571812e-07	283080478	
4.090047e+06	0	1292023300	1.553344e-08	3747246174	
4.092430e+06	0	1572835533	4.052388e-07	858320168	
4.106844e+06	0	2151269300	1.472778e-08	1751902433	
4.113910e+06	3	3952655669	2.149324e-08	2455922112	3468130899	1.400000e-08	
4.115592e+06	1	179097684	4.536392e-07	3458484829	
4.120478e+06	0	3349724438	1.407887e-08	250719570	
4.127231e+06	1	3150846686	1.202725e-06	2707460946	
4.132168e+06	1	373638573	1.000001e+00	3888264012	
4.138594e+06	1	3150846686	1.217179e-06	2013640095	
4.139620e+06	1	179097684	4.680508e-07	1149406307	
4.142699e+06	1	373638573	1.000001e+00	1743198400	
4.145255e+06	1	3150846686	1.252588e-06	1370908750	
4.153637e+06	3	3732071459	2.634317e-08	3755198008	393090083	1.844616e-08	
4.163964e+06	1	1222799196	6.800495e-07	941534069	
4.170616e+06	1	3150846686	1.273598e-06	3802520055	
4.179097e+06	0	905418128	2.791000e-08	1516068388	
4.179566e+06	3	4212779140	1.739355e-08	1037584679	2343849308	1.400000e-08	
4.180805e+06	1	1572835533	4.221687e-07	2898323513	
4.217251e+06	1	3150846686	1.287598e-06	2449448537	
4.226626e+06	1	3150846686	1.302103e-06	3321237907	
4.238120e+06	3	249728555	1.442049e-08	1913762779	1055469694	1.400000e-08	
4.250137e+06	0	2151269300	1.472778e-08	1837234470	
4.318766e+06	3	384163328	2.228485e-08	3149440925	627452446	2.012396e-08	
4.336943e+06	1	3150846686	1.316103e-06	3314075649	
4.340815e+06	0	4285226245	1.795102e-08	3485819286	
4.341997e+06	1	3921011129	5.716800e-07	3485819286	
4.365729e+06	0	4019363830	1.405167e-08	283080478	
4.377500e+06	0	1737134642	1.445408e-08	395113485	
4.377895e+06	1	3534547045	1.229632e-06	313359544	
4.379911e+06	1	3534547045	1.243632e-06	2719204682	
4.391372e+06	1	3534547045	1.271452e-06	976558236	
4.402985e+06	3	197654791	1.400000e-08	754560055	2014426858	1.418204e-08	2716949832	1.418204e-08	
4.404031e+06	0	3004792470	2.061180e-07	37613351	
4.422590e+06	3	3653734512	1.407887e-08	1494141940	552634658	1.400000e-08	
4.439479e+06	0	3004792470	2.061180e-07	879162223	
4.456622e+06	0	1434498202	2.791000e-08	3841896594	
4.462522e+06	3	179097684	4.666974e-07	37613351	3736523900	1.580745e-08	
4.470497e+06	1	1572835533	4.362466e-07	2883513480	
4.478409e+06	1	179097684	4.825049e-07	3736523900	
4.490761e+06	0	3150846686	1.316103e-06	607396504	
4.493516e+06	0	3004792470	2.061180e-07	1246511018	
4.522880e+06	1	373638573	1.000001e+00	2138100036	
4.523898e+06	0	1572835533	4.362466e-07	393090083	
4.537950e+06	0	2937387076	5.582000e-08	896813269	
4.574283e+06	1	3534547045	1.285530e-06	1428265047	
4.578829e+06	0	1726701215	1.472778e-08	283080478	
4.580353e+06	0	906368509	2.098887e-08	1848242772	
4.610725e+06	1	373638573	1.000001e+00	772925454	
4.621993e+06	0	3401497744	1.449881e-08	2247026945	
4.628233e+06	3	3986570268	1.499761e-08	378125977	2213923665	1.400000e-08	
4.631047e+06	3	1481166135	1.400000e-08	766581564	1503202005	1.493651e-08	3202152185	1.493651e-08	
4.634786e+06	0	3150846686	1.316103e-06	3653734512	
4.638002e+06	0	3604532305	1.407887e-08	3633199892	
4.638872e+06	0	481808867	1.478118e-08	1019134040	
4.656164e+06	1	1572835533	4.502466e-07	1481166135	
4.660714e+06	3	1541946641	1.400000e-08	905418128	2622395779	2.091000e-08	3607413901	2.091000e-08	
4.676659e+06	1	3150846686	1.330609e-06	1035956119	
4.677665e+06	1	3737780296	2.935541e-07	2369258877	
4.678444e+06	0	3150846686	1.330609e-06	3592986772	
4.681110e+06	3	3662110242	1.407887e-08	1072840122	649593533	1.400000e-08	
4.681894e+06	0	2441325815	1.449881e-08	249728555	
4.684355e+06	0	4187488967	1.405167e-08	1848242772	
4.691092e+06	0	3921011129	5.716800e-07	4263717482	
4.701705e+06	1	179097684	4.965049e-07	2606325002	
4.703331e+06	3	310481256	1.450592e-08	1055469694	66987975	1.400000e-08	
4.721315e+06	1	3534547045	1.299530e-06	2589646060	
4.724397e+06	0	179097684	4.965049e-07	3747246174	
4.726062e+06	3	3953846011	1.400000e-08	2250775120	483021244	1.420440e-08	3707800333	1.420440e-08	
4.736448e+06	0	2441325815	1.449881e-08	2213923665	
4.749447e+06	3	220564665	1.407887e-08	3919821980	3528190190	1.400000e-08	
4.754371e+06	0	2870158420	7.369012e-08	1327969783	
4.779928e+06	3	3607413901	2.287301e-08	3702894340	2185291493	1.400000e-08	
4.781012e+06	1	220564665	2.807887e-08	3528190190	
4.787792e+06	1	3921011129	5.857589e-07	3653734512	
4.789810e+06	3	3279231079	2.796167e-08	3983774618	550176535	1.400000e-08	
4.798778e+06	0	1998372786	1.449881e-08	395113485	
4.803676e+06	0	627452446	2.012396e-08	1239307652	
4.806055e+06	0	1104410542	2.091000e-08	3604532305	
4.810966e+06	1	179097684	5.107093e-07	1541925803	
4.831074e+06	0	3655816389	1.449881e-08	1086559163	
4.834704e+06	0	3921011129	5.857589e-07	3202152185	
4.838910e+06	1	1086559163	2.845408e-08	250719570	
4.868291e+06	0	3004792470	2.061180e-07	1503202005	
4.868452e+06	3	3732071459	2.634317e-08	550176535	1674415855	1.400000e-08	
4.869846e+06	3	1292023300	1.553344e-08	1541946641	4287239676	1.400000e-08	
4.882944e+06	3	3607413901	2.332709e-08	2789348510	3884987045	1.400000e-08	
4.883120e+06	3	821115011	2.514139e-08	1239307652	1960974751	1.400000e-08	
4.893275e+06	1	3921011129	5.997589e-07	2213923665	
4.900931e+06	1	373638573	1.000001e+00	2919643181	
4.901330e+06	3	2878871175	1.407887e-08	3707189490	309459595	1.400000e-08	
4.911808e+06	3	3150846686	1.330609e-06	1572835533	2348040613	1.581892e-08	3180086772	1.401380e-08	3833074883	1.401380e-08	1462644303	1.401380e-08	4088625113	1.401380e-08	1237914369	1.401380e-08	2733144751	1.401380e-08	1649557018	1.401380e-08	1831065885	1.401380e-08	79461789	1.401380e-08	1621314342	1.401380e-08	2016090987	1.401380e-08	1553963666	1.401380e-08	1002680420	1.401380e-08	734120091	1.401380e-08	2475979558	1.401380e-08	2649056468	1.401380e-08	3381587904	1.401380e-08	175860597	1.401380e-08	1089013536	1.401380e-08	552498239	1.401380e-08	481049431	1.401380e-08	2950407739	1.401380e-08	72955594	1.401380e-08	1771264541	1.401380e-08	2353028958	1.401380e-08	2980075456	1.401380e-08	3449694611	1.401380e-08	1194638860	1.401380e-08	114837353	1.401380e-08	2341758500	1.401380e-08	651046398	1.401380e-08	
4.936241e+06	1	3534547045	1.313530e-06	1960974751	
4.950395e+06	0	2408568032	2.791000e-08	2878871175	
4.950670e+06	1	3150846686	1.344623e-06	3381587904	
4.957227e+06	0	3697249003	1.405167e-08	3633199892	
4.959292e+06	0	3534547045	1.313530e-06	1371202285	
4.961672e+06	0	875106938	1.668298e-08	2878871175	
4.973261e+06	1	3150846686	1.358637e-06	2353028958	
4.977085e+06	3	3396227953	1.458479e-08	3562383954	2780384598	1.400000e-08	
4.980159e+06	3	1086559163	2.278275e-08	481049431	1061526795	1.968513e-08	
4.990761e+06	3	2455496064	1.400000e-08	3122982648	3342541004	1.411444e-08	1577969976	1.411444e-08	
4.991769e+06	1	3150846686	1.372651e-06	2475979558	
5.010473e+06	0	3150846686	1.372651e-06	1621314342	
5.015879e+06	1	3150846686	1.386665e-06	72955594	
5.020335e+06	1	1222799196	6.947773e-07	1726701215	
5.021027e+06	0	3004792470	2.061180e-07	1461359102	
5.034345e+06	3	3113062634	1.400000e-08	2533881277	695939830	1.414414e-08	229435916	1.414414e-08	
5.067147e+06	1	373638573	1.000001e+00	1128056158	
5.070094e+06	1	3534547045	1.331145e-06	3288380490	
5.085998e+06	3	3150846686	1.386665e-06	2870158420	1850435983	1.400000e-08	19131048	1.492253e-08	2426951832	1.492253e-08	3089865955	1.492253e-08	3526559023	1.492253e-08	
5.096098e+06	0	472358284	1.407887e-08	552498239	
5.098826e+06	3	3004792470	2.057661e-07	1123501568	73116178	1.435186e-08	
5.110701e+06	0	821115011	2.514139e-08	3592986772	
5.115043e+06	0	3921011129	5.997589e-07	481808867	
5.130060e+06	0	3534547045	1.331145e-06	2118016430	
5.146043e+06	0	1553963666	1.401380e-08	1848242772	
5.148852e+06	1	3534547045	1.345145e-06	2185291493	
5.150006e+06	0	3279231079	2.796167e-08	688805295	
5.152390e+06	1	3150846686	1.406789e-06	627452446	
5.170587e+06	0	4285226245	1.795102e-08	2723643411	
5.177498e+06	0	3150846686	1.406789e-06	875106938	
5.180268e+06	1	3150846686	1.420802e-06	1649557018	
5.182192e+06	1	3534547045	1.373055e-06	1434498202	
5.188321e+06	1	3150846686	1.434802e-06	2074240873	
5.189769e+06	0	220564665	2.807887e-08	310481256	
5.196847e+06	1	3150846686	1.448816e-06	4088625113	
5.240208e+06	0	3349724438	1.407887e-08	651046398	
5.256992e+06	0	4096225443	1.445408e-08	483021244	
5.257015e+06	1	3004792470	2.197661e-07	3113062634	
5.270148e+06	3	1104410542	2.126186e-08	73116178	2654473721	1.400000e-08	
5.271541e+06	0	3150846686	1.448816e-06	2348040613	
5.274436e+06	0	2723643411	1.450592e-08	4283280385	
5.274712e+06	1	3150846686	1.463739e-06	19131048	
5.281550e+06	0	3534547045	1.373055e-06	3592986772	
5.285022e+06	0	2409063466	2.791000e-08	3434666020	
5.286096e+06	3	2066612683	1.445355e-08	1002680420	2564127097	1.400000e-08	
5.286456e+06	3	4167430602	1.446788e-08	1771264541	3554620561	1.400000e-08	
5.286524e+06	3	4019363830	1.406547e-08	2980075456	2789301560	1.400000e-08	
5.287433e+06	0	310481256	1.450592e-08	2378434411	
5.292621e+06	0	217284033	1.472778e-08	4096225443	
5.294801e+06	0	1543523724	1.445408e-08	2945849429	
5.297998e+06	1	3534547045	1.387554e-06	3592986772	
5.303901e+06	1	3921011129	6.276689e-07	3988949870	
5.324516e+06	3	4019363830	1.406547e-08	37051273	3201932102	1.400000e-08	
5.336613e+06	0	2937387076	5.582000e-08	1674415855	
5.339550e+06	0	3707800333	1.420440e-08	2932274237	
5.347644e+06	1	472358284	2.807887e-08	1676003954	
5.349318e+06	1	3921011129	6.430624e-07	4122240121	
5.359743e+06	0	879162223	1.400000e-08	953296898	
5.366483e+06	3	3555679070	1.400000e-08	3621383820	3527214469	2.094943e-08	224410298	2.094943e-08	
5.368517e+06	1	3150846686	1.477817e-06	4285585893	
5.374279e+06	3	3563522875	1.435542e-08	734120091	3967778277	1.400000e-08	
5.414083e+06	0	821115011	2.514139e-08	3884987045	
5.416089e+06	0	229435916	1.414414e-08	695939830	
5.419880e+06	1	373638573	1.000001e+00	1035492323	
5.433274e+06	0	220564665	2.807887e-08	1104410542	
5.436712e+06	3	651046398	1.401380e-08	2780384598	1759850032	1.400000e-08	
5.439808e+06	3	3732071459	2.634317e-08	257754683	2704180049	1.400000e-08	
5.454587e+06	1	3150846686	1.497502e-06	1061526795	
5.457058e+06	1	3534547045	1.409014e-06	2438291630	
5.473835e+06	0	2348040613	1.581892e-08	2704180049	
5.476758e+06	0	3967778277	1.400000e-08	1848242772	
5.481705e+06	3	1998372786	1.449881e-08	1674415855	287394855	1.400000e-08	
5.490119e+06	0	463844675	1.725091e-08	3180086772	
5.493884e+06	0	3921011129	6.430624e-07	3555679070	
5.494222e+06	0	2723643411	1.450592e-08	3201932102	
5.499585e+06	3	1553963666	1.401380e-08	2654473721	2670951229	1.400000e-08	
5.509710e+06	1	3534547045	1.423014e-06	3967778277	
5.511617e+06	1	373638573	1.000001e+00	4061687915	
5.520355e+06	0	66296937	2.091000e-08	1218250404	
5.523365e+06	3	472358284	2.116344e-08	3492274228	2367820772	2.091543e-08	
5.523934e+06	0	2426951832	1.492253e-08	175860597	
5.529312e+06	3	3180086772	1.401380e-08	1850435983	771359632	1.400000e-08	
5.534448e+06	0	2622395779	2.091000e-08	3783228500	
5.545004e+06	3	1327969783	2.798887e-08	3111692719	4186562710	1.400000e-08	
5.546290e+06	0	2367820772	2.091543e-08	2649056468	
5.549379e+06	0	3150846686	1.497502e-06	2950407739	
5.556027e+06	1	3921011129	6.571413e-07	538453177	
5.563313e+06	0	3563522875	1.435542e-08	2670951229	
5.567973e+06	0	2962530363	2.091000e-08	4253718737	
5.574473e+06	1	3150846686	1.518665e-06	472358284	
5.581389e+06	3	2878871175	1.407887e-08	3554620561	3211480542	1.400000e-08	
5.583619e+06	0	3921011129	6.571413e-07	2501379955	
5.586759e+06	3	3913511150	2.142260e-08	1194638860	346987663	1.400000e-08	
5.591143e+06	0	1104410542	2.126186e-08	598947138	
5.600248e+06	0	4167430602	1.446788e-08	4186562710	
5.604458e+06	1	3921011129	6.799240e-07	1086559163	
5.611760e+06	0	3150846686	1.518665e-06	1945735688	
5.616873e+06	0	2723643411	1.450592e-08	3401497744	
5.674274e+06	1	3921011129	6.944745e-07	2159618959	
5.712963e+06	3	224410298	2.094943e-08	2564127097	1922039940	1.400000e-08	
5.732567e+06	0	3150846686	1.518665e-06	1462644303	
5.743252e+06	0	3952655669	2.149324e-08	552498239	
5.757782e+06	0	463844675	1.725091e-08	481808867	
5.762160e+06	0	3279231079	2.796167e-08	1553963666	
5.768965e+06	1	3921011129	7.084745e-07	598947138	
5.778515e+06	3	224410298	2.140351e-08	2378434411	2110688926	1.400000e-08	
5.786972e+06	1	3534547045	1.437219e-06	1837234470	
5.819731e+06	0	66296937	2.091000e-08	287394855	
5.821441e+06	1	4253718737	2.807887e-08	1759850032	
5.827207e+06	0	2649056468	1.401380e-08	3211480542	
5.828035e+06	1	3921011129	7.363845e-07	3114612365	
5.837989e+06	3	3732071459	2.638629e-08	965372172	1314810707	1.403575e-08	
5.850957e+06	1	3150846686	1.532679e-06	79461789	
5.852274e+06	0	2480932170	2.791000e-08	629078091	
5.856971e+06	0	3732071459	2.638629e-08	287394855	
5.864902e+06	0	4285226245	1.795102e-08	2914302410	
5.866663e+06	1	1222799196	7.226873e-07	2408568032	
5.898763e+06	3	2367820772	2.136951e-08	1906851972	2472898255	1.400000e-08	
5.899973e+06	1	2367820772	3.536951e-08	2472898255	
5.908751e+06	0	4285226245	1.795102e-08	463844675	
5.917998e+06	0	224410298	2.140351e-08	3468130899	
5.923488e+06	1	373638573	1.000001e+00	3736601249	
5.951220e+06	1	3921011129	7.503845e-07	2670951229	
5.974682e+06	1	875106938	3.071873e-08	1314810707	
5.980580e+06	0	2716949832	1.418204e-08	3342541004	
5.985544e+06	0	3326748277	2.791000e-08	629078091	
6.001150e+06	3	224410298	2.141731e-08	2733144751	3459912306	1.400000e-08	
6.004092e+06	3	4253718737	1.400000e-08	3201932102	1598213090	1.403943e-08	1495382923	1.403943e-08	
6.022011e+06	0	3526559023	1.492253e-08	4019363830	
6.035152e+06	3	2441325815	1.495289e-08	1461359102	722767024	1.400000e-08	
6.038487e+06	0	3459912306	1.400000e-08	3775452048	
6.064237e+06	3	1327969783	1.400000e-08	217284033	515125813	1.435832e-08	1298902656	1.435832e-08	
6.066510e+06	3	695939830	1.414414e-08	3633199892	3532628785	1.400000e-08	
6.077504e+06	0	2681498831	1.478118e-08	3401497744	
6.089890e+06	0	3150846686	1.532679e-06	1848242772	
6.097699e+06	3	1503202005	1.566428e-08	3593732192	826924968	1.400000e-08	
6.106012e+06	3	695939830	1.414414e-08	1922039940	3190311976	1.400000e-08	
6.108120e+06	0	3089865955	1.492253e-08	3655816389	
6.117609e+06	0	907719639	1.445408e-08	845665321	
6.117781e+06	1	3921011129	7.643845e-07	309459595	
6.137658e+06	1	3433591204	2.800000e-08	1327969783	
6.146774e+06	0	3526559023	1.492253e-08	2789301560	
6.155073e+06	0	3921011129	7.643845e-07	2681498831	
6.156981e+06	3	2704180049	1.400000e-08	3775452048	841878026	1.400000e-08	
6.159305e+06	0	2029773149	1.450592e-08	1950077488	
6.160034e+06	1	373638573	1.000001e+00	3037779432	
6.165405e+06	1	3921011129	7.951032e-07	875106938	
6.176946e+06	0	1945735688	1.785294e-08	4212779140	
6.202544e+06	3	1292023300	1.553344e-08	3532628785	2747938267	1.400000e-08	
6.210305e+06	3	1298902656	1.437212e-08	1831065885	3177521820	1.400000e-08	
6.215295e+06	1	3150846686	1.546679e-06	552634658	
6.221095e+06	0	3534547045	1.437219e-06	4285226245	
6.240452e+06	3	220564665	2.648239e-08	841878026	3363025910	1.559648e-08	
6.240789e+06	0	4212779140	1.739355e-08	771359632	
6.241578e+06	1	3534547045	1.463701e-06	220564665	
6.242686e+06	1	3150846686	1.766445e-06	3004792470	
6.256856e+06	0	3921011129	7.951032e-07	3349724438	
6.259537e+06	3	3490627259	2.473796e-08	2878871175	1290268226	1.400000e-08	
6.282884e+06	3	4260098875	1.472778e-08	4253718737	764400056	1.400000e-08	
6.291858e+06	3	1462644303	1.401380e-08	3177521820	1517815290	1.400000e-08	
6.295194e+06	3	1950077488	1.407887e-08	346987663	66064165	1.400000e-08	
6.313956e+06	3	2426951832	1.500140e-08	3604532305	2766526296	1.400000e-08	
6.373317e+06	1	179097684	5.247609e-07	3697249003	
6.391023e+06	3	2716949832	1.426091e-08	607396504	2454553876	1.400000e-08	
6.409986e+06	3	3986570268	1.550354e-08	302486611	1923515514	1.400000e-08	
6.410336e+06	1	3921011129	8.160132e-07	2962530363	
6.432509e+06	0	3921011129	8.160132e-07	3490627259	
6.435001e+06	1	3921011129	8.305120e-07	1998372786	
6.448307e+06	3	66987975	1.400000e-08	1867247157	3339828518	1.400000e-08	
6.449760e+06	0	3363025910	1.559648e-08	4260098875	
6.475612e+06	0	3534547045	1.463701e-06	4285226245	
6.489842e+06	1	1222799196	7.371932e-07	2029773149	
6.517688e+06	3	873214132	2.791000e-08	1848242772	105819081	1.400000e-08	
6.526596e+06	0	3150846686	1.766445e-06	2343849308	
6.596692e+06	1	3921011129	8.445909e-07	1751902433	
6.620800e+06	3	3071577057	1.480664e-08	1398579088	533433650	1.400000e-08	
6.621765e+06	0	2151269300	1.472778e-08	764400056	
6.623475e+06	1	3921011129	8.585909e-07	4287239676	
6.638973e+06	1	3534547045	1.477701e-06	2789301560	
6.644842e+06	3	3433591204	2.745969e-08	3555679070	1601889739	1.454031e-08	
6.645965e+06	0	896813269	1.671326e-08	1462644303	
6.647327e+06	3	3339828518	1.400000e-08	66064165	381652938	1.400000e-08	
6.663709e+06	0	3332562587	1.407887e-08	1598213090	
6.669991e+06	3	3563522875	1.435542e-08	1923515514	96665495	1.400000e-08	
6.670560e+06	1	3563522875	2.835542e-08	96665495	
6.677922e+06	0	481808867	1.478118e-08	2501379955	
6.687517e+06	0	3332562587	1.407887e-08	1565786989	
6.731222e+06	0	2480932170	2.791000e-08	3732071459	
6.752383e+06	3	873214132	1.400000e-08	3063534263	1342185090	1.418204e-08	149784911	1.418204e-08	
6.774576e+06	3	3986570268	1.551733e-08	2341758500	85224627	1.400000e-08	
6.778160e+06	0	3921011129	8.585909e-07	1089013536	
6.781440e+06	0	2489195127	1.420796e-08	4019363830	
6.789312e+06	0	2066612683	1.445355e-08	879162223	
6.795779e+06	0	3150846686	1.766445e-06	3012889883	
6.835951e+06	0	781549661	1.445408e-08	2489195127	
6.848961e+06	0	3433591204	2.745969e-08	953296898	
6.865962e+06	3	66296937	2.111796e-08	2489195127	1965662198	1.400000e-08	
6.874438e+06	0	3534547045	1.477701e-06	4285226245	
6.884327e+06	3	3190311976	1.400000e-08	2455496064	110439229	1.400000e-08	
6.888020e+06	0	3534547045	1.477701e-06	3607413901	
6.893056e+06	1	373638573	1.000001e+00	1218250404	
6.915693e+06	3	3607413901	1.400000e-08	66296937	1449522982	1.522253e-08	3279439195	1.522253e-08	
6.919550e+06	3	4212779140	1.745902e-08	4019363830	360107933	1.400000e-08	
6.959265e+06	0	1950077488	1.407887e-08	381652938	
6.992082e+06	1	3921011129	8.727350e-07	695939830	
7.014583e+06	0	1342185090	1.418204e-08	3662110242	
7.020490e+06	0	528880979	1.407887e-08	110439229	
7.024360e+06	1	3150846686	1.780459e-06	1553963666	
7.046972e+06	0	2298477853	2.791000e-08	1790255658	
7.062084e+06	1	3534547045	1.491780e-06	1950077488	
7.069919e+06	0	1790255658	2.791000e-08	2945849429	
7.071864e+06	0	3737780296	2.935541e-07	356405251	
7.092465e+06	1	3211480542	2.800000e-08	3468130899	
7.112653e+06	3	4260098875	1.480664e-08	3349724438	1657444763	1.400000e-08	
7.132885e+06	1	3921011129	8.867350e-07	66987975	
7.133315e+06	0	1222799196	7.371932e-07	249728555	
7.197066e+06	3	3732071459	2.646516e-08	3332562587	58759274	1.400000e-08	
7.218531e+06	1	3534547045	1.505780e-06	1517815290	
7.227425e+06	1	3534547045	1.530518e-06	3490627259	
7.245603e+06	3	4285226245	1.795102e-08	764400056	2135013218	1.400000e-08	
7.319648e+06	0	3952655669	2.149324e-08	2622395779	
7.323573e+06	1	3534547045	1.544837e-06	2842015324	
7.349452e+06	0	3986570268	1.551733e-08	2066612683	
7.357003e+06	0	3952655669	2.149324e-08	4186562710	
7.359776e+06	0	3534547045	1.544837e-06	3363025910	
7.360980e+06	1	3921011129	9.007350e-07	1290268226	
7.362806e+06	1	3534547045	1.558837e-06	2135013218	
7.364384e+06	1	1222799196	7.930132e-07	2937387076	
7.367514e+06	0	3211480542	2.800000e-08	3459912306	
7.368723e+06	3	3433591204	2.322587e-08	552498239	470332523	1.824762e-08	
7.368852e+06	0	310481256	1.450592e-08	3662110242	
7.403553e+06	3	4212779140	1.791310e-08	1896745001	3217169414	1.400000e-08	
7.411336e+06	3	3217169414	1.400000e-08	953296898	3030801476	1.400000e-08	
7.411937e+06	1	3030801476	2.800000e-08	3217169414	
7.422263e+06	0	3921011129	9.007350e-07	4093093422	
7.440912e+06	1	3150846686	1.808369e-06	1516068388	
7.448261e+06	0	3150846686	1.808369e-06	3952655669	
7.478182e+06	1	373638573	1.000001e+00	4188445920	
7.516127e+06	0	179097684	5.247609e-07	4093093422	
7.574456e+06	0	3563522875	2.835542e-08	333964007	
7.584729e+06	0	3913511150	2.142260e-08	2118016430	
7.605492e+06	0	3534547045	1.558837e-06	4212779140	
7.616731e+06	3	3202152185	1.525540e-08	4093093422	2208266878	1.400000e-08	
7.670811e+06	3	821115011	2.514139e-08	2208266878	3715668764	1.400000e-08	
7.695683e+06	0	3534547045	1.558837e-06	3180086772	
7.712357e+06	3	858320168	1.400000e-08	845665321	3418547556	1.411444e-08	355298688	1.411444e-08	
7.736864e+06	3	3202152185	1.525540e-08	2343849308	4193709834	1.400000e-08	
7.767862e+06	0	3150846686	1.808369e-06	3607413901	
7.777996e+06	0	1601889739	1.454031e-08	781549661	
7.781657e+06	1	3921011129	9.186481e-07	4212779140	
7.794760e+06	3	481808867	1.523526e-08	1543523724	584993009	1.400000e-08	
7.798159e+06	3	3393811039	2.291888e-08	4193709834	1499007652	1.400000e-08	
7.807598e+06	1	3534547045	1.572837e-06	584993009	
7.822095e+06	0	2622395779	2.091000e-08	85224627	
7.827041e+06	3	3363025910	1.559648e-08	3884987045	755060644	1.400000e-08	
7.874319e+06	1	3921011129	9.338707e-07	3279439195	
7.887843e+06	1	3534547045	1.587618e-06	2681498831	
7.904652e+06	3	2649056468	1.401380e-08	1499007652	3270476896	1.400000e-08	
7.916200e+06	3	2016090987	1.401380e-08	110439229	3934203265	1.400000e-08	
7.918561e+06	3	4260098875	1.501105e-08	3707800333	1292024166	1.400000e-08	
7.924579e+06	3	470332523	1.828705e-08	1598213090	1323984060	1.400000e-08	
7.940775e+06	1	3150846686	1.822875e-06	310481256	
7.941398e+06	3	2066612683	1.456799e-08	1577969976	4197927596	1.400000e-08	
7.961185e+06	3	3270476896	1.400000e-08	1965662198	1414892502	1.400000e-08	
7.983144e+06	1	179097684	5.403574e-07	3363025910	
7.984019e+06	3	2723643411	1.468796e-08	579073438	4201342597	1.400000e-08	
7.995500e+06	1	2723643411	2.868796e-08	4201342597	
7.997325e+06	1	373638573	1.000001e+00	3434666020	
8.002312e+06	0	1222799196	7.930132e-07	149784911	
8.003429e+06	3	2426951832	1.504083e-08	1495382923	2391696826	1.400000e-08	
8.013117e+06	3	3279231079	2.126332e-08	2914302410	4138371369	2.119716e-08	
8.013816e+06	0	3030801476	2.800000e-08	360107933	
8.021547e+06	0	3527214469	2.094943e-08	1503202005	
8.073392e+06	3	2649056468	1.401380e-08	755060644	3590332688	1.400000e-08	
8.090799e+06	1	373638573	1.000001e+00	3375523036	
8.094303e+06	3	3498415124	1.400000e-08	224410298	1745749016	1.766366e-08	2711965517	1.766366e-08	
8.125250e+06	0	3393811039	2.291888e-08	1745749016	
8.128533e+06	3	3211480542	1.400000e-08	3607413901	2933223072	1.400000e-08	1987038079	1.400000e-08	
8.146033e+06	3	4138371369	2.119716e-08	2933223072	3797386594	1.400000e-08	
8.155217e+06	1	3150846686	1.849340e-06	3732071459	
8.191897e+06	1	3150846686	1.863392e-06	4187488967	
8.208734e+06	1	1068020906	9.544675e-04	1503861029	
8.227863e+06	3	821115011	1.414595e-08	3279231079	1280619132	1.612938e-08	4105879141	1.612938e-08	
8.255959e+06	3	3913511150	2.142260e-08	3294683754	3088551619	1.400000e-08	
8.268938e+06	0	2348040613	1.581892e-08	175860597	
8.269148e+06	1	3534547045	1.601618e-06	3088551619	
8.270531e+06	1	3150846686	1.877960e-06	2066612683	
8.271142e+06	3	3396227953	1.458479e-08	3190311976	3443287411	1.400000e-08	
8.321942e+06	1	3150846686	1.891960e-06	649593533	
8.360606e+06	1	3737780296	3.076329e-07	528880979	
8.379128e+06	0	3534547045	1.601618e-06	781549661	
8.393862e+06	3	3986570268	1.526907e-08	2501379955	3981989558	1.432713e-08	
8.398619e+06	1	3921011129	9.478707e-07	360107933	
8.451376e+06	0	3534547045	1.601618e-06	4260098875	
8.455183e+06	1	3534547045	1.615618e-06	3498415124	
8.476653e+06	3	3396227953	1.458479e-08	2125112500	1165174376	1.400000e-08	
8.481033e+06	0	481808867	1.523526e-08	2649056468	
8.491908e+06	0	3921011129	9.478707e-07	4260098875	
8.531840e+06	3	2016090987	1.401380e-08	85224627	3467386575	1.400000e-08	
8.535834e+06	0	3150846686	1.891960e-06	58759274	
8.563904e+06	1	3534547045	1.629945e-06	3981989558	
8.573211e+06	3	3433591204	2.535525e-08	1280619132	4263904522	1.400000e-08	
8.575040e+06	3	3393811039	2.418795e-08	3986570268	4267941538	1.400000e-08	
8.583984e+06	1	179097684	5.548115e-07	781549661	
8.595374e+06	3	1292023300	1.567940e-08	821115011	3372193553	1.400000e-08	
8.616383e+06	3	2711965517	1.766366e-08	197654791	3681452412	1.400000e-08	
8.623513e+06	1	3534547045	1.644149e-06	483021244	
8.655499e+06	3	6723929	2.791000e-08	873214132	2604064924	1.400000e-08	
8.675448e+06	0	1292023300	1.567940e-08	3372193553	
8.686337e+06	0	4260098875	1.501105e-08	3797386594	
8.690261e+06	1	3534547045	1.658228e-06	4283280385	
8.724848e+06	1	3534547045	1.672228e-06	4267941538	
8.734230e+06	3	4119421155	1.407887e-08	2704180049	3458662533	1.400000e-08	
8.736323e+06	0	2747938267	1.400000e-08	722767024	
8.743211e+06	0	3534547045	1.672228e-06	4260098875	
8.743283e+06	1	3534547045	1.687239e-06	4260098875	
8.756661e+06	1	3921011129	9.693639e-07	3952655669	
8.764971e+06	1	3534547045	1.701239e-06	1987038079	
8.781414e+06	3	3534547045	1.701239e-06	3030801476	762210064	1.400000e-08	
8.816422e+06	1	3921011129	9.935518e-07	3393811039	
8.835790e+06	0	1449522982	1.522253e-08	1414892502	
8.835803e+06	1	3921011129	1.007760e-06	3929228125	
8.866026e+06	0	3921011129	1.007760e-06	1089013536	
8.890608e+06	0	3150846686	1.891960e-06	3443287411	
8.921882e+06	1	179097684	5.690800e-07	3747246174	
8.923487e+06	1	3534547045	1.715693e-06	3363823620	
8.952645e+06	0	3433591204	2.535525e-08	762210064	
9.023695e+06	1	3921011129	1.021760e-06	3681452412	
9.029776e+06	0	188552836	1.450592e-08	2014426858	
9.039119e+06	3	3270476896	1.400000e-08	58759274	570164134	1.400000e-08	
9.042546e+06	0	1089013536	1.401380e-08	1019134040	
9.080082e+06	3	2247026945	1.407887e-08	1292024166	2418772576	1.400000e-08	
9.086398e+06	0	3921011129	1.021760e-06	762210064	
9.086781e+06	0	3534547045	1.715693e-06	6723929	
9.100650e+06	0	3534547045	1.715693e-06	3396227953	
9.111622e+06	3	1657444763	1.400000e-08	826924968	2105330617	1.400000e-08	
9.115654e+06	0	3534547045	1.715693e-06	3270476896	
9.127068e+06	0	481808867	1.523526e-08	3211480542	
9.133867e+06	1	3150846686	1.905960e-06	3443287411	
9.138873e+06	3	2649056468	1.402759e-08	1089013536	964813250	1.400000e-08	
9.188078e+06	1	3534547045	1.729693e-06	964813250	
9.200022e+06	3	2014426858	1.418204e-08	2391696826	2039170765	1.400000e-08	
9.214178e+06	0	3534547045	1.729693e-06	4105879141	
9.237138e+06	3	3270476896	1.400000e-08	3459912306	4278040469	1.400000e-08	
9.258408e+06	1	3737780296	3.216329e-07	1657444763	
9.290852e+06	3	896813269	1.671326e-08	570164134	241690685	1.400000e-08	
9.291450e+06	0	3534547045	1.729693e-06	3797386594	
9.300874e+06	0	2622395779	2.091000e-08	3180086772	
9.359698e+06	1	3150846686	1.941329e-06	2367820772	
9.389140e+06	0	4285226245	1.795102e-08	4278040469	
9.409199e+06	1	3150846686	1.955329e-06	241690685	
9.477929e+06	0	1621314342	1.401380e-08	105819081	
9.494679e+06	3	2426951832	1.530174e-08	2716949832	1703904600	1.400000e-08	
9.507820e+06	1	3534547045	1.745373e-06	1292023300	
9.511744e+06	0	3534547045	1.745373e-06	1414892502	
9.522590e+06	3	4105879141	1.612938e-08	533433650	3814978291	1.400000e-08	
9.590784e+06	0	906368509	2.098887e-08	2016090987	
9.595891e+06	0	1945735688	1.785294e-08	1165174376	
9.605571e+06	1	3150846686	1.983239e-06	2911053862	
9.685735e+06	1	179097684	5.830800e-07	4278040469	
9.701876e+06	0	1503202005	1.566428e-08	1703904600	
9.782048e+06	1	3921011129	1.036694e-06	3012889883	
9.803646e+06	1	3921011129	1.050694e-06	4263904522	
9.807421e+06	0	3534547045	1.745373e-06	906368509	
9.812950e+06	1	1222799196	8.209232e-07	1458665800	
9.883214e+06	0	4138371369	2.119716e-08	1703904600	
9.902965e+06	3	3913511150	2.142260e-08	3814978291	118566979	1.400000e-08	
9.913792e+06	0	3534547045	1.745373e-06	3270476896	
9.914693e+06	0	3433591204	2.535525e-08	3869596591	
9.918676e+06	1	3534547045	1.759373e-06	3270476896	
9.930879e+06	0	3921011129	1.050694e-06	3396227953	
9.964674e+06	0	3534547045	1.759373e-06	118566979	
9.968820e+06	1	3534547045	1.773373e-06	1165174376	
9.978290e+06	1	3534547045	1.787373e-06	3590332688	
1.007025e+07	0	481808867	1.523526e-08	2039170765	
1.007317e+07	1	3150846686	1.997421e-06	3167902617	
1.014356e+07	3	1462644303	1.401380e-08	283080478	894269343	1.400000e-08	
1.015191e+07	3	2597880038	1.445408e-08	3458662533	932943525	1.400000e-08	
1.015329e+07	0	3534547045	1.787373e-06	2110688926	
1.015349e+07	0	3534547045	1.787373e-06	4119421155	
1.016445e+07	1	3534547045	1.801958e-06	3396227953	
1.018394e+07	0	2519559028	3.070100e-07	937177227	
1.021587e+07	0	4263717482	2.295996e-08	4096225443	
1.025421e+07	1	3534547045	1.823155e-06	4138371369	
1.026752e+07	1	373638573	1.000001e+00	3071577057	
1.027607e+07	0	175860597	1.401380e-08	2110688926	
1.030465e+07	0	2519559028	3.070100e-07	2409063466	
1.030704e+07	1	3534547045	1.837155e-06	762210064	
1.031138e+07	0	3433591204	2.535525e-08	2766526296	
1.031667e+07	1	3921011129	1.064694e-06	105819081	
1.033041e+07	0	3921011129	1.064694e-06	1414892502	
1.033848e+07	3	1462644303	1.402759e-08	3449694611	250347941	1.400000e-08	
1.037562e+07	1	373638573	1.000001e+00	1342185090	
1.046367e+07	3	2027098952	1.445408e-08	118566979	2292589682	1.400000e-08	
1.048524e+07	1	373638573	1.000001e+00	2799798816	
1.051956e+07	0	2622395779	2.091000e-08	249728555	
1.052768e+07	0	688805295	2.791000e-08	858320168	
1.053380e+07	1	3150846686	2.011875e-06	1837088337	
1.055040e+07	3	333964007	2.791000e-08	3869596591	3971437066	1.400000e-08	
1.057090e+07	0	3534547045	1.837155e-06	3715668764	
1.060811e+07	1	3921011129	1.078694e-06	3715668764	
1.062235e+07	1	3534547045	1.851155e-06	3211480542	
1.070865e+07	3	2409063466	1.558860e-08	4263717482	2810179169	1.764068e-08	1803012522	1.764068e-08	
1.071572e+07	0	3150846686	2.011875e-06	2348040613	
1.074907e+07	1	3534547045	1.865155e-06	3372193553	
1.080580e+07	0	1405660995	1.407887e-08	1565786989	
1.081283e+07	0	2426951832	1.530174e-08	4197927596	
1.084537e+07	3	4119421155	1.407887e-08	2292589682	3940915008	1.400000e-08	
1.086798e+07	1	3921011129	1.092694e-06	3797386594	
1.087439e+07	3	393090083	1.844616e-08	1703904600	3593659676	1.400000e-08	
1.090908e+07	1	3150846686	2.025875e-06	2105330617	
1.091002e+07	1	3921011129	1.106694e-06	1323984060	
1.093006e+07	3	3202152185	1.543744e-08	2014426858	2744143284	1.400000e-08	
1.102345e+07	0	3526559023	1.492253e-08	3934203265	
1.103032e+07	0	3921011129	1.106694e-06	2027098952	
1.106148e+07	0	3534547045	1.865155e-06	932943525	
1.108771e+07	1	179097684	5.971589e-07	4119421155	
1.115286e+07	0	3150846686	2.025875e-06	3527214469	
1.122203e+07	1	373638573	1.000001e+00	395113485	
1.125750e+07	1	3150846686	2.046825e-06	3527214469	
1.138765e+07	3	3326748277	2.791000e-08	2744143284	2002691604	1.400000e-08	
1.141596e+07	0	2247026945	1.407887e-08	1414892502	
1.147483e+07	0	1298902656	1.437212e-08	2418772576	
1.148447e+07	0	333964007	2.791000e-08	2151269300	
1.148978e+07	3	1298902656	1.437212e-08	3971437066	3223248356	1.400000e-08	
1.160404e+07	3	4105879141	1.612938e-08	2418772576	101557930	1.400000e-08	
1.166982e+07	0	2649056468	1.402759e-08	2747938267	
1.175707e+07	1	3150846686	2.063538e-06	896813269	
1.176047e+07	3	2597880038	1.445408e-08	101557930	678688578	1.400000e-08	
1.180391e+07	0	3534547045	1.865155e-06	3913511150	
1.187872e+07	0	3150846686	2.063538e-06	470332523	
1.194384e+07	0	3534547045	1.865155e-06	2604064924	
1.198480e+07	0	3150846686	2.063538e-06	3418547556	
1.198645e+07	3	3737780296	3.291654e-07	3197676583	2222966094	1.874101e-08	
1.204836e+07	3	3823443426	2.791000e-08	678688578	1301910447	1.400000e-08	
1.204954e+07	1	373638573	1.000001e+00	1414892502	
1.207710e+07	1	3150846686	2.078975e-06	3202152185	
1.211426e+07	1	3921011129	1.120694e-06	3339828518	
1.211616e+07	1	3534547045	1.880974e-06	2348040613	
1.222834e+07	1	179097684	6.156051e-07	393090083	
1.230676e+07	3	4105879141	1.658346e-08	2027098952	2919535035	1.400000e-08	
1.231559e+07	0	3921011129	1.120694e-06	906368509	
1.249979e+07	1	3150846686	2.092975e-06	381652938	
1.252052e+07	1	373638573	1.000001e+00	3089865955	
1.253022e+07	1	373638573	1.000001e+00	2545005546	
1.253801e+07	0	4167430602	1.446788e-08	355298688	
1.254067e+07	3	1285693762	1.458479e-08	2247026945	2855048822	1.400000e-08	
1.262834e+07	1	373638573	1.000001e+00	1237914369	
1.263056e+07	1	3921011129	1.137277e-06	4105879141	
1.267344e+07	3	2409063466	1.558860e-08	932943525	682911345	1.400000e-08	
1.271048e+07	3	1745749016	1.925225e-08	2409063466	238807518	1.400000e-08	
1.277110e+07	3	2597880038	1.445408e-08	2919535035	1840937626	1.400000e-08	
1.286414e+07	3	2649056468	1.404139e-08	2950407739	1734007597	1.400000e-08	
1.286753e+07	1	3150846686	2.110616e-06	1803012522	
1.289502e+07	0	2441325815	1.495289e-08	515125813	
1.298860e+07	3	688805295	1.400000e-08	134948105	4088691616	1.420440e-08	2087527840	1.420440e-08	
1.300950e+07	3	1462644303	1.402759e-08	3593659676	2065940037	1.400000e-08	
1.305653e+07	1	3534547045	1.894974e-06	2766526296	
1.306686e+07	1	373638573	1.000001e+00	907719639	
1.317539e+07	3	2298477853	1.400000e-08	1452489764	2751602400	1.431889e-08	552380491	1.431889e-08	
1.317762e+07	1	373638573	1.000001e+00	188552836	
1.318207e+07	0	333964007	2.791000e-08	2597880038	
1.318228e+07	1	3921011129	1.151277e-06	722767024	
1.320038e+07	1	3150846686	2.124616e-06	682911345	
1.321833e+07	1	3534547045	1.908974e-06	238807518	
1.337190e+07	1	3921011129	1.165277e-06	2002691604	
1.356942e+07	3	1222799196	1.069230e-06	3737780296	253656606	1.617166e-08	1254429415	1.617166e-08	481400394	1.617166e-08	2584856907	1.617166e-08	3284371529	1.617166e-08	
1.357625e+07	1	1222799196	1.085402e-06	1254429415	
1.358264e+07	1	3921011129	1.179329e-06	921818415	
1.362399e+07	1	3534547045	1.923015e-06	2649056468	
1.364416e+07	3	2584856907	1.618545e-08	175860597	871205577	1.400000e-08	
1.366527e+07	1	3534547045	1.950925e-06	333964007	
1.367322e+07	1	373638573	1.000001e+00	3491092596	
1.370971e+07	1	179097684	6.296051e-07	3940915008	
1.371031e+07	1	3150846686	2.138616e-06	3934203265	
1.378696e+07	0	179097684	6.296051e-07	906368509	
1.383447e+07	3	3467386575	1.400000e-08	2298477853	2655011401	1.400000e-08	
1.388530e+07	1	179097684	6.505939e-07	906368509	
1.389780e+07	0	179097684	6.505939e-07	287394855	
1.391765e+07	3	4285226245	1.890391e-08	2441325815	4156410056	1.400000e-08	
1.393343e+07	0	1601889739	1.454031e-08	2655011401	
1.394213e+07	0	4285226245	1.890391e-08	4197927596	
1.402601e+07	0	3534547045	1.950925e-06	3913511150	
1.405591e+07	1	3534547045	1.968778e-06	1945735688	
1.423934e+07	1	3534547045	1.982778e-06	1734007597	
1.435210e+07	1	3921011129	1.193329e-06	2065940037	
1.436502e+07	1	3921011129	1.207329e-06	1840937626	
1.444931e+07	1	373638573	1.000001e+00	2604064924	
1.448313e+07	0	1222799196	1.085402e-06	1285693762	
1.467209e+07	3	2519559028	3.060235e-07	481400394	249938527	1.715815e-08	
1.471851e+07	0	2810179169	1.764068e-08	1298902656	
1.479850e+07	0	1222799196	1.085402e-06	1593891639	
1.482426e+07	1	3921011129	1.232684e-06	3433591204	
1.507888e+07	3	1449522982	1.522253e-08	4197927596	843598278	1.400000e-08	
1.509313e+07	1	3921011129	1.246684e-06	1321648343	
1.522379e+07	1	3150846686	2.166526e-06	3326748277	
1.542739e+07	1	373638573	1.000001e+00	1565786989	
1.546024e+07	1	3534547045	1.996778e-06	287394855	
1.546570e+07	0	1104410542	2.126186e-08	1737134642	
1.548394e+07	1	1222799196	1.113312e-06	1593891639	
1.557062e+07	3	1298902656	1.437212e-08	894269343	2197427154	1.400000e-08	
1.563065e+07	0	470332523	1.828705e-08	3783228500	
1.578394e+07	3	651046398	1.401380e-08	858320168	3690557900	1.400000e-08	
1.578836e+07	0	651046398	1.401380e-08	3690557900	
1.615739e+07	1	373638573	1.000001e+00	2655011401	
1.632935e+07	3	2810179169	1.659397e-08	515125813	3824375258	1.540504e-08	
1.655290e+07	1	1222799196	1.127516e-06	4088691616	
1.660516e+07	1	3150846686	2.180730e-06	2087527840	
1.665483e+07	0	179097684	6.505939e-07	3690557900	
1.678082e+07	1	3150846686	2.197324e-06	2810179169	
1.693024e+07	0	3150846686	2.197324e-06	2118016430	
1.739785e+07	1	179097684	6.658957e-07	2426951832	
1.761007e+07	0	1222799196	1.127516e-06	4285226245	
1.772207e+07	1	3534547045	2.010778e-06	3690557900	
1.778232e+07	3	3284371529	1.617166e-08	4156410056	769315986	1.400000e-08	
1.783282e+07	3	3284371529	1.617166e-08	2039170765	1856937876	1.400000e-08	
1.790864e+07	1	3150846686	2.211338e-06	3180086772	
1.795332e+07	1	3534547045	2.026183e-06	3824375258	
1.796251e+07	1	2519559028	3.247645e-07	2222966094	
1.805879e+07	0	2622395779	2.091000e-08	229435916	
1.819684e+07	3	1462644303	1.402759e-08	3783228500	354497373	1.400000e-08	
1.821287e+07	1	3534547045	2.042355e-06	253656606	
1.827331e+07	0	3150846686	2.211338e-06	1301910447	
1.871265e+07	1	3921011129	1.260684e-06	1301910447	
1.893612e+07	1	373638573	1.000001e+00	249938527	
1.894394e+07	0	3150846686	2.211338e-06	2584856907	
1.904266e+07	1	1222799196	1.141631e-06	355298688	
1.925455e+07	1	3534547045	2.056861e-06	2001290253	
1.927268e+07	0	2118016430	1.741000e-08	2855048822	
1.935700e+07	0	179097684	6.658957e-07	1745749016	
1.938348e+07	1	3921011129	1.281946e-06	1104410542	
1.944436e+07	1	3150846686	2.225338e-06	2110688926	
1.950476e+07	1	373638573	1.000001e+00	470332523	
1.962046e+07	1	3534547045	2.070861e-06	2855048822	
1.973475e+07	3	651046398	1.401380e-08	1856937876	1230311851	1.400000e-08	
1.974348e+07	1	651046398	2.801380e-08	1230311851	
1.979891e+07	1	373638573	1.000002e+00	2197427154	
2.015023e+07	0	3534547045	2.070861e-06	481808867	
2.015609e+07	1	3534547045	2.088271e-06	2118016430	
2.016598e+07	1	3150846686	2.239366e-06	1462644303	
2.027979e+07	1	3921011129	1.309960e-06	651046398	
2.040510e+07	3	354497373	1.400000e-08	3223248356	3825172902	1.400000e-08	
2.063132e+07	1	3150846686	2.253366e-06	2454553876	
2.079909e+07	1	3921011129	1.323960e-06	3953846011	
2.103819e+07	1	3921011129	1.337960e-06	354497373	
2.112359e+07	1	373638573	1.000002e+00	384163328	
2.112866e+07	1	373638573	1.000002e+00	552380491	
2.115135e+07	0	3534547045	2.088271e-06	1745749016	
2.143214e+07	1	3534547045	2.103493e-06	1449522982	
2.156119e+07	1	3921011129	1.351960e-06	843598278	
2.172830e+07	1	373638573	1.000002e+00	4285226245	
2.193484e+07	1	3534547045	2.122745e-06	1745749016	
2.269758e+07	1	3921011129	1.372870e-06	2622395779	
2.272434e+07	0	3150846686	2.253366e-06	149784911	
2.301753e+07	3	1842102965	1.458479e-08	3662110242	110318614	1.400000e-08	
2.338856e+07	3	3563522875	1.400000e-08	3526559023	176241382	1.463898e-08	1063934737	1.463898e-08	
2.351330e+07	1	3150846686	2.271029e-06	2711965517	
2.368170e+07	1	3150846686	2.287201e-06	3284371529	
2.441081e+07	1	373638573	1.000002e+00	1503202005	
2.452332e+07	1	3921011129	1.387509e-06	176241382	
2.479385e+07	1	3534547045	2.137384e-06	1063934737	
2.481748e+07	0	1222799196	1.141631e-06	1405660995	
2.492503e+07	3	3921011129	1.401131e-06	2723643411	2445084109	1.506571e-08	
