7.314098e+01	1	2246051850	3.070100e-07	211811971	
1.618216e+02	1	1075699702	3.070100e-07	1986278615	
1.757245e+02	1	869234806	5.582000e-08	3774459889	
5.241798e+02	1	1465560917	3.070100e-07	2542835646	
7.926650e+02	1	3150846686	3.070100e-07	725558489	
8.050594e+02	1	1075699702	3.349200e-07	810769555	
8.196253e+02	1	4031050948	3.070100e-07	199935986	
8.915468e+02	1	2455496064	5.582000e-08	3938221642	
9.032411e+02	1	3129006749	5.582000e-08	741863299	
1.167703e+03	1	545239233	3.070100e-07	636961411	
1.301218e+03	1	3621383820	5.582000e-08	778035964	
1.540866e+03	1	3921011129	3.070100e-07	3257166052	
1.743286e+03	1	3373526895	3.070100e-07	3841896594	
2.688755e+03	1	1465560917	3.349200e-07	949068759	
3.164380e+03	0	2779686750	2.791000e-08	3326748277	
3.270071e+03	1	3707189490	5.582000e-08	1425083048	
3.374089e+03	1	3373526895	3.349200e-07	1134175585	
3.499794e+03	1	3737780296	3.070100e-07	1347872676	
3.610976e+03	1	1075699702	3.628300e-07	102901530	
3.796295e+03	1	3373526895	3.628300e-07	632754209	
4.002846e+03	1	1075699702	3.907400e-07	3933289935	
4.525920e+03	1	545239233	3.349200e-07	245436729	
4.816638e+03	1	1068020906	9.543279e-04	501991070	
5.312572e+03	0	2038493855	2.791000e-08	2349140130	
5.402468e+03	0	2859795595	2.791000e-08	870323177	
7.898807e+03	1	1075699702	4.186500e-07	2487301543	
8.922532e+03	1	2235064901	3.070100e-07	870323177	
9.113432e+03	1	426576124	3.070100e-07	265770918	
9.212303e+03	0	197654791	2.791000e-08	688805295	
1.007905e+04	1	4259593397	3.349200e-07	3129006749	
1.112394e+04	1	1068020906	9.543558e-04	3919026803	
1.146451e+04	1	1222799196	3.070100e-07	1593891639	
1.171668e+04	1	3534547045	3.070100e-07	582973675	
1.215360e+04	1	2246051850	3.349200e-07	941534069	
1.283780e+04	1	2246051850	3.628300e-07	1481166135	
1.520312e+04	1	2246051850	3.907400e-07	1444500749	
1.558858e+04	1	2235064901	3.349200e-07	1584276479	
1.675342e+04	0	2038493855	2.791000e-08	2349140130	
1.794468e+04	1	3150846686	3.349200e-07	2737363250	
1.918876e+04	1	3749853089	5.582000e-08	3424908067	
1.976468e+04	1	3737780296	3.349200e-07	3279231079	
2.065166e+04	0	2859795595	2.791000e-08	2178051842	
2.583999e+04	1	3749853089	8.373000e-08	2528553283	
2.699180e+04	1	2799798816	3.070100e-07	2046083849	
3.113242e+04	0	1541946641	2.791000e-08	3497999925	
3.228277e+04	1	1731090175	5.582000e-08	3889879026	
3.383254e+04	1	2235064901	3.628300e-07	4263717482	
3.467847e+04	1	3373526895	3.907400e-07	387772665	
3.603123e+04	1	1068020906	9.543837e-04	1498734392	
3.661380e+04	1	2235064901	4.186500e-07	3707189490	
3.760061e+04	0	3534547045	3.070100e-07	331336395	
3.768892e+04	1	3150846686	3.628300e-07	2308721517	
3.909123e+04	0	1123501568	2.791000e-08	2779686750	
4.254787e+04	1	2235064901	4.465600e-07	2859795595	
4.474688e+04	1	3150846686	3.907400e-07	3232700421	
4.768303e+04	0	3197676583	2.791000e-08	1503861029	
4.989906e+04	1	2799798816	3.349200e-07	1035492323	
5.015553e+04	1	4031050948	3.349200e-07	2504591099	
5.113898e+04	1	1222799196	3.349200e-07	3555679070	
5.347859e+04	1	3823443426	5.582000e-08	2870158420	
5.616363e+04	1	1068020906	9.544116e-04	4274934102	
5.851489e+04	1	3534547045	3.349200e-07	331336395	
6.068613e+04	1	1068020906	9.544396e-04	3015378843	
6.936628e+04	1	1731090175	8.373000e-08	2349140130	
7.013455e+04	0	1572835533	2.791000e-07	3241671100	
7.047198e+04	1	2340740170	3.070100e-07	2835620284	
7.071437e+04	1	1068020906	9.544675e-04	997905375	
7.202299e+04	1	3150846686	4.186500e-07	4231632140	
7.387920e+04	1	2406269022	5.582000e-08	1206764858	
7.767035e+04	0	3800234335	2.791000e-08	1661091397	
8.071395e+04	1	1731090175	1.116400e-07	1631081845	
8.303231e+04	0	2235064901	4.465600e-07	1494141940	
8.732668e+04	1	545239233	3.628300e-07	3071234124	
8.854808e+04	3	3373526895	3.907400e-07	2455496064	3687573659	1.400000e-08	3196256300	2.091000e-08	848448836	2.091000e-08	
8.901284e+04	3	3921011129	3.070100e-07	3621383820	2211003714	1.400000e-08	2916276788	2.091000e-08	3696193412	2.091000e-08	
9.070719e+04	3	3534547045	3.349200e-07	1731090175	15308464	1.400000e-08	1239307652	1.627333e-08	1945448119	1.627333e-08	3396227953	1.627333e-08	3321237907	1.627333e-08	3187199216	1.627333e-08	3330100144	1.627333e-08	
9.078428e+04	1	3534547045	3.489200e-07	15308464	
9.123402e+04	1	1222799196	3.628300e-07	511603307	
9.154157e+04	1	3534547045	3.651933e-07	3321237907	
9.661712e+04	1	3921011129	3.279200e-07	2916276788	
9.872363e+04	1	3534547045	3.814667e-07	3330100144	
1.007015e+05	0	2408568032	2.791000e-08	343742982	
1.009121e+05	1	3373526895	4.116500e-07	848448836	
1.020650e+05	1	1068020906	9.544954e-04	2768642543	
1.061299e+05	0	405521437	2.791000e-08	2480932170	
1.137488e+05	1	3373526895	4.395600e-07	3421887303	
1.145472e+05	1	3534547045	4.093767e-07	3126241903	
1.186023e+05	1	3737780296	3.628300e-07	1651612823	
1.187001e+05	0	3497999925	2.791000e-08	384163328	
1.265098e+05	0	1493201942	2.791000e-08	3616865126	
1.293152e+05	0	3534547045	4.093767e-07	3187199216	
1.306965e+05	0	3004792470	2.791000e-07	3428193420	
1.328480e+05	3	486050091	3.405037e-08	2393342300	310481256	2.176963e-08	
1.346190e+05	1	3534547045	4.372867e-07	3919821980	
1.371664e+05	0	3150420704	2.791000e-08	1379399837	
1.402584e+05	1	780264402	4.418333e-08	1945448119	
1.409427e+05	1	3737780296	3.907400e-07	1664502715	
1.416997e+05	0	2235064901	4.465600e-07	3687573659	
1.427980e+05	0	1963165541	2.791000e-08	2919643181	
1.495241e+05	0	1503861029	2.791000e-08	1593850299	
1.543351e+05	0	3373526895	4.395600e-07	3908154577	
1.566127e+05	1	2246051850	4.186500e-07	905418128	
1.571925e+05	0	3534547045	4.372867e-07	3696193412	
1.577968e+05	0	1572835533	2.791000e-07	717226258	
1.599188e+05	0	688805295	2.791000e-08	314650893	
1.635733e+05	1	1572835533	3.070100e-07	1434498202	
1.639930e+05	1	3737780296	4.186500e-07	326805806	
1.644681e+05	1	2799798816	3.628300e-07	3197676583	
1.717433e+05	0	2246051850	4.186500e-07	2718413753	
1.723528e+05	1	3534547045	4.590563e-07	310481256	
1.835956e+05	0	3534547045	4.590563e-07	3696193412	
1.855907e+05	1	1068020906	9.545233e-04	2250757420	
1.857742e+05	0	3534547045	4.590563e-07	3696193412	
1.858452e+05	1	3373526895	7.674800e-07	3921011129	
1.880159e+05	0	2235064901	4.465600e-07	1379399837	
1.935512e+05	1	3373526895	7.883900e-07	3196256300	
1.939530e+05	0	3150846686	4.186500e-07	2932274237	
1.948680e+05	1	1572835533	3.349200e-07	3498415124	
1.970017e+05	1	3534547045	4.869663e-07	1735432893	
2.017904e+05	1	1068020906	9.545512e-04	3392858646	
2.065057e+05	3	659524895	1.461264e-08	4122240121	817087088	2.060368e-08	551137729	2.060368e-08	
2.169233e+05	1	3534547045	5.148763e-07	2038493855	
2.182390e+05	0	290926289	2.791000e-08	3382444416	
2.208621e+05	1	1465560917	3.628300e-07	3497999925	
2.208945e+05	1	3534547045	5.489267e-07	486050091	
2.242897e+05	0	545239233	3.628300e-07	40245973	
2.255160e+05	0	1572835533	3.349200e-07	1516068388	
2.331186e+05	0	3084497907	2.791000e-08	1738899943	
2.333949e+05	1	3534547045	5.931100e-07	780264402	
2.418589e+05	1	1465560917	3.907400e-07	6723929	
2.428797e+05	0	925199572	2.791000e-08	2211003714	
2.480486e+05	0	1790255658	2.791000e-08	2718413753	
2.573685e+05	1	2799798816	6.419300e-07	3004792470	
2.663278e+05	1	1572835533	3.555237e-07	817087088	
2.668321e+05	1	2984600922	3.070100e-07	2710766136	
2.868645e+05	0	2340740170	3.070100e-07	3241671100	
2.896947e+05	1	179097684	3.070100e-07	862710978	
3.046594e+05	1	2235064901	4.744700e-07	3061883439	
3.050984e+05	1	2340740170	3.349200e-07	405521437	
3.089031e+05	1	3737780296	7.535700e-07	4031050948	
3.092604e+05	0	598947138	2.791000e-08	873214132	
3.093395e+05	1	3534547045	6.093833e-07	3396227953	
3.297682e+05	3	3084497907	1.400000e-08	3908154577	1218250404	2.091000e-08	1035956119	2.091000e-08	
3.419645e+05	0	1503861029	2.791000e-08	551137729	
3.463967e+05	0	3150846686	4.186500e-07	3732071459	
3.513748e+05	1	2799798816	6.698400e-07	2250879299	
3.826144e+05	0	2326007700	2.791000e-08	2906924538	
4.060267e+05	1	2799798816	6.977500e-07	1156624510	
4.198017e+05	0	3373526895	7.883900e-07	3696193412	
4.277393e+05	0	2984600922	3.070100e-07	1458432161	
4.354814e+05	0	2693713428	2.791000e-08	1321648343	
4.358513e+05	3	2693713428	2.076112e-08	2178051842	1211996162	1.752944e-08	188552836	1.752944e-08	
4.362443e+05	1	426576124	3.349200e-07	1866926464	
4.367798e+05	1	2693713428	3.829056e-08	1211996162	
4.378192e+05	1	1465560917	4.186500e-07	3953846011	
4.519123e+05	0	1458665800	2.791000e-08	1037584679	
4.582799e+05	3	2466232951	3.594633e-08	770580294	2029773149	1.987367e-08	
4.647504e+05	0	545239233	3.628300e-07	1502094437	
4.656970e+05	1	3749853089	1.116400e-07	1661091397	
4.751650e+05	1	1465560917	4.465600e-07	2451350669	
4.769800e+05	0	3373526895	7.883900e-07	287801793	
4.927625e+05	0	3696193412	2.091000e-08	3084497907	
5.015380e+05	1	1222799196	3.987763e-07	2466232951	
5.045201e+05	0	911013108	2.791000e-08	1458432161	
5.098763e+05	1	3747246174	5.582000e-08	4252347608	
5.127324e+05	1	3737780296	1.032670e-06	2519559028	
5.259976e+05	0	3373526895	7.883900e-07	1218250404	
5.362061e+05	1	2235064901	4.953800e-07	1218250404	
5.544531e+05	0	2235064901	4.953800e-07	3150420704	
5.551636e+05	3	129185354	1.400000e-08	2409063466	302486611	2.091000e-08	1842102965	2.091000e-08	
5.728261e+05	0	598947138	2.791000e-08	659524895	
5.850132e+05	0	179097684	3.070100e-07	3704423751	
5.978329e+05	1	3534547045	6.302933e-07	3696193412	
6.000600e+05	1	3737780296	1.060580e-06	3176785673	
6.031596e+05	1	1068020906	9.545791e-04	3481866093	
6.097979e+05	0	1037584679	2.791000e-08	3326748277	
6.118520e+05	0	1502094437	2.791000e-08	925199572	
6.198974e+05	1	3534547045	6.582033e-07	3150420704	
6.215625e+05	3	3428193420	2.791000e-08	129185354	1285693762	1.400000e-08	
6.230255e+05	0	2235064901	4.953800e-07	3121047530	
6.284554e+05	0	179097684	3.070100e-07	3704423751	
6.294423e+05	0	179097684	3.070100e-07	3704423751	
6.324404e+05	1	179097684	3.349200e-07	3704423751	
6.362425e+05	0	2235064901	4.953800e-07	858320168	
6.550913e+05	1	2235064901	5.232900e-07	3326748277	
6.555300e+05	1	1075699702	4.465600e-07	1321648343	
6.572575e+05	3	3373526895	1.281860e-06	2235064901	1078741991	1.490977e-08	2723643411	1.490977e-08	
6.627515e+05	1	2799798816	1.004760e-06	2984600922	
6.954355e+05	1	3373526895	1.296770e-06	2723643411	
7.001020e+05	0	3373526895	1.296770e-06	1494141940	
7.034311e+05	0	2693713428	3.829056e-08	1379399837	
7.128492e+05	3	1502094437	1.400000e-08	2779686750	1804212609	2.091000e-08	438292632	2.091000e-08	
7.144834e+05	1	1222799196	4.545963e-07	3823443426	
7.196153e+05	3	3116505811	1.807499e-08	1738899943	2001290253	1.887250e-08	3147695692	1.887250e-08	
7.198079e+05	0	1019134040	2.791000e-08	2932274237	
7.336902e+05	0	333964007	2.791000e-08	197654791	
7.599151e+05	0	3373526895	1.296770e-06	1379399837	
7.641094e+05	1	3150846686	4.465600e-07	1458665800	
7.734886e+05	0	197654791	2.791000e-08	257754683	
7.761197e+05	3	2246051850	4.186500e-07	2340740170	3179285865	2.422336e-08	2173231515	1.412257e-08	740082705	1.412257e-08	2795063678	1.412257e-08	3642829293	1.412257e-08	2707128518	1.412257e-08	474866315	1.412257e-08	1639799867	1.412257e-08	1026028388	1.412257e-08	1128056158	1.412257e-08	2909632847	1.412257e-08	937177227	1.412257e-08	3393811039	1.412257e-08	611212867	1.412257e-08	1104410542	1.412257e-08	2328232000	1.412257e-08	2999719241	1.412257e-08	1931993247	1.412257e-08	1494850122	1.412257e-08	3414514926	1.412257e-08	2312786130	1.412257e-08	3537925318	1.412257e-08	1634407402	1.412257e-08	
7.761234e+05	1	3179285865	3.834593e-08	1634407402	
7.823329e+05	0	1494850122	1.412257e-08	2328232000	
7.829402e+05	0	2246051850	4.186500e-07	2909632847	
7.847487e+05	1	2246051850	4.327726e-07	1128056158	
7.877476e+05	0	3393811039	1.412257e-08	474866315	
7.975114e+05	3	1842102965	2.091000e-08	1285693762	3869596591	1.400000e-08	
8.059576e+05	0	1035956119	2.091000e-08	3084497907	
8.065351e+05	1	545239233	3.907400e-07	2125112500	
8.263617e+05	3	3150846686	4.557493e-07	3114612365	3375523036	1.872066e-08	
8.286335e+05	1	3414514926	2.824515e-08	1104410542	
8.331460e+05	3	3747246174	1.400000e-08	925199572	772925454	1.743250e-08	2215785330	1.743250e-08	3491092596	1.743250e-08	57770090	1.743250e-08	
8.480653e+05	0	4226750145	2.791000e-08	2911053862	
8.486665e+05	3	2693713428	1.400000e-08	3084497907	3071577057	1.914528e-08	1452489764	1.914528e-08	
8.538917e+05	1	3150846686	4.697493e-07	1502094437	
8.584253e+05	0	2932274237	2.791000e-08	740082705	
8.597694e+05	0	482917538	2.791000e-08	3147695692	
8.611703e+05	0	57770090	1.743250e-08	772925454	
8.651912e+05	0	438292632	2.091000e-08	3116505811	
8.835785e+05	1	2799798816	1.032670e-06	2620740164	
8.866111e+05	0	611212867	1.412257e-08	2707128518	
8.936813e+05	1	3749853089	1.290725e-07	772925454	
8.965123e+05	1	1068020906	9.546070e-04	266059373	
9.077220e+05	0	545239233	3.907400e-07	1239307652	
9.116624e+05	0	3800234335	2.791000e-08	2215785330	
9.150243e+05	0	259930472	2.791000e-08	551137729	
9.232862e+05	0	545239233	3.907400e-07	1493201942	
9.272714e+05	3	1790255658	1.400000e-08	343742982	4260098875	2.091000e-08	3696843781	2.091000e-08	
9.344019e+05	1	3373526895	1.311680e-06	1078741991	
9.382219e+05	0	3616865126	2.791000e-08	2312786130	
9.468693e+05	3	1493201942	2.362917e-08	3147695692	2138100036	2.315333e-08	
9.529965e+05	1	3373526895	1.334833e-06	2138100036	
9.643977e+05	0	3150846686	4.697493e-07	1804212609	
9.694924e+05	0	561528368	2.791000e-08	474866315	
9.814253e+05	1	1075699702	4.744700e-07	1415695418	
9.831783e+05	3	873214132	1.400000e-08	688805295	1726701215	2.091000e-08	1412415798	2.091000e-08	
9.872892e+05	1	1572835533	3.834337e-07	3428193420	
1.010762e+06	0	1037584679	2.791000e-08	3869596591	
1.023905e+06	0	3179285865	3.834593e-08	2263814062	
1.037042e+06	0	3775452048	2.791000e-08	2909632847	
1.051239e+06	0	384163328	2.791000e-08	561528368	
1.057222e+06	3	3737780296	1.380880e-06	426576124	375852842	1.461961e-08	
1.060704e+06	1	3749853089	1.465050e-07	2215785330	
1.066265e+06	1	1068020906	9.546349e-04	4028593304	
1.067498e+06	1	373638573	1.000000e+00	1227575429	
1.069056e+06	1	1222799196	4.752000e-07	551137729	
1.079180e+06	0	438292632	2.091000e-08	3375523036	
1.080660e+06	3	4226750145	1.400000e-08	474866315	3593732192	1.401629e-08	3888264012	1.401629e-08	
1.085135e+06	1	1572835533	4.113437e-07	2870037616	
1.085926e+06	0	40245973	2.791000e-08	257754683	
1.090653e+06	1	1068020906	9.546628e-04	728028737	
1.093984e+06	1	3150846686	4.976593e-07	1379399837	
1.099687e+06	3	1639799867	1.424515e-08	2795063678	313359544	1.400000e-08	
1.100699e+06	0	384163328	2.791000e-08	3537925318	
1.102719e+06	0	482917538	2.791000e-08	3888264012	
1.103484e+06	0	3373526895	1.334833e-06	2211003714	
1.104089e+06	1	40245973	5.153917e-08	1493201942	
1.108972e+06	0	561528368	2.791000e-08	2693713428	
1.116928e+06	0	3737780296	1.380880e-06	443746396	
1.139707e+06	0	3150846686	4.976593e-07	2263814062	
1.142120e+06	0	1222799196	4.752000e-07	1412415798	
1.159490e+06	1	1075699702	4.953800e-07	3696843781	
1.163450e+06	1	1465560917	4.744700e-07	790319072	
1.169821e+06	3	3800234335	1.400000e-08	1035956119	217284033	1.741000e-08	2151269300	1.741000e-08	
1.169993e+06	1	3534547045	6.861133e-07	1494141940	
1.176471e+06	0	3373526895	1.334833e-06	1239307652	
1.178657e+06	0	2151269300	1.741000e-08	3800234335	
1.196288e+06	3	1593850299	1.400000e-08	1037584679	3913511150	2.091000e-08	2962530363	2.091000e-08	
1.208581e+06	0	57770090	1.743250e-08	2151269300	
1.244867e+06	0	545239233	3.907400e-07	2718413753	
1.261447e+06	3	3913511150	2.091000e-08	3687573659	2063946235	1.400000e-08	
1.261701e+06	1	545239233	4.186500e-07	314650893	
1.281883e+06	0	257754683	2.791000e-08	1593850299	
1.285851e+06	0	3393811039	1.412257e-08	1026028388	
1.288653e+06	3	3150846686	8.706168e-07	545239233	1172086036	1.523083e-08	690117576	1.523083e-08	3288380490	1.523083e-08	
1.295459e+06	1	3534547045	7.035233e-07	217284033	
1.303891e+06	1	3150846686	8.985268e-07	290926289	
1.304829e+06	3	438292632	2.214083e-08	1172086036	845665321	1.400000e-08	
1.305005e+06	0	3150846686	8.985268e-07	3913511150	
1.311498e+06	1	2799798816	1.060580e-06	739080713	
1.317951e+06	0	3150846686	8.985268e-07	690117576	
1.363145e+06	0	2246051850	4.327726e-07	242414939	
1.365173e+06	0	1465560917	4.744700e-07	1842102965	
1.366573e+06	3	3749853089	1.252729e-07	2151269300	3122982648	1.932107e-08	1471982444	1.932107e-08	
1.375462e+06	1	1465560917	4.885926e-07	1026028388	
1.390582e+06	3	57770090	1.743250e-08	3747246174	3303338876	1.400000e-08	
1.407756e+06	3	1452489764	1.926785e-08	3393811039	2875471576	1.400000e-08	
1.412631e+06	0	315200650	2.791000e-08	384163328	
1.425729e+06	3	1471982444	2.330539e-08	3122982648	1738909006	1.533675e-08	
1.425941e+06	1	1471982444	3.864214e-08	1738909006	
1.433195e+06	1	3150846686	9.160563e-07	188552836	
1.467853e+06	0	3534547045	7.035233e-07	3800234335	
1.476688e+06	3	1123501568	1.400000e-08	2999719241	356405251	1.401629e-08	2879167783	1.401629e-08	
1.496649e+06	0	179097684	3.349200e-07	57770090	
1.500665e+06	3	2962530363	2.251305e-08	3116505811	3083352544	1.647194e-08	
1.529679e+06	3	4259593397	3.349200e-07	3179285865	4198169764	1.400000e-08	821115011	2.434593e-08	
1.539457e+06	3	2799798816	1.060580e-06	1075699702	2118016430	5.509855e-08	1945735688	1.420263e-08	4093093422	1.420263e-08	2842015324	1.420263e-08	1249238030	1.420263e-08	3214077756	1.420263e-08	879162223	1.420263e-08	3884425642	1.420263e-08	1149406307	1.420263e-08	3528332227	1.420263e-08	4004407106	1.420263e-08	451270221	1.420263e-08	3149440925	1.420263e-08	2250775120	1.420263e-08	1130108289	1.420263e-08	2177968201	1.420263e-08	2914302410	1.420263e-08	3655816389	1.420263e-08	3485819286	1.420263e-08	1382686479	1.420263e-08	1803925302	1.420263e-08	3293059020	1.420263e-08	378125977	1.420263e-08	2159618959	1.420263e-08	2441325815	1.420263e-08	3401497744	1.420263e-08	4069401935	1.420263e-08	134948105	1.420263e-08	1998372786	1.420263e-08	2455922112	1.420263e-08	3059103076	1.420263e-08	432337108	1.420263e-08	
1.539457e+06	1	2118016430	6.930118e-08	432337108	
1.539457e+06	1	2118016430	8.350380e-08	1945735688	
1.540322e+06	0	1998372786	1.420263e-08	4069401935	
1.543314e+06	0	2799798816	1.060580e-06	838860310	
1.566318e+06	1	1068020906	9.546907e-04	3037779432	
1.573187e+06	1	3534547045	7.314333e-07	2718413753	
1.580972e+06	1	2799798816	1.074783e-06	4093093422	
1.599858e+06	1	373638573	1.000000e+00	1878784256	
1.605120e+06	0	3012070026	2.791000e-08	1239791232	
1.616517e+06	1	3528332227	2.820263e-08	4198169764	
1.632750e+06	3	611212867	1.424515e-08	2909632847	1902671923	1.400000e-08	
1.635046e+06	1	611212867	2.824515e-08	1902671923	
1.635551e+06	0	1412415798	2.091000e-08	937177227	
1.639992e+06	0	3150846686	9.160563e-07	1019134040	
1.648172e+06	0	179097684	3.349200e-07	3020817656	
1.654489e+06	0	179097684	3.349200e-07	3020817656	
1.666024e+06	0	3775452048	2.791000e-08	3293059020	
1.679591e+06	0	179097684	3.349200e-07	3020817656	
1.683858e+06	0	257754683	2.791000e-08	2879167783	
1.685127e+06	0	740082705	1.412257e-08	3888264012	
1.686334e+06	1	373638573	1.000000e+00	4046076794	
1.691847e+06	3	3616865126	1.400000e-08	3288380490	4209590891	1.457041e-08	77395223	1.457041e-08	
1.694991e+06	0	3749853089	1.252729e-07	57770090	
1.697646e+06	0	3373526895	1.334833e-06	287801793	
1.705113e+06	0	4209590891	1.457041e-08	3642829293	
1.709088e+06	3	179097684	4.069560e-07	3749853089	3592986772	1.774561e-08	1246511018	1.774561e-08	3986570268	1.774561e-08	
1.709313e+06	1	179097684	4.247016e-07	3986570268	
1.716232e+06	1	179097684	4.424472e-07	1246511018	
1.723697e+06	3	717226258	1.400000e-08	1412415798	174500547	1.741000e-08	4083845756	1.741000e-08	
1.729203e+06	1	179097684	4.601929e-07	3592986772	
1.730607e+06	1	3534547045	7.477067e-07	3187199216	
1.733111e+06	1	373638573	1.000000e+00	921425487	
1.753032e+06	0	3534547045	7.477067e-07	3303338876	
1.762631e+06	0	2799798816	1.074783e-06	3382444416	
1.773467e+06	0	4260098875	2.091000e-08	873214132	
1.831031e+06	1	1222799196	4.894026e-07	2177968201	
1.840662e+06	1	3150846686	9.306759e-07	375852842	
1.848380e+06	3	3401497744	1.432520e-08	937177227	110358663	1.400000e-08	
1.852975e+06	1	3534547045	7.756167e-07	3121047530	
1.859035e+06	1	4259593397	3.490426e-07	1931993247	
1.860033e+06	0	2246051850	4.327726e-07	77395223	
1.864915e+06	0	3373526895	1.334833e-06	3838279446	
1.884280e+06	3	869234806	5.582000e-08	40245973	1370908750	1.400000e-08	1837234470	1.876959e-08	2945849429	1.876959e-08	
1.919583e+06	0	57770090	1.743250e-08	3303338876	
1.922478e+06	3	2298477853	1.400000e-08	1842102965	66296937	1.741000e-08	976558236	1.741000e-08	
1.944478e+06	3	3293059020	1.432520e-08	2173231515	2438291630	1.400000e-08	
1.946140e+06	1	3293059020	2.832520e-08	2438291630	
1.977070e+06	3	1471982444	1.479195e-08	3303338876	906368509	1.892509e-08	3783228500	1.892509e-08	
1.977598e+06	1	3373526895	1.348833e-06	2693713428	
1.979408e+06	0	906368509	1.892509e-08	1471982444	
1.987737e+06	1	906368509	3.371705e-08	1471982444	
1.997102e+06	1	2246051850	4.519179e-07	3071577057	
2.005799e+06	0	906368509	3.371705e-08	3491092596	
2.010914e+06	0	3357643131	2.791000e-08	1370908750	
2.017117e+06	1	373638573	1.000000e+00	2159618959	
2.024287e+06	0	4259593397	3.490426e-07	1541946641	
2.035390e+06	0	3150846686	9.306759e-07	659524895	
2.075026e+06	0	2962530363	2.251305e-08	3375523036	
2.076295e+06	0	438292632	2.214083e-08	110358663	
2.079334e+06	3	2919643181	1.400000e-08	287801793	2858952728	2.091000e-08	395113485	2.091000e-08	
2.097197e+06	0	906368509	3.371705e-08	3491092596	
2.111889e+06	3	3293059020	2.451633e-08	2328232000	4019363830	1.793145e-08	
2.124187e+06	3	4004407106	1.420263e-08	4226750145	3016084464	1.400000e-08	
2.166836e+06	3	259930472	2.151745e-08	356405251	921818415	2.040884e-08	
2.182927e+06	1	3150846686	9.551922e-07	3293059020	
2.189621e+06	0	690117576	1.523083e-08	2919643181	
2.189694e+06	3	4083845756	1.741000e-08	3616865126	2892683898	1.400000e-08	
2.192680e+06	3	482917538	2.792629e-08	2879167783	3697249003	1.400000e-08	
2.193159e+06	1	3534547045	8.314367e-07	2406269022	
2.198527e+06	3	57770090	1.775770e-08	3401497744	3983774618	1.400000e-08	
2.198557e+06	1	1572835533	4.253437e-07	313359544	
2.202831e+06	0	2892683898	1.400000e-08	717226258	
2.227402e+06	0	77395223	1.457041e-08	451270221	
2.229861e+06	1	179097684	4.939099e-07	906368509	
2.245034e+06	1	3150846686	9.831022e-07	2937387076	
2.250463e+06	0	4259593397	3.490426e-07	1452489764	
2.389750e+06	1	3373526895	1.362833e-06	2919643181	
2.390162e+06	1	373638573	1.000000e+00	1803925302	
2.423365e+06	1	2246051850	4.728279e-07	395113485	
2.434057e+06	0	2246051850	4.728279e-07	3485819286	
2.441875e+06	3	3697249003	1.400000e-08	2875471576	4187488967	1.400000e-08	
2.453767e+06	3	1804212609	2.103257e-08	2312786130	898751805	1.400000e-08	
2.472669e+06	1	1572835533	4.395463e-07	1998372786	
2.489722e+06	1	1222799196	5.103126e-07	4260098875	
2.491680e+06	1	3373526895	1.382101e-06	1452489764	
2.505967e+06	1	373638573	1.000000e+00	2118016430	
2.526942e+06	1	373638573	1.000000e+00	4188445920	
2.531705e+06	3	4259593397	3.117839e-07	57770090	3632514288	1.833879e-08	410848061	1.833879e-08	2791633391	1.833879e-08	
2.541497e+06	1	373638573	1.000000e+00	1382686479	
2.542579e+06	3	3373526895	1.382101e-06	2246051850	630280293	1.706282e-08	4212779140	1.424266e-08	3459374364	1.424266e-08	2125331604	1.424266e-08	3113062634	1.424266e-08	847040419	1.424266e-08	4240624600	1.424266e-08	1565786989	1.424266e-08	2286860921	1.424266e-08	3707879645	1.424266e-08	2746930994	1.424266e-08	4075596975	1.424266e-08	4283280385	1.424266e-08	538453177	1.424266e-08	3121292019	1.424266e-08	3349724438	1.424266e-08	4253718737	1.424266e-08	3297362622	1.424266e-08	1751902433	1.424266e-08	2878871175	1.424266e-08	3083717413	1.424266e-08	220564665	1.424266e-08	3653734512	1.424266e-08	3815024321	1.424266e-08	1428265047	1.424266e-08	3604532305	1.424266e-08	1869365069	1.424266e-08	965372172	1.424266e-08	607396504	1.424266e-08	2533881277	1.424266e-08	472358284	1.424266e-08	1950077488	1.424266e-08	1820499179	1.424266e-08	
2.542604e+06	0	3373526895	1.382101e-06	607396504	
2.543933e+06	1	3373526895	1.396344e-06	4253718737	
2.545458e+06	0	3373526895	1.396344e-06	3707879645	
2.545482e+06	1	3373526895	1.410587e-06	4240624600	
2.546150e+06	1	3373526895	1.427649e-06	630280293	
2.546380e+06	0	3373526895	1.427649e-06	538453177	
2.549526e+06	1	1869365069	2.848531e-08	3121292019	
2.553047e+06	1	3373526895	1.441892e-06	538453177	
2.558571e+06	1	3373526895	1.456135e-06	3349724438	
2.564334e+06	0	3491092596	1.743250e-08	1149406307	
2.567584e+06	0	3373526895	1.456135e-06	472358284	
2.567704e+06	1	3373526895	1.470377e-06	847040419	
2.568174e+06	0	3373526895	1.470377e-06	3113062634	
2.568417e+06	3	869234806	2.145823e-08	898751805	4055959668	1.612059e-08	528880979	1.612059e-08	3778036871	1.612059e-08	
2.568455e+06	1	3373526895	1.484620e-06	1820499179	
2.570739e+06	1	3373526895	1.498863e-06	1428265047	
2.571291e+06	1	3373526895	1.513105e-06	2746930994	
2.576552e+06	0	3414514926	2.824515e-08	2707128518	
2.579331e+06	0	3373526895	1.513105e-06	3113062634	
2.589945e+06	0	179097684	4.939099e-07	3020817656	
2.590902e+06	1	3373526895	1.527348e-06	4283280385	
2.597156e+06	1	3373526895	1.541591e-06	965372172	
2.611315e+06	1	3778036871	3.224118e-08	528880979	
2.611539e+06	0	3373526895	1.541591e-06	1565786989	
2.613957e+06	1	3373526895	1.555833e-06	2125331604	
2.628667e+06	0	2441325815	1.420263e-08	1593850299	
2.630060e+06	3	1541946641	2.595313e-08	3113062634	1405660995	1.619952e-08	
2.633167e+06	1	3737780296	1.399219e-06	2791633391	
2.639689e+06	0	179097684	4.939099e-07	1405660995	
2.641581e+06	1	179097684	5.081526e-07	2533881277	
2.648635e+06	1	3373526895	1.570076e-06	3459374364	
2.657251e+06	1	3150846686	1.009055e-06	1541946641	
2.658868e+06	1	373638573	1.000000e+00	2441325815	
2.660719e+06	1	3373526895	1.584319e-06	2286860921	
2.664529e+06	0	2799798816	1.074783e-06	3490627259	
2.687906e+06	0	4075596975	1.424266e-08	1123501568	
2.689104e+06	1	3373526895	1.598561e-06	3653734512	
2.702209e+06	1	1465560917	5.028352e-07	3604532305	
2.704507e+06	3	3083717413	1.444528e-08	3655816389	3662110242	1.400000e-08	
2.707418e+06	0	220564665	1.424266e-08	3697249003	
2.713260e+06	0	3373526895	1.598561e-06	410848061	
2.727438e+06	3	3059103076	1.440525e-08	4004407106	2247026945	1.400000e-08	
2.741875e+06	3	257754683	1.400000e-08	3632514288	4032129539	1.612440e-08	4035587434	1.612440e-08	
2.758702e+06	1	3373526895	1.612804e-06	607396504	
2.761030e+06	1	3150846686	1.030088e-06	1804212609	
2.766048e+06	0	4035587434	1.612440e-08	257754683	
2.766617e+06	3	3778036871	1.400000e-08	4209590891	3111692719	1.640580e-08	1398579088	1.640580e-08	
2.768493e+06	0	1516068388	2.791000e-08	869234806	
2.778295e+06	1	3373526895	1.627047e-06	3815024321	
2.779621e+06	3	4019363830	1.694235e-08	1950077488	2501379955	1.523175e-08	
2.792021e+06	3	1869365069	1.400000e-08	472358284	3332562587	1.436399e-08	3562383954	1.436399e-08	
2.813053e+06	1	3150846686	1.044088e-06	4187488967	
2.815078e+06	0	3534547045	8.314367e-07	1239307652	
2.833909e+06	1	3150846686	1.066229e-06	438292632	
2.847492e+06	1	3150846686	1.087139e-06	2858952728	
2.849484e+06	1	373638573	1.000000e+00	858320168	
2.856290e+06	1	3150846686	1.101381e-06	3297362622	
2.858561e+06	1	1465560917	5.168352e-07	3662110242	
2.858836e+06	3	3491092596	1.767516e-08	220564665	2521380987	1.400000e-08	
2.877294e+06	1	3373526895	1.641047e-06	717226258	
2.878652e+06	0	3373526895	1.641047e-06	3888264012	
2.884414e+06	0	179097684	5.081526e-07	3332562587	
2.886377e+06	0	3373526895	1.641047e-06	2501379955	
2.888176e+06	1	373638573	1.000000e+00	3214077756	
2.894348e+06	1	2799798816	1.088783e-06	1370908750	
2.914912e+06	1	373638573	1.000000e+00	410848061	
2.922360e+06	1	3534547045	8.475611e-07	4035587434	
2.926692e+06	3	3775452048	1.400000e-08	740082705	4119421155	1.401629e-08	1913762779	1.401629e-08	
2.929958e+06	3	2932274237	2.202459e-08	77395223	3678948817	2.045582e-08	
2.934265e+06	1	3373526895	1.655047e-06	257754683	
2.950598e+06	0	1465560917	5.168352e-07	4032129539	
2.953242e+06	0	2945849429	1.876959e-08	1123501568	
2.954289e+06	1	373638573	1.000000e+00	1149406307	
2.960274e+06	3	3020817656	1.400000e-08	3783228500	2489195127	1.641755e-08	3929228125	1.641755e-08	
2.993526e+06	3	3150846686	1.101381e-06	1572835533	3160344427	1.400000e-08	3182159117	1.418488e-08	766581564	1.418488e-08	3702894340	1.418488e-08	3532745758	1.418488e-08	1072840122	1.418488e-08	3294683754	1.418488e-08	1676003954	1.418488e-08	4285585893	1.418488e-08	2674988631	1.418488e-08	406745133	1.418488e-08	2883513480	1.418488e-08	783121895	1.418488e-08	2683944377	1.418488e-08	2961226102	1.418488e-08	301219709	1.418488e-08	1743198400	1.418488e-08	3059144981	1.418488e-08	3952655669	1.418488e-08	2848685905	1.418488e-08	1826422368	1.418488e-08	896813269	1.418488e-08	37051273	1.418488e-08	1867247157	1.418488e-08	3633199892	1.418488e-08	1736323711	1.418488e-08	283080478	1.418488e-08	785216844	1.418488e-08	3006103420	1.418488e-08	2898323513	1.418488e-08	1199222225	1.418488e-08	
2.993528e+06	1	37051273	2.836975e-08	896813269	
2.993632e+06	0	3150846686	1.101381e-06	3182159117	
2.994143e+06	1	3929228125	3.041755e-08	3020817656	
2.994566e+06	0	3150846686	1.101381e-06	1867247157	
2.994651e+06	0	3150846686	1.101381e-06	1743198400	
2.994966e+06	0	2263814062	2.791000e-08	110358663	
3.002547e+06	3	1019134040	1.400000e-08	3702894340	3755198008	1.404744e-08	2795041644	1.404744e-08	
3.006875e+06	3	1676003954	1.418488e-08	3697249003	3492274228	1.400000e-08	
3.007041e+06	0	3373526895	1.655047e-06	3562383954	
3.022515e+06	0	3633199892	1.418488e-08	783121895	
3.025027e+06	0	66296937	1.741000e-08	2961226102	
3.028158e+06	1	3373526895	1.669289e-06	1751902433	
3.034554e+06	3	1869365069	1.400000e-08	2298477853	1420914473	1.400000e-08	
3.036391e+06	3	2962530363	2.269793e-08	3294683754	439844059	1.400000e-08	
3.040840e+06	1	3373526895	1.683474e-06	1826422368	
3.044256e+06	3	1398579088	1.640580e-08	1790255658	3802520055	1.400000e-08	
3.046257e+06	0	3373526895	1.683474e-06	406745133	
3.049328e+06	1	1222799196	5.244975e-07	3059144981	
3.052537e+06	3	2883513480	1.420116e-08	3888264012	3012889883	1.400000e-08	
3.059602e+06	3	333964007	1.400000e-08	301219709	3363823620	1.404744e-08	1086559163	1.404744e-08	
3.062473e+06	3	4019363830	1.718501e-08	3707879645	3063534263	1.400000e-08	
3.063715e+06	3	4285585893	1.418488e-08	333964007	2013640095	1.400000e-08	
3.064555e+06	3	1072840122	1.418488e-08	3775452048	1461359102	1.400000e-08	
3.067575e+06	0	1398579088	1.640580e-08	3755198008	
3.070374e+06	1	3373526895	1.697659e-06	1867247157	
3.087160e+06	3	3373526895	1.697659e-06	3929228125	2027098952	1.400000e-08	4167430602	1.641755e-08	
3.093958e+06	3	1199222225	1.418488e-08	3800234335	4096225443	1.400000e-08	
3.097588e+06	0	1199222225	1.418488e-08	4096225443	
3.102957e+06	3	378125977	1.425007e-08	1086559163	781549661	1.400000e-08	
3.103791e+06	3	2674988631	1.430745e-08	1494850122	907719639	1.400000e-08	
3.104555e+06	1	3373526895	1.711844e-06	4285585893	
3.108219e+06	0	302486611	2.091000e-08	3012889883	
3.110653e+06	1	3150846686	1.115398e-06	4119421155	
3.127138e+06	3	482917538	1.400000e-08	406745133	1906851972	1.405558e-08	2597880038	1.405558e-08	
3.130968e+06	3	3083352544	1.874527e-08	1239307652	1896745001	1.400000e-08	
3.138375e+06	1	3373526895	1.726086e-06	1565786989	
3.143938e+06	1	1906851972	2.805558e-08	482917538	
3.145385e+06	3	4167430602	1.590768e-08	2211003714	2378434411	1.450986e-08	
3.146538e+06	0	2962530363	2.269793e-08	2683944377	
3.158290e+06	0	37051273	2.836975e-08	2707128518	
3.164126e+06	0	3475245566	2.791000e-08	953296898	
3.167040e+06	1	3150846686	1.137422e-06	2932274237	
3.173784e+06	3	3732071459	1.400000e-08	4075596975	1837088337	1.407633e-08	1543523724	1.407633e-08	
3.173956e+06	0	3534547045	8.475611e-07	2521380987	
3.199883e+06	0	2898323513	1.418488e-08	2597880038	
3.209522e+06	0	921818415	2.040884e-08	3884425642	
3.226459e+06	1	3150846686	1.151545e-06	3642829293	
3.230931e+06	3	2263814062	2.229041e-08	1199222225	1761715697	1.980447e-08	
3.231955e+06	1	3373526895	1.753996e-06	3891448235	
3.235352e+06	1	3534547045	8.615611e-07	2521380987	
3.260599e+06	3	1072840122	1.423232e-08	2795041644	3099973400	1.400000e-08	
3.262605e+06	1	3373526895	1.769904e-06	4167430602	
3.265818e+06	3	3491092596	1.786003e-08	2683944377	2789348510	1.400000e-08	
3.276236e+06	0	37051273	2.836975e-08	1896745001	
3.276746e+06	3	3373526895	1.769904e-06	1906851972	1371202285	1.400000e-08	629078091	1.405558e-08	
3.277610e+06	1	3373526895	1.783960e-06	629078091	
3.287487e+06	1	3534547045	8.755611e-07	2027098952	
3.292258e+06	1	3150846686	1.165730e-06	783121895	
3.297293e+06	3	179097684	4.773273e-07	1405660995	754560055	1.567493e-08	1737134642	1.567493e-08	37613351	1.567493e-08	
3.299493e+06	1	179097684	4.930022e-07	37613351	
3.301893e+06	0	3952655669	1.418488e-08	3099973400	
3.307486e+06	0	3373526895	1.783960e-06	1503861029	
3.307643e+06	3	3357643131	2.791000e-08	1593850299	3434666020	1.400000e-08	
3.321264e+06	3	4019363830	1.718501e-08	3983774618	2369258877	1.400000e-08	
3.328715e+06	3	2878871175	1.424266e-08	3434666020	3563522875	1.400000e-08	
3.331254e+06	3	2799798816	1.134452e-06	1465560917	249728555	1.427777e-08	4285226245	1.427777e-08	2707460946	1.427777e-08	2606325002	1.427777e-08	1541925803	1.427777e-08	2024675612	1.427777e-08	1292023300	1.427777e-08	3302973195	1.427777e-08	875106938	1.427777e-08	3314075649	1.427777e-08	2589646060	1.427777e-08	3433591204	1.427777e-08	1848242772	1.427777e-08	250719570	1.427777e-08	2681498831	1.427777e-08	481808867	1.427777e-08	2066612683	1.427777e-08	3458484829	1.427777e-08	2719204682	1.427777e-08	4256642775	1.427777e-08	2449448537	1.427777e-08	463844675	1.427777e-08	3167902617	1.427777e-08	579073438	1.427777e-08	3468130899	1.427777e-08	393090083	1.427777e-08	2343849308	1.427777e-08	1055469694	1.427777e-08	627452446	1.427777e-08	2014426858	1.427777e-08	2716949832	1.427777e-08	552634658	1.427777e-08	3736523900	1.427777e-08	
3.331513e+06	1	2799798816	1.148729e-06	3433591204	
3.332168e+06	0	2480932170	2.791000e-08	3375523036	
3.334106e+06	3	2263814062	2.269566e-08	3059103076	2213923665	1.400000e-08	
3.334737e+06	3	2263814062	2.320553e-08	2378434411	1503202005	1.400000e-08	
3.335286e+06	1	3373526895	1.800084e-06	4032129539	
3.339102e+06	1	3373526895	1.818854e-06	1837234470	
3.342439e+06	1	2799798816	1.162914e-06	3182159117	
3.358974e+06	3	283080478	1.418488e-08	3563522875	3202152185	1.400000e-08	
3.359886e+06	3	561528368	1.400000e-08	4212779140	2622395779	1.407633e-08	3607413901	1.407633e-08	
3.360466e+06	1	2799798816	1.177192e-06	2066612683	
3.361352e+06	0	3468130899	1.427777e-08	781549661	
3.363252e+06	1	179097684	5.086772e-07	754560055	
3.365256e+06	1	2799798816	1.191470e-06	481808867	
3.368157e+06	1	2799798816	1.205747e-06	2681498831	
3.380615e+06	0	283080478	1.418488e-08	3160344427	
3.382134e+06	0	3475245566	2.791000e-08	2956861855	
3.385880e+06	0	2622395779	1.407633e-08	561528368	
3.399734e+06	0	463844675	1.427777e-08	2892683898	
3.404668e+06	0	2024675612	1.427777e-08	249728555	
3.413246e+06	1	2799798816	1.226657e-06	1726701215	
3.415416e+06	3	3357643131	2.791000e-08	2369258877	649593533	1.400000e-08	
3.417471e+06	1	3373526895	1.847099e-06	611212867	
3.427794e+06	1	1222799196	5.385738e-07	3607413901	
3.431578e+06	1	2799798816	1.240935e-06	2589646060	
3.431754e+06	1	3373526895	1.865971e-06	2001290253	
3.438508e+06	0	302486611	2.091000e-08	1743198400	
3.441532e+06	3	869234806	2.150567e-08	3755198008	66987975	1.400000e-08	
3.450566e+06	0	3241671100	2.791000e-08	3099973400	
3.476092e+06	0	3373526895	1.865971e-06	766581564	
3.480726e+06	0	2263814062	2.320553e-08	845665321	
3.489838e+06	3	3314075649	1.446264e-08	2848685905	483021244	1.400000e-08	
3.493295e+06	0	2408568032	2.791000e-08	283080478	
3.502430e+06	3	3534547045	8.755611e-07	179097684	3707800333	1.400000e-08	3528190190	1.413363e-08	2185291493	1.413363e-08	550176535	1.413363e-08	1674415855	1.413363e-08	4287239676	1.413363e-08	3884987045	1.413363e-08	1960974751	1.413363e-08	309459595	1.413363e-08	2348040613	1.413363e-08	3180086772	1.413363e-08	3833074883	1.413363e-08	1462644303	1.413363e-08	4088625113	1.413363e-08	1237914369	1.413363e-08	2733144751	1.413363e-08	1649557018	1.413363e-08	1831065885	1.413363e-08	79461789	1.413363e-08	1621314342	1.413363e-08	2016090987	1.413363e-08	1553963666	1.413363e-08	1002680420	1.413363e-08	734120091	1.413363e-08	2475979558	1.413363e-08	2649056468	1.413363e-08	3381587904	1.413363e-08	175860597	1.413363e-08	1089013536	1.413363e-08	552498239	1.413363e-08	481049431	1.413363e-08	2950407739	1.413363e-08	72955594	1.413363e-08	1771264541	1.413363e-08	2353028958	1.413363e-08	2980075456	1.413363e-08	
3.502550e+06	1	3534547045	8.896947e-07	1771264541	
3.502602e+06	1	2980075456	2.826727e-08	2185291493	
3.502717e+06	1	3534547045	9.038283e-07	1649557018	
3.502763e+06	1	3534547045	9.179620e-07	1553963666	
3.502904e+06	0	3534547045	9.179620e-07	2353028958	
3.503023e+06	1	3534547045	9.320956e-07	2353028958	
3.503177e+06	1	2016090987	2.826727e-08	1960974751	
3.503295e+06	1	3534547045	9.462292e-07	4287239676	
3.503676e+06	1	3534547045	9.603629e-07	72955594	
3.503843e+06	1	3534547045	9.744965e-07	550176535	
3.503886e+06	0	481049431	1.413363e-08	3884987045	
3.505087e+06	1	3534547045	9.886301e-07	2475979558	
3.506090e+06	1	3534547045	1.016897e-06	2016090987	
3.506124e+06	1	3534547045	1.031031e-06	1002680420	
3.506906e+06	1	3534547045	1.045165e-06	79461789	
3.507339e+06	0	1621314342	1.413363e-08	4088625113	
3.507985e+06	0	3534547045	1.045165e-06	2733144751	
3.509030e+06	1	3534547045	1.059298e-06	3833074883	
3.509171e+06	0	1462644303	1.413363e-08	3180086772	
3.509202e+06	1	734120091	2.826727e-08	3884987045	
3.509462e+06	1	175860597	2.826727e-08	1237914369	
3.509654e+06	1	3534547045	1.073432e-06	2348040613	
3.509674e+06	3	2956861855	1.400000e-08	2898323513	3449694611	1.404744e-08	1194638860	1.404744e-08	
3.509693e+06	1	3534547045	1.087566e-06	2733144751	
3.510616e+06	3	2962530363	2.282050e-08	2707128518	114837353	1.400000e-08	
3.511349e+06	0	734120091	2.826727e-08	2649056468	
3.511370e+06	3	1737134642	1.580857e-08	4088625113	2341758500	1.400000e-08	
3.511374e+06	1	3534547045	1.101699e-06	1462644303	
3.511689e+06	1	3534547045	1.115833e-06	1831065885	
3.512012e+06	1	3534547045	1.129966e-06	481049431	
3.512529e+06	3	175860597	2.826727e-08	734120091	651046398	1.400000e-08	2780384598	1.426727e-08	
3.512603e+06	0	2780384598	1.426727e-08	651046398	
3.515896e+06	3	766581564	1.418488e-08	3063534263	1061526795	1.400000e-08	
3.515977e+06	3	2480932170	1.400000e-08	552634658	3342541004	1.409388e-08	1577969976	1.409388e-08	
3.517758e+06	1	3534547045	1.158234e-06	2980075456	
3.517768e+06	1	1737134642	2.980857e-08	2341758500	
3.518149e+06	3	1398579088	1.763663e-08	690117576	695939830	1.400000e-08	
3.518907e+06	0	2780384598	1.426727e-08	651046398	
3.520849e+06	1	3534547045	1.172367e-06	2950407739	
3.521409e+06	1	3373526895	1.879971e-06	3160344427	
3.523305e+06	3	1737134642	2.374559e-08	1621314342	229435916	2.019661e-08	
3.524038e+06	1	3534547045	1.186635e-06	2780384598	
3.525103e+06	1	3534547045	1.200768e-06	3381587904	
3.526161e+06	1	3534547045	1.214768e-06	1503202005	
3.526319e+06	1	3534547045	1.228902e-06	309459595	
3.529872e+06	1	3534547045	1.243036e-06	1674415855	
3.530694e+06	1	1737134642	4.394220e-08	229435916	
3.533293e+06	1	3373526895	1.894335e-06	3562383954	
3.534466e+06	3	3150846686	1.165730e-06	1222799196	1850435983	1.577398e-08	19131048	1.412973e-08	2426951832	1.412973e-08	3089865955	1.412973e-08	3526559023	1.412973e-08	73116178	1.412973e-08	2654473721	1.412973e-08	2564127097	1.412973e-08	3554620561	1.412973e-08	2789301560	1.412973e-08	3201932102	1.412973e-08	3527214469	1.412973e-08	224410298	1.412973e-08	3967778277	1.412973e-08	1759850032	1.412973e-08	2704180049	1.412973e-08	287394855	1.412973e-08	2670951229	1.412973e-08	2367820772	1.412973e-08	771359632	1.412973e-08	4186562710	1.412973e-08	3211480542	1.412973e-08	346987663	1.412973e-08	1922039940	1.412973e-08	2110688926	1.412973e-08	1314810707	1.412973e-08	2472898255	1.412973e-08	3459912306	1.412973e-08	1598213090	1.412973e-08	1495382923	1.412973e-08	722767024	1.412973e-08	515125813	1.412973e-08	1298902656	1.412973e-08	3532628785	1.412973e-08	826924968	1.412973e-08	3190311976	1.412973e-08	841878026	1.412973e-08	2747938267	1.412973e-08	
3.534490e+06	1	3534547045	1.271303e-06	175860597	
3.534812e+06	1	3150846686	1.179859e-06	1495382923	
3.535356e+06	1	3150846686	1.193989e-06	826924968	
3.535361e+06	1	3150846686	1.208119e-06	224410298	
3.540946e+06	0	3150846686	1.208119e-06	1850435983	
3.541126e+06	0	3967778277	1.412973e-08	1869365069	
3.543989e+06	3	1759850032	1.417716e-08	3449694611	3177521820	1.400000e-08	
3.545154e+06	0	4259593397	3.117839e-07	3177521820	
3.548163e+06	0	3150846686	1.208119e-06	3554620561	
3.559473e+06	1	3534547045	1.285436e-06	3528190190	
3.559638e+06	1	3373526895	1.908335e-06	2480932170	
3.560564e+06	1	4259593397	3.259865e-07	2842015324	
3.565394e+06	1	2799798816	1.255213e-06	463844675	
3.570559e+06	0	3534547045	1.285436e-06	2649056468	
3.575070e+06	3	1759850032	1.417716e-08	439844059	3363025910	1.400000e-08	
3.578015e+06	1	3150846686	1.222249e-06	2367820772	
3.578215e+06	3	1055469694	1.440749e-08	1922039940	1290268226	1.400000e-08	
3.578723e+06	1	3150846686	1.238023e-06	1850435983	
3.581824e+06	0	845665321	1.400000e-08	1019134040	
3.588269e+06	1	2799798816	1.269343e-06	2426951832	
3.590176e+06	1	2799798816	1.283472e-06	1314810707	
3.596997e+06	1	3534547045	1.299436e-06	3707800333	
3.600051e+06	1	3150846686	1.252152e-06	3527214469	
3.600528e+06	0	19131048	1.412973e-08	1420914473	
3.601743e+06	0	1737134642	4.394220e-08	3180086772	
3.603546e+06	0	2747938267	1.412973e-08	3459912306	
3.605206e+06	1	1068020906	9.547047e-04	3177521820	
3.608828e+06	1	3373526895	1.922465e-06	2110688926	
3.613556e+06	3	3475245566	2.198829e-08	1639799867	764400056	2.016686e-08	
3.618166e+06	3	1461359102	1.400000e-08	2892683898	1517815290	1.400000e-08	
3.621536e+06	3	869234806	2.163539e-08	4186562710	66064165	1.400000e-08	
3.622106e+06	0	3534547045	1.299436e-06	3180086772	
3.629121e+06	1	3150846686	1.266152e-06	1123501568	
3.636127e+06	3	3913511150	2.091000e-08	873214132	2766526296	1.400000e-08	
3.637097e+06	1	3373526895	1.944100e-06	869234806	
3.638392e+06	0	1598213090	1.412973e-08	1061526795	
3.639862e+06	0	384163328	2.791000e-08	1743198400	
3.642014e+06	0	1676003954	1.418488e-08	66064165	
3.648935e+06	3	2205180068	2.791000e-08	1371202285	2454553876	1.400000e-08	
3.650643e+06	0	3534547045	1.299436e-06	3180086772	
3.651236e+06	0	3534547045	1.299436e-06	651046398	
3.651507e+06	1	2799798816	1.297602e-06	2654473721	
3.660226e+06	3	1736323711	1.436975e-08	766581564	1923515514	1.400000e-08	
3.668986e+06	1	3534547045	1.313570e-06	3180086772	
3.680067e+06	1	3373526895	1.966921e-06	2962530363	
3.681987e+06	0	3314075649	1.446264e-08	2766526296	
3.687355e+06	1	2799798816	1.311602e-06	114837353	
3.700038e+06	0	3373526895	1.966921e-06	3314075649	
3.708132e+06	0	3534547045	1.313570e-06	1761715697	
3.716962e+06	0	3678948817	2.045582e-08	649593533	
3.720644e+06	0	1458432161	2.791000e-08	3678948817	
3.729097e+06	3	2719204682	1.448039e-08	2455922112	3339828518	1.400000e-08	
3.732501e+06	1	2799798816	1.325880e-06	2343849308	
3.744868e+06	3	3491092596	1.737536e-08	3332562587	105819081	1.484866e-08	
3.749635e+06	0	3083352544	1.874527e-08	2489195127	
3.750335e+06	0	2747938267	1.412973e-08	3967778277	
3.754262e+06	1	3373526895	1.981384e-06	3314075649	
3.755563e+06	1	2799798816	1.340158e-06	2606325002	
3.755681e+06	0	3554620561	1.412973e-08	66987975	
3.756046e+06	3	2501379955	1.540891e-08	1759850032	533433650	1.400000e-08	
3.758865e+06	0	3373526895	1.981384e-06	3732071459	
3.768594e+06	3	2716949832	1.427777e-08	2454553876	1601889739	1.400000e-08	
3.781013e+06	1	3150846686	1.280282e-06	3526559023	
3.782371e+06	1	2799798816	1.354287e-06	3532628785	
3.784409e+06	0	3475245566	2.198829e-08	3554620561	
3.787821e+06	0	2674988631	1.430745e-08	3099973400	
3.791478e+06	1	3373526895	1.995431e-06	1194638860	
3.793691e+06	0	2674988631	1.430745e-08	1072840122	
3.802202e+06	3	2799798816	1.354287e-06	4259593397	381652938	1.400000e-08	96665495	1.418121e-08	1342185090	1.418121e-08	149784911	1.418121e-08	85224627	1.418121e-08	1965662198	1.418121e-08	110439229	1.418121e-08	1449522982	1.418121e-08	3279439195	1.418121e-08	360107933	1.418121e-08	1657444763	1.418121e-08	58759274	1.418121e-08	2135013218	1.418121e-08	470332523	1.418121e-08	3217169414	1.418121e-08	3030801476	1.418121e-08	2208266878	1.418121e-08	3715668764	1.418121e-08	3418547556	1.418121e-08	355298688	1.418121e-08	4193709834	1.418121e-08	584993009	1.418121e-08	1499007652	1.418121e-08	
3.802278e+06	0	3534547045	1.313570e-06	2263814062	
3.804579e+06	3	384163328	2.791000e-08	1923515514	755060644	1.400000e-08	
3.807156e+06	1	2799798816	1.368469e-06	1499007652	
3.815225e+06	3	3099973400	1.400000e-08	1019134040	3270476896	1.400000e-08	
3.817428e+06	1	3373526895	2.009431e-06	3099973400	
3.820000e+06	0	2799798816	1.368469e-06	879162223	
3.826552e+06	0	2766526296	1.400000e-08	2013640095	
3.850378e+06	3	2472898255	1.425945e-08	3554620561	3934203265	1.400000e-08	
3.856182e+06	1	2799798816	1.382654e-06	785216844	
3.861485e+06	3	2799798816	1.382654e-06	3150846686	1292024166	3.744834e-07	1323984060	1.415310e-08	4197927596	1.415310e-08	1414892502	1.415310e-08	4201342597	1.415310e-08	2391696826	1.415310e-08	4138371369	1.415310e-08	3590332688	1.415310e-08	1745749016	1.415310e-08	2711965517	1.415310e-08	2933223072	1.415310e-08	1987038079	1.415310e-08	3797386594	1.415310e-08	1280619132	1.415310e-08	4105879141	1.415310e-08	3088551619	1.415310e-08	3443287411	1.415310e-08	3981989558	1.415310e-08	1165174376	1.415310e-08	3467386575	1.415310e-08	4263904522	1.415310e-08	4267941538	1.415310e-08	3372193553	1.415310e-08	3681452412	1.415310e-08	2604064924	1.415310e-08	3458662533	1.415310e-08	762210064	1.415310e-08	570164134	1.415310e-08	2418772576	1.415310e-08	2105330617	1.415310e-08	964813250	1.415310e-08	2039170765	1.415310e-08	4278040469	1.415310e-08	241690685	1.415310e-08	1703904600	1.415310e-08	3814978291	1.415310e-08	118566979	1.415310e-08	894269343	1.415310e-08	932943525	1.415310e-08	250347941	1.415310e-08	2292589682	1.415310e-08	3971437066	1.415310e-08	2810179169	1.415310e-08	1803012522	1.415310e-08	3940915008	1.415310e-08	3593659676	1.415310e-08	2744143284	1.415310e-08	2002691604	1.415310e-08	3223248356	1.415310e-08	101557930	1.415310e-08	678688578	1.415310e-08	2222966094	1.415310e-08	1301910447	1.415310e-08	2919535035	1.415310e-08	2855048822	1.415310e-08	682911345	1.415310e-08	238807518	1.415310e-08	1840937626	1.415310e-08	1734007597	1.415310e-08	4088691616	1.415310e-08	2087527840	1.415310e-08	2065940037	1.415310e-08	2751602400	1.415310e-08	552380491	1.415310e-08	253656606	1.415310e-08	
3.861485e+06	1	1292024166	3.886365e-07	1323984060	
3.861485e+06	1	1292024166	4.027896e-07	253656606	
3.861485e+06	1	1292024166	4.169427e-07	552380491	
3.861485e+06	1	1292024166	4.310958e-07	4197927596	
3.861485e+06	1	1292024166	4.452489e-07	1414892502	
3.861485e+06	1	1292024166	4.594020e-07	2751602400	
3.861485e+06	1	1292024166	4.735551e-07	4201342597	
3.861485e+06	1	1292024166	4.877082e-07	2065940037	
3.861485e+06	1	1292024166	5.018613e-07	2391696826	
3.861485e+06	1	1292024166	5.160144e-07	2087527840	
3.861546e+06	0	2799798816	1.382654e-06	2039170765	
3.862225e+06	1	3373526895	2.023561e-06	3459912306	
3.862560e+06	1	2002691604	2.830621e-08	3593659676	
3.863574e+06	1	1292024166	5.301675e-07	4088691616	
3.863891e+06	1	2799798816	1.396807e-06	3372193553	
3.872010e+06	1	2799798816	1.410960e-06	2292589682	
3.873415e+06	1	3534547045	1.327704e-06	552498239	
3.873776e+06	1	2799798816	1.425113e-06	1745749016	
3.877101e+06	0	2002691604	2.830621e-08	2418772576	
3.877585e+06	0	964813250	1.415310e-08	561528368	
3.878089e+06	3	3302973195	1.443087e-08	1734007597	1254429415	1.400000e-08	
3.884291e+06	1	2799798816	1.439294e-06	149784911	
3.884993e+06	3	2135013218	1.431093e-08	2564127097	481400394	1.400000e-08	
3.891529e+06	1	2799798816	1.453447e-06	1301910447	
3.892733e+06	0	3913511150	2.091000e-08	2855048822	
3.893153e+06	0	2472898255	1.425945e-08	241690685	
3.893810e+06	1	3373526895	2.044471e-06	3913511150	
3.894511e+06	0	3373526895	2.044471e-06	3270476896	
3.909651e+06	1	2799798816	1.467600e-06	1165174376	
3.915488e+06	1	2799798816	1.481753e-06	2418772576	
3.916675e+06	1	2799798816	1.495883e-06	841878026	
3.926501e+06	0	4019363830	1.718501e-08	561528368	
3.928432e+06	0	2799798816	1.495883e-06	470332523	
3.931394e+06	3	3241671100	1.400000e-08	2744143284	2584856907	1.403155e-08	3284371529	1.403155e-08	
3.932215e+06	1	3373526895	2.058624e-06	2105330617	
3.935014e+06	1	2799798816	1.510036e-06	3467386575	
3.940829e+06	0	3971437066	1.415310e-08	964813250	
3.943234e+06	3	3940915008	1.415310e-08	3202152185	871205577	1.400000e-08	
3.947594e+06	0	3363823620	1.404744e-08	2063946235	
3.949360e+06	1	2799798816	1.524189e-06	1987038079	
3.950375e+06	0	470332523	1.418121e-08	1280619132	
3.951197e+06	1	3373526895	2.072624e-06	3270476896	
3.953617e+06	1	3458662533	2.815310e-08	1254429415	
3.963922e+06	0	4278040469	1.415310e-08	2670951229	
3.964794e+06	0	2799798816	1.524189e-06	483021244	
3.965824e+06	1	2799798816	1.538342e-06	2919535035	
3.969016e+06	0	2014426858	1.427777e-08	73116178	
3.969606e+06	0	4069401935	1.420263e-08	755060644	
3.969658e+06	0	4019363830	1.718501e-08	2878871175	
3.977298e+06	1	3373526895	2.088033e-06	2501379955	
3.979770e+06	0	3468130899	1.427777e-08	3884425642	
3.985490e+06	0	3006103420	1.418488e-08	2670951229	
3.988543e+06	1	3373526895	2.102218e-06	1676003954	
3.994651e+06	0	964813250	1.415310e-08	3681452412	
3.995565e+06	1	3534547045	1.341837e-06	1089013536	
3.995602e+06	3	1342185090	1.431093e-08	722767024	2655011401	1.400000e-08	
4.002499e+06	3	249728555	1.440749e-08	3201932102	4156410056	1.400000e-08	
4.009981e+06	3	1803012522	1.430621e-08	2933223072	249938527	1.400000e-08	
4.011572e+06	1	3373526895	2.116525e-06	2674988631	
4.016081e+06	0	781549661	1.400000e-08	1869365069	
4.019091e+06	1	2799798816	1.552496e-06	3590332688	
4.020469e+06	0	2222966094	1.415310e-08	1290268226	
4.028722e+06	0	2222966094	1.415310e-08	3967778277	
4.029190e+06	3	1737134642	3.558173e-08	651046398	843598278	2.236046e-08	
4.037160e+06	1	3373526895	2.130525e-06	907719639	
4.038423e+06	0	627452446	1.427777e-08	875106938	
4.039447e+06	0	4285226245	1.427777e-08	110439229	
4.040917e+06	0	678688578	1.415310e-08	3339828518	
4.046650e+06	3	3736601249	2.373867e-08	4069401935	2197427154	1.837396e-08	
4.053405e+06	0	3814978291	1.415310e-08	3537925318	
4.054599e+06	0	3681452412	1.415310e-08	3797386594	
4.056669e+06	0	4019363830	1.718501e-08	879162223	
4.057212e+06	3	879162223	1.438750e-08	2961226102	3690557900	1.400000e-08	
4.058501e+06	1	3534547045	1.355837e-06	2213923665	
4.060278e+06	3	2655011401	1.400000e-08	2013640095	3824375258	1.400000e-08	
4.062358e+06	0	1342185090	1.431093e-08	2014426858	
4.080343e+06	1	2799798816	1.566802e-06	1803012522	
4.085775e+06	0	2799798816	1.566802e-06	2029773149	
4.088900e+06	3	515125813	1.412973e-08	3339828518	769315986	1.400000e-08	
4.090623e+06	3	3279439195	1.418121e-08	2655011401	1856937876	1.400000e-08	
4.098499e+06	1	2799798816	1.580878e-06	1837088337	
4.106896e+06	0	2799798816	1.580878e-06	3083717413	
4.106977e+06	0	921818415	2.040884e-08	346987663	
4.112340e+06	3	2408568032	2.792629e-08	1913762779	354497373	1.400000e-08	
4.117303e+06	1	1292024166	5.475775e-07	976558236	
4.119423e+06	3	2789301560	1.412973e-08	769315986	1230311851	1.400000e-08	
4.123370e+06	1	2799798816	1.595031e-06	3681452412	
4.126622e+06	1	2799798816	1.609031e-06	481400394	
4.138813e+06	1	3373526895	2.144678e-06	3223248356	
4.141311e+06	1	2799798816	1.637337e-06	2002691604	
4.148163e+06	3	678688578	1.428283e-08	2747938267	3825172902	1.400000e-08	
4.148327e+06	0	1737134642	3.558173e-08	843598278	
4.156603e+06	1	3373526895	2.158678e-06	354497373	
4.158016e+06	0	238807518	1.415310e-08	3363025910	
4.158163e+06	1	3534547045	1.375642e-06	1761715697	
4.159535e+06	1	3373526895	2.175863e-06	4019363830	
4.159680e+06	0	1342185090	1.431093e-08	894269343	
4.161734e+06	1	3534547045	1.389764e-06	3537925318	
4.165507e+06	1	3373526895	2.203773e-06	2205180068	
4.165613e+06	1	3534547045	1.425346e-06	1737134642	
4.177595e+06	0	781549661	1.400000e-08	3778036871	
4.178161e+06	3	105819081	1.500176e-08	932943525	110318614	1.400000e-08	
4.185355e+06	0	3458484829	1.427777e-08	3690557900	
4.195613e+06	1	2799798816	1.651490e-06	3088551619	
4.197266e+06	0	241690685	1.415310e-08	3363025910	
4.204294e+06	0	2604064924	1.415310e-08	1577969976	
4.207233e+06	3	1736323711	1.449948e-08	1298902656	176241382	1.400000e-08	
4.207259e+06	1	2799798816	1.665644e-06	101557930	
4.224289e+06	0	875106938	1.427777e-08	1230311851	
4.224660e+06	0	2135013218	1.431093e-08	1657444763	
4.226565e+06	3	2489195127	1.660242e-08	3633199892	1063934737	1.400000e-08	
4.228682e+06	0	2263814062	2.320553e-08	2670951229	
4.233377e+06	1	3737780296	1.415822e-06	2489195127	
4.255731e+06	0	66296937	1.741000e-08	3532745758	
4.257640e+06	1	2799798816	1.679644e-06	2247026945	
4.266871e+06	3	66296937	1.756310e-08	3940915008	2445084109	1.400000e-08	
4.268440e+06	3	2029773149	2.461894e-08	3083352544	1871304206	1.400000e-08	
4.271108e+06	1	3373526895	2.217954e-06	3030801476	
4.272212e+06	1	2799798816	1.693825e-06	3715668764	
4.278496e+06	3	2855048822	1.428283e-08	2670951229	4185666246	1.400000e-08	
4.280224e+06	1	3373526895	2.232048e-06	1577969976	
4.280519e+06	0	3373526895	2.232048e-06	2789301560	
4.287633e+06	3	2263814062	2.335863e-08	3981989558	1905833305	1.400000e-08	
4.291701e+06	0	2799798816	1.693825e-06	4105879141	
4.292642e+06	3	2883513480	1.433089e-08	346987663	3879652638	1.400000e-08	
4.300313e+06	0	37051273	2.836975e-08	1342185090	
4.302419e+06	1	2263814062	3.735863e-08	1905833305	
4.309054e+06	0	355298688	1.418121e-08	2208266878	
4.310304e+06	0	579073438	1.427777e-08	2250775120	
4.313203e+06	1	373638573	1.000000e+00	1249238030	
4.327065e+06	0	238807518	1.415310e-08	2810179169	
4.338925e+06	0	3458484829	1.427777e-08	4267941538	
4.353670e+06	0	2707460946	1.427777e-08	964813250	
4.357826e+06	3	37051273	1.400000e-08	2135013218	1924091726	1.434034e-08	1629863604	1.434034e-08	
4.358157e+06	0	3458484829	1.427777e-08	3190311976	
4.359119e+06	3	579073438	1.427777e-08	1856937876	698682927	1.400000e-08	
4.362417e+06	1	3373526895	2.246379e-06	2883513480	
4.363839e+06	1	3373526895	2.260379e-06	561528368	
4.369175e+06	3	384163328	2.514113e-08	1840937626	855708858	1.692198e-08	
4.370122e+06	0	2799798816	1.693825e-06	3879652638	
4.382845e+06	0	238807518	1.415310e-08	4105879141	
4.383066e+06	1	2799798816	2.241402e-06	1292024166	
4.383258e+06	3	533433650	1.400000e-08	110358663	3076001680	1.400000e-08	
4.386868e+06	0	1848242772	1.427777e-08	3802520055	
4.391874e+06	1	373638573	1.000000e+00	2326007700	
4.392440e+06	0	2878871175	1.424266e-08	110318614	
4.398467e+06	0	2029773149	2.461894e-08	96665495	
4.403941e+06	3	4278040469	1.430621e-08	2039170765	1493833725	1.400000e-08	
4.407237e+06	3	4156410056	1.400000e-08	1290268226	1450024594	1.400000e-08	
4.410867e+06	3	105819081	1.500176e-08	2956861855	1797275806	1.400000e-08	
4.416522e+06	0	1055469694	1.440749e-08	3443287411	
4.419305e+06	3	2263814062	1.400000e-08	2024675612	3378187523	1.881820e-08	564959126	1.881820e-08	
4.419638e+06	1	3373526895	2.274787e-06	249728555	
4.428652e+06	0	1629863604	1.434034e-08	1061526795	
4.448367e+06	3	1449522982	1.418121e-08	649593533	3356410364	1.400000e-08	
4.461114e+06	3	3083717413	1.444528e-08	3076001680	2620273024	1.400000e-08	
4.465864e+06	1	2799798816	2.255402e-06	483021244	
4.468199e+06	0	3418547556	1.418121e-08	1230311851	
4.470777e+06	3	2914302410	1.438750e-08	1743198400	4177016268	1.400000e-08	
4.472899e+06	3	19131048	1.412973e-08	1896745001	2480753293	1.400000e-08	
4.473880e+06	1	3373526895	2.288916e-06	287394855	
4.482374e+06	3	283080478	1.426121e-08	1543523724	3251328182	1.400000e-08	
4.487934e+06	3	2789348510	1.400000e-08	3732071459	3584287056	1.400000e-08	
4.489799e+06	1	3534547045	1.439686e-06	1629863604	
4.509586e+06	1	2799798816	2.269584e-06	96665495	
4.512085e+06	0	2799798816	2.269584e-06	2789301560	
4.546226e+06	0	771359632	1.412973e-08	1063934737	
4.549833e+06	3	2945849429	1.876959e-08	4096225443	1661868134	1.400000e-08	
4.555053e+06	3	964813250	1.416939e-08	3593732192	3822766993	1.400000e-08	
4.556497e+06	1	3373526895	2.302916e-06	3778036871	
4.568578e+06	0	3373526895	2.302916e-06	250347941	
4.575598e+06	0	2799798816	2.269584e-06	3211480542	
4.576331e+06	1	3373526895	2.317070e-06	250347941	
4.582427e+06	3	570164134	1.420054e-08	3363823620	3730019172	1.400000e-08	
4.589425e+06	3	1449522982	1.425753e-08	2622395779	2217687738	1.400000e-08	
4.592891e+06	1	3373526895	2.331070e-06	1869365069	
4.595985e+06	1	3373526895	2.349839e-06	2945849429	
4.610233e+06	3	3468130899	1.443087e-08	4105879141	2328187860	1.400000e-08	
4.612974e+06	1	3373526895	2.363871e-06	3284371529	
4.620458e+06	0	393090083	1.427777e-08	1493833725	
4.624160e+06	1	2799798816	2.283737e-06	241690685	
4.624624e+06	3	3006103420	1.431460e-08	3967778277	3408999490	1.400000e-08	
4.632936e+06	1	2799798816	2.298043e-06	4278040469	
4.638948e+06	3	1871304206	1.400000e-08	3492274228	3438744891	1.400000e-08	
4.646085e+06	0	2799798816	2.298043e-06	381652938	
4.653135e+06	1	373638573	1.000000e+00	2074240873	
4.658776e+06	0	3408999490	1.400000e-08	3241671100	
4.665499e+06	3	3089865955	1.412973e-08	3363025910	1501621654	1.400000e-08	
4.667053e+06	1	3373526895	2.378000e-06	19131048	
4.672924e+06	3	1516068388	1.400000e-08	355298688	2695808785	1.404560e-08	399492375	1.404560e-08	
4.679380e+06	1	2799798816	2.312043e-06	3802520055	
4.679871e+06	3	1871304206	1.400000e-08	3012889883	213831427	1.400000e-08	
4.688488e+06	3	2878871175	1.424266e-08	66987975	2714424842	1.400000e-08	
4.691361e+06	0	2719204682	1.448039e-08	1342185090	
4.695065e+06	1	2799798816	2.326224e-06	2208266878	
4.698131e+06	0	2799798816	2.326224e-06	2766526296	
4.698580e+06	0	302486611	2.091000e-08	105819081	
4.701892e+06	3	871205577	1.400000e-08	2263814062	2282291379	1.400000e-08	
4.704873e+06	1	2282291379	2.800000e-08	871205577	
4.709561e+06	1	3534547045	1.453868e-06	85224627	
4.734343e+06	3	875106938	1.437165e-08	3342541004	2654714783	1.400000e-08	
4.734446e+06	3	911013108	2.791000e-08	2063946235	2993076447	1.400000e-08	
4.740137e+06	0	302486611	2.091000e-08	2855048822	
4.758398e+06	0	3373526895	2.378000e-06	3006103420	
4.760722e+06	1	373638573	1.000000e+00	764400056	
4.774248e+06	1	373638573	1.000000e+00	755060644	
4.781589e+06	3	1598213090	1.425945e-08	771359632	2171266278	1.400000e-08	
4.797683e+06	1	2799798816	2.340224e-06	2171266278	
4.802363e+06	0	875106938	1.437165e-08	2654714783	
4.811198e+06	0	3443287411	1.415310e-08	2711965517	
4.815230e+06	0	3373526895	2.378000e-06	3006103420	
4.821862e+06	1	2799798816	2.368150e-06	2408568032	
4.829709e+06	1	2799798816	2.382150e-06	698682927	
4.836730e+06	0	3357643131	2.791000e-08	3408999490	
4.839772e+06	0	2222966094	1.415310e-08	3089865955	
4.844279e+06	1	3373526895	2.392000e-06	1797275806	
4.849915e+06	3	584993009	1.418121e-08	2328187860	771038762	1.400000e-08	
4.864040e+06	0	2472898255	1.425945e-08	894269343	
4.897148e+06	1	3373526895	2.406203e-06	2250775120	
4.898346e+06	1	3373526895	2.434113e-06	3357643131	
4.903420e+06	0	3443287411	1.415310e-08	3211480542	
4.907726e+06	1	3534547045	1.468001e-06	2649056468	
4.914702e+06	1	3373526895	2.448113e-06	3438744891	
4.921275e+06	1	3373526895	2.462113e-06	1871304206	
4.926025e+06	1	2799798816	2.396150e-06	1450024594	
4.926049e+06	3	3418547556	1.431093e-08	515125813	2768208421	1.400000e-08	
4.930917e+06	0	3373526895	2.462113e-06	678688578	
4.939242e+06	0	3373526895	2.462113e-06	3016084464	
4.943825e+06	0	3373526895	2.462113e-06	2472898255	
4.945015e+06	1	373638573	1.000000e+00	3532745758	
4.947250e+06	3	2014426858	1.427777e-08	37051273	3297235373	1.400000e-08	
4.951652e+06	3	66296937	1.645043e-08	2914302410	776688125	1.550018e-08	
4.952394e+06	3	118566979	1.415310e-08	2217687738	3663377129	1.400000e-08	
4.957538e+06	3	2029773149	2.164183e-08	2654714783	898071713	1.697711e-08	
4.968174e+06	3	1072840122	1.443286e-08	570164134	220748477	1.400000e-08	
4.977800e+06	0	2714424842	1.400000e-08	2789348510	
4.986236e+06	0	3083717413	1.444528e-08	110318614	
4.986819e+06	3	2789301560	1.412973e-08	110318614	2470646831	1.400000e-08	
4.990530e+06	0	1924091726	1.434034e-08	2855048822	
5.027547e+06	1	2799798816	2.410581e-06	3302973195	
5.034482e+06	0	176241382	1.400000e-08	249938527	
5.035906e+06	3	3663377129	1.400000e-08	213831427	1965972368	1.400000e-08	
5.040206e+06	0	2029773149	2.164183e-08	776688125	
5.043356e+06	0	3373526895	2.462113e-06	378125977	
5.051343e+06	3	894269343	1.415310e-08	3016084464	1426981231	1.400000e-08	
5.067680e+06	1	3534547045	1.491740e-06	3736601249	
5.068049e+06	1	3373526895	2.476113e-06	3356410364	
5.080468e+06	0	3211480542	1.412973e-08	3297235373	
5.091975e+06	1	2799798816	2.424581e-06	3251328182	
5.092629e+06	0	3418547556	1.431093e-08	3211480542	
5.093523e+06	3	3491092596	1.737536e-08	2789348510	1535034065	1.400000e-08	
5.097799e+06	0	1072840122	1.443286e-08	3468130899	
5.115429e+06	0	3373526895	2.476113e-06	220748477	
5.134778e+06	1	1068020906	9.547327e-04	3824069879	
5.151530e+06	3	3373526895	2.476113e-06	3414514926	1483909303	1.400000e-08	846691466	1.424515e-08	
5.151536e+06	3	118566979	1.415310e-08	1535034065	3623563876	1.400000e-08	
5.151626e+06	1	3373526895	2.490358e-06	846691466	
5.154616e+06	0	879162223	1.438750e-08	845665321	
5.161548e+06	1	2799798816	2.449722e-06	384163328	
5.163707e+06	1	1068020906	9.547469e-04	3458484829	
5.168896e+06	0	2597880038	1.405558e-08	220748477	
5.170845e+06	3	564959126	1.881820e-08	3879652638	3872525629	1.400000e-08	
5.171843e+06	0	2799798816	2.449722e-06	176241382	
5.173957e+06	0	2799798816	2.449722e-06	2716949832	
5.191327e+06	0	3534547045	1.491740e-06	843598278	
5.198498e+06	1	3373526895	2.504618e-06	2472898255	
5.198509e+06	0	579073438	1.427777e-08	176241382	
5.216523e+06	1	2799798816	2.463722e-06	1493833725	
5.229306e+06	3	843598278	2.260312e-08	2878871175	3827929005	1.400000e-08	
5.231993e+06	1	3534547045	1.505740e-06	3408999490	
5.238361e+06	0	2855048822	1.428283e-08	2704180049	
5.256588e+06	0	3534547045	1.505740e-06	3827929005	
5.266924e+06	0	4138371369	1.415310e-08	3211480542	
5.272736e+06	0	2029773149	2.164183e-08	898071713	
5.308992e+06	3	3083717413	1.444528e-08	3824375258	63319263	1.400000e-08	
5.309541e+06	1	3083717413	2.844528e-08	63319263	
5.311229e+06	1	3373526895	2.518989e-06	875106938	
5.326099e+06	1	3373526895	2.546899e-06	1458432161	
5.344017e+06	1	3373526895	2.560899e-06	1483909303	
5.345949e+06	1	3373526895	2.574899e-06	1661868134	
5.348094e+06	3	3190311976	1.412973e-08	3663377129	3607398139	1.400000e-08	
5.351400e+06	1	3373526895	2.588899e-06	771038762	
5.357367e+06	0	66296937	1.645043e-08	3241671100	
5.368825e+06	3	3443287411	1.414023e-08	249938527	2574253871	1.401287e-08	
5.373281e+06	3	3006103420	1.431460e-08	2620273024	3830801972	1.400000e-08	
5.376358e+06	3	242414939	1.400000e-08	4083845756	3673394291	1.566000e-08	2748669076	1.566000e-08	
5.379712e+06	0	3373526895	2.588899e-06	1449522982	
5.386826e+06	3	3190311976	1.412973e-08	2714424842	1220275327	1.400000e-08	
5.403112e+06	3	110439229	1.433431e-08	2222966094	4188119649	1.400000e-08	
5.403566e+06	1	3373526895	2.602899e-06	3584287056	
5.409966e+06	1	3534547045	1.528343e-06	843598278	
5.416039e+06	0	2597880038	1.405558e-08	2574253871	
5.430383e+06	1	3534547045	1.542343e-06	1426981231	
5.434081e+06	0	3458662533	2.815310e-08	302486611	
5.438672e+06	0	3373526895	2.602899e-06	1736323711	
5.454674e+06	1	3534547045	1.556343e-06	3827929005	
5.458217e+06	0	2704180049	1.412973e-08	1420914473	
5.458717e+06	0	2014426858	1.427777e-08	3884425642	
5.463425e+06	3	4193709834	1.433431e-08	682911345	1275089537	1.400000e-08	
5.472033e+06	3	2993076447	1.400000e-08	3690557900	3700209637	1.400000e-08	
5.479802e+06	3	3736894086	2.295126e-08	1965662198	3320450569	1.913994e-08	
5.494710e+06	3	1924091726	1.465127e-08	1342185090	4148810631	1.400000e-08	
5.508964e+06	0	2449448537	1.427777e-08	2597880038	
5.519623e+06	3	3083717413	1.400000e-08	220748477	1268185054	1.422264e-08	2900628886	1.422264e-08	
5.541061e+06	0	302486611	2.091000e-08	4177016268	
5.543774e+06	0	3373526895	2.602899e-06	1072840122	
5.545079e+06	0	3373526895	2.602899e-06	3830801972	
5.547981e+06	3	2855048822	1.443594e-08	894269343	3866772787	1.400000e-08	
5.561624e+06	0	2584856907	1.403155e-08	1965972368	
5.561688e+06	0	2810179169	1.415310e-08	1965972368	
5.568110e+06	1	3373526895	2.620275e-06	3491092596	
5.570096e+06	3	3006103420	1.431460e-08	3866772787	2056593038	1.400000e-08	
5.580198e+06	1	3373526895	2.637252e-06	898071713	
5.584933e+06	0	1072840122	1.443286e-08	238807518	
5.598651e+06	3	238807518	1.415310e-08	3607398139	1140472632	1.400000e-08	
5.598894e+06	3	3730019172	1.400000e-08	1063934737	2774448923	1.400000e-08	
5.601851e+06	0	762210064	1.415310e-08	2584856907	
5.618452e+06	1	373638573	1.000000e+00	393090083	
5.620744e+06	0	66296937	1.645043e-08	3468130899	
5.621788e+06	3	302486611	2.122460e-08	3006103420	975973597	1.400000e-08	
5.626089e+06	0	66296937	1.645043e-08	176241382	
5.628372e+06	1	3373526895	2.651392e-06	3443287411	
5.637187e+06	1	3373526895	2.665392e-06	975973597	
5.637988e+06	1	2799798816	2.485240e-06	259930472	
5.655961e+06	3	1327969783	1.400000e-08	579073438	933412597	1.409388e-08	927207199	1.409388e-08	
5.656206e+06	1	2799798816	2.499240e-06	381652938	
5.662947e+06	1	2799798816	2.516162e-06	855708858	
5.672853e+06	1	373638573	1.000001e+00	845665321	
5.681358e+06	0	776688125	1.550018e-08	3623563876	
5.684469e+06	1	373638573	1.000001e+00	1072840122	
5.692509e+06	1	3534547045	1.570496e-06	238807518	
5.697709e+06	1	2799798816	2.534882e-06	3375523036	
5.705606e+06	1	373638573	1.000001e+00	451270221	
5.709705e+06	0	2584856907	1.403155e-08	2574253871	
5.714545e+06	3	3378187523	1.881820e-08	1516068388	2231250662	1.400000e-08	
5.715406e+06	0	3297235373	1.400000e-08	3822766993	
5.723436e+06	3	3797386594	1.415310e-08	1327969783	3085765731	1.400000e-08	
5.725902e+06	1	3534547045	1.585996e-06	776688125	
5.742238e+06	1	3373526895	2.679392e-06	2480753293	
5.748792e+06	1	373638573	1.000001e+00	251961497	
5.761945e+06	1	373638573	1.000001e+00	678688578	
5.765046e+06	3	118566979	1.415310e-08	3830801972	1403954297	1.400000e-08	
5.767036e+06	3	2282291379	1.400000e-08	2695808785	102828162	1.402280e-08	3962269793	1.402280e-08	
5.772711e+06	3	927207199	1.409388e-08	2282291379	604674024	1.400000e-08	
5.778104e+06	0	964813250	1.416939e-08	1420914473	
5.788545e+06	0	250719570	1.427777e-08	4263904522	
5.790849e+06	3	58759274	1.418121e-08	3872525629	4175762635	1.400000e-08	
5.794376e+06	1	373638573	1.000001e+00	378125977	
5.806237e+06	1	2799798816	2.548914e-06	2584856907	
5.821668e+06	3	2197427154	1.837396e-08	533433650	3421068049	1.400000e-08	
5.821688e+06	3	58759274	1.418121e-08	176241382	4106915849	1.400000e-08	
5.826218e+06	0	3988949870	2.791000e-08	4285226245	
5.833324e+06	3	1268185054	1.422264e-08	3297235373	3953247145	1.400000e-08	
5.838761e+06	3	2574253871	1.401287e-08	3083717413	977281884	1.400000e-08	
5.878485e+06	0	3089865955	1.412973e-08	2470646831	
5.879925e+06	0	911013108	2.791000e-08	399492375	
5.886363e+06	0	977281884	1.400000e-08	1220275327	
5.894664e+06	0	1398579088	1.763663e-08	1230311851	
5.908932e+06	1	3373526895	2.693595e-06	3884425642	
5.937594e+06	1	2799798816	2.562914e-06	3700209637	
5.944257e+06	1	3373526895	2.707724e-06	3190311976	
5.962584e+06	1	3373526895	2.721724e-06	2056593038	
5.998033e+06	1	2799798816	2.577067e-06	3797386594	
6.004677e+06	0	618276123	2.791000e-07	1275089537	
6.027942e+06	1	2555962951	2.933778e-07	4256642775	
6.043829e+06	0	4267941538	1.415310e-08	4148810631	
6.057457e+06	1	3373526895	2.735724e-06	3953247145	
6.082651e+06	0	58759274	1.418121e-08	2993076447	
6.094324e+06	0	4267941538	1.415310e-08	3421068049	
6.096131e+06	0	110439229	1.433431e-08	2711965517	
6.104118e+06	0	3673394291	1.566000e-08	3211480542	
6.115324e+06	1	3373526895	2.754543e-06	564959126	
6.137162e+06	1	3373526895	2.768820e-06	3736523900	
6.143925e+06	3	2855048822	1.443594e-08	1965972368	335748715	1.400000e-08	
6.159937e+06	1	933412597	2.811669e-08	102828162	
6.163734e+06	0	3373526895	2.768820e-06	1501621654	
6.164794e+06	1	3373526895	2.787639e-06	3378187523	
6.166020e+06	3	3211480542	1.412973e-08	66064165	3863839146	1.400000e-08	
6.168657e+06	1	3373526895	2.802069e-06	3468130899	
6.183254e+06	0	4175762635	1.400000e-08	1061526795	
6.198338e+06	0	2799798816	2.577067e-06	1268185054	
6.206389e+06	1	2799798816	2.591345e-06	250719570	
6.230704e+06	0	1736323711	1.449948e-08	2774448923	
6.257309e+06	0	3373526895	2.802069e-06	1292023300	
6.310519e+06	0	927207199	1.409388e-08	3863839146	
6.313325e+06	1	2799798816	2.612987e-06	2029773149	
6.330490e+06	0	762210064	1.415310e-08	3863839146	
6.357831e+06	0	2799798816	2.612987e-06	2014426858	
6.361658e+06	1	2799798816	2.626987e-06	1420914473	
6.362154e+06	3	2799798816	2.626987e-06	3458662533	2025893757	1.400000e-08	1090143039	1.415310e-08	
6.368151e+06	3	399492375	1.404560e-08	2445084109	4013164456	1.400000e-08	
6.371492e+06	1	2799798816	2.641209e-06	2900628886	
6.389137e+06	1	3373526895	2.816069e-06	2993076447	
6.400509e+06	0	2711965517	1.415310e-08	3089865955	
6.403432e+06	1	373638573	1.000001e+00	1461359102	
6.427705e+06	1	3373526895	2.830251e-06	584993009	
6.433716e+06	1	3373526895	2.844251e-06	4013164456	
6.458661e+06	1	3373526895	2.858453e-06	1130108289	
6.468699e+06	3	3089865955	1.412973e-08	2768208421	253060996	1.400000e-08	
6.471259e+06	3	2197427154	1.837396e-08	2025893757	3578947201	1.400000e-08	
6.476253e+06	1	3373526895	2.872713e-06	1598213090	
6.488784e+06	0	3534547045	1.585996e-06	1140472632	
6.502546e+06	1	2810179169	2.815310e-08	3578947201	
6.509481e+06	3	3111692719	1.852639e-08	4055959668	571790981	1.400000e-08	
6.565129e+06	0	1924091726	1.465127e-08	283080478	
6.566040e+06	3	1924091726	1.478100e-08	3211480542	517786421	1.400000e-08	
6.568475e+06	0	2799798816	2.641209e-06	1703904600	
6.618448e+06	1	3373526895	2.886866e-06	118566979	
6.641751e+06	1	3373526895	2.900866e-06	1220275327	
6.655559e+06	3	174500547	1.741000e-08	4106915849	2308303797	1.400000e-08	
6.665785e+06	0	2707460946	1.427777e-08	4175762635	
6.675326e+06	0	3111692719	1.852639e-08	66296937	
6.677724e+06	1	2799798816	2.655487e-06	1541925803	
6.694128e+06	1	3534547045	1.599996e-06	3863839146	
6.709676e+06	1	373638573	1.000001e+00	1703904600	
6.711036e+06	0	1268185054	1.422264e-08	2574253871	
6.711369e+06	3	1268185054	1.422264e-08	517786421	2256454524	1.400000e-08	
6.739183e+06	3	3421068049	1.400000e-08	3934203265	2316491956	1.400000e-08	
6.785025e+06	0	2799798816	2.655487e-06	2014426858	
6.804306e+06	1	2799798816	2.669668e-06	1657444763	
6.805876e+06	1	2799798816	2.683946e-06	2014426858	
6.836554e+06	1	2799798816	2.698169e-06	1268185054	
6.874051e+06	1	3534547045	1.613996e-06	571790981	
6.876677e+06	0	253060996	1.400000e-08	977281884	
6.884415e+06	0	2748669076	1.566000e-08	695939830	
7.017268e+06	1	2799798816	2.712169e-06	4188119649	
7.047152e+06	1	2799798816	2.726169e-06	242414939	
7.076679e+06	3	1140472632	1.400000e-08	4156410056	921835634	1.400000e-08	
7.095872e+06	3	1449522982	1.425753e-08	1403954297	2606270759	1.400000e-08	
7.101862e+06	1	3089865955	2.812973e-08	2774448923	
7.154997e+06	3	174500547	1.756310e-08	1280619132	4081327903	1.400000e-08	
7.164969e+06	1	3373526895	2.919392e-06	3111692719	
7.173316e+06	1	618276123	2.931000e-07	1230311851	
7.188483e+06	0	3373526895	2.919392e-06	4193709834	
7.237554e+06	1	2799798816	2.740169e-06	1517815290	
7.256891e+06	3	2855048822	1.471370e-08	3167902617	4108567391	1.400000e-08	
7.279509e+06	0	1140472632	1.400000e-08	4185666246	
7.293531e+06	0	2711965517	1.415310e-08	3421068049	
7.293560e+06	3	3373526895	2.973893e-06	2555962951	4281208133	1.405161e-08	1179141501	1.405161e-08	3325553423	1.405161e-08	4124564224	1.405161e-08	1852572783	1.405161e-08	2233621492	1.405161e-08	3229926557	1.405161e-08	2972065009	1.405161e-08	1823433846	1.405161e-08	4052933330	1.405161e-08	2601128578	1.405161e-08	3239027265	1.405161e-08	3357191835	1.405161e-08	2437059955	1.405161e-08	486617589	1.405161e-08	445707895	1.405161e-08	3750558344	1.405161e-08	
7.293742e+06	1	3373526895	2.987944e-06	2437059955	
7.293916e+06	1	3373526895	3.001996e-06	1823433846	
7.294540e+06	0	3373526895	3.001996e-06	2972065009	
7.295193e+06	1	3373526895	3.016047e-06	4052933330	
7.295552e+06	1	3373526895	3.030099e-06	2233621492	
7.296698e+06	1	3373526895	3.044151e-06	4124564224	
7.303226e+06	1	3373526895	3.058202e-06	2601128578	
7.316271e+06	1	3373526895	3.072254e-06	486617589	
7.337319e+06	1	3373526895	3.086305e-06	445707895	
7.345238e+06	1	3373526895	3.100357e-06	3325553423	
7.359475e+06	1	3373526895	3.128510e-06	2810179169	
7.389118e+06	0	3373526895	3.128510e-06	1848242772	
7.399327e+06	1	2799798816	2.754169e-06	3623563876	
7.414517e+06	1	3373526895	3.142510e-06	2606270759	
7.457089e+06	1	3373526895	3.156562e-06	1179141501	
7.458434e+06	1	3373526895	3.170613e-06	1852572783	
7.471484e+06	0	4281208133	1.405161e-08	4081327903	
7.482464e+06	1	3373526895	3.184665e-06	3239027265	
7.483073e+06	0	3373526895	3.184665e-06	2972065009	
7.493373e+06	0	1449522982	1.425753e-08	2711965517	
7.538201e+06	3	3988949870	2.791000e-08	4108567391	2800683865	1.400000e-08	
7.543654e+06	0	2799798816	2.754169e-06	2716949832	
7.573997e+06	1	3373526895	3.198943e-06	2449448537	
7.603171e+06	0	911013108	2.791000e-08	1398579088	
7.619180e+06	0	2799798816	2.754169e-06	174500547	
7.629409e+06	0	3279439195	1.418121e-08	4148810631	
7.704342e+06	1	3373526895	3.212943e-06	3421068049	
7.717145e+06	3	1736323711	1.468069e-08	58759274	480183180	1.400000e-08	
7.766896e+06	1	3373526895	3.227096e-06	2711965517	
7.802450e+06	1	3373526895	3.241147e-06	3357191835	
7.813954e+06	3	360107933	1.418121e-08	977281884	3892593010	1.400000e-08	
7.815289e+06	0	2308303797	1.400000e-08	3822766993	
7.817389e+06	0	3373526895	3.241147e-06	2308303797	
7.845049e+06	1	3373526895	3.255147e-06	2308303797	
7.877209e+06	1	3373526895	3.269277e-06	2789301560	
7.916662e+06	1	3534547045	1.628048e-06	3750558344	
7.937574e+06	3	3673394291	1.581310e-08	4267941538	776375684	1.400000e-08	
7.948924e+06	1	2799798816	2.768169e-06	3085765731	
7.949819e+06	0	627452446	1.427777e-08	360107933	
7.978523e+06	0	3373526895	3.269277e-06	2256454524	
8.048394e+06	1	3534547045	1.642048e-06	2256454524	
8.050179e+06	0	1924091726	1.478100e-08	1061526795	
8.094974e+06	3	2707460946	1.432938e-08	4281208133	1678023283	1.400000e-08	
8.159818e+06	1	3373526895	3.284937e-06	2748669076	
8.166460e+06	3	3089865955	1.400000e-08	1090143039	2118254765	1.414142e-08	3580551846	1.414142e-08	
8.216659e+06	1	3373526895	3.299198e-06	283080478	
8.236572e+06	1	3373526895	3.313250e-06	3229926557	
8.255977e+06	1	3373526895	3.327250e-06	4177016268	
8.262117e+06	0	3580551846	1.414142e-08	4185666246	
8.299005e+06	3	470332523	1.427509e-08	927207199	3446120764	1.400000e-08	
8.308674e+06	1	3373526895	3.341584e-06	4193709834	
8.312159e+06	1	2799798816	2.782169e-06	3446120764	
8.383274e+06	0	776375684	1.400000e-08	2470646831	
8.417248e+06	1	2799798816	2.796169e-06	335748715	
8.516095e+06	3	3418547556	1.458870e-08	627452446	248789546	1.400000e-08	
8.576889e+06	1	2799798816	2.811170e-06	105819081	
8.591238e+06	1	373638573	1.000001e+00	2800683865	
8.647663e+06	1	3373526895	3.355636e-06	2972065009	
8.728496e+06	0	2799798816	2.811170e-06	3089865955	
8.731323e+06	1	2799798816	2.825170e-06	253060996	
8.809167e+06	1	3373526895	3.369636e-06	4175762635	
8.813848e+06	1	3475245566	3.598829e-08	3825172902	
8.914252e+06	1	3373526895	3.383914e-06	1848242772	
8.921091e+06	3	3678948817	1.894293e-08	399492375	3416864524	1.555850e-08	
8.945391e+06	0	3678948817	1.894293e-08	3416864524	
8.984250e+06	1	3373526895	3.405138e-06	302486611	
8.993463e+06	0	3490627259	2.791000e-08	1398579088	
8.995978e+06	0	2799798816	2.825170e-06	480183180	
9.016898e+06	1	3534547045	1.656048e-06	1678023283	
9.062997e+06	1	2799798816	2.839170e-06	1601889739	
9.137452e+06	1	2799798816	2.853352e-06	3279439195	
9.150872e+06	1	2799798816	2.867352e-06	248789546	
9.156940e+06	1	2799798816	2.881352e-06	480183180	
9.244434e+06	1	3373526895	3.419138e-06	776375684	
9.261722e+06	3	3678948817	1.907265e-08	2704180049	2130045942	1.400000e-08	
9.378509e+06	1	2799798816	2.895352e-06	2231250662	
9.416859e+06	1	3534547045	1.672498e-06	66296937	
9.448332e+06	3	2574253871	1.401287e-08	3089865955	14462253	1.400000e-08	
9.464660e+06	3	2130045942	1.400000e-08	2316491956	1937837823	1.400000e-08	
9.481214e+06	1	3534547045	1.686498e-06	2470646831	
9.488152e+06	1	2799798816	2.909352e-06	3892593010	
9.504140e+06	3	197654791	1.400000e-08	921818415	2252599940	1.715942e-08	2922107309	1.715942e-08	
9.531990e+06	1	3534547045	1.704135e-06	1398579088	
9.539794e+06	1	3373526895	3.433151e-06	2574253871	
9.611350e+06	1	373638573	1.000001e+00	3382444416	
9.676285e+06	0	1501621654	1.400000e-08	3730019172	
9.733580e+06	0	4081327903	1.400000e-08	3730019172	
9.971449e+06	0	2799798816	2.909352e-06	1055469694	
