4.634423e+01	1	1444500749	5.582000e-08	770580294	
1.157289e+02	1	1075699702	3.070100e-07	1986278615	
2.281389e+02	1	3084497907	5.582000e-08	2125112500	
2.285526e+02	1	2519559028	3.070100e-07	3012070026	
2.804639e+02	1	3555679070	5.582000e-08	2542835646	
3.251466e+02	1	2246051850	3.070100e-07	953296898	
3.501801e+02	1	1134175585	5.582000e-08	632754209	
3.874894e+02	1	3921011129	3.070100e-07	3908154577	
5.269085e+02	1	1222799196	3.070100e-07	1434498202	
6.662671e+02	1	2235064901	3.070100e-07	3116505811	
7.636532e+02	1	4259593397	3.070100e-07	1156624510	
9.079174e+02	1	1222799196	3.349200e-07	2205180068	
1.194364e+03	1	858320168	5.582000e-08	387772665	
1.250276e+03	1	2235064901	3.349200e-07	1379399837	
1.355617e+03	1	3534547045	3.070100e-07	582973675	
1.408253e+03	0	941534069	2.791000e-08	2932274237	
1.420727e+03	1	1222799196	3.628300e-07	873214132	
1.451499e+03	1	3126241903	5.582000e-08	3938221642	
1.588146e+03	0	3841896594	2.791000e-08	3800234335	
1.597429e+03	1	3555679070	8.373000e-08	259930472	
1.657058e+03	1	732124878	5.582000e-08	4061687915	
1.776867e+03	1	1493201942	5.582000e-08	2835620284	
1.821850e+03	1	3121047530	5.582000e-08	2737363250	
2.073572e+03	1	315200650	5.582000e-08	838860310	
2.357480e+03	0	1425083048	2.791000e-08	2779686750	
2.794777e+03	0	1661091397	2.791000e-08	1731090175	
3.149925e+03	1	2799798816	3.070100e-07	2046083849	
3.232422e+03	1	2799798816	3.349200e-07	1327969783	
3.329384e+03	1	1222799196	3.907400e-07	405521437	
3.411918e+03	1	1222799196	4.186500e-07	3357643131	
3.616528e+03	1	3373526895	3.070100e-07	3800234335	
4.303055e+03	1	3534547045	3.349200e-07	1661091397	
4.814555e+03	1	688805295	5.582000e-08	3732071459	
5.191321e+03	1	545239233	3.070100e-07	1123501568	
5.292052e+03	1	2235064901	3.628300e-07	870323177	
5.404684e+03	1	287801793	5.582000e-08	3616865126	
5.477947e+03	1	1222799196	4.465600e-07	3775452048	
5.614309e+03	1	3004792470	3.070100e-07	3736601249	
5.628121e+03	0	2178051842	2.791000e-08	1494141940	
5.649315e+03	1	3921011129	3.349200e-07	1584276479	
5.714405e+03	1	1222799196	4.744700e-07	869234806	
6.077932e+03	1	2349140130	5.582000e-08	3749853089	
6.086459e+03	0	3708838243	2.791000e-08	3015378843	
6.491328e+03	1	1735432893	5.582000e-08	780264402	
6.935562e+03	1	2235064901	3.907400e-07	1494141940	
7.239309e+03	1	2340740170	3.070100e-07	40245973	
7.608185e+03	1	2870037616	5.582000e-08	949068759	
7.722456e+03	0	3421887303	2.791000e-08	486050091	
7.724789e+03	1	1735432893	8.373000e-08	2455496064	
8.002133e+03	1	343742982	5.582000e-08	1502094437	
8.052287e+03	1	3373526895	3.349200e-07	1631081845	
8.670750e+03	1	4259593397	3.349200e-07	2870158420	
8.769982e+03	1	3921011129	3.628300e-07	778035964	
8.844776e+03	1	3084497907	8.373000e-08	4263717482	
9.265617e+03	0	1866926464	2.791000e-08	2326007700	
9.331176e+03	1	179097684	3.070100e-07	1206764858	
9.648806e+03	1	2340740170	3.349200e-07	314650893	
9.692980e+03	1	1037584679	5.582000e-08	2408568032	
9.765010e+03	1	6723929	5.582000e-08	1321648343	
9.842519e+03	1	384163328	5.582000e-08	211811971	
1.100620e+04	1	1075699702	3.349200e-07	3129006749	
1.189984e+04	1	2859795595	5.582000e-08	4231632140	
1.248050e+04	0	3114612365	2.791000e-08	257754683	
1.385117e+04	0	3084497907	8.373000e-08	3232700421	
1.390167e+04	3	2235064901	3.907400e-07	2859795595	3687573659	1.400000e-08	3196256300	2.091000e-08	848448836	2.091000e-08	
1.396720e+04	0	315200650	5.582000e-08	290926289	
1.404266e+04	1	1735432893	1.395500e-07	3126241903	
1.409275e+04	1	2799798816	3.628300e-07	3197676583	
1.454764e+04	0	3421887303	2.791000e-08	1738899943	
1.460030e+04	0	2235064901	3.907400e-07	3196256300	
1.469526e+04	1	2246051850	3.349200e-07	3071234124	
1.475825e+04	0	2519559028	3.070100e-07	4188445920	
1.520930e+04	1	3004792470	3.349200e-07	2906924538	
1.556246e+04	1	1465560917	3.070100e-07	2451350669	
1.580566e+04	0	2263814062	2.791000e-08	3774459889	
1.623986e+04	1	2799798816	3.907400e-07	2466232951	
1.624696e+04	0	3114612365	2.791000e-08	3707189490	
1.635968e+04	0	688805295	5.582000e-08	2932274237	
1.683370e+04	1	1465560917	3.349200e-07	2480932170	
1.728104e+04	0	3373526895	3.349200e-07	3061883439	
1.740794e+04	3	1572835533	2.791000e-07	1444500749	2211003714	2.635452e-08	2916276788	1.473274e-08	3696193412	1.473274e-08	
1.761525e+04	1	343742982	7.055274e-08	2916276788	
1.839668e+04	0	1498734392	2.791000e-08	810769555	
1.877985e+04	1	545239233	3.349200e-07	2779686750	
1.904562e+04	1	1075699702	3.628300e-07	511603307	
1.932921e+04	0	2246051850	3.349200e-07	482917538	
1.941613e+04	1	3921011129	4.186500e-07	858320168	
1.978465e+04	0	561528368	2.791000e-08	2409063466	
1.988217e+04	1	1572835533	3.349200e-07	384163328	
2.056049e+04	1	3921011129	4.465600e-07	331336395	
2.111992e+04	0	287801793	5.582000e-08	3687573659	
2.118861e+04	0	1735432893	1.395500e-07	925199572	
2.171170e+04	1	1465560917	4.186500e-07	3555679070	
2.185010e+04	0	3921011129	4.465600e-07	3196256300	
2.200935e+04	0	545239233	3.349200e-07	941534069	
2.324596e+04	0	3241671100	2.791000e-08	2693713428	
2.336906e+04	1	545239233	3.628300e-07	257754683	
2.358040e+04	0	3257166052	2.791000e-08	848448836	
2.413353e+04	0	2211003714	2.635452e-08	3696193412	
2.433547e+04	0	2246051850	3.349200e-07	1481166135	
2.512536e+04	1	1035492323	5.582000e-08	2440120768	
2.563099e+04	1	1731090175	5.582000e-08	925199572	
2.660244e+04	1	3004792470	3.628300e-07	1963165541	
2.681512e+04	0	3919821980	2.791000e-08	3889879026	
2.713975e+04	0	4031050948	2.791000e-07	3279231079	
2.734506e+04	0	3921011129	4.465600e-07	2178051842	
2.771137e+04	0	3921011129	4.465600e-07	3421887303	
2.774938e+04	1	3534547045	3.907400e-07	1731090175	
2.783316e+04	0	545239233	3.628300e-07	1425083048	
2.800750e+04	1	3373526895	3.628300e-07	3061883439	
2.802322e+04	0	343742982	7.055274e-08	482917538	
2.826052e+04	1	3921011129	4.744700e-07	3421887303	
2.866008e+04	1	1222799196	5.023800e-07	3774459889	
2.922088e+04	1	2235064901	4.465600e-07	287801793	
2.975101e+04	1	3373526895	3.907400e-07	3841896594	
3.047955e+04	1	1222799196	5.302900e-07	1790255658	
3.344042e+04	1	2178051842	5.582000e-08	3621383820	
3.404166e+04	1	3921011129	4.953800e-07	3196256300	
3.446764e+04	0	2349140130	5.582000e-08	2038493855	
3.573092e+04	1	1572835533	3.628300e-07	717226258	
3.578455e+04	1	2340740170	3.628300e-07	905418128	
3.837861e+04	0	1516068388	2.791000e-08	3707189490	
3.839419e+04	1	2235064901	4.605600e-07	3687573659	
3.843008e+04	1	2178051842	8.373000e-08	3257166052	
3.936320e+04	1	2340740170	3.907400e-07	2718413753	
4.060856e+04	1	2235064901	4.884700e-07	3326748277	
4.152225e+04	1	2349140130	8.373000e-08	2038493855	
4.287405e+04	1	3921011129	5.791100e-07	2178051842	
4.368469e+04	1	1222799196	5.582000e-07	1227575429	
4.377231e+04	1	3921011129	6.628400e-07	3084497907	
4.416021e+04	1	545239233	3.907400e-07	3114612365	
4.430865e+04	1	3737780296	3.070100e-07	3490627259	
4.435458e+04	0	1498734392	2.791000e-08	4046076794	
4.448722e+04	1	1068020906	9.543279e-04	828787466	
4.661828e+04	1	3150846686	3.070100e-07	941534069	
4.724659e+04	0	3737780296	3.070100e-07	290926289	
4.726421e+04	1	2340740170	4.465600e-07	688805295	
4.759207e+04	1	545239233	4.186500e-07	2932274237	
4.791608e+04	0	6723929	5.582000e-08	3498415124	
4.854782e+04	1	3424908067	5.582000e-08	3747246174	
4.865065e+04	0	1735432893	1.395500e-07	486050091	
4.868969e+04	0	1735432893	1.395500e-07	486050091	
4.873520e+04	1	3373526895	4.186500e-07	1738899943	
4.999209e+04	0	1493201942	5.582000e-08	2308721517	
5.029884e+04	0	1222799196	5.582000e-07	102901530	
5.133680e+04	0	3534547045	3.907400e-07	3919821980	
5.139303e+04	1	3737780296	3.349200e-07	3736894086	
5.149752e+04	0	545239233	4.186500e-07	636961411	
5.348163e+04	1	1593850299	5.582000e-08	1458665800	
5.416385e+04	0	545239233	4.186500e-07	3498415124	
5.511712e+04	0	1572835533	3.628300e-07	3696193412	
5.591228e+04	3	3534547045	3.907400e-07	1134175585	15308464	1.400000e-08	1239307652	2.091000e-08	1945448119	2.091000e-08	
5.684287e+04	0	739080713	2.791000e-08	3382444416	
5.733838e+04	0	1945448119	2.091000e-08	1239307652	
5.794175e+04	1	2349140130	9.773000e-08	15308464	
5.841794e+04	1	2519559028	3.349200e-07	199935986	
5.891755e+04	1	545239233	4.465600e-07	3707189490	
6.079460e+04	1	2340740170	4.744700e-07	2308721517	
6.135925e+04	0	3534547045	3.907400e-07	1945448119	
6.342293e+04	0	3919821980	2.791000e-08	1945448119	
6.345149e+04	0	3534547045	3.907400e-07	3919821980	
6.347059e+04	0	4031050948	2.791000e-07	3279231079	
6.371248e+04	0	2519559028	3.349200e-07	3268335666	
6.409265e+04	0	3919821980	2.791000e-08	1239307652	
6.434307e+04	1	1068020906	9.543558e-04	501991070	
6.738761e+04	0	6723929	5.582000e-08	3498415124	
6.907962e+04	0	2984600922	2.791000e-07	3823443426	
6.977170e+04	0	3534547045	3.907400e-07	3919821980	
7.073076e+04	0	1945448119	2.091000e-08	1239307652	
7.182628e+04	1	545239233	4.744700e-07	245436729	
7.272923e+04	0	545239233	4.744700e-07	1481166135	
7.314875e+04	1	545239233	5.023800e-07	636961411	
7.384453e+04	3	2246051850	3.349200e-07	6723929	3396227953	1.400000e-08	3321237907	2.091000e-08	3187199216	2.091000e-08	
7.435671e+04	0	1035492323	5.582000e-08	4188445920	
7.484042e+04	1	3150846686	3.349200e-07	3498415124	
7.659771e+04	0	3241671100	2.791000e-08	197654791	
8.013881e+04	0	3737780296	3.349200e-07	1434594601	
8.083681e+04	0	3241671100	2.791000e-08	2693713428	
8.217195e+04	1	2340740170	5.023800e-07	1425083048	
8.255897e+04	1	2799798816	4.186500e-07	598947138	
8.377757e+04	1	2799798816	4.744700e-07	315200650	
8.448183e+04	1	2555962951	3.070100e-07	392861532	
8.577864e+04	1	3321237907	3.564274e-08	3696193412	
8.634759e+04	0	3228084226	2.791000e-08	2190522392	
8.814820e+04	1	3800257563	3.070100e-07	769686034	
8.867689e+04	1	2555962951	3.349200e-07	2669757562	
8.916188e+04	0	2235064901	4.884700e-07	3150420704	
8.944198e+04	0	2799798816	4.744700e-07	659524895	
9.079724e+04	0	3321237907	3.564274e-08	2211003714	
9.080323e+04	0	790319072	2.791000e-08	2263814062	
9.150883e+04	1	3800257563	3.349200e-07	3462747	
9.236416e+04	0	862710978	2.791000e-08	4252347608	
9.386338e+04	1	2349140130	1.256400e-07	3889879026	
9.434385e+04	0	2250879299	2.791000e-08	790319072	
9.690113e+04	0	3534547045	3.907400e-07	486050091	
9.742835e+04	0	3384709749	2.791000e-08	997905375	
9.757772e+04	0	486050091	2.791000e-08	1239307652	
9.778914e+04	0	1735432893	1.395500e-07	3919821980	
9.799555e+04	1	862710978	5.582000e-08	4252347608	
9.874372e+04	1	2984600922	3.070100e-07	3988949870	
9.888660e+04	3	4259593397	3.349200e-07	1593850299	3330100144	1.687588e-08	310481256	1.947206e-08	817087088	1.947206e-08	
9.901106e+04	1	1465560917	4.465600e-07	741863299	
1.029650e+05	0	3534547045	3.907400e-07	1945448119	
1.030156e+05	0	426576124	2.791000e-07	443746396	
1.044141e+05	0	343742982	7.055274e-08	3396227953	
1.051285e+05	1	2799798816	4.939421e-07	310481256	
1.067059e+05	0	3534547045	3.907400e-07	1945448119	
1.070631e+05	1	3534547045	4.116500e-07	1239307652	
1.079984e+05	0	242414939	2.791000e-08	2937387076	
1.121927e+05	0	3232700421	2.791000e-08	848448836	
1.142760e+05	1	2246051850	3.907400e-07	1493201942	
1.168432e+05	0	3737780296	3.349200e-07	1498734392	
1.188694e+05	1	3373526895	4.465600e-07	3919821980	
1.203912e+05	1	1068020906	9.543837e-04	251961497	
1.207453e+05	0	2393342300	2.791000e-08	2528553283	
1.208040e+05	0	2340740170	5.023800e-07	561528368	
1.226554e+05	1	2246051850	4.186500e-07	1481166135	
1.226786e+05	1	3150846686	3.628300e-07	1516068388	
1.262080e+05	1	1075699702	3.907400e-07	3015378843	
1.273945e+05	1	3737780296	3.628300e-07	3428193420	
1.283946e+05	0	2246051850	4.186500e-07	3187199216	
1.287183e+05	0	1465560917	4.465600e-07	242414939	
1.287280e+05	1	426576124	3.070100e-07	3519923770	
1.292189e+05	3	2340740170	5.023800e-07	3321237907	551137729	1.400000e-08	1218250404	2.164274e-08	
1.295061e+05	1	2340740170	5.163800e-07	551137729	
1.297040e+05	3	3921011129	1.051971e-06	3373526895	1035956119	1.435725e-08	1211996162	1.435725e-08	188552836	1.435725e-08	2029773149	1.435725e-08	
1.300418e+05	1	2340740170	5.380227e-07	1218250404	
1.301663e+05	0	1465560917	4.465600e-07	2937387076	
1.302594e+05	1	3921011129	1.066328e-06	2029773149	
1.303118e+05	0	3737780296	3.628300e-07	164438789	
1.327234e+05	0	3004792470	3.628300e-07	2298477853	
1.339227e+05	0	3121047530	5.582000e-08	3232700421	
1.353758e+05	1	3534547045	4.395600e-07	486050091	
1.354662e+05	0	3534547045	4.395600e-07	2528553283	
1.372243e+05	0	2870037616	5.582000e-08	102901530	
1.388063e+05	1	3921011129	1.080686e-06	188552836	
1.391230e+05	1	2340740170	5.659327e-07	242414939	
1.395161e+05	0	3921011129	1.080686e-06	1035956119	
1.401782e+05	0	4259593397	3.349200e-07	817087088	
1.429109e+05	3	2246051850	4.186500e-07	3121047530	302486611	1.400000e-08	1842102965	2.091000e-08	1285693762	2.091000e-08	
1.449676e+05	1	1222799196	5.861100e-07	3241671100	
1.455631e+05	0	3921011129	1.080686e-06	1035956119	
1.462021e+05	0	2349140130	1.256400e-07	2528553283	
1.464707e+05	0	3150846686	3.628300e-07	1285693762	
1.471939e+05	1	1068020906	9.544116e-04	385785803	
1.485985e+05	1	2984600922	3.264821e-07	817087088	
1.506308e+05	0	2799798816	4.939421e-07	1458432161	
1.521351e+05	0	2555962951	3.349200e-07	4188445920	
1.524931e+05	3	3534547045	4.395600e-07	2349140130	1078741991	1.400000e-08	2723643411	1.594857e-08	1804212609	1.594857e-08	438292632	1.594857e-08	2001290253	1.594857e-08	3147695692	1.594857e-08	3179285865	1.594857e-08	2173231515	1.594857e-08	
1.527904e+05	0	3534547045	4.395600e-07	438292632	
1.532047e+05	3	2799798816	4.939421e-07	3737780296	740082705	2.602511e-07	2795063678	1.465413e-08	3642829293	1.465413e-08	2707128518	1.465413e-08	474866315	1.465413e-08	1639799867	1.465413e-08	1026028388	1.465413e-08	1128056158	1.465413e-08	
1.544153e+05	0	545239233	5.023800e-07	3232700421	
1.556699e+05	1	2799798816	5.085962e-07	3642829293	
1.558301e+05	1	3534547045	4.535600e-07	1078741991	
1.559003e+05	3	3004792470	3.628300e-07	1035492323	2909632847	1.637680e-08	937177227	1.972160e-08	3393811039	1.972160e-08	
1.560323e+05	1	3534547045	4.695086e-07	2723643411	
1.563803e+05	1	3424908067	8.373000e-08	2406269022	
1.565265e+05	1	3953846011	5.582000e-08	2919643181	
1.585333e+05	1	3150846686	3.907400e-07	725558489	
1.585942e+05	1	3004792470	3.907400e-07	754869367	
1.589243e+05	1	3534547045	4.854571e-07	3179285865	
1.600279e+05	1	2799798816	7.688473e-07	740082705	
1.612375e+05	0	2710766136	2.791000e-08	3382444416	
1.614171e+05	0	1503861029	2.791000e-08	102901530	
1.614540e+05	0	3150846686	3.907400e-07	1842102965	
1.614814e+05	0	3933289935	2.791000e-08	2409063466	
1.620940e+05	0	545239233	5.023800e-07	1842102965	
1.624285e+05	1	2235064901	5.163800e-07	3150420704	
1.636891e+05	1	3921011129	1.101596e-06	1945448119	
1.657586e+05	1	3147695692	3.189714e-08	2001290253	
1.658137e+05	0	1866926464	2.791000e-08	911013108	
1.663701e+05	0	3475245566	2.791000e-08	4188445920	
1.696059e+05	0	545239233	5.023800e-07	3933289935	
1.708020e+05	0	3534547045	4.854571e-07	1804212609	
1.709838e+05	3	2340740170	9.979749e-07	1465560917	611212867	1.451780e-08	
1.717523e+05	1	1068020906	9.544396e-04	2190522392	
1.720984e+05	0	1222799196	5.861100e-07	1541946641	
1.728479e+05	3	1735432893	1.395500e-07	3147695692	1104410542	1.400000e-08	2328232000	1.789714e-08	
1.736285e+05	0	3534547045	4.854571e-07	1104410542	
1.758497e+05	1	3534547045	5.014057e-07	1804212609	
1.758704e+05	0	2340740170	9.979749e-07	611212867	
1.768767e+05	0	2173231515	1.594857e-08	438292632	
1.775380e+05	1	1222799196	6.140200e-07	2409063466	
1.789093e+05	1	2340740170	1.068528e-06	343742982	
1.797737e+05	1	2246051850	4.465600e-07	3232700421	
1.806616e+05	1	1222799196	1.004760e-06	1075699702	
1.846425e+05	0	129185354	2.791000e-08	810769555	
1.876470e+05	0	659524895	2.791000e-08	482917538	
1.889697e+05	0	3187199216	2.091000e-08	302486611	
1.922214e+05	1	1572835533	3.907400e-07	2250879299	
1.939500e+05	0	179097684	3.070100e-07	2528553283	
1.947586e+05	1	1068020906	9.544675e-04	1415695418	
1.962962e+05	0	862710978	5.582000e-08	2393342300	
1.963625e+05	0	90391199	2.791000e-08	1434594601	
1.984808e+05	1	1735432893	1.535500e-07	1104410542	
2.007906e+05	0	2235064901	5.163800e-07	1211996162	
2.010123e+05	0	3921011129	1.101596e-06	2328232000	
2.010389e+05	0	326805806	2.791000e-08	1541946641	
2.015230e+05	1	1068020906	9.544954e-04	911013108	
2.048079e+05	3	862710978	6.641029e-08	2393342300	2999719241	1.731971e-08	
2.064340e+05	1	862710978	8.373000e-08	2999719241	
2.098054e+05	1	426576124	3.349200e-07	2620740164	
2.111293e+05	0	1572835533	3.907400e-07	611212867	
2.127904e+05	1	2340740170	1.083045e-06	611212867	
2.185848e+05	3	2528553283	1.926284e-08	3704423751	1931993247	1.827858e-08	1494850122	1.827858e-08	
2.187797e+05	1	2528553283	3.754142e-08	1494850122	
2.189626e+05	3	4274934102	2.703334e-08	1128056158	3414514926	1.553079e-08	
2.195796e+05	0	2528553283	3.754142e-08	1931993247	
2.196948e+05	0	2528553283	3.754142e-08	1931993247	
2.208479e+05	0	2528553283	3.754142e-08	1931993247	
2.210485e+05	0	2528553283	3.754142e-08	1931993247	
2.211157e+05	0	2528553283	3.754142e-08	1931993247	
2.237855e+05	1	2984600922	3.543921e-07	3382444416	
2.245855e+05	0	1434594601	2.791000e-08	3823443426	
2.247086e+05	0	1019134040	2.791000e-08	1593891639	
2.266361e+05	0	2856850640	2.791000e-08	3823443426	
2.274974e+05	1	1222799196	1.032670e-06	197654791	
2.282957e+05	1	265770918	5.582000e-08	3823443426	
2.286048e+05	1	2340740170	1.110955e-06	2263814062	
2.318593e+05	3	179097684	3.070100e-07	2528553283	2312786130	1.400000e-08	3537925318	2.354142e-08	
2.321606e+05	0	179097684	3.070100e-07	3537925318	
2.331691e+05	1	179097684	3.305514e-07	3537925318	
2.353198e+05	0	618276123	2.791000e-07	3481866093	
2.406148e+05	1	2340740170	1.138865e-06	2937387076	
2.423771e+05	3	3534547045	5.014057e-07	1735432893	1634407402	1.400000e-08	3869596591	1.550556e-08	3375523036	1.550556e-08	772925454	1.550556e-08	2215785330	1.550556e-08	3491092596	1.550556e-08	57770090	1.550556e-08	3071577057	1.550556e-08	1452489764	1.550556e-08	4260098875	1.550556e-08	
2.425947e+05	0	3071577057	1.550556e-08	2215785330	
2.430116e+05	0	3491092596	1.550556e-08	2215785330	
2.430140e+05	1	3534547045	5.169113e-07	3491092596	
2.432981e+05	0	2173231515	1.594857e-08	3071577057	
2.433323e+05	0	2173231515	1.594857e-08	3071577057	
2.446476e+05	1	3534547045	5.324168e-07	3375523036	
2.450050e+05	0	3921011129	1.101596e-06	1211996162	
2.451618e+05	1	3534547045	5.479224e-07	3869596591	
2.464089e+05	1	3534547045	5.634279e-07	4260098875	
2.475970e+05	1	3534547045	5.789335e-07	1452489764	
2.499578e+05	1	3534547045	5.944390e-07	2215785330	
2.509514e+05	0	3071577057	1.550556e-08	1634407402	
2.545560e+05	1	3534547045	6.099446e-07	3071577057	
2.548470e+05	1	2340740170	1.529605e-06	1572835533	
2.559202e+05	3	1222799196	1.032670e-06	3953846011	3696843781	1.400000e-08	2138100036	2.091000e-08	1726701215	2.091000e-08	
2.560241e+05	0	1222799196	1.032670e-06	2138100036	
2.561867e+05	0	4259593397	3.349200e-07	4122240121	
2.575276e+05	0	2261252686	2.791000e-08	290926289	
2.618883e+05	0	2173231515	1.594857e-08	1634407402	
2.639735e+05	3	3891448235	3.406910e-08	659524895	1412415798	2.175090e-08	
2.663078e+05	0	426576124	3.349200e-07	4226750145	
2.668114e+05	1	2519559028	3.546416e-07	937177227	
2.737686e+05	0	2710766136	2.791000e-08	1026028388	
2.739618e+05	1	438292632	3.145413e-08	772925454	
2.752678e+05	0	2326007700	2.791000e-08	2504591099	
2.787211e+05	1	3534547045	6.239446e-07	1634407402	
2.793467e+05	1	3921011129	1.117101e-06	57770090	
2.804405e+05	3	561528368	2.745544e-08	3187199216	375852842	2.136456e-08	
2.808016e+05	0	2340740170	1.529605e-06	790319072	
2.810214e+05	0	3020817656	2.791000e-08	1931993247	
2.815385e+05	1	2984600922	3.699229e-07	3414514926	
2.818675e+05	0	2235064901	5.163800e-07	302486611	
2.924129e+05	0	179097684	3.305514e-07	3020817656	
2.926577e+05	3	179097684	3.422885e-07	3020817656	3593732192	1.617297e-08	
2.929170e+05	0	179097684	3.422885e-07	3593732192	
2.930244e+05	0	179097684	3.422885e-07	3593732192	
2.932579e+05	0	179097684	3.422885e-07	3593732192	
2.938951e+05	1	179097684	3.584614e-07	3593732192	
2.960946e+05	0	3800257563	3.349200e-07	2909632847	
2.961170e+05	1	4028593304	5.582000e-08	2911053862	
2.962916e+05	1	3150846686	4.050972e-07	1211996162	
3.011541e+05	0	3921011129	1.117101e-06	848448836	
3.027677e+05	1	2246051850	4.674700e-07	1842102965	
3.050059e+05	1	2340740170	1.557515e-06	790319072	
3.051515e+05	0	3004792470	3.907400e-07	3393811039	
3.057330e+05	1	2799798816	7.835014e-07	2707128518	
3.088256e+05	1	1222799196	1.060580e-06	3228084226	
3.096002e+05	0	1222799196	1.060580e-06	3933289935	
3.112067e+05	3	2235064901	5.280174e-07	2757833455	3888264012	1.627263e-08	
3.151376e+05	1	2519559028	3.825516e-07	2545005546	
3.166541e+05	1	2799798816	8.114114e-07	739080713	
3.193728e+05	0	3921011129	1.117101e-06	848448836	
3.210940e+05	3	3424908067	8.373000e-08	862710978	313359544	1.400000e-08	217284033	1.743250e-08	2151269300	1.743250e-08	3913511150	1.743250e-08	2962530363	1.743250e-08	
3.216164e+05	1	3424908067	1.011625e-07	2962530363	
3.226898e+05	1	3424908067	1.185950e-07	2151269300	
3.237301e+05	0	3424908067	1.185950e-07	3913511150	
3.238479e+05	0	3424908067	1.185950e-07	313359544	
3.240550e+05	1	3424908067	1.325950e-07	313359544	
3.246477e+05	0	997905375	2.791000e-08	3824069879	
3.270035e+05	3	4031050948	2.891977e-07	1586980658	2063946235	1.781228e-08	
3.281320e+05	1	179097684	3.724614e-07	2312786130	
3.289573e+05	1	3424908067	1.500275e-07	217284033	
3.294311e+05	1	3424908067	1.674600e-07	3913511150	
3.330626e+05	1	3921011129	1.131458e-06	1035956119	
3.333308e+05	1	2799798816	8.393214e-07	3824069879	
3.368205e+05	1	1068020906	9.545233e-04	2429525676	
3.477738e+05	3	3534547045	6.239446e-07	438292632	1172086036	1.400000e-08	690117576	1.745413e-08	
3.481195e+05	1	3534547045	6.413987e-07	690117576	
3.481497e+05	1	3534547045	6.553987e-07	1172086036	
3.501417e+05	3	1236021306	1.400000e-08	1026028388	3288380490	1.428206e-08	845665321	1.428206e-08	
3.511071e+05	0	2246051850	4.674700e-07	1593891639	
3.534942e+05	0	848448836	2.091000e-08	2328232000	
3.587320e+05	3	2246051850	8.578341e-07	3150846686	3122982648	1.473316e-08	
3.633038e+05	3	3933289935	2.791000e-08	3696843781	1471982444	1.400000e-08	
3.674966e+05	1	2340740170	1.571515e-06	3396227953	
3.761473e+05	0	4031050948	2.891977e-07	443746396	
3.773293e+05	1	4031050948	3.171077e-07	810769555	
3.780982e+05	3	3004792470	6.889441e-07	3800257563	3303338876	1.835793e-08	2875471576	1.835793e-08	
3.900811e+05	0	1037584679	5.582000e-08	1533953788	
3.911209e+05	0	2799798816	8.393214e-07	29350397	
4.040315e+05	1	2799798816	8.672314e-07	1866926464	
4.275002e+05	0	3888264012	1.627263e-08	3122982648	
4.281005e+05	1	3004792470	7.168541e-07	3268335666	
4.312706e+05	0	326805806	2.791000e-08	290926289	
4.437074e+05	1	1068020906	9.545512e-04	2326007700	
4.471004e+05	1	2555962951	3.628300e-07	888311950	
4.519908e+05	3	2799798816	8.672314e-07	2984600922	1738909006	2.020652e-07	356405251	1.525978e-08	2879167783	1.525978e-08	3083352544	1.525978e-08	4198169764	1.525978e-08	821115011	1.525978e-08	2118016430	1.525978e-08	1945735688	1.525978e-08	4093093422	1.525978e-08	2842015324	1.525978e-08	1249238030	1.525978e-08	3214077756	1.525978e-08	
4.561319e+05	3	3004792470	7.168541e-07	265770918	879162223	1.400000e-08	3884425642	2.091000e-08	1149406307	2.091000e-08	
4.584850e+05	3	2246051850	8.578341e-07	545239233	3528332227	2.409812e-07	4004407106	1.452215e-08	451270221	1.452215e-08	3149440925	1.452215e-08	2250775120	1.452215e-08	1130108289	1.452215e-08	2177968201	1.452215e-08	2914302410	1.452215e-08	3655816389	1.452215e-08	3485819286	1.452215e-08	1382686479	1.452215e-08	1803925302	1.452215e-08	3293059020	1.452215e-08	378125977	1.452215e-08	2159618959	1.452215e-08	2441325815	1.452215e-08	3401497744	1.452215e-08	4069401935	1.452215e-08	134948105	1.452215e-08	
4.584850e+05	1	3528332227	2.555034e-07	4004407106	
4.584850e+05	1	3528332227	2.700255e-07	134948105	
4.608810e+05	1	2246051850	8.723562e-07	2914302410	
4.609443e+05	1	2246051850	8.868784e-07	451270221	
4.610414e+05	0	1382686479	1.452215e-08	3655816389	
4.611643e+05	0	4259593397	3.349200e-07	482917538	
4.626992e+05	1	2246051850	9.014005e-07	4069401935	
4.635392e+05	0	3528332227	2.700255e-07	2441325815	
4.635438e+05	1	2235064901	5.427505e-07	3122982648	
4.654309e+05	1	2246051850	1.171426e-06	3528332227	
4.674445e+05	0	2246051850	1.171426e-06	302486611	
4.675733e+05	0	2246051850	1.171426e-06	3293059020	
4.698247e+05	1	2246051850	1.185948e-06	2250775120	
4.705660e+05	1	2246051850	1.200470e-06	3485819286	
4.720377e+05	0	2799798816	8.672314e-07	3214077756	
4.784879e+05	3	1878784256	1.400000e-08	3083352544	1998372786	1.458489e-08	2455922112	1.458489e-08	
4.806475e+05	1	2487301543	5.536544e-08	561528368	
4.809886e+05	1	2799798816	8.951414e-07	290926289	
4.890636e+05	0	1403705120	2.791000e-07	356405251	
4.894833e+05	1	2204676502	2.857178e-04	2063946235	
4.899821e+05	1	2340740170	1.599425e-06	3933289935	
4.901499e+05	0	1738909006	2.020652e-07	3330100144	
4.926844e+05	0	3891448235	3.406910e-08	1236021306	
5.034750e+05	0	2246051850	1.200470e-06	3655816389	
5.112717e+05	1	2235064901	5.572727e-07	3655816389	
5.153523e+05	0	482917538	2.791000e-08	2159618959	
5.225048e+05	0	2235064901	5.572727e-07	378125977	
5.232597e+05	0	2235064901	5.572727e-07	3149440925	
5.233829e+05	1	2246051850	1.221380e-06	1285693762	
5.284054e+05	0	1541946641	2.791000e-08	1149406307	
5.310771e+05	0	2340740170	1.599425e-06	1471982444	
5.318029e+05	1	2340740170	1.627335e-06	102901530	
5.480361e+05	1	1651612823	5.582000e-08	4046076794	
5.527047e+05	1	2235064901	5.717948e-07	1130108289	
5.532974e+05	0	2909632847	1.637680e-08	845665321	
5.586064e+05	0	2870037616	5.582000e-08	1134132465	
5.662297e+05	1	3921011129	1.145458e-06	302486611	
5.722969e+05	1	2235064901	5.863170e-07	3149440925	
5.730481e+05	3	333964007	2.588688e-08	2455922112	3059103076	1.660802e-08	
5.813900e+05	1	2246051850	1.249290e-06	1533953788	
5.902579e+05	3	2211003714	2.635452e-08	1471982444	432337108	1.400000e-08	
5.920689e+05	0	2235064901	5.863170e-07	378125977	
5.957712e+05	3	1498734392	2.161767e-08	1639799867	1902671923	2.094645e-08	
5.970104e+05	1	4031050948	3.337157e-07	3059103076	
6.005621e+05	0	2246051850	1.249290e-06	3401497744	
6.013871e+05	1	2246051850	1.263813e-06	3401497744	
6.028200e+05	1	2246051850	1.278335e-06	1803925302	
6.069772e+05	1	4259593397	3.907400e-07	732124878	
6.074990e+05	0	848448836	2.091000e-08	2328232000	
6.140558e+05	1	4031050948	3.546257e-07	1149406307	
6.172102e+05	3	2555962951	3.628300e-07	4031050948	4209590891	1.400000e-08	77395223	1.419274e-08	3592986772	1.419274e-08	1246511018	1.419274e-08	3986570268	1.419274e-08	174500547	1.419274e-08	4083845756	1.419274e-08	110358663	1.419274e-08	1370908750	1.419274e-08	1837234470	1.419274e-08	2945849429	1.419274e-08	66296937	1.419274e-08	976558236	1.419274e-08	2438291630	1.419274e-08	906368509	1.419274e-08	3783228500	1.419274e-08	2858952728	1.419274e-08	395113485	1.419274e-08	4019363830	1.419274e-08	3016084464	1.419274e-08	921818415	1.419274e-08	2892683898	1.419274e-08	3697249003	1.419274e-08	3983774618	1.419274e-08	4187488967	1.419274e-08	
6.172146e+05	1	395113485	2.838548e-08	2858952728	
6.235174e+05	1	2340740170	1.655245e-06	1134132465	
6.285202e+05	3	3330100144	1.706862e-08	976558236	898751805	1.400000e-08	
6.308798e+05	0	4259593397	3.907400e-07	129185354	
6.309285e+05	3	2693713428	1.400000e-08	1382686479	3632514288	1.421608e-08	410848061	1.421608e-08	
6.319552e+05	0	2487301543	5.536544e-08	3497999925	
6.345642e+05	0	906368509	1.419274e-08	1878784256	
6.359823e+05	1	2246051850	1.306245e-06	1593891639	
6.371212e+05	0	1222799196	1.060580e-06	845665321	
6.553331e+05	3	1738909006	1.998888e-07	1037584679	2791633391	1.449912e-08	630280293	1.449912e-08	4212779140	1.449912e-08	3459374364	1.449912e-08	
6.570780e+05	1	2799798816	9.230514e-07	2074240873	
6.734732e+05	0	2875471576	1.835793e-08	898751805	
6.785314e+05	0	395113485	2.838548e-08	3986570268	
6.837301e+05	1	2799798816	9.383112e-07	4093093422	
6.846584e+05	0	3497999925	2.791000e-08	482917538	
6.889661e+05	1	921818415	2.838548e-08	2438291630	
6.898627e+05	0	2799798816	9.383112e-07	1019134040	
6.908436e+05	0	2519559028	3.825516e-07	1249238030	
6.915093e+05	1	2246051850	1.334155e-06	482917538	
6.957879e+05	0	164438789	2.791000e-08	630280293	
6.963243e+05	3	2340740170	1.655245e-06	1222799196	2125331604	3.161632e-07	3113062634	1.404560e-08	847040419	1.404560e-08	4240624600	1.404560e-08	1565786989	1.404560e-08	2286860921	1.404560e-08	3707879645	1.404560e-08	2746930994	1.404560e-08	4075596975	1.404560e-08	4283280385	1.404560e-08	538453177	1.404560e-08	3121292019	1.404560e-08	3349724438	1.404560e-08	4253718737	1.404560e-08	3297362622	1.404560e-08	1751902433	1.404560e-08	2878871175	1.404560e-08	3083717413	1.404560e-08	220564665	1.404560e-08	3653734512	1.404560e-08	3815024321	1.404560e-08	1428265047	1.404560e-08	3604532305	1.404560e-08	1869365069	1.404560e-08	965372172	1.404560e-08	607396504	1.404560e-08	2533881277	1.404560e-08	472358284	1.404560e-08	1950077488	1.404560e-08	1820499179	1.404560e-08	4055959668	1.404560e-08	528880979	1.404560e-08	3778036871	1.404560e-08	1405660995	1.404560e-08	3662110242	1.404560e-08	2247026945	1.404560e-08	4032129539	1.404560e-08	4035587434	1.404560e-08	3111692719	1.404560e-08	1398579088	1.404560e-08	2501379955	1.404560e-08	3332562587	1.404560e-08	3562383954	1.404560e-08	2521380987	1.404560e-08	4119421155	1.404560e-08	1913762779	1.404560e-08	3678948817	1.404560e-08	2489195127	1.404560e-08	3929228125	1.404560e-08	3160344427	1.404560e-08	3182159117	1.404560e-08	766581564	1.404560e-08	3702894340	1.404560e-08	3532745758	1.404560e-08	
6.963243e+05	1	2125331604	3.302088e-07	3113062634	
6.963243e+05	1	2125331604	3.442544e-07	3532745758	
6.963243e+05	1	2125331604	3.583000e-07	847040419	
6.963243e+05	1	2125331604	3.723456e-07	3702894340	
6.963244e+05	1	2125331604	3.863912e-07	4240624600	
6.963244e+05	1	2125331604	4.004368e-07	766581564	
6.963269e+05	1	2125331604	4.144824e-07	3182159117	
6.963539e+05	0	2340740170	1.655245e-06	4253718737	
6.963816e+05	1	2340740170	1.669291e-06	4119421155	
6.964714e+05	1	1751902433	2.809120e-08	3297362622	
6.967620e+05	1	2125331604	4.285280e-07	3678948817	
6.967832e+05	1	2125331604	4.425736e-07	2286860921	
6.968009e+05	0	2340740170	1.669291e-06	3778036871	
6.969932e+05	0	3929228125	1.404560e-08	1913762779	
6.972408e+05	3	2340740170	1.669291e-06	2125331604	1072840122	2.545360e-07	3294683754	1.446443e-08	1676003954	1.446443e-08	4285585893	1.446443e-08	2674988631	1.446443e-08	406745133	1.446443e-08	2883513480	1.446443e-08	783121895	1.446443e-08	2683944377	1.446443e-08	2961226102	1.446443e-08	301219709	1.446443e-08	1743198400	1.446443e-08	3059144981	1.446443e-08	3952655669	1.446443e-08	
6.972429e+05	1	4285585893	2.892886e-08	3294683754	
6.975176e+05	1	2340740170	1.683756e-06	2683944377	
6.976104e+05	1	2340740170	1.697801e-06	472358284	
6.976797e+05	0	4285585893	2.892886e-08	528880979	
6.981430e+05	1	2340740170	1.711847e-06	1950077488	
6.982439e+05	1	4253718737	2.809120e-08	2746930994	
6.986294e+05	1	2340740170	1.725892e-06	2247026945	
6.991216e+05	0	4055959668	1.404560e-08	2533881277	
7.006254e+05	1	2340740170	1.740357e-06	2674988631	
7.010982e+05	1	2340740170	1.754402e-06	1565786989	
7.034519e+05	1	2519559028	4.104616e-07	997905375	
7.054295e+05	1	2799798816	9.535710e-07	3214077756	
7.074864e+05	1	1072840122	2.826272e-07	4253718737	
7.083633e+05	3	1072840122	2.826272e-07	1738909006	2848685905	1.400000e-08	1826422368	1.429914e-08	896813269	1.429914e-08	37051273	1.429914e-08	1867247157	1.429914e-08	3633199892	1.429914e-08	1736323711	1.429914e-08	283080478	1.429914e-08	785216844	1.429914e-08	3006103420	1.429914e-08	2898323513	1.429914e-08	1199222225	1.429914e-08	3755198008	1.429914e-08	2795041644	1.429914e-08	
7.084194e+05	0	2340740170	1.754402e-06	1820499179	
7.085173e+05	1	2340740170	1.768448e-06	2521380987	
7.095102e+05	1	2340740170	1.782494e-06	1428265047	
7.117764e+05	3	2211003714	2.663658e-08	3288380490	3492274228	1.400000e-08	
7.138613e+05	3	2555962951	3.628300e-07	426576124	1420914473	1.400000e-08	439844059	1.458727e-08	3802520055	1.458727e-08	3012889883	1.458727e-08	3363823620	1.458727e-08	1086559163	1.458727e-08	3063534263	1.458727e-08	2013640095	1.458727e-08	1461359102	1.458727e-08	2027098952	1.458727e-08	4167430602	1.458727e-08	4096225443	1.458727e-08	781549661	1.458727e-08	907719639	1.458727e-08	1906851972	1.458727e-08	2597880038	1.458727e-08	1896745001	1.458727e-08	2378434411	1.458727e-08	1837088337	1.458727e-08	1543523724	1.458727e-08	1761715697	1.458727e-08	3099973400	1.458727e-08	2789348510	1.458727e-08	
7.143223e+05	1	2340740170	1.796539e-06	607396504	
7.155002e+05	1	2340740170	1.810585e-06	4035587434	
7.174330e+05	1	4285585893	4.297446e-08	1820499179	
7.198210e+05	0	921818415	2.838548e-08	4096225443	
7.205601e+05	1	1072840122	2.966728e-07	2533881277	
7.211483e+05	0	783121895	1.446443e-08	3083717413	
7.213331e+05	0	2487301543	5.536544e-08	1676003954	
7.233829e+05	3	4096225443	1.505170e-08	1676003954	1371202285	1.400000e-08	
7.236124e+05	1	2340740170	1.825049e-06	3952655669	
7.249812e+05	1	1867247157	2.834474e-08	3778036871	
7.255838e+05	0	2340740170	1.825049e-06	4055959668	
7.281950e+05	0	2246051850	1.334155e-06	3293059020	
7.290736e+05	1	2340740170	1.839095e-06	2878871175	
7.294221e+05	0	2340740170	1.839095e-06	3604532305	
7.322520e+05	3	4096225443	1.509730e-08	3083717413	629078091	1.400000e-08	
7.363740e+05	0	1913762779	1.404560e-08	1236021306	
7.385575e+05	1	2340740170	1.853140e-06	3604532305	
7.405255e+05	0	4285585893	4.297446e-08	3707879645	
7.417605e+05	0	3929228125	1.404560e-08	3111692719	
7.418248e+05	1	4028593304	7.107978e-08	2842015324	
7.433825e+05	1	1072840122	3.111372e-07	2883513480	
7.438592e+05	1	4028593304	8.566706e-08	3363823620	
7.446035e+05	0	2118016430	1.525978e-08	2892683898	
7.477803e+05	0	3006103420	1.429914e-08	3332562587	
7.478091e+05	1	2340740170	1.867186e-06	3815024321	
7.509930e+05	1	2340740170	1.881485e-06	896813269	
7.521785e+05	1	283080478	2.834474e-08	2489195127	
7.528416e+05	0	2340740170	1.881485e-06	3111692719	
7.542133e+05	0	4096225443	1.509730e-08	4055959668	
7.555805e+05	1	2340740170	1.895531e-06	3707879645	
7.567552e+05	0	2235064901	5.863170e-07	3497999925	
7.589564e+05	0	2340740170	1.895531e-06	4075596975	
7.592885e+05	1	2340740170	1.909576e-06	4075596975	
7.595885e+05	0	2340740170	1.909576e-06	3755198008	
7.605170e+05	1	1068020906	9.545791e-04	1434594601	
7.632266e+05	1	2340740170	1.923622e-06	3662110242	
7.636267e+05	1	2340740170	1.937668e-06	4032129539	
7.678191e+05	0	2235064901	5.863170e-07	2177968201	
7.679218e+05	3	2340740170	1.937668e-06	1867247157	754560055	1.400000e-08	1737134642	1.434474e-08	
7.702866e+05	0	2340740170	1.937668e-06	3653734512	
7.713417e+05	1	2340740170	1.951713e-06	3653734512	
7.720592e+05	0	2298477853	2.791000e-08	1019134040	
7.722880e+05	0	3121292019	1.404560e-08	538453177	
7.734335e+05	1	3921011129	1.159504e-06	4055959668	
7.735372e+05	1	2501379955	2.809120e-08	3121292019	
7.740994e+05	3	4226750145	2.795560e-08	528880979	37613351	1.400000e-08	
7.767070e+05	0	2487301543	5.536544e-08	2961226102	
7.779516e+05	0	1199222225	1.429914e-08	2848685905	
7.796008e+05	1	373638573	1.000000e+00	898751805	
7.798931e+05	1	2340740170	1.966012e-06	1826422368	
7.829169e+05	1	2340740170	1.980012e-06	629078091	
7.835258e+05	1	2340740170	1.994058e-06	220564665	
7.893951e+05	0	1664502715	2.791000e-08	3697249003	
7.959847e+05	1	4259593397	4.059998e-07	821115011	
7.992101e+05	1	2340740170	2.022013e-06	4226750145	
7.995353e+05	0	1072840122	3.111372e-07	2898323513	
8.003593e+05	1	2340740170	2.036059e-06	1869365069	
8.017687e+05	1	1072840122	3.541117e-07	4285585893	
8.035757e+05	1	4259593397	4.205871e-07	2789348510	
8.037630e+05	0	3037779432	2.791000e-08	4019363830	
8.053017e+05	1	3004792470	7.314414e-07	1906851972	
8.122041e+05	0	2956861855	2.791000e-08	3006103420	
8.165827e+05	0	1072840122	3.541117e-07	37051273	
8.179349e+05	1	2340740170	2.050358e-06	3755198008	
8.214999e+05	0	3424908067	1.674600e-07	2173231515	
8.218519e+05	0	2961226102	1.446443e-08	1236021306	
8.219083e+05	0	378125977	1.452215e-08	2848685905	
8.243414e+05	0	2340740170	2.050358e-06	1743198400	
8.253322e+05	0	1651612823	5.582000e-08	301219709	
8.287326e+05	0	2961226102	1.446443e-08	3160344427	
8.299330e+05	1	3534547045	6.699209e-07	2177968201	
8.314148e+05	3	253808213	1.400000e-08	2211003714	3434666020	2.027329e-08	2369258877	2.027329e-08	
8.368230e+05	0	2791633391	1.449912e-08	3492274228	
8.403956e+05	1	2340740170	2.106178e-06	1651612823	
8.424944e+05	1	1072840122	3.681117e-07	754560055	
8.447237e+05	0	2340740170	2.106178e-06	3349724438	
8.451578e+05	0	3534547045	6.699209e-07	2328232000	
8.475869e+05	0	3004792470	7.314414e-07	2795063678	
8.506269e+05	1	2799798816	9.675710e-07	37613351	
8.508460e+05	0	2555962951	3.628300e-07	4083845756	
8.517829e+05	1	2246051850	1.348499e-06	1737134642	
8.533912e+05	3	1998372786	1.458489e-08	4209590891	3563522875	1.400000e-08	
8.573396e+05	1	2799798816	9.826683e-07	4096225443	
8.591138e+05	1	1072840122	3.864696e-07	2875471576	
8.605051e+05	1	1068020906	9.546070e-04	3392858646	
8.606981e+05	0	1664502715	2.791000e-08	2892683898	
8.627338e+05	0	3004792470	7.314414e-07	333964007	
8.706579e+05	3	1931993247	2.022715e-08	2173231515	249728555	1.400000e-08	
8.711551e+05	1	3004792470	7.456341e-07	3016084464	
8.775284e+05	1	1931993247	3.422715e-08	249728555	
8.833317e+05	0	3349724438	1.404560e-08	253808213	
8.840680e+05	0	2879167783	1.525978e-08	1371202285	
8.863571e+05	1	2340740170	2.134269e-06	1751902433	
8.864547e+05	3	2956861855	1.400000e-08	1370908750	4285226245	1.405137e-08	2707460946	1.405137e-08	
8.940020e+05	1	2340740170	2.148269e-06	3492274228	
8.976261e+05	0	1503861029	2.791000e-08	1896745001	
9.045941e+05	3	179097684	3.724614e-07	1931993247	2606325002	1.400000e-08	1541925803	2.022715e-08	
9.050618e+05	1	179097684	3.864614e-07	2606325002	
9.050838e+05	1	179097684	4.066886e-07	1541925803	
9.060605e+05	0	1249238030	1.525978e-08	785216844	
9.086335e+05	0	4122240121	2.791000e-08	2879167783	
9.097264e+05	1	3004792470	7.735441e-07	2298477853	
9.109382e+05	1	3004792470	7.877369e-07	4187488967	
9.112485e+05	1	2340740170	2.176614e-06	283080478	
9.114287e+05	1	2340740170	2.190614e-06	2848685905	
9.121783e+05	0	2519559028	4.104616e-07	1726701215	
9.130514e+05	0	825415804	2.791000e-08	3563522875	
9.138802e+05	0	2519559028	4.104616e-07	2261252686	
9.169410e+05	1	3004792470	8.019296e-07	3983774618	
9.203921e+05	1	37051273	2.834474e-08	3562383954	
9.262417e+05	0	2340740170	2.190614e-06	2138100036	
9.263644e+05	1	2340740170	2.205079e-06	3059144981	
9.326118e+05	1	2340740170	2.232989e-06	3497999925	
9.334538e+05	1	2340740170	2.247453e-06	783121895	
9.382177e+05	0	1743198400	1.446443e-08	2795041644	
9.438272e+05	0	811613008	2.791000e-08	110358663	
9.439319e+05	1	2340740170	2.261975e-06	378125977	
9.471494e+05	0	375852842	2.136456e-08	965372172	
9.671224e+05	3	1086559163	1.488641e-08	2898323513	2024675612	1.400000e-08	
9.693869e+05	1	2487301543	6.941104e-08	4283280385	
9.720817e+05	1	2340740170	2.276021e-06	538453177	
9.775208e+05	1	2799798816	9.979281e-07	2118016430	
9.780705e+05	0	3534547045	6.699209e-07	2328232000	
9.818507e+05	0	164438789	2.791000e-08	1405660995	
9.834519e+05	0	3481866093	2.791000e-08	1086559163	
9.861058e+05	0	3534547045	6.699209e-07	2328232000	
9.891771e+05	0	129185354	2.791000e-08	3633199892	
9.935873e+05	1	2340740170	2.290543e-06	2159618959	
9.958655e+05	0	3921011129	1.159504e-06	2328232000	
9.962868e+05	3	4188445920	1.475355e-08	356405251	1292023300	1.420811e-08	3302973195	1.420811e-08	
9.997406e+05	1	164438789	4.195560e-08	3929228125	
1.000345e+06	0	333964007	2.588688e-08	1249238030	
1.014822e+06	0	728028737	2.791000e-08	1543523724	
1.025088e+06	1	2340740170	2.304588e-06	3332562587	
1.028336e+06	1	2235064901	6.072634e-07	1902671923	
1.051333e+06	0	2555962951	3.628300e-07	811613008	
1.058636e+06	3	2246051850	1.348499e-06	2501379955	875106938	1.400000e-08	3314075649	1.409120e-08	
1.063309e+06	1	2246051850	1.362499e-06	875106938	
1.064474e+06	0	2246051850	1.362499e-06	3314075649	
1.065844e+06	0	2246051850	1.362499e-06	3314075649	
1.068403e+06	0	2961226102	1.446443e-08	3006103420	
1.070897e+06	0	3632514288	1.421608e-08	3314075649	
1.078844e+06	1	2340740170	2.332933e-06	37051273	
1.079320e+06	3	4188445920	1.496167e-08	1292023300	2589646060	1.400000e-08	
1.100649e+06	0	728028737	2.791000e-08	1945735688	
1.102704e+06	1	3004792470	8.161224e-07	2945849429	
1.102770e+06	0	1072840122	3.864696e-07	253808213	
1.109937e+06	0	375852842	2.136456e-08	2693713428	
1.116013e+06	0	4083845756	1.419274e-08	1405660995	
1.124655e+06	1	2555962951	3.770227e-07	3697249003	
1.124931e+06	1	2340740170	2.346985e-06	4285226245	
1.126515e+06	1	1072840122	4.009687e-07	630280293	
1.137160e+06	0	4212779140	1.449912e-08	301219709	
1.141431e+06	1	3475245566	4.249727e-08	3063534263	
1.144315e+06	1	2799798816	1.012515e-06	1896745001	
1.144925e+06	3	2799798816	1.012515e-06	4259593397	3433591204	2.297802e-07	1848242772	1.467745e-08	250719570	1.467745e-08	2681498831	1.467745e-08	481808867	1.467745e-08	2066612683	1.467745e-08	3458484829	1.467745e-08	2719204682	1.467745e-08	4256642775	1.467745e-08	2449448537	1.467745e-08	463844675	1.467745e-08	3167902617	1.467745e-08	579073438	1.467745e-08	3468130899	1.467745e-08	
1.144925e+06	1	3433591204	2.444577e-07	1848242772	
1.144925e+06	1	3433591204	2.591351e-07	3468130899	
1.145209e+06	1	2799798816	1.027193e-06	2681498831	
1.151896e+06	0	2799798816	1.027193e-06	1503861029	
1.155272e+06	0	811613008	2.791000e-08	2024675612	
1.156031e+06	0	3475245566	4.249727e-08	3802520055	
1.157378e+06	3	3279231079	1.400000e-08	907719639	393090083	1.424864e-08	2343849308	1.424864e-08	
1.158362e+06	0	4198169764	1.525978e-08	1398579088	
1.164110e+06	1	2555962951	3.917002e-07	481808867	
1.166736e+06	0	2799798816	1.027193e-06	393090083	
1.188053e+06	1	2340740170	2.361030e-06	3160344427	
1.197710e+06	0	2235064901	6.072634e-07	3293059020	
1.201791e+06	1	2340740170	2.375121e-06	3314075649	
1.212724e+06	0	2246051850	1.362499e-06	2795041644	
1.215983e+06	1	2799798816	1.041193e-06	1420914473	
1.217473e+06	0	410848061	1.421608e-08	432337108	
1.217709e+06	1	3475245566	5.669001e-08	174500547	
1.218180e+06	0	2340740170	2.375121e-06	1405660995	
1.222827e+06	0	2138100036	2.091000e-08	406745133	
1.224326e+06	1	1249238030	2.975890e-08	4212779140	
1.228358e+06	3	3802520055	1.458727e-08	1371202285	1055469694	1.400000e-08	
1.230684e+06	0	2340740170	2.375121e-06	1736323711	
1.247558e+06	1	3004792470	8.301680e-07	965372172	
1.261348e+06	0	2340740170	2.375121e-06	906368509	
1.272910e+06	1	2235064901	6.217856e-07	3293059020	
1.278433e+06	1	3921011129	1.174158e-06	474866315	
1.292892e+06	0	1019134040	2.791000e-08	1945735688	
1.300873e+06	1	2246051850	1.382773e-06	2369258877	
1.302260e+06	0	2246051850	1.382773e-06	1246511018	
1.304575e+06	3	2066612683	1.497658e-08	1736323711	627452446	1.400000e-08	
1.304741e+06	0	3534547045	6.699209e-07	1913762779	
1.307251e+06	3	3891448235	1.827939e-08	781549661	2014426858	1.518849e-08	2716949832	1.518849e-08	
1.309350e+06	1	1068020906	9.546349e-04	3838279446	
1.321362e+06	1	2799798816	1.055780e-06	1837088337	
1.332087e+06	3	2027098952	1.505170e-08	2961226102	552634658	1.400000e-08	
1.345295e+06	1	3004792470	8.453565e-07	2014426858	
1.351619e+06	1	2799798816	1.070279e-06	2791633391	
1.354071e+06	0	2519559028	4.104616e-07	579073438	
1.354503e+06	1	1072840122	4.152174e-07	2343849308	
1.354760e+06	0	4274934102	2.703334e-08	2707460946	
1.356132e+06	1	1072840122	4.304772e-07	2879167783	
1.359548e+06	3	2870037616	2.759299e-08	579073438	3736523900	1.430148e-08	2213923665	1.430148e-08	1503202005	1.430148e-08	
1.363943e+06	3	1507417240	1.400000e-08	2013640095	3202152185	1.424864e-08	2622395779	1.424864e-08	
1.369094e+06	1	2799798816	1.084279e-06	627452446	
1.369935e+06	1	2235064901	6.362500e-07	406745133	
1.373319e+06	3	2870037616	2.538366e-08	1726701215	3607413901	2.311934e-08	
1.377557e+06	0	2235064901	6.362500e-07	3632514288	
1.397348e+06	1	2340740170	2.389799e-06	3458484829	
1.412483e+06	3	4122240121	2.795560e-08	3349724438	649593533	1.400000e-08	
1.413091e+06	0	2799798816	1.084279e-06	2213923665	
1.425922e+06	3	2340740170	2.750214e-06	2519559028	66987975	1.668228e-08	483021244	1.668228e-08	3707800333	1.668228e-08	
1.426180e+06	1	2340740170	2.766896e-06	483021244	
1.429514e+06	1	3004792470	8.596579e-07	3736523900	
1.434383e+06	3	1761715697	1.458727e-08	3563522875	3528190190	1.400000e-08	
1.441085e+06	3	2340740170	2.766896e-06	2487301543	2185291493	1.400000e-08	550176535	1.847035e-08	1674415855	1.847035e-08	4287239676	1.847035e-08	
1.441156e+06	1	2340740170	2.785366e-06	4287239676	
1.442281e+06	1	2340740170	2.803837e-06	1674415855	
1.445171e+06	0	1249238030	2.975890e-08	463844675	
1.445318e+06	1	2340740170	3.234314e-06	1072840122	
1.458454e+06	1	2246051850	1.404137e-06	375852842	
1.463881e+06	0	326805806	2.791000e-08	3099973400	
1.471576e+06	0	4122240121	2.795560e-08	649593533	
1.475229e+06	0	1412415798	2.175090e-08	649593533	
1.485960e+06	1	2340740170	3.250996e-06	3707800333	
1.527038e+06	3	3433591204	2.558816e-07	3279231079	3884987045	1.725356e-08	
1.537057e+06	0	618276123	2.791000e-07	2707460946	
1.544284e+06	0	4274934102	2.703334e-08	110358663	
1.547289e+06	0	3921011129	1.174158e-06	848448836	
1.568960e+06	0	129185354	2.791000e-08	432337108	
1.583207e+06	0	3108364485	2.791000e-08	3012889883	
1.583700e+06	1	2246051850	1.418137e-06	253808213	
1.591737e+06	3	2799798816	1.084279e-06	3004792470	1960974751	2.456950e-08	309459595	1.415404e-08	2348040613	1.415404e-08	3180086772	1.415404e-08	3833074883	1.415404e-08	1462644303	1.415404e-08	4088625113	1.415404e-08	1237914369	1.415404e-08	2733144751	1.415404e-08	1649557018	1.415404e-08	1831065885	1.415404e-08	79461789	1.415404e-08	1621314342	1.415404e-08	2016090987	1.415404e-08	1553963666	1.415404e-08	1002680420	1.415404e-08	734120091	1.415404e-08	2475979558	1.415404e-08	2649056468	1.415404e-08	3381587904	1.415404e-08	175860597	1.415404e-08	1089013536	1.415404e-08	552498239	1.415404e-08	481049431	1.415404e-08	2950407739	1.415404e-08	72955594	1.415404e-08	1771264541	1.415404e-08	2353028958	1.415404e-08	2980075456	1.415404e-08	3449694611	1.415404e-08	1194638860	1.415404e-08	114837353	1.415404e-08	2341758500	1.415404e-08	651046398	1.415404e-08	2780384598	1.415404e-08	1061526795	1.415404e-08	3342541004	1.415404e-08	1577969976	1.415404e-08	695939830	1.415404e-08	229435916	1.415404e-08	1850435983	1.415404e-08	19131048	1.415404e-08	2426951832	1.415404e-08	3089865955	1.415404e-08	3526559023	1.415404e-08	73116178	1.415404e-08	2654473721	1.415404e-08	2564127097	1.415404e-08	3554620561	1.415404e-08	2789301560	1.415404e-08	3201932102	1.415404e-08	3527214469	1.415404e-08	224410298	1.415404e-08	3967778277	1.415404e-08	1759850032	1.415404e-08	2704180049	1.415404e-08	287394855	1.415404e-08	2670951229	1.415404e-08	2367820772	1.415404e-08	771359632	1.415404e-08	
1.591737e+06	1	1960974751	3.872354e-08	771359632	
1.591737e+06	1	1960974751	5.287758e-08	309459595	
1.591737e+06	1	3180086772	2.830808e-08	2348040613	
1.591737e+06	1	2367820772	2.830808e-08	2670951229	
1.592447e+06	0	3180086772	2.830808e-08	2341758500	
1.593197e+06	0	1503202005	1.430148e-08	3632514288	
1.593779e+06	1	2799798816	1.098433e-06	1061526795	
1.595235e+06	0	3554620561	1.415404e-08	3089865955	
1.599060e+06	0	2799798816	1.098433e-06	3527214469	
1.599368e+06	1	2799798816	1.112587e-06	3089865955	
1.600416e+06	0	4083845756	1.419274e-08	734120091	
1.601725e+06	1	2340740170	3.265460e-06	1743198400	
1.603166e+06	0	1664502715	2.791000e-08	1462644303	
1.603902e+06	0	19131048	1.415404e-08	3381587904	
1.603930e+06	3	1249238030	2.411083e-08	1461359102	4186562710	2.023534e-08	
1.605088e+06	3	3534547045	6.553462e-07	1913762779	3211480542	1.431013e-08	346987663	1.431013e-08	
1.605195e+06	1	3534547045	6.696564e-07	346987663	
1.605449e+06	1	2799798816	1.126741e-06	2789301560	
1.606265e+06	1	3534547045	6.839665e-07	3211480542	
1.606510e+06	1	2066612683	2.913062e-08	72955594	
1.607504e+06	1	2799798816	1.140895e-06	1649557018	
1.608338e+06	0	250719570	1.467745e-08	2795041644	
1.608388e+06	1	2799798816	1.155049e-06	1002680420	
1.609556e+06	0	2340740170	3.265460e-06	4186562710	
1.614455e+06	1	2340740170	3.279460e-06	2185291493	
1.614872e+06	0	2340740170	3.279460e-06	1199222225	
1.616087e+06	0	1759850032	1.415404e-08	2649056468	
1.616172e+06	1	2235064901	6.505515e-07	2213923665	
1.616883e+06	1	2340740170	3.294138e-06	2719204682	
1.619299e+06	1	3433591204	2.700356e-07	79461789	
1.622627e+06	1	2555962951	4.058542e-07	2649056468	
1.623246e+06	3	4198169764	1.584706e-08	1761715697	1922039940	1.400000e-08	
1.624785e+06	1	2555962951	4.200083e-07	2980075456	
1.625928e+06	0	2799798816	1.155049e-06	2353028958	
1.629113e+06	1	2799798816	1.183357e-06	2367820772	
1.630674e+06	1	2246051850	1.432436e-06	2795041644	
1.630727e+06	1	2799798816	1.197512e-06	2704180049	
1.631303e+06	1	3433591204	2.872892e-07	3884987045	
1.637413e+06	0	4028593304	8.566706e-08	3967778277	
1.641186e+06	0	2799798816	1.197512e-06	1553963666	
1.646640e+06	0	3783228500	1.419274e-08	1922039940	
1.649250e+06	0	4167430602	1.458727e-08	114837353	
1.654568e+06	0	1199222225	1.429914e-08	2693713428	
1.656232e+06	1	2340740170	3.308437e-06	1199222225	
1.662348e+06	0	333964007	2.588688e-08	2016090987	
1.663096e+06	3	2654473721	1.430808e-08	651046398	2110688926	1.400000e-08	
1.666232e+06	0	2340740170	3.308437e-06	2707460946	
1.670128e+06	3	2654473721	1.430808e-08	649593533	1314810707	1.400000e-08	
1.670711e+06	1	2246051850	1.446652e-06	3632514288	
1.673235e+06	0	2246051850	1.446652e-06	2138100036	
1.678776e+06	0	3180086772	2.830808e-08	114837353	
1.679557e+06	1	2799798816	1.211666e-06	1553963666	
1.679982e+06	0	848448836	2.091000e-08	2441325815	
1.688295e+06	1	2799798816	1.225666e-06	2110688926	
1.688694e+06	3	811613008	2.533432e-08	1019134040	2472898255	1.524284e-08	3459912306	1.524284e-08	
1.689365e+06	0	1458432161	2.791000e-08	1249238030	
1.690861e+06	0	2246051850	1.446652e-06	552634658	
1.691105e+06	0	2654473721	1.430808e-08	224410298	
1.692026e+06	0	2856850640	2.791000e-08	463844675	
1.692971e+06	1	2799798816	1.239820e-06	229435916	
1.694512e+06	0	1960974751	5.287758e-08	2475979558	
1.694518e+06	1	2340740170	3.334324e-06	333964007	
1.696465e+06	0	3433591204	2.872892e-07	552498239	
1.699962e+06	0	4122240121	2.795560e-08	2138100036	
1.713725e+06	0	4028593304	8.566706e-08	326805806	
1.718105e+06	0	2340740170	3.334324e-06	3783228500	
1.721860e+06	3	2066612683	2.560067e-08	2589646060	1598213090	1.752995e-08	
1.724499e+06	0	3434666020	2.027329e-08	2027098952	
1.726977e+06	1	2340740170	3.348324e-06	1055469694	
1.737542e+06	1	2340740170	3.363512e-06	2716949832	
1.744670e+06	1	2555962951	4.345955e-07	4167430602	
1.763279e+06	1	618276123	2.931000e-07	1922039940	
1.766642e+06	0	3012889883	1.458727e-08	2353028958	
1.766681e+06	1	2235064901	6.785071e-07	4122240121	
1.769846e+06	0	848448836	2.091000e-08	4186562710	
1.771420e+06	1	373638573	1.000000e+00	3481866093	
1.772257e+06	0	1249238030	2.411083e-08	4198169764	
1.793203e+06	1	373638573	1.000000e+00	552634658	
1.793375e+06	3	2449448537	1.483149e-08	3527214469	1495382923	1.400000e-08	
1.805124e+06	3	3891448235	1.857853e-08	785216844	722767024	1.400000e-08	
1.811673e+06	0	3888264012	1.627263e-08	3111692719	
1.814028e+06	0	66987975	1.668228e-08	1089013536	
1.821212e+06	0	2341758500	1.415404e-08	481049431	
1.821924e+06	1	2246051850	1.460869e-06	410848061	
1.825167e+06	1	373638573	1.000000e+00	129185354	
1.828494e+06	0	2340740170	3.363512e-06	1236021306	
1.830774e+06	0	3433591204	2.872892e-07	3891448235	
1.849391e+06	3	3884425642	2.158745e-08	463844675	515125813	1.400000e-08	
1.850542e+06	1	2246051850	1.479339e-06	550176535	
1.858485e+06	1	2246051850	1.499574e-06	4186562710	
1.859608e+06	0	2340740170	3.363512e-06	2353028958	
1.869196e+06	0	2472898255	1.524284e-08	175860597	
1.869770e+06	3	3342541004	1.415404e-08	1495382923	1298902656	1.400000e-08	
1.874131e+06	1	1068020906	9.546491e-04	1850435983	
1.877464e+06	3	1998372786	1.508401e-08	3459374364	3532628785	1.400000e-08	
1.882080e+06	1	2799798816	1.254012e-06	1246511018	
1.895040e+06	1	2340740170	3.377512e-06	3532628785	
1.898488e+06	0	164438789	4.195560e-08	848448836	
1.904504e+06	1	2799798816	1.268166e-06	287394855	
1.908068e+06	0	3434666020	2.027329e-08	2441325815	
1.917207e+06	0	3554620561	1.415404e-08	2733144751	
1.917655e+06	1	3921011129	1.194431e-06	3434666020	
1.922396e+06	0	3433591204	2.872892e-07	3891448235	
1.925513e+06	1	2340740170	3.391666e-06	2353028958	
1.927687e+06	1	1068020906	9.546638e-04	3167902617	
1.930736e+06	3	2799798816	1.268166e-06	3180086772	826924968	1.400000e-08	3190311976	1.430808e-08	
1.940380e+06	0	1960974751	5.287758e-08	3967778277	
1.948964e+06	1	3424908067	1.816140e-07	175860597	
1.949119e+06	1	2799798816	1.282320e-06	4088625113	
1.949392e+06	0	2555962951	4.345955e-07	1759850032	
1.949615e+06	3	1347872676	2.298724e-08	2426951832	841878026	1.907680e-08	
1.950162e+06	1	1068020906	9.546790e-04	2472898255	
1.961280e+06	3	3190311976	1.446212e-08	1577969976	2747938267	1.400000e-08	
1.967732e+06	1	2340740170	3.405666e-06	2693713428	
1.975191e+06	0	2799798816	1.282320e-06	722767024	
1.980698e+06	0	2340740170	3.405666e-06	2441325815	
1.981643e+06	3	728028737	1.400000e-08	301219709	3177521820	1.418722e-08	3363025910	1.418722e-08	
2.007552e+06	0	1960974751	5.287758e-08	825415804	
2.012857e+06	1	2246051850	1.514658e-06	1998372786	
2.016068e+06	3	2328232000	1.872863e-08	2449448537	1290268226	1.400000e-08	
2.018889e+06	3	1759850032	1.430808e-08	2564127097	764400056	1.400000e-08	
2.021999e+06	0	2261252686	2.791000e-08	1239791232	
2.024707e+06	0	2340740170	3.405666e-06	734120091	
2.027324e+06	1	2340740170	3.419820e-06	114837353	
2.032028e+06	1	2340740170	3.434343e-06	2441325815	
2.040936e+06	0	2340740170	3.434343e-06	734120091	
2.040966e+06	1	2340740170	3.448497e-06	734120091	
2.044628e+06	0	3433591204	2.872892e-07	2378434411	
2.050421e+06	3	1347872676	2.317998e-08	3783228500	1517815290	1.400000e-08	
2.050633e+06	3	250719570	1.483149e-08	1462644303	66064165	1.400000e-08	
2.051132e+06	1	2340740170	3.463756e-06	1945735688	
2.055225e+06	1	2340740170	3.477910e-06	73116178	
2.078008e+06	1	2246051850	1.530931e-06	3888264012	
2.087915e+06	1	2340740170	3.503294e-06	2870037616	
2.095748e+06	1	2340740170	3.522371e-06	841878026	
2.096527e+06	1	2340740170	3.539901e-06	1598213090	
2.100394e+06	3	2246051850	1.530931e-06	164438789	2766526296	1.400000e-08	2454553876	2.795560e-08	
2.102851e+06	1	2246051850	1.558887e-06	2454553876	
2.105315e+06	0	2799798816	1.282320e-06	2066612683	
2.125634e+06	1	2555962951	4.494819e-07	1086559163	
2.126982e+06	1	2555962951	4.636360e-07	2780384598	
2.142408e+06	1	2246051850	1.572887e-06	2766526296	
2.146463e+06	1	2246051850	1.596997e-06	1249238030	
2.147273e+06	1	2340740170	3.553947e-06	1405660995	
2.148378e+06	0	1759850032	1.430808e-08	2733144751	
2.180627e+06	1	1068020906	9.547069e-04	1239791232	
2.184588e+06	1	3884425642	3.574149e-08	1194638860	
2.193713e+06	1	2340740170	3.567947e-06	66064165	
2.203488e+06	0	2799798816	1.282320e-06	19131048	
2.210711e+06	1	2235064901	6.994171e-07	848448836	
2.227471e+06	1	2799798816	1.296320e-06	1298902656	
2.230912e+06	3	1347872676	1.953486e-08	1089013536	1923515514	1.779916e-08	
2.235333e+06	0	2340740170	3.567947e-06	3528190190	
2.276669e+06	1	2246051850	1.610997e-06	432337108	
2.293379e+06	0	2235064901	6.994171e-07	3528190190	
2.325829e+06	3	3342541004	1.430808e-08	3833074883	3339828518	1.400000e-08	
2.327172e+06	1	2246051850	1.625829e-06	250719570	
2.328704e+06	1	2340740170	3.582409e-06	3190311976	
2.339633e+06	0	110358663	1.419274e-08	722767024	
2.366173e+06	1	2246051850	1.639829e-06	728028737	
2.375193e+06	3	1068020906	9.547069e-04	921818415	105819081	1.400000e-08	533433650	1.438548e-08	
2.389578e+06	3	1503202005	1.430148e-08	1290268226	1601889739	1.400000e-08	
2.398338e+06	0	1759850032	1.430808e-08	3339828518	
2.402108e+06	1	2340740170	3.596409e-06	3339828518	
2.445010e+06	0	1960974751	5.287758e-08	515125813	
2.447651e+06	3	4028593304	1.400000e-08	4198169764	381652938	1.458569e-08	96665495	1.458569e-08	1342185090	1.458569e-08	149784911	1.458569e-08	85224627	1.458569e-08	1965662198	1.458569e-08	
2.448123e+06	0	96665495	1.458569e-08	381652938	
2.448576e+06	0	3342541004	1.430808e-08	224410298	
2.463835e+06	3	4188445920	1.500727e-08	1398579088	110439229	1.400000e-08	
2.474065e+06	0	2235064901	6.994171e-07	3528190190	
2.475495e+06	0	2016090987	1.415404e-08	1831065885	
2.485804e+06	1	2799798816	1.759956e-06	2555962951	
2.502520e+06	1	373638573	1.000000e+00	1771264541	
2.502854e+06	0	3554620561	1.415404e-08	1831065885	
2.524791e+06	0	481049431	1.415404e-08	1601889739	
2.531903e+06	0	110439229	1.400000e-08	1236021306	
2.533183e+06	1	2340740170	3.610994e-06	85224627	
2.557483e+06	1	2856850640	4.206404e-08	3526559023	
2.557926e+06	1	3534547045	6.979665e-07	4028593304	
2.561196e+06	1	2340740170	3.625302e-06	1759850032	
2.577165e+06	1	2799798816	1.781707e-06	1412415798	
2.609035e+06	0	1965662198	1.458569e-08	381652938	
2.609858e+06	1	373638573	1.000000e+00	1237914369	
2.651101e+06	1	2799798816	1.801242e-06	1347872676	
2.684778e+06	0	3302973195	1.420811e-08	2341758500	
2.694450e+06	0	1342185090	1.458569e-08	1831065885	
2.709453e+06	0	2340740170	3.625302e-06	3363025910	
2.732338e+06	0	2235064901	6.994171e-07	1314810707	
2.762600e+06	1	3921011129	1.208585e-06	2950407739	
2.765857e+06	1	2340740170	3.639604e-06	1503202005	
2.789121e+06	1	2340740170	3.653604e-06	764400056	
2.805340e+06	1	2246051850	1.667739e-06	2261252686	
2.809860e+06	0	1517815290	1.400000e-08	1507417240	
2.847657e+06	1	3921011129	1.222585e-06	1517815290	
2.860249e+06	1	2799798816	1.829152e-06	3037779432	
2.875738e+06	0	2340740170	3.653604e-06	1601889739	
2.901265e+06	1	3534547045	7.121592e-07	4083845756	
2.901807e+06	1	1068020906	9.547636e-04	3475245566	
2.904655e+06	0	2235064901	6.994171e-07	1314810707	
2.928422e+06	0	439844059	1.458727e-08	96665495	
2.943339e+06	0	3111692719	1.404560e-08	722767024	
2.946237e+06	0	3108364485	2.791000e-08	826924968	
2.966828e+06	0	2340740170	3.653604e-06	66987975	
2.968030e+06	0	3921011129	1.222585e-06	1601889739	
3.007996e+06	1	3921011129	1.236739e-06	2341758500	
3.039185e+06	1	1068020906	9.547822e-04	3891448235	
3.045316e+06	3	3459912306	1.529421e-08	2707460946	1449522982	1.400000e-08	
3.048814e+06	0	2799798816	1.829152e-06	149784911	
3.049589e+06	1	2340740170	3.667912e-06	3342541004	
3.067252e+06	1	2799798816	1.857062e-06	825415804	
3.074594e+06	3	3554620561	1.430808e-08	695939830	3279439195	1.400000e-08	
3.087955e+06	3	2066612683	2.575471e-08	224410298	360107933	1.400000e-08	
3.097126e+06	1	2340740170	3.693667e-06	2066612683	
3.112596e+06	0	179097684	4.066886e-07	1601889739	
3.138689e+06	3	179097684	4.337230e-07	3424908067	1657444763	1.405269e-08	58759274	1.405269e-08	2135013218	1.405269e-08	470332523	1.405269e-08	3217169414	1.405269e-08	3030801476	1.405269e-08	2208266878	1.405269e-08	3715668764	1.405269e-08	3418547556	1.405269e-08	355298688	1.405269e-08	4193709834	1.405269e-08	
3.138732e+06	0	179097684	4.337230e-07	3030801476	
3.138742e+06	0	179097684	4.337230e-07	2135013218	
3.138791e+06	1	179097684	4.477757e-07	2135013218	
3.138816e+06	1	179097684	4.618284e-07	3217169414	
3.138821e+06	1	179097684	4.758811e-07	2208266878	
3.139002e+06	1	179097684	4.899338e-07	3030801476	
3.139047e+06	1	179097684	5.039865e-07	1657444763	
3.139086e+06	1	179097684	5.180392e-07	4193709834	
3.139227e+06	0	3418547556	1.405269e-08	470332523	
3.139388e+06	1	179097684	5.320919e-07	58759274	
3.139822e+06	1	179097684	5.461445e-07	470332523	
3.141278e+06	0	179097684	5.461445e-07	355298688	
3.142170e+06	0	179097684	5.461445e-07	355298688	
3.142244e+06	1	179097684	5.601972e-07	355298688	
3.161232e+06	1	179097684	5.742499e-07	3715668764	
3.169927e+06	0	2340740170	3.693667e-06	1236021306	
3.233343e+06	1	2235064901	7.134171e-07	3528190190	
3.278894e+06	0	1458432161	2.791000e-08	3177521820	
3.279351e+06	3	1960974751	1.400000e-08	1342185090	584993009	1.782109e-08	1499007652	1.782109e-08	755060644	1.782109e-08	
3.297361e+06	1	1068020906	9.547962e-04	1507417240	
3.327245e+06	1	2340740170	3.707667e-06	826924968	
3.330286e+06	1	2340740170	3.721854e-06	3177521820	
3.333942e+06	1	2340740170	3.739675e-06	755060644	
3.357966e+06	1	2799798816	1.871648e-06	1965662198	
3.442318e+06	0	110439229	1.400000e-08	1236021306	
3.455190e+06	1	373638573	1.000000e+00	515125813	
3.484364e+06	3	2328232000	1.888267e-08	1621314342	3270476896	1.400000e-08	
3.502198e+06	0	2340740170	3.739675e-06	1499007652	
3.516300e+06	1	373638573	1.000000e+00	110358663	
3.538909e+06	1	2340740170	3.767585e-06	2504591099	
3.578553e+06	3	2328232000	1.892827e-08	3111692719	3934203265	1.400000e-08	
3.607040e+06	3	3006103420	1.450725e-08	3302973195	1292024166	1.400000e-08	
3.668567e+06	1	2340740170	3.782172e-06	3802520055	
3.690103e+06	0	2340740170	3.782172e-06	1831065885	
3.771226e+06	1	2204676502	2.857457e-04	2681375347	
3.843663e+06	3	3554620561	1.430808e-08	110439229	1323984060	1.400000e-08	
3.859186e+06	0	3534547045	7.121592e-07	481049431	
3.859540e+06	1	3534547045	7.263133e-07	481049431	
3.861575e+06	0	2246051850	1.667739e-06	1236021306	
3.888343e+06	3	3607413901	2.327338e-08	2733144751	4197927596	1.400000e-08	
3.892760e+06	1	1068020906	9.548241e-04	300193622	
3.910016e+06	0	2246051850	1.667739e-06	1236021306	
3.917684e+06	0	2246051850	1.667739e-06	1236021306	
3.960154e+06	1	2340740170	3.796172e-06	3270476896	
4.042176e+06	1	2340740170	3.810172e-06	3934203265	
4.110111e+06	0	96665495	1.458569e-08	1449522982	
4.114900e+06	1	2340740170	3.825180e-06	4188445920	
4.159148e+06	3	66987975	1.726797e-08	149784911	1414892502	1.400000e-08	
4.172644e+06	1	2340740170	3.839765e-06	381652938	
4.227464e+06	3	3607413901	1.400000e-08	2328232000	4201342597	1.410083e-08	2391696826	1.410083e-08	
4.259788e+06	3	1458432161	1.400000e-08	3006103420	4138371369	1.420862e-08	3590332688	1.420862e-08	
4.278494e+06	0	395113485	2.838548e-08	2747938267	
4.278629e+06	0	811613008	2.533432e-08	1960974751	
4.302172e+06	1	2340740170	3.857033e-06	66987975	
4.354135e+06	1	2246051850	1.681840e-06	4201342597	
4.397671e+06	1	179097684	5.883026e-07	3418547556	
4.408971e+06	1	2799798816	1.885648e-06	1323984060	
4.410084e+06	1	2340740170	3.871033e-06	1292024166	
4.431904e+06	1	2340740170	3.885220e-06	3363025910	
4.448492e+06	0	584993009	1.782109e-08	96665495	
4.470608e+06	1	2340740170	3.899220e-06	1414892502	
4.487130e+06	0	2340740170	3.899220e-06	1458432161	
4.518149e+06	1	1068020906	9.548383e-04	3202152185	
4.539060e+06	1	2235064901	7.274171e-07	1960974751	
4.581655e+06	1	2246051850	1.695840e-06	1236021306	
4.587484e+06	1	2235064901	7.416257e-07	3590332688	
4.602363e+06	1	2340740170	3.913321e-06	2391696826	
4.605564e+06	1	1068020906	9.548525e-04	2016090987	
4.731796e+06	1	2246051850	1.709840e-06	4197927596	
4.750014e+06	1	2799798816	1.899956e-06	3554620561	
4.845057e+06	1	373638573	1.000000e+00	3884425642	
4.870525e+06	0	584993009	1.782109e-08	1923515514	
4.886104e+06	1	2235064901	7.594468e-07	584993009	
4.925389e+06	1	2340740170	3.927321e-06	1458432161	
4.937194e+06	1	2246051850	1.727661e-06	1499007652	
